4608.916660591303	300.0	1000.0	134.34598190275534	0	0.0	4608.916660591303	0	0	1	-1.5774005611183342
4749.698074458427	300.0	2000.0	140.78141386712485	0	0.0	4749.698074458427	1	0	1	-1.7052533262352614
5409.774504765406	2000.0	2273.915926662323	0.0	0	0.0	4683.690431427729	1	0	2	-0.298653891905371
6141.472452486994	2000.0	2469.048184168575	0.0	0	0.0	4610.52063665557	1	0	2	1.8464293346778708
6779.630866056701	2000.0	2767.073929241896	0.0	0	0.0	4546.704795298598	1	0	2	1.88790136302393
7697.4338028672855	2000.0	2757.4906987502536	0.0	0	0.0	4454.924501617539	1	0	2	1.9367743783030194
8586.999266084253	2000.0	2778.968689211591	0.0	0	0.0	4365.967955295843	1	0	2	1.9907042949847007
9255.986540129577	2000.0	3043.082687761734	0.0	0	0.0	4299.069227891311	1	0	2	2.0297187814879796
10229.552473694455	2000.0	2972.160160840368	0.0	0	0.0	4201.712634534822	1	0	2	2.073874669548788
11172.579489891035	2000.0	2934.83044302413	0.0	0	0.0	4107.409932915164	1	0	2	2.121102796316397
12062.842968829738	2000.0	2955.540616191556	0.0	0	0.0	4018.3835850212927	1	0	2	2.1613918534841594
12681.858335425857	2000.0	3274.623712935824	0.0	0	0.0	3956.4820483616786	1	0	2	2.190814527264124
13646.383097111138	2000.0	3213.6464750820132	0.0	0	0.0	3860.029572193149	1	0	2	2.225575866115492
14545.822642533622	2000.0	3224.2629751172817	0.0	0	0.0	3770.0856176509005	1	0	2	2.25852787601043
15297.720438804417	2000.0	3397.1753992194062	0.0	0	0.0	3694.895838023822	1	0	2	2.286801730059913
16792.995256002807	2000.0	2752.37310030118	0.0	0	0.0	3545.368356303985	1	0	2	2.3271209295140274
17784.867202218677	2000.0	2661.3139594637205	0.0	0	0.0	3446.181161682396	1	0	2	2.359527958383546
18975.64193594508	2000.0	2351.4617523646752	0.0	0	0.0	3327.1036883097568	1	0	2	2.3887058998219497
20467.850486882242	2000.0	1710.0323463337932	0.0	0	0.0	3177.8828332160374	1	0	2	2.422132176852841
21673.162737146016	2000.0	1384.1888710436417	0.0	0	0.0	3057.3516081896596	1	0	2	2.4490956620721396
23082.6529217948	2000.0	833.7496679299798	0.0	0	0.0	2916.402589724781	1	0	2	2.475236541924198
24250.01215174323	2000.0	549.6545149867077	0.0	0	0.0	2799.6666667299432	1	0	2	2.494479587122709
25548.74473633475	2000.0	223.3590400598844	93.00942556713352	0	0.0	2772.103776394637	1	0	2	1.9397334138382387
26179.75898309171	2000.0	646.1349254000502	106.2650516116577	0	0.0	2825.8939084917583	1	0	2	1.854851485622322
27088.253005920298	2000.0	646.7915002886032	0.0	0	0.0	2735.044506208902	1	0	2	2.505217395370655
27956.95841795238	2000.0	691.2155470533085	0.0	0	0.0	2648.173965005688	1	0	2	2.5174401491373857
28824.4390017822	2000.0	736.9869048405089	0.0	0	0.0	2561.4259066227096	1	0	2	2.528932231927466
29552.269599925694	2000.0	936.3732468826653	0.0	0	0.0	2488.6428468083577	1	0	2	2.537307193719838
30514.30910439707	2000.0	878.1297919641559	0.0	0	0.0	2392.4388963612255	1	0	2	2.547454423779876
31670.894674118415	2000.0	605.8856652706778	0.0	0	0.0	2276.7803393890863	1	0	2	2.5583935114130405
32940.32666657766	2000.0	369.52013562642355	145.46332914629102	0	0.0	2309.846802204076	1	0	2	1.6826662355744837
33805.70493569897	2000.0	499.94609760564276	74.8564163751397	0	0.0	2305.6510333046026	1	0	2	2.107195517752705
35027.26284259817	2000.0	236.06793422118258	72.57775836787351	0	0.0	2263.330776819348	1	0	2	2.123663980370159
35952.87120536741	2000.0	423.9571826386333	187.32586133054977	0	0.0	2376.8283880060408	1	0	2	1.4248762728771025
37304.440880118964	2000.0	247.04857722025875	281.65276073485364	0	0.0	2551.4894573392157	1	0	2	0.8381754096057822
39073.081445058655	2000.0	200.0	816.7782220121853	0	0.0	3273.081445058655	1	0	2	-2.4612536515290846
39593.839264388414	500.0	750.8966334102556	112.48203152090448	0	0.0	3344.735897798666	1	0	2	-1.7503343456004594
40137.93592926876	1000.0	1152.3903020418754	0.0	0	0.0	3290.3262313106316	1	0	2	0.669972336661812
41248.20363805071	2000.0	931.0958223817224	0.0	0	0.0	3179.299460432434	1	0	2	1.7317846132470078
42082.78048007186	2000.0	1013.0612961584636	0.0	0	0.0	3095.8417762303216	1	0	2	2.443369345890757
43187.49369306356	2000.0	797.8767618675985	0.0	0	0.0	2985.370454931166	1	0	2	2.4629732861614406
44406.10450182529	2000.0	457.40487222969466	0.0	0	0.0	2863.509374054993	1	0	2	2.483660662518012
45716.36253427651	2000.0	322.3740821035525	278.4118596092719	0	0.0	3038.736616380069	1	0	2	0.7852773694283584
46620.282580694286	2000.0	514.7088531614475	169.67892919767922	0	0.0	3134.991433855743	1	0	2	1.417393975247376
47430.98081388132	2000.0	622.9407966557126	0.0	0	0.0	3053.9216105370433	1	0	2	2.4518888764956515
47886.419579882524	2000.0	1121.9581540543782	0.0	0	0.0	3008.3777339369044	1	0	2	2.462180232272023
48579.3754449794	2000.0	1359.706702447812	0.0	0	0.0	2939.0821474272016	1	0	2	2.473348029593992
49131.31239994308	2000.0	1752.57605198776	0.0	0	0.0	2883.8884519308413	1	0	2	2.483442622901926
50122.519992675625	2000.0	1662.2476999819592	0.0	0	0.0	2784.767692657573	1	0	2	2.4968299156500624
51228.430728630345	2000.0	1445.7458904317682	0.0	0	0.0	2674.176619062091	1	0	2	2.5124028193841488
52247.95306185671	2000.0	1324.2713238827741	0.0	0	0.0	2572.224385739464	1	0	2	2.526802237716894
52985.171618592925	2000.0	1513.3309114729354	0.0	0	0.0	2498.502530065831	1	0	2	2.536398444773073
54088.943731867716	2000.0	1299.1815868706612	0.0	0	0.0	2388.125318738341	1	0	2	2.5475386534102444
55213.703373614924	2000.0	1061.9459809487291	0.0	0	0.0	2275.6493545636185	1	0	2	2.5584090637813928
55914.62920143538	2000.0	1290.9275703462213	0.0	0	0.0	2205.556771781572	1	0	2	2.5661553492568423
56849.11960698053	2000.0	1262.988124246559	0.0	0	0.0	2112.1077312270572	1	0	2	2.573331339777914
57752.4305439067	2000.0	1269.346093627759	0.0	0	0.0	2021.7766375344218	1	0	2	2.5803331026916805
58397.40851980377	2000.0	1559.8703201409892	0.0	0	0.0	1957.2788399447236	1	0	2	2.5854418921261795
59200.0	2000.0	1677.0196919251368	0.0	0	245.9223064466787	1877.019691925103	1	0	2	2.5898637829572966
60413.620656760555	3000.0	1463.3990351645784	0.0	0	0.0	1877.019691925103	1	0	1	2.7945508734338396
61728.15171760894	3000.0	1148.867974316201	0.0	0	0.0	1877.019691925103	1	0	1	3.4000159815420044
62844.60062726606	2000.0	920.7741736933667	0.0	0	0.0	1765.3748009593837	1	0	2	1.9915627364622235
63889.53392101112	2000.0	771.347550573808	0.0	0	0.0	1660.8814715848857	1	0	2	2.6027945435589923
64653.87416625453	2000.0	930.5732808060629	0.0	0	0.0	1584.447447060542	1	0	2	2.607000467043069
65619.98114659051	2000.0	867.8556024364965	0.0	0	0.0	1487.8367490269593	1	0	2	2.611076639834158
66767.90642854193	3000.0	719.9303204850911	0.0	0	0.0	1487.8367490269738	1	0	1	2.8148807958051014
68040.70470804122	3000.0	447.13204098581963	0.0	0	0.0	1487.8367490269738	1	0	1	3.420345903913266
69003.7341708277	3000.0	484.10257819933236	0.0	0	0.0	1487.8367490269738	1	0	1	3.420345903913266
69980.28125756304	2000.0	547.4096622002303	125.00807219071662	0	0.0	1527.690919763263	1	0	2	1.2539634585752355
71233.83739582167	3000.0	316.74262181290635	22.889097871301033	0	0.0	1550.5800176345656	1	0	1	2.6747669461928054
72211.07604731686	3000.0	501.5128294887187	162.0088591709972	0	0.0	1712.5888768055738	1	0	1	2.437498134485276
73843.81951013031	3000.0	217.25466591616032	348.48529924088746	0	0.0	2061.074176046459	1	0	1	1.2977576401564637
74634.9202109937	2000.0	548.4069930398896	183.05736188497386	0	0.0	2183.3272040335723	1	0	2	0.8639983865946558
75552.68616251518	3000.0	630.6410415184212	0.0	0	0.0	2183.3272040335723	1	0	1	2.772193976214245
76424.07389723232	3000.0	759.253306801276	0.0	0	0.0	2183.3272040335723	1	0	1	3.37765908432241
77696.77052167128	3000.0	486.5566823623043	0.0	0	0.0	2183.327204033558	1	0	1	3.377659084322411
78620.38582806275	2000.0	547.632006482041	70.04741922759729	0	0.0	2168.017834544764	1	0	2	1.5434104072937567
79525.16660585768	2000.0	552.3731509076058	0.0	0	0.0	2077.539756765269	1	0	2	2.576064807996033
80332.98846081216	2000.0	663.7691104576734	0.0	0	0.0	1996.7575712698017	1	0	2	2.582311251066752
81420.63957244765	3000.0	576.1179988221927	0.0	0	0.0	1996.7575712698017	1	0	1	2.7865869067555247
82666.29356275724	3000.0	330.46400851259057	0.0	0	0.0	1996.7575712698017	1	0	1	3.3920520148636895
83610.8363508938	2000.0	472.83013822226934	164.87563332717616	0	0.0	2083.6664891160326	1	0	2	0.9808702287710515
84813.50450302394	2000.0	261.3069345033259	101.28342147656485	0	0.0	2074.811437527227	1	0	2	1.9677233015825242
85956.08543193844	2000.0	323.14042504927977	289.7022839562658	0	0.0	2279.2258569876867	1	0	2	0.819768931499756
86718.10486540064	1000.0	526.7728357672481	38.04889775127134	0	0.0	2244.877701167876	1	0	2	0.6009018256107879
87539.08130954822	1000.0	705.7963916196823	0.0	0	0.0	2244.877701167876	1	0	1	1.5243990676526908
89072.71188858102	2000.0	200.0	164.72476846944392	0	0.0	2272.711888581005	1	0	2	0.6870429677284813
89804.00658570991	1000.0	612.0081109444666	196.75661616931666	0	0.0	2416.0146966543543	1	0	2	-0.36776784801358287
91094.51619222593	2000.0	406.05955503161647	194.1927375043495	0	0.0	2500.5757472575497	1	0	2	0.6768025664932282
91728.99069278142	2000.0	708.137604420599	0.0	0	0.0	2437.128297201998	1	0	2	2.543781598495833
92401.45448724383	2000.0	968.4274305119372	0.0	0	0.0	2369.8819177557452	1	0	2	2.550439068661664
93484.72852541353	3000.0	885.1533923422298	0.0	0	0.0	2369.8819177557452	1	0	1	2.754989954924916
94572.56540825687	2000.0	688.5328212145623	0.0	0	0.0	2261.098229471405	1	0	2	1.9543718784224824
95642.6105778766	2000.0	511.4831346328455	0.0	0	0.0	2154.093712509435	1	0	2	2.569767224063753
96190.15453822674	2000.0	909.1847782477049	0.0	0	0.0	2099.3393164744193	1	0	2	2.5752740622946213
97074.71679669616	3000.0	1024.6225197782774	0.0	0	0.0	2099.339316474434	1	0	1	2.778993177145754
97965.19703374647	3000.0	1134.1422827279698	0.0	0	0.0	2099.339316474434	1	0	1	3.3844582852539187
99192.79355667111	3000.0	906.5457598033305	0.0	0	0.0	2099.339316474434	1	0	1	3.3844582852539187
100336.72000056277	2000.0	648.2266715224973	0.0	0	0.0	1984.9466720852506	1	0	2	1.977310079291417
101454.89008045028	2000.0	418.239583646235	0.0	0	0.0	1873.129664096501	1	0	2	2.5900826081901176
102138.7162949434	2000.0	666.0307477037943	0.0	0	0.0	1804.7470426471991	1	0	2	2.595224796150833
103190.73611306751	3000.0	614.010929579677	0.0	0	0.0	1804.7470426471846	1	0	1	2.7989298724129448
104255.9407714171	3000.0	548.8062712300837	0.0	0	0.0	1804.7470426471846	1	0	1	3.4043949805211096
106315.97273585844	3000.0	200.0	711.2256932112605	0	0.0	2515.972735858435	1	0	1	-0.8941828977223011
106800.86990264023	1000.0	768.2202184228631	92.37009262076648	0	0.0	2569.0901210631127	1	0	2	-0.36365329605095975
107958.10538701182	2000.0	495.2611856141267	0.0	0	0.0	2453.3665726259496	1	0	2	1.8466641067916938
109382.48377037358	2000.0	200.0	246.86821462164622	0	0.0	2582.483770373583	1	0	2	1.0451600011610853
110793.38621713425	2000.0	200.0	501.81153766976195	0	0.0	2993.386217134248	1	0	2	-0.5351521962169883
111565.28676936688	1000.0	585.5110659791455	213.27424857729574	0	0.0	3150.797835346035	1	0	2	-0.5794644568553045
112487.01532969004	2000.0	571.609649623689	0.0	0	0.0	3058.624979313725	1	0	2	1.757221955929674
113320.83178977582	2000.0	654.4115435293058	0.0	0	0.0	2975.2433333051304	1	0	2	2.466358022405922
114036.17175881792	2000.0	867.5375775830133	0.0	0	0.0	2903.7093364009197	1	0	2	2.479270355835196
115331.33521026293	2000.0	442.85778099351796	0.0	0	0.0	2774.192991256452	1	0	2	2.4978315502320143
116475.37759821131	2000.0	285.7979603050989	92.16982368619733	0	0.0	2761.1755585164065	1	0	2	1.9468135775260957
116826.96642691329	1000.0	899.0502487329434	0.0	0	0.0	2726.016675646242	1	0	2	0.7756509876627713
117523.92014322967	2000.0	1132.4011607849154	0.0	0	0.0	2656.3213040146074	1	0	2	1.8237424187684232
118257.70665863935	2000.0	1325.2359938342706	0.0	0	0.0	2582.9426524736336	1	0	2	2.526315669276248
119317.83141869746	2000.0	1159.0987577703504	0.0	0	0.0	2476.930176467824	1	0	2	2.5371648581510398
120356.10445221231	2000.0	1016.9984209040215	0.0	0	0.0	2373.1028731163533	1	0	2	2.549287023152785
121467.95113593752	2000.0	793.9670688062961	0.0	0	0.0	2261.918204743837	1	0	2	2.5599609301515382
122192.96742163891	2000.0	996.4491545347552	0.0	0	0.0	2189.416576173695	1	0	2	2.567442681482075
123019.36545634171	2000.0	1087.4113163616626	0.0	0	0.0	2106.7767727034225	1	0	2	2.57388666950655
123829.54917073922	2000.0	1196.2092305244055	0.0	0	0.0	2025.7584012636798	1	0	2	2.580051525534635
124634.62420268127	2000.0	1310.62669538815	0.0	0	0.0	1945.2508980694693	1	0	2	2.5861828739353863
125366.46031639873	2000.0	1505.6069702989214	0.0	0	0.0	1872.067286697711	1	0	2	2.590967913655074
126200.0	2000.0	1588.7133183375242	0.0	0	101.22624675431871	1788.71331833757	1	0	2	2.5955188965784695
127243.90573755805	3000.0	1544.8075807794812	0.0	0	0.0	1788.71331833757	1	0	1	2.7998604559281537
128386.92350656872	3000.0	1401.7898117687978	0.0	0	0.0	1788.71331833757	1	0	1	3.4053255640363185
130192.34970099825	3000.0	596.3636173392532	0.0	0	0.0	1788.71331833757	1	0	1	3.4053255640363185
131032.33862436465	2000.0	672.3758016362146	0.0	0	0.0	1704.7144260009372	1	0	2	1.9951231674700463
132022.10688874836	2000.0	583.6307108141742	0.0	0	0.0	1605.7375995625916	1	0	2	2.6056906736610244
132740.76937170347	2000.0	793.1019795636065	0.0	0	0.0	1533.871351267153	1	0	2	2.6094414028562496
133543.34920492733	3000.0	990.5221463397254	0.0	0	0.0	1533.871351267153	1	0	1	2.8128583876713638
134352.19301480195	3000.0	1181.678336465092	0.0	0	0.0	1533.871351267153	1	0	1	3.4183234957795285
135373.26589020595	3000.0	1160.6054610610904	0.0	0	0.0	1533.871351267153	1	0	1	3.4183234957795285
136522.17346888472	3000.0	1011.697882382336	0.0	0	0.0	1533.871351267153	1	0	1	3.4183234957795285
137243.5528969415	3000.0	1290.3184543256025	0.0	0	0.0	1533.871351267182	1	0	1	3.4183234957795268
138837.49340194193	3000.0	696.37794932515	0.0	0	0.0	1533.871351267182	1	0	1	3.4183234957795268
139618.58276436687	3000.0	915.2885869001935	0.0	0	0.0	1533.871351267182	1	0	1	3.4183234957795268
140362.18882287116	3000.0	1171.6825283958992	0.0	0	0.0	1533.871351267182	1	0	1	3.4183234957795268
141221.68533217293	3000.0	1312.1860190941718	0.0	0	0.0	1533.871351267153	1	0	1	3.4183234957795285
142200.0	3000.0	1333.871351267077	0.0	0	163.33433249942027	1533.871351267153	1	0	1	3.4183234957795285
143200.0	3000.0	1333.8713512670997	0.0	0	127.31208394304849	1533.871351267153	1	0	1	3.4183234957795285
144200.0	3000.0	1333.8713512671313	0.0	0	128.9853686952265	1533.871351267153	1	0	1	3.4183234957795285
145553.67856034866	3000.0	980.1927909184658	0.0	0	0.0	1533.871351267153	1	0	1	3.4183234957795285
146663.8015542585	3000.0	870.0697970086152	0.0	0	0.0	1533.871351267153	1	0	1	3.4183234957795285
147581.91280088978	3000.0	951.9585503773377	0.0	0	0.0	1533.871351267153	1	0	1	3.4183234957795285
148979.93397509534	3000.0	553.9373761717919	0.0	0	0.0	1533.871351267153	1	0	1	3.4183234957795285
149801.0631399761	2000.0	650.695294802967	0.0	0	0.0	1451.758434779069	1	0	2	2.007338208671932
151633.8324419269	3000.0	243.09941733824127	425.1734244861036	0	0.0	1876.9318592651398	1	0	1	0.24705682677998175
152264.89732967218	2000.0	638.2623400020868	81.21299925787187	0	0.0	1903.1596696742927	1	0	2	1.4963413698518067
153422.27855764067	3000.0	480.8811120335915	0.0	0	0.0	1903.1596696742636	1	0	1	2.792890033402137
154611.2921898457	3000.0	354.55861997806346	62.69114014949844	0	0.0	1965.8508098237508	1	0	1	3.0180498225915806
155809.62348411002	3000.0	388.1887210746921	231.9613953609633	0	0.0	2197.8122051847167	1	0	1	1.9846617773672097
156431.20007023434	2000.0	704.4544763379655	0.0	0	0.0	2135.654546572303	1	0	2	1.9665561342531306
157283.81896254513	2000.0	766.5736947961097	0.0	0	0.0	2050.392657341261	1	0	2	2.578469369607718
158052.80798005188	2000.0	920.6857755387051	0.0	0	0.0	1973.4937555906072	1	0	2	2.584197798770655
158754.9197749667	2000.0	1148.3628011323997	0.0	0	0.0	1903.2825760991545	1	0	2	2.5889039705622086
159728.59460216816	2000.0	1077.320491210733	0.0	0	0.0	1805.9150933789788	1	0	2	2.5945413200918086
160583.60896677215	2000.0	1136.804690146329	0.0	0	0.0	1720.4136569185648	1	0	2	2.5997273544932913
161450.6542776914	2000.0	1183.054848135101	0.0	0	0.0	1633.70912582663	1	0	2	2.6043767980427015
162200.0	2000.0	1358.7745535956756	0.0	0	65.01216669290443	1558.7745535958093	1	0	2	2.6078842937209705
163298.9083859421	3000.0	1259.8661676535676	0.0	0	0.0	1558.7745535958384	1	0	1	2.811725804817457
165317.71986622064	3000.0	241.0546873750501	0.0	0	0.0	1558.7745535958384	1	0	1	3.417190912925622
166897.94100430017	2000.0	200.0	633.8077859203868	0	0.0	2097.9410043003154	1	0	2	-1.8319302442834267
168245.99514039524	2000.0	202.8431098787791	441.54787234851096	0	0.0	2448.8382502740133	1	0	2	-0.10860482551476147
169010.74115991656	1000.0	577.0133183440282	195.80984539880927	0	0.0	2587.7544782605837	1	0	2	-0.38220010953383315
169831.93509205713	1000.0	673.6999929893993	0.0	0	0.0	2505.635085046524	1	0	2	1.4959735989451455
170692.60655876834	2000.0	726.9613796070774	0.0	0	0.0	2419.5679383754323	1	0	2	1.8515446880947943
172052.48155041874	2000.0	323.09336143293854	83.63133876480458	0	0.0	2375.574911851698	1	0	2	2.046754937887849
173146.24675051647	2000.0	405.8130979028049	259.87405143397837	0	0.0	2552.059848419274	1	0	2	0.9697360433662573
174438.15636294038	2000.0	307.17202810163735	293.14500351372317	0	0.0	2745.328391042014	1	0	2	0.7434324533882078
175079.48925597535	2000.0	661.9262714279196	54.74584151345056	0	0.0	2741.4155274032673	1	0	2	2.176805173488557
176046.42463333547	2000.0	598.2973563318242	0.0	0	0.0	2644.721989667276	1	0	2	2.517224091445183
176937.42132460425	2000.0	618.2009959361878	0.0	0	0.0	2555.622320540424	1	0	2	2.529159422116029
177833.3065339728	2000.0	632.7272656308041	0.0	0	0.0	2466.0337996035523	1	0	2	2.540035967080322
178351.1211836379	2000.0	1063.1311509991685	0.0	0	0.0	2414.2523346370144	1	0	2	2.5463647569572596
179203.02249054957	2000.0	1126.0397133963133	0.0	0	0.0	2329.062203945825	1	0	2	2.553884661131335
180005.677610286	2000.0	1243.1190816862713	0.0	0	0.0	2248.7966919722094	1	0	2	2.5619307106007367
181485.4489127388	2000.0	615.3706489881622	0.0	0	0.0	2100.8195617269084	1	0	2	2.5728428146828675
182138.51461761593	2000.0	896.9983736232776	0.0	0	0.0	2035.5129912391421	1	0	2	2.5798413698225495
182936.535856773	2000.0	1019.1750105505025	0.0	0	0.0	1955.710867323447	1	0	2	2.5852984841871844
183865.07598275418	2000.0	997.7808719711727	0.0	0	0.0	1862.8568547252798	1	0	2	2.5911070991963783
185383.19810790193	2000.0	327.8465343086155	0.0	0	0.0	1711.0446422104433	1	0	2	2.599387430534471
186742.41547348932	2000.0	200.0	333.9023343977715	0	0.0	1942.4154734892072	1	0	2	0.5817792068049104
187280.16914323924	1000.0	709.8613144369763	92.17304651078737	0	0.0	1990.0304576760973	1	0	2	0.29749042948828786
189448.7191873233	2000.0	200.0	795.9488491413371	0	0.0	2648.719187323295	1	0	2	-2.938399348321816
189888.22869342763	1000.0	777.477081219974	55.39776175885291	0	0.0	2665.7057746476203	1	0	2	0.45131414895500344
190920.95350194903	2000.0	641.479791846437	0.0	0	0.0	2562.433293795475	1	0	2	1.8345546195070097
191718.491277825	2000.0	764.1882383828436	0.0	0	0.0	2482.6795162078633	1	0	2	2.537864324129786
192840.41829226716	2000.0	530.06852249646	0.0	0	0.0	2370.4868147636007	1	0	2	2.5495634271647645
193673.2299151633	2000.0	613.9757373107074	0.0	0	0.0	2287.205652473989	1	0	2	2.5580037089362433
194688.8377448796	2000.0	529.6329875407902	29.84169356179632	0	0.0	2218.470732420421	1	0	2	2.385692959524108
195569.66890725848	2000.0	560.7187089240158	0.0	0	0.0	2130.387616182561	1	0	2	2.57195914534278
196266.2390867994	2000.0	794.4915114289829	0.0	0	0.0	2060.7305982284306	1	0	2	2.5778564481569366
197044.67467404448	2000.0	938.2123654594172	0.0	0	0.0	1982.8870395039557	1	0	2	2.5834664784670283
197819.09670310572	3000.0	1163.790336398156	0.0	0	0.0	1982.8870395039557	1	0	1	2.787557308475688
198838.10403347723	3000.0	1144.7830060266465	0.0	0	0.0	1982.8870395039266	1	0	1	3.3930224165838543
200888.1946908744	3000.0	200.0	105.30765137053132	0	0.0	2088.1946908744285	1	0	1	2.7587558914271457
201638.66128158785	2000.0	560.642147122066	169.23217900624047	0	0.0	2199.3034287099144	1	0	2	0.9455025770076915
202368.79542566178	2000.0	757.4945886407473	0.0	0	0.0	2126.2900143025327	1	0	2	2.5725662250844112
203146.07100893775	2000.0	902.4914470371725	0.0	0	0.0	2048.5624559749267	1	0	2	2.5785758018315232
204113.7581148555	2000.0	838.0356305276696	0.0	0	0.0	1951.7937453831837	1	0	2	2.5853243389963243
204920.27520038807	2000.0	950.8668364418274	0.0	0	0.0	1871.1420368299005	1	0	2	2.590930506244219
205548.2365015304	2000.0	1260.1094051852708	0.0	0	0.0	1808.3459067156655	1	0	2	2.595090953268973
206275.72573968655	2000.0	1459.8712432134944	0.0	0	0.0	1735.5969829000242	1	0	2	2.599139032214177
207200.0	2000.0	1443.1695568686928	0.0	0	176.02881986819557	1643.16955686867	1	0	2	2.6032713467552817
208200.0	3000.0	1443.1695568686641	0.0	0	171.2594633376284	1643.169556868641	1	0	1	2.807676192104461
209250.1085360129	3000.0	1393.0610208557566	0.0	0	0.0	1643.169556868641	1	0	1	3.413141300212626
211228.7002250086	3000.0	414.46933186006635	0.0	0	0.0	1643.169556868641	1	0	1	3.413141300212626
212752.13426700182	2000.0	262.93348766275125	476.58327454110656	0	0.0	2015.0677546645747	1	0	2	-0.884576368164711
213761.9739878623	2000.0	491.4666819786662	308.5062611477068	0	0.0	2253.4406698409875	1	0	2	0.7103033257660281
214605.0674626437	2000.0	564.0638597191047	0.0	0	0.0	2169.1313223627803	1	0	2	2.568785341231865
215368.06665480882	2000.0	724.7647483374501	0.0	0	0.0	2092.831403146265	1	0	2	2.5751793742513294
216644.02388728698	3000.0	448.8075158592985	0.0	0	0.0	2092.831403146265	1	0	1	2.7794975072054977
217305.23663510653	3000.0	787.5947680397752	0.0	0	0.0	2092.831403146265	1	0	1	3.3849626153136625
218785.42633248155	3000.0	307.405070664778	0.0	0	0.0	2092.831403146265	1	0	1	3.3849626153136625
219479.98826234468	2000.0	610.6363985494745	61.13586430376361	0	0.0	2090.624660894129	1	0	2	1.6032830814229917
220541.8518172792	2000.0	442.58648812147277	0.0	0	0.0	1984.4383054006612	1	0	2	2.5828689939746727
221255.86021923926	2000.0	657.1772459654117	0.0	0	0.0	1913.0374652046303	1	0	2	2.5883645631740486
222395.42445474997	2000.0	403.65658690364336	0.0	0	0.0	1799.0810416535824	1	0	2	2.59476055926801
223032.65691945612	2000.0	702.700875726858	0.0	0	0.0	1735.3577951829939	1	0	2	2.5992588588588625
223879.17047463488	3000.0	856.1873205480874	0.0	0	0.0	1735.3577951829648	1	0	1	2.8028548700360116
224884.24178533105	3000.0	851.1160098519055	0.0	0	0.0	1735.3577951829648	1	0	1	3.4083199781441764
225438.02741989176	3000.0	1297.3303752911834	0.0	0	0.0	1735.3577951829648	1	0	1	3.4083199781441764
226707.2112217153	3000.0	1028.1465734676751	0.0	0	0.0	1735.3577951829939	1	0	1	3.4083199781441746
228217.6854648854	3000.0	517.6723302975638	0.0	0	0.0	1735.3577951829939	1	0	1	3.4083199781441746
229538.9691899558	3000.0	346.5978530437569	150.20924781658408	0	0.0	1885.5670429995807	1	0	1	2.498222042920343
230462.4119690654	3000.0	535.8619597431729	112.7068858090098	0	0.0	1998.2739288086013	1	0	1	2.7157038243629024
231512.55569301153	3000.0	485.71823579704284	0.0	0	0.0	1998.2739288086304	1	0	1	3.3919451392169595
233453.11788295655	3000.0	200.0	654.843954147985	0	0.0	2653.117882956605	1	0	1	-0.5876419436156339
234853.86562696117	2000.0	200.0	491.6568349137332	0	0.0	3053.8656269611965	1	0	2	-1.0951204003537338
235878.79181474017	1000.0	393.04155562497533	291.32760198351593	0	0.0	3271.833370365144	1	0	2	-1.077349364581716
236443.8106219156	500.0	771.5208677320425	0.0	0	0.0	3215.3314896476513	1	0	2	-0.35286194632714507
236858.91693849795	1000.0	1314.9039194914264	0.0	0	0.0	3173.820857989398	1	0	2	0.6967264018650143
237734.36791363597	2000.0	1351.90784683961	0.0	0	0.0	3086.2757604756043	1	0	2	1.751047220286154
238568.957612735	1000.0	1433.8591778306711	0.0	0	0.0	3002.8167905656737	1	0	2	0.728646493045237
239546.7430120322	2000.0	1358.295238603752	0.0	0	0.0	2905.0382506360183	1	0	2	1.7854401018965682
240503.32870200608	2000.0	1306.0509796324604	0.0	0	0.0	2809.3796816385875	1	0	2	2.4937036404424067
241219.7302290949	2000.0	1518.009299834755	0.0	0	0.0	2737.7395289296983	1	0	2	2.5055285749135594
241829.79055829553	2000.0	1846.9429377140607	0.0	0	0.0	2676.733496009663	1	0	2	2.514050731296174
242632.48040722575	2000.0	1963.9841038908467	0.0	0	0.0	2596.4645111166465	1	0	2	2.523918433471052
243733.64674620383	2000.0	1752.701131014984	0.0	0	0.0	2486.3478772188537	1	0	2	2.5365181125222227
244791.17676939335	2000.0	1589.4181055064907	0.0	0	0.0	2380.5948748998926	1	0	2	2.5488141509681475
245538.24521520233	2000.0	1767.6428151165658	0.0	0	0.0	2305.88803031898	1	0	2	2.5568192661765594
246200.0	2000.0	2039.7125518391206	0.0	0	277.85627116874093	2239.712551839213	1	0	2	2.5619812911667754
247200.0	2000.0	1939.7125518391476	0.0	0	347.43220706260763	2139.712551839242	1	0	2	2.569806130636745
249284.1875250035	3000.0	855.5250268356301	0.0	0	0.0	2139.712551839213	1	0	1	2.775793066409282
250061.87589469255	2000.0	1000.0678201776716	0.0	0	0.0	2061.9437148702855	1	0	2	1.972261019535783
250967.87437590508	2000.0	1003.4694908439008	0.0	0	0.0	1971.3438667490555	1	0	2	2.5841450556570726
251806.1943932846	2000.0	1081.3174717264492	0.0	0	0.0	1887.5118650111544	1	0	2	2.589940738462664
253259.50727166265	3000.0	628.004593348409	0.0	0	0.0	1887.5118650111544	1	0	1	2.7938892817027066
255028.14714085596	3000.0	200.0	340.63527584492135	0	0.0	2228.1471408560756	1	0	1	1.34377176773446
255667.39896589838	1000.0	726.3084377230741	208.62313206341736	0	0.0	2393.707403621578	1	0	2	-1.0414546237624407
256607.9576915277	2000.0	691.6938395308143	0.0	0	0.0	2299.6515310586256	1	0	2	1.8633940686952304
257913.08710821523	2000.0	256.05148117454866	0.0	0	0.0	2169.138589389855	1	0	2	2.567587676619417
258854.47136194553	2000.0	528.9382665403369	280.3722404264752	0	0.0	2383.4096284859697	1	0	2	0.8664327848203691
259909.1157622812	2000.0	368.8294261710979	0.0	0	0.0	2277.9451884523733	1	0	2	2.557859584778999
260837.77936035255	2000.0	620.2406451341647	248.12834258324767	0	0.0	2458.020005486702	1	0	2	1.0523162333016356
261873.78163275757	2000.0	523.7735467023006	39.21400110331069	0	0.0	2397.5551794598578	1	0	2	2.311920517424455
262459.04713099543	2000.0	879.981498640713	0.0	0	0.0	2339.028629636159	1	0	2	2.553810292056869
263756.14578261	2000.0	453.1729818646719	0.0	0	0.0	2209.3187644746504	1	0	2	2.56464816406223
264841.4382790227	2000.0	354.4668171075567	86.46871026991516	0	0.0	2195.905096130271	1	0	2	2.046837251789095
265883.3870325873	2000.0	553.101277593201	313.4346267333393	0	0.0	2436.4883101805463	1	0	2	0.662541356760376
266554.07026868884	2000.0	815.3497178814505	0.0	0	0.0	2369.419986570312	1	0	2	2.5506847172507756
267305.4060712308	2000.0	988.8803350852102	0.0	0	0.0	2294.286406316096	1	0	2	2.557640346002339
268184.67593735	2000.0	1021.6834823541175	0.0	0	0.0	2206.3594197042403	1	0	2	2.5651489161166126
269105.66983897524	2000.0	1008.5901905663696	0.0	0	0.0	2114.260029541736	1	0	2	2.5733625186311375
269829.68601747614	2000.0	1212.1723942153662	0.0	0	0.0	2041.858411691559	1	0	2	2.579423638778506
270467.8270799676	2000.0	1510.2172254747466	0.0	0	0.0	1978.0443054423667	1	0	2	2.584065706736363
271200.0	2000.0	1704.827013439153	0.0	0	74.6267299404717	1904.8270134392078	1	0	2	2.588620569643203
272370.071727436	3000.0	1534.7552860031449	0.0	0	0.0	1904.8270134392078	1	0	1	2.7927826644844616
273558.210141715	3000.0	1346.6168717241248	0.0	0	0.0	1904.827013439266	1	0	1	3.3982477725926223
274702.3545859256	3000.0	1202.4724275135081	0.0	0	0.0	1904.8270134393242	1	0	1	3.3982477725926192
276103.3356504717	3000.0	801.4913629674195	0.0	0	0.0	1904.8270134393242	1	0	1	3.3982477725926192
277014.24794384046	3000.0	890.5790695986327	0.0	0	0.0	1904.8270134393242	1	0	1	3.3982477725926192
278428.1033170657	3000.0	476.7236963733712	0.0	0	0.0	1904.827013439266	1	0	1	3.3982477725926223
279518.193776223	2000.0	350.3581201487129	66.12175349853561	0	0.0	1868.5518963718787	1	0	2	1.5883008297620833
280751.6791472132	2000.0	351.1204538637709	325.0874925492895	0	0.0	2102.799601077102	1	0	2	0.6232631153716921
281596.6428623019	2000.0	557.8814076177832	123.83730941054353	0	0.0	2154.5242699199007	1	0	2	1.827248686039371
282055.2715822592	2000.0	1053.3898156647665	0.0	0	0.0	2108.661397924181	1	0	2	2.5746290809089105
282677.0204746467	3000.0	1431.640923277287	0.0	0	0.0	2108.6613979242393	1	0	1	2.77826525030723
283370.62673066056	3000.0	1738.034667263422	0.0	0	0.0	2108.6613979242975	1	0	1	3.3837303584153884
284619.01198438153	3000.0	1489.6494135424916	0.0	0	0.0	2108.6613979243557	1	0	1	3.383730358415384
285831.67762344773	3000.0	1276.9837744762133	0.0	0	0.0	2108.6613979243557	1	0	1	3.383730358415384
287201.7020541617	3000.0	906.9593437622186	0.0	0	0.0	2108.6613979243557	1	0	1	3.383730358415384
287997.66264745576	2000.0	1031.4026911388319	0.0	0	0.0	2029.0653385950136	1	0	2	1.9747036729533236
288726.94341452466	3000.0	1302.1219240698465	0.0	0	0.0	2029.0653385949554	1	0	1	2.7842756647446434
289414.04877930734	3000.0	1615.0165592872504	0.0	0	0.0	2029.0653385949554	1	0	1	3.389740772852809
290273.3524540183	3000.0	1755.7128845762536	0.0	0	0.0	2029.0653385948972	1	0	1	3.3897407728528135
291329.0188590623	3000.0	1700.0464795322787	0.0	0	0.0	2029.0653385948972	1	0	1	3.3897407728528135
292200.0	3000.0	1829.065338594586	0.0	0	9.802605708362535	2029.0653385948972	1	0	1	3.3897407728528135
293200.0	3000.0	1829.0653385945825	0.0	0	56.3684254574473	2029.0653385949554	1	0	1	3.389740772852809
294200.0	3000.0	1829.0653385946043	0.0	0	176.28296786238207	2029.0653385949554	1	0	1	3.389740772852809
295490.3805163197	3000.0	1538.6848222748747	0.0	0	0.0	2029.0653385948972	1	0	1	3.3897407728528135
297057.98674180114	3000.0	971.0785967934162	0.0	0	0.0	2029.0653385948972	1	0	1	3.3897407728528135
298027.02528515493	3000.0	1002.0400534396108	0.0	0	0.0	2029.0653385948972	1	0	1	3.3897407728528135
298797.3453833118	2000.0	1154.6879454670282	0.0	0	0.0	1952.0333287792164	1	0	2	1.9800696314247948
300111.33374096657	2000.0	709.3007520467754	0.0	0	0.0	1820.6344930137275	1	0	2	2.5929449439040715
300985.57940751885	2000.0	747.6305188393108	0.0	0	0.0	1733.2099263584823	1	0	2	2.599187857296348
3.2	2.61	2.47	1.85	2.68	2.43	2.35	2.28	2.59	2.56	2.04	1.7	1.66	1.64	1.44	1.29	1.75	1.62	2.12	1.95	1.95	2.65	2.53	2.64	3.54	2.28	2.11	1.66	2.44	2.4	1.87	1.77	1.61	1.48	1.07	1.46	2.17	2.47	2.05	2.28	1.51	2.54	2.78	3.64	3.35	2.44	1.63	2.29	2.2	2.21	2.25	2.47	2.36	2.42	3.35	3.23	2.35	1.24	1.56	2.03	2.7	3.23	2.76	3.57	1.77	2.68	2.51	2.77	2.27	2.7	3.52	4.53	3.26	1.84	2.84	3.0	3.78	2.7	2.19	2.04	1.77	1.31	1.01	2.12	1.27	1.6	2.62	3.94	2.71	1.9	2.04	2.94	4.23	2.17	1.62	2.15	2.33	2.94	3.56	2.27	2.19	1.34	2.77	1.96	1.92	2.14	1.32	2.28	3.2	1.93	2.26	1.59	2.92	3.21	1.95	1.99	2.47	2.58	2.34	1.96	2.64	2.58	3.01	2.88	1.49	1.98	1.92	2.66	3.79	5.03	3.2	2.7	3.2	2.35	2.77	3.92	3.98	2.68	3.2	3.57	2.64	2.72	2.42	2.59	2.15	2.25	1.9	2.94	3.51	2.33	3.2	2.61	2.47	1.85	2.68	2.43	2.35	2.28	2.59	2.56	2.04	1.7	1.66	1.64	1.44	1.29	1.75	1.62	2.12	1.95	1.95	2.65	2.53	2.64	3.54	2.28	2.11	1.66	2.44	2.4	1.87	1.77	1.61	1.48	1.07	1.46	2.17	2.47	2.05	2.28	1.51	2.54	2.78	3.64	3.35	2.44	1.63	2.29	2.2	2.21	2.25	2.47	2.36	2.42	3.35	3.23	2.35	1.24	1.56	2.03	2.7	3.23	2.76	3.57	1.77	2.68	2.51	2.77	2.27	2.7	3.52	4.53	3.26	1.84	2.84	3.0	3.78	2.7	2.19	2.04	1.77	1.31	1.01	2.12	1.27	1.6	2.62	3.94	2.71	1.9	2.04	2.94	4.23	2.17	1.62	2.15	2.33	2.94	3.56	2.27	2.19	1.34	2.77	1.96	1.92	2.14	1.32	2.28	3.2	1.93	2.26	1.59	2.92	3.21	1.95	1.99	2.47	2.58	2.34	1.96	2.64	2.58	3.01	2.88	1.49	1.98	1.92	2.66	3.79	5.03	3.2	2.7	3.2	2.35	2.77	3.92	3.98	2.68	3.2	3.57	2.64	2.72	2.42	2.59	2.15	2.25	1.9	2.94	3.51	2.33
1.0	2.0	3.0	4.0	5.0	6.0	7.0	8.0	9.0	10.0	11.0	12.0	13.0	14.0	15.0	16.0	17.0	18.0	19.0	20.0	21.0	22.0	23.0	24.0	25.0	26.0	27.0	28.0	29.0	30.0	31.0	32.0	33.0	34.0	35.0	36.0	37.0	38.0	39.0	40.0	41.0	42.0	43.0	44.0	45.0	46.0	47.0	48.0	49.0	50.0	51.0	52.0	53.0	54.0	55.0	56.0	57.0	58.0	59.0	60.0	61.0	62.0	63.0	64.0	65.0	66.0	67.0	68.0	69.0	70.0	71.0	72.0	73.0	74.0	75.0	76.0	77.0	78.0	79.0	80.0	81.0	82.0	83.0	84.0	85.0	86.0	87.0	88.0	89.0	90.0	91.0	92.0	93.0	94.0	95.0	96.0	97.0	98.0	99.0	100.0	101.0	102.0	103.0	104.0	105.0	106.0	107.0	108.0	109.0	110.0	111.0	112.0	113.0	114.0	115.0	116.0	117.0	118.0	119.0	120.0	121.0	122.0	123.0	124.0	125.0	126.0	127.0	128.0	129.0	130.0	131.0	132.0	133.0	134.0	135.0	136.0	137.0	138.0	139.0	140.0	141.0	142.0	143.0	144.0	145.0	146.0	147.0	148.0	149.0	149.0	150.0	151.0	152.0	153.0	154.0	155.0	156.0	157.0	158.0	159.0	160.0	161.0	162.0	163.0	164.0	165.0	166.0	167.0	168.0	169.0	170.0	171.0	172.0	173.0	174.0	175.0	176.0	177.0	178.0	179.0	180.0	181.0	182.0	183.0	184.0	185.0	186.0	187.0	188.0	189.0	190.0	191.0	192.0	193.0	194.0	195.0	196.0	197.0	198.0	199.0	200.0	201.0	202.0	203.0	204.0	205.0	206.0	207.0	208.0	209.0	210.0	211.0	212.0	213.0	214.0	215.0	216.0	217.0	218.0	219.0	220.0	221.0	222.0	223.0	224.0	225.0	226.0	227.0	228.0	229.0	230.0	231.0	232.0	233.0	234.0	235.0	236.0	237.0	238.0	239.0	240.0	241.0	242.0	243.0	244.0	245.0	246.0	247.0	248.0	249.0	250.0	251.0	252.0	253.0	254.0	255.0	256.0	257.0	258.0	259.0	260.0	261.0	262.0	263.0	264.0	265.0	266.0	267.0	268.0	269.0	270.0	271.0	272.0	273.0	274.0	275.0	276.0	277.0	278.0	279.0	280.0	281.0	282.0	283.0	284.0	285.0	286.0	287.0	288.0	289.0	290.0	291.0	292.0	293.0	294.0	295.0	296.0	297.0	298.0	298.0
4474.570678688548
