5925.436071154079	300.0	2000.0	971.4657724977627	0	0.0	5925.436071154079	1	0	1	-7.4230438758207935
7026.686565654855	500.0	1898.7495054992241	0.0	0	0.0	5925.436071154079	1	0	1	-1.9155801059146942
7931.765771203378	500.0	1993.6702999507017	0.0	0	0.0	5925.436071154079	1	0	1	-1.4047544821487035
8573.341338454402	500.0	2352.0947326996775	0.0	0	0.0	5925.436071154079	1	0	1	-1.4047544821487035
9789.090556444298	1000.0	2014.7705929107904	0.0	0	0.0	5803.861149355088	1	0	2	-1.7168875823098921
10698.166336187276	500.0	2105.6948131678128	0.0	0	0.0	5803.861149355088	1	0	1	-2.176918599696942
11606.553862013405	500.0	2197.3072873416836	0.0	0	0.0	5803.861149355087	1	0	1	-1.2837714191369973
12315.294729861072	500.0	2488.5664194940164	0.0	0	0.0	5803.861149355088	1	0	1	-1.2837714191369964
13555.271000448787	1000.0	2124.5925218475313	0.0	0	0.0	5679.8635222963185	1	0	2	-1.594920726126444
14413.098227495653	1000.0	2180.982572095979	0.0	0	0.0	5594.080799591633	1	0	2	-0.6063316223791693
15140.17471496072	1000.0	2381.198435884404	0.0	0	0.0	5521.373150845124	1	0	2	-0.5344969687704832
18822.78682097349	2000.0	200.0	790.6135279360393	0	0.0	6022.786820973492	1	0	2	-5.308196803889225
19315.41778546027	300.0	742.815860045739	77.0090190738174	0	0.0	6058.233645506012	1	0	2	-4.6192399414317675
20080.798309520418	500.0	977.435335985592	0.0	0	0.0	6058.233645506012	1	0	1	-2.2483267018364343
20901.173627403095	500.0	1157.0600181029106	0.0	0	0.0	6058.2336455060085	1	0	1	-1.5375010780704388
21649.329650947104	500.0	1408.9039945589036	0.0	0	0.0	6058.23364550601	1	0	1	-1.5375010780704392
22289.00217073	500.0	1769.2314747760015	0.0	0	0.0	6058.233645506007	1	0	1	-1.5375010780704381
22846.659445039513	500.0	2211.574200466485	0.0	0	0.0	6058.233645506007	1	0	1	-1.5375010780704368
24170.375971112295	1000.0	1755.4860217864266	0.0	0	0.0	5925.861992898728	1	0	2	-1.8374051194765766
24576.628975680236	500.0	2349.233017218482	0.0	0	0.0	5925.861992898728	1	0	1	-2.2983269963626785
27095.146664361087	2000.0	578.8635596695451	0.0	0	0.0	5674.010224030637	1	0	2	-1.6183785595705282
27534.426156626145	500.0	1139.5840674044857	0.0	0	0.0	5674.010224030637	1	0	1	-2.742445009360046
28027.21985679141	500.0	1646.790367239221	0.0	0	0.0	5674.010224030637	1	0	1	-1.1561506482401562
28839.196097172164	1000.0	1834.8141268584654	0.0	0	0.0	5674.0102240306405	1	0	1	-1.1561506482401596
29554.730155595305	1000.0	2119.280068435327	0.0	0	0.0	5674.0102240306405	1	0	1	-0.46300346768021416
30970.624084577703	2000.0	1561.796746554689	0.0	0	0.0	5532.4208311324	1	0	2	-0.7680896582926893
31411.336480061986	500.0	2121.08435107041	0.0	0	0.0	5532.4208311324	1	0	1	-2.606335771460029
33746.91139549547	2000.0	551.951944093584	0.0	0	0.0	5298.863339589054	1	0	2	-1.2482459616862034
34154.73222350606	500.0	1144.1311160829919	0.0	0	0.0	5298.863339589054	1	0	1	-2.391819299854804
34774.24182851064	500.0	1524.6215110784117	0.0	0	0.0	5298.863339589057	1	0	1	-0.8055249387349155
36295.63248274381	1000.0	1003.2308568452402	0.0	0	0.0	5298.863339589057	1	0	1	-0.8055249387349146
36963.06875568705	500.0	1335.7945839020047	0.0	0	0.0	5298.863339589065	1	0	1	-1.498672119294864
37708.65250763958	500.0	1590.210831949473	0.0	0	0.0	5298.863339589061	1	0	1	-0.8055249387349205
38204.307787069876	500.0	2094.5555525191758	0.0	0	0.0	5298.863339589065	1	0	1	-0.805524938734919
39435.703019814566	1000.0	1863.1603197744853	0.0	0	0.0	5298.863339589065	1	0	1	-0.8055249387349206
40138.34570490451	1000.0	2160.517634684533	0.0	0	0.0	5298.863339589065	1	0	1	-0.11237775817497492
41987.19803871636	2000.0	1126.7800674915009	0.0	0	0.0	5113.978106207876	1	0	2	-0.40705345077824506
42657.842281881654	500.0	1456.1358243262014	0.0	0	0.0	5113.978106207869	1	0	1	-2.2333040470546672
43457.41010186004	500.0	1656.568004347816	0.0	0	0.0	5113.978106207869	1	0	1	-0.6470096859347768
44180.95798668984	500.0	1933.0201195180139	0.0	0	0.0	5113.978106207862	1	0	1	-0.6470096859347702
45893.46731914728	1000.0	1049.259853814829	0.0	0	0.0	4942.727172962121	1	0	2	-0.9403080266090003
46564.05566287709	500.0	1378.6715100850163	0.0	0	0.0	4942.727172962121	1	0	1	-1.4037549275163685
47035.47373243444	500.0	1907.2534405276558	0.0	0	0.0	4942.727172962121	1	0	1	-0.5106077469564232
47758.31222791867	1000.0	2184.4149450434115	0.0	0	0.0	4942.727172962121	1	0	1	-0.510607746956423
50214.24198561898	2000.0	482.8922115730698	0.0	0	0.0	4697.134197192092	1	0	2	-0.08827912525412546
50952.84458928771	500.0	744.2896079043437	0.0	0	0.0	4697.134197192092	1	0	1	-1.920310653233268
51766.88968765107	500.0	930.2445095409877	0.0	0	0.0	4697.134197192085	1	0	1	-0.33401629211337264
52232.607867255	500.0	1464.5263299370663	0.0	0	0.0	4697.134197192085	1	0	1	-0.33401629211337264
52641.97171324528	500.0	2055.1624839467922	0.0	0	0.0	4697.134197192092	1	0	1	-0.3340162921133772
54288.43490900411	2000.0	1244.052968612086	0.0	0	0.0	4532.487877616208	1	0	2	-0.6553744476450211
55416.6829729988	1000.0	1115.8049046173946	0.0	0	0.0	4532.487877616215	1	0	1	-0.4285680982476301
55987.6318191824	500.0	1544.856058433805	0.0	0	0.0	4532.487877616215	1	0	1	-0.9217152788075755
56937.0621652028	1000.0	1595.4257124134062	0.0	0	0.0	4532.487877616215	1	0	1	-0.2285680982476301
57743.57443651321	1000.0	1788.9134411029884	0.0	0	0.0	4532.487877616215	1	0	1	0.4645790823123154
58608.35403130199	1000.0	1924.1338463142056	0.0	0	0.0	4532.487877616215	1	0	1	0.4645790823123154
60355.6526725394	2000.0	1002.1053409530564	0.0	0	0.0	4357.7580134924865	1	0	2	0.13399634108058592
61108.59859679236	500.0	1249.1594167000926	0.0	0	0.0	4357.7580134924865	1	0	1	-1.7142191483948077
61602.684291627884	500.0	1755.0737218645752	0.0	0	0.0	4357.758013492494	1	0	1	-0.12792478727492096
62851.456706988974	1000.0	1506.3013065034804	0.0	0	0.0	4357.7580134924865	1	0	1	-0.12792478727491724
64090.75021124587	1000.0	1267.0078022465952	0.0	0	0.0	4357.7580134924865	1	0	1	0.5652223932850282
64822.82728683745	500.0	1534.9307266550186	0.0	0	0.0	4357.7580134924865	1	0	1	-0.8210719678348627
66088.60989977689	1000.0	1269.1481137155822	0.0	0	0.0	4357.758013492494	1	0	1	-0.12792478727491946
67090.80665374322	500.0	1266.9513597492469	0.0	0	0.0	4357.7580134924865	1	0	1	-0.8210719678348635
67904.45081113282	500.0	1453.3072023596417	0.0	0	0.0	4357.758013492479	1	0	1	-0.12792478727491868
68425.77949759008	500.0	1931.9785159023818	0.0	0	0.0	4357.758013492472	1	0	1	-0.12792478727491158
69607.62247472016	1000.0	1750.1355387722986	0.0	0	0.0	4357.758013492479	1	0	1	-0.1279247872749098
70939.95492751259	1000.0	1417.803085979871	0.0	0	0.0	4357.758013492479	1	0	1	0.5652223932850321
72157.70403538819	1000.0	1200.0539781042748	0.0	0	0.0	4357.758013492479	1	0	1	0.5652223932850321
72943.55975653534	500.0	1414.1982569571244	0.0	0	0.0	4357.758013492494	1	0	1	-0.8210719678348666
73685.04365556625	500.0	1672.714357926228	0.0	0	0.0	4357.758013492494	1	0	1	-0.12792478727492096
74493.5620112699	1000.0	1864.1960022225774	0.0	0	0.0	4357.758013492494	1	0	1	-0.12792478727492096
75419.10087142824	2000.0	1846.103256048398	0.0	0	0.0	4265.2041274766525	1	0	2	0.20202573481816222
76956.67324036997	2000.0	1154.7736502125047	0.0	0	0.0	4111.446890582505	1	0	2	1.160872005973653
78495.77946216018	1000.0	615.6674284222961	0.0	0	0.0	4111.446890582505	1	0	1	-0.20492200766526172
79561.62873359975	500.0	549.818156982726	0.0	0	0.0	4111.446890582505	1	0	1	-0.6980691882252071
80897.91358243708	500.0	361.3267965422383	147.79348839683826	0	0.0	4259.240378979346	1	0	1	-0.9629107109744198
81614.26862684803	500.0	710.9793176830613	66.00756555179419	0	0.0	4325.247944531133	1	0	1	-0.506495814612523
82146.95084063563	500.0	1178.2971038954483	0.0	0	0.0	4325.247944531133	1	0	1	-0.11045042130175785
82968.91612207072	500.0	1356.3318224603756	0.0	0	0.0	4325.247944531118	1	0	1	-0.11045042130175042
83665.9464680826	500.0	1659.3014764484924	0.0	0	0.0	4325.247944531118	1	0	1	-0.11045042130175042
84764.09765786122	1000.0	1561.1502866698897	0.0	0	0.0	4325.247944531118	1	0	1	-0.11045042130175041
86068.7231878811	1000.0	1256.524756650003	0.0	0	0.0	4325.247944531118	1	0	1	0.5826967592581951
86550.21312097745	500.0	1775.0348235536585	0.0	0	0.0	4325.247944531118	1	0	1	-0.8035976018616958
87707.7374274836	1000.0	1617.5105170475063	0.0	0	0.0	4325.247944531118	1	0	1	-0.11045042130175041
88517.5505870703	500.0	1807.6973574608041	0.0	0	0.0	4325.247944531104	1	0	1	-0.803597601861688
89960.6495146956	500.0	1364.5984298354913	0.0	0	0.0	4325.247944531089	1	0	1	-0.11045042130173474
90730.72428799019	500.0	1594.5236565409175	0.0	0	0.0	4325.247944531089	1	0	1	-0.11045042130173474
91559.83504188093	500.0	1765.4129026501791	0.0	0	0.0	4325.247944531089	1	0	1	-0.11045042130173474
92375.16592370262	500.0	1950.082020828504	0.0	0	0.0	4325.247944531104	1	0	1	-0.11045042130174272
93290.23189450346	500.0	2035.0160500276659	0.0	0	0.0	4325.247944531104	1	0	1	-0.11045042130174272
94308.89507146907	500.0	2016.352873062057	0.0	0	0.0	4325.247944531104	1	0	1	-0.11045042130174272
94967.7908373739	500.0	2357.4571071572414	0.0	0	0.0	4325.247944531118	1	0	1	-0.11045042130175042
96011.78300419153	1000.0	2313.464940339611	0.0	0	0.0	4325.247944531104	1	0	1	-0.11045042130174265
98146.42486413613	1000.0	1178.8230803950044	0.0	0	0.0	4325.247944531104	1	0	1	0.5826967592582027
98688.03881551899	500.0	1637.2091290121602	0.0	0	0.0	4325.247944531104	1	0	1	-0.803597601861688
99748.68027031682	1000.0	1576.567674214331	0.0	0	0.0	4325.247944531104	1	0	1	-0.11045042130174265
101025.14386751484	2000.0	1172.4577172965187	0.0	0	0.0	4197.601584811317	1	0	2	0.22837052620777243
101763.31867291385	1000.0	1434.2829118975035	0.0	0	0.0	4197.601584811331	1	0	1	-0.24552131606682137
102656.16132688597	1000.0	1541.440257925407	0.0	0	0.0	4197.601584811331	1	0	1	0.6476258644931241
103404.2116184955	1000.0	1793.3899663158907	0.0	0	0.0	4197.601584811331	1	0	1	0.6476258644931241
104984.00079672862	1000.0	1213.6007880827667	0.0	0	0.0	4197.601584811331	1	0	1	0.6476258644931241
105608.41044248111	500.0	1589.1911423302774	0.0	0	0.0	4197.601584811331	1	0	1	-0.738668496626767
106533.95991465056	1000.0	1663.641670160815	0.0	0	0.0	4197.601584811317	1	0	1	-0.0455213160668142
107717.57267763157	1000.0	1480.0289071798068	0.0	0	0.0	4197.601584811317	1	0	1	0.6476258644931312
108596.77945569096	500.0	1600.8221291204277	0.0	0	0.0	4197.601584811317	1	0	1	-0.7386684966267598
109639.75298372618	1000.0	1557.848601085208	0.0	0	0.0	4197.601584811317	1	0	1	-0.0455213160668142
111106.10036011513	2000.0	944.8664870573649	0.0	0	0.0	4050.966847172429	1	0	2	0.29691220875365537
112489.48123938213	1000.0	561.4856077903487	0.0	0	0.0	4050.966847172429	1	0	1	-0.1779191688198326
112919.17513819056	500.0	1131.7917089819234	0.0	0	0.0	4050.966847172429	1	0	1	-0.671066349379778
113616.65353940839	1000.0	1434.3133077640941	0.0	0	0.0	4050.966847172429	1	0	1	0.02208083118016735
114654.53283296023	1000.0	1396.4340142122649	0.0	0	0.0	4050.9668471724435	1	0	1	0.7152280117401066
116029.85061644512	1000.0	1021.1162307273752	0.0	0	0.0	4050.9668471724435	1	0	1	0.7152280117401066
116560.5761077203	500.0	1490.3907394521939	0.0	0	0.0	4050.966847172458	1	0	1	-0.6710663493797908
117838.52967957476	1000.0	1212.4371675977352	0.0	0	0.0	4050.966847172458	1	0	1	0.02208083118015458
118567.17702057694	500.0	1483.789826595571	0.0	0	0.0	4050.966847172458	1	0	1	-0.6710663493797908
119802.31365948576	1000.0	1248.6531876867414	0.0	0	0.0	4050.966847172458	1	0	1	0.02208083118015458
120606.21646314833	1000.0	1444.7503840241784	0.0	0	0.0	4050.966847172458	1	0	1	0.7152280117401
121357.72991004703	1000.0	1693.236937125491	0.0	0	0.0	4050.9668471724726	1	0	1	0.7152280117400939
124375.38994038077	2000.0	200.0	751.0809965833109	0	0.0	4575.38994038073	1	0	2	-4.228279487541334
125396.95767315157	500.0	459.69729229753244	281.26502506833714	0	0.0	4856.654965449066	1	0	1	-3.7199953475744625
126315.85056137282	500.0	542.4753040122907	1.670899936000012	0	0.0	4858.325865385064	1	0	1	-0.4573617651366822
126944.05333669759	500.0	914.2725286875245	0.0	0	0.0	4858.325865385064	1	0	1	-0.4473363655206821
127387.01260674819	500.0	1471.3132586369238	0.0	0	0.0	4858.325865385064	1	0	1	-0.4473363655206821
128102.01015845669	500.0	1756.3157069284384	0.0	0	0.0	4858.325865385064	1	0	1	-0.4473363655206821
129307.56125841089	1000.0	1550.7646069742227	0.0	0	0.0	4858.325865385064	1	0	1	-0.4473363655206819
130205.45346559987	500.0	1652.8723997852285	0.0	0	0.0	4858.325865385064	1	0	1	-1.1404835460806273
130895.66060436289	500.0	1962.6652610222193	0.0	0	0.0	4858.325865385079	1	0	1	-0.4473363655206925
131810.1781005708	1000.0	2048.147764814286	0.0	0	0.0	4858.32586538505	1	0	1	-0.44733636552067746
132528.7202864413	500.0	2329.6055789438	0.0	0	0.0	4858.32586538505	1	0	1	-1.140483546080612
134108.24466872134	1000.0	1750.0811966637507	0.0	0	0.0	4858.325865385021	1	0	1	-0.4473363655206623
134795.7062878099	500.0	2062.6195775751985	0.0	0	0.0	4858.32586538505	1	0	1	-1.1404835460806078
135349.31433327484	500.0	2509.0115321102667	0.0	0	0.0	4858.32586538505	1	0	1	-0.44733636552066874
137368.52571328328	2000.0	1287.879014100975	0.0	0	0.0	4656.404727384157	1	0	2	-0.7368656778752513
138031.3282322529	500.0	1625.0764951313417	0.0	0	0.0	4656.404727384157	1	0	1	-1.8932560007825658
138646.35999320418	500.0	2010.0447341800848	0.0	0	0.0	4656.404727384128	1	0	1	-0.30696163966265627
140510.98328753927	2000.0	958.9591104114343	0.0	0	0.0	4469.942397950537	1	0	2	-0.6212069832838713
141405.84976248493	500.0	1064.0926354657677	0.0	0	0.0	4469.942397950508	1	0	1	-1.7775192770286694
141917.77630309993	500.0	1552.1660948507867	0.0	0	0.0	4469.942397950508	1	0	1	-0.19122491590877816
142670.66851070093	500.0	1799.2738872497825	0.0	0	0.0	4469.942397950479	1	0	1	-0.1912249159087615
143699.22629785122	1000.0	1770.7161000994981	0.0	0	0.0	4469.942397950508	1	0	1	-0.1912249159087781
144704.06361075916	1000.0	1765.8787871915754	0.0	0	0.0	4469.942397950508	1	0	1	0.5019222646511673
146779.74865570138	2000.0	482.62523775513876	0.0	0	0.0	4262.373893456301	1	0	2	0.1824259480257559
147521.03434281578	500.0	741.3395506407518	0.0	0	0.0	4262.373893456301	1	0	1	-1.6640371015262079
148330.337911054	500.0	932.0359824025381	0.0	0	0.0	4262.373893456301	1	0	1	-0.07774274040631711
149146.67859431138	500.0	1115.6952991451242	0.0	0	0.0	4262.373893456301	1	0	1	-0.07774274040631711
149753.4841930574	500.0	1508.8897003991042	0.0	0	0.0	4262.373893456301	1	0	1	-0.07774274040631711
150529.46339270737	1000.0	1732.9105007491266	0.0	0	0.0	4262.373893456301	1	0	1	-0.07774274040631696
151757.64482316002	2000.0	1381.910927251191	0.0	0	0.0	4139.555750411004	1	0	2	0.257790890715275
152474.73266675553	1000.0	1664.8230836556975	0.0	0	0.0	4139.555750411004	1	0	1	-0.21788900140347417
153396.52412160434	1000.0	1743.0316288068789	0.0	0	0.0	4139.555750411004	1	0	1	0.6752581791564713
155571.9239609833	1000.0	567.6317894279657	0.0	0	0.0	4139.555750411033	1	0	1	0.6752581791564607
156584.59557292092	500.0	554.9601774903356	0.0	0	0.0	4139.555750411091	1	0	1	-0.711036181963452
157297.8374107787	500.0	841.7183396325277	0.0	0	0.0	4139.555750411091	1	0	1	-0.017889001403514765
158029.6756018593	500.0	1109.880148551939	0.0	0	0.0	4139.555750411062	1	0	1	-0.017889001403501095
158747.9118671073	500.0	1391.643883303922	0.0	0	0.0	4139.555750411062	1	0	1	-0.017889001403501095
159439.5688821991	500.0	1699.9868682121194	0.0	0	0.0	4139.555750411091	1	0	1	-0.01788900140350383
161244.95511052787	1000.0	894.6006398833517	0.0	0	0.0	4139.555750411091	1	0	1	-0.01788900140351468
161730.98642653102	500.0	1408.569323880215	0.0	0	0.0	4139.55575041112	1	0	1	-0.7110361819634736
162993.08575496954	1000.0	1146.469995441696	0.0	0	0.0	4139.55575041112	1	0	1	-0.017889001403528282
163601.29655125085	500.0	1538.259199160377	0.0	0	0.0	4139.555750411091	1	0	1	-0.7110361819634656
164691.1160764556	1000.0	1448.4396739556457	0.0	0	0.0	4139.555750411091	1	0	1	-0.01788900140351468
165202.42637317692	500.0	1937.1293772342815	0.0	0	0.0	4139.555750411062	1	0	1	-0.7110361819634464
166478.16689727886	1000.0	1661.38885313232	0.0	0	0.0	4139.555750411033	1	0	1	-0.01788900140348737
167091.5831565144	500.0	2047.9725938968031	0.0	0	0.0	4139.555750411004	1	0	1	-0.7110361819634198
168706.34299608102	1000.0	1433.212754330205	0.0	0	0.0	4139.555750411004	1	0	1	-0.01788900140347416
169338.37770539313	500.0	1801.1780450180456	0.0	0	0.0	4139.555750410975	1	0	1	-0.7110361819634059
169881.92685180073	500.0	2257.6288986104	0.0	0	0.0	4139.555750410975	1	0	1	-0.017889001403460572
170903.88153409853	1000.0	2235.674216312602	0.0	0	0.0	4139.555750410975	1	0	1	-0.017889001403460503
172313.60302084594	1000.0	1825.952729565195	0.0	0	0.0	4139.555750410975	1	0	1	0.6752581791564849
173303.36267287604	1000.0	1836.193077535087	0.0	0	0.0	4139.555750410975	1	0	1	0.6752581791564849
174470.81203734575	1000.0	1668.7437130654173	0.0	0	0.0	4139.555750410975	1	0	1	0.6752581791564849
175487.52920939503	1000.0	1652.0265410161828	0.0	0	0.0	4139.555750410975	1	0	1	0.6752581791564849
176371.41972951064	1000.0	1768.1360209005222	0.0	0	0.0	4139.555750410975	1	0	1	0.6752581791564849
177024.06753441287	1000.0	2115.4882159982776	0.0	0	0.0	4139.555750410946	1	0	1	0.6752581791564984
178257.47286077728	2000.0	1758.7423569974096	0.0	0	0.0	4016.215217774501	1	0	2	0.3167714559644038
179085.17923882368	1000.0	1931.0359789510176	0.0	0	0.0	4016.215217774501	1	0	1	-0.16294770689865434
181333.1793794694	2000.0	458.2358242407355	0.0	0	0.0	3791.415203709912	1	0	2	0.38739934757323574
181689.66889542912	500.0	1101.7463082810223	0.0	0	0.0	3791.415203709912	1	0	1	-1.46150710928311
182524.92964466262	1000.0	1266.4855590475258	0.0	0	0.0	3791.415203709941	1	0	1	0.1247872518367702
183625.2753159324	1000.0	1166.1398877777524	0.0	0	0.0	3791.4152037099702	1	0	1	0.8179344323967115
184602.64539180778	1000.0	1188.769811902414	0.0	0	0.0	3791.4152037099702	1	0	1	0.8179344323967053
185347.5110386419	500.0	1443.9041650682636	0.0	0	0.0	3791.4152037099702	1	0	1	-0.5683599287231855
186134.8815357392	500.0	1656.5336679709549	0.0	0	0.0	3791.4152037099702	1	0	1	0.12478725183675973
187173.3593722378	1000.0	1618.0558314723235	0.0	0	0.0	3791.415203709941	1	0	1	0.1247872518367702
188342.8000296559	1000.0	1448.6151740542564	0.0	0	0.0	3791.4152037099702	1	0	1	0.8179344323967053
188746.10478730468	500.0	2045.31041640547	0.0	0	0.0	3791.4152037099702	1	0	1	-0.5683599287231855
189840.2300395209	2000.0	1841.7726389676232	0.0	0	0.0	3682.002678488323	1	0	2	-0.24702435875250128
190996.28979961062	1000.0	1685.7128788779191	0.0	0	0.0	3682.002678488323	1	0	1	-0.037857317670693946
192228.51867016716	1000.0	1453.4840083214185	0.0	0	0.0	3682.002678488352	1	0	1	0.8552898628892422
192740.5665591119	500.0	1941.4361193766924	0.0	0	0.0	3682.002678488352	1	0	1	-0.5310044982306489
194326.6466410453	1000.0	1355.3560374433032	0.0	0	0.0	3682.002678488352	1	0	1	0.16214268232929674
194834.8372110312	500.0	1847.1654674574152	0.0	0	0.0	3682.002678488352	1	0	1	-0.5310044982306489
195945.52201898268	1000.0	1736.4806595059654	0.0	0	0.0	3682.002678488352	1	0	1	0.16214268232929674
196682.31703429314	1000.0	1999.6856441955342	0.0	0	0.0	3682.002678488352	1	0	1	0.8552898628892422
197414.92002688925	1000.0	2267.082651599458	0.0	0	0.0	3682.002678488381	1	0	1	0.8552898628892325
198460.96656868845	1000.0	2221.036109800203	0.0	0	0.0	3682.002678488381	1	0	1	0.8552898628892325
199704.69361890887	1000.0	1977.3090595797612	0.0	0	0.0	3682.0026784884103	1	0	1	0.855289862889223
201452.85633361115	1000.0	1229.1463448774916	0.0	0	0.0	3682.0026784884103	1	0	1	0.855289862889223
201879.83511703543	500.0	1802.1675614532444	0.0	0	0.0	3682.0026784884103	1	0	1	-0.5310044982306678
202618.98789045273	1000.0	2063.014788035946	0.0	0	0.0	3682.0026784884103	1	0	1	0.16214268232927764
203403.65430521726	1000.0	2278.3483732713785	0.0	0	0.0	3682.0026784884103	1	0	1	0.855289862889223
204739.49314568314	1000.0	1942.509532805487	0.0	0	0.0	3682.0026784884103	1	0	1	0.855289862889223
205678.73187204334	1000.0	2003.2708064452713	0.0	0	0.0	3682.0026784884103	1	0	1	0.855289862889223
206780.47074518778	1000.0	1901.5319333008276	0.0	0	0.0	3682.0026784884103	1	0	1	0.855289862889223
207573.35900379025	1000.0	2108.643674698394	0.0	0	0.0	3682.0026784884394	1	0	1	0.8552898628892193
209943.55971122065	2000.0	501.42289652494446	0.0	0	0.0	3444.982607745391	1	0	2	0.5028994330686736
210601.2663768269	500.0	843.7162309186753	0.0	0	0.0	3444.982607745391	1	0	1	-1.3539387837929093
211023.85286685373	500.0	1421.1297408918458	0.0	0	0.0	3444.98260774542	1	0	1	0.23235557732697368
211741.4959589448	1000.0	1703.4866488007722	0.0	0	0.0	3444.982607745391	1	0	1	0.23235557732697987
213109.50814266756	1000.0	1335.474465078017	0.0	0	0.0	3444.98260774542	1	0	1	0.9255027578869192
213843.43502313274	500.0	1601.5475846128415	0.0	0	0.0	3444.982607745449	1	0	1	-0.4607916032329795
215487.7640475911	1000.0	957.218560154503	0.0	0	0.0	3444.982607745449	1	0	1	0.23235557732696588
216189.78141643727	500.0	1255.2011913083295	0.0	0	0.0	3444.982607745449	1	0	1	-0.4607916032329795
216885.46533454437	500.0	1559.5172732012152	0.0	0	0.0	3444.982607745478	1	0	1	0.23235557732695797
218075.78551502433	1000.0	1369.1970927212674	0.0	0	0.0	3444.982607745449	1	0	1	0.23235557732696432
218783.57323304843	500.0	1661.4093746971448	0.0	0	0.0	3444.982607745449	1	0	1	-0.4607916032329795
219798.1621922368	1000.0	1646.8204155087406	0.0	0	0.0	3444.982607745449	1	0	1	0.23235557732696588
221104.5938042089	1000.0	1340.3888035365842	0.0	0	0.0	3444.982607745449	1	0	1	0.9255027578869113
221772.10314812165	500.0	1672.879459623865	0.0	0	0.0	3444.982607745478	1	0	1	-0.4607916032329873
223121.67202706862	1000.0	1323.3105806768813	0.0	0	0.0	3444.982607745478	1	0	1	0.2323555773269581
223653.52039881912	1000.0	1791.462208926382	0.0	0	0.0	3444.9826077455073	1	0	1	0.9255027578868957
224145.98800964566	1000.0	2298.9945980998305	0.0	0	0.0	3444.9826077455073	1	0	1	0.9255027578868957
225482.0185975081	2000.0	1962.964010237396	0.0	0	0.0	3444.9826077455073	1	0	1	0.9255027578868957
226627.5731184739	1000.0	1817.4094892716403	0.0	0	0.0	3444.9826077455364	1	0	1	0.232355577326949
228796.25454396135	1000.0	648.7280637842007	0.0	0	0.0	3444.9826077455655	1	0	1	0.9255027578868802
230008.72006518254	500.0	438.63608816457645	2.373545601539803	0	0.0	3447.356153347093	1	0	1	-0.47566861798448257
230726.99655754556	500.0	720.3595958015592	0.0	0	0.0	3447.356153347093	1	0	1	0.23171983618470168
231122.2565849014	500.0	1325.099568445718	0.0	0	0.0	3447.356153347093	1	0	1	0.23171983618470168
232312.88923778394	1000.0	1134.4669155631939	0.0	0	0.0	3447.356153347093	1	0	1	0.2317198361847017
233126.3501619106	500.0	1321.0059914365027	0.0	0	0.0	3447.356153347064	1	0	1	-0.4614273443752359
234435.95976046295	1000.0	1011.3963928841343	0.0	0	0.0	3447.356153347064	1	0	1	0.23171983618470948
235056.8266760898	500.0	1390.5294772572583	0.0	0	0.0	3447.356153347064	1	0	1	-0.4614273443752359
235817.20941199674	1000.0	1630.1467413502996	0.0	0	0.0	3447.356153347064	1	0	1	0.23171983618470948
237707.27690412887	1000.0	740.0792492181303	0.0	0	0.0	3447.3561533470347	1	0	1	0.9248670167446564
239013.47883536216	500.0	433.87731798487243	0.0	0	0.0	3447.3561533470347	1	0	1	-0.46142734437522814
240010.96111904885	500.0	508.6018270977595	72.20679279957842	0	0.0	3519.562946146616	1	0	1	-0.22148882210654697
240856.84288186402	500.0	662.7200642825942	0.0	0	0.0	3519.562946146616	1	0	1	0.21175193469092363
241930.99917435608	500.0	588.5637717905465	0.0	0	0.0	3519.562946146645	1	0	1	0.21175193469091522
243092.49690325686	500.0	427.06604288977974	0.0	0	0.0	3519.562946146645	1	0	1	0.21175193469091522
243717.67274826995	500.0	801.8901978766934	0.0	0	0.0	3519.562946146645	1	0	1	0.21175193469091522
244419.49898973483	500.0	1100.0639564117828	0.0	0	0.0	3519.562946146645	1	0	1	0.21175193469091522
245105.44262178242	500.0	1414.1203243641805	0.0	0	0.0	3519.562946146616	1	0	1	0.21175193469092363
247154.08401908743	1000.0	365.4789270591782	0.0	0	0.0	3519.562946146587	1	0	1	0.2117519346909319
247635.119990728	500.0	884.4429554186254	0.0	0	0.0	3519.562946146587	1	0	1	-0.4813952458690135
248736.98296047692	1000.0	782.5799856697006	0.0	0	0.0	3519.562946146558	1	0	1	0.21175193469094022
249365.25664393045	1000.0	1154.3063022161896	0.0	0	0.0	3519.562946146558	1	0	1	0.9048991152508856
250175.9352680911	1000.0	1343.6276780555293	0.0	0	0.0	3519.562946146558	1	0	1	0.9048991152508856
250954.63030730942	1000.0	1564.9326388372453	0.0	0	0.0	3519.562946146587	1	0	1	0.9048991152508773
251690.34301960337	1000.0	1829.2199265432876	0.0	0	0.0	3519.562946146558	1	0	1	0.9048991152508856
252482.4905545339	1000.0	2037.0723916127586	0.0	0	0.0	3519.562946146558	1	0	1	0.9048991152508856
253981.7349010049	1000.0	1537.8280451417359	0.0	0	0.0	3519.562946146558	1	0	1	0.9048991152508823
255156.29810459202	1000.0	1363.2648415546482	0.0	0	0.0	3519.562946146558	1	0	1	0.9048991152508856
256037.15054605957	1000.0	1482.4124000871134	0.0	0	0.0	3519.562946146558	1	0	1	0.9048991152508856
257116.69470094662	1000.0	1402.8682452000523	0.0	0	0.0	3519.562946146558	1	0	1	0.9048991152508856
258231.81724122085	1000.0	1287.74570492582	0.0	0	0.0	3519.562946146558	1	0	1	0.9048991152508856
258864.26550045112	1000.0	1655.297445695548	0.0	0	0.0	3519.5629461465287	1	0	1	0.904899115250894
259369.90545976599	1000.0	2149.6574863806936	0.0	0	0.0	3519.5629461465287	1	0	1	0.904899115250894
261801.58210069564	2000.0	474.81318135807504	0.0	0	0.0	3276.3952820535924	1	0	2	0.5490866631333947
262338.11779455125	500.0	938.2774875025109	0.0	0	0.0	3276.3952820536215	1	0	1	-1.3119573682759118
263150.56858968514	1000.0	1125.8266923686265	0.0	0	0.0	3276.3952820536215	1	0	1	0.2743369928439734
264231.94310522877	1000.0	1044.452176824937	0.0	0	0.0	3276.395282053534	1	0	1	0.967484173403935
264987.24680167175	500.0	1289.1484803819906	0.0	0	0.0	3276.3952820535633	1	0	1	-0.41881018771595724
266238.9173679529	1000.0	1037.477914100871	0.0	0	0.0	3276.3952820535633	1	0	1	0.27433699284398955
267741.81084361556	1000.0	534.5844384381969	0.0	0	0.0	3276.3952820535633	1	0	1	0.967484173403935
268317.9206403948	500.0	958.4746416589362	0.0	0	0.0	3276.3952820535633	1	0	1	-0.4188101877159559
269264.1787116365	1000.0	1012.2165704171847	0.0	0	0.0	3276.3952820535633	1	0	1	0.27433699284398955
269876.5234542227	1000.0	1399.8718278310314	0.0	0	0.0	3276.3952820535633	1	0	1	0.967484173403935
270556.65948607237	1000.0	1719.7357959814353	0.0	0	0.0	3276.3952820536215	1	0	1	0.9674841734039294
271309.2320765493	1000.0	1967.1632055044827	0.0	0	0.0	3276.3952820536215	1	0	1	0.9674841734039215
272656.06757526717	1000.0	1620.32770678658	0.0	0	0.0	3276.3952820535633	1	0	1	0.967484173403927
274684.2550754281	1000.0	592.1402066256449	0.0	0	0.0	3276.3952820535633	1	0	1	0.967484173403935
275543.9071563961	500.0	732.4881256576513	0.0	0	0.0	3276.395282053505	1	0	1	-0.41881018771594236
276124.25883251196	500.0	1152.1364495417188	0.0	0	0.0	3276.395282053447	1	0	1	0.2743369928440164
277359.972845694	1000.0	916.4224363597295	0.0	0	0.0	3276.395282053447	1	0	1	0.27433699284401647
277956.08700062596	500.0	1320.308281427685	0.0	0	0.0	3276.3952820533887	1	0	1	-0.4188101877159156
279510.34233367635	1000.0	766.0529483772451	0.0	0	0.0	3276.3952820533304	1	0	1	0.2743369928440434
280146.17730420677	500.0	1130.2179778468194	0.0	0	0.0	3276.3952820533304	1	0	1	-0.41881018771590217
281710.78485268203	1000.0	565.6104293715632	0.0	0	0.0	3276.3952820533304	1	0	1	0.2743369928440434
282462.1757202133	500.0	814.2195618403092	0.0	0	0.0	3276.3952820532722	1	0	1	-0.4188101877158885
283018.8673642964	500.0	1257.5279177571263	0.0	0	0.0	3276.3952820532722	1	0	1	0.27433699284405677
284117.5734370688	1000.0	1158.8218449847682	0.0	0	0.0	3276.3952820533304	1	0	1	0.2743369928440434
284730.16098753444	500.0	1546.2342945192017	0.0	0	0.0	3276.3952820532722	1	0	1	-0.4188101877158913
285774.49748860253	1000.0	1501.8977934511042	0.0	0	0.0	3276.3952820532722	1	0	1	0.2743369928440569
286688.32544256875	1000.0	1588.0698394848964	0.0	0	0.0	3276.3952820532722	1	0	1	0.9674841734040023
287733.0472914096	1000.0	1543.347990644142	0.0	0	0.0	3276.395282053214	1	0	1	0.9674841734040103
288602.9481031955	1000.0	1673.4471788581952	0.0	0	0.0	3276.395282053156	1	0	1	0.967484173404029
290018.12994999805	1000.0	1258.2653320556406	0.0	0	0.0	3276.3952820530976	1	0	1	0.9674841734040374
290581.7169702537	500.0	1694.6783118000076	0.0	0	0.0	3276.3952820530976	1	0	1	-0.41881018771584844
291825.39029786544	1000.0	1451.0049841882162	0.0	0	0.0	3276.3952820530394	1	0	1	0.2743369928441106
292608.4631649977	1000.0	1667.9321170559822	0.0	0	0.0	3276.3952820530976	1	0	1	0.967484173404048
293288.29860715027	1000.0	1988.0966749033978	0.0	0	0.0	3276.3952820530976	1	0	1	0.9674841734040427
293996.0460937962	1000.0	2280.3491882574294	0.0	0	0.0	3276.3952820530976	1	0	1	0.9674841734040427
294786.1132126621	1000.0	2490.2820693915805	0.0	0	0.0	3276.3952820530976	1	0	1	0.9674841734040427
295507.80099697737	1000.0	2768.594285076323	0.0	0	0.0	3276.3952820530976	1	0	1	0.9674841734040427
296554.7483231211	1000.0	2721.64695893259	0.0	0	0.0	3276.3952820530976	1	0	1	0.9674841734040427
298044.15579748875	1000.0	2232.239484564948	0.0	0	0.0	3276.3952820530976	1	0	1	0.9674841734040427
298866.02752742753	1000.0	2410.3677546261915	0.0	0	0.0	3276.3952820530976	1	0	1	0.9674841734040427
299567.57665163395	1000.0	2708.818630419763	0.0	0	0.0	3276.3952820530976	1	0	1	0.9674841734040427
300780.27429900767	2000.0	2496.1209830459984	0.0	0	0.0	3276.3952820530976	1	0	1	0.9674841734040344
0.56	0.28	0.61	0.67	0.75	0.66	0.65	0.78	1.09	1.02	1.16	0.75	0.56	0.7	0.74	0.64	0.89	0.91	0.87	1.01	1.04	1.05	1.02	1.4	1.38	1.68	1.23	0.54	1.66	1.08	1.03	0.73	0.82	1.01	1.04	1.51	1.47	0.72	0.6	0.86	0.68	0.95	0.94	1.37	0.89	1.02	0.66	0.83	1.11	1.27	0.87	0.87	1.08	1.24	1.56	0.96	0.73	1.04	1.22	0.76	0.96	0.68	0.67	0.9	0.73	0.83	1.26	0.82	0.75	1.22	1.73	1.64	1.29	0.74	0.56	0.43	0.58	1.01	0.76	0.81	1.04	0.98	1.0	0.53	0.34	0.45	0.56	0.59	0.51	0.56	0.7	0.76	0.5	0.64	1.11	1.63	1.16	1.02	1.22	0.83	0.73	1.03	1.24	0.76	0.98	1.61	1.42	0.64	1.29	1.1	0.86	0.82	1.03	0.75	1.0	1.31	1.63	1.29	0.67	0.57	0.54	0.63	0.94	0.98	1.01	0.63	1.01	0.75	0.7	0.76	0.81	0.69	0.94	0.83	1.09	1.14	0.74	0.75	1.03	1.26	1.37	1.15	0.83	0.65	0.85	1.05	1.81	1.48	1.05	1.1	0.56	0.28	0.61	0.67	0.75	0.66	0.65	0.78	1.09	1.02	1.16	0.75	0.56	0.7	0.74	0.64	0.89	0.91	0.87	1.01	1.04	1.05	1.02	1.4	1.38	1.68	1.23	0.54	1.66	1.08	1.03	0.73	0.82	1.01	1.04	1.51	1.47	0.72	0.6	0.86	0.68	0.95	0.94	1.37	0.89	1.02	0.66	0.83	1.11	1.27	0.87	0.87	1.08	1.24	1.56	0.96	0.73	1.04	1.22	0.76	0.96	0.68	0.67	0.9	0.73	0.83	1.26	0.82	0.75	1.22	1.73	1.64	1.29	0.74	0.56	0.43	0.58	1.01	0.76	0.81	1.04	0.98	1.0	0.53	0.34	0.45	0.56	0.59	0.51	0.56	0.7	0.76	0.5	0.64	1.11	1.63	1.16	1.02	1.22	0.83	0.73	1.03	1.24	0.76	0.98	1.61	1.42	0.64	1.29	1.1	0.86	0.82	1.03	0.75	1.0	1.31	1.63	1.29	0.67	0.57	0.54	0.63	0.94	0.98	1.01	0.63	1.01	0.75	0.7	0.76	0.81	0.69	0.94	0.83	1.09	1.14	0.74	0.75	1.03	1.26	1.37	1.15	0.83	0.65	0.85	1.05	1.81	1.48	1.05	1.1	0.56
1.0	2.0	3.0	4.0	5.0	6.0	7.0	8.0	9.0	10.0	11.0	12.0	13.0	14.0	15.0	16.0	17.0	18.0	19.0	20.0	21.0	22.0	23.0	24.0	25.0	26.0	27.0	28.0	29.0	30.0	31.0	32.0	33.0	34.0	35.0	36.0	37.0	38.0	39.0	40.0	41.0	42.0	43.0	44.0	45.0	46.0	47.0	48.0	49.0	50.0	51.0	52.0	53.0	54.0	55.0	56.0	57.0	58.0	59.0	60.0	61.0	62.0	63.0	64.0	65.0	66.0	67.0	68.0	69.0	70.0	71.0	72.0	73.0	74.0	75.0	76.0	77.0	78.0	79.0	80.0	81.0	82.0	83.0	84.0	85.0	86.0	87.0	88.0	89.0	90.0	91.0	92.0	93.0	94.0	95.0	96.0	97.0	98.0	99.0	100.0	101.0	102.0	103.0	104.0	105.0	106.0	107.0	108.0	109.0	110.0	111.0	112.0	113.0	114.0	115.0	116.0	117.0	118.0	119.0	120.0	121.0	122.0	123.0	124.0	125.0	126.0	127.0	128.0	129.0	130.0	131.0	132.0	133.0	134.0	135.0	136.0	137.0	138.0	139.0	140.0	141.0	142.0	143.0	144.0	145.0	146.0	147.0	148.0	149.0	149.0	150.0	151.0	152.0	153.0	154.0	155.0	156.0	157.0	158.0	159.0	160.0	161.0	162.0	163.0	164.0	165.0	166.0	167.0	168.0	169.0	170.0	171.0	172.0	173.0	174.0	175.0	176.0	177.0	178.0	179.0	180.0	181.0	182.0	183.0	184.0	185.0	186.0	187.0	188.0	189.0	190.0	191.0	192.0	193.0	194.0	195.0	196.0	197.0	198.0	199.0	200.0	201.0	202.0	203.0	204.0	205.0	206.0	207.0	208.0	209.0	210.0	211.0	212.0	213.0	214.0	215.0	216.0	217.0	218.0	219.0	220.0	221.0	222.0	223.0	224.0	225.0	226.0	227.0	228.0	229.0	230.0	231.0	232.0	233.0	234.0	235.0	236.0	237.0	238.0	239.0	240.0	241.0	242.0	243.0	244.0	245.0	246.0	247.0	248.0	249.0	250.0	251.0	252.0	253.0	254.0	255.0	256.0	257.0	258.0	259.0	260.0	261.0	262.0	263.0	264.0	265.0	266.0	267.0	268.0	269.0	270.0	271.0	272.0	273.0	274.0	275.0	276.0	277.0	278.0	279.0	280.0	281.0	282.0	283.0	284.0	285.0	286.0	287.0	288.0	289.0	290.0	291.0	292.0	293.0	294.0	295.0	296.0	297.0	298.0	298.0	299.0
4420.322851377565
