3086.491294863476	300.0	2000.0	214.99364050200202	0	0.0	3086.491294863476	1	0	1	-1.4771811163980546
4391.6889737120055	2000.0	1694.8023211514706	0.0	0	0.0	3086.4912948634756	1	0	1	-0.19606872851108353
5005.797027130768	1000.0	2080.694267732708	0.0	0	0.0	3086.4912948634756	1	0	1	0.3147568952549076
6497.43825864457	2000.0	1589.0530362189056	0.0	0	0.0	3086.4912948634756	1	0	1	1.0079040758148528
7814.793803630918	2000.0	1271.6974912325577	0.0	0	0.0	3086.4912948634746	1	0	1	1.7010512563747981
8726.593283649288	1000.0	1359.8980112141855	0.0	0	0.0	3086.491294863473	1	0	1	0.31475689525490785
9528.693670357648	1000.0	1557.7976245058248	0.0	0	0.0	3086.491294863472	1	0	1	1.0079040758148534
10367.70696454971	1000.0	1718.7843303137624	0.0	0	0.0	3086.491294863472	1	0	1	1.0079040758148536
10974.424958860465	1000.0	2112.0663360030076	0.0	0	0.0	3086.491294863471	1	0	1	1.0079040758148534
11869.516308958779	1000.0	2216.974985904694	0.0	0	0.0	3086.491294863472	1	0	1	1.0079040758148534
13328.029941684714	2000.0	1758.461353178761	0.0	0	0.0	3086.491294863472	1	0	1	1.0079040758148534
14062.54786118899	2000.0	2023.943433674484	0.0	0	0.0	3086.49129486347	1	0	1	1.701051256374799
14927.856647838598	2000.0	2158.6346470248754	0.0	0	0.0	3086.4912948634683	1	0	1	1.7010512563747993
16277.199777978169	2000.0	1809.2915168853062	0.0	0	0.0	3086.49129486347	1	0	1	1.701051256374799
17071.32297539112	1000.0	2015.1683194723619	0.0	0	0.0	3086.4912948634774	1	0	1	0.3147568952549077
18144.38060896344	2000.0	1942.110685900037	0.0	0	0.0	3086.4912948634774	1	0	1	1.0079040758148525
18816.736751108678	1000.0	2269.7545437547983	0.0	0	0.0	3086.4912948634737	1	0	1	0.31475689525490735
20756.034858109833	2000.0	1330.456436753639	0.0	0	0.0	3086.49129486347	1	0	1	1.0079040758148539
21472.489781160653	1000.0	1614.0015137028167	0.0	0	0.0	3086.49129486347	1	0	1	0.3147568952549087
22126.04983423788	1000.0	1960.4414606255868	0.0	0	0.0	3086.49129486347	1	0	1	1.0079040758148539
22904.187032946906	1000.0	2182.3042619165644	0.0	0	0.0	3086.4912948634737	1	0	1	1.007904075814853
23609.596179648095	1000.0	2476.895115215375	0.0	0	0.0	3086.49129486347	1	0	1	1.0079040758148539
24649.18576924013	1000.0	2437.305525623341	0.0	0	0.0	3086.4912948634737	1	0	1	1.007904075814853
25453.445292056003	1000.0	2633.0460028074694	0.0	0	0.0	3086.4912948634737	1	0	1	1.007904075814853
27393.787923790336	2000.0	1692.7033710731384	0.0	0	0.0	3086.4912948634737	1	0	1	1.007904075814853
28189.29517590973	1000.0	1897.196118953741	0.0	0	0.0	3086.4912948634737	1	0	1	0.31475689525490785
29209.839084178522	1000.0	1876.6522106849475	0.0	0	0.0	3086.4912948634737	1	0	1	1.007904075814853
29931.987633985726	1000.0	2154.5036608777455	0.0	0	0.0	3086.4912948634774	1	0	1	1.0079040758148523
31720.86689994549	2000.0	1365.6243949179818	0.0	0	0.0	3086.4912948634774	1	0	1	1.0079040758148525
32497.1507052248	1000.0	1589.3405896386673	0.0	0	0.0	3086.4912948634774	1	0	1	0.31475689525490724
33303.39635228795	1000.0	1783.0949425755236	0.0	0	0.0	3086.4912948634847	1	0	1	1.0079040758148512
33925.92728230674	1000.0	2160.5640125567334	0.0	0	0.0	3086.4912948634774	1	0	1	1.0079040758148519
35027.22278844073	2000.0	2059.2685064227376	0.0	0	0.0	3086.4912948634774	1	0	1	1.0079040758148528
36175.01582315833	2000.0	1911.4754717051344	0.0	0	0.0	3086.4912948634665	1	0	1	1.7010512563747986
37331.95813809712	1000.0	1754.5331567663363	0.0	0	0.0	3086.4912948634665	1	0	1	0.31475689525490924
38121.0365092067	1000.0	1965.454785656756	0.0	0	0.0	3086.491294863459	1	0	1	1.0079040758148559
39113.51643192653	2000.0	1972.9748629369308	0.0	0	0.0	3086.491294863459	1	0	1	1.0079040758148556
40321.859078874906	2000.0	1764.6322159885572	0.0	0	0.0	3086.491294863459	1	0	1	1.701051256374801
40928.400863782044	1000.0	2158.090431081423	0.0	0	0.0	3086.491294863459	1	0	1	0.3147568952549108
41948.9858976612	2000.0	2137.50539720227	0.0	0	0.0	3086.491294863459	1	0	1	1.0079040758148556
42725.23313284649	2000.0	2361.258162016968	0.0	0	0.0	3086.491294863459	1	0	1	1.701051256374801
43678.187200690416	2000.0	2408.304094173045	0.0	0	0.0	3086.491294863459	1	0	1	1.701051256374801
44454.28718249027	2000.0	2632.204112373185	0.0	0	0.0	3086.491294863459	1	0	1	1.701051256374801
45200.0	2000.0	2886.4912948634533	0.0	0	52.4405754536856	3086.491294863459	1	0	1	1.701051256374801
46200.0	2000.0	2886.491294863455	0.0	0	297.7520286675135	3086.4912948634665	1	0	1	1.7010512563747995
47267.84844810571	2000.0	2818.6428467577484	0.0	0	0.0	3086.4912948634665	1	0	1	1.7010512563747995
48479.533083432456	2000.0	2606.9582114309974	0.0	0	0.0	3086.491294863459	1	0	1	1.701051256374801
49430.21278163234	2000.0	2656.27851323111	0.0	0	0.0	3086.491294863459	1	0	1	1.701051256374801
50384.669914264516	2000.0	2606.3756673357193	0.0	0	0.0	2991.0455816002504	1	0	2	1.3135227746032179
51589.534882363456	2000.0	2401.510699236773	0.0	0	0.0	2991.0455816002504	1	0	1	1.5189185658926865
52613.43205859857	2000.0	2377.6135230016553	0.0	0	0.0	2991.0455816002504	1	0	1	1.7189185658926867
53374.79332411139	2000.0	2616.25225748883	0.0	0	0.0	2991.0455816002577	1	0	1	1.7189185658926853
54397.63714622111	2000.0	2593.4084353791077	0.0	0	0.0	2991.0455816002577	1	0	1	1.7189185658926853
55638.4406402102	2000.0	2352.604941390018	0.0	0	0.0	2991.0455816002577	1	0	1	1.7189185658926853
56804.21592301156	2000.0	2186.8296585886646	0.0	0	0.0	2991.0455816002577	1	0	1	1.7189185658926853
57877.70851517195	2000.0	2113.337066428272	0.0	0	0.0	2991.0455816002504	1	0	1	1.7189185658926867
58614.06477640919	2000.0	2376.9808051910327	0.0	0	0.0	2991.0455816002577	1	0	1	1.7189185658926853
59200.0	2000.0	2791.0455816002172	0.0	0	0.9068221803318011	2991.045581600265	1	0	1	1.7189185658926842
60200.0	3000.0	2691.045581600214	0.0	0	89.95286650147318	2891.045581600265	1	0	2	1.3306088241764669
61832.223989575854	3000.0	1895.5991930667728	0.0	0	0.0	2727.823182642678	1	0	2	1.9587957318760534
62841.1961466175	2000.0	1886.6270360251356	0.0	0	0.0	2727.8231826426854	1	0	1	1.1553928884940203
64026.66734870049	2000.0	1701.1558339421429	0.0	0	0.0	2727.8231826426854	1	0	1	1.7608579966021851
64985.35146691167	2000.0	1742.4717157309633	0.0	0	0.0	2727.8231826426927	1	0	1	1.7608579966021842
65708.02416099368	2000.0	2019.7990216489534	0.0	0	0.0	2727.8231826426854	1	0	1	1.760857996602185
66316.20631997394	2000.0	2411.616862668688	0.0	0	0.0	2727.823182642671	1	0	1	1.760857996602187
67614.88851184439	2000.0	2112.9346707982286	0.0	0	0.0	2727.823182642671	1	0	1	1.7608579966021878
68991.58054423168	2000.0	1736.2426384109347	0.0	0	0.0	2727.8231826426636	1	0	1	1.760857996602188
69781.39461261035	1000.0	1946.4285700322735	0.0	0	0.0	2727.8231826426636	1	0	1	0.3745636354822978
70593.50731892893	1000.0	2134.3158637137094	0.0	0	0.0	2727.823182642678	1	0	1	1.067710816042241
71428.89328604696	1000.0	2298.9298965956777	0.0	0	0.0	2727.823182642678	1	0	1	1.067710816042241
72541.11780740602	2000.0	2186.70537523663	0.0	0	0.0	2727.823182642678	1	0	1	1.067710816042241
73342.9264382544	2000.0	2384.8967443882357	0.0	0	0.0	2727.8231826426636	1	0	1	1.760857996602188
74474.97777330756	2000.0	2252.845409335096	0.0	0	0.0	2727.8231826426636	1	0	1	1.760857996602188
75977.88498399012	2000.0	1749.938198652536	0.0	0	0.0	2727.8231826426636	1	0	1	1.760857996602188
77113.80108583979	2000.0	1614.0220968028618	0.0	0	0.0	2727.8231826426636	1	0	1	1.760857996602188
78884.7145725799	2000.0	843.1086100627257	0.0	0	0.0	2727.8231826426636	1	0	1	1.760857996602188
79353.70308894514	1000.0	1374.1200936974953	0.0	0	0.0	2727.8231826426636	1	0	1	0.3745636354822978
80435.7131407843	2000.0	1292.1100418583414	0.0	0	0.0	2727.8231826426636	1	0	1	1.067710816042243
81597.45664692932	2000.0	1130.366535713307	0.0	0	0.0	2727.823182642649	1	0	1	1.7608579966021902
83380.88329250953	2000.0	384.66378929882654	37.723899165724006	0	0.0	2765.547081808385	1	0	1	1.5291087381169886
84065.89829773444	1000.0	699.6487840739317	0.0	0	0.0	2765.547081808385	1	0	1	0.3691577719914423
84561.27612416577	1000.0	1204.2709576425996	0.0	0	0.0	2765.5470818083704	1	0	1	1.0623049525513897
85545.81469981541	2000.0	1219.732381992963	0.0	0	0.0	2765.547081808385	1	0	1	1.0623049525513875
86311.8251514378	2000.0	1453.7219303705724	0.0	0	0.0	2765.547081808385	1	0	1	1.7554521331113326
87180.3897208282	2000.0	1585.15736098018	0.0	0	0.0	2765.5470818083995	1	0	1	1.7554521331113304
88234.26697535136	2000.0	1531.2801064569976	0.0	0	0.0	2765.547081808385	1	0	1	1.7554521331113326
89003.52944649283	1000.0	1762.0176353155152	0.0	0	0.0	2765.547081808385	1	0	1	0.3691577719914423
90306.22361151788	2000.0	1459.3234702904615	0.0	0	0.0	2765.547081808385	1	0	1	1.0623049525513875
90976.47615512433	1000.0	1789.0709266840204	0.0	0	0.0	2765.5470818083995	1	0	1	0.3691577719914401
92411.2320371298	2000.0	1354.3150446785664	0.0	0	0.0	2765.5470818083995	1	0	1	1.0623049525513852
93044.19541398853	1000.0	1721.3516678198368	0.0	0	0.0	2765.5470818083995	1	0	1	0.3691577719914401
93863.1258652624	2000.0	1902.4212165459653	0.0	0	0.0	2765.5470818083995	1	0	1	1.0623049525513852
95079.68228092973	2000.0	1685.8648008786492	0.0	0	0.0	2765.5470818083995	1	0	1	1.7554521331113304
96182.04060898267	2000.0	1583.5064728257146	0.0	0	0.0	2765.547081808414	1	0	1	1.7554521331113282
96829.72828106252	2000.0	1935.8188007458853	0.0	0	0.0	2765.547081808414	1	0	1	1.7554521331113282
98438.84662552562	2000.0	1326.700456282798	0.0	0	0.0	2765.5470818084286	1	0	1	1.7554521331113262
99411.7578241827	1000.0	1353.789257625706	0.0	0	0.0	2765.5470818084286	1	0	1	0.36915777199143596
100794.37761999547	1000.0	971.1694618129484	0.0	0	0.0	2765.5470818084286	1	0	1	1.062304952551381
101454.6565276751	1000.0	1310.8905541333293	0.0	0	0.0	2765.5470818084286	1	0	1	1.062304952551381
102021.85158366796	1000.0	1743.6954981404717	0.0	0	0.0	2765.5470818084286	1	0	1	1.062304952551381
103281.15034614298	2000.0	1484.3967356654498	0.0	0	0.0	2765.5470818084286	1	0	1	1.062304952551381
103848.42542829941	1000.0	1917.1216535090275	0.0	0	0.0	2765.5470818084286	1	0	1	0.36915777199143596
105067.75627694267	2000.0	1697.790804865759	0.0	0	0.0	2765.547081808414	1	0	1	1.062304952551383
106334.73685786859	2000.0	1430.8102239398524	0.0	0	0.0	2765.547081808414	1	0	1	1.7554521331113282
107486.68163149699	2000.0	1278.8654503114467	0.0	0	0.0	2765.547081808414	1	0	1	1.7554521331113282
108234.64547380489	2000.0	1530.9016080035417	0.0	0	0.0	2765.547081808414	1	0	1	1.7554521331113282
109404.69516631364	2000.0	1360.8519154948003	0.0	0	0.0	2765.5470818084286	1	0	1	1.7554521331113262
110260.26634635957	2000.0	1505.280735448868	0.0	0	0.0	2765.5470818084286	1	0	1	1.7554521331113262
111866.17041658353	2000.0	899.3766652249117	0.0	0	0.0	2765.547081808443	1	0	1	1.755452133111324
112768.88646626724	1000.0	996.6606155412023	0.0	0	0.0	2765.547081808443	1	0	1	0.36915777199143374
113745.819548714	1000.0	1019.7275330944318	0.0	0	0.0	2765.547081808443	1	0	1	1.0623049525513788
114495.8116215847	1000.0	1269.7354602237208	0.0	0	0.0	2765.547081808443	1	0	1	1.0623049525513788
115072.39393723728	1000.0	1693.15314457113	0.0	0	0.0	2765.547081808443	1	0	1	1.0623049525513788
116058.62720903351	2000.0	1706.919872774914	0.0	0	0.0	2765.547081808443	1	0	1	1.0623049525513788
117229.85205614244	2000.0	1535.6950256659802	0.0	0	0.0	2765.547081808443	1	0	1	1.755452133111324
118086.29576565626	2000.0	1679.2513161521574	0.0	0	0.0	2765.547081808443	1	0	1	1.755452133111324
118605.54143200169	2000.0	2160.0056498067206	0.0	0	0.0	2765.547081808443	1	0	1	1.755452133111324
119429.78822164041	2000.0	2335.7588601679813	0.0	0	0.0	2765.547081808443	1	0	1	1.755452133111324
120504.17141104375	2000.0	2261.375670764632	0.0	0	0.0	2765.547081808443	1	0	1	1.755452133111324
121520.53405430693	2000.0	2245.0130275014376	0.0	0	0.0	2765.547081808443	1	0	1	1.755452133111324
123810.01244692477	2000.0	955.534634883592	0.0	0	0.0	2765.547081808443	1	0	1	1.755452133111324
124904.54157547464	1000.0	861.0055063337227	0.0	0	0.0	2765.547081808443	1	0	1	0.36915777199143374
125919.84598830435	1000.0	845.7010935039933	0.0	0	0.0	2765.547081808443	1	0	1	1.0623049525513788
126688.01433685694	1000.0	1077.532744951427	0.0	0	0.0	2765.547081808443	1	0	1	1.0623049525513788
127583.74346882304	1000.0	1181.8036129853276	0.0	0	0.0	2765.5470818084286	1	0	1	1.062304952551381
128399.41431986148	1000.0	1366.1327619468998	0.0	0	0.0	2765.5470818084286	1	0	1	1.062304952551381
129319.99388017051	1000.0	1445.5532016378675	0.0	0	0.0	2765.547081808414	1	0	1	1.0623049525513832
130228.52266637355	1000.0	1537.0244154348156	0.0	0	0.0	2765.547081808414	1	0	1	1.0623049525513832
130909.90205341221	1000.0	1855.6450283961278	0.0	0	0.0	2765.547081808414	1	0	1	1.0623049525513832
132848.2535694857	2000.0	917.2935123226458	0.0	0	0.0	2765.5470818084286	1	0	1	1.0623049525513797
133429.77577355967	500.0	1335.7713082486907	0.0	0	0.0	2765.5470818084286	1	0	1	-1.0171365891284565
134227.84487309493	1000.0	1537.7022087134417	0.0	0	0.0	2765.547081808414	1	0	1	0.36915777199143784
135111.78671518117	1000.0	1653.7603666272278	0.0	0	0.0	2765.547081808414	1	0	1	1.0623049525513832
135936.53128873272	1000.0	1829.01579307567	0.0	0	0.0	2765.547081808414	1	0	1	1.0623049525513832
137051.42978309936	1000.0	1714.1172987090267	0.0	0	0.0	2765.547081808414	1	0	1	1.0623049525513832
137707.48099005726	1000.0	2058.0660917511173	0.0	0	0.0	2765.547081808414	1	0	1	1.0623049525513832
138464.39323977855	1000.0	2301.1538420297957	0.0	0	0.0	2765.547081808414	1	0	1	1.0623049525513832
139768.84233744457	2000.0	1996.704744363774	0.0	0	0.0	2765.547081808385	1	0	1	1.0623049525513875
141126.81916290458	2000.0	1638.7279189037808	0.0	0	0.0	2765.547081808385	1	0	1	1.7554521331113326
141588.01743148483	1000.0	2177.529650323543	0.0	0	0.0	2765.547081808385	1	0	1	0.3691577719914423
143706.4394142537	2000.0	1059.1076675546774	0.0	0	0.0	2765.547081808385	1	0	1	1.0623049525513875
144391.61116299842	500.0	1373.9359188099706	0.0	0	0.0	2765.547081808385	1	0	1	-1.0171365891284487
145277.78661071442	1000.0	1487.760471093957	0.0	0	0.0	2765.547081808385	1	0	1	0.36915777199144206
145954.144880288	1000.0	1811.4022015203723	0.0	0	0.0	2765.547081808356	1	0	1	1.0623049525513917
146869.360041668	2000.0	1896.1870401403478	0.0	0	0.0	2765.547081808356	1	0	1	1.0623049525513917
148004.7607463527	2000.0	1760.7863354556373	0.0	0	0.0	2765.547081808356	1	0	1	1.7554521331113369
148861.94329952815	2000.0	1903.6037822801425	0.0	0	0.0	2765.547081808356	1	0	1	1.7554521331113369
149908.72241736532	2000.0	1856.8246644429516	0.0	0	0.0	2765.547081808356	1	0	1	1.7554521331113369
151206.85605671094	2000.0	1558.6910250973542	0.0	0	0.0	2765.547081808356	1	0	1	1.7554521331113369
151961.2495034824	2000.0	1804.2975783258876	0.0	0	0.0	2765.547081808356	1	0	1	1.7554521331113369
153460.6876094163	2000.0	1304.8594723919807	0.0	0	0.0	2765.547081808356	1	0	1	1.7554521331113369
154068.2877249104	1000.0	1697.259356897885	0.0	0	0.0	2765.547081808385	1	0	1	0.3691577719914423
155163.51672166237	2000.0	1602.030360145879	0.0	0	0.0	2765.547081808385	1	0	1	1.0623049525513875
156236.41191277438	2000.0	1529.135169033859	0.0	0	0.0	2765.547081808385	1	0	1	1.7554521331113326
157151.56462024094	1000.0	1613.982461567297	0.0	0	0.0	2765.547081808385	1	0	1	0.3691577719914423
157792.66002049	1000.0	1972.8870613182448	0.0	0	0.0	2765.547081808356	1	0	1	1.06230495255139
159060.12805533077	2000.0	1705.4190264774852	0.0	0	0.0	2765.547081808356	1	0	1	1.0623049525513917
159654.66498983352	1000.0	2110.882091974755	0.0	0	0.0	2765.547081808356	1	0	1	0.3691577719914465
161418.68785909688	2000.0	1346.859222711379	0.0	0	0.0	2765.547081808356	1	0	1	1.0623049525513917
162014.89428145904	1000.0	1750.6528003492474	0.0	0	0.0	2765.547081808385	1	0	1	0.3691577719914423
163003.7086119053	2000.0	1761.8384699029841	0.0	0	0.0	2765.547081808385	1	0	1	1.0623049525513875
164183.07372796847	2000.0	1582.4733538398034	0.0	0	0.0	2765.547081808356	1	0	1	1.7554521331113353
164986.59327339544	1000.0	1778.9538084128394	0.0	0	0.0	2765.547081808356	1	0	1	0.3691577719914465
165901.14770037416	1000.0	1864.3993814341277	0.0	0	0.0	2765.547081808414	1	0	1	1.0623049525513848
167319.38411560035	2000.0	1446.1629662079363	0.0	0	0.0	2765.547081808385	1	0	1	1.0623049525513866
167889.96154814353	1000.0	1875.5855336647303	0.0	0	0.0	2765.547081808385	1	0	1	0.3691577719914423
169063.45097253277	2000.0	1702.096109275513	0.0	0	0.0	2765.547081808443	1	0	1	1.0623049525513812
169860.70860999924	1000.0	1904.838471809047	0.0	0	0.0	2765.547081808443	1	0	1	0.36915777199143374
170707.23207597036	1000.0	2058.31500583791	0.0	0	0.0	2765.5470818084723	1	0	1	1.0623049525513748
171630.0294077994	1000.0	2135.517674008882	0.0	0	0.0	2765.5470818084723	1	0	1	1.0623049525513748
172500.28922603064	1000.0	2265.2578557776305	0.0	0	0.0	2765.5470818084723	1	0	1	1.0623049525513748
173573.6723208767	1000.0	2191.874760931555	0.0	0	0.0	2765.5470818084723	1	0	1	1.0623049525513748
174481.8457061382	1000.0	2283.701375670056	0.0	0	0.0	2765.547081808443	1	0	1	1.0623049525513788
175536.73640574876	1000.0	2228.8106760594555	0.0	0	0.0	2765.547081808414	1	0	1	1.0623049525513832
176390.888622186	1000.0	2374.658459622216	0.0	0	0.0	2765.547081808443	1	0	1	1.0623049525513788
177385.34283812874	1000.0	2380.2042436795027	0.0	0	0.0	2765.5470818084723	1	0	1	1.0623049525513748
178212.75521632336	1000.0	2552.7918654848704	0.0	0	0.0	2765.5470818084723	1	0	1	1.0623049525513748
179700.4449953088	2000.0	2065.1020864994416	0.0	0	0.0	2765.5470818085014	1	0	1	1.0623049525513706
180478.40436568012	1000.0	2287.1427161281163	0.0	0	0.0	2765.5470818085014	1	0	1	0.3691577719914253
182289.42506729517	2000.0	1476.1220145130817	0.0	0	0.0	2765.5470818085014	1	0	1	1.0623049525513706
183225.15412483466	1000.0	1540.3929569735915	0.0	0	0.0	2765.5470818085014	1	0	1	0.3691577719914253
183724.8106833086	1000.0	2040.7363984996584	0.0	0	0.0	2765.5470818085014	1	0	1	1.0623049525513704
185392.6402977245	2000.0	1372.9067840837745	0.0	0	0.0	2765.5470818085014	1	0	1	1.0623049525513706
186110.7656048721	1000.0	1654.781476936181	0.0	0	0.0	2765.5470818084723	1	0	1	0.3691577719914296
186843.87962382194	1000.0	1921.6674579863666	0.0	0	0.0	2765.547081808443	1	0	1	1.0623049525513772
188301.62799685862	2000.0	1463.9190849496524	0.0	0	0.0	2765.547081808385	1	0	1	1.0623049525513866
188965.4309463766	1000.0	1800.1161354316432	0.0	0	0.0	2765.547081808385	1	0	1	0.3691577719914423
190202.04834540767	2000.0	1563.4987364006042	0.0	0	0.0	2765.547081808385	1	0	1	1.0623049525513875
191105.7199316552	2000.0	1659.827150153054	0.0	0	0.0	2765.547081808414	1	0	1	1.7554521331113282
192104.83624358408	2000.0	1660.7108382241868	0.0	0	0.0	2765.547081808414	1	0	1	1.7554521331113282
193256.86182212253	2000.0	1508.68525968579	0.0	0	0.0	2765.547081808443	1	0	1	1.7554521331113246
193970.04963162358	2000.0	1795.4974501847526	0.0	0	0.0	2765.547081808443	1	0	1	1.755452133111324
195008.97458275539	2000.0	1756.572499052972	0.0	0	0.0	2765.547081808443	1	0	1	1.755452133111324
196155.7946043314	2000.0	1609.7524774769638	0.0	0	0.0	2765.5470818084723	1	0	1	1.7554521331113215
197380.0780484932	2000.0	1385.4690333151668	0.0	0	0.0	2765.5470818084723	1	0	1	1.7554521331113198
198129.81129841905	2000.0	1635.735783389289	0.0	0	0.0	2765.5470818084723	1	0	1	1.7554521331113198
198908.8240088401	2000.0	1856.7230729682306	0.0	0	0.0	2765.5470818084723	1	0	1	1.7554521331113198
200635.24374875193	2000.0	1130.3033330564024	0.0	0	0.0	2765.547081808443	1	0	1	1.755452133111323
201033.1323184413	1000.0	1732.4147633670432	0.0	0	0.0	2765.547081808443	1	0	1	0.36915777199143374
202076.31410538487	2000.0	1689.232976423435	0.0	0	0.0	2765.547081808414	1	0	1	1.062304952551383
203270.32517376886	2000.0	1495.2219080394598	0.0	0	0.0	2765.547081808414	1	0	1	1.7554521331113282
204083.16808312578	2000.0	1682.3789986825082	0.0	0	0.0	2765.547081808414	1	0	1	1.7554521331113282
205207.50145633882	2000.0	1558.0456254694616	0.0	0	0.0	2765.547081808414	1	0	1	1.7554521331113282
206051.63455376538	2000.0	1713.912528042893	0.0	0	0.0	2765.547081808414	1	0	1	1.7554521331113282
207259.2669984933	2000.0	1506.2800833150372	0.0	0	0.0	2765.547081808414	1	0	1	1.7554521331113282
207970.1580061357	2000.0	1795.38907567264	0.0	0	0.0	2765.547081808443	1	0	1	1.7554521331113246
208746.5697101458	2000.0	2018.9773716625368	0.0	0	0.0	2765.5470818084723	1	0	1	1.7554521331113233
209543.09034291477	2000.0	2222.4567388935766	0.0	0	0.0	2765.5470818084723	1	0	1	1.7554521331113198
210446.4974846567	2000.0	2228.708882977473	0.0	0	0.0	2675.206367634295	1	0	2	1.3647791274552012
211674.75734473747	2000.0	2000.4490228966915	0.0	0	0.0	2675.206367634266	1	0	1	1.568089088837684
212882.8503844295	2000.0	1792.3559832046478	0.0	0	0.0	2675.206367634266	1	0	1	1.7680890888376894
214155.74330248966	2000.0	1519.4630651445473	0.0	0	0.0	2675.206367634295	1	0	1	1.7680890888376841
214800.0079746644	2000.0	1875.19839296985	0.0	0	0.0	2675.206367634295	1	0	1	1.7680890888376832
215744.56981128664	2000.0	1930.6365563475756	0.0	0	0.0	2675.206367634266	1	0	1	1.7680890888376872
217093.9412391102	2000.0	1581.2651285240024	0.0	0	0.0	2675.206367634266	1	0	1	1.7680890888376872
218067.55067751242	1000.0	1607.6556901217784	0.0	0	0.0	2675.206367634324	1	0	1	0.3817947277177906
219094.06743894576	1000.0	1581.138928688433	0.0	0	0.0	2675.206367634324	1	0	1	1.0749419082777343
219715.71794899358	1000.0	1959.4884186406296	0.0	0	0.0	2675.2063676343532	1	0	1	1.0749419082777303
220294.66077477759	1000.0	2380.5455928566303	0.0	0	0.0	2675.2063676343823	1	0	1	1.0749419082777265
221659.55896913185	2000.0	2015.6473985023995	0.0	0	0.0	2675.2063676343823	1	0	1	1.0749419082777263
222678.51686340713	2000.0	1996.6895042270876	0.0	0	0.0	2675.2063676343532	1	0	1	1.7680890888376755
223637.1967541074	2000.0	2038.0096135268027	0.0	0	0.0	2675.2063676343532	1	0	1	1.7680890888376755
225014.93232137006	2000.0	1660.2740462641566	0.0	0	0.0	2675.206367634324	1	0	1	1.7680890888376775
226007.0421528038	2000.0	1668.1642148303683	0.0	0	0.0	2675.206367634295	1	0	1	1.7680890888376817
227416.45959426637	2000.0	1258.7467733677752	0.0	0	0.0	2675.206367634295	1	0	1	1.7680890888376832
228097.57434194858	1000.0	1577.6320256855363	0.0	0	0.0	2675.206367634324	1	0	1	0.38179472771778905
229017.65782477512	2000.0	1657.5485428589827	0.0	0	0.0	2675.206367634295	1	0	1	1.074941908277738
230114.72337459543	2000.0	1560.4829930386718	0.0	0	0.0	2675.206367634295	1	0	1	1.7680890888376832
231645.07436939006	2000.0	1030.1319982440555	0.0	0	0.0	2675.206367634295	1	0	1	1.7680890888376832
232054.2343992921	1000.0	1620.971968342009	0.0	0	0.0	2675.206367634295	1	0	1	0.38179472771779294
233212.6229359055	2000.0	1462.583431728625	0.0	0	0.0	2675.206367634324	1	0	1	1.074941908277735
234017.23257566817	2000.0	1657.9737919659512	0.0	0	0.0	2675.206367634324	1	0	1	1.7680890888376792
234654.56145563952	2000.0	2020.6449119945828	0.0	0	0.0	2675.206367634324	1	0	1	1.7680890888376792
235449.19923450222	2000.0	2226.007133131885	0.0	0	0.0	2675.206367634324	1	0	1	1.7680890888376792
236517.13233836627	3000.0	2051.280718881442	0.0	0	0.0	2568.4130572479335	1	0	2	1.3784441899803423
237617.36338699702	2000.0	1841.0265653876118	0.0	0	0.0	2458.389952384867	1	0	2	1.185421291387367
238843.899067938	2000.0	1614.4908844466097	0.0	0	0.0	2458.389952384867	1	0	1	1.5944056548880576
240157.05435325167	2000.0	1301.3355991329297	0.0	0	0.0	2458.389952384867	1	0	1	1.7944056548880578
240768.02839758052	1000.0	1690.3615548040716	0.0	0	0.0	2458.389952384867	1	0	1	0.4081112937681674
242019.22803197172	2000.0	1439.1619204128544	0.0	0	0.0	2458.389952384867	1	0	1	1.1012584743281124
243159.69945068518	2000.0	1298.6905016994176	0.0	0	0.0	2458.389952384896	1	0	1	1.7944056548880554
244516.06556551685	2000.0	942.3243868677579	0.0	0	0.0	2458.389952384896	1	0	1	1.7944056548880547
244950.0586451132	1000.0	1508.3313072713977	0.0	0	0.0	2458.389952384896	1	0	1	0.40811129376816424
245827.90297612207	2000.0	1630.4869762624974	0.0	0	0.0	2458.389952384896	1	0	1	1.1012584743281075
246657.18058841696	2000.0	1801.209363967633	0.0	0	0.0	2458.389952384925	1	0	1	1.7944056548880514
248074.87342742068	2000.0	1383.5165249639176	0.0	0	0.0	2458.389952384925	1	0	1	1.7944056548880514
249497.1494943008	1000.0	961.2404580837922	0.0	0	0.0	2458.389952384925	1	0	1	0.408111293768161
249907.83160702832	500.0	1550.558345356271	0.0	0	0.0	2458.389952384925	1	0	1	-0.2850358867917846
250841.3998270854	2000.0	1616.9901252991726	0.0	0	0.0	2458.389952384925	1	0	1	0.40811129376816085
251523.01620360534	1000.0	1935.3737487792691	0.0	0	0.0	2458.389952384925	1	0	1	0.408111293768161
252866.19235693238	2000.0	1592.1975954522547	0.0	0	0.0	2458.389952384925	1	0	1	1.1012584743281062
253639.93078335706	2000.0	1818.4591690276143	0.0	0	0.0	2458.389952384925	1	0	1	1.7944056548880514
254859.10981037372	2000.0	1599.2801420109563	0.0	0	0.0	2458.389952384925	1	0	1	1.7944056548880514
255859.66634870143	2000.0	1598.7236036832346	0.0	0	0.0	2458.389952384925	1	0	1	1.7944056548880514
256950.58209123943	2000.0	1507.8078611452222	0.0	0	0.0	2458.389952384896	1	0	1	1.7944056548880534
257587.01210840596	2000.0	1871.3778439787097	0.0	0	0.0	2458.389952384896	1	0	1	1.7944056548880547
258889.7488130433	2000.0	1568.6411393414255	0.0	0	0.0	2458.389952384925	1	0	1	1.7944056548880534
260401.06183331518	2000.0	1057.3281190695416	0.0	0	0.0	2458.389952384925	1	0	1	1.7944056548880514
261114.26519834052	1000.0	1344.1247540441718	0.0	0	0.0	2458.389952384925	1	0	1	0.408111293768161
261965.4020812473	1000.0	1492.9878711373894	0.0	0	0.0	2458.389952384925	1	0	1	1.1012584743281062
262622.4787079357	1000.0	1835.9112444490033	0.0	0	0.0	2458.389952384954	1	0	1	1.101258474328103
263261.48478325293	1000.0	2196.90516913178	0.0	0	0.0	2458.389952384954	1	0	1	1.1012584743281018
264231.5194226174	2000.0	2226.8705297673596	0.0	0	0.0	2458.389952384954	1	0	1	1.101258474328103
265200.0	2000.0	2258.3899523846862	0.0	0	36.430231377482414	2458.389952384925	1	0	1	1.7944056548880514
266243.9174111981	2000.0	2214.472541186641	0.0	0	0.0	2458.389952384925	1	0	1	1.7944056548880514
267200.0	2000.0	2258.3899523846776	0.0	0	225.01950920867966	2458.389952384925	1	0	1	1.7944056548880514
268200.0	2000.0	2258.3899523846594	0.0	0	25.58699666702887	2458.389952384867	1	0	1	1.7944056548880565
269200.0	2000.0	2258.3899523846217	0.0	0	62.89009444596013	2458.389952384867	1	0	1	1.7944056548880578
270218.8066737229	2000.0	2239.58327866173	0.0	0	0.0	2458.389952384867	1	0	1	1.7944056548880578
272025.1987362638	2000.0	1433.1912161208377	0.0	0	0.0	2458.389952384867	1	0	1	1.7944056548880578
273062.44188060454	1000.0	1395.9480717800677	0.0	0	0.0	2458.389952384867	1	0	1	0.40811129376816996
274120.94980005635	1000.0	1337.440152328237	0.0	0	0.0	2458.389952384983	1	0	1	1.101258474328101
275101.2933526305	1000.0	1357.0965997540677	0.0	0	0.0	2458.389952384983	1	0	1	1.101258474328101
275874.2429627605	1000.0	1584.1469896240367	0.0	0	0.0	2458.389952384925	1	0	1	1.1012584743281035
276785.88709538407	1000.0	1672.502857000413	0.0	0	0.0	2458.389952384867	1	0	1	1.1012584743281075
277996.0167874925	1000.0	1462.373164891938	0.0	0	0.0	2458.389952384867	1	0	1	1.1012584743281126
278602.20294161147	1000.0	1856.1870107730394	0.0	0	0.0	2458.389952384867	1	0	1	1.1012584743281126
279782.74725111335	2000.0	1675.642701271216	0.0	0	0.0	2458.389952384867	1	0	1	1.1012584743281124
280373.30488596286	1000.0	2085.0850664217205	0.0	0	0.0	2458.389952384867	1	0	1	0.4081112937681674
281630.8945068492	2000.0	1827.4954455354125	0.0	0	0.0	2458.3899523848086	1	0	1	1.1012584743281189
282523.70637704624	1000.0	1934.683575338331	0.0	0	0.0	2458.389952384867	1	0	1	0.4081112937681674
283459.4500735809	1000.0	1998.939878803714	0.0	0	0.0	2458.3899523848086	1	0	1	1.101258474328119
284247.0819381884	1000.0	2211.3080141962155	0.0	0	0.0	2458.3899523848086	1	0	1	1.101258474328119
286355.2771591916	2000.0	1103.1127931930075	0.0	0	0.0	2458.3899523847504	1	0	1	1.1012584743281253
287073.28171804047	1000.0	1385.108234344125	0.0	0	0.0	2458.3899523847504	1	0	1	0.40811129376818017
287836.5625068708	1000.0	1621.827445513834	0.0	0	0.0	2458.389952384692	1	0	1	1.101258474328128
288373.2729180923	1000.0	2085.1170342923338	0.0	0	0.0	2458.389952384692	1	0	1	1.1012584743281317
289723.93655181135	2000.0	1734.4534005732928	0.0	0	0.0	2458.389952384692	1	0	1	1.1012584743281317
291139.62375910376	2000.0	1318.7661932808758	0.0	0	0.0	2458.3899523847504	1	0	1	1.7944056548880705
292726.2764279001	1000.0	732.1135244844788	0.0	0	0.0	2458.389952384634	1	0	1	0.40811129376819166
293413.95642515714	500.0	1044.4335272274575	0.0	0	0.0	2458.389952384692	1	0	1	-0.28503588679175906
294414.7658345213	1000.0	1043.6241178632808	0.0	0	0.0	2458.3899523847504	1	0	1	0.40811129376817995
295062.8438676783	1000.0	1395.5460847062789	0.0	0	0.0	2458.3899523847504	1	0	1	1.1012584743281253
295667.0466234149	1000.0	1791.3433289696695	0.0	0	0.0	2458.3899523847504	1	0	1	1.1012584743281253
296961.3400741308	2000.0	1497.0498782537584	0.0	0	0.0	2458.389952384692	1	0	1	1.1012584743281317
297836.2255397272	2000.0	1622.16441265735	0.0	0	0.0	2458.389952384692	1	0	1	1.794405654888077
298843.7977355453	2000.0	1614.592216839245	0.0	0	0.0	2458.389952384692	1	0	1	1.794405654888077
300201.96357667254	2000.0	1256.4263757119875	0.0	0	0.0	2458.389952384692	1	0	1	1.794405654888077
301499.8424282301	2000.0	958.5475241544716	0.0	0	0.0	2458.389952384692	1	0	1	1.794405654888077
1.89	1.47	1.56	1.92	1.56	1.26	1.68	1.56	1.32	1.54	2.2	2.21	1.49	1.2	1.66	1.52	1.62	1.16	1.41	1.17	1.08	1.11	1.38	1.17	1.19	1.09	1.26	1.61	1.42	1.3	1.34	1.55	1.96	1.1	1.16	1.68	1.9	1.49	1.91	2.24	2.22	2.26	2.43	2.46	1.95	2.2	2.86	1.58	1.16	1.95	2.0	2.07	2.22	1.83	1.87	2.4	3.17	2.78	1.8	1.36	2.24	1.81	2.47	2.68	1.89	1.34	0.98	1.27	1.63	2.11	2.36	2.24	1.34	2.07	1.76	1.37	1.88	2.15	2.12	0.87	1.95	2.14	2.68	3.28	2.8	1.26	1.26	1.8	2.06	1.26	2.06	2.02	1.84	2.58	2.04	1.18	1.19	0.81	1.91	1.51	1.71	2.11	2.31	1.84	2.13	2.43	2.04	2.11	1.3	1.32	1.33	1.39	1.98	2.04	2.47	2.95	2.21	2.62	1.48	0.73	1.19	1.09	1.08	1.15	1.51	0.98	1.41	1.3	1.7	1.14	1.03	1.45	1.39	0.97	1.4	1.61	1.48	1.75	1.7	1.27	0.66	0.79	1.3	1.9	1.97	2.42	2.41	1.81	2.13	3.32	1.89	1.47	1.56	1.92	1.56	1.26	1.68	1.56	1.32	1.54	2.2	2.21	1.49	1.2	1.66	1.52	1.62	1.16	1.41	1.17	1.08	1.11	1.38	1.17	1.19	1.09	1.26	1.61	1.42	1.3	1.34	1.55	1.96	1.1	1.16	1.68	1.9	1.49	1.91	2.24	2.22	2.26	2.43	2.46	1.95	2.2	2.86	1.58	1.16	1.95	2.0	2.07	2.22	1.83	1.87	2.4	3.17	2.78	1.8	1.36	2.24	1.81	2.47	2.68	1.89	1.34	0.98	1.27	1.63	2.11	2.36	2.24	1.34	2.07	1.76	1.37	1.88	2.15	2.12	0.87	1.95	2.14	2.68	3.28	2.8	1.26	1.26	1.8	2.06	1.26	2.06	2.02	1.84	2.58	2.04	1.18	1.19	0.81	1.91	1.51	1.71	2.11	2.31	1.84	2.13	2.43	2.04	2.11	1.3	1.32	1.33	1.39	1.98	2.04	2.47	2.95	2.21	2.62	1.48	0.73	1.19	1.09	1.08	1.15	1.51	0.98	1.41	1.3	1.7	1.14	1.03	1.45	1.39	0.97	1.4	1.61	1.48	1.75	1.7	1.27	0.66	0.79	1.3	1.9	1.97	2.42	2.41	1.81	2.13	3.32	1.89	1.47
1.0	2.0	3.0	4.0	5.0	6.0	7.0	8.0	9.0	10.0	11.0	12.0	13.0	14.0	15.0	16.0	17.0	18.0	19.0	20.0	21.0	22.0	23.0	24.0	25.0	26.0	27.0	28.0	29.0	30.0	31.0	32.0	33.0	34.0	35.0	36.0	37.0	38.0	39.0	40.0	41.0	42.0	43.0	44.0	45.0	46.0	47.0	48.0	49.0	50.0	51.0	52.0	53.0	54.0	55.0	56.0	57.0	58.0	59.0	60.0	61.0	62.0	63.0	64.0	65.0	66.0	67.0	68.0	69.0	70.0	71.0	72.0	73.0	74.0	75.0	76.0	77.0	78.0	79.0	80.0	81.0	82.0	83.0	84.0	85.0	86.0	87.0	88.0	89.0	90.0	91.0	92.0	93.0	94.0	95.0	96.0	97.0	98.0	99.0	100.0	101.0	102.0	103.0	104.0	105.0	106.0	107.0	108.0	109.0	110.0	111.0	112.0	113.0	114.0	115.0	116.0	117.0	118.0	119.0	120.0	121.0	122.0	123.0	124.0	125.0	126.0	127.0	128.0	129.0	130.0	131.0	132.0	133.0	134.0	135.0	136.0	137.0	138.0	139.0	140.0	141.0	142.0	143.0	144.0	145.0	146.0	147.0	148.0	149.0	149.0	150.0	151.0	152.0	153.0	154.0	155.0	156.0	157.0	158.0	159.0	160.0	161.0	162.0	163.0	164.0	165.0	166.0	167.0	168.0	169.0	170.0	171.0	172.0	173.0	174.0	175.0	176.0	177.0	178.0	179.0	180.0	181.0	182.0	183.0	184.0	185.0	186.0	187.0	188.0	189.0	190.0	191.0	192.0	193.0	194.0	195.0	196.0	197.0	198.0	199.0	200.0	201.0	202.0	203.0	204.0	205.0	206.0	207.0	208.0	209.0	210.0	211.0	212.0	213.0	214.0	215.0	216.0	217.0	218.0	219.0	220.0	221.0	222.0	223.0	224.0	225.0	226.0	227.0	228.0	229.0	230.0	231.0	232.0	233.0	234.0	235.0	236.0	237.0	238.0	239.0	240.0	241.0	242.0	243.0	244.0	245.0	246.0	247.0	248.0	249.0	250.0	251.0	252.0	253.0	254.0	255.0	256.0	257.0	258.0	259.0	260.0	261.0	262.0	263.0	264.0	265.0	266.0	267.0	268.0	269.0	270.0	271.0	272.0	273.0	274.0	275.0	276.0	277.0	278.0	279.0	280.0	281.0	282.0	283.0	284.0	285.0	286.0	287.0	288.0	289.0	290.0	291.0	292.0	293.0	294.0	295.0	296.0	297.0	298.0	298.0	299.0	300.0
2667.3966019914237
