5390.592773719555	300.0	2000.0	258.9378684932922	0	0.0	5390.592773719555	1	0	1	-2.8989164799420677
6714.436487852952	2000.0	1543.7719144532632	0.0	0	0.0	5258.208402306215	1	0	2	-1.7121302433535932
7910.344942915885	1000.0	1347.8634593903312	0.0	0	0.0	5258.208402306216	1	0	1	-0.9697338634987671
8347.630756138542	500.0	1910.5776461676762	0.0	0	0.0	5258.208402306218	1	0	1	-1.4628810440587132
9502.850105085441	1000.0	1755.3582972207766	0.0	0	0.0	5258.208402306218	1	0	1	-0.7697338634987685
10274.428432345485	1000.0	1983.779969960734	0.0	0	0.0	5258.20840230622	1	0	1	-0.07658668293882459
11688.526647018958	1000.0	1569.6817552872626	0.0	0	0.0	5258.208402306221	1	0	1	-0.0765866829388257
12334.370512467245	500.0	1923.8378898389767	0.0	0	0.0	5258.208402306222	1	0	1	-1.462881044058717
12785.874613560929	500.0	2472.3337887452913	0.0	0	0.0	5258.20840230622	1	0	1	-0.7697338634987718
15025.121845763239	2000.0	1009.1618333227498	0.0	0	0.0	5034.283679085991	1	0	2	-1.0286580476784604
15449.223327164833	500.0	1585.0603519211566	0.0	0	0.0	5034.283679085991	1	0	1	-2.1685188574599503
15869.54389674464	500.0	2164.7397823413485	0.0	0	0.0	5034.283679085991	1	0	1	-0.5822244963400592
17741.909855709822	2000.0	1105.1372274796477	0.0	0	0.0	4847.047083189473	1	0	2	-0.8749748476141217
18259.822319228846	500.0	1587.2247639606264	0.0	0	0.0	4847.0470831894745	1	0	1	-2.0253787812537083
18966.002900485648	1000.0	1881.0441827038248	0.0	0	0.0	4847.0470831894745	1	0	1	-0.4390844201338169
20143.745479878875	1000.0	1703.3016033105964	0.0	0	0.0	4847.0470831894745	1	0	1	0.2540627604261286
21155.36687720665	1000.0	1691.6802059828192	0.0	0	0.0	4847.047083189471	1	0	1	0.2540627604261293
23118.05134548094	2000.0	532.7272908810991	0.0	0	0.0	4650.7786363620435	1	0	2	-0.04908091871852216
23975.044357384853	500.0	675.734278977184	0.0	0	0.0	4650.7786363620435	1	0	1	-1.8895690386112416
24429.968998676002	500.0	1220.8096376860299	0.0	0	0.0	4650.77863636204	1	0	1	-0.3032746774913484
25066.284857018218	500.0	1584.493779343814	0.0	0	0.0	4650.77863636204	1	0	1	-0.3032746774913484
26119.231341341	1000.0	1531.547295021031	0.0	0	0.0	4650.778636362036	1	0	1	-0.3032746774913453
27634.9937712252	1000.0	1015.7848651368315	0.0	0	0.0	4650.778636362036	1	0	1	0.3898725030686001
28758.058014838396	500.0	892.7206215236342	0.0	0	0.0	4650.778636362033	1	0	1	-0.9964218580512885
29654.46254146214	500.0	996.316094899887	0.0	0	0.0	4650.778636362033	1	0	1	-0.3032746774913431
30349.3887223371	500.0	1301.3899140249252	0.0	0	0.0	4650.778636362033	1	0	1	-0.3032746774913431
30943.311854783053	500.0	1707.4667815789746	0.0	0	0.0	4650.778636362033	1	0	1	-0.3032746774913431
31429.83383535044	500.0	2220.944801011589	0.0	0	0.0	4650.778636362033	1	0	1	-0.3032746774913431
33326.97019077122	2000.0	1134.094810048724	0.0	0	0.0	4461.065000819948	1	0	2	-0.610567230950579
33713.17152242342	500.0	1747.8934783965262	0.0	0	0.0	4461.065000819948	1	0	1	-1.772338836305891
34643.97401191667	1000.0	1817.090988903271	0.0	0	0.0	4461.065000819941	1	0	1	-0.18604447518599893
36108.809039650674	2000.0	1205.7724583958604	0.0	0	0.0	4314.581498046533	1	0	2	0.16604896007421027
36693.5791087704	500.0	1621.0023892761367	0.0	0	0.0	4314.581498046533	1	0	1	-1.6910954540333845
38480.065054935905	1000.0	834.5164431106343	0.0	0	0.0	4314.581498046544	1	0	1	-0.10480109291349726
39283.72658271235	500.0	1030.8549153341962	0.0	0	0.0	4314.581498046544	1	0	1	-0.7979482734734444
40083.8436392435	500.0	1230.7378588030433	0.0	0	0.0	4314.581498046544	1	0	1	-0.10480109291349883
40846.42558201742	500.0	1468.155916029119	0.0	0	0.0	4314.581498046537	1	0	1	-0.10480109291349501
41628.45933551685	500.0	1686.1221625296935	0.0	0	0.0	4314.581498046537	1	0	1	-0.10480109291349501
42827.255432411934	1000.0	1487.3260656346117	0.0	0	0.0	4314.581498046537	1	0	1	-0.10480109291349494
43634.39290761446	500.0	1680.1885904320857	0.0	0	0.0	4314.581498046537	1	0	1	-0.7979482734734406
44851.785507010456	500.0	1462.7959910360912	0.0	0	0.0	4314.581498046537	1	0	1	-0.10480109291349501
45710.891705707014	500.0	1603.6897923395302	0.0	0	0.0	4314.581498046537	1	0	1	-0.10480109291349501
46296.74425970164	500.0	2017.8372383448982	0.0	0	0.0	4314.581498046529	1	0	1	-0.10480109291349078
47236.77604068895	1000.0	2077.805457357583	0.0	0	0.0	4314.581498046522	1	0	1	-0.10480109291348688
48224.870003908734	1000.0	2089.7114941377977	0.0	0	0.0	4314.581498046522	1	0	1	0.5883460876464585
48933.10715090079	1000.0	2381.4743471457414	0.0	0	0.0	4314.581498046522	1	0	1	0.5883460876464585
50733.79013493062	2000.0	1400.7230647129343	0.0	0	0.0	4134.513199643552	1	0	2	0.2552316092931346
51207.197753782944	1000.0	1927.3154458606132	0.0	0	0.0	4134.513199643552	1	0	1	-0.21554308985976395
52336.01732991857	2000.0	1685.6139121114272	0.0	0	0.0	4021.6312420299946	1	0	2	0.3124805898230635
53011.863385881785	1000.0	2009.767856148209	0.0	0	0.0	4021.6312420299946	1	0	1	-0.1652552303201678
55113.41083147726	2000.0	698.0656659931932	0.0	0	0.0	3811.476497470452	1	0	2	0.391160072602939
55473.93207975274	500.0	1337.5444177177174	0.0	0	0.0	3811.4764974704594	1	0	1	-1.4687215518867756
56132.745552282264	1000.0	1678.7309451881972	0.0	0	0.0	3811.4764974704594	1	0	1	0.11757280923311575
57324.04291920642	1000.0	1487.4335782640453	0.0	0	0.0	3811.4764974704594	1	0	1	0.8107199897930611
58224.82986711635	1000.0	1586.6466303541206	0.0	0	0.0	3811.4764974704594	1	0	1	0.8107199897930611
59186.39926203536	1000.0	1625.077235435113	0.0	0	0.0	3811.4764974704594	1	0	1	0.8107199897930611
60043.5325771566	1000.0	1767.943920313875	0.0	0	0.0	3811.4764974704594	1	0	1	0.8107199897930611
60990.67342822919	1000.0	1820.803069241276	0.0	0	0.0	3811.4764974704594	1	0	1	0.8107199897930611
61774.624007647944	1000.0	2036.8524898225241	0.0	0	0.0	3811.4764974704594	1	0	1	0.8107199897930611
62536.69832601035	1000.0	2274.7781714601206	0.0	0	0.0	3811.4764974704594	1	0	1	0.8107199897930611
63692.328718801684	1000.0	2119.1477786687774	0.0	0	0.0	3811.4764974704594	1	0	1	0.8107199897930611
64625.71956253539	1000.0	2185.756934935075	0.0	0	0.0	3811.4764974704594	1	0	1	0.8107199897930611
65508.08448507049	1000.0	2303.3920123999883	0.0	0	0.0	3811.4764974704594	1	0	1	0.8107199897930611
67604.24536070848	2000.0	997.6150491982103	0.0	0	0.0	3601.8604099066724	1	0	2	0.46320609315233896
68058.99387757307	500.0	1542.8665323336115	0.0	0	0.0	3601.860409906658	1	0	1	-1.3988369331530381
68815.89869425505	1000.0	1785.9617156516272	0.0	0	0.0	3601.860409906658	1	0	1	0.18745742796685516
69686.3753344862	1000.0	1915.48507542048	0.0	0	0.0	3601.860409906658	1	0	1	0.8806046085268002
70646.23509002244	1000.0	1955.625319884248	0.0	0	0.0	3601.8604099066724	1	0	1	0.8806046085267956
72110.66433328582	1000.0	1491.1960766208813	0.0	0	0.0	3601.8604099066724	1	0	1	0.8806046085267956
73447.22041429812	1000.0	1154.6399956085647	0.0	0	0.0	3601.860409906658	1	0	1	0.8806046085268002
73986.31819732269	500.0	1615.5422125840091	0.0	0	0.0	3601.8604099066724	1	0	1	-0.5056897525930953
74760.9829652679	1000.0	1840.8774446387895	0.0	0	0.0	3601.860409906658	1	0	1	0.18745742796685472
75526.09642937183	1000.0	2075.763980534859	0.0	0	0.0	3601.860409906658	1	0	1	0.8806046085268002
76336.55289126601	1000.0	2265.307518640679	0.0	0	0.0	3601.860409906658	1	0	1	0.8806046085268002
77327.00254370873	1000.0	2274.8578661979536	0.0	0	0.0	3601.8604099066724	1	0	1	0.8806046085267956
78210.2065492225	1000.0	2391.6538606841996	0.0	0	0.0	3601.8604099066724	1	0	1	0.8806046085267956
79025.4100709472	1000.0	2576.4503389594843	0.0	0	0.0	3601.8604099066724	1	0	1	0.8806046085267956
80481.21461703228	1000.0	2120.645792874421	0.0	0	0.0	3601.860409906687	1	0	1	0.8806046085267911
81657.23902602495	1000.0	1944.6213838817353	0.0	0	0.0	3601.860409906687	1	0	1	0.8806046085267911
82768.68671784378	1000.0	1833.1736920629164	0.0	0	0.0	3601.860409906687	1	0	1	0.8806046085267911
84226.8318504985	1000.0	1375.028559408192	0.0	0	0.0	3601.8604099067015	1	0	1	0.8806046085267866
85226.46675890569	1000.0	1375.3936510009953	0.0	0	0.0	3601.860409906687	1	0	1	0.8806046085267911
85850.87325780986	500.0	1750.9871520968225	0.0	0	0.0	3601.860409906687	1	0	1	-0.5056897525930998
87062.66133485433	1000.0	1539.1990750523332	0.0	0	0.0	3601.8604099066724	1	0	1	0.18745742796685014
87981.80736197447	1000.0	1620.053047932222	0.0	0	0.0	3601.860409906687	1	0	1	0.8806046085267911
88608.4637905102	1000.0	1993.3966193964895	0.0	0	0.0	3601.8604099067015	1	0	1	0.8806046085267866
89346.58077543069	1000.0	2255.2796344759863	0.0	0	0.0	3601.860409906687	1	0	1	0.8806046085267911
90686.21084431783	2000.0	1781.6865587001298	0.0	0	0.0	3467.8974030179816	1	0	2	0.5067322953185818
91973.93644473222	1000.0	1493.9609582857493	0.0	0	0.0	3467.8974030179816	1	0	1	0.026163763540112128
92946.99909121577	1000.0	1520.8983118021886	0.0	0	0.0	3467.8974030179816	1	0	1	0.9193109441000575
94714.33912087898	1000.0	753.5582821389833	0.0	0	0.0	3467.8974030179816	1	0	1	0.9193109441000575
95179.03907012848	500.0	1288.8583328894924	0.0	0	0.0	3467.8974030179816	1	0	1	-0.46698341701983337
96102.48532133711	1000.0	1365.4120816808602	0.0	0	0.0	3467.8974030179816	1	0	1	0.2261637635401121
97033.78793672204	1000.0	1434.1094662959204	0.0	0	0.0	3467.8974030179816	1	0	1	0.9193109441000575
97960.60877282484	1000.0	1507.2886301931376	0.0	0	0.0	3467.897403017967	1	0	1	0.9193109441000614
98660.36751325303	1000.0	1807.5298897649445	0.0	0	0.0	3467.8974030179816	1	0	1	0.9193109441000575
99905.85643161873	1000.0	1562.0409713992738	0.0	0	0.0	3467.8974030179816	1	0	1	0.9193109441000575
101241.84416824311	1000.0	1226.0532347748804	0.0	0	0.0	3467.897403017996	1	0	1	0.9193109441000535
101958.39126870359	500.0	1509.5061343144166	0.0	0	0.0	3467.897403017996	1	0	1	-0.46698341701983725
103267.36802924905	1000.0	1200.5293737689535	0.0	0	0.0	3467.897403017996	1	0	1	0.22616376354010814
104116.22116833882	500.0	1351.6762346791847	0.0	0	0.0	3467.897403017996	1	0	1	-0.46698341701983725
105204.55333083577	1000.0	1263.3440721822287	0.0	0	0.0	3467.897403017996	1	0	1	0.22616376354010814
106034.85451471474	1000.0	1433.0428883032741	0.0	0	0.0	3467.897403017996	1	0	1	0.9193109441000535
107330.02794974294	1000.0	1137.8694532750708	0.0	0	0.0	3467.897403017996	1	0	1	0.9193109441000535
108280.38977855095	1000.0	1187.5076244670677	0.0	0	0.0	3467.8974030180107	1	0	1	0.9193109441000497
108852.98896541997	500.0	1614.9084375980333	0.0	0	0.0	3467.897403017996	1	0	1	-0.46698341701983725
110133.60278577376	1000.0	1334.294617244231	0.0	0	0.0	3467.8974030180107	1	0	1	0.22616376354010426
110794.84682843741	500.0	1673.0505745805663	0.0	0	0.0	3467.8974030180107	1	0	1	-0.46698341701984114
111615.68449437096	1000.0	1852.2129086470215	0.0	0	0.0	3467.8974030180107	1	0	1	0.22616376354010426
112686.6515740831	1000.0	1781.2458289348833	0.0	0	0.0	3467.8974030180107	1	0	1	0.9193109441000497
114312.72876935835	1000.0	1155.1686336596185	0.0	0	0.0	3467.897403017996	1	0	1	0.9193109441000535
115144.04001699755	500.0	1323.8573860204192	0.0	0	0.0	3467.897403017996	1	0	1	-0.46698341701983725
115935.03417245342	1000.0	1532.8632305645253	0.0	0	0.0	3467.8974030179816	1	0	1	0.2261637635401121
117316.81749620583	1000.0	1151.0799068121087	0.0	0	0.0	3467.8974030179816	1	0	1	0.9193109441000575
118099.14538778196	1000.0	1368.7520152359828	0.0	0	0.0	3467.897403017996	1	0	1	0.9193109441000535
118775.40167036769	1000.0	1692.495732650255	0.0	0	0.0	3467.897403017996	1	0	1	0.9193109441000535
119541.66662982918	1000.0	1926.2307731887686	0.0	0	0.0	3467.897403017996	1	0	1	0.9193109441000535
120341.90309378432	1000.0	2125.9943092336325	0.0	0	0.0	3467.897403017996	1	0	1	0.9193109441000535
122209.48676010639	1000.0	1258.4106429115752	0.0	0	0.0	3467.897403017996	1	0	1	0.9193109441000535
122941.32299223653	500.0	1526.574410781442	0.0	0	0.0	3467.8974030180107	1	0	1	-0.46698341701984114
123705.88746323247	1000.0	1762.0099397855076	0.0	0	0.0	3467.8974030180107	1	0	1	0.22616376354010426
124390.05755629201	1000.0	2077.8398467259503	0.0	0	0.0	3467.897403017996	1	0	1	0.9193109441000535
125135.3632639156	1000.0	2332.534139102358	0.0	0	0.0	3467.897403017996	1	0	1	0.9193109441000535
126118.7175930468	1000.0	2349.1798099711564	0.0	0	0.0	3467.8974030179816	1	0	1	0.9193109441000575
126762.82720489491	1000.0	2705.0701981230313	0.0	0	0.0	3467.8974030179816	1	0	1	0.9193109441000575
131250.58745543717	2000.0	200.0	1301.3327977031486	0	0.0	4450.587455437169	1	0	2	-7.383382971129549
131876.89296411368	500.0	694.1896337762844	120.49514245280312	0	0.0	4571.082597889967	1	0	1	-2.5616187857247965
132913.6589428716	500.0	657.4236550183567	0.0	0	0.0	4571.082597889981	1	0	1	-0.25235356988809343
133836.10810417155	500.0	734.9744937184377	0.0	0	0.0	4571.082597889996	1	0	1	-0.25235356988810076
134387.28760482592	500.0	1183.7949930640652	0.0	0	0.0	4571.082597889996	1	0	1	-0.2523535698881117
134830.4311416691	500.0	1740.6514562208965	0.0	0	0.0	4571.082597889996	1	0	1	-0.2523535698881134
135740.85408621927	1000.0	1830.2285116707408	0.0	0	0.0	4571.082597889996	1	0	1	-0.25235356988810975
137973.83119175112	2000.0	373.95369558575266	0.0	0	0.0	4347.784887336864	1	0	2	0.13359107925471653
138688.9060812882	500.0	658.878806048644	0.0	0	0.0	4347.784887336864	1	0	1	-1.708817426590612
139651.09484626388	500.0	696.690041072967	0.0	0	0.0	4347.784887336835	1	0	1	-0.12252306547070567
140228.73286696797	500.0	1119.052020368882	0.0	0	0.0	4347.784887336835	1	0	1	-0.12252306547070567
140789.67949679468	500.0	1558.1053905421584	0.0	0	0.0	4347.784887336835	1	0	1	-0.1225230654707025
141508.84841912892	1000.0	1838.936468207935	0.0	0	0.0	4347.784887336835	1	0	1	-0.12252306547070552
142416.46858156496	1000.0	1931.3163057719019	0.0	0	0.0	4347.784887336835	1	0	1	0.5706241150892398
143202.98154265774	1000.0	2144.8033446791515	0.0	0	0.0	4347.784887336835	1	0	1	0.5706241150892398
144364.16015132284	1000.0	1983.6247360140621	0.0	0	0.0	4347.784887336864	1	0	1	0.570624115089224
145371.6823608026	1000.0	1976.1025265342978	0.0	0	0.0	4347.784887336864	1	0	1	0.570624115089224
146733.68212820325	1000.0	1614.102759133653	0.0	0	0.0	4347.784887336864	1	0	1	0.570624115089224
147173.75036952307	500.0	2174.034517813825	0.0	0	0.0	4347.784887336864	1	0	1	-0.815670246030667
148006.8742919536	1000.0	2340.9105953833014	0.0	0	0.0	4347.784887336864	1	0	1	-0.1225230654707215
149425.9733192672	2000.0	1779.901665338323	0.0	0	0.0	4205.874984605529	1	0	2	0.2211611183900496
150276.68807038834	1000.0	1929.1869142172086	0.0	0	0.0	4205.874984605529	1	0	1	-0.24955479875078102
151766.50934875838	1000.0	1439.365635847202	0.0	0	0.0	4205.874984605529	1	0	1	0.6435923818091643
152582.8007168522	500.0	1623.0742677533667	0.0	0	0.0	4205.8749846055	1	0	1	-0.742701979310712
153362.92488088034	500.0	1842.9501037252055	0.0	0	0.0	4205.8749846055	1	0	1	-0.049554798750766696
154367.25614922686	1000.0	1838.6188353786988	0.0	0	0.0	4205.8749846055	1	0	1	-0.04955479875076663
155759.70047796972	2000.0	1306.9300737615747	0.0	0	0.0	4066.630551731214	1	0	2	0.293390178781847
156670.68458780475	1000.0	1395.9459639265497	0.0	0	0.0	4066.630551731214	1	0	1	-0.1847962915042115
157801.0723664774	1000.0	1265.5581852539271	0.0	0	0.0	4066.630551731214	1	0	1	0.7083508890557338
158543.79263686153	1000.0	1522.8379148697902	0.0	0	0.0	4066.630551731214	1	0	1	0.7083508890557338
159727.8779777728	1000.0	1338.7525739585199	0.0	0	0.0	4066.630551731214	1	0	1	0.7083508890557338
161037.25974272858	1000.0	1029.370809002693	0.0	0	0.0	4066.630551731214	1	0	1	0.7083508890557338
161712.87461090938	500.0	1353.7559408219056	0.0	0	0.0	4066.630551731214	1	0	1	-0.677943472064157
162365.36198766768	500.0	1701.2685640635689	0.0	0	0.0	4066.630551731214	1	0	1	0.015203708495788379
163563.0144132132	1000.0	1503.6161385180221	0.0	0	0.0	4066.630551731214	1	0	1	0.015203708495788448
164000.77220673644	500.0	2065.8583449947964	0.0	0	0.0	4066.630551731214	1	0	1	-0.677943472064157
164971.1320925832	1000.0	2095.4984591480534	0.0	0	0.0	4066.630551731185	1	0	1	0.015203708495800994
165878.90116164472	1000.0	2187.7293900865325	0.0	0	0.0	4066.630551731185	1	0	1	0.7083508890557464
166530.02413476113	1000.0	2536.6064169701035	0.0	0	0.0	4066.630551731185	1	0	1	0.7083508890557464
168628.08512647825	2000.0	1228.7393260812453	0.0	0	0.0	3856.8244525594346	1	0	2	0.37083397419233205
169749.77647294797	1000.0	1107.04797961152	0.0	0	0.0	3856.8244525594346	1	0	1	-0.09916654986934037
170516.65237706626	1000.0	1340.1720754932383	0.0	0	0.0	3856.8244525594346	1	0	1	0.793980630690605
171391.95159158797	1000.0	1464.8728609715156	0.0	0	0.0	3856.8244525594346	1	0	1	0.793980630690605
172418.92011090647	1000.0	1437.9043416530178	0.0	0	0.0	3856.8244525594346	1	0	1	0.793980630690605
173132.4958893834	500.0	1724.328563176116	0.0	0	0.0	3856.8244525594346	1	0	1	-0.5923137304292858
174106.7909860475	1000.0	1750.0334665119838	0.0	0	0.0	3856.8244525594346	1	0	1	0.10083345013065959
175128.1385244052	1000.0	1728.6859281543111	0.0	0	0.0	3856.8244525594055	1	0	1	0.7939806306906094
176851.96314579988	1000.0	1004.8613067596282	0.0	0	0.0	3856.8244525594055	1	0	1	0.7939806306906159
177484.1237539413	500.0	1372.7006986181568	0.0	0	0.0	3856.8244525594055	1	0	1	-0.5923137304292752
178444.76815448859	500.0	1412.0562980708844	0.0	0	0.0	3856.8244525594346	1	0	1	0.10083345013065952
179177.1444076754	500.0	1679.680044884081	0.0	0	0.0	3856.8244525594055	1	0	1	0.10083345013067034
180160.48542247256	500.0	1696.339030086903	0.0	0	0.0	3856.8244525594055	1	0	1	0.10083345013067034
181376.18283370094	1000.0	1480.6416188585094	0.0	0	0.0	3856.8244525594055	1	0	1	0.10083345013067047
182339.21789186934	1000.0	1517.606560690093	0.0	0	0.0	3856.8244525594055	1	0	1	0.7939806306906159
183427.1946871382	1000.0	1429.6297654212103	0.0	0	0.0	3856.8244525594055	1	0	1	0.7939806306906159
184537.56365857585	1000.0	1319.2607939835866	0.0	0	0.0	3856.8244525594055	1	0	1	0.7939806306906159
185535.70444233145	1000.0	1321.120010227975	0.0	0	0.0	3856.8244525594055	1	0	1	0.7939806306906159
186946.34263910196	1000.0	910.4818134574618	0.0	0	0.0	3856.8244525594055	1	0	1	0.7939806306906159
187596.67383868992	500.0	1260.1506138694747	0.0	0	0.0	3856.8244525594346	1	0	1	-0.5923137304292858
188845.60858425236	500.0	1011.215868307052	0.0	0	0.0	3856.8244525594055	1	0	1	0.10083345013067034
189486.0685278726	500.0	1370.7559246868339	0.0	0	0.0	3856.8244525594055	1	0	1	0.10083345013067034
190224.40757915488	500.0	1632.416873404559	0.0	0	0.0	3856.8244525594055	1	0	1	0.10083345013067034
192051.77803313665	1000.0	805.0464194227924	0.0	0	0.0	3856.8244525594055	1	0	1	0.10083345013067047
193069.25547049136	500.0	787.5689820680933	0.0	0	0.0	3856.8244525594346	1	0	1	-0.5923137304292773
194106.31658032694	500.0	750.5078722325418	0.0	0	0.0	3856.8244525594346	1	0	1	0.10083345013065952
195069.66138734616	500.0	787.163065213327	0.0	0	0.0	3856.8244525594346	1	0	1	0.10083345013065952
195538.54438635532	500.0	1318.28006620412	0.0	0	0.0	3856.8244525594055	1	0	1	0.10083345013067034
196322.569852776	1000.0	1534.2545997834625	0.0	0	0.0	3856.8244525594055	1	0	1	0.10083345013067047
197229.01316533255	1000.0	1627.8112872269082	0.0	0	0.0	3856.8244525594055	1	0	1	0.7939806306906203
198168.4823941367	1000.0	1688.3420584227918	0.0	0	0.0	3856.8244525594055	1	0	1	0.7939806306906159
198913.06525935387	1000.0	1943.759193205622	0.0	0	0.0	3856.8244525594055	1	0	1	0.7939806306906159
199673.876997463	1000.0	2182.947455096517	0.0	0	0.0	3856.8244525593764	1	0	1	0.7939806306906267
200779.53880085313	2000.0	1966.7194713673982	0.0	0	0.0	3746.2582722203806	1	0	2	0.4241542919129945
202661.24825484256	2000.0	896.8390719790225	0.0	0	0.0	3558.0873268214054	1	0	2	1.3728480863250994
203678.4641146217	1000.0	879.6232121998789	0.0	0	0.0	3558.0873268214054	1	0	1	0.0005882168326373782
204505.24132742104	1000.0	1052.8459994005505	0.0	0	0.0	3558.0873268214054	1	0	1	0.8937353973925828
205714.5989727674	1000.0	843.4883540541889	0.0	0	0.0	3558.0873268214054	1	0	1	0.8937353973925828
206121.4154835678	500.0	1436.6718432537682	0.0	0	0.0	3558.0873268213763	1	0	1	-0.49255896372730107
207460.62664944504	1000.0	1097.4606773765668	0.0	0	0.0	3558.0873268213763	1	0	1	0.20058821683264608
208260.7468328429	1000.0	1297.3404939787247	0.0	0	0.0	3558.0873268214054	1	0	1	0.8937353973925828
209404.8088407341	1000.0	1153.2784860875354	0.0	0	0.0	3558.0873268214054	1	0	1	0.8937353973925828
210357.84276241265	1000.0	1200.2445644089662	0.0	0	0.0	3558.0873268214345	1	0	1	0.8937353973925743
211451.04969257285	1000.0	1107.0376342487502	0.0	0	0.0	3558.0873268214054	1	0	1	0.8937353973925828
212230.49403350937	1000.0	1327.5932933122363	0.0	0	0.0	3558.0873268214054	1	0	1	0.8937353973925828
213132.20349107173	1000.0	1425.8838357498717	0.0	0	0.0	3558.0873268214054	1	0	1	0.8937353973925828
214182.73985588492	1000.0	1375.347470936715	0.0	0	0.0	3558.0873268214054	1	0	1	0.8937353973925828
215269.9223541387	1000.0	1288.1649726829737	0.0	0	0.0	3558.0873268214054	1	0	1	0.8937353973925828
216522.2433972404	1000.0	1035.8439295812484	0.0	0	0.0	3558.0873268214054	1	0	1	0.8937353973925828
217466.9727528385	1000.0	1091.1145739831275	0.0	0	0.0	3558.0873268213763	1	0	1	0.8937353973925914
218290.98174880352	1000.0	1267.1055780181089	0.0	0	0.0	3558.0873268213472	1	0	1	0.8937353973925982
219177.3399468284	1000.0	1380.7473799932357	0.0	0	0.0	3558.087326821318	1	0	1	0.8937353973926034
220038.05125828	1000.0	1520.0360685416147	0.0	0	0.0	3558.087326821318	1	0	1	0.8937353973926085
221554.47391890947	1000.0	1003.6134079121387	0.0	0	0.0	3558.087326821318	1	0	1	0.8937353973926068
222240.81740734397	500.0	1317.2699194776328	0.0	0	0.0	3558.087326821318	1	0	1	-0.4925589637272824
223215.6863229601	1000.0	1342.4010038615413	0.0	0	0.0	3558.087326821318	1	0	1	0.20058821683266315
224442.66553356114	1000.0	1115.421793260457	0.0	0	0.0	3558.087326821318	1	0	1	0.8937353973926085
225240.96569470692	1000.0	1317.1216321146733	0.0	0	0.0	3558.087326821318	1	0	1	0.8937353973926085
226296.16219719232	1000.0	1261.9251296292875	0.0	0	0.0	3558.087326821318	1	0	1	0.8937353973926085
227351.69037401731	1000.0	1206.3969528042828	0.0	0	0.0	3558.087326821318	1	0	1	0.8937353973926085
228280.88213115692	1000.0	1277.2051956646872	0.0	0	0.0	3558.087326821318	1	0	1	0.8937353973926085
229660.58247134855	1000.0	897.5048554730637	0.0	0	0.0	3558.087326821318	1	0	1	0.8937353973926085
230272.8346471699	500.0	1285.25267965176	0.0	0	0.0	3558.087326821318	1	0	1	-0.4925589637272824
231457.91074134342	1000.0	1100.1765854781984	0.0	0	0.0	3558.087326821318	1	0	1	0.20058821683266315
232753.65125887506	1000.0	804.4360679465502	0.0	0	0.0	3558.087326821318	1	0	1	0.8937353973926085
233217.6717610199	500.0	1340.4155658017116	0.0	0	0.0	3558.087326821318	1	0	1	-0.4925589637272824
234358.82456650372	1000.0	1199.2627603178894	0.0	0	0.0	3558.087326821289	1	0	1	0.2005882168326683
235593.71454865747	1000.0	964.3727781641605	0.0	0	0.0	3558.087326821289	1	0	1	0.8937353973926171
236145.88104545145	500.0	1412.2062813701964	0.0	0	0.0	3558.087326821289	1	0	1	-0.4925589637272737
237006.2684568243	1000.0	1551.8188699973828	0.0	0	0.0	3558.087326821318	1	0	1	0.20058821683266315
237871.34438634955	1000.0	1686.7429404721245	0.0	0	0.0	3558.087326821318	1	0	1	0.8937353973926085
238499.9961178206	1000.0	2058.091209001056	0.0	0	0.0	3558.087326821318	1	0	1	0.8937353973926085
240318.7328398019	2000.0	1057.4808148216366	0.0	0	0.0	3376.2136546231923	1	0	2	0.5275567489525445
241058.48932776466	500.0	1317.724326858869	0.0	0	0.0	3376.213654623163	1	0	1	-1.3360709337621712
242673.4176176298	1000.0	702.7960369937535	0.0	0	0.0	3376.2136546231923	1	0	1	0.2502234273577183
243226.07397960965	500.0	1150.1396750138756	0.0	0	0.0	3376.2136546231923	1	0	1	-0.44292375320222854
244227.11430126763	1000.0	1149.0993533558853	0.0	0	0.0	3376.2136546231923	1	0	1	0.25022342735771685
244865.38572610842	1000.0	1510.8279285150816	0.0	0	0.0	3376.213654623163	1	0	1	0.9433706079176696
245522.08928268251	1000.0	1854.1243719409747	0.0	0	0.0	3376.213654623163	1	0	1	0.9433706079176696
246320.99646221258	1000.0	2055.2171924109043	0.0	0	0.0	3376.2136546231923	1	0	1	0.9433706079176638
247199.7651253349	1000.0	2176.4485292885884	0.0	0	0.0	3376.2136546232214	1	0	1	0.9433706079176578
248790.6233360894	2000.0	1426.5044974586483	0.0	0	0.0	3217.127833547798	1	0	2	0.5692115675050444
249761.96985031184	1000.0	1455.15798323621	0.0	0	0.0	3217.1278335478273	1	0	1	0.0876889963466791
251044.64281489453	1000.0	1172.4850186535266	0.0	0	0.0	3217.1278335478273	1	0	1	0.9808361769066245
251857.59489372312	500.0	1359.5329398249537	0.0	0	0.0	3217.1278335478273	1	0	1	-0.4054581842132665
253375.41183787232	1000.0	841.7159956757598	0.0	0	0.0	3217.1278335478273	1	0	1	0.28768899634667916
253860.2064143216	500.0	1356.9214192264676	0.0	0	0.0	3217.1278335478273	1	0	1	-0.4054581842132665
255107.55212804693	1000.0	1109.575705501149	0.0	0	0.0	3217.1278335478273	1	0	1	0.28768899634667916
255761.81058607993	500.0	1455.3172474681596	0.0	0	0.0	3217.1278335478273	1	0	1	-0.4054581842132665
256429.95526189535	1000.0	1787.1725716527556	0.0	0	0.0	3217.1278335478564	1	0	1	0.28768899634667267
257854.7893352564	1000.0	1362.3384982916655	0.0	0	0.0	3217.1278335478855	1	0	1	0.9808361769066118
259432.73264616966	1000.0	784.3951873783794	0.0	0	0.0	3217.1278335478855	1	0	1	0.9808361769066118
259988.33735714646	500.0	1228.7904764015639	0.0	0	0.0	3217.1278335478855	1	0	1	-0.4054581842132793
260856.94624899185	1000.0	1360.1815845561566	0.0	0	0.0	3217.1278335478855	1	0	1	0.2876889963466664
261673.46146298695	1000.0	1543.6663705610752	0.0	0	0.0	3217.1278335478855	1	0	1	0.9808361769066118
263213.466940039	1000.0	1003.6608935090416	0.0	0	0.0	3217.127833547973	1	0	1	0.9808361769066014
263993.78900092305	500.0	1223.3388326250438	0.0	0	0.0	3217.127833548031	1	0	1	-0.40545818421330726
264983.59515601606	1000.0	1233.5326775320336	0.0	0	0.0	3217.127833548002	1	0	1	0.287688996346637
266214.5652659609	1000.0	1002.5625675872453	0.0	0	0.0	3217.127833548002	1	0	1	0.9808361769065863
267205.5109324727	1000.0	1011.6169010753571	0.0	0	0.0	3217.127833548002	1	0	1	0.9808361769065863
267705.4179126025	1000.0	1511.7099209455903	0.0	0	0.0	3217.127833548002	1	0	1	0.9808361769065863
268500.9093479611	1000.0	1716.2184855870123	0.0	0	0.0	3217.1278335479437	1	0	1	0.9808361769065989
269368.8226399675	1000.0	1848.305193580585	0.0	0	0.0	3217.1278335479437	1	0	1	0.9808361769065989
271059.6396384198	1000.0	1157.4881951282875	0.0	0	0.0	3217.1278335479437	1	0	1	0.9808361769065989
271676.8375205984	500.0	1540.290312949689	0.0	0	0.0	3217.1278335479437	1	0	1	-0.40545818421329205
272413.9795166733	1000.0	1803.1483168747723	0.0	0	0.0	3217.127833548002	1	0	1	0.28768899634664086
273545.18570548156	1000.0	1671.9421280665542	0.0	0	0.0	3217.127833548002	1	0	1	0.9808361769065863
274833.4922883203	1000.0	1383.6355452277812	0.0	0	0.0	3217.127833548002	1	0	1	0.9808361769065863
276023.69593225943	1000.0	1193.4319012886072	0.0	0	0.0	3217.127833548002	1	0	1	0.9808361769065863
277420.94777885044	1000.0	796.1800546975803	0.0	0	0.0	3217.127833548002	1	0	1	0.9808361769065863
278190.59135429095	500.0	1026.536479257074	0.0	0	0.0	3217.127833548002	1	0	1	-0.4054581842133047
279114.1881970079	500.0	1102.939636540124	0.0	0	0.0	3217.12783354806	1	0	1	0.28768899634663564
280260.8948134096	500.0	956.2330201385466	0.0	0	0.0	3217.1278335481184	1	0	1	0.28768899634661516
281162.56205108034	500.0	1054.5657824678226	0.0	0	0.0	3217.1278335481184	1	0	1	0.28768899634661516
281928.1915307424	500.0	1288.9363028057537	0.0	0	0.0	3217.1278335481184	1	0	1	0.28768899634661516
283013.19542866654	500.0	1203.9324048816516	0.0	0	0.0	3217.1278335481766	1	0	1	0.28768899634661005
283416.48777210177	500.0	1800.6400614464708	0.0	0	0.0	3217.1278335481766	1	0	1	0.28768899634660233
284125.8322584272	1000.0	2091.2955751209506	0.0	0	0.0	3217.1278335481766	1	0	1	0.2876889963466024
284907.3383153346	1000.0	2309.789518213591	0.0	0	0.0	3217.1278335481766	1	0	1	0.9808361769065478
287307.8385665803	2000.0	909.2892669678893	0.0	0	0.0	3217.1278335481766	1	0	1	0.9808361769065453
287992.3455237444	500.0	1224.7823098038116	0.0	0	0.0	3217.1278335481766	1	0	1	-1.0986053647732883
289310.12322259764	1000.0	907.004610950586	0.0	0	0.0	3217.1278335481184	1	0	1	0.2876889963466153
290071.09927898407	1000.0	1146.0285545642555	0.0	0	0.0	3217.1278335481184	1	0	1	0.9808361769065608
290879.3435051795	1000.0	1337.7843283689283	0.0	0	0.0	3217.1278335481766	1	0	1	0.9808361769065478
291930.22525349393	1000.0	1286.9025800544553	0.0	0	0.0	3217.1278335481184	1	0	1	0.9808361769065608
292925.5293903993	1000.0	1291.5984431491493	0.0	0	0.0	3217.1278335481184	1	0	1	0.9808361769065608
293842.67061534413	1000.0	1374.4572182042525	0.0	0	0.0	3217.1278335481184	1	0	1	0.9808361769065608
294553.05907013535	1000.0	1664.0687634130454	0.0	0	0.0	3217.1278335481766	1	0	1	0.9808361769065478
295940.91695901647	1000.0	1276.2108745319324	0.0	0	0.0	3217.1278335481766	1	0	1	0.9808361769065478
296793.27102363907	1000.0	1423.8568099093513	0.0	0	0.0	3217.1278335481766	1	0	1	0.9808361769065478
297383.19283375173	1000.0	1833.9349997966665	0.0	0	0.0	3217.1278335481766	1	0	1	0.9808361769065478
297953.8146125648	1000.0	2263.313220983596	0.0	0	0.0	3217.1278335481766	1	0	1	0.9808361769065478
300095.83123382536	2000.0	1121.2965997230667	0.0	0	0.0	3217.127833548235	1	0	1	0.9808361769065351
300765.2601969261	500.0	1451.8676366223667	0.0	0	0.0	3217.127833548293	1	0	1	-1.0986053647733138
302305.787766005	1000.0	911.3400675434452	0.0	0	0.0	3217.127833548293	1	0	1	0.28768899634657685
1.41	1.51	1.02	0.98	1.37	1.03	0.79	0.89	0.96	0.98	1.02	1.24	1.22	1.34	0.97	1.14	1.42	1.29	0.66	1.04	1.0	0.98	0.61	0.61	0.78	0.66	0.82	0.97	1.16	1.3	1.05	0.93	0.57	0.61	0.45	0.8	0.81	0.69	0.58	0.53	0.57	0.92	1.08	1.14	1.19	1.26	1.74	1.12	1.19	1.26	1.22	1.04	1.01	1.04	1.12	0.87	1.24	1.2	1.07	1.3	1.1	0.93	1.03	1.52	1.42	0.97	0.83	0.8	0.97	1.19	1.01	1.24	1.12	0.95	1.02	0.71	1.14	1.12	0.87	0.93	0.82	0.76	1.2	1.27	1.83	1.19	0.72	0.85	0.73	0.83	1.32	1.38	1.46	1.54	0.92	1.0	0.8	0.82	0.75	0.82	1.08	1.0	1.18	0.76	0.76	0.86	1.29	1.22	0.52	0.64	1.15	0.85	1.23	1.54	1.24	0.83	0.61	0.83	1.34	1.14	0.93	1.18	0.67	0.52	0.64	0.42	0.64	0.5	0.52	1.02	1.54	1.08	0.86	0.87	0.59	1.11	1.04	1.14	0.97	0.9	1.11	0.87	1.03	1.55	1.0	0.89	0.92	0.72	0.73	1.16	1.41	1.51	1.02	0.98	1.37	1.03	0.79	0.89	0.96	0.98	1.02	1.24	1.22	1.34	0.97	1.14	1.42	1.29	0.66	1.04	1.0	0.98	0.61	0.61	0.78	0.66	0.82	0.97	1.16	1.3	1.05	0.93	0.57	0.61	0.45	0.8	0.81	0.69	0.58	0.53	0.57	0.92	1.08	1.14	1.19	1.26	1.74	1.12	1.19	1.26	1.22	1.04	1.01	1.04	1.12	0.87	1.24	1.2	1.07	1.3	1.1	0.93	1.03	1.52	1.42	0.97	0.83	0.8	0.97	1.19	1.01	1.24	1.12	0.95	1.02	0.71	1.14	1.12	0.87	0.93	0.82	0.76	1.2	1.27	1.83	1.19	0.72	0.85	0.73	0.83	1.32	1.38	1.46	1.54	0.92	1.0	0.8	0.82	0.75	0.82	1.08	1.0	1.18	0.76	0.76	0.86	1.29	1.22	0.52	0.64	1.15	0.85	1.23	1.54	1.24	0.83	0.61	0.83	1.34	1.14	0.93	1.18	0.67	0.52	0.64	0.42	0.64	0.5	0.52	1.02	1.54	1.08	0.86	0.87	0.59	1.11	1.04	1.14	0.97	0.9	1.11	0.87	1.03	1.55	1.0	0.89	0.92	0.72	0.73	1.16	1.41
1.0	2.0	3.0	4.0	5.0	6.0	7.0	8.0	9.0	10.0	11.0	12.0	13.0	14.0	15.0	16.0	17.0	18.0	19.0	20.0	21.0	22.0	23.0	24.0	25.0	26.0	27.0	28.0	29.0	30.0	31.0	32.0	33.0	34.0	35.0	36.0	37.0	38.0	39.0	40.0	41.0	42.0	43.0	44.0	45.0	46.0	47.0	48.0	49.0	50.0	51.0	52.0	53.0	54.0	55.0	56.0	57.0	58.0	59.0	60.0	61.0	62.0	63.0	64.0	65.0	66.0	67.0	68.0	69.0	70.0	71.0	72.0	73.0	74.0	75.0	76.0	77.0	78.0	79.0	80.0	81.0	82.0	83.0	84.0	85.0	86.0	87.0	88.0	89.0	90.0	91.0	92.0	93.0	94.0	95.0	96.0	97.0	98.0	99.0	100.0	101.0	102.0	103.0	104.0	105.0	106.0	107.0	108.0	109.0	110.0	111.0	112.0	113.0	114.0	115.0	116.0	117.0	118.0	119.0	120.0	121.0	122.0	123.0	124.0	125.0	126.0	127.0	128.0	129.0	130.0	131.0	132.0	133.0	134.0	135.0	136.0	137.0	138.0	139.0	140.0	141.0	142.0	143.0	144.0	145.0	146.0	147.0	148.0	149.0	149.0	150.0	151.0	152.0	153.0	154.0	155.0	156.0	157.0	158.0	159.0	160.0	161.0	162.0	163.0	164.0	165.0	166.0	167.0	168.0	169.0	170.0	171.0	172.0	173.0	174.0	175.0	176.0	177.0	178.0	179.0	180.0	181.0	182.0	183.0	184.0	185.0	186.0	187.0	188.0	189.0	190.0	191.0	192.0	193.0	194.0	195.0	196.0	197.0	198.0	199.0	200.0	201.0	202.0	203.0	204.0	205.0	206.0	207.0	208.0	209.0	210.0	211.0	212.0	213.0	214.0	215.0	216.0	217.0	218.0	219.0	220.0	221.0	222.0	223.0	224.0	225.0	226.0	227.0	228.0	229.0	230.0	231.0	232.0	233.0	234.0	235.0	236.0	237.0	238.0	239.0	240.0	241.0	242.0	243.0	244.0	245.0	246.0	247.0	248.0	249.0	250.0	251.0	252.0	253.0	254.0	255.0	256.0	257.0	258.0	259.0	260.0	261.0	262.0	263.0	264.0	265.0	266.0	267.0	268.0	269.0	270.0	271.0	272.0	273.0	274.0	275.0	276.0	277.0	278.0	279.0	280.0	281.0	282.0	283.0	284.0	285.0	286.0	287.0	288.0	289.0	290.0	291.0	292.0	293.0	294.0	295.0	296.0	297.0	298.0	298.0	299.0
4934.023423440568
