5936.503805814287	300.0	2000.0	199.0208645202813	0	0.0	5936.503805814287	1	0	1	-3.0790875822110477
6626.658662291444	2000.0	2240.8296578751288	0.0	0	0.0	5867.4883201665725	1	0	2	-2.2742075679887197
7416.960018360387	2000.0	2371.498166199291	0.0	0	0.0	5788.458184559679	1	0	2	-0.10223349836996454
8251.29000287776	2000.0	2453.735183230181	0.0	0	0.0	5705.025186107941	1	0	2	-0.02114690975870742
9637.558819049467	3000.0	1928.8394854413034	0.0	0	0.0	5566.398304490771	1	0	2	0.09729933649855077
10816.637062063231	2000.0	1631.853418126161	0.0	0	0.0	5448.490480189392	1	0	2	-0.1895644999833156
11793.223455479105	2000.0	1557.6083853687005	0.0	0	0.0	5350.831840847804	1	0	2	0.31106563339703425
12613.174855223728	2000.0	1655.6618456496149	0.0	0	0.0	5268.83670087334	1	0	2	0.38639674817551184
14064.313539899054	2000.0	1059.4092925067544	0.0	0	0.0	5123.722832405807	1	0	2	0.4992803047963062
14623.128620750726	1000.0	1500.5942116550832	0.0	0	0.0	5123.722832405807	1	0	1	-0.855083222849841
15373.610595509437	2000.0	1675.064039420504	0.0	0	0.0	5048.674634929939	1	0	2	-0.31560007598757345
16452.040033446414	2000.0	1488.7916576898278	0.0	0	0.0	4940.83169113624	1	0	2	0.6579487905391295
17320.19655592714	2000.0	1533.8194829610295	0.0	0	0.0	4854.016038888169	1	0	2	0.7249497607714008
18008.608428159892	2000.0	1776.5664235050017	0.0	0	0.0	4785.174851664893	1	0	2	0.7786343388390505
19496.137608364057	2000.0	1140.2843252804223	0.0	0	0.0	4636.421933644477	1	0	2	0.8548304473405104
19982.540870781715	500.0	1653.8810628627616	0.0	0	0.0	4636.421933644473	1	0	1	-1.8802157972176592
20780.43580719738	1000.0	1855.9861264470944	0.0	0	0.0	4636.421933644473	1	0	1	-0.29392143609776733
21708.212244459675	2000.0	1835.4320454585657	0.0	0	0.0	4543.644289918237	1	0	2	0.04512827548000606
22629.320287784256	2000.0	1822.2131978015243	0.0	0	0.0	4451.53348558578	1	0	2	0.9927472836170842
23379.649834355812	2000.0	1996.8506965728134	0.0	0	0.0	4376.500530928624	1	0	2	1.037781621838302
23957.991319450666	2000.0	2360.6750629684734	0.0	0	0.0	4318.666382419142	1	0	2	1.0716611283977595
24669.849733710973	3000.0	2577.630807282138	0.0	0	0.0	4247.480540993114	1	0	2	1.1044287342729835
25774.822742734345	2000.0	2472.6577982587646	0.0	0	0.0	4247.480540993114	1	0	1	0.7106265601227012
27057.744843939432	2000.0	2061.44348693317	0.0	0	0.0	4119.18833087261	1	0	2	0.9640944250035488
28167.160948962435	2000.0	1841.085771407865	0.0	0	0.0	4008.246720370309	1	0	2	1.2147017003438463
29133.004859123615	2000.0	1778.6574702305675	0.0	0	0.0	3911.6623293541925	1	0	2	1.255912093260712
30416.88277013793	2000.0	1366.391768114819	0.0	0	0.0	3783.2745382527573	1	0	2	1.3021365719876619
32133.15988679253	2000.0	478.4869397947576	0.0	0	0.0	3611.6468265872973	1	0	2	1.351579639337733
32865.586347983975	500.0	746.0604786033123	0.0	0	0.0	3611.6468265872973	1	0	1	-1.40183883573858
33503.68082706501	1000.0	1107.965999522276	0.0	0	0.0	3611.6468265872936	1	0	1	0.1844555253813116
34097.28573200721	1000.0	1514.3610945800738	0.0	0	0.0	3611.6468265872936	1	0	1	0.8776027059412579
34801.24421839836	1000.0	1810.4026081889285	0.0	0	0.0	3611.646826587301	1	0	1	0.8776027059412554
36000.199379683305	2000.0	1491.551930775478	0.0	0	0.0	3491.7513104587924	1	0	2	0.5023670724279857
36769.93944753186	1000.0	1721.8118629269284	0.0	0	0.0	3491.7513104587924	1	0	1	0.019588374183723445
37657.91175543131	1000.0	1833.8395550274752	0.0	0	0.0	3491.7513104587997	1	0	1	0.9127355547436679
38233.071472221134	1000.0	2258.6798382376496	0.0	0	0.0	3491.7513104587997	1	0	1	0.9127355547436666
39500.94961574297	2000.0	1864.0138803636298	0.0	0	0.0	3364.9634961066113	1	0	2	0.5382151145458831
40672.13104906045	2000.0	1692.832447046151	0.0	0	0.0	3364.9634961066185	1	0	1	1.439341326663873
41422.944944791816	2000.0	1942.0185513147933	0.0	0	0.0	3364.9634961066185	1	0	1	1.6393413266638732
42353.04703717129	2000.0	2011.9164589353193	0.0	0	0.0	3364.9634961066185	1	0	1	1.6393413266638732
42918.17102670869	2000.0	2446.79246939791	0.0	0	0.0	3364.9634961066185	1	0	1	1.6393413266638732
43575.79101663648	2000.0	2723.410480477334	0.0	0	0.0	3299.2014971138415	1	0	2	1.2510719812765836
44584.63498553334	2000.0	2714.566511580471	0.0	0	0.0	3299.2014971138415	1	0	1	1.4553054588419907
45635.10634031488	2000.0	2664.095156798926	0.0	0	0.0	3299.2014971138415	1	0	1	1.6553054588419909
46357.19887003925	2000.0	2869.7933741021156	0.0	0	0.0	3226.992244141409	1	0	2	1.2672771897608879
47243.24020903783	2000.0	2983.752035103538	0.0	0	0.0	3226.9922441414164	1	0	1	1.471809139084446
48489.5177981565	3000.0	2612.8466870730063	0.0	0	0.0	3102.3644852295547	1	0	2	1.2909932589060338
49444.594985236465	3000.0	2562.261781285047	0.0	0	0.0	3006.8567665215523	1	0	2	1.917203421231205
50204.52853625045	2000.0	2726.3348751696567	0.0	0	0.0	2930.8634114201486	1	0	2	1.1205559847207007
51252.50154689734	2000.0	2573.5645634580746	0.0	0	0.0	2826.0661103554667	1	0	2	1.5416447122435213
52490.34112184598	2000.0	2335.724988509436	0.0	0	0.0	2826.066110355474	1	0	1	1.5463764539330027
53740.81909496237	2000.0	2085.247015393047	0.0	0	0.0	2826.066110355474	1	0	1	1.746376453933003
54802.024543763626	2000.0	2024.0415665917915	0.0	0	0.0	2826.066110355474	1	0	1	1.746376453933003
55764.205554815664	2000.0	2061.860555539756	0.0	0	0.0	2826.066110355481	1	0	1	1.7463764539330018
56436.75839126153	2000.0	2389.3077190938875	0.0	0	0.0	2826.0661103554885	1	0	1	1.7463764539330007
57200.0	2000.0	2549.7419494815795	0.0	0	16.96602469347272	2749.7419494816495	1	0	2	1.3547835787756124
58387.40399926393	3000.0	2243.5975502912656	0.0	0	0.0	2631.0015495552652	1	0	2	1.5693062878898991
59269.64719762617	2000.0	2361.3543519290306	0.0	0	0.0	2631.0015495552652	1	0	1	1.1684313106510353
60527.754170225315	2000.0	2103.247379329886	0.0	0	0.0	2631.0015495552652	1	0	1	1.7738964187592001
61757.432750779924	2000.0	1873.56879877528	0.0	0	0.0	2631.0015495552652	1	0	1	1.7738964187592001
62587.77751826292	1000.0	2043.2240312922895	0.0	0	0.0	2631.0015495552725	1	0	1	0.3876020576393089
63382.57470483596	1000.0	2248.4268447192467	0.0	0	0.0	2631.0015495552725	1	0	1	1.080749238199254
64200.0	1000.0	2431.0015495552143	0.0	0	210.01342992957507	2631.0015495552725	1	0	1	1.080749238199254
65200.0	2000.0	2431.001549555222	0.0	0	37.649172482517315	2631.00154955528	1	0	1	1.0807492381992532
66200.0	2000.0	2431.0015495552275	0.0	0	275.5326585489238	2631.001549555287	1	0	1	1.7738964187591986
67200.0	2000.0	2431.001549555213	0.0	0	294.71990946332517	2631.0015495552725	1	0	1	1.7738964187591983
68200.0	3000.0	2331.0015495552216	0.0	0	206.39503697495093	2531.0015495552943	1	0	2	1.3820632267359638
69200.0	3000.0	2231.0015495552348	0.0	0	415.43136154004605	2431.0015495552943	1	0	2	1.9986856470043821
70200.0	3000.0	2131.0015495552366	0.0	0	546.3241713500029	2331.001549555309	1	0	2	2.0090620587464323
72278.34885549755	6000.0	1052.6526940576846	0.0	0	0.0	2331.001549555309	1	0	1	2.0130043073246258
73069.33107910035	2000.0	1261.6704704549031	0.0	0	0.0	2331.001549555309	1	0	1	0.7089269105483517
73936.85327289172	2000.0	1394.1482766635368	0.0	0	0.0	2331.0015495553234	1	0	1	1.80753919921646
74441.99015049344	2000.0	1889.0113990618331	0.0	0	0.0	2331.001549555338	1	0	1	1.8075391992164587
75200.0	2000.0	2131.001549555256	0.0	0	43.38427515537478	2331.0015495553234	1	0	1	1.80753919921646
76365.30259672434	3000.0	1849.1686931584718	0.0	0	0.0	2214.471289882873	1	0	2	1.415481265495115
77507.64685115381	3000.0	1592.5900132860563	0.0	0	0.0	2100.2368644399394	1	0	2	2.030675059615474
78279.79155292248	2000.0	1820.4453115173858	0.0	0	0.0	2100.2368644399394	1	0	1	1.222165719475779
79313.03456595242	2000.0	1787.202298487459	0.0	0	0.0	2100.2368644399394	1	0	1	1.8276308275839437
80774.96574599699	2000.0	1325.2711184429136	0.0	0	0.0	2100.236864439954	1	0	1	1.8276308275839426
81536.76522218244	1000.0	1563.4716422574616	0.0	0	0.0	2100.2368644399394	1	0	1	0.4413364664640533
82200.0	1000.0	1900.2368644399205	0.0	0	118.63981600750412	2100.2368644399394	1	0	1	1.1344836470239985
83599.28965116407	2000.0	1500.9472132758558	0.0	0	0.0	2100.2368644399394	1	0	1	1.1344836470239985
84396.65060324607	2000.0	1703.5862611938608	0.0	0	0.0	2100.2368644399394	1	0	1	1.8276308275839437
85275.09964523297	2000.0	1825.1372192069616	0.0	0	0.0	2100.2368644399394	1	0	1	1.8276308275839437
86200.0	2000.0	1900.236864439934	0.0	0	200.88809205472353	2100.2368644399394	1	0	1	1.8276308275839437
87200.0	2000.0	1900.2368644399455	0.0	0	333.34729003223765	2100.2368644399394	1	0	1	1.8276308275839437
88200.0	3000.0	1800.2368644399455	0.0	0	162.92948530751164	2000.2368644399394	1	0	2	1.4327608593315915
89200.0	3000.0	1800.236864439959	0.0	0	373.78343358659185	2000.2368644399394	1	0	1	2.0405140091933895
90423.11476199373	3000.0	1454.810626246872	0.0	0	0.0	1877.9253882405756	1	0	2	1.8465250055814415
91354.77340483162	2000.0	1523.1519834089768	0.0	0	0.0	1877.9253882405756	1	0	1	1.2377363740868708
92200.0	2000.0	1677.9253882405965	0.0	0	109.22815743874526	1877.9253882405756	1	0	1	1.8432014821950355
93200.0	2000.0	1677.9253882406042	0.0	0	148.10400431629387	1877.9253882405756	1	0	1	1.8432014821950355
94200.0	2000.0	1677.925388240598	0.0	0	405.1817028834339	1877.9253882405756	1	0	1	1.8432014821950355
95200.0	2000.0	1677.9253882405962	0.0	0	326.6392117695359	1877.9253882405756	1	0	1	1.8432014821950355
96200.0	2000.0	1677.9253882406063	0.0	0	388.2802894580527	1877.925388240561	1	0	1	1.8432014821950362
97200.0	2000.0	1677.9253882405928	0.0	0	153.17961013001332	1877.925388240561	1	0	1	1.8432014821950362
98242.33398602864	2000.0	1635.591402211965	0.0	0	0.0	1877.925388240561	1	0	1	1.8432014821950362
99341.50959553609	2000.0	1536.4157927045044	0.0	0	0.0	1877.925388240561	1	0	1	1.8432014821950362
100234.1216311438	2000.0	1643.803757096785	0.0	0	0.0	1877.9253882405465	1	0	1	1.8432014821950373
101798.24995275178	2000.0	1079.6754354888028	0.0	0	0.0	1877.9253882405465	1	0	1	1.8432014821950373
102430.0024741125	1000.0	1447.9229141280678	0.0	0	0.0	1877.925388240532	1	0	1	0.4569071210751479
103227.2434804989	1000.0	1650.6819077416617	0.0	0	0.0	1877.925388240532	1	0	1	1.150054301635093
104692.07586822694	2000.0	1185.8495200136347	0.0	0	0.0	1877.925388240532	1	0	1	1.150054301635093
105646.02682594238	2000.0	1231.8985622982027	0.0	0	0.0	1877.925388240532	1	0	1	1.8432014821950382
106260.23793176172	2000.0	1617.687456478862	0.0	0	0.0	1877.925388240532	1	0	1	1.8432014821950382
107200.0	2000.0	1677.9253882405687	0.0	0	329.6495782268321	1877.9253882405173	1	0	1	1.843201482195039
108200.0	2000.0	1677.9253882405665	0.0	0	291.98727933432383	1877.9253882405173	1	0	1	1.843201482195039
109200.0	2000.0	1677.9253882405853	0.0	0	153.45549999045033	1877.9253882405173	1	0	1	1.843201482195039
110200.0	2000.0	1677.9253882405653	0.0	0	43.02217012470646	1877.9253882405173	1	0	1	1.843201482195039
111200.0	2000.0	1677.9253882405656	0.0	0	105.30239244150289	1877.9253882405173	1	0	1	1.843201482195039
112200.0	2000.0	1677.925388240568	0.0	0	315.7622629313264	1877.9253882405173	1	0	1	1.843201482195039
113200.0	2000.0	1677.9253882405737	0.0	0	430.072522250106	1877.9253882405173	1	0	1	1.843201482195039
114200.0	2000.0	1677.925388240571	0.0	0	46.71064129928709	1877.9253882405173	1	0	1	1.843201482195039
115200.0	2000.0	1677.9253882405715	0.0	0	34.55170744919451	1877.9253882405173	1	0	1	1.843201482195039
116200.0	2000.0	1677.9253882405756	0.0	0	233.39463928402984	1877.9253882405173	1	0	1	1.843201482195039
117200.0	2000.0	1677.925388240576	0.0	0	391.95667137052806	1877.9253882405028	1	0	1	1.8432014821950402
118200.0	2000.0	1677.9253882405712	0.0	0	365.201932773678	1877.9253882405028	1	0	1	1.8432014821950402
119200.0	2000.0	1677.9253882405521	0.0	0	368.23020586156053	1877.9253882405028	1	0	1	1.8432014821950402
120579.05676860314	2000.0	1298.8686196374022	0.0	0	0.0	1877.9253882405028	1	0	1	1.8432014821950402
121923.36271604248	2000.0	954.5626721980547	0.0	0	0.0	1877.9253882405028	1	0	1	1.8432014821950402
123282.99424848893	2000.0	594.931139751578	0.0	0	0.0	1877.9253882405028	1	0	1	1.8432014821950402
123834.45136033624	1000.0	1043.4740279042705	0.0	0	0.0	1877.9253882405028	1	0	1	0.45690712107514975
124591.86954710844	2000.0	1286.0558411320833	0.0	0	0.0	1877.9253882405028	1	0	1	1.150054301635095
125473.91312713624	2000.0	1404.0122611042966	0.0	0	0.0	1877.9253882405028	1	0	1	1.8432014821950402
126215.71188776044	2000.0	1662.2135004801003	0.0	0	0.0	1877.9253882405028	1	0	1	1.8432014821950402
127200.0	2000.0	1677.925388240549	0.0	0	267.5869287777605	1877.9253882405028	1	0	1	1.8432014821950402
128200.0	2000.0	1677.92538824055	0.0	0	202.3567015997687	1877.9253882405028	1	0	1	1.8432014821950402
129432.83640063579	2000.0	1445.0889876047631	0.0	0	0.0	1877.9253882404882	1	0	1	1.8432014821950409
130903.96831865267	2000.0	973.9570695878643	0.0	0	0.0	1877.9253882404737	1	0	1	1.8432014821950418
131482.72063576643	1000.0	1395.2047524741063	0.0	0	0.0	1877.9253882404591	1	0	1	0.45690712107515263
132598.27856349832	2000.0	1279.6468247422358	0.0	0	0.0	1877.9253882404882	1	0	1	1.1500543016350968
133286.77793483002	2000.0	1591.147453410532	0.0	0	0.0	1877.9253882405173	1	0	1	1.8432014821950393
134200.0	2000.0	1677.9253882405555	0.0	0	61.14100457224413	1877.9253882405173	1	0	1	1.843201482195039
135200.0	2000.0	1677.9253882405944	0.0	0	162.79978947294876	1877.9253882405173	1	0	1	1.843201482195039
136281.87119348597	2000.0	1596.0541947546071	0.0	0	0.0	1877.9253882404882	1	0	1	1.8432014821950409
137608.6586520992	2000.0	1269.2667361413921	0.0	0	0.0	1877.9253882404882	1	0	1	1.8432014821950409
138814.14911932568	2000.0	1063.77626891491	0.0	0	0.0	1877.9253882404882	1	0	1	1.8432014821950409
140224.42531522026	2000.0	653.500073020389	0.0	0	0.0	1877.9253882404882	1	0	1	1.8432014821950409
140816.03788022243	1000.0	1061.8875080181822	0.0	0	0.0	1877.9253882405173	1	0	1	0.45690712107514886
141932.30947755877	2000.0	945.6159106818213	0.0	0	0.0	1877.9253882404882	1	0	1	1.150054301635096
142668.75292843897	2000.0	1209.172459801639	0.0	0	0.0	1877.9253882405173	1	0	1	1.843201482195039
143894.96742057672	2000.0	982.9579676638892	0.0	0	0.0	1877.9253882405173	1	0	1	1.843201482195039
145108.97799995536	2000.0	768.9473882852301	0.0	0	0.0	1877.9253882405173	1	0	1	1.843201482195039
145943.7988637229	2000.0	934.1265245176736	0.0	0	0.0	1877.9253882405173	1	0	1	1.843201482195039
146511.71520993457	2000.0	1366.2101783059798	0.0	0	0.0	1877.9253882405173	1	0	1	1.843201482195039
147921.0095659875	2000.0	956.915822253051	0.0	0	0.0	1877.9253882405173	1	0	1	1.843201482195039
149113.08074902993	2000.0	764.8446392106213	0.0	0	0.0	1877.9253882405173	1	0	1	1.843201482195039
149691.9133961853	1000.0	1186.011992055248	0.0	0	0.0	1877.9253882405173	1	0	1	0.45690712107514886
151023.84613749714	2000.0	854.0792507433798	0.0	0	0.0	1877.9253882404882	1	0	1	1.150054301635096
151941.3309470665	1000.0	936.5944411740061	0.0	0	0.0	1877.9253882404882	1	0	1	0.4569071210751507
152969.83630526983	1000.0	908.0890829707046	0.0	0	0.0	1877.9253882404882	1	0	1	1.150054301635096
153821.48744843065	1000.0	1056.4379398099147	0.0	0	0.0	1877.9253882404882	1	0	1	1.150054301635096
154657.54714779655	1000.0	1220.378240444032	0.0	0	0.0	1877.9253882404882	1	0	1	1.150054301635096
155716.94282139163	2000.0	1160.9825668489495	0.0	0	0.0	1877.9253882404882	1	0	1	1.150054301635096
156516.26898383125	2000.0	1361.6564044093298	0.0	0	0.0	1877.9253882404882	1	0	1	1.8432014821950409
157478.11435765753	2000.0	1399.811030583054	0.0	0	0.0	1877.9253882404882	1	0	1	1.8432014821950409
158256.38103374664	2000.0	1621.5443544939599	0.0	0	0.0	1877.9253882404882	1	0	1	1.8432014821950409
159299.93750601902	2000.0	1577.98788222157	0.0	0	0.0	1877.9253882404882	1	0	1	1.8432014821950409
160664.22528768497	2000.0	1213.700100555653	0.0	0	0.0	1877.9253882405173	1	0	1	1.843201482195039
161645.28366322804	2000.0	1232.6417250125971	0.0	0	0.0	1877.9253882405173	1	0	1	1.843201482195039
163566.20123552898	2000.0	311.72415271165653	0.0	0	0.0	1877.9253882405173	1	0	1	1.843201482195039
164099.0062476518	1000.0	778.9191405888353	0.0	0	0.0	1877.9253882405173	1	0	1	0.45690712107514886
164852.8893041944	2000.0	1025.0360840462072	0.0	0	0.0	1877.9253882405173	1	0	1	1.150054301635094
165815.28009794655	2000.0	1062.6452902940223	0.0	0	0.0	1877.9253882404882	1	0	1	1.84320148219504
166580.99042452432	2000.0	1296.9349637162802	0.0	0	0.0	1877.9253882405173	1	0	1	1.8432014821950407
167944.15078798402	2000.0	933.77460025663	0.0	0	0.0	1877.9253882405173	1	0	1	1.843201482195039
168785.36633772144	1000.0	1092.5590505192067	0.0	0	0.0	1877.9253882404882	1	0	1	0.4569071210751507
169598.06256757624	1000.0	1279.862820664424	0.0	0	0.0	1877.9253882405173	1	0	1	1.1500543016350955
170877.6763664125	2000.0	1000.2490218281927	0.0	0	0.0	1877.9253882405173	1	0	1	1.150054301635094
171865.91612583483	2000.0	1012.009262405852	0.0	0	0.0	1877.9253882405173	1	0	1	1.843201482195039
172670.22757453992	2000.0	1207.6978137007754	0.0	0	0.0	1877.9253882405465	1	0	1	1.8432014821950373
173479.52655121646	2000.0	1398.3988370242464	0.0	0	0.0	1877.9253882405465	1	0	1	1.8432014821950373
174494.48323416008	2000.0	1383.4421540806252	0.0	0	0.0	1877.9253882405465	1	0	1	1.8432014821950373
175910.2384239861	2000.0	967.6869642546271	0.0	0	0.0	1877.9253882405465	1	0	1	1.8432014821950373
176592.93634583236	1000.0	1284.9890424083658	0.0	0	0.0	1877.9253882405756	1	0	1	0.45690712107514664
177200.0	1000.0	1677.9253882407409	0.0	0	86.918838607613	1877.9253882405756	1	0	1	1.1500543016350904
178567.3612001759	2000.0	1310.5641880648518	0.0	0	0.0	1877.9253882406047	1	0	1	1.1500543016350886
179227.78075809404	1000.0	1650.1446301466635	0.0	0	0.0	1877.9253882406047	1	0	1	0.45690712107514336
180400.8694547064	2000.0	1477.0559335342584	0.0	0	0.0	1877.9253882406047	1	0	1	1.1500543016350886
182656.00493275642	2000.0	221.92045548424375	0.0	0	0.0	1877.9253882406047	1	0	1	1.8432014821950338
183284.08609348064	1000.0	691.059419237659	97.22012447763058	0	0.0	1975.1455127182417	1	0	1	-0.1328143566332534
184009.3184864298	1000.0	965.8270262884848	0.0	0	0.0	1975.1455127182126	1	0	1	1.1436535707924773
184557.91263239848	1000.0	1417.2328803198166	0.0	0	0.0	1975.1455127182126	1	0	1	1.1436535707924773
186450.41990050132	2000.0	524.7256122169786	0.0	0	0.0	1975.1455127181835	1	0	1	1.1436535707924793
187368.71930281972	1000.0	606.4262098985871	0.0	0	0.0	1975.1455127181835	1	0	1	0.45050639023253414
187809.18018266876	1000.0	1165.9653300495347	0.0	0	0.0	1975.1455127181835	1	0	1	1.1436535707924793
188750.0485411807	2000.0	1225.0969715375716	0.0	0	0.0	1975.1455127181835	1	0	1	1.1436535707924793
189510.38150605655	2000.0	1464.7640066617118	0.0	0	0.0	1975.1455127181835	1	0	1	1.8368007513524245
190418.47396203715	2000.0	1556.671550681085	0.0	0	0.0	1975.1455127181835	1	0	1	1.8368007513524245
191200.0	2000.0	1775.145512718242	0.0	0	99.48598190859775	1975.1455127181835	1	0	1	1.8368007513524245
192200.0	2000.0	1775.1455127182537	0.0	0	95.4296217711526	1975.1455127181835	1	0	1	1.8368007513524245
193417.8617705423	2000.0	1557.283742175952	0.0	0	0.0	1975.1455127182126	1	0	1	1.8368007513524227
194378.8087852875	2000.0	1596.336727430774	0.0	0	0.0	1975.1455127181835	1	0	1	1.8368007513524245
195228.94464390664	2000.0	1746.2008688116393	0.0	0	0.0	1975.1455127182126	1	0	1	1.8368007513524227
196200.0	2000.0	1775.1455127182528	0.0	0	29.99306252572569	1975.1455127182126	1	0	1	1.8368007513524227
197200.0	2000.0	1775.1455127182594	0.0	0	402.6747685072478	1975.1455127182126	1	0	1	1.8368007513524227
198200.0	2000.0	1775.1455127182646	0.0	0	3.856884607783286	1975.1455127182126	1	0	1	1.8368007513524227
199249.7693623844	2000.0	1725.376150333871	0.0	0	0.0	1975.1455127182417	1	0	1	1.8368007513524205
200678.13344293754	2000.0	1297.0120697807026	0.0	0	0.0	1975.1455127182417	1	0	1	1.8368007513524205
202047.4598144013	2000.0	927.685698316925	0.0	0	0.0	1975.1455127182708	1	0	1	1.8368007513524194
202543.49311795953	1000.0	1431.6523947587089	0.0	0	0.0	1975.1455127182708	1	0	1	0.45050639023252814
203407.47292987318	2000.0	1567.6725828450926	0.0	0	0.0	1975.1455127182999	1	0	1	1.1436535707924713
204372.94912726572	2000.0	1602.1963854525684	0.0	0	0.0	1975.145512718329	1	0	1	1.8368007513524143
205200.0	2000.0	1775.145512718271	0.0	0	14.447016962076304	1975.145512718329	1	0	1	1.8368007513524143
206200.0	2000.0	1775.145512718266	0.0	0	467.67397478147177	1975.145512718329	1	0	1	1.8368007513524143
207200.0	2000.0	1775.1455127182496	0.0	0	306.38396537976223	1975.145512718329	1	0	1	1.8368007513524143
208575.6320965645	2000.0	1399.5134161537221	0.0	0	0.0	1975.145512718329	1	0	1	1.8368007513524143
209555.20811288792	2000.0	1419.9373998303206	0.0	0	0.0	1975.1455127182999	1	0	1	1.8368007513524147
211050.06892022485	2000.0	925.0765924933859	0.0	0	0.0	1975.1455127182999	1	0	1	1.8368007513524165
212293.02859045198	1000.0	682.1169222662718	0.0	0	0.0	1975.1455127182999	1	0	1	0.4505063902325261
213013.73649923678	1000.0	961.4090134814567	0.0	0	0.0	1975.1455127182999	1	0	1	1.1436535707924713
213600.54580888056	1000.0	1374.599703837672	0.0	0	0.0	1975.1455127182999	1	0	1	1.1436535707924713
214523.49909615295	2000.0	1451.6464165652706	0.0	0	0.0	1975.1455127182999	1	0	1	1.1436535707924713
215542.64746096026	2000.0	1432.4980517579604	0.0	0	0.0	1975.1455127182417	1	0	1	1.8368007513524187
216270.96706427165	2000.0	1704.1784484465516	0.0	0	0.0	1975.1455127182417	1	0	1	1.8368007513524205
217200.0	2000.0	1775.145512718222	0.0	0	301.7762887189165	1975.1455127182417	1	0	1	1.8368007513524205
218200.0	2000.0	1775.1455127182057	0.0	0	405.0068396232091	1975.1455127182417	1	0	1	1.8368007513524205
219200.0	3000.0	1775.1455127182135	0.0	0	338.23117736304994	1975.1455127182417	1	0	1	1.8368007513524205
221963.33778205648	6000.0	200.0	188.19226933825232	0	0.0	2163.3377820565074	1	0	1	1.1096876632939516
222524.04467728475	2000.0	728.1918671258453	88.89876235411938	0	0.0	2252.23654441064	1	0	1	0.18289508425248213
223089.2609043459	2000.0	1162.9756400647175	0.0	0	0.0	2252.236544410669	1	0	1	1.8148999470453056
223612.5455499568	2000.0	1639.690994453817	0.0	0	0.0	2252.236544410698	1	0	1	1.8148999470453047
224200.0	2000.0	2052.236544410619	0.0	0	40.517435688961996	2252.236544410698	1	0	1	1.814899947045303
225200.0	3000.0	1952.2365444106017	0.0	0	194.61503851349698	2152.236544410698	1	0	2	1.420516754880391
226350.97427437396	3000.0	1686.1648425992475	0.0	0	0.0	2037.139116973296	1	0	2	2.035363491543985
227282.9738892903	2000.0	1754.1652276829027	0.0	0	0.0	2037.139116973296	1	0	1	1.2269291046711908
228379.04937399187	2000.0	1658.089742981348	0.0	0	0.0	2037.139116973296	1	0	1	1.8323942127793555
230284.7745668384	2000.0	752.3645501348276	0.0	0	0.0	2037.139116973296	1	0	1	1.8323942127793555
231071.68386852616	1000.0	965.4552484470369	0.0	0	0.0	2037.139116973296	1	0	1	0.4460998516594652
231677.39098866802	1000.0	1359.7481283051582	0.0	0	0.0	2037.139116973296	1	0	1	1.1392470322194104
232649.39363298303	2000.0	1387.745483990126	0.0	0	0.0	2037.139116973296	1	0	1	1.1392470322194104
233267.2909209376	2000.0	1769.8481960355305	0.0	0	0.0	2037.139116973296	1	0	1	1.8323942127793555
234200.0	2000.0	1837.1391169731517	0.0	0	220.00781578515307	2037.1391169733251	1	0	1	1.8323942127793535
235200.0	2000.0	1837.139116973179	0.0	0	420.0663126067375	2037.1391169733251	1	0	1	1.8323942127793535
236200.0	2000.0	1837.139116973178	0.0	0	376.0367222580826	2037.139116973296	1	0	1	1.8323942127793553
237200.0	3000.0	1737.1391169731671	0.0	0	1.1970913418626878	1937.139116973267	1	0	2	1.4377132918491544
238267.78460750144	3000.0	1562.5760487215862	0.0	0	0.0	1830.3606562231435	1	0	2	2.049738289834483
239200.0	2000.0	1630.3606562230566	0.0	0	137.82825229200535	1830.3606562231435	1	0	1	1.240655262246912
240200.0	2000.0	1630.36065622305	0.0	0	160.4706118273025	1830.3606562231143	1	0	1	1.8461203703550788
241200.0	2000.0	1630.3606562230534	0.0	0	203.68666860985104	1830.3606562231143	1	0	1	1.8461203703550788
242200.0	2000.0	1630.360656223029	0.0	0	346.6394594699086	1830.3606562231435	1	0	1	1.8461203703550768
243200.0	2000.0	1630.3606562230127	0.0	0	223.52054582213168	1830.3606562231435	1	0	1	1.8461203703550768
244200.0	2000.0	1630.3606562229802	0.0	0	432.3933525753673	1830.3606562231435	1	0	1	1.8461203703550768
245200.0	2000.0	1630.3606562230202	0.0	0	225.1692733738455	1830.3606562231435	1	0	1	1.8461203703550768
246200.0	2000.0	1630.3606562230543	0.0	0	304.3495611388935	1830.3606562231726	1	0	1	1.8461203703550753
247200.0	2000.0	1630.3606562230789	0.0	0	286.0499182883359	1830.3606562231435	1	0	1	1.8461203703550768
248229.52724501578	2000.0	1600.8334112073067	0.0	0	0.0	1830.3606562231435	1	0	1	1.8461203703550768
249782.76960211917	2000.0	1047.5910541039034	0.0	0	0.0	1830.3606562231143	1	0	1	1.8461203703550777
251004.50251829493	2000.0	825.8581379281281	0.0	0	0.0	1830.3606562231435	1	0	1	1.8461203703550768
251603.02015765832	1000.0	1227.3404985647433	0.0	0	0.0	1830.3606562231726	1	0	1	0.45982600923518635
252200.0	1000.0	1630.3606562230439	0.0	0	46.2974999427679	1830.3606562231726	1	0	1	1.15297318979513
253385.98084007466	2000.0	1444.379816148383	0.0	0	0.0	1830.3606562232017	1	0	1	1.1529731897951283
254200.0	2000.0	1630.3606562230393	0.0	0	56.162413394864416	1830.3606562232017	1	0	1	1.8461203703550735
255200.0	2000.0	1630.3606562230384	0.0	0	110.42370541591663	1830.3606562231726	1	0	1	1.8461203703550753
256200.0	2000.0	1630.3606562230214	0.0	0	514.8113732280908	1830.3606562231726	1	0	1	1.8461203703550753
257200.0	2000.0	1630.360656223011	0.0	0	530.2975336567324	1830.3606562231726	1	0	1	1.8461203703550753
258200.0	2000.0	1630.360656223024	0.0	0	226.69794525427278	1830.3606562231143	1	0	1	1.8461203703550784
259200.0	2000.0	1630.3606562230532	0.0	0	77.67859307565959	1830.3606562231143	1	0	1	1.8461203703550788
260200.0	2000.0	1630.360656223054	0.0	0	392.0523931605276	1830.3606562231435	1	0	1	1.8461203703550768
261200.0	2000.0	1630.3606562230564	0.0	0	104.13038469661842	1830.3606562231726	1	0	1	1.8461203703550753
262200.0	2000.0	1630.3606562230452	0.0	0	381.93659792048857	1830.3606562231726	1	0	1	1.8461203703550753
263200.0	2000.0	1630.3606562229857	0.0	0	330.627417967713	1830.3606562231143	1	0	1	1.8461203703550766
264243.23062513984	2000.0	1587.130031083166	0.0	0	0.0	1830.3606562231435	1	0	1	1.846120370355078
265200.0	2000.0	1630.360656223012	0.0	0	127.85901955270674	1830.3606562231435	1	0	1	1.8461203703550768
266200.0	2000.0	1630.360656223014	0.0	0	138.21251864667283	1830.3606562231435	1	0	1	1.8461203703550768
267200.0	2000.0	1630.36065622299	0.0	0	505.4057310030912	1830.3606562231435	1	0	1	1.8461203703550768
268200.0	2000.0	1630.3606562230048	0.0	0	432.41599230573047	1830.3606562231435	1	0	1	1.8461203703550768
269200.0	2000.0	1630.3606562230702	0.0	0	14.492635673319455	1830.3606562232017	1	0	1	1.8461203703550735
270504.5355112388	2000.0	1325.8251449842953	0.0	0	0.0	1830.3606562232599	1	0	1	1.84612037035507
271691.7150491124	2000.0	1138.6456071106422	0.0	0	0.0	1830.3606562232599	1	0	1	1.84612037035507
272698.31245524174	2000.0	1132.0482009812486	0.0	0	0.0	1830.3606562232017	1	0	1	1.8461203703550713
273560.6752582135	2000.0	1269.6853980094936	0.0	0	0.0	1830.3606562232599	1	0	1	1.84612037035507
274200.0	2000.0	1630.3606562230154	0.0	0	97.46608224022202	1830.3606562232599	1	0	1	1.84612037035507
275200.0	2000.0	1630.360656222982	0.0	0	310.30712021159707	1830.3606562232599	1	0	1	1.84612037035507
276200.0	2000.0	1630.360656222948	0.0	0	332.226295547327	1830.360656223318	1	0	1	1.8461203703550666
277293.99121960823	2000.0	1536.3694366146829	0.0	0	0.0	1830.360656223318	1	0	1	1.8461203703550666
278200.0	2000.0	1630.3606562228942	0.0	0	43.9881503348588	1830.360656223318	1	0	1	1.8461203703550666
279541.1242831055	2000.0	1289.2363731174557	0.0	0	0.0	1830.360656223318	1	0	1	1.8461203703550666
280974.18571360025	2000.0	856.1749426226759	0.0	0	0.0	1830.360656223318	1	0	1	1.8461203703550666
281961.7471179288	2000.0	868.6135382941147	0.0	0	0.0	1830.360656223318	1	0	1	1.8461203703550666
282683.0955155622	2000.0	1147.2651406607101	0.0	0	0.0	1830.360656223318	1	0	1	1.8461203703550666
283669.316653048	2000.0	1161.0440031749624	0.0	0	0.0	1830.3606562233763	1	0	1	1.846120370355063
284597.4904646909	2000.0	1232.87019153205	0.0	0	0.0	1830.360656223318	1	0	1	1.8461203703550637
285422.4819056591	2000.0	1407.8787505638343	0.0	0	0.0	1830.3606562232599	1	0	1	1.84612037035507
286450.40369711415	2000.0	1379.9569591087159	0.0	0	0.0	1830.3606562232017	1	0	1	1.8461203703550735
287610.959680643	2000.0	1219.4009755798893	0.0	0	0.0	1830.3606562232599	1	0	1	1.8461203703550728
288502.38175652566	2000.0	1327.978899697244	0.0	0	0.0	1830.3606562232599	1	0	1	1.84612037035507
289300.31118585257	2000.0	1530.0494703703519	0.0	0	0.0	1830.3606562232599	1	0	1	1.84612037035507
290568.7717179384	2000.0	1261.5889382845094	0.0	0	0.0	1830.360656223318	1	0	1	1.8461203703550666
291353.2026896071	2000.0	1477.1579666158075	0.0	0	0.0	1830.3606562232599	1	0	1	1.84612037035507
292612.2205231907	2000.0	1218.1401330322358	0.0	0	0.0	1830.360656223318	1	0	1	1.8461203703550666
293558.2613380667	2000.0	1272.09931815625	0.0	0	0.0	1830.3606562233763	1	0	1	1.846120370355066
294705.71476295707	2000.0	1124.645893265925	0.0	0	0.0	1830.3606562233763	1	0	1	1.846120370355063
295632.42144041695	2000.0	1197.9392158060255	0.0	0	0.0	1830.3606562233763	1	0	1	1.846120370355063
296819.7540389996	2000.0	1010.6066172233922	0.0	0	0.0	1830.3606562234345	1	0	1	1.8461203703550617
297418.3722140025	1000.0	1411.9884422205862	0.0	0	0.0	1830.3606562234345	1	0	1	0.4598260092351692
298937.1392670983	2000.0	893.221389124809	0.0	0	0.0	1830.3606562234345	1	0	1	1.1529731897951156
300018.54350571893	2000.0	811.8171505041113	0.0	0	0.0	1830.3606562234345	1	0	1	1.8461203703550595
300960.83673109225	1000.0	869.5239251307771	0.0	0	0.0	1830.3606562233763	1	0	1	0.4598260092351727
2.21	2.92	2.81	2.2	2.06	1.99	2.2	1.38	1.37	2.06	2.71	2.5	2.33	0.92	1.25	1.8	2.32	2.99	3.52	1.73	1.36	1.61	1.51	1.61	1.96	1.55	0.61	1.23	1.49	1.93	1.4	1.18	1.54	2.07	2.32	2.48	2.87	2.73	1.82	2.06	2.61	2.81	2.57	2.62	2.29	1.52	2.04	1.78	2.15	2.51	3.17	3.26	2.31	1.9	2.21	1.46	1.07	1.1	1.62	2.26	2.58	3.36	3.9	5.0	5.31	2.06	2.07	2.76	3.35	3.54	3.36	2.46	2.65	1.58	1.12	1.48	1.71	2.11	2.64	2.5	3.13	3.67	4.34	3.48	2.33	2.56	2.25	2.73	2.71	2.88	3.06	1.9	2.48	2.11	1.55	1.87	1.42	1.42	1.78	2.35	2.95	3.63	3.32	2.57	2.77	2.95	2.98	3.44	1.66	1.9	2.46	3.2	3.7	2.56	1.7	2.17	1.68	1.68	2.42	2.93	2.8	2.81	2.27	2.03	1.58	1.59	2.04	2.33	2.43	2.61	2.19	1.83	2.04	1.73	1.93	2.2	2.37	1.56	1.95	2.27	2.69	2.07	1.24	1.53	2.02	1.54	1.04	1.14	1.4	1.31	2.21	2.92	2.81	2.2	2.06	1.99	2.2	1.38	1.37	2.06	2.71	2.5	2.33	0.92	1.25	1.8	2.32	2.99	3.52	1.73	1.36	1.61	1.51	1.61	1.96	1.55	0.61	1.23	1.49	1.93	1.4	1.18	1.54	2.07	2.32	2.48	2.87	2.73	1.82	2.06	2.61	2.81	2.57	2.62	2.29	1.52	2.04	1.78	2.15	2.51	3.17	3.26	2.31	1.9	2.21	1.46	1.07	1.1	1.62	2.26	2.58	3.36	3.9	5.0	5.31	2.06	2.07	2.76	3.35	3.54	3.36	2.46	2.65	1.58	1.12	1.48	1.71	2.11	2.64	2.5	3.13	3.67	4.34	3.48	2.33	2.56	2.25	2.73	2.71	2.88	3.06	1.9	2.48	2.11	1.55	1.87	1.42	1.42	1.78	2.35	2.95	3.63	3.32	2.57	2.77	2.95	2.98	3.44	1.66	1.9	2.46	3.2	3.7	2.56	1.7	2.17	1.68	1.68	2.42	2.93	2.8	2.81	2.27	2.03	1.58	1.59	2.04	2.33	2.43	2.61	2.19	1.83	2.04	1.73	1.93	2.2	2.37	1.56	1.95	2.27	2.69	2.07	1.24	1.53	2.02	1.54	1.04	1.14
1.0	2.0	3.0	4.0	5.0	6.0	7.0	8.0	9.0	10.0	11.0	12.0	13.0	14.0	15.0	16.0	17.0	18.0	19.0	20.0	21.0	22.0	23.0	24.0	25.0	26.0	27.0	28.0	29.0	30.0	31.0	32.0	33.0	34.0	35.0	36.0	37.0	38.0	39.0	40.0	41.0	42.0	43.0	44.0	45.0	46.0	47.0	48.0	49.0	50.0	51.0	52.0	53.0	54.0	55.0	56.0	57.0	58.0	59.0	60.0	61.0	62.0	63.0	64.0	65.0	66.0	67.0	68.0	69.0	70.0	71.0	72.0	73.0	74.0	75.0	76.0	77.0	78.0	79.0	80.0	81.0	82.0	83.0	84.0	85.0	86.0	87.0	88.0	89.0	90.0	91.0	92.0	93.0	94.0	95.0	96.0	97.0	98.0	99.0	100.0	101.0	102.0	103.0	104.0	105.0	106.0	107.0	108.0	109.0	110.0	111.0	112.0	113.0	114.0	115.0	116.0	117.0	118.0	119.0	120.0	121.0	122.0	123.0	124.0	125.0	126.0	127.0	128.0	129.0	130.0	131.0	132.0	133.0	134.0	135.0	136.0	137.0	138.0	139.0	140.0	141.0	142.0	143.0	144.0	145.0	146.0	147.0	148.0	149.0	149.0	150.0	151.0	152.0	153.0	154.0	155.0	156.0	157.0	158.0	159.0	160.0	161.0	162.0	163.0	164.0	165.0	166.0	167.0	168.0	169.0	170.0	171.0	172.0	173.0	174.0	175.0	176.0	177.0	178.0	179.0	180.0	181.0	182.0	183.0	184.0	185.0	186.0	187.0	188.0	189.0	190.0	191.0	192.0	193.0	194.0	195.0	196.0	197.0	198.0	199.0	200.0	201.0	202.0	203.0	204.0	205.0	206.0	207.0	208.0	209.0	210.0	211.0	212.0	213.0	214.0	215.0	216.0	217.0	218.0	219.0	220.0	221.0	222.0	223.0	224.0	225.0	226.0	227.0	228.0	229.0	230.0	231.0	232.0	233.0	234.0	235.0	236.0	237.0	238.0	239.0	240.0	241.0	242.0	243.0	244.0	245.0	246.0	247.0	248.0	249.0	250.0	251.0	252.0	253.0	254.0	255.0	256.0	257.0	258.0	259.0	260.0	261.0	262.0	263.0	264.0	265.0	266.0	267.0	268.0	269.0	270.0	271.0	272.0	273.0	274.0	275.0	276.0	277.0	278.0	279.0	280.0	281.0	282.0	283.0	284.0	285.0	286.0	287.0	288.0	289.0	290.0	291.0	292.0	293.0	294.0	295.0	296.0	297.0
5541.1491619832395
