6107.88238374316	300.0	2000.0	180.94941082515115	0	0.0	6107.88238374316	1	0	1	-3.1431886118116337
7260.176221073018	2000.0	1732.4767789371563	0.0	0	0.0	5992.653000010174	1	0	2	-2.4092346950374997
7971.6803774832415	2000.0	1949.8222068859097	0.0	0	0.0	5921.502584369151	1	0	2	-0.23204161787406236
8648.472075024934	2000.0	2205.3513395900477	0.0	0	0.0	5853.8234146149825	1	0	2	-0.16452963539505333
9661.646548819024	2000.0	2090.8594184165468	0.0	0	0.0	5752.505967235571	1	0	2	-0.07242255890191002
11141.213290180645	2000.0	1463.3360029187622	0.0	0	0.0	5604.549293099407	1	0	2	0.0652532050329106
11706.738156501397	1000.0	1897.8111365980105	0.0	0	0.0	5604.549293099407	1	0	1	-1.2889072655816818
12749.724566344219	2000.0	1750.5260857709054	0.0	0	0.0	5500.2506521151245	1	0	2	-0.720081180536738
14190.892096644386	2000.0	1165.2418024407202	0.0	0	0.0	5356.133899085104	1	0	2	0.29483448924070976
14737.506844257281	1000.0	1618.6270548278258	0.0	0	0.0	5356.133899085104	1	0	1	-1.0567763861830424
16026.005832639932	2000.0	1201.278167606908	0.0	0	0.0	5227.2840002468365	1	0	2	-0.4857040662611495
16787.49435537358	1000.0	1439.7896448732622	0.0	0	0.0	5227.284000246838	1	0	1	-0.9428513797601049
17842.05361002227	1000.0	1385.2303902245708	0.0	0	0.0	5227.284000246838	1	0	1	-0.04970419920015928
18712.944843638066	1000.0	1514.339156608778	0.0	0	0.0	5227.284000246838	1	0	1	-0.049704199200159005
19556.01593052949	1000.0	1671.268069717353	0.0	0	0.0	5227.2840002468365	1	0	1	-0.04970419920015784
20069.849953748264	1000.0	2157.4340464985808	0.0	0	0.0	5227.284000246838	1	0	1	-0.04970419920015867
21378.9761830701	2000.0	1717.3951942445613	0.0	0	0.0	5096.371377314656	1	0	2	-0.37399439453890837
22004.195293921355	1000.0	2092.1760833933045	0.0	0	0.0	5096.371377314656	1	0	1	-0.8325054254714307
24096.19596362744	2000.0	790.9753467166131	0.0	0	0.0	4887.171310344056	1	0	2	-0.2217038207380995
24601.09363368892	500.0	1286.0776766551332	0.0	0	0.0	4887.171310344056	1	0	1	-2.05495388296995
24999.335527854397	500.0	1887.8357824896568	0.0	0	0.0	4887.171310344056	1	0	1	-0.4686595218500594
26342.693930326008	2000.0	1410.1415397708797	0.0	0	0.0	4752.835470096892	1	0	2	-0.794506605170042
27181.409279928615	2000.0	1487.5546552080086	0.0	0	0.0	4668.963935136631	1	0	2	0.8585088201474755
27863.25627305703	2000.0	1737.5229627667536	0.0	0	0.0	4600.779235823789	1	0	2	0.9035013083790198
28701.614423594005	2000.0	1815.3289971760832	0.0	0	0.0	4516.943420770091	1	0	2	0.9534190658020545
30390.995499404973	2000.0	957.0098137840214	0.0	0	0.0	4348.005313188998	1	0	2	1.040759233855505
30937.06712054288	1000.0	1410.938192646113	0.0	0	0.0	4348.005313188998	1	0	1	-0.3226420602465583
32061.839772766274	2000.0	1173.6882752003771	0.0	0	0.0	4235.528047966658	1	0	2	0.21261647986279586
32779.68354054165	1000.0	1455.8445074250028	0.0	0	0.0	4235.528047966662	1	0	1	-0.2642084580160541
33733.70709587829	1000.0	1501.8209520883631	0.0	0	0.0	4235.528047966673	1	0	1	0.6289387225438864
34265.19245941535	1000.0	1970.3355885513067	0.0	0	0.0	4235.528047966676	1	0	1	0.6289387225438839
35812.14889355623	2000.0	1268.6835109963406	0.0	0	0.0	4080.8324045525915	1	0	2	0.28322730652461087
36556.263440644325	1000.0	1524.568963908244	0.0	0	0.0	4080.8324045525915	1	0	1	-0.1911015595836107
37968.41403828698	2000.0	971.20330650133	0.0	0	0.0	3939.617344788334	1	0	2	0.3444638377816788
38714.354633107294	1000.0	1225.262711681021	0.0	0	0.0	3939.617344788334	1	0	1	-0.13131375666881584
39463.10791701838	1000.0	1476.5094277699377	0.0	0	0.0	3939.617344788334	1	0	1	0.7618334238911295
40051.1160103892	1000.0	1888.5013343991218	0.0	0	0.0	3939.617344788334	1	0	1	0.7618334238911295
41736.047452958344	2000.0	1035.0767475730781	0.0	0	0.0	3771.1242005314343	1	0	2	0.4080719325751641
42504.78240056208	1000.0	1266.3417999693452	0.0	0	0.0	3771.1242005314343	1	0	1	-0.0680328267792984
43067.17489039586	1000.0	1703.9493101355672	0.0	0	0.0	3771.1242005314416	1	0	1	0.8251143537806443
44021.983397860444	2000.0	1653.659951924526	0.0	0	0.0	3675.6433497849866	1	0	2	0.4504677778671621
44958.06461013162	2000.0	1623.9706184262159	0.0	0	0.0	3582.0352285578556	1	0	2	1.3727529856451481
45906.92047820161	2000.0	1675.1147503562245	0.0	0	0.0	3582.0352285578483	1	0	1	1.379758433357009
47210.64376681552	2000.0	1371.3914617423093	0.0	0	0.0	3582.035228557841	1	0	1	1.5797584333570114
48184.25351274111	1000.0	1397.781715816725	0.0	0	0.0	3582.035228557841	1	0	1	0.19346407223712114
49213.857158311046	1000.0	1368.178070246781	0.0	0	0.0	3582.0352285578338	1	0	1	0.8866112527970684
49923.236901408374	1000.0	1658.7983271494463	0.0	0	0.0	3582.0352285578265	1	0	1	0.8866112527970706
51045.813126076995	2000.0	1423.9644800139577	0.0	0	0.0	3469.7776060909528	1	0	2	0.5101912603293401
51521.63797403285	1000.0	1948.1396320580989	0.0	0	0.0	3469.7776060909528	1	0	1	0.02565031596502826
52308.29847265324	2000.0	2161.4791334377123	0.0	0	0.0	3469.7776060909528	1	0	1	0.9187974965249737
53662.04846440413	2000.0	1807.7291416868252	0.0	0	0.0	3469.7776060909455	1	0	1	1.6119446770849208
54147.83855132779	1000.0	2321.939054763163	0.0	0	0.0	3469.7776060909455	1	0	1	0.2256503159650305
55358.63680309546	2000.0	2111.140802995496	0.0	0	0.0	3469.7776060909455	1	0	1	0.9187974965249757
56623.407130277425	2000.0	1846.370475813535	0.0	0	0.0	3469.7776060909528	1	0	1	1.6119446770849188
57732.0138075041	1000.0	1737.7637985868512	0.0	0	0.0	3469.7776060909528	1	0	1	0.2256503159650285
58365.76038200651	1000.0	2104.017224084446	0.0	0	0.0	3469.7776060909528	1	0	1	0.9187974965249737
59200.25617477931	1000.0	2269.521431311649	0.0	0	0.0	3469.7776060909528	1	0	1	0.9187974965249737
60552.09463586379	2000.0	1782.4991241187201	0.0	0	0.0	3334.5937599825047	1	0	2	0.5452450193096864
61091.781193512164	1000.0	2242.812566470336	0.0	0	0.0	3334.5937599825047	1	0	1	0.06053299740790302
62097.10271955881	2000.0	2237.4910404236894	0.0	0	0.0	3334.5937599825047	1	0	1	0.9536801779678485
63343.45754551094	2000.0	1991.1362144715508	0.0	0	0.0	3334.5937599825047	1	0	1	1.6468273585277937
64804.475046408086	2000.0	1530.1187135744085	0.0	0	0.0	3334.5937599825047	1	0	1	1.6468273585277937
65504.14297042463	1000.0	1830.4507895578597	0.0	0	0.0	3334.5937599825047	1	0	1	0.26053299740790326
66078.52537629161	1000.0	2256.068383690881	0.0	0	0.0	3334.5937599825047	1	0	1	0.9536801779678488
67306.04493987204	2000.0	2028.5488201104674	0.0	0	0.0	3334.593759982512	1	0	1	0.9536801779678477
68606.21864040635	2000.0	1728.3751195761574	0.0	0	0.0	3334.5937599825193	1	0	1	1.64682735852779
69709.96524766137	2000.0	1624.6285123211258	0.0	0	0.0	3334.5937599825265	1	0	1	1.6468273585277882
71345.78896301615	2000.0	988.8047969663345	0.0	0	0.0	3334.5937599825265	1	0	1	1.6468273585277882
71846.27176979103	1000.0	1488.321990191467	0.0	0	0.0	3334.593759982512	1	0	1	0.2605329974079016
72265.0896564932	1000.0	2069.504103489294	0.0	0	0.0	3334.593759982512	1	0	1	0.9536801779678468
73335.14076479644	2000.0	1999.452995186074	0.0	0	0.0	3334.593759982512	1	0	1	0.9536801779678465
74292.00932437592	2000.0	2042.584435606586	0.0	0	0.0	3334.5937599824974	1	0	1	1.6468273585277955
76036.00574981429	2000.0	1298.5880101682144	0.0	0	0.0	3334.5937599824974	1	0	1	1.6468273585277955
76572.83059955577	1000.0	1761.7631604267267	0.0	0	0.0	3334.5937599824974	1	0	1	0.26053299740790514
77111.04372939626	1000.0	2223.550030586248	0.0	0	0.0	3334.5937599824974	1	0	1	0.9536801779678503
78455.10045576729	2000.0	1879.4933042152334	0.0	0	0.0	3334.5937599824974	1	0	1	0.9536801779678502
79091.88332499724	1000.0	2242.710434985267	0.0	0	0.0	3334.5937599824974	1	0	1	0.26053299740790514
79831.31752676322	2000.0	2503.276233219287	0.0	0	0.0	3334.5937599824974	1	0	1	0.9536801779678502
80522.20364054563	2000.0	2812.390119436881	0.0	0	0.0	3334.5937599824974	1	0	1	1.6468273585277955
81591.05833257819	2000.0	2743.535427404327	0.0	0	0.0	3334.5937599824974	1	0	1	1.6468273585277955
82483.48746773884	2000.0	2851.106292243657	0.0	0	0.0	3334.593759982483	1	0	1	1.646827358527799
83956.74412578899	3000.0	2230.523968388512	0.0	0	0.0	3187.268094177489	1	0	2	1.2705759939437546
85588.23161251823	2000.0	1599.0364816592887	0.0	0	0.0	3187.268094177489	1	0	1	1.0749852379803386
88300.39669789554	2000.0	200.0	313.128603718024	0	0.0	3500.396697895514	1	0	1	-0.2197016287462913
88771.83413373902	500.0	782.0365158634511	53.47395170692258	0	0.0	3553.870649602439	1	0	1	-1.5053102088390458
89357.23829479777	1000.0	1196.6323548046973	0.0	0	0.0	3553.870649602439	1	0	1	0.20182786252238072
89909.11085772101	1000.0	1644.759791881459	0.0	0	0.0	3553.8706496024533	1	0	1	0.8949750430823217
90731.87716484582	2000.0	1821.9934847566499	0.0	0	0.0	3553.8706496024533	1	0	1	0.8949750430823216
92120.40623471135	2000.0	1294.6115079045735	0.0	0	0.0	3415.0177426158916	1	0	2	1.2147184784729999
93308.64573406368	1000.0	1106.3720085522493	0.0	0	0.0	3415.017742615906	1	0	1	0.04027126457800645
94065.35203892889	500.0	1349.6657036870429	0.0	0	0.0	3415.017742615906	1	0	1	-0.452875915981939
95444.17732439359	1000.0	970.8404182223455	0.0	0	0.0	3415.017742615906	1	0	1	0.2402712645780064
96143.74292456493	500.0	1271.2748180510184	0.0	0	0.0	3415.017742615906	1	0	1	-0.452875915981939
97179.70502083717	1000.0	1235.3127217787876	0.0	0	0.0	3415.017742615906	1	0	1	0.2402712645780064
98014.39263070768	1000.0	1400.6251119082617	0.0	0	0.0	3415.017742615906	1	0	1	0.9334184451379518
98708.03165783173	1000.0	1706.9860847842106	0.0	0	0.0	3415.017742615906	1	0	1	0.9334184451379518
99272.94263378173	1000.0	2142.075108834205	0.0	0	0.0	3415.017742615906	1	0	1	0.9334184451379518
100604.89591973404	2000.0	1810.1218228819034	0.0	0	0.0	3415.0177426159207	1	0	1	0.9334184451379479
101336.90740755523	1000.0	2078.110335060704	0.0	0	0.0	3415.0177426159207	1	0	1	0.24027126457800282
102463.0493539523	2000.0	1951.9683886636333	0.0	0	0.0	3415.0177426159353	1	0	1	0.9334184451379443
103233.2819999048	1000.0	2181.735742711131	0.0	0	0.0	3415.0177426159353	1	0	1	0.24027126457799894
105047.45479453179	2000.0	1367.5629480841449	0.0	0	0.0	3415.0177426159353	1	0	1	0.9334184451379443
105879.52335412595	1000.0	1535.4943884899667	0.0	0	0.0	3415.0177426159353	1	0	1	0.24027126457799894
106845.83060032155	1000.0	1569.1871422943775	0.0	0	0.0	3415.0177426159353	1	0	1	0.9334184451379441
108397.61103787097	1000.0	1017.4067047449689	0.0	0	0.0	3415.0177426159353	1	0	1	0.9334184451379441
108805.52066746382	500.0	1609.4970751521105	0.0	0	0.0	3415.0177426159353	1	0	1	-0.45287591598194676
109363.9169868067	1000.0	2051.1007558092156	0.0	0	0.0	3415.0177426159207	1	0	1	0.2402712645780026
110046.33916466532	1000.0	2368.678577950595	0.0	0	0.0	3415.0177426159207	1	0	1	0.933418445137948
112028.46623965871	2000.0	1188.3387954578686	0.0	0	0.0	3216.805035116573	1	0	2	0.571046002143931
112803.04123254644	1000.0	1413.763802570145	0.0	0	0.0	3216.805035116573	1	0	1	0.08775982491417983
113897.06415778995	1000.0	1319.7408773266293	0.0	0	0.0	3216.805035116573	1	0	1	0.9809070054741251
114869.1336073016	1000.0	1347.6714278149664	0.0	0	0.0	3216.8050351165584	1	0	1	0.9809070054741282
115427.86047276892	1000.0	1788.9445623476313	0.0	0	0.0	3216.805035116544	1	0	1	0.9809070054741315
115919.78320378304	1000.0	2297.0218313335176	0.0	0	0.0	3216.805035116544	1	0	1	0.9809070054741315
116910.7211637265	2000.0	2306.0838713900725	0.0	0	0.0	3216.805035116544	1	0	1	0.9809070054741313
118608.98433330163	2000.0	1607.8207018149526	0.0	0	0.0	3216.805035116544	1	0	1	1.6740541860340765
119153.64844055678	1000.0	2063.1565945598095	0.0	0	0.0	3216.805035116544	1	0	1	0.2877598249141863
120124.18908093667	2000.0	2092.6159541799234	0.0	0	0.0	3216.8050351165584	1	0	1	0.980907005474128
121035.86138766907	2000.0	2180.94364744753	0.0	0	0.0	3216.8050351165584	1	0	1	1.6740541860340732
121919.32724426335	2000.0	2297.4777908532574	0.0	0	0.0	3216.8050351165584	1	0	1	1.6740541860340732
122780.28653946836	2000.0	2436.518495648245	0.0	0	0.0	3216.8050351165584	1	0	1	1.6740541860340732
123647.14856335503	2000.0	2569.656471761567	0.0	0	0.0	3216.805035116544	1	0	1	1.6740541860340765
125730.37693945371	3000.0	1278.1052580530409	0.0	0	0.0	3008.482197506688	1	0	2	1.302909590312752
126622.08326731024	1000.0	1386.3989301964987	0.0	0	0.0	3008.4821975066734	1	0	1	-0.27599117134957085
127380.88228451707	1000.0	1627.5999129896604	0.0	0	0.0	3008.4821975066734	1	0	1	1.022621117318539
128061.29383426212	1000.0	1947.1883632446077	0.0	0	0.0	3008.4821975066734	1	0	1	1.022621117318539
129085.44037039528	2000.0	1923.0418271114404	0.0	0	0.0	3008.482197506688	1	0	1	1.0226211173185364
130175.42990558415	2000.0	1833.0522919225705	0.0	0	0.0	3008.482197506688	1	0	1	1.7157682978784816
131138.9319372848	2000.0	1869.5502602219185	0.0	0	0.0	3008.482197506688	1	0	1	1.7157682978784816
133045.1516908278	2000.0	963.3305066789032	0.0	0	0.0	3008.482197506688	1	0	1	1.7157682978784807
133609.49770737387	1000.0	1398.9844901328545	0.0	0	0.0	3008.482197506717	1	0	1	0.32947393675858927
134556.90927250372	1000.0	1451.5729250029938	0.0	0	0.0	3008.4821975067316	1	0	1	1.0226211173185287
136662.66539141256	1000.0	345.8168060941212	0.0	0	0.0	3008.4821975067025	1	0	1	1.0226211173185338
137461.32991739328	500.0	568.9409464012595	21.7886662878538	0	0.0	3030.270863794576	1	0	1	-0.4984122521949532
138426.52735076944	500.0	603.7435130251158	0.0	0	0.0	3030.270863794576	1	0	1	0.3254669260921149
139097.68970178356	500.0	932.5811620109885	0.0	0	0.0	3030.2708637946052	1	0	1	0.3254669260921095
139920.99275449492	1000.0	1109.278109299658	0.0	0	0.0	3030.2708637946344	1	0	1	0.3254669260921042
140843.62718256476	1000.0	1186.6436812298148	0.0	0	0.0	3030.2708637946344	1	0	1	1.0186141066520495
141796.45269439442	1000.0	1233.8181694001537	0.0	0	0.0	3030.2708637946344	1	0	1	1.0186141066520495
142540.00153178652	1000.0	1490.2693320080418	0.0	0	0.0	3030.2708637946344	1	0	1	1.0186141066520495
143161.26747797505	1000.0	1869.0033858195188	0.0	0	0.0	3030.2708637946052	1	0	1	1.0186141066520549
143788.98361018518	1000.0	2241.2872536093973	0.0	0	0.0	3030.2708637946052	1	0	1	1.0186141066520549
145073.652377276	2000.0	1956.6184865185546	0.0	0	0.0	3030.2708637946344	1	0	1	1.0186141066520495
145800.58824350618	1000.0	2229.6826202884004	0.0	0	0.0	3030.2708637946344	1	0	1	0.3254669260921044
146996.75490157638	1000.0	2033.515962218226	0.0	0	0.0	3030.2708637946344	1	0	1	1.0186141066520495
148093.33327297837	1000.0	1936.9375908162137	0.0	0	0.0	3030.2708637946344	1	0	1	1.0186141066520495
149001.39846052835	1000.0	2028.8724032662406	0.0	0	0.0	3030.2708637946344	1	0	1	1.0186141066520495
149904.25094566436	1000.0	2126.0199181302482	0.0	0	0.0	3030.2708637946344	1	0	1	1.0186141066520495
151033.87120995598	2000.0	1996.3996538386377	0.0	0	0.0	3030.2708637946344	1	0	1	1.0186141066520495
152051.22458638682	2000.0	1979.0462774078228	0.0	0	0.0	3030.2708637946344	1	0	1	1.7117612872119947
152915.22731396614	2000.0	2115.043549828514	0.0	0	0.0	3030.2708637946344	1	0	1	1.7117612872119947
154186.47647201328	2000.0	1843.794391781343	0.0	0	0.0	3030.2708637946344	1	0	1	1.7117612872119947
155474.72548715802	2000.0	1555.5453766366236	0.0	0	0.0	3030.2708637946344	1	0	1	1.7117612872119947
156138.93193669512	2000.0	1891.3389270995422	0.0	0	0.0	3030.2708637946635	1	0	1	1.7117612872119892
156890.18120027997	2000.0	2140.089663514675	0.0	0	0.0	3030.2708637946344	1	0	1	1.7117612872119947
157860.86895896227	2000.0	2169.4019048323553	0.0	0	0.0	3030.2708637946052	1	0	1	1.711761287212
158988.28954200476	2000.0	2041.9813217898486	0.0	0	0.0	3030.2708637946052	1	0	1	1.711761287212
160233.66433539285	2000.0	1796.606528401741	0.0	0	0.0	3030.2708637946052	1	0	1	1.711761287212
160907.49173344165	1000.0	2122.7791303529657	0.0	0	0.0	3030.2708637946344	1	0	1	0.32546692609210653
162086.20100192894	2000.0	1944.0698618656647	0.0	0	0.0	3030.2708637946344	1	0	1	1.0186141066520495
163211.95350674726	2000.0	1818.3173570473555	0.0	0	0.0	3030.2708637946635	1	0	1	1.7117612872119892
164106.08571291724	2000.0	1924.185150877395	0.0	0	0.0	3030.2708637946635	1	0	1	1.7117612872119903
165025.31092083728	2000.0	2004.9599429573345	0.0	0	0.0	3030.2708637946344	1	0	1	1.7117612872119947
166564.22693435254	2000.0	1466.043929442086	0.0	0	0.0	3030.2708637946344	1	0	1	1.7117612872119947
167573.88020678159	1000.0	1456.3906570130312	0.0	0	0.0	3030.2708637946344	1	0	1	0.3254669260921044
168242.73244124054	1000.0	1787.5384225540547	0.0	0	0.0	3030.2708637946344	1	0	1	1.0186141066520495
168788.3669805419	1000.0	2241.90388325269	0.0	0	0.0	3030.2708637946635	1	0	1	1.018614106652044
169799.5769599603	2000.0	2230.69390383426	0.0	0	0.0	3030.2708637946635	1	0	1	1.018614106652044
170986.5367926131	2000.0	2043.7340711814502	0.0	0	0.0	3030.2708637946344	1	0	1	1.7117612872119947
172008.79442116895	1000.0	2021.4764426255867	0.0	0	0.0	3030.2708637946052	1	0	1	0.3254669260921097
172970.87741962282	1000.0	2059.3934441717415	0.0	0	0.0	3030.2708637946344	1	0	1	1.0186141066520495
174172.40251902622	1000.0	1857.86834476836	0.0	0	0.0	3030.2708637946635	1	0	1	1.018614106652044
174945.516750541	1000.0	2084.7541132535703	0.0	0	0.0	3030.2708637946635	1	0	1	1.018614106652044
175817.92206541216	2000.0	2212.3487983824025	0.0	0	0.0	3030.2708637946635	1	0	1	1.018614106652044
176502.7798987858	2000.0	2527.490965008738	0.0	0	0.0	3030.2708637946635	1	0	1	1.7117612872119892
177200.0	2000.0	2830.2708637945293	0.0	0	19.377648128051078	3030.2708637946635	1	0	1	1.7117612872119892
178417.0844397201	2000.0	2613.1864240744158	0.0	0	0.0	3030.2708637946635	1	0	1	1.7117612872119892
180087.34982922373	2000.0	1942.921034570797	0.0	0	0.0	3030.2708637946926	1	0	1	1.7117612872119838
181288.3673311296	2000.0	1741.9035326649362	0.0	0	0.0	3030.2708637946926	1	0	1	1.7117612872119838
182923.1628439882	2000.0	1107.1080198063362	0.0	0	0.0	3030.2708637946635	1	0	1	1.7117612872119892
183430.37337037319	1000.0	1599.8974934213538	0.0	0	0.0	3030.2708637946635	1	0	1	0.3254669260920989
184481.36882312517	1000.0	1548.902040669406	0.0	0	0.0	3030.2708637946926	1	0	1	1.0186141066520387
185111.55703279047	1000.0	1918.7138310041023	0.0	0	0.0	3030.2708637946926	1	0	1	1.0186141066520387
186351.38922964217	2000.0	1678.8816341524025	0.0	0	0.0	3030.2708637946926	1	0	1	1.0186141066520387
186870.14334825551	1000.0	2160.127515539026	0.0	0	0.0	3030.2708637946926	1	0	1	0.3254669260920936
188073.33142725046	2000.0	1956.9394365440614	0.0	0	0.0	3030.2708637946926	1	0	1	1.0186141066520387
189010.02540030057	1000.0	2020.2454634939825	0.0	0	0.0	3030.2708637946926	1	0	1	0.3254669260920936
189518.4426887155	1000.0	2511.8281750790466	0.0	0	0.0	3030.2708637946926	1	0	1	1.0186141066520387
191484.73234951217	2000.0	1545.5385142823752	0.0	0	0.0	3030.2708637946635	1	0	1	1.018614106652044
192113.37514434886	1000.0	1916.895719445672	0.0	0	0.0	3030.2708637946635	1	0	1	0.3254669260920989
193195.94978208348	2000.0	1834.3210817110428	0.0	0	0.0	3030.2708637946344	1	0	1	1.0186141066520484
193789.41098432164	2000.0	2240.859879472873	0.0	0	0.0	3030.2708637946344	1	0	1	1.7117612872119947
194665.75735555444	2000.0	2364.5135082400984	0.0	0	0.0	3030.2708637946344	1	0	1	1.7117612872119947
195497.02002608043	2000.0	2450.1245706615055	0.0	0	0.0	2947.1445967420586	1	0	2	1.3227613755706897
197125.71982081886	2000.0	1821.4247759231043	0.0	0	0.0	2947.144596742117	1	0	1	1.526633047364354
197826.00982441148	1000.0	2121.134772330506	0.0	0	0.0	2947.1445967420877	1	0	1	0.34033868624446184
198779.0015285846	1000.0	2168.1430681573866	0.0	0	0.0	2947.1445967420877	1	0	1	1.033485866804411
200184.44528688505	2000.0	1622.1549340268803	0.0	0	0.0	2806.6002209120197	1	0	2	0.6505946710800495
200916.00884194285	1000.0	1890.591378969056	0.0	0	0.0	2806.6002209120197	1	0	1	0.1630566857872089
201914.97284982723	2000.0	1891.6273710846665	0.0	0	0.0	2806.600220912049	1	0	1	1.0562038663471498
202933.2919833937	2000.0	1873.3082375181946	0.0	0	0.0	2806.600220912049	1	0	1	1.749351046907095
204177.2638763144	2000.0	1629.336344597489	0.0	0	0.0	2806.600220912049	1	0	1	1.749351046907095
206205.3468386069	2000.0	601.2533823049621	0.0	0	0.0	2806.600220912049	1	0	1	1.749351046907095
206767.34693062227	500.0	1039.2532902895593	0.0	0	0.0	2806.6002209120197	1	0	1	-1.023237675332682
207462.20744422585	1000.0	1344.392776685985	0.0	0	0.0	2806.6002209119906	1	0	1	0.36305668578721334
208045.34097857052	1000.0	1761.2592423413403	0.0	0	0.0	2806.6002209119906	1	0	1	1.0562038663471587
208583.16386366097	1000.0	2223.436357250883	0.0	0	0.0	2806.6002209119615	1	0	1	1.0562038663471631
209794.92728131334	2000.0	2011.6729395985283	0.0	0	0.0	2806.6002209119906	1	0	1	1.0562038663471622
210723.6789365195	2000.0	2082.921284392357	0.0	0	0.0	2806.6002209119615	1	0	1	1.7493510469071047
212027.21874841917	2000.0	1779.3814724926879	0.0	0	0.0	2806.6002209119324	1	0	1	1.74935104690711
213115.37284245007	2000.0	1691.2273784617787	0.0	0	0.0	2806.6002209119615	1	0	1	1.74935104690711
213830.14093772907	1000.0	1976.4592831828231	0.0	0	0.0	2806.6002209119615	1	0	1	0.363056685787218
214613.5608578083	1000.0	2193.0393631035486	0.0	0	0.0	2806.6002209119615	1	0	1	1.0562038663471631
215531.3901547084	2000.0	2275.210066203449	0.0	0	0.0	2806.6002209119615	1	0	1	1.0562038663471631
216646.5048481928	2000.0	2160.095372719041	0.0	0	0.0	2806.6002209119615	1	0	1	1.7493510469071083
217848.262395344	2000.0	1958.3378255678228	0.0	0	0.0	2806.6002209119615	1	0	1	1.7493510469071083
219327.75753845077	2000.0	1478.8426824610658	0.0	0	0.0	2806.6002209119906	1	0	1	1.7493510469071056
219957.08233746892	1000.0	1849.5178834428923	0.0	0	0.0	2806.6002209119906	1	0	1	0.36305668578721356
221090.5659278945	2000.0	1716.0342930173163	0.0	0	0.0	2806.6002209119615	1	0	1	1.0562038663471631
221951.89514268746	2000.0	1854.7050782243582	0.0	0	0.0	2806.6002209119324	1	0	1	1.749351046907111
223245.31071212195	2000.0	1561.2895087898423	0.0	0	0.0	2806.6002209119324	1	0	1	1.7493510469071127
223919.4066294854	1000.0	1887.1935914263959	0.0	0	0.0	2806.6002209119615	1	0	1	0.3630566857872198
225341.03918782252	2000.0	1465.561033089251	0.0	0	0.0	2806.6002209119615	1	0	1	1.0562038663471631
226143.222585542	1000.0	1663.3776353697376	0.0	0	0.0	2806.6002209119615	1	0	1	0.363056685787218
226961.2349771403	1000.0	1845.3652437714181	0.0	0	0.0	2806.6002209119615	1	0	1	1.0562038663471631
227890.16420067142	2000.0	1916.4360202402665	0.0	0	0.0	2806.6002209119324	1	0	1	1.0562038663471676
228619.3124742048	2000.0	2187.2877467068797	0.0	0	0.0	2806.6002209119324	1	0	1	1.7493510469071127
229466.27344605853	2000.0	2340.326774853138	0.0	0	0.0	2806.6002209119033	1	0	1	1.7493510469071172
230272.04930960073	2000.0	2534.5509113109124	0.0	0	0.0	2806.6002209119033	1	0	1	1.7493510469071172
231248.7126293686	2000.0	2557.8875915430326	0.0	0	0.0	2806.6002209119033	1	0	1	1.7493510469071172
232200.0	2000.0	2606.600220911598	0.0	0	10.648104953346774	2806.6002209119033	1	0	1	1.749351046907118
233413.37166101063	2000.0	2393.228559900972	0.0	0	0.0	2806.6002209119033	1	0	1	1.7493510469071172
234441.46189058374	2000.0	2365.13833032787	0.0	0	0.0	2806.6002209119324	1	0	1	1.7493510469071127
236097.20233688253	2000.0	1709.3978840290806	0.0	0	0.0	2806.6002209119615	1	0	1	1.7493510469071083
237124.8540014524	1000.0	1681.746219459175	0.0	0	0.0	2806.6002209119324	1	0	1	0.36305668578722244
238005.32144361347	1000.0	1801.2787772980973	0.0	0	0.0	2806.6002209119324	1	0	1	1.0562038663471676
238628.19994641267	1000.0	2178.4002744989143	0.0	0	0.0	2806.6002209119324	1	0	1	1.0562038663471676
239200.0	1000.0	2606.6002209116036	0.0	0	113.14296263788128	2806.6002209119033	1	0	1	1.056203866347172
240200.0	2000.0	2606.6002209116264	0.0	0	95.08958092704415	2806.6002209119033	1	0	1	1.056203866347172
242339.60691423572	2000.0	1466.9933066759263	0.0	0	0.0	2806.6002209119033	1	0	1	1.7493510469071172
244024.60179865186	1000.0	781.9984222597868	0.0	0	0.0	2806.6002209119033	1	0	1	0.36305668578722683
244563.1366011658	500.0	1243.4636197458249	0.0	0	0.0	2806.6002209119033	1	0	1	-0.330090494772719
245750.21506728965	1000.0	1056.3851536219918	0.0	0	0.0	2806.6002209119033	1	0	1	0.3630566857872266
246767.89511905142	1000.0	1038.7051018602253	0.0	0	0.0	2806.6002209119033	1	0	1	1.056203866347172
247428.4456342533	1000.0	1378.1545866583324	0.0	0	0.0	2806.600220911874	1	0	1	1.0562038663471764
248049.55368028407	1000.0	1757.0465406275475	0.0	0	0.0	2806.6002209119033	1	0	1	1.056203866347172
249841.48615834018	2000.0	965.1140625714174	0.0	0	0.0	2806.6002209119033	1	0	1	1.056203866347172
250574.00173281977	1000.0	1232.598488091798	0.0	0	0.0	2806.6002209119033	1	0	1	0.36305668578722683
251288.72792125127	1000.0	1517.8722996602962	0.0	0	0.0	2806.6002209119324	1	0	1	1.0562038663471676
251918.72483677667	1000.0	1887.875384134899	0.0	0	0.0	2806.6002209119324	1	0	1	1.0562038663471676
252962.67359380372	2000.0	1843.9266271078359	0.0	0	0.0	2806.6002209119033	1	0	1	1.0562038663471693
253684.19460083812	1000.0	2122.405620073446	0.0	0	0.0	2806.6002209119033	1	0	1	0.36305668578722683
254515.6962078591	1000.0	2290.9040130524945	0.0	0	0.0	2806.600220911874	1	0	1	1.0562038663471764
256409.45460135964	2000.0	1397.1456195519827	0.0	0	0.0	2806.600220911874	1	0	1	1.0562038663471764
257390.75477798926	1000.0	1415.8454429223261	0.0	0	0.0	2806.600220911874	1	0	1	0.36305668578723127
258389.83597651756	1000.0	1416.764244394012	0.0	0	0.0	2806.600220911874	1	0	1	1.0562038663471764
259277.14770532027	1000.0	1529.4525155913113	0.0	0	0.0	2806.600220911874	1	0	1	1.0562038663471764
260001.70720953273	1000.0	1804.893011378876	0.0	0	0.0	2806.6002209119033	1	0	1	1.0562038663471738
260961.44039764025	1000.0	1845.1598232713736	0.0	0	0.0	2806.600220911874	1	0	1	1.0562038663471764
262232.82052921003	2000.0	1573.7796917015912	0.0	0	0.0	2806.600220911874	1	0	1	1.0562038663471764
262999.3799099439	1000.0	1807.2203109677055	0.0	0	0.0	2806.600220911845	1	0	1	0.3630566857872303
263695.18966417405	1000.0	2111.4105567375696	0.0	0	0.0	2806.600220911874	1	0	1	1.0562038663471798
264592.58529378707	1000.0	2214.014927124534	0.0	0	0.0	2806.600220911845	1	0	1	1.0562038663471842
265530.96493001684	2000.0	2275.6352908947165	0.0	0	0.0	2806.600220911845	1	0	1	1.0562038663471807
267144.0275595237	2000.0	1662.5726613877928	0.0	0	0.0	2806.6002209117287	1	0	1	1.7493510469071383
267730.76751584775	1000.0	2075.832705063686	0.0	0	0.0	2806.600220911787	1	0	1	0.36305668578724437
268677.28311592416	2000.0	2129.317104987287	0.0	0	0.0	2806.600220911787	1	0	1	1.0562038663471895
269563.3358535842	2000.0	2243.264367327157	0.0	0	0.0	2806.6002209117287	1	0	1	1.7493510469071436
270362.916111126	2000.0	2443.6841097853294	0.0	0	0.0	2806.6002209117287	1	0	1	1.7493510469071436
271200.0	2000.0	2606.600220911312	0.0	0	164.8058722067508	2806.6002209117287	1	0	1	1.7493510469071436
272200.0	2000.0	2606.600220911319	0.0	0	170.41963858361123	2806.6002209117287	1	0	1	1.7493510469071436
273637.76559250755	3000.0	2025.0580691530083	0.0	0	0.0	2662.8236616610084	1	0	2	1.3633034702468654
275000.8766664173	2000.0	1661.9469952432758	0.0	0	0.0	2662.8236616610084	1	0	1	1.1642749268205992
275880.4963458578	1000.0	1782.3273158027246	0.0	0	0.0	2662.8236616610084	1	0	1	0.3834456738088737
276529.6078096469	1000.0	2133.2158520135645	0.0	0	0.0	2662.82366166095	1	0	1	1.0765928543688266
277957.8572042624	2000.0	1704.966457398171	0.0	0	0.0	2662.8236616610084	1	0	1	1.0765928543688188
279222.1062982694	2000.0	1440.717363391165	0.0	0	0.0	2662.82366166095	1	0	1	1.7697400349287702
280456.47729101224	2000.0	1206.3463706482871	0.0	0	0.0	2662.82366166095	1	0	1	1.7697400349287717
281236.28437816584	1000.0	1426.539283494683	0.0	0	0.0	2662.82366166095	1	0	1	0.38344567380888145
282319.516394807	1000.0	1343.3072668535406	0.0	0	0.0	2662.82366166095	1	0	1	1.0765928543688266
283239.0922481829	1000.0	1423.7314134776632	0.0	0	0.0	2662.82366166095	1	0	1	1.0765928543688266
284117.8235396356	1000.0	1545.0001220249262	0.0	0	0.0	2662.82366166095	1	0	1	1.0765928543688266
286327.59219179087	1000.0	335.23146986968567	0.0	0	0.0	2662.82366166095	1	0	1	1.0765928543688266
287227.7765606693	500.0	575.3652645153536	140.3181635240702	0	0.0	2803.1418251846335	1	0	1	-1.1714765515957826
287999.38652172993	500.0	803.7553034547163	0.0	0	0.0	2803.1418251846917	1	0	1	0.363579610108577
288659.00104973133	500.0	1144.1407754532888	0.0	0	0.0	2803.1418251846917	1	0	1	0.3635796101085752
289492.67364727944	1000.0	1310.468177905143	0.0	0	0.0	2803.1418251846917	1	0	1	0.3635796101085752
290174.951740131	1000.0	1628.1900850535426	0.0	0	0.0	2803.1418251846917	1	0	1	1.0567267906685205
290952.5218456927	1000.0	1850.619979491859	0.0	0	0.0	2803.1418251846335	1	0	1	1.0567267906685258
291905.21198310406	1000.0	1897.9298420804919	0.0	0	0.0	2803.1418251846335	1	0	1	1.0567267906685294
292577.28335893044	1000.0	2225.858466254211	0.0	0	0.0	2803.1418251846917	1	0	1	1.0567267906685205
293200.0	1000.0	2603.1418251846358	0.0	0	57.43755257956218	2803.1418251846917	1	0	1	1.0567267906685205
294353.6606165867	2000.0	2449.4812085980143	0.0	0	0.0	2803.1418251846335	1	0	1	1.0567267906685274
296342.56282828824	2000.0	1460.5789968963861	0.0	0	0.0	2803.1418251845753	1	0	1	1.7498739712284834
297168.1478166187	1000.0	1634.9940085659198	0.0	0	0.0	2803.1418251845753	1	0	1	0.363579610108593
297805.7400013112	1000.0	1997.4018238733547	0.0	0	0.0	2803.141825184517	1	0	1	1.056726790668547
298774.3002096184	1000.0	2028.8416155660502	0.0	0	0.0	2803.141825184459	1	0	1	1.0567267906685487
299411.9261321821	1000.0	2391.215693002357	0.0	0	0.0	2803.141825184459	1	0	1	1.0567267906685558
300655.12614826136	2000.0	2148.015676923127	0.0	0	0.0	2803.141825184517	1	0	1	1.056726790668547
2.17	2.49	2.41	1.69	1.44	1.7	1.86	1.9	1.9	2.28	1.38	1.33	1.09	1.48	1.95	1.34	1.16	1.07	0.79	1.39	1.88	2.49	2.18	1.59	1.48	1.93	1.56	1.2	1.59	1.15	1.84	1.73	1.17	1.41	1.66	1.16	1.33	1.93	2.54	2.99	2.24	1.08	1.17	0.71	2.0	1.74	2.09	1.49	1.87	2.15	1.0	1.03	1.53	1.48	1.75	2.02	1.56	1.73	1.3	1.3	1.78	2.06	2.0	2.07	1.33	1.52	2.07	2.33	1.45	1.34	1.67	1.62	1.69	2.06	2.44	2.32	2.97	2.24	1.63	1.73	1.2	0.76	0.88	1.33	2.09	2.15	1.22	0.65	0.6	0.8	1.03	1.15	1.33	1.69	1.17	1.56	1.48	1.81	1.37	1.26	1.36	0.86	0.9	1.45	1.31	1.1	1.77	1.3	1.33	1.56	1.75	1.82	1.36	1.66	1.75	2.18	2.75	3.17	1.9	1.17	1.17	1.41	1.82	1.88	2.18	1.71	0.97	1.44	1.45	0.65	0.57	0.58	0.65	0.88	1.15	1.42	1.23	1.31	1.8	1.47	0.9	0.94	1.36	1.41	1.67	1.76	2.37	1.68	1.78	1.67	2.17	2.49	2.41	1.69	1.44	1.7	1.86	1.9	1.9	2.28	1.38	1.33	1.09	1.48	1.95	1.34	1.16	1.07	0.79	1.39	1.88	2.49	2.18	1.59	1.48	1.93	1.56	1.2	1.59	1.15	1.84	1.73	1.17	1.41	1.66	1.16	1.33	1.93	2.54	2.99	2.24	1.08	1.17	0.71	2.0	1.74	2.09	1.49	1.87	2.15	1.0	1.03	1.53	1.48	1.75	2.02	1.56	1.73	1.3	1.3	1.78	2.06	2.0	2.07	1.33	1.52	2.07	2.33	1.45	1.34	1.67	1.62	1.69	2.06	2.44	2.32	2.97	2.24	1.63	1.73	1.2	0.76	0.88	1.33	2.09	2.15	1.22	0.65	0.6	0.8	1.03	1.15	1.33	1.69	1.17	1.56	1.48	1.81	1.37	1.26	1.36	0.86	0.9	1.45	1.31	1.1	1.77	1.3	1.33	1.56	1.75	1.82	1.36	1.66	1.75	2.18	2.75	3.17	1.9	1.17	1.17	1.41	1.82	1.88	2.18	1.71	0.97	1.44	1.45	0.65	0.57	0.58	0.65	0.88	1.15	1.42	1.23	1.31	1.8	1.47	0.9	0.94	1.36	1.41	1.67	1.76	2.37	1.68	1.78	1.67
1.0	2.0	3.0	4.0	5.0	6.0	7.0	8.0	9.0	10.0	11.0	12.0	13.0	14.0	15.0	16.0	17.0	18.0	19.0	20.0	21.0	22.0	23.0	24.0	25.0	26.0	27.0	28.0	29.0	30.0	31.0	32.0	33.0	34.0	35.0	36.0	37.0	38.0	39.0	40.0	41.0	42.0	43.0	44.0	45.0	46.0	47.0	48.0	49.0	50.0	51.0	52.0	53.0	54.0	55.0	56.0	57.0	58.0	59.0	60.0	61.0	62.0	63.0	64.0	65.0	66.0	67.0	68.0	69.0	70.0	71.0	72.0	73.0	74.0	75.0	76.0	77.0	78.0	79.0	80.0	81.0	82.0	83.0	84.0	85.0	86.0	87.0	88.0	89.0	90.0	91.0	92.0	93.0	94.0	95.0	96.0	97.0	98.0	99.0	100.0	101.0	102.0	103.0	104.0	105.0	106.0	107.0	108.0	109.0	110.0	111.0	112.0	113.0	114.0	115.0	116.0	117.0	118.0	119.0	120.0	121.0	122.0	123.0	124.0	125.0	126.0	127.0	128.0	129.0	130.0	131.0	132.0	133.0	134.0	135.0	136.0	137.0	138.0	139.0	140.0	141.0	142.0	143.0	144.0	145.0	146.0	147.0	148.0	149.0	149.0	150.0	151.0	152.0	153.0	154.0	155.0	156.0	157.0	158.0	159.0	160.0	161.0	162.0	163.0	164.0	165.0	166.0	167.0	168.0	169.0	170.0	171.0	172.0	173.0	174.0	175.0	176.0	177.0	178.0	179.0	180.0	181.0	182.0	183.0	184.0	185.0	186.0	187.0	188.0	189.0	190.0	191.0	192.0	193.0	194.0	195.0	196.0	197.0	198.0	199.0	200.0	201.0	202.0	203.0	204.0	205.0	206.0	207.0	208.0	209.0	210.0	211.0	212.0	213.0	214.0	215.0	216.0	217.0	218.0	219.0	220.0	221.0	222.0	223.0	224.0	225.0	226.0	227.0	228.0	229.0	230.0	231.0	232.0	233.0	234.0	235.0	236.0	237.0	238.0	239.0	240.0	241.0	242.0	243.0	244.0	245.0	246.0	247.0	248.0	249.0	250.0	251.0	252.0	253.0	254.0	255.0	256.0	257.0	258.0	259.0	260.0	261.0	262.0	263.0	264.0	265.0	266.0	267.0	268.0	269.0	270.0	271.0	272.0	273.0	274.0	275.0	276.0	277.0	278.0	279.0	280.0	281.0	282.0	283.0	284.0	285.0	286.0	287.0	288.0	289.0	290.0	291.0	292.0	293.0	294.0	295.0	296.0	297.0	298.0	298.0
5704.695789457163
