5475.2020594734095	300.0	2000.0	274.9484395885627	0	0.0	5475.2020594734095	1	0	1	-3.0658508063896837
6610.737441756393	2000.0	1750.9110794887188	0.0	0	0.0	5361.648521245112	1	0	2	-1.795379588920377
7488.753176498205	2000.0	1785.0937712727261	0.0	0	0.0	5273.8469477709305	1	0	2	0.38078714556288307
8651.800409668112	2000.0	1505.741814785827	0.0	0	0.0	5157.542224453939	1	0	2	0.4766674965532299
9810.316874676457	2000.0	1231.3737032766478	0.0	0	0.0	5041.690577953105	1	0	2	0.5761836986372849
11358.304197189205	2000.0	528.5876485126247	0.0	0	0.0	4886.891845701831	1	0	2	0.6872488331881972
11903.750211268882	1000.0	983.1416344329491	0.0	0	0.0	4886.891845701831	1	0	1	-0.6684514305157659
12406.93661725278	1000.0	1479.9552284490483	0.0	0	0.0	4886.891845701828	1	0	1	0.2246957500441803
13401.514131662212	2000.0	1385.9199625986748	0.0	0	0.0	4787.434094260885	1	0	2	-0.11934987708865624
14168.752246840073	2000.0	1541.9580359030306	0.0	0	0.0	4710.710282743103	1	0	2	0.8304582002453633
15208.688017331395	2000.0	1398.0286883625768	0.0	0	0.0	4606.716705693969	1	0	2	0.8954173308641438
15892.153727501418	2000.0	1646.2164071755503	0.0	0	0.0	4538.370134676965	1	0	2	0.9433614058075339
16588.108258519886	2000.0	1880.6664230552374	0.0	0	0.0	4468.77468157512	1	0	2	0.9851552321315158
17723.43909081432	2000.0	1631.8025075313592	0.0	0	0.0	4355.241598345678	1	0	2	1.0432157555361448
18466.221509702547	2000.0	1814.7418467543143	0.0	0	0.0	4280.963356456861	1	0	2	1.0887505570759863
19484.141440879437	2000.0	1695.0299224597325	0.0	0	0.0	4179.171363339168	1	0	2	1.1349532709728056
20651.338782794955	2000.0	1411.112846352661	0.0	0	0.0	4062.4516291476175	1	0	2	1.1913127363466582
21446.6636456857	2000.0	1536.255497172843	0.0	0	0.0	3982.91914285854	1	0	2	1.2296637192649933
22523.048190452864	2000.0	1459.8709524056792	0.0	0	0.0	3982.91914285854	1	0	1	1.2373257814955174
23567.633676074372	2000.0	1310.826918222022	0.0	0	0.0	3878.4605942963935	1	0	2	1.06913027931
24647.411886277256	2000.0	1231.0487080191376	0.0	0	0.0	3878.460594296397	1	0	1	1.2789270196583056
26227.587403764297	2000.0	492.85563878339354	0.0	0	0.0	3720.443042547693	1	0	2	1.1187653079941773
27052.9863064837	1000.0	667.4567360639916	0.0	0	0.0	3720.443042547693	1	0	1	-0.05060490857011857
28101.339634678538	1000.0	619.103407869153	0.0	0	0.0	3720.443042547693	1	0	1	0.8425422719898268
28490.110141806806	500.0	1230.3329007408843	0.0	0	0.0	3720.4430425476967	1	0	1	-0.5437520891300657
29099.225115428806	1000.0	1621.2179271188854	0.0	0	0.0	3720.4430425477003	1	0	1	0.1493950914298786
29685.890911948518	1000.0	2034.5521305991706	0.0	0	0.0	3720.4430425477003	1	0	1	0.842542271989824
30601.72700181662	2000.0	2027.1324317442607	0.0	0	0.0	3628.8594335608905	1	0	2	0.46518212235065465
32380.49659905806	2000.0	1248.3628345028244	0.0	0	0.0	3628.8594335608905	1	0	1	1.3654104325259016
33502.12041740914	1000.0	1126.739016151747	0.0	0	0.0	3628.859433560894	1	0	1	0.17911607140601069
34112.94258297421	1000.0	1515.9168505866787	0.0	0	0.0	3628.859433560894	1	0	1	0.8722632519659557
35432.931217839345	2000.0	1063.9293522350285	0.0	0	0.0	3496.860570074379	1	0	2	0.5023844907682962
35950.850681061034	1000.0	1546.0098890133415	0.0	0	0.0	3496.860570074379	1	0	1	0.01816256773533495
37013.412166776405	2000.0	1483.448403297973	0.0	0	0.0	3496.860570074372	1	0	1	0.9113097482952817
37639.303202322524	1000.0	1857.55736775185	0.0	0	0.0	3496.860570074372	1	0	1	0.21816256773533635
38570.65547972648	2000.0	1926.205090347888	0.0	0	0.0	3496.860570074372	1	0	1	0.9113097482952817
40113.90002999666	2000.0	1228.6360850506999	0.0	0	0.0	3342.5361150473545	1	0	2	1.235542792324156
40680.167518423725	1000.0	1662.3685966236376	0.0	0	0.0	3342.5361150473545	1	0	1	0.058594258333046434
41567.438859777605	2000.0	1775.0972552697513	0.0	0	0.0	3342.5361150473473	1	0	1	0.9517414388929935
42394.19157292241	2000.0	1948.3445421249403	0.0	0	0.0	3342.5361150473473	1	0	1	1.6448886194529386
43434.38008354823	2000.0	1908.1560314991236	0.0	0	0.0	3342.5361150473473	1	0	1	1.6448886194529386
44554.66852967666	2000.0	1787.8675853706982	0.0	0	0.0	3342.5361150473545	1	0	1	1.6448886194529369
46119.669076079495	2000.0	1222.8670389678623	0.0	0	0.0	3342.5361150473473	1	0	1	1.6448886194529386
46672.45169537333	1000.0	1670.0844196740293	0.0	0	0.0	3342.5361150473473	1	0	1	0.2585942583330484
47364.23644609804	1000.0	1978.2996689493234	0.0	0	0.0	3342.5361150473473	1	0	1	0.9517414388929936
49040.763245775146	2000.0	1301.7728692722062	0.0	0	0.0	3342.5361150473473	1	0	1	0.9517414388929935
49686.09538668951	1000.0	1656.4407283578482	0.0	0	0.0	3342.5361150473473	1	0	1	0.2585942583330484
50410.079510899464	1000.0	1932.4566041478904	0.0	0	0.0	3342.53611504734	1	0	1	0.9517414388929955
51564.68981128577	2000.0	1777.846303761589	0.0	0	0.0	3342.53611504734	1	0	1	0.9517414388929953
52315.10463673991	2000.0	1952.389995762029	0.0	0	0.0	3267.494632501919	1	0	2	1.2580830841805948
53635.35740364424	2000.0	1632.137228857701	0.0	0	0.0	3267.494632501919	1	0	1	1.4626812026664031
54651.79065195974	2000.0	1615.7039805422014	0.0	0	0.0	3267.4946325019264	1	0	1	1.6626812026664017
55472.5327632289	2000.0	1794.9618692730403	0.0	0	0.0	3267.4946325019264	1	0	1	1.6626812026664017
56185.722672886535	2000.0	2081.7719596154056	0.0	0	0.0	3267.494632501919	1	0	1	1.6626812026664033
57087.55202382456	2000.0	2179.9426086773765	0.0	0	0.0	3267.494632501919	1	0	1	1.6626812026664033
58735.727784399845	2000.0	1531.766848102092	0.0	0	0.0	3267.494632501919	1	0	1	1.6626812026664033
60139.229671104695	1000.0	1128.2649613972378	0.0	0	0.0	3267.494632501919	1	0	1	0.2763868415465131
60818.48106254951	1000.0	1449.0135699524183	0.0	0	0.0	3267.494632501919	1	0	1	0.9695340221064583
61563.45912165432	1000.0	1704.0355108476097	0.0	0	0.0	3267.494632501919	1	0	1	0.9695340221064583
62252.924929112254	1000.0	2014.5697033896734	0.0	0	0.0	3267.494632501919	1	0	1	0.9695340221064583
62860.15232287116	1000.0	2407.342309630774	0.0	0	0.0	3267.4946325019264	1	0	1	0.9695340221064566
64427.389733455755	2000.0	1840.1048990461766	0.0	0	0.0	3267.494632501919	1	0	1	0.9695340221064582
65302.28571502463	1000.0	1965.2089174773068	0.0	0	0.0	3267.494632501919	1	0	1	0.2763868415465131
66061.83190755312	1000.0	2205.6627249488147	0.0	0	0.0	3267.494632501919	1	0	1	0.9695340221064597
67308.67067529183	2000.0	1958.8239572101093	0.0	0	0.0	3267.494632501919	1	0	1	0.9695340221064592
67900.73096635725	1000.0	2366.763666144687	0.0	0	0.0	3267.494632501919	1	0	1	0.2763868415465128
69456.93851966242	2000.0	1810.5561128395009	0.0	0	0.0	3267.494632501912	1	0	1	0.9695340221064592
70191.3614427401	1000.0	2076.1331897618384	0.0	0	0.0	3267.494632501912	1	0	1	0.27638684154651477
71084.39892819148	1000.0	2183.095704310457	0.0	0	0.0	3267.494632501912	1	0	1	0.9695340221064599
72204.42755672189	2000.0	1951.064212927012	0.0	0	0.0	3155.49176964887	1	0	2	0.5880368024626139
73682.78349052061	2000.0	1472.7082791282826	0.0	0	0.0	3155.49176964887	1	0	1	1.487146921521031
74594.53983296428	1000.0	1560.9519366846273	0.0	0	0.0	3155.4917696488556	1	0	1	0.3008525604011437
75259.03924631179	1000.0	1896.452523337116	0.0	0	0.0	3155.4917696488556	1	0	1	0.9939997409610889
76116.25338214537	2000.0	2039.2383875035414	0.0	0	0.0	3155.4917696488556	1	0	1	0.993999740961089
77073.23057791166	2000.0	2082.261191737251	0.0	0	0.0	3155.4917696488556	1	0	1	1.6871469215210342
77973.16110203133	2000.0	2182.3306676175853	0.0	0	0.0	3155.49176964887	1	0	1	1.687146921521031
79098.11873936502	2000.0	2057.373030283896	0.0	0	0.0	3155.49176964887	1	0	1	1.687146921521031
80261.42055462496	2000.0	1777.7410334979704	0.0	0	0.0	3039.161588122879	1	0	2	1.3043048275590503
81154.4310833411	2000.0	1884.7305047818309	0.0	0	0.0	3039.161588122879	1	0	1	1.5101034748772042
82854.86788049129	2000.0	1184.2937076316502	0.0	0	0.0	3039.161588122879	1	0	1	1.7101034748772044
83544.7181061209	1000.0	1494.4434820020397	0.0	0	0.0	3039.161588122879	1	0	1	0.32380911375731397
84284.51864140846	1000.0	1754.6429467144878	0.0	0	0.0	3039.161588122879	1	0	1	1.0169562943172592
84912.2468427032	1000.0	2126.914745419748	0.0	0	0.0	3039.161588122879	1	0	1	1.0169562943172592
85645.80329811378	1000.0	2393.3582900091715	0.0	0	0.0	3039.161588122879	1	0	1	1.0169562943172592
87036.22087954452	2000.0	2002.940708578422	0.0	0	0.0	3039.161588122879	1	0	1	1.016956294317259
88082.93181409143	2000.0	1956.2297740315012	0.0	0	0.0	3039.1615881228645	1	0	1	1.710103474877207
89175.69310426134	2000.0	1863.4684838615772	0.0	0	0.0	3039.1615881228645	1	0	1	1.710103474877207
90017.88351486174	2000.0	2021.278073261184	0.0	0	0.0	3039.1615881228645	1	0	1	1.710103474877207
91720.48475416629	2000.0	1318.6768339566202	0.0	0	0.0	3039.1615881228645	1	0	1	1.710103474877207
92346.27858668553	1000.0	1692.8830014373975	0.0	0	0.0	3039.1615881228645	1	0	1	0.32380911375731675
93042.72854214453	1000.0	1996.4330459784017	0.0	0	0.0	3039.1615881228645	1	0	1	1.0169562943172619
94114.52805501875	2000.0	1924.6335331041855	0.0	0	0.0	3039.1615881228645	1	0	1	1.0169562943172619
95561.80402502352	2000.0	1477.3575630993994	0.0	0	0.0	3039.1615881228645	1	0	1	1.710103474877207
96678.17560930456	1000.0	1360.9859788183746	0.0	0	0.0	3039.1615881228645	1	0	1	0.32380911375731675
97572.02917892055	1000.0	1467.1324092023792	0.0	0	0.0	3039.1615881228645	1	0	1	1.0169562943172619
98367.45154857045	1000.0	1671.7100395524924	0.0	0	0.0	3039.1615881228645	1	0	1	1.0169562943172619
99169.76050493901	1000.0	1869.4010831839191	0.0	0	0.0	3039.1615881228645	1	0	1	1.0169562943172619
99921.30992838003	1000.0	2117.8516597429048	0.0	0	0.0	3039.1615881228645	1	0	1	1.0169562943172619
101223.42383823264	1000.0	1815.7377498902945	0.0	0	0.0	3039.161588122879	1	0	1	1.0169562943172592
101943.04233051362	1000.0	2096.1192576093044	0.0	0	0.0	3039.161588122879	1	0	1	1.0169562943172592
102828.66967091743	1000.0	2210.491917205499	0.0	0	0.0	3039.1615881228645	1	0	1	1.0169562943172619
104278.82742814514	2000.0	1760.33415997779	0.0	0	0.0	3039.16158812285	1	0	1	1.0169562943172648
105216.65714844373	1000.0	1822.5044396791989	0.0	0	0.0	3039.16158812285	1	0	1	0.32380911375731947
106147.01820617598	1000.0	1892.1433819469464	0.0	0	0.0	3039.16158812285	1	0	1	1.0169562943172645
106951.17018382369	1000.0	2087.9914042992414	0.0	0	0.0	3039.1615881228354	1	0	1	1.0169562943172674
107548.64809689291	1000.0	2490.51349123002	0.0	0	0.0	3039.1615881228354	1	0	1	1.0169562943172674
108819.18958005619	2000.0	2219.9720080667385	0.0	0	0.0	3039.161588122821	1	0	1	1.0169562943172699
110072.2629096041	1000.0	1966.8986785188274	0.0	0	0.0	3039.161588122821	1	0	1	0.3238091137573249
111236.38273271162	1000.0	1802.7788554113092	0.0	0	0.0	3039.161588122821	1	0	1	1.01695629431727
112140.97547249951	1000.0	1898.1861156234127	0.0	0	0.0	3039.161588122821	1	0	1	1.01695629431727
113125.10117247689	2000.0	1815.647845648301	0.0	0	0.0	2940.7490181250905	1	0	2	0.6305460836905303
113780.3519159013	2000.0	2160.397102223902	0.0	0	0.0	2940.7490181250905	1	0	1	1.5277314443320016
115788.49182179596	2000.0	1152.2571963292332	0.0	0	0.0	2940.7490181250905	1	0	1	1.7277314443320018
116519.74847476049	1000.0	1421.0005433647013	0.0	0	0.0	2940.7490181250905	1	0	1	0.3414370832121116
117159.31694333188	1000.0	1781.4320747933225	0.0	0	0.0	2940.7490181250905	1	0	1	1.0345842637720568
118072.36701646779	2000.0	1868.3820016574098	0.0	0	0.0	2940.749018125076	1	0	1	1.0345842637720593
119182.5072608452	2000.0	1758.2417572800045	0.0	0	0.0	2940.749018125076	1	0	1	1.7277314443320044
119978.90841418692	2000.0	1961.840603938277	0.0	0	0.0	2940.749018125076	1	0	1	1.7277314443320044
120704.92822193383	2000.0	2235.8207961913668	0.0	0	0.0	2940.7490181250905	1	0	1	1.7277314443320018
121876.47207772447	2000.0	2064.276940400729	0.0	0	0.0	2940.749018125105	1	0	1	1.7277314443319993
122665.61582930399	2000.0	2275.133188821217	0.0	0	0.0	2940.749018125105	1	0	1	1.7277314443319993
123566.17193384025	2000.0	2374.5770842849684	0.0	0	0.0	2940.749018125105	1	0	1	1.7277314443319993
124525.81172936714	2000.0	2414.937288758097	0.0	0	0.0	2940.7490181251196	1	0	1	1.7277314443319969
125518.6434137226	2000.0	2422.1056044026177	0.0	0	0.0	2940.7490181251196	1	0	1	1.7277314443319969
126776.87962994182	2000.0	2163.8693881833888	0.0	0	0.0	2940.749018125105	1	0	1	1.7277314443319993
127646.94667659704	2000.0	2293.802341528161	0.0	0	0.0	2940.749018125105	1	0	1	1.7277314443319993
128909.41279771835	2000.0	2031.3362204068626	0.0	0	0.0	2940.749018125105	1	0	1	1.7277314443319993
130740.7799026956	2000.0	1199.9691154296142	0.0	0	0.0	2940.7490181251196	1	0	1	1.7277314443319969
131678.0996884709	1000.0	1262.6493296543267	0.0	0	0.0	2940.7490181251196	1	0	1	0.3414370832121061
132368.07699468432	1000.0	1572.672023440906	0.0	0	0.0	2940.7490181251487	1	0	1	1.0345842637720484
133115.7706573357	1000.0	1824.9783607895536	0.0	0	0.0	2940.749018125178	1	0	1	1.0345842637720422
133647.112907817	1000.0	2293.636110308241	0.0	0	0.0	2940.7490181251633	1	0	1	1.0345842637720444
135061.20528568764	2000.0	1879.5437324375996	0.0	0	0.0	2940.7490181251487	1	0	1	1.0345842637720426
136091.05929041878	2000.0	1849.689727706466	0.0	0	0.0	2940.749018125178	1	0	1	1.7277314443319909
137008.736115028	2000.0	1932.0129030972519	0.0	0	0.0	2940.749018125178	1	0	1	1.7277314443319869
137895.02830088203	2000.0	2045.720717243224	0.0	0	0.0	2940.749018125178	1	0	1	1.7277314443319869
138778.8484230755	2000.0	2161.900595049757	0.0	0	0.0	2940.749018125178	1	0	1	1.7277314443319869
139951.1489980593	2000.0	1989.6000200659885	0.0	0	0.0	2940.749018125178	1	0	1	1.7277314443319869
141142.78871263878	2000.0	1797.9603054865122	0.0	0	0.0	2940.749018125178	1	0	1	1.7277314443319869
142189.78445897857	2000.0	1750.9645591467206	0.0	0	0.0	2940.749018125178	1	0	1	1.7277314443319869
143030.60358921788	2000.0	1910.1454289074125	0.0	0	0.0	2940.749018125178	1	0	1	1.7277314443319869
143895.19942980155	2000.0	2045.5495883237604	0.0	0	0.0	2940.749018125178	1	0	1	1.7277314443319869
145500.0127040249	2000.0	1440.736314100392	0.0	0	0.0	2940.749018125178	1	0	1	1.7277314443319869
146251.18965430922	2000.0	1689.55936381608	0.0	0	0.0	2940.749018125207	1	0	1	1.7277314443319818
147094.94715865992	2000.0	1845.801859465414	0.0	0	0.0	2940.749018125236	1	0	1	1.727731444331977
147722.82696319348	2000.0	2217.922054931852	0.0	0	0.0	2940.749018125236	1	0	1	1.727731444331977
148357.8628818663	2000.0	2582.8861362590046	0.0	0	0.0	2940.749018125207	1	0	1	1.7277314443319818
149200.0	3000.0	2656.5353063119783	0.0	0	47.06637220268021	2856.535306311882	1	0	2	1.3373376620099675
150200.0	2000.0	2656.535306311981	0.0	0	104.4510690359457	2856.535306311882	1	0	1	1.1361471247247836
151397.83052142285	2000.0	2458.704784889148	0.0	0	0.0	2856.535306311882	1	0	1	1.7416122328329484
152200.0	2000.0	2576.318358454289	0.0	0	9.053794861480128	2776.318358454184	1	0	2	1.3509458316300984
153200.0	2000.0	2476.3183584542553	0.0	0	413.7785132265999	2676.318358454155	1	0	2	1.5626629155396983
154708.22811248514	2000.0	1968.0902459691383	0.0	0	0.0	2676.318358454184	1	0	1	1.5679398974762246
155645.39586867142	2000.0	2030.922489782848	0.0	0	0.0	2676.318358454155	1	0	1	1.7679398974762286
156809.3019028881	2000.0	1867.016455566152	0.0	0	0.0	2676.318358454155	1	0	1	1.7679398974762286
157902.47218004748	2000.0	1773.8461784067565	0.0	0	0.0	2676.318358454155	1	0	1	1.7679398974762286
158784.51429646325	2000.0	1891.8040619909793	0.0	0	0.0	2676.318358454155	1	0	1	1.7679398974762286
160042.1606243122	2000.0	1634.157734142047	0.0	0	0.0	2676.318358454184	1	0	1	1.767939897476228
161078.2583066438	2000.0	1598.0600518104325	0.0	0	0.0	2676.318358454184	1	0	1	1.7679398974762248
162037.93284249507	2000.0	1638.3855159591594	0.0	0	0.0	2676.318358454184	1	0	1	1.7679398974762248
162793.44860894134	2000.0	1882.8697495128886	0.0	0	0.0	2676.318358454184	1	0	1	1.7679398974762248
163875.10703606013	2000.0	1801.211322394116	0.0	0	0.0	2676.318358454213	1	0	1	1.7679398974762206
164834.3852115568	2000.0	1841.9331468974492	0.0	0	0.0	2676.318358454213	1	0	1	1.7679398974762206
165700.46975982704	2000.0	1975.8485986271837	0.0	0	0.0	2676.318358454213	1	0	1	1.7679398974762206
166884.36869215648	2000.0	1791.949666297769	0.0	0	0.0	2676.318358454213	1	0	1	1.7679398974762206
167582.80761945693	2000.0	2093.5107389973537	0.0	0	0.0	2676.318358454242	1	0	1	1.7679398974762166
168698.5474672305	2000.0	1977.770891223768	0.0	0	0.0	2676.318358454242	1	0	1	1.7679398974762166
169867.18272273045	2000.0	1809.135635723843	0.0	0	0.0	2676.318358454242	1	0	1	1.7679398974762166
170583.67233872507	2000.0	2092.646019729176	0.0	0	0.0	2676.318358454213	1	0	1	1.7679398974762206
171437.51498346997	2000.0	2238.8033749842625	0.0	0	0.0	2676.318358454213	1	0	1	1.7679398974762206
172200.0	2000.0	2476.318358454227	0.0	0	119.24512323751696	2676.318358454184	1	0	1	1.7679398974762224
173213.8476200878	2000.0	2462.470738366407	0.0	0	0.0	2676.318358454184	1	0	1	1.7679398974762248
174206.07100422448	2000.0	2470.2473542297316	0.0	0	0.0	2676.318358454184	1	0	1	1.7679398974762248
175750.4525940439	2000.0	1925.8657644103332	0.0	0	0.0	2676.318358454184	1	0	1	1.7679398974762248
177562.43003449638	2000.0	1113.8883239578129	0.0	0	0.0	2676.3183584541257	1	0	1	1.767939897476232
178270.8970627988	1000.0	1405.421295655415	0.0	0	0.0	2676.318358454155	1	0	1	0.381645536356339
179069.48610740528	1000.0	1606.8322510488981	0.0	0	0.0	2676.3183584541257	1	0	1	1.0747927169162874
180439.45197837744	2000.0	1236.8663800767363	0.0	0	0.0	2676.3183584541257	1	0	1	1.0747927169162874
181773.328126531	1000.0	902.9902319231434	0.0	0	0.0	2676.3183584540966	1	0	1	0.3816455363563461
182829.38394893517	1000.0	846.9344095190049	0.0	0	0.0	2676.3183584541257	1	0	1	1.0747927169162874
183283.73262122844	1000.0	1392.5857372257444	0.0	0	0.0	2676.3183584541257	1	0	1	1.0747927169162874
183978.15203066406	1000.0	1698.1663277901332	0.0	0	0.0	2676.3183584540966	1	0	1	1.0747927169162912
185149.65151626445	2000.0	1526.6668421897557	0.0	0	0.0	2676.3183584540966	1	0	1	1.0747927169162912
186377.1240400315	2000.0	1299.1943184227152	0.0	0	0.0	2676.318358454155	1	0	1	1.7679398974762301
187815.60206613192	2000.0	860.716292322258	0.0	0	0.0	2676.318358454155	1	0	1	1.7679398974762286
188365.53625344436	1000.0	1310.7821050098114	0.0	0	0.0	2676.318358454155	1	0	1	0.38164553635633824
189097.35552278263	1000.0	1578.9628356715075	0.0	0	0.0	2676.318358454155	1	0	1	1.0747927169162834
190292.7968722877	2000.0	1383.5214861664372	0.0	0	0.0	2676.318358454155	1	0	1	1.0747927169162834
191430.0211845259	2000.0	1246.2971739282366	0.0	0	0.0	2676.318358454184	1	0	1	1.7679398974762257
192175.7232352443	2000.0	1500.5951232097727	0.0	0	0.0	2676.318358454155	1	0	1	1.7679398974762262
192819.95448706485	2000.0	1856.3638713892074	0.0	0	0.0	2676.318358454184	1	0	1	1.7679398974762248
194046.78202502438	2000.0	1629.536333429687	0.0	0	0.0	2676.318358454184	1	0	1	1.7679398974762215
196045.99457267157	2000.0	630.3237857825347	0.0	0	0.0	2676.318358454213	1	0	1	1.767939897476224
196493.1715226189	1000.0	1183.1468358352283	0.0	0	0.0	2676.318358454213	1	0	1	0.3816455363563305
197728.9591104116	2000.0	947.3592480425414	0.0	0	0.0	2676.318358454213	1	0	1	1.0747927169162754
198368.24119851852	1000.0	1308.077159935653	0.0	0	0.0	2676.318358454213	1	0	1	0.3816455363563305
199170.15510418153	1000.0	1506.163254272664	0.0	0	0.0	2676.318358454213	1	0	1	1.074792716916274
200529.98283417348	2000.0	1146.335524280696	0.0	0	0.0	2676.318358454184	1	0	1	1.0747927169162779
201215.82043248237	1000.0	1460.497925971798	0.0	0	0.0	2676.318358454184	1	0	1	0.38164553635633436
202062.36662506947	2000.0	1613.9517333847007	0.0	0	0.0	2676.318358454213	1	0	1	1.0747927169162754
202905.28994863818	2000.0	1771.0284098159914	0.0	0	0.0	2676.318358454242	1	0	1	1.7679398974762166
203847.56543731896	2000.0	1828.7529211351805	0.0	0	0.0	2676.318358454242	1	0	1	1.7679398974762166
204829.99481201035	2000.0	1846.323546443765	0.0	0	0.0	2676.318358454242	1	0	1	1.7679398974762166
205477.88127821631	2000.0	2198.437080237827	0.0	0	0.0	2676.318358454242	1	0	1	1.7679398974762166
206200.0	2000.0	2476.3183584541257	0.0	0	75.01260529260617	2676.318358454242	1	0	1	1.7679398974762166
207734.04141878197	2000.0	1942.2769396721726	0.0	0	0.0	2676.318358454242	1	0	1	1.7679398974762166
209047.04986096095	1000.0	1629.2684974932167	0.0	0	0.0	2676.318358454242	1	0	1	0.3816455363563266
209951.66238732878	1000.0	1724.6559711253735	0.0	0	0.0	2676.318358454242	1	0	1	1.0747927169162717
210757.30229056763	1000.0	1919.0160678865439	0.0	0	0.0	2676.318358454242	1	0	1	1.0747927169162717
211950.09748438158	2000.0	1726.2208740726146	0.0	0	0.0	2676.318358454242	1	0	1	1.0747927169162717
212636.38922047438	1000.0	2039.9291379798058	0.0	0	0.0	2676.318358454213	1	0	1	0.3816455363563305
213507.03164624146	1000.0	2169.286712212718	0.0	0	0.0	2676.318358454213	1	0	1	1.0747927169162756
214911.60002958894	2000.0	1764.71832886524	0.0	0	0.0	2676.318358454213	1	0	1	1.0747927169162754
215599.51062999238	1000.0	2076.8077284617875	0.0	0	0.0	2676.318358454184	1	0	1	0.38164553635633436
216762.74535552197	2000.0	1913.5730029322172	0.0	0	0.0	2676.318358454184	1	0	1	1.0747927169162796
217568.67894487394	1000.0	2107.6394135802293	0.0	0	0.0	2676.318358454184	1	0	1	0.38164553635633436
219000.25733783	2000.0	1676.0610206241574	0.0	0	0.0	2676.318358454184	1	0	1	1.0747927169162796
219761.46786853546	1000.0	1914.850489918701	0.0	0	0.0	2676.318358454213	1	0	1	0.3816455363563305
220291.8959516237	1000.0	2384.422406830483	0.0	0	0.0	2676.318358454242	1	0	1	1.0747927169162717
221621.07648652527	2000.0	2055.241871928939	0.0	0	0.0	2676.318358454242	1	0	1	1.0747927169162717
223111.87763801008	2000.0	1564.4407204441354	0.0	0	0.0	2676.318358454213	1	0	1	1.7679398974762175
223732.64071555322	1000.0	1943.6776429009722	0.0	0	0.0	2676.318358454213	1	0	1	0.3816455363563305
224678.4192972422	2000.0	1997.8990612120097	0.0	0	0.0	2676.318358454213	1	0	1	1.0747927169162754
225394.5408810042	2000.0	2281.777477449964	0.0	0	0.0	2676.318358454213	1	0	1	1.7679398974762206
226258.8603054517	2000.0	2417.4580530024637	0.0	0	0.0	2676.318358454242	1	0	1	1.7679398974762166
227200.0	2000.0	2476.3183584541684	0.0	0	117.3572807777673	2676.318358454271	1	0	1	1.7679398974762128
228905.7106568371	2000.0	1770.6077016171134	0.0	0	0.0	2676.318358454271	1	0	1	1.7679398974762128
230296.81383515283	2000.0	1379.5045233013652	0.0	0	0.0	2676.318358454242	1	0	1	1.7679398974762144
231847.47972393272	2000.0	828.8386345214694	0.0	0	0.0	2676.318358454213	1	0	1	1.7679398974762197
232712.5636171166	1000.0	963.754741337588	0.0	0	0.0	2676.318358454213	1	0	1	0.3816455363563305
233686.07465724714	1000.0	990.2437012070535	0.0	0	0.0	2676.318358454213	1	0	1	1.0747927169162756
234335.49883463306	1000.0	1340.8195238211242	0.0	0	0.0	2676.318358454213	1	0	1	1.0747927169162756
234810.2153979615	1000.0	1866.1029604926625	0.0	0	0.0	2676.318358454213	1	0	1	1.0747927169162756
236138.47286260678	2000.0	1537.8454958473699	0.0	0	0.0	2676.318358454213	1	0	1	1.0747927169162754
236992.9019971672	2000.0	1683.4163612869563	0.0	0	0.0	2676.318358454242	1	0	1	1.7679398974762166
237854.4269483196	2000.0	1821.8914101345579	0.0	0	0.0	2676.318358454242	1	0	1	1.7679398974762166
238664.9353567921	2000.0	2011.3830016620977	0.0	0	0.0	2676.318358454271	1	0	1	1.7679398974762128
239957.79988272657	2000.0	1718.518475727646	0.0	0	0.0	2676.318358454271	1	0	1	1.7679398974762128
240810.14309637953	1000.0	1866.1752620746934	0.0	0	0.0	2676.3183584543003	1	0	1	0.3816455363563187
241486.59861497566	1000.0	2189.7197434785558	0.0	0	0.0	2676.3183584543003	1	0	1	1.0747927169162639
242417.34120541817	2000.0	2258.977153036023	0.0	0	0.0	2676.3183584543003	1	0	1	1.0747927169162645
243352.80860272484	2000.0	2323.509755729345	0.0	0	0.0	2676.3183584543003	1	0	1	1.767939897476209
245293.139002073	2000.0	1383.1793563811616	0.0	0	0.0	2676.3183584543294	1	0	1	1.7679398974762082
246350.593181237	1000.0	1325.7251772171592	0.0	0	0.0	2676.3183584543294	1	0	1	0.38164553635631476
247026.46144600183	1000.0	1649.8569124522792	0.0	0	0.0	2676.3183584543294	1	0	1	1.0747927169162599
248159.44936583622	1000.0	1516.8689926179097	0.0	0	0.0	2676.3183584543585	1	0	1	1.0747927169162586
248954.0570354678	1000.0	1722.2613229863034	0.0	0	0.0	2676.3183584543294	1	0	1	1.0747927169162599
250244.8185460961	1000.0	1431.4998123579971	0.0	0	0.0	2676.3183584543294	1	0	1	1.0747927169162599
250864.02077560057	1000.0	1812.2975828535236	0.0	0	0.0	2676.3183584543294	1	0	1	1.0747927169162599
251609.8735048777	1000.0	2066.444853576377	0.0	0	0.0	2676.3183584543003	1	0	1	1.0747927169162639
253278.96346391962	2000.0	1397.3548945344567	0.0	0	0.0	2676.3183584543003	1	0	1	1.0747927169162637
254353.42615972887	1000.0	1322.8921987251751	0.0	0	0.0	2676.3183584543003	1	0	1	0.3816455363563187
255080.06997434187	1000.0	1596.2483841121737	0.0	0	0.0	2676.318358454271	1	0	1	1.0747927169162654
256017.8172604225	1000.0	1658.5010980315262	0.0	0	0.0	2676.318358454271	1	0	1	1.0747927169162679
256707.52962422618	1000.0	1968.7887342278682	0.0	0	0.0	2676.318358454271	1	0	1	1.0747927169162679
258484.0178617271	2000.0	1192.3004967269458	0.0	0	0.0	2676.318358454271	1	0	1	1.0747927169162677
259685.7973855474	1000.0	990.520972906655	0.0	0	0.0	2676.318358454242	1	0	1	0.3816455363563266
260726.62382126195	1000.0	949.6945371921083	0.0	0	0.0	2676.318358454242	1	0	1	1.0747927169162717
261346.20298102888	1000.0	1330.115377425157	0.0	0	0.0	2676.318358454213	1	0	1	1.0747927169162756
261833.6457495089	1000.0	1842.6726089451568	0.0	0	0.0	2676.318358454213	1	0	1	1.0747927169162756
262755.0088852674	2000.0	1921.3094731865613	0.0	0	0.0	2676.3183584541257	1	0	1	1.0747927169162828
264641.35498310084	2000.0	1034.9633753531507	0.0	0	0.0	2676.318358454155	1	0	1	1.7679398974762317
265415.7296575694	1000.0	1260.5887008846646	0.0	0	0.0	2676.318358454155	1	0	1	0.38164553635633824
266037.7701554245	1000.0	1638.5482030296187	0.0	0	0.0	2676.318358454213	1	0	1	1.0747927169162819
266860.90534608957	2000.0	1815.4130123645693	0.0	0	0.0	2676.318358454271	1	0	1	1.0747927169162677
267774.7667478826	2000.0	1901.5516105715412	0.0	0	0.0	2676.318358454213	1	0	1	1.7679398974762206
268751.7804361649	2000.0	1924.5379222892332	0.0	0	0.0	2676.318358454155	1	0	1	1.7679398974762286
269502.965474123	2000.0	2173.352884331115	0.0	0	0.0	2676.318358454155	1	0	1	1.7679398974762286
270200.0	2000.0	2476.3183584541102	0.0	0	43.68474868190242	2676.318358454213	1	0	1	1.7679398974762255
271323.1600730716	2000.0	2353.158285382516	0.0	0	0.0	2676.318358454213	1	0	1	1.7679398974762237
272423.3978496566	2000.0	2252.920508797534	0.0	0	0.0	2676.318358454213	1	0	1	1.7679398974762206
273419.6753363168	2000.0	2256.643022137359	0.0	0	0.0	2676.318358454213	1	0	1	1.7679398974762206
274200.0	2000.0	2476.3183584541366	0.0	0	5.880650390754454	2676.318358454213	1	0	1	1.7679398974762206
275234.3630842177	2000.0	2441.955274236439	0.0	0	0.0	2676.3183584543294	1	0	1	1.7679398974762097
276678.38134407613	2000.0	1997.9370143780209	0.0	0	0.0	2676.3183584543294	1	0	1	1.767939897476205
277757.2535913479	2000.0	1919.0647671062711	0.0	0	0.0	2676.3183584543294	1	0	1	1.767939897476205
278981.2057073593	2000.0	1695.1126510949384	0.0	0	0.0	2676.3183584543294	1	0	1	1.767939897476205
279685.276884097	1000.0	1991.0414743571505	0.0	0	0.0	2676.3183584543294	1	0	1	0.38164553635631476
281192.9811278073	2000.0	1483.3372306469214	0.0	0	0.0	2676.3183584543294	1	0	1	1.0747927169162599
282036.9962160256	1000.0	1639.3221424286198	0.0	0	0.0	2676.3183584543294	1	0	1	0.38164553635631476
282523.7599649431	1000.0	2152.5583935111463	0.0	0	0.0	2676.3183584543294	1	0	1	1.0747927169162599
283801.9038883002	2000.0	1874.4144701540865	0.0	0	0.0	2676.318358454271	1	0	1	1.0747927169162677
284787.93483413063	2000.0	1888.3835243236977	0.0	0	0.0	2676.318358454271	1	0	1	1.7679398974762128
285393.73526222946	2000.0	2282.583096224873	0.0	0	0.0	2676.318358454271	1	0	1	1.7679398974762128
286200.0	2000.0	2476.3183584543585	0.0	0	150.88917713798583	2676.3183584543294	1	0	1	1.767939897476205
287200.0	2000.0	2476.31835845433	0.0	0	409.7727244150592	2676.3183584543294	1	0	1	1.767939897476205
288200.0	2000.0	2376.3183584543585	0.0	0	356.5728785973042	2576.3183584543876	1	0	2	1.3760312708869993
289547.8447847444	2000.0	2028.473573710044	0.0	0	0.0	2576.3183584543876	1	0	1	1.5807564916781653
290997.0869703857	2000.0	1579.2313880687732	0.0	0	0.0	2576.318358454446	1	0	1	1.7807564916781582
292348.15895584604	2000.0	1228.1594026084342	0.0	0	0.0	2576.318358454446	1	0	1	1.7807564916781582
293061.2924058956	1000.0	1515.0259525588745	0.0	0	0.0	2576.318358454446	1	0	1	0.3944621305582679
294504.7460677695	2000.0	1071.5722906849492	0.0	0	0.0	2576.3183584543876	1	0	1	1.0876093111182201
294966.1276503729	1000.0	1610.1907080815115	0.0	0	0.0	2576.3183584543876	1	0	1	0.3944621305582751
295535.07039171027	2000.0	2041.2479667442158	0.0	0	0.0	2576.3183584543876	1	0	1	1.0876093111182201
296466.5058166849	2000.0	2109.8125417695755	0.0	0	0.0	2576.3183584543876	1	0	1	1.7807564916781655
297200.0	2000.0	2376.3183584545372	0.0	0	137.18712503940333	2576.318358454446	1	0	1	1.7807564916781582
298200.0	3000.0	2276.318358454538	0.0	0	46.86698681017151	2476.318358454446	1	0	2	1.3888010689877592
299200.0	2000.0	2276.3183584545804	0.0	0	100.13668261654675	2476.318358454446	1	0	1	1.186961868529423
300428.7972116659	2000.0	2047.5211467886647	0.0	0	0.0	2476.3183584543876	1	0	1	1.7924269766375942
1.47	2.04	1.58	1.71	2.09	1.6	1.7	1.88	2.41	2.54	2.66	2.24	2.3	2.33	2.05	2.4	2.54	2.68	2.8	2.21	1.36	1.47	1.04	1.45	1.63	1.71	1.01	1.03	1.37	1.88	2.29	1.55	1.75	1.63	1.75	2.07	2.26	2.58	2.63	1.93	1.1	1.38	2.07	0.88	1.56	1.98	1.99	2.08	1.89	2.21	2.69	2.73	1.53	1.16	0.82	1.12	1.74	1.48	1.39	1.48	1.51	1.64	1.45	1.6	1.07	1.14	1.78	1.86	1.47	1.47	1.95	2.43	2.06	1.32	1.76	1.81	2.0	1.26	1.2	1.4	1.9	1.7	1.83	2.2	1.78	1.3	1.48	1.78	1.62	1.73	1.12	1.04	1.22	1.04	1.36	0.9	1.59	1.48	1.56	1.04	1.12	1.26	1.58	1.1	1.01	1.09	1.39	1.83	2.27	1.26	1.16	1.36	1.99	2.05	2.26	2.75	2.1	2.28	2.2	2.28	1.62	1.76	1.85	1.84	1.45	1.4	1.39	1.58	1.56	1.92	2.27	2.92	3.06	2.7	1.66	1.53	1.61	1.99	1.81	1.47	2.07	2.73	3.34	3.7	2.33	1.84	2.32	2.85	2.11	1.03	1.47	2.04	1.58	1.71	2.09	1.6	1.7	1.88	2.41	2.54	2.66	2.24	2.3	2.33	2.05	2.4	2.54	2.68	2.8	2.21	1.36	1.47	1.04	1.45	1.63	1.71	1.01	1.03	1.37	1.88	2.29	1.55	1.75	1.63	1.75	2.07	2.26	2.58	2.63	1.93	1.1	1.38	2.07	0.88	1.56	1.98	1.99	2.08	1.89	2.21	2.69	2.73	1.53	1.16	0.82	1.12	1.74	1.48	1.39	1.48	1.51	1.64	1.45	1.6	1.07	1.14	1.78	1.86	1.47	1.47	1.95	2.43	2.06	1.32	1.76	1.81	2.0	1.26	1.2	1.4	1.9	1.7	1.83	2.2	1.78	1.3	1.48	1.78	1.62	1.73	1.12	1.04	1.22	1.04	1.36	0.9	1.59	1.48	1.56	1.04	1.12	1.26	1.58	1.1	1.01	1.09	1.39	1.83	2.27	1.26	1.16	1.36	1.99	2.05	2.26	2.75	2.1	2.28	2.2	2.28	1.62	1.76	1.85	1.84	1.45	1.4	1.39	1.58	1.56	1.92	2.27	2.92	3.06	2.7	1.66	1.53	1.61	1.99	1.81	1.47	2.07	2.73	3.34	3.7	2.33	1.84	2.32	2.85	2.11	1.03
1.0	2.0	3.0	4.0	5.0	6.0	7.0	8.0	9.0	10.0	11.0	12.0	13.0	14.0	15.0	16.0	17.0	18.0	19.0	20.0	21.0	22.0	23.0	24.0	25.0	26.0	27.0	28.0	29.0	30.0	31.0	32.0	33.0	34.0	35.0	36.0	37.0	38.0	39.0	40.0	41.0	42.0	43.0	44.0	45.0	46.0	47.0	48.0	49.0	50.0	51.0	52.0	53.0	54.0	55.0	56.0	57.0	58.0	59.0	60.0	61.0	62.0	63.0	64.0	65.0	66.0	67.0	68.0	69.0	70.0	71.0	72.0	73.0	74.0	75.0	76.0	77.0	78.0	79.0	80.0	81.0	82.0	83.0	84.0	85.0	86.0	87.0	88.0	89.0	90.0	91.0	92.0	93.0	94.0	95.0	96.0	97.0	98.0	99.0	100.0	101.0	102.0	103.0	104.0	105.0	106.0	107.0	108.0	109.0	110.0	111.0	112.0	113.0	114.0	115.0	116.0	117.0	118.0	119.0	120.0	121.0	122.0	123.0	124.0	125.0	126.0	127.0	128.0	129.0	130.0	131.0	132.0	133.0	134.0	135.0	136.0	137.0	138.0	139.0	140.0	141.0	142.0	143.0	144.0	145.0	146.0	147.0	148.0	149.0	149.0	150.0	151.0	152.0	153.0	154.0	155.0	156.0	157.0	158.0	159.0	160.0	161.0	162.0	163.0	164.0	165.0	166.0	167.0	168.0	169.0	170.0	171.0	172.0	173.0	174.0	175.0	176.0	177.0	178.0	179.0	180.0	181.0	182.0	183.0	184.0	185.0	186.0	187.0	188.0	189.0	190.0	191.0	192.0	193.0	194.0	195.0	196.0	197.0	198.0	199.0	200.0	201.0	202.0	203.0	204.0	205.0	206.0	207.0	208.0	209.0	210.0	211.0	212.0	213.0	214.0	215.0	216.0	217.0	218.0	219.0	220.0	221.0	222.0	223.0	224.0	225.0	226.0	227.0	228.0	229.0	230.0	231.0	232.0	233.0	234.0	235.0	236.0	237.0	238.0	239.0	240.0	241.0	242.0	243.0	244.0	245.0	246.0	247.0	248.0	249.0	250.0	251.0	252.0	253.0	254.0	255.0	256.0	257.0	258.0	259.0	260.0	261.0	262.0	263.0	264.0	265.0	266.0	267.0	268.0	269.0	270.0	271.0	272.0	273.0	274.0	275.0	276.0	277.0	278.0	279.0	280.0	281.0	282.0	283.0	284.0	285.0	286.0	287.0	288.0	289.0	290.0	291.0	292.0	293.0	294.0	295.0	296.0	297.0	298.0	298.0
4998.4951358032395
