5644.07992114825	300.0	2000.0	193.29786638831092	0	0.0	5644.07992114825	1	0	1	-2.755282511630991
6653.124992383894	2000.0	1890.0504216407912	0.0	0	0.0	5543.175414024686	1	0	2	-1.967656322892866
7648.347751862693	2000.0	1795.3053862141119	0.0	0	0.0	5443.653138076806	1	0	2	0.22735405493868804
8439.346834513777	2000.0	1925.206395297921	0.0	0	0.0	5364.553229811698	1	0	2	0.3062932929056714
9309.062938012432	2000.0	1968.5186814494034	0.0	0	0.0	5277.581619461835	1	0	2	0.3799193924839999
9907.532695565973	2000.0	2310.2019481405073	0.0	0	0.0	5217.734643706481	1	0	2	0.4382204359105733
10753.991244747935	3000.0	2379.0975440403495	0.0	0	0.0	5133.088788788282	1	0	2	0.5063220790831043
12162.382089754943	3000.0	1829.8676145326413	0.0	0	0.0	4992.249704287582	1	0	2	1.006637953112888
13744.745611087494	2000.0	1089.2677410668375	0.0	0	0.0	4834.0133521543285	1	0	2	0.3256444846957156
14354.726499730572	1000.0	1479.2868524237588	0.0	0	0.0	4834.0133521543285	1	0	1	-0.6296086136041404
15067.34365592783	2000.0	1695.4079806067741	0.0	0	0.0	4762.751636534602	1	0	2	-0.0983591304553092
16152.078481800358	2000.0	1502.1996721469916	0.0	0	0.0	4654.2781539473435	1	0	2	0.863652969339439
17116.948315878715	2000.0	1440.8428546607988	0.0	0	0.0	4557.791170539509	1	0	2	0.9263277494445026
17795.57454616695	2000.0	1694.3540013437384	0.0	0	0.0	4489.928547510684	1	0	2	0.9736559211748418
19067.97413268992	2000.0	1294.7144561684672	0.0	0	0.0	4362.688588858386	1	0	2	1.0360400817104067
19968.134843499254	2000.0	1304.5376742782028	0.0	0	0.0	4272.672517777457	1	0	2	1.0905474408030222
20835.639144895493	2000.0	1350.2829427423414	0.0	0	0.0	4185.922087637835	1	0	2	1.1358561926777018
21620.42467312219	2000.0	1487.0188616929722	0.0	0	0.0	4107.44353481516	1	0	2	1.1748989628302628
22343.20087846169	2000.0	1691.965035819524	0.0	0	0.0	4035.1659142812096	1	0	2	1.2074353217955822
23196.037883932568	2000.0	1753.8443298015577	0.0	0	0.0	3949.882213734123	1	0	2	1.2423505362861276
24301.668510014235	2000.0	1537.6506411117255	0.0	0	0.0	3839.319151125961	1	0	2	1.2835179952519278
25329.196105708892	2000.0	1407.370285847605	0.0	0	0.0	3736.5663915564983	1	0	2	1.3205618895319635
25875.214885896774	2000.0	1806.749627640934	0.0	0	0.0	3681.964513537707	1	0	2	1.3438832076123228
26794.898449588552	2000.0	1887.0660639491557	0.0	0	0.0	3681.964513537707	1	0	1	1.348449501427741
28131.818934415656	2000.0	1416.453530639342	0.0	0	0.0	3548.27246505499	1	0	2	1.1779787262220758
28836.60648686113	1000.0	1711.6659781938724	0.0	0	0.0	3548.2724650549935	1	0	1	0.00346687781996341
29833.938813965382	2000.0	1714.3336510896181	0.0	0	0.0	3548.2724650549935	1	0	1	0.8966140583799087
30577.34470277901	2000.0	1970.9277622759905	0.0	0	0.0	3548.2724650549935	1	0	1	1.5897612389398539
31313.02433106016	2000.0	2235.248133994838	0.0	0	0.0	3548.2724650549935	1	0	1	1.5897612389398539
32307.483397983713	3000.0	2141.343160378933	0.0	0	0.0	3448.826558362638	1	0	2	1.2105322014474311
33114.27996979006	3000.0	2253.86693139194	0.0	0	0.0	3368.1469011819936	1	0	2	1.838734115917208
35406.460126707585	3000.0	732.468758782674	0.0	0	0.0	3138.9288854902516	1	0	2	1.8813727395879958
35855.84999645632	1000.0	1283.0788890339236	0.0	0	0.0	3138.928885490237	1	0	1	-0.30119639421250255
37051.9921290789	2000.0	1086.936756411351	0.0	0	0.0	3138.9288854902334	1	0	1	0.9974158944556096
37616.69823730013	1000.0	1522.2306481901203	0.0	0	0.0	3138.9288854902334	1	0	1	0.3042687138956645
38674.20198839404	2000.0	1464.726897096209	0.0	0	0.0	3138.9288854902334	1	0	1	0.9974158944556096
39489.271769641426	2000.0	1649.6571158488193	0.0	0	0.0	3138.9288854902334	1	0	1	1.6905630750155547
40236.06629641087	1000.0	1902.8625890793687	0.0	0	0.0	3138.9288854902334	1	0	1	0.3042687138956645
42114.69907484122	2000.0	1024.2298106490205	0.0	0	0.0	3138.928885490226	1	0	1	0.9974158944556113
42481.61713976648	500.0	1657.3117457237602	0.0	0	0.0	3138.928885490226	1	0	1	-1.082025647224225
43562.64132382731	2000.0	1576.2875616629221	0.0	0	0.0	3138.928885490226	1	0	1	0.3042687138956659
44339.63613551625	2000.0	1799.2927499739822	0.0	0	0.0	3138.928885490226	1	0	1	1.6905630750155565
45134.10215490776	2000.0	2004.8267305824709	0.0	0	0.0	3138.928885490226	1	0	1	1.6905630750155565
45941.308259086196	2000.0	2197.6206264040356	0.0	0	0.0	3138.9288854902334	1	0	1	1.6905630750155547
46556.210693414156	2000.0	2582.7181920760795	0.0	0	0.0	3138.9288854902406	1	0	1	1.6905630750155538
47488.6800560707	2000.0	2650.2488294195355	0.0	0	0.0	3138.9288854902406	1	0	1	1.6905630750155534
48397.37275461477	3000.0	2650.686861021058	0.0	0	0.0	3048.0596156358297	1	0	2	1.3034202012935687
50334.44477047392	2000.0	1713.6148451619017	0.0	0	0.0	3048.0596156358297	1	0	1	1.1029658347621056
51540.570838756285	1000.0	1507.488776879541	0.0	0	0.0	3048.0596156358224	1	0	1	0.3221365817503814
52755.11485602254	1000.0	1292.9447596132898	0.0	0	0.0	3048.0596156358297	1	0	1	1.0152837623103252
53470.00193396265	1000.0	1578.057681673169	0.0	0	0.0	3048.0596156358297	1	0	1	1.0152837623103252
54431.17083605223	1000.0	1616.8887795835967	0.0	0	0.0	3048.059615635837	1	0	1	1.015283762310324
55154.62777814495	1000.0	1893.4318374908771	0.0	0	0.0	3048.0596156358442	1	0	1	1.0152837623103226
55657.399846665525	1000.0	2390.659768970305	0.0	0	0.0	3048.0596156358442	1	0	1	1.0152837623103226
56783.048276722	2000.0	2265.0113389138314	0.0	0	0.0	3048.0596156358442	1	0	1	1.0152837623103226
57676.86832435703	2000.0	2371.1912912788007	0.0	0	0.0	3048.059615635837	1	0	1	1.708430942870269
58302.90457805708	2000.0	2745.1550375787415	0.0	0	0.0	3048.059615635837	1	0	1	1.708430942870269
59200.0	2000.0	2848.0596156358183	0.0	0	167.64608954150026	3048.059615635837	1	0	1	1.708430942870269
60200.0	2000.0	2848.059615635821	0.0	0	128.4038213424792	3048.059615635837	1	0	1	1.708430942870269
61200.0	3000.0	2748.0596156358333	0.0	0	73.39984236525925	2948.0596156358515	1	0	2	1.321323199902548
62200.0	3000.0	2648.0596156358324	0.0	0	300.3181687133838	2848.0596156358442	1	0	2	1.9426122887004824
63200.0	3000.0	2548.059615635828	0.0	0	236.65576656037592	2748.0596156358297	1	0	2	1.9582815226381642
64200.0	3000.0	2448.059615635821	0.0	0	368.16597885548254	2648.0596156358297	1	0	2	1.972129463426892
65200.0	3000.0	2348.059615635818	0.0	0	153.40617930775625	2548.0596156358297	1	0	2	1.9855828615784712
67276.98762897284	6000.0	1271.0719866629852	0.0	0	0.0	2548.0596156358442	1	0	1	1.9896314031950058
68048.26690270581	2000.0	1499.792712930007	0.0	0	0.0	2548.0596156358297	1	0	1	0.6855540064187318
68543.54395480575	2000.0	2004.5156608300654	0.0	0	0.0	2548.059615635837	1	0	1	1.7841662950868418
69615.9450965343	3000.0	1824.8744049286609	0.0	0	0.0	2440.819501462989	1	0	2	1.3930637217544168
70524.0971309951	2000.0	1916.7223704678634	0.0	0	0.0	2440.8195014630037	1	0	1	1.190847507733448
71427.49196610622	2000.0	2013.3275353567412	0.0	0	0.0	2440.8195014630037	1	0	1	1.7963126158416127
72602.31427655101	2000.0	1838.5052249119435	0.0	0	0.0	2440.819501462989	1	0	1	1.7963126158416143
73517.65673086124	2000.0	1923.1627706017075	0.0	0	0.0	2440.819501462989	1	0	1	1.7963126158416143
74403.73695890742	2000.0	2037.0825425555345	0.0	0	0.0	2440.8195014629746	1	0	1	1.7963126158416156
75301.24770695213	2000.0	2049.820719706363	0.0	0	0.0	2351.068426658516	1	0	2	1.4033268714699805
76200.0	2000.0	2061.193197353701	0.0	0	143.72186867703567	2261.193197353714	1	0	2	1.6113603915337302
77200.0	3000.0	1961.1931973536957	0.0	0	253.146544940304	2161.1931973536994	1	0	2	1.619817451768871
79009.39428472758	3000.0	970.8594841533638	0.0	0	0.0	1980.2537688809389	1	0	2	2.0381390041518013
80448.76238897377	2000.0	531.4913799071558	0.0	0	0.0	1980.2537688809389	1	0	1	1.230982419404645
81605.6489072882	2000.0	474.3535048457503	99.74864325301871	0	0.0	2080.0024121339666	1	0	1	1.2306980956602152
82376.01245276009	2000.0	703.9899593738522	0.0	0	0.0	2080.0024121339666	1	0	1	1.8291899551783275
82992.70134415348	2000.0	1087.3010679804534	0.0	0	0.0	2080.002412133981	1	0	1	1.8291899551783264
83869.22241556417	2000.0	1210.779996569774	0.0	0	0.0	2080.0024121339666	1	0	1	1.8291899551783275
84638.36633932758	2000.0	1441.6360728063678	0.0	0	0.0	2080.0024121339666	1	0	1	1.8291899551783275
85422.06666570579	2000.0	1657.9357464281472	0.0	0	0.0	2080.0024121339666	1	0	1	1.8291899551783275
86200.0	2000.0	1880.0024121339284	0.0	0	71.27144848636817	2080.0024121339666	1	0	1	1.8291899551783275
87200.0	2000.0	1880.00241213392	0.0	0	86.76712639894686	2080.0024121339666	1	0	1	1.8291899551783275
88200.0	2000.0	1880.0024121339075	0.0	0	141.7211828945001	2080.0024121339666	1	0	1	1.8291899551783275
90446.30935124846	2000.0	633.6930608854364	0.0	0	0.0	2080.0024121339666	1	0	1	1.8291899551783275
91219.39543442325	1000.0	860.6069777106575	0.0	0	0.0	2080.0024121339666	1	0	1	0.4428955940584373
91910.63499458625	1000.0	1169.3674175476501	0.0	0	0.0	2080.002412133952	1	0	1	1.1360427746183837
92816.89014552208	2000.0	1263.1122666118263	0.0	0	0.0	2080.002412133952	1	0	1	1.1360427746183834
93679.69140707326	2000.0	1400.3110050606258	0.0	0	0.0	2080.002412133952	1	0	1	1.8291899551783286
94690.12863962134	2000.0	1389.8737725125288	0.0	0	0.0	2080.0024121339375	1	0	1	1.8291899551783297
95551.65231557978	2000.0	1528.3500965541002	0.0	0	0.0	2080.0024121339375	1	0	1	1.8291899551783297
97177.99039225528	2000.0	902.0120198785954	0.0	0	0.0	2080.002412133952	1	0	1	1.8291899551783286
97896.38548062475	1000.0	1183.6169315091142	0.0	0	0.0	2080.002412133952	1	0	1	0.4428955940584384
98430.32634846389	1000.0	1649.6760636699805	0.0	0	0.0	2080.0024121339666	1	0	1	1.1360427746183825
99613.61679552974	2000.0	1466.3856166041064	0.0	0	0.0	2080.0024121339666	1	0	1	1.1360427746183823
100888.87342355787	2000.0	1191.1289885759707	0.0	0	0.0	2080.0024121339666	1	0	1	1.8291899551783275
101721.47519445208	2000.0	1358.5272176817434	0.0	0	0.0	2080.0024121339666	1	0	1	1.8291899551783275
102556.79510002435	2000.0	1523.2073121094775	0.0	0	0.0	2080.0024121339666	1	0	1	1.8291899551783275
103200.0	2000.0	1880.002412133813	0.0	0	37.44187577595585	2080.0024121339666	1	0	1	1.8291899551783275
104281.85092181087	2000.0	1798.151490322941	0.0	0	0.0	2080.0024121339666	1	0	1	1.8291899551783275
105676.25080710089	2000.0	1403.751605032905	0.0	0	0.0	2080.002412133981	1	0	1	1.8291899551783264
106940.57665950335	2000.0	1139.425752630443	0.0	0	0.0	2080.002412133981	1	0	1	1.8291899551783264
107926.02061678426	2000.0	1153.9817953495244	0.0	0	0.0	2080.0024121339666	1	0	1	1.8291899551783275
108765.41740372378	2000.0	1314.5850084099784	0.0	0	0.0	2080.0024121339666	1	0	1	1.8291899551783275
109402.36335192194	2000.0	1677.6390602118352	0.0	0	0.0	2080.0024121339666	1	0	1	1.8291899551783275
110200.0	2000.0	1880.0024121337808	0.0	0	172.20908210980997	2080.002412133952	1	0	1	1.8291899551783286
111259.02075035067	3000.0	1715.0795867480567	0.0	0	0.0	1974.1003370989056	1	0	2	1.4348839332908188
112200.0	3000.0	1680.0024121338083	0.0	0	339.07680010033073	1880.0024121339957	1	0	2	2.0462361563964224
115131.94056358238	3000.0	200.0	677.3929161880078	0	0.0	2331.9405635823787	1	0	2	-2.02528103908008
115737.88244107585	1000.0	688.6552956853062	94.5971731787773	0	0.0	2426.537736761151	1	0	1	-0.7615030096490703
116312.4585444466	1000.0	1114.079192314561	0.0	0	0.0	2426.537736761151	1	0	1	1.1046923180917037
117206.25153294604	2000.0	1220.2862038151104	0.0	0	0.0	2426.537736761151	1	0	1	1.1046923180917037
118032.92328366505	2000.0	1393.6144530961292	0.0	0	0.0	2426.537736761151	1	0	1	1.7978394986516488
118893.09216552164	2000.0	1533.4455712395588	0.0	0	0.0	2426.537736761151	1	0	1	1.7978394986516488
119796.50315113452	2000.0	1630.0345856266651	0.0	0	0.0	2426.5377367611363	1	0	1	1.7978394986516504
121213.35527397394	2000.0	1213.18246278724	0.0	0	0.0	2426.5377367611363	1	0	1	1.7978394986516504
122091.15951386931	2000.0	1335.378222891865	0.0	0	0.0	2426.5377367611363	1	0	1	1.7978394986516504
122873.07129021801	2000.0	1553.466446543176	0.0	0	0.0	2426.537736761151	1	0	1	1.7978394986516488
123532.181198767	2000.0	1894.3565379941822	0.0	0	0.0	2426.5377367611363	1	0	1	1.7978394986516504
124200.0	2000.0	2226.5377367611577	0.0	0	41.4191910137306	2426.5377367611363	1	0	1	1.7978394986516504
125200.0	2000.0	2226.537736761149	0.0	0	367.58173491514754	2426.5377367611363	1	0	1	1.7978394986516504
126200.0	3000.0	2126.5377367611645	0.0	0	195.1365209658834	2326.5377367611363	1	0	2	1.4045570427587584
127200.0	3000.0	2026.5377367611504	0.0	0	213.7501275421091	2226.537736761122	1	0	2	2.0194678391254492
128200.0	3000.0	1926.5377367611525	0.0	0	105.8710700054362	2126.537736761122	1	0	2	2.0285416049373444
129200.0	3000.0	1826.5377367611661	0.0	0	227.06172718793096	2026.5377367611218	1	0	2	2.0361167079857214
130814.29606147396	6000.0	1212.2416752871968	0.0	0	0.0	2026.5377367611218	1	0	1	2.038631651868039
131815.73376782538	2000.0	1210.8039689357986	0.0	0	0.0	2026.5377367611363	1	0	1	0.7345542550917641
132713.49100719544	2000.0	1313.046729565765	0.0	0	0.0	2026.5377367611509	1	0	1	1.833166543759873
133454.297203863	2000.0	1572.2405328982002	0.0	0	0.0	2026.5377367611218	1	0	1	1.8331665437598739
134257.30696557742	2000.0	1769.230771183795	0.0	0	0.0	2026.5377367611218	1	0	1	1.8331665437598748
135200.0	2000.0	1826.5377367611834	0.0	0	330.0016619239468	2026.5377367611218	1	0	1	1.8331665437598748
136200.0	2000.0	1826.5377367611616	0.0	0	352.36503719128086	2026.5377367611509	1	0	1	1.8331665437598725
138029.2690934334	3000.0	814.3417339843973	0.0	0	0.0	1843.6108274177532	1	0	2	1.4415236811214474
139190.3526219759	1000.0	653.258205441907	0.0	0	0.0	1843.6108274177532	1	0	1	-0.14643874636013846
139852.9933861099	1000.0	990.6174413078912	0.0	0	0.0	1843.610827417724	1	0	1	1.152173542307973
140576.329413374	1000.0	1267.2814140438074	0.0	0	0.0	1843.610827417724	1	0	1	1.152173542307973
141298.64629012925	1000.0	1544.9645372885889	0.0	0	0.0	1843.610827417724	1	0	1	1.152173542307973
142280.5463452725	2000.0	1563.0644821453113	0.0	0	0.0	1843.610827417724	1	0	1	1.152173542307973
143481.4044226799	2000.0	1362.2064047379517	0.0	0	0.0	1843.610827417695	1	0	1	1.84532072286792
144200.0	1000.0	1643.6108274178391	0.0	0	71.89872038783506	1843.6108274176659	1	0	1	0.4590263617480315
146299.14381582013	2000.0	544.467011597692	0.0	0	0.0	1843.6108274176659	1	0	1	1.1521735423079766
147190.23366405335	1000.0	653.3771633644863	0.0	0	0.0	1843.6108274176368	1	0	1	0.4590263617480333
147729.69886325457	1000.0	1113.9119641632724	0.0	0	0.0	1843.6108274176368	1	0	1	1.1521735423079784
148625.80077830027	1000.0	1217.8100491175787	0.0	0	0.0	1843.6108274176368	1	0	1	1.1521735423079784
149562.735853772	1000.0	1280.8749736458549	0.0	0	0.0	1843.6108274176368	1	0	1	1.1521735423079784
150687.73381118468	1000.0	1155.8770162331916	0.0	0	0.0	1843.6108274176368	1	0	1	1.1521735423079784
151295.47941777683	1000.0	1548.1314096410479	0.0	0	0.0	1843.6108274176368	1	0	1	1.1521735423079784
152587.32860600585	2000.0	1256.2822214120374	0.0	0	0.0	1843.6108274176368	1	0	1	1.1521735423079784
153682.68932355804	2000.0	1160.9215038598527	0.0	0	0.0	1843.6108274176659	1	0	1	1.845320722867922
154515.64671324746	2000.0	1327.9641141704428	0.0	0	0.0	1843.6108274176659	1	0	1	1.845320722867922
155228.08701592166	2000.0	1615.5238114962378	0.0	0	0.0	1843.6108274176368	1	0	1	1.8453207228679236
156200.0	2000.0	1643.6108274179078	0.0	0	143.83376272491296	1843.6108274176368	1	0	1	1.8453207228679236
157200.0	2000.0	1643.610827417925	0.0	0	2.7054392053105403	1843.6108274176659	1	0	1	1.845320722867922
158200.0	2000.0	1643.6108274179321	0.0	0	249.1977561232925	1843.6108274176659	1	0	1	1.845320722867922
159200.0	2000.0	1643.6108274179326	0.0	0	200.0039736915205	1843.6108274176659	1	0	1	1.845320722867922
160200.0	2000.0	1643.6108274179717	0.0	0	353.03775231557665	1843.6108274176659	1	0	1	1.845320722867922
161200.0	2000.0	1643.6108274179674	0.0	0	106.67655857279897	1843.6108274176659	1	0	1	1.845320722867922
162507.15236701336	2000.0	1336.4584604045906	0.0	0	0.0	1843.6108274176659	1	0	1	1.845320722867922
163576.6675228658	2000.0	1266.9433045521362	0.0	0	0.0	1843.6108274176659	1	0	1	1.845320722867922
164796.45810958653	2000.0	1047.1527178314195	0.0	0	0.0	1843.6108274176368	1	0	1	1.8453207228679234
165927.53392568388	2000.0	916.0769017340916	0.0	0	0.0	1843.6108274176077	1	0	1	1.8453207228679251
166836.9403024662	2000.0	1006.6705249517885	0.0	0	0.0	1843.6108274175785	1	0	1	1.8453207228679271
167837.57798287837	2000.0	1006.0328445396366	0.0	0	0.0	1843.6108274175785	1	0	1	1.8453207228679271
169194.98137933953	2000.0	648.6294480784987	0.0	0	0.0	1843.6108274175785	1	0	1	1.8453207228679271
169849.26615851797	2000.0	994.3446689000606	0.0	0	0.0	1843.6108274175785	1	0	1	1.8453207228679271
170796.82181623066	2000.0	1046.7890111873953	0.0	0	0.0	1843.6108274176077	1	0	1	1.8453207228679251
171546.31291744474	2000.0	1297.2979099732984	0.0	0	0.0	1843.6108274176077	1	0	1	1.8453207228679251
172429.1028363249	2000.0	1414.5079910931313	0.0	0	0.0	1843.6108274176077	1	0	1	1.8453207228679251
173239.09257760292	2000.0	1604.5182498151137	0.0	0	0.0	1843.6108274175785	1	0	1	1.8453207228679271
174234.46739384643	2000.0	1609.1434335716085	0.0	0	0.0	1843.6108274175785	1	0	1	1.8453207228679271
175200.0	2000.0	1643.6108274180094	0.0	0	213.23974578516209	1843.6108274176077	1	0	1	1.8453207228679251
176509.8724658358	2000.0	1333.7383615821975	0.0	0	0.0	1843.6108274176368	1	0	1	1.8453207228679236
177614.47354696528	2000.0	1229.1372804527505	0.0	0	0.0	1843.6108274176659	1	0	1	1.8453207228679225
178536.62807416398	2000.0	1306.982753254037	0.0	0	0.0	1843.6108274176659	1	0	1	1.845320722867922
179200.0	2000.0	1643.6108274179946	0.0	0	31.796759854478296	1843.6108274176659	1	0	1	1.845320722867922
180200.0	2000.0	1643.6108274180135	0.0	0	151.431505148008	1843.6108274176368	1	0	1	1.8453207228679236
181200.0	2000.0	1643.6108274180222	0.0	0	564.4541111519502	1843.6108274176368	1	0	1	1.8453207228679236
182200.0	2000.0	1643.6108274180428	0.0	0	489.9555489187769	1843.6108274176368	1	0	1	1.8453207228679236
183984.25318219324	3000.0	859.3576452248003	0.0	0	0.0	1843.6108274176077	1	0	1	1.8453207228679247
185464.44611924994	2000.0	379.164708168057	0.0	0	0.0	1843.6108274176077	1	0	1	1.4398556147597605
186084.88650950766	1000.0	758.7243179103339	0.0	0	0.0	1843.6108274176077	1	0	1	0.45902636174803507
186770.63800893814	2000.0	1072.972818479861	0.0	0	0.0	1843.6108274175785	1	0	1	1.152173542307982
188054.60947685761	2000.0	789.0013505604015	0.0	0	0.0	1843.6108274175785	1	0	1	1.8453207228679271
189188.13492372882	2000.0	655.4759036891892	0.0	0	0.0	1843.6108274175494	1	0	1	1.845320722867929
190201.4641666063	1000.0	642.1466608117286	0.0	0	0.0	1843.6108274175494	1	0	1	0.45902636174803857
191188.74975648368	1000.0	654.8610709343742	0.0	0	0.0	1843.6108274175494	1	0	1	1.1521735423079837
191738.60406631636	1000.0	1105.0067611017053	0.0	0	0.0	1843.6108274175494	1	0	1	1.1521735423079837
192438.00795642886	2000.0	1405.602870989218	0.0	0	0.0	1843.6108274175494	1	0	1	1.1521735423079837
193200.0	2000.0	1643.6108274180724	0.0	0	156.03254192211898	1843.6108274175494	1	0	1	1.845320722867929
194200.0	2000.0	1643.610827418084	0.0	0	228.8957324930525	1843.6108274175785	1	0	1	1.8453207228679271
195200.0	2000.0	1643.610827418094	0.0	0	303.43311558355344	1843.6108274175494	1	0	1	1.845320722867929
196262.08508129732	2000.0	1581.5257461207982	0.0	0	0.0	1843.6108274175494	1	0	1	1.845320722867929
197200.0	2000.0	1643.6108274181229	0.0	0	348.1015508720884	1843.6108274175494	1	0	1	1.845320722867929
198200.0	2000.0	1643.610827418118	0.0	0	19.40789913298795	1843.6108274175494	1	0	1	1.845320722867929
201418.27343066793	2000.0	200.0	774.662603249823	0	0.0	2618.273430667934	1	0	1	-2.828458027492685
201814.7465397314	500.0	803.5268909365201	0.0	0	0.0	2618.273430667934	1	0	1	-0.997064089785008
202525.0922426784	1000.0	1093.1811879894935	0.0	0	0.0	2618.273430667934	1	0	1	0.38923027133488247
203264.22036448342	1000.0	1354.0530661844637	0.0	0	0.0	2618.273430667905	1	0	1	1.0823774518948317
203890.88030125064	1000.0	1727.3931294172387	0.0	0	0.0	2618.273430667905	1	0	1	1.0823774518948317
204992.92919648695	2000.0	1625.3442341809427	0.0	0	0.0	2618.273430667905	1	0	1	1.0823774518948317
205720.36801780303	2000.0	1897.9054128648693	0.0	0	0.0	2618.273430667905	1	0	1	1.7755246324547769
206445.9875719919	2000.0	2172.2858586760212	0.0	0	0.0	2618.273430667905	1	0	1	1.7755246324547769
207200.0	2000.0	2418.2734306679113	0.0	0	32.39015849115094	2618.273430667905	1	0	1	1.7755246324547769
208200.0	2000.0	2418.2734306679195	0.0	0	304.03213364537805	2618.273430667905	1	0	1	1.7755246324547769
209200.0	2000.0	2418.2734306679167	0.0	0	245.0231406141247	2618.273430667905	1	0	1	1.7755246324547769
210484.9279488838	3000.0	2004.8526868957674	0.0	0	0.0	2489.78063577952	1	0	2	1.3873845074887403
211571.68429922927	3000.0	1809.4207015157754	0.0	0	0.0	2381.1050007450103	1	0	2	2.005365967447454
212463.7649504559	3000.0	1828.131985166498	0.0	0	0.0	2291.8969356223533	1	0	2	2.014678433815989
213311.3735289667	3000.0	1895.7625488045765	0.0	0	0.0	2207.1360777712543	1	0	2	2.022310917663257
214200.0	3000.0	1918.2734306679663	0.0	0	121.18218488010461	2118.273430667905	1	0	2	2.0292943779448738
215200.0	3000.0	1818.2734306679909	0.0	0	11.484327104495605	2018.273430667905	1	0	2	2.0372032150491566
216200.0	3000.0	1718.273430667992	0.0	0	188.4839851548022	1918.2734306678758	1	0	2	2.0437486331080836
217200.0	2000.0	1718.2734306680072	0.0	0	354.5813351452234	1918.2734306678758	1	0	1	1.235152767869697
218200.0	3000.0	1618.273430667995	0.0	0	143.09777546447003	1818.273430667905	1	0	2	1.4448927430175296
219227.89331262698	2000.0	1590.3801180410064	0.0	0	0.0	1818.273430667905	1	0	1	1.2413758200772178
220225.1094386327	2000.0	1593.163992035301	0.0	0	0.0	1818.273430667905	1	0	1	1.8468409281853826
221426.48440866292	2000.0	1391.789022005081	0.0	0	0.0	1818.273430667934	1	0	1	1.8468409281853808
222200.0	2000.0	1618.2734306679934	0.0	0	90.28103051395738	1818.273430667934	1	0	1	1.8468409281853808
223200.0	2000.0	1618.2734306680195	0.0	0	267.32053753055516	1818.273430667963	1	0	1	1.8468409281853793
224200.0	2000.0	1618.2734306680206	0.0	0	62.162537788186455	1818.273430667963	1	0	1	1.8468409281853793
225200.0	2000.0	1618.273430668018	0.0	0	506.24527672558906	1818.273430667963	1	0	1	1.8468409281853793
226200.0	2000.0	1618.2734306680331	0.0	0	307.4628465771093	1818.273430667963	1	0	1	1.8468409281853793
227254.08299792456	2000.0	1564.190432743497	0.0	0	0.0	1818.273430667963	1	0	1	1.8468409281853793
228630.60352111922	2000.0	1187.6699095488525	0.0	0	0.0	1818.2734306679922	1	0	1	1.8468409281853773
229894.96757740635	2000.0	923.3058532617372	0.0	0	0.0	1818.2734306679922	1	0	1	1.8468409281853773
230667.3704285527	2000.0	1150.9030021153872	0.0	0	0.0	1818.2734306680213	1	0	1	1.8468409281853757
231597.97955647518	2000.0	1220.293874192906	0.0	0	0.0	1818.2734306680213	1	0	1	1.8468409281853757
232306.2826199701	2000.0	1511.9908106980108	0.0	0	0.0	1818.2734306680504	1	0	1	1.8468409281853753
233266.7157729875	2000.0	1551.557657680632	0.0	0	0.0	1818.2734306680213	1	0	1	1.8468409281853757
234249.39046076074	2000.0	1568.8829699073942	0.0	0	0.0	1818.2734306680504	1	0	1	1.846840928185374
235200.0	2000.0	1618.2734306681382	0.0	0	261.09025878846296	1818.2734306680504	1	0	1	1.846840928185374
236200.0	2000.0	1618.2734306681464	0.0	0	449.39504276419757	1818.2734306680504	1	0	1	1.846840928185374
237200.0	2000.0	1618.2734306681052	0.0	0	89.93761341302888	1818.2734306680504	1	0	1	1.846840928185374
238396.18693964582	2000.0	1422.0864910222913	0.0	0	0.0	1818.2734306680504	1	0	1	1.846840928185374
239602.57543710808	1000.0	1215.6979935600198	0.0	0	0.0	1818.2734306680795	1	0	1	0.4605465670654827
240541.92471708634	1000.0	1276.3487135817586	0.0	0	0.0	1818.2734306680504	1	0	1	1.1536937476254288
241489.62972515216	2000.0	1328.643705515945	0.0	0	0.0	1818.2734306680504	1	0	1	1.1536937476254288
242336.53419933017	2000.0	1481.7392313379414	0.0	0	0.0	1818.2734306680504	1	0	1	1.846840928185374
243205.6654953421	2000.0	1612.6079353260063	0.0	0	0.0	1818.2734306680795	1	0	1	1.8468409281853724
244413.41244183865	2000.0	1404.8609888294661	0.0	0	0.0	1818.2734306680795	1	0	1	1.8468409281853724
246071.2018637638	2000.0	747.0715669043512	0.0	0	0.0	1818.2734306680795	1	0	1	1.8468409281853724
246678.2034703503	1000.0	1140.06996031786	0.0	0	0.0	1818.2734306681086	1	0	1	0.46054656706548025
247400.08550138422	1000.0	1418.1879292839128	0.0	0	0.0	1818.2734306680795	1	0	1	1.1536937476254272
248750.9698272267	2000.0	1067.3036034414254	0.0	0	0.0	1818.2734306680795	1	0	1	1.1536937476254272
249208.8298073556	1000.0	1609.4436233125446	0.0	0	0.0	1818.2734306680795	1	0	1	0.460546567065482
250355.60201313935	2000.0	1462.6714175287914	0.0	0	0.0	1818.2734306680795	1	0	1	1.1536937476254272
251346.49703753743	2000.0	1471.7763931307293	0.0	0	0.0	1818.2734306681086	1	0	1	1.846840928185372
252261.92705295273	2000.0	1556.346377715424	0.0	0	0.0	1818.2734306681086	1	0	1	1.8468409281853706
253226.07624543388	2000.0	1592.1971852342542	0.0	0	0.0	1818.2734306681086	1	0	1	1.8468409281853706
254635.64831819333	2000.0	1182.6251124747876	0.0	0	0.0	1818.2734306681086	1	0	1	1.8468409281853706
255780.7510344953	2000.0	1037.5223961728022	0.0	0	0.0	1818.2734306680795	1	0	1	1.8468409281853722
256722.5701926995	2000.0	1095.703237968628	0.0	0	0.0	1818.2734306680795	1	0	1	1.8468409281853724
257351.72212952303	2000.0	1466.5513011451148	0.0	0	0.0	1818.2734306680795	1	0	1	1.8468409281853715
258200.0	2000.0	1618.2734306680863	0.0	0	294.3432660304534	1818.2734306680504	1	0	1	1.846840928185374
259200.0	2000.0	1618.2734306680688	0.0	0	524.2648253820371	1818.2734306680213	1	0	1	1.8468409281853757
260200.0	2000.0	1618.2734306680886	0.0	0	242.40231839890475	1818.2734306679922	1	0	1	1.8468409281853773
261200.0	3000.0	1618.273430668075	0.0	0	288.54182620334905	1818.2734306679922	1	0	1	1.8468409281853775
263973.12448986346	3000.0	200.0	354.8510591953843	0	0.0	2173.1244898634613	1	0	1	0.11353350025493336
264677.4778595926	1000.0	668.5722283953688	172.9255981244411	0	0.0	2346.050087987969	1	0	1	-1.023244015481822
265325.76099965436	1000.0	1020.2890883336368	0.0	0	0.0	2346.050087987911	1	0	1	1.1129218619329335
265779.9890618501	1000.0	1566.061026137879	0.0	0	0.0	2346.050087987911	1	0	1	1.1129218619329382
266714.84842650837	2000.0	1631.201661479602	0.0	0	0.0	2346.0500879878527	1	0	1	1.112921861932944
267396.3635840376	2000.0	1949.6865039503632	0.0	0	0.0	2346.0500879878527	1	0	1	1.8060690424928891
268200.0	2000.0	2146.0500879879723	0.0	0	106.46188220224576	2346.0500879878527	1	0	1	1.8060690424928891
269200.0	2000.0	2146.0500879879883	0.0	0	226.95988474582555	2346.0500879877945	1	0	1	1.806069042492895
270200.0	2000.0	2146.0500879879005	0.0	0	151.6384372880566	2346.0500879877945	1	0	1	1.806069042492895
271200.0	2000.0	2146.050087987931	0.0	0	202.65236265590647	2346.0500879877945	1	0	1	1.806069042492895
272200.0	2000.0	2146.050087987977	0.0	0	258.9331047391752	2346.0500879877945	1	0	1	1.806069042492895
273200.0	2000.0	2146.0500879879382	0.0	0	399.8016240824363	2346.0500879878527	1	0	1	1.8060690424928891
274200.0	2000.0	2146.0500879879396	0.0	0	326.5028390381485	2346.050087987911	1	0	1	1.8060690424928834
275317.30169731943	3000.0	1917.0182209366221	0.0	0	0.0	2234.3199182561366	1	0	2	1.4141045338016147
276200.0	3000.0	1946.0500879880656	0.0	0	192.93442533293273	2146.050087988144	1	0	2	2.0267473773776956
277200.0	3000.0	1846.0500879880246	0.0	0	259.0877985364059	2046.0500879881438	1	0	2	2.0345260284772926
278200.0	3000.0	1746.0500879880171	0.0	0	216.2265475015156	1946.050087988202	1	0	2	2.041816993342382
279459.1005467438	3000.0	1361.0394865698868	0.0	0	0.0	1820.1400333138881	1	0	2	2.050055515907059
280450.0919792883	2000.0	1370.0480540253664	0.0	0	0.0	1820.1400333139463	1	0	1	1.2412650966902399
281210.16310746217	2000.0	1609.9769258515703	0.0	0	0.0	1820.1400333140045	1	0	1	1.846730204798401
282200.0	2000.0	1620.140033313673	0.0	0	334.20143948384793	1820.1400333140045	1	0	1	1.846730204798401
283200.0	2000.0	1620.140033313728	0.0	0	275.1257882526261	1820.1400333140627	1	0	1	1.8467302047983978
284200.0	2000.0	1620.1400333137951	0.0	0	285.5744645327213	1820.140033314121	1	0	1	1.8467302047983942
285224.3058155332	3000.0	1493.4036362272168	0.0	0	0.0	1717.7094517608057	1	0	2	1.4510744466376888
287289.4963124929	2000.0	428.2131392675778	0.0	0	0.0	1717.7094517608639	1	0	1	1.2470539850793478
288130.10437276994	1000.0	587.6050789905258	0.0	0	0.0	1717.7094517608639	1	0	1	0.4662247320676198
288789.0646494053	1000.0	928.6448023551436	0.0	0	0.0	1717.709451760922	1	0	1	1.159371912627562
289474.5270996617	1000.0	1243.1823520987791	0.0	0	0.0	1717.709451760922	1	0	1	1.159371912627562
290896.6587445345	2000.0	821.0507072260027	0.0	0	0.0	1717.7094517609803	1	0	1	1.1593719126275586
291586.943824	1000.0	1130.765627760417	0.0	0	0.0	1717.709451760922	1	0	1	0.46622473206761667
292237.04959643935	1000.0	1480.6598553210154	0.0	0	0.0	1717.709451760922	1	0	1	1.159371912627562
293200.0	1000.0	1517.7094517603416	0.0	0	269.1994085808983	1717.709451760922	1	0	1	1.159371912627562
294523.314687602	2000.0	1194.3947641583663	0.0	0	0.0	1717.709451760922	1	0	1	1.1593719126275637
295461.7012960159	1000.0	1256.0081557444696	0.0	0	0.0	1717.7094517608639	1	0	1	0.4662247320676179
296565.660069097	1000.0	1152.0493826633508	0.0	0	0.0	1717.709451760922	1	0	1	1.159371912627563
297200.0	1000.0	1517.709451760323	0.0	0	110.23759890190559	1717.709451760922	1	0	1	1.159371912627562
298910.81257564516	2000.0	806.896876115158	0.0	0	0.0	1717.7094517609803	1	0	1	1.15937191262756
299954.014939831	1000.0	763.6945119292878	0.0	0	0.0	1717.7094517609803	1	0	1	0.4662247320676135
300575.51644912525	1000.0	1142.1930026349844	0.0	0	0.0	1717.709451760922	1	0	1	1.159371912627562
2.14	1.91	1.91	2.42	2.98	3.15	2.17	1.22	1.63	2.06	2.33	2.34	2.26	1.91	1.81	2.32	2.92	3.09	2.07	2.5	3.09	2.15	1.41	1.99	2.78	3.22	3.81	3.9	1.77	1.37	1.98	1.85	2.37	2.07	1.54	1.16	0.9	2.35	2.97	2.95	2.77	2.48	3.13	2.06	0.83	0.89	0.71	1.15	1.15	1.73	1.71	2.32	2.5	2.46	3.13	3.08	3.29	3.65	4.08	4.83	3.73	2.84	3.43	3.28	2.59	1.95	2.19	2.48	2.44	2.86	3.5	3.72	2.2	2.02	1.48	2.15	2.78	3.39	2.46	2.27	2.51	3.06	2.36	1.38	0.95	1.3	1.88	2.4	2.47	2.12	1.26	1.42	1.25	1.95	1.99	2.05	2.65	3.1	2.41	1.45	1.91	2.46	2.99	3.53	3.45	3.67	3.92	1.56	0.97	1.47	1.66	2.27	2.85	2.65	2.06	1.82	2.12	2.66	2.73	3.1	3.5	3.92	3.74	4.17	3.2	2.44	2.22	2.68	3.29	3.8	3.38	1.36	0.95	1.25	1.17	1.55	1.63	1.38	1.59	1.15	1.3	1.1	1.48	0.95	0.96	1.49	2.09	2.1	2.63	2.71	2.14	1.91	1.91	2.42	2.98	3.15	2.17	1.22	1.63	2.06	2.33	2.34	2.26	1.91	1.81	2.32	2.92	3.09	2.07	2.5	3.09	2.15	1.41	1.99	2.78	3.22	3.81	3.9	1.77	1.37	1.98	1.85	2.37	2.07	1.54	1.16	0.9	2.35	2.97	2.95	2.77	2.48	3.13	2.06	0.83	0.89	0.71	1.15	1.15	1.73	1.71	2.32	2.5	2.46	3.13	3.08	3.29	3.65	4.08	4.83	3.73	2.84	3.43	3.28	2.59	1.95	2.19	2.48	2.44	2.86	3.5	3.72	2.2	2.02	1.48	2.15	2.78	3.39	2.46	2.27	2.51	3.06	2.36	1.38	0.95	1.3	1.88	2.4	2.47	2.12	1.26	1.42	1.25	1.95	1.99	2.05	2.65	3.1	2.41	1.45	1.91	2.46	2.99	3.53	3.45	3.67	3.92	1.56	0.97	1.47	1.66	2.27	2.85	2.65	2.06	1.82	2.12	2.66	2.73	3.1	3.5	3.92	3.74	4.17	3.2	2.44	2.22	2.68	3.29	3.8	3.38	1.36	0.95	1.25	1.17	1.55	1.63	1.38	1.59	1.15	1.3	1.1	1.48	0.95	0.96	1.49	2.09	2.1
1.0	2.0	3.0	4.0	5.0	6.0	7.0	8.0	9.0	10.0	11.0	12.0	13.0	14.0	15.0	16.0	17.0	18.0	19.0	20.0	21.0	22.0	23.0	24.0	25.0	26.0	27.0	28.0	29.0	30.0	31.0	32.0	33.0	34.0	35.0	36.0	37.0	38.0	39.0	40.0	41.0	42.0	43.0	44.0	45.0	46.0	47.0	48.0	49.0	50.0	51.0	52.0	53.0	54.0	55.0	56.0	57.0	58.0	59.0	60.0	61.0	62.0	63.0	64.0	65.0	66.0	67.0	68.0	69.0	70.0	71.0	72.0	73.0	74.0	75.0	76.0	77.0	78.0	79.0	80.0	81.0	82.0	83.0	84.0	85.0	86.0	87.0	88.0	89.0	90.0	91.0	92.0	93.0	94.0	95.0	96.0	97.0	98.0	99.0	100.0	101.0	102.0	103.0	104.0	105.0	106.0	107.0	108.0	109.0	110.0	111.0	112.0	113.0	114.0	115.0	116.0	117.0	118.0	119.0	120.0	121.0	122.0	123.0	124.0	125.0	126.0	127.0	128.0	129.0	130.0	131.0	132.0	133.0	134.0	135.0	136.0	137.0	138.0	139.0	140.0	141.0	142.0	143.0	144.0	145.0	146.0	147.0	148.0	149.0	149.0	150.0	151.0	152.0	153.0	154.0	155.0	156.0	157.0	158.0	159.0	160.0	161.0	162.0	163.0	164.0	165.0	166.0	167.0	168.0	169.0	170.0	171.0	172.0	173.0	174.0	175.0	176.0	177.0	178.0	179.0	180.0	181.0	182.0	183.0	184.0	185.0	186.0	187.0	188.0	189.0	190.0	191.0	192.0	193.0	194.0	195.0	196.0	197.0	198.0	199.0	200.0	201.0	202.0	203.0	204.0	205.0	206.0	207.0	208.0	209.0	210.0	211.0	212.0	213.0	214.0	215.0	216.0	217.0	218.0	219.0	220.0	221.0	222.0	223.0	224.0	225.0	226.0	227.0	228.0	229.0	230.0	231.0	232.0	233.0	234.0	235.0	236.0	237.0	238.0	239.0	240.0	241.0	242.0	243.0	244.0	245.0	246.0	247.0	248.0	249.0	250.0	251.0	252.0	253.0	254.0	255.0	256.0	257.0	258.0	259.0	260.0	261.0	262.0	263.0	264.0	265.0	266.0	267.0	268.0	269.0	270.0	271.0	272.0	273.0	274.0	275.0	276.0	277.0	278.0	279.0	280.0	281.0	282.0	283.0	284.0	285.0	286.0	287.0	288.0	289.0	290.0	291.0	292.0	293.0	294.0	295.0	296.0	297.0
5268.994954656605
