4092.321023682197	300.0	2000.0	323.209437671884	0	0.0	4092.321023682197	1	0	1	-2.410612731345746
4912.871053654243	1000.0	2179.449970027954	0.0	0	0.0	4092.321023682197	1	0	1	-0.5070768341444047
5667.724602006237	1000.0	2424.59642167596	0.0	0	0.0	4092.3210236821965	1	0	1	0.6968959701815312
7335.550538966068	2000.0	1589.9878910201448	0.0	0	0.0	3925.538429986213	1	0	2	0.3472073931435628
8808.82135953169	1000.0	1116.7170704545238	0.0	0	0.0	3925.5384299862135	1	0	1	-0.12569953774619885
9494.972608746615	500.0	1430.5658212395974	0.0	0	0.0	3925.5384299862126	1	0	1	-0.6188467183061442
10378.425099237686	1000.0	1547.1133307485266	0.0	0	0.0	3925.5384299862126	1	0	1	0.07430046225380146
11198.963900225828	1000.0	1726.5745297603842	0.0	0	0.0	3925.5384299862126	1	0	1	0.7674476428137471
11901.483870879722	1000.0	2024.054559106491	0.0	0	0.0	3925.5384299862126	1	0	1	0.7674476428137468
13727.445413900408	2000.0	1015.4968617837376	0.0	0	0.0	3742.942275684145	1	0	2	0.4158244182866802
14966.568172873769	1000.0	776.3741028103764	0.0	0	0.0	3742.942275684145	1	0	1	-0.05825354882479
15781.98442096533	1000.0	960.9578547188157	0.0	0	0.0	3742.942275684147	1	0	1	0.834893631735155
16590.07648361075	1000.0	1152.865792073398	0.0	0	0.0	3742.942275684147	1	0	1	0.8348936317351547
17309.297770198318	1000.0	1433.644505485831	0.0	0	0.0	3742.9422756841504	1	0	1	0.8348936317351546
18326.297359979642	1000.0	1416.6449157045074	0.0	0	0.0	3742.9422756841504	1	0	1	0.8348936317351536
19219.458989606057	1000.0	1523.483286078094	0.0	0	0.0	3742.942275684154	1	0	1	0.8348936317351532
20164.478083786747	1000.0	1578.464191897406	0.0	0	0.0	3742.9422756841595	1	0	1	0.8348936317351516
21659.162644647622	1000.0	1083.7796310365293	0.0	0	0.0	3742.9422756841595	1	0	1	0.8348936317351505
22040.508596665142	500.0	1702.4336790190139	0.0	0	0.0	3742.9422756841595	1	0	1	-0.5514007293847405
22956.562552838262	1000.0	1786.3797228458955	0.0	0	0.0	3742.9422756841595	1	0	1	0.14174645117520512
24222.62927954716	1000.0	1520.3129961369987	0.0	0	0.0	3742.942275684163	1	0	1	0.8348936317351492
25343.530308033016	1000.0	1399.4119676511402	0.0	0	0.0	3742.942275684163	1	0	1	0.8348936317351492
26395.372181850867	1000.0	1347.5700938332884	0.0	0	0.0	3742.942275684163	1	0	1	0.8348936317351492
27599.812687299975	1000.0	1143.1295883841824	0.0	0	0.0	3742.942275684163	1	0	1	0.8348936317351492
28244.675596248628	1000.0	1498.2666794355305	0.0	0	0.0	3742.942275684163	1	0	1	0.8348936317351492
28963.57263815551	1000.0	1779.3696375286497	0.0	0	0.0	3742.942275684163	1	0	1	0.8348936317351492
29766.208005322133	1000.0	1976.7342703620252	0.0	0	0.0	3742.942275684163	1	0	1	0.8348936317351492
30623.52258074036	1000.0	2119.419694943801	0.0	0	0.0	3742.942275684163	1	0	1	0.8348936317351492
31511.032045779644	1000.0	2231.9102299045144	0.0	0	0.0	3742.9422756841595	1	0	1	0.8348936317351505
32443.036638143272	1000.0	2299.905637540885	0.0	0	0.0	3742.9422756841595	1	0	1	0.8348936317351505
33345.964072927454	1000.0	2396.9782027567057	0.0	0	0.0	3742.942275684163	1	0	1	0.8348936317351494
34802.607333706226	1000.0	1940.3349419779292	0.0	0	0.0	3742.9422756841595	1	0	1	0.8348936317351492
36239.30943985452	1000.0	1503.6328358296366	0.0	0	0.0	3742.942275684167	1	0	1	0.834893631735149
36937.32536329244	1000.0	1805.6169123917218	0.0	0	0.0	3742.942275684167	1	0	1	0.834893631735148
37674.540706293934	1000.0	2068.4015693902243	0.0	0	0.0	3742.942275684167	1	0	1	0.834893631735148
38560.56227753042	1000.0	2182.3799981537377	0.0	0	0.0	3742.942275684167	1	0	1	0.834893631735148
39621.954154018254	1000.0	2120.9881216659064	0.0	0	0.0	3742.942275684167	1	0	1	0.834893631735148
40809.543986195495	1000.0	1933.398289488659	0.0	0	0.0	3742.942275684167	1	0	1	0.834893631735148
41811.66250057232	1000.0	1931.2797751118385	0.0	0	0.0	3742.942275684167	1	0	1	0.834893631735148
42921.65247963884	1000.0	1821.2897960453165	0.0	0	0.0	3742.942275684167	1	0	1	0.834893631735148
43719.50047227774	1000.0	2023.4418034064158	0.0	0	0.0	3742.942275684174	1	0	1	0.8348936317351454
44946.8933198148	1000.0	1796.0489558693537	0.0	0	0.0	3742.942275684174	1	0	1	0.8348936317351454
45847.89807502254	1000.0	1895.0442006616145	0.0	0	0.0	3742.942275684174	1	0	1	0.8348936317351454
46860.82605031983	1000.0	1882.1162253643224	0.0	0	0.0	3742.942275684174	1	0	1	0.8348936317351454
50204.431337817296	2000.0	200.0	905.3178098935302	0	0.0	4404.431337817296	1	0	2	-5.070962492304729
51081.93729933965	500.0	534.445092029518	211.95105355187096	0	0.0	4616.382391369167	1	0	1	-3.138999063393404
51918.34159634321	500.0	698.040795025947	0.0	0	0.0	4616.382391369167	1	0	1	-0.2809983809622874
52475.710480071204	500.0	1140.6719112979545	0.0	0	0.0	4616.382391369167	1	0	1	-0.2809983809622874
53047.73879223887	500.0	1568.6435991302812	0.0	0	0.0	4616.382391369167	1	0	1	-0.2809983809622874
54009.40159108522	1000.0	1606.9808002839297	0.0	0	0.0	4616.382391369167	1	0	1	-0.28099838096228735
54742.497828674736	1000.0	1873.8845626944149	0.0	0	0.0	4616.382391369167	1	0	1	0.41214879959765804
55889.10541814531	1000.0	1727.276973223849	0.0	0	0.0	4616.382391369174	1	0	1	0.4121487995976535
56526.9250402568	500.0	2089.457351112357	0.0	0	0.0	4616.382391369174	1	0	1	-0.9741455615222372
58090.7944741464	2000.0	1369.2009738337988	0.0	0	0.0	4459.995447980218	1	0	2	-0.6094190005860327
58837.05755612904	1000.0	1622.937891851163	0.0	0	0.0	4459.995447980218	1	0	1	-0.3854223358089651
60870.14850280191	2000.0	386.53785051100465	0.0	0	0.0	4256.686353312929	1	0	2	0.18268209686709097
61537.65091049696	500.0	719.0354428159554	0.0	0	0.0	4256.686353312929	1	0	1	-1.661148359709472
62573.51626307447	1000.0	683.1700902384497	0.0	0	0.0	4256.686353312929	1	0	1	-0.0748539985895811
63182.85817495994	1000.0	1073.8281783529824	0.0	0	0.0	4256.686353312929	1	0	1	0.6182931819703643
63896.24769392886	1000.0	1360.4386593840675	0.0	0	0.0	4256.686353312936	1	0	1	0.6182931819703608
64795.05201562713	1000.0	1461.6343376857883	0.0	0	0.0	4256.686353312936	1	0	1	0.6182931819703608
65579.6720331439	1000.0	1677.0143201690216	0.0	0	0.0	4256.686353312936	1	0	1	0.6182931819703608
66741.51135495094	1000.0	1515.1749983619748	0.0	0	0.0	4256.686353312929	1	0	1	0.6182931819703651
67871.09087055681	1000.0	1385.5954827561197	0.0	0	0.0	4256.686353312951	1	0	1	0.6182931819703564
68750.71268671239	1000.0	1505.9736666005567	0.0	0	0.0	4256.686353312958	1	0	1	0.6182931819703507
69829.84783685091	1000.0	1426.8385164620504	0.0	0	0.0	4256.68635331298	1	0	1	0.618293181970343
70444.63487221305	1000.0	1812.0514810999034	0.0	0	0.0	4256.68635331298	1	0	1	0.6182931819703387
72207.44553866933	2000.0	872.9597479980127	0.0	0	0.0	4080.405286667359	1	0	2	0.2795811126100405
72658.56517867472	500.0	1421.8401079926343	0.0	0	0.0	4080.405286667359	1	0	1	-1.5772053161770359
73909.8592862843	1000.0	1170.546000383046	0.0	0	0.0	4080.405286667359	1	0	1	0.009089044942855451
74702.0935683284	500.0	1378.3117183389552	0.0	0	0.0	4080.405286667359	1	0	1	-0.68405813561709
75426.75887527468	500.0	1653.646411392692	0.0	0	0.0	4080.405286667359	1	0	1	0.009089044942855382
77158.94813324248	1000.0	921.4571534248763	0.0	0	0.0	4080.405286667359	1	0	1	0.009089044942855451
77762.88905849522	500.0	1317.51622817213	0.0	0	0.0	4080.405286667359	1	0	1	-0.68405813561709
79073.493460396	1000.0	1006.9118262713481	0.0	0	0.0	4080.405286667359	1	0	1	0.009089044942855451
79761.13806930544	500.0	1319.267217361882	0.0	0	0.0	4080.405286667359	1	0	1	-0.68405813561709
80350.74736638037	500.0	1729.657920286946	0.0	0	0.0	4080.405286667359	1	0	1	0.009089044942855382
81115.43263430358	1000.0	1964.972652363727	0.0	0	0.0	4080.4052866673446	1	0	1	0.00908904494286178
83088.76290679644	2000.0	794.3093526215819	0.0	0	0.0	3883.0722594180697	1	0	2	0.3643092458692968
83540.91529987066	500.0	1342.1569595473657	0.0	0	0.0	3883.0722594180697	1	0	1	-1.4954277994915453
84215.92852586864	1000.0	1667.143733549391	0.0	0	0.0	3883.0722594180697	1	0	1	0.09086656162834605
85209.80467249967	1000.0	1673.2675869183572	0.0	0	0.0	3883.0722594180697	1	0	1	0.7840137421882915
86176.98981799457	1000.0	1706.0824414234492	0.0	0	0.0	3883.0722594180697	1	0	1	0.7840137421882915
86800.80309290117	1000.0	2082.269166516864	0.0	0	0.0	3883.0722594180697	1	0	1	0.7840137421882915
88546.06890129123	2000.0	1162.4767772877995	0.0	0	0.0	3708.5456785790593	1	0	2	0.4317918850221611
89258.82719767505	1000.0	1449.7184809039672	0.0	0	0.0	3708.5456785790593	1	0	1	-0.04661663447889591
90671.51849449906	2000.0	895.758054397563	0.0	0	0.0	3567.276548896669	1	0	2	0.48010345080716665
91507.49656545767	1000.0	1059.7799834389532	0.0	0	0.0	3567.276548896669	1	0	1	-0.002128542703859704
92451.77070835329	1000.0	1115.5058405433217	0.0	0	0.0	3567.276548896669	1	0	1	0.8910186378560856
93432.95369133608	1000.0	1134.3228575605322	0.0	0	0.0	3567.276548896669	1	0	1	0.8910186378560856
94221.5964920481	1000.0	1345.6800568484935	0.0	0	0.0	3567.276548896669	1	0	1	0.8910186378560856
95043.63215539999	1000.0	1523.6443934966107	0.0	0	0.0	3567.276548896669	1	0	1	0.8910186378560856
95954.50922487081	1000.0	1612.7673240257852	0.0	0	0.0	3567.276548896669	1	0	1	0.8910186378560856
97864.3776578181	1000.0	702.8988910784824	0.0	0	0.0	3567.276548896669	1	0	1	0.8910186378560856
98560.61706448099	500.0	1006.6594844155867	0.0	0	0.0	3567.276548896669	1	0	1	-0.49527572326380503
99364.57136408228	1000.0	1202.705184814296	0.0	0	0.0	3567.276548896669	1	0	1	0.1978714572961402
100073.90232202166	1000.0	1493.374226874927	0.0	0	0.0	3567.2765488966834	1	0	1	0.8910186378560814
101055.89342197248	1000.0	1511.383126924125	0.0	0	0.0	3567.2765488966834	1	0	1	0.8910186378560814
101969.70277990522	1000.0	1597.573768991393	0.0	0	0.0	3567.2765488966834	1	0	1	0.8910186378560814
103134.81197519651	1000.0	1432.4645737000828	0.0	0	0.0	3567.276548896669	1	0	1	0.8910186378560856
104021.25786552877	1000.0	1546.0186833678258	0.0	0	0.0	3567.276548896669	1	0	1	0.8910186378560856
104883.24538789058	1000.0	1684.031161006018	0.0	0	0.0	3567.276548896669	1	0	1	0.8910186378560856
105816.74080943239	1000.0	1750.5357394642058	0.0	0	0.0	3567.2765488966834	1	0	1	0.8910186378560814
107135.6585774996	1000.0	1431.6179713970032	0.0	0	0.0	3567.2765488966834	1	0	1	0.8910186378560814
107895.20810036438	500.0	1672.0684485322317	0.0	0	0.0	3567.276548896698	1	0	1	-0.49527572326381386
108751.93494391805	500.0	1815.3416049785653	0.0	0	0.0	3567.276548896698	1	0	1	0.19787145729613148
110269.00472106271	1000.0	1298.2718278339103	0.0	0	0.0	3567.276548896698	1	0	1	0.19787145729613154
110708.96328313345	500.0	1858.3132657631795	0.0	0	0.0	3567.276548896698	1	0	1	-0.49527572326381386
111659.38351392356	1000.0	1907.8930349730579	0.0	0	0.0	3567.276548896698	1	0	1	0.19787145729613154
112973.8032919734	1000.0	1593.4732569232312	0.0	0	0.0	3567.276548896698	1	0	1	0.8910186378560769
114103.70949789255	1000.0	1463.5670510040889	0.0	0	0.0	3567.276548896698	1	0	1	0.8910186378560769
115129.79746919841	1000.0	1437.479079698225	0.0	0	0.0	3567.276548896698	1	0	1	0.8910186378560769
116960.05856707742	1000.0	607.2179818192221	0.0	0	0.0	3567.2765488967125	1	0	1	0.8910186378560725
117429.01452584944	500.0	1138.2620230471884	0.0	0	0.0	3567.2765488967125	1	0	1	-0.4952757232638183
118606.38794872258	1000.0	960.8886001740409	0.0	0	0.0	3567.2765488967125	1	0	1	0.1978714572961271
119564.75277044691	500.0	1002.523778449701	0.0	0	0.0	3567.2765488967125	1	0	1	-0.4952757232638183
120438.79586950858	1000.0	1128.4806793880327	0.0	0	0.0	3567.276548896727	1	0	1	0.197871457296123
121440.56345393114	1000.0	1126.7130949654781	0.0	0	0.0	3567.2765488967125	1	0	1	0.8910186378560725
121975.82522849002	500.0	1591.4513204066157	0.0	0	0.0	3567.2765488967125	1	0	1	-0.4952757232638183
123061.6088268432	1000.0	1505.6677220534327	0.0	0	0.0	3567.2765488967125	1	0	1	0.1978714572961271
124102.95517786255	1000.0	1464.3213710340974	0.0	0	0.0	3567.2765488967125	1	0	1	0.8910186378560725
125025.4491864105	1000.0	1541.8273624861527	0.0	0	0.0	3567.2765488967125	1	0	1	0.8910186378560725
125835.60623502836	1000.0	1731.6703138682853	0.0	0	0.0	3567.2765488967125	1	0	1	0.8910186378560725
126898.14441797919	1000.0	1669.1321309174648	0.0	0	0.0	3567.2765488967125	1	0	1	0.8910186378560725
128063.95670643536	1000.0	1503.319842461279	0.0	0	0.0	3567.2765488967125	1	0	1	0.8910186378560725
129769.29855476016	1000.0	797.9779941364909	0.0	0	0.0	3567.276548896727	1	0	1	0.8910186378560683
130184.48350447339	500.0	1382.7930444232468	0.0	0	0.0	3567.2765488967125	1	0	1	-0.4952757232638183
131448.88241188967	1000.0	1118.3941370070092	0.0	0	0.0	3567.276548896756	1	0	1	0.19787145729611955
132327.25111803	1000.0	1240.0254308667047	0.0	0	0.0	3567.2765488967852	1	0	1	0.8910186378560536
134227.84941093312	1000.0	339.4271379635604	0.0	0	0.0	3567.2765488967707	1	0	1	0.8910186378560588
135002.64619803373	500.0	582.926463165108	18.29611230217492	0	0.0	3585.5726611989376	1	0	1	-0.6105242784421822
135689.9595666468	500.0	895.613094552015	0.0	0	0.0	3585.5726611989376	1	0	1	0.1923995759308128
136246.03864536027	500.0	1339.534015838576	0.0	0	0.0	3585.5726611989376	1	0	1	0.1923995759308128
137666.21933406577	1000.0	919.3533271330698	0.0	0	0.0	3585.5726611989376	1	0	1	0.1923995759308128
138655.82586761168	500.0	929.7467935871647	0.0	0	0.0	3585.5726611989376	1	0	1	-0.5007476046291326
139388.00988660252	500.0	1197.562774596333	0.0	0	0.0	3585.5726611989376	1	0	1	0.1923995759308128
140040.7024026794	500.0	1544.870258519464	0.0	0	0.0	3585.5726611989376	1	0	1	0.1923995759308128
141703.58415549394	1000.0	881.9885057049341	0.0	0	0.0	3585.5726611989376	1	0	1	0.1923995759308128
142431.66559985638	500.0	1153.9070613424828	0.0	0	0.0	3585.5726611989085	1	0	1	-0.5007476046291237
143128.0782191206	500.0	1457.4944420783042	0.0	0	0.0	3585.5726611989085	1	0	1	0.1923995759308214
143999.1660988113	500.0	1586.4065623875745	0.0	0	0.0	3585.5726611989085	1	0	1	0.1923995759308214
145019.04791456182	1000.0	1566.5247466370972	0.0	0	0.0	3585.5726611989085	1	0	1	0.19239957593082146
145955.0200662951	1000.0	1630.5525949038147	0.0	0	0.0	3585.5726611989376	1	0	1	0.8855467564907582
146603.23422157147	1000.0	1982.3384396274453	0.0	0	0.0	3585.5726611989376	1	0	1	0.8855467564907582
147162.20603248486	1000.0	2423.3666287140977	0.0	0	0.0	3585.5726611989376	1	0	1	0.8855467564907582
148952.25010770137	2000.0	1454.3181459759212	0.0	0	0.0	3406.5682536773093	1	0	2	0.5215530230924086
150027.6728158658	1000.0	1378.8954378114925	0.0	0	0.0	3406.5682536773093	1	0	1	0.04246675578842368
151487.25240522507	1000.0	919.3158484522395	0.0	0	0.0	3406.5682536773093	1	0	1	0.9356139363483691
152081.67492408826	500.0	1324.8933295890095	0.0	0	0.0	3406.56825367728	1	0	1	-0.45068042477151404
153118.54763334338	1000.0	1288.0206203338837	0.0	0	0.0	3406.568253677251	1	0	1	0.2424667557884388
153993.3491535377	1000.0	1413.2191001395793	0.0	0	0.0	3406.568253677251	1	0	1	0.9356139363483842
154773.35707138936	1000.0	1633.2111822879256	0.0	0	0.0	3406.568253677251	1	0	1	0.9356139363483857
155484.30638019825	1000.0	1922.261873479013	0.0	0	0.0	3406.568253677251	1	0	1	0.9356139363483842
156210.0117462298	1000.0	2196.556507447439	0.0	0	0.0	3406.568253677251	1	0	1	0.9356139363483842
157684.31201003923	1000.0	1722.256243638028	0.0	0	0.0	3406.568253677251	1	0	1	0.9356139363483842
159002.8873387831	1000.0	1403.680914894155	0.0	0	0.0	3406.568253677222	1	0	1	0.9356139363483902
159988.54397661204	1000.0	1418.0242770652144	0.0	0	0.0	3406.568253677222	1	0	1	0.9356139363483917
160542.03099239987	1000.0	1864.5372612773947	0.0	0	0.0	3406.568253677222	1	0	1	0.9356139363483963
161294.88938702949	1000.0	2111.678866647784	0.0	0	0.0	3406.568253677222	1	0	1	0.9356139363483917
162755.19984637838	2000.0	1651.3684072988756	0.0	0	0.0	3406.568253677193	1	0	1	0.9356139363483992
163582.22691095958	1000.0	1824.3413427176902	0.0	0	0.0	3406.568253677193	1	0	1	0.24246675578845425
164689.7787973612	1000.0	1716.7894563160685	0.0	0	0.0	3406.568253677222	1	0	1	0.9356139363483963
165535.79827169972	1000.0	1870.7699819775594	0.0	0	0.0	3406.568253677251	1	0	1	0.9356139363483842
166245.25842665537	1000.0	2161.3098270219202	0.0	0	0.0	3406.568253677251	1	0	1	0.9356139363483842
166929.9857640122	1000.0	2476.5824896650925	0.0	0	0.0	3406.568253677251	1	0	1	0.9356139363483842
168226.31446808064	1000.0	2180.2537855966634	0.0	0	0.0	3406.568253677251	1	0	1	0.9356139363483842
169385.3070525391	1000.0	2021.2612011381848	0.0	0	0.0	3406.568253677251	1	0	1	0.9356139363483842
170662.06603785983	1000.0	1744.5022158174586	0.0	0	0.0	3406.56825367728	1	0	1	0.9356139363483768
171530.24806015388	1000.0	1876.3201935233835	0.0	0	0.0	3406.56825367728	1	0	1	0.9356139363483768
172874.72558931468	1000.0	1531.8426643626024	0.0	0	0.0	3406.56825367728	1	0	1	0.9356139363483768
174381.1039928511	1000.0	1025.4642608261731	0.0	0	0.0	3406.56825367728	1	0	1	0.9356139363483768
175010.19827049712	500.0	1396.3699831801928	0.0	0	0.0	3406.56825367728	1	0	1	-0.45068042477151404
175935.74726462716	1000.0	1470.820989050129	0.0	0	0.0	3406.56825367728	1	0	1	0.24246675578843135
176652.82128451494	1000.0	1753.746969162339	0.0	0	0.0	3406.5682536773093	1	0	1	0.9356139363483721
177710.05299053606	1000.0	1696.5152631412202	0.0	0	0.0	3406.56825367728	1	0	1	0.9356139363483768
178648.7969025084	1000.0	1757.7713511688764	0.0	0	0.0	3406.56825367728	1	0	1	0.9356139363483768
179627.771834592	1000.0	1778.7964190852927	0.0	0	0.0	3406.56825367728	1	0	1	0.9356139363483768
180726.98658573575	1000.0	1679.5816679415223	0.0	0	0.0	3406.56825367728	1	0	1	0.9356139363483768
181697.9976421379	1000.0	1708.570611539381	0.0	0	0.0	3406.56825367728	1	0	1	0.9356139363483768
183154.81646243058	1000.0	1251.7517912466813	0.0	0	0.0	3406.56825367728	1	0	1	0.9356139363483768
183761.7619931307	500.0	1644.8062605465502	0.0	0	0.0	3406.568253677251	1	0	1	-0.4506804247715068
185257.1746282482	1000.0	1149.3936254290063	0.0	0	0.0	3406.568253677251	1	0	1	0.2424667557884388
185707.8637166378	500.0	1698.7045370393703	0.0	0	0.0	3406.568253677251	1	0	1	-0.4506804247715068
186745.12447148672	1000.0	1661.443782190439	0.0	0	0.0	3406.56825367728	1	0	1	0.2424667557884343
187368.93577602704	1000.0	2037.6324776501156	0.0	0	0.0	3406.568253677251	1	0	1	0.9356139363483842
188363.84610494346	1000.0	2042.722148733673	0.0	0	0.0	3406.568253677251	1	0	1	0.9356139363483842
189355.54235282657	1000.0	2051.025900850556	0.0	0	0.0	3406.56825367728	1	0	1	0.9356139363483768
190539.16869643383	1000.0	1867.3995572433032	0.0	0	0.0	3406.56825367728	1	0	1	0.9356139363483768
192038.39313719113	1000.0	1368.1751164859913	0.0	0	0.0	3406.5682536773093	1	0	1	0.9356139363483691
193308.98898595368	1000.0	1097.579267723406	0.0	0	0.0	3406.56825367728	1	0	1	0.9356139363483768
193780.0478541637	500.0	1626.5203995133797	0.0	0	0.0	3406.56825367728	1	0	1	-0.45068042477151404
194586.4978880425	1000.0	1820.0703656346138	0.0	0	0.0	3406.568253677251	1	0	1	0.24246675578843435
195419.3090197963	1000.0	1987.2592338808583	0.0	0	0.0	3406.568253677251	1	0	1	0.9356139363483842
196165.8777975533	1000.0	2240.69045612385	0.0	0	0.0	3406.568253677222	1	0	1	0.9356139363483917
200259.62112521546	2000.0	200.0	1053.052871538312	0	0.0	4459.621125215461	1	0	1	-5.541701323336409
201101.8589340355	500.0	566.2998264707326	208.53763529076122	0	0.0	4668.158760506223	1	0	1	-2.9522239192963884
201970.67560599427	500.0	697.4831545119313	0.0	0	0.0	4668.158760506194	1	0	1	-0.3147037464319103
202568.9758960503	500.0	1099.1828644558805	0.0	0	0.0	4668.158760506194	1	0	1	-0.3147037464319103
203029.50607239813	500.0	1638.652688108077	0.0	0	0.0	4668.158760506194	1	0	1	-0.3147037464319103
204180.02551276016	1000.0	1488.1332477460471	0.0	0	0.0	4668.158760506194	1	0	1	-0.31470374643191024
205543.12290939144	1000.0	1125.0358511147613	0.0	0	0.0	4668.158760506223	1	0	1	0.37844343412801573
205873.05320324743	500.0	1795.1055572587459	0.0	0	0.0	4668.158760506223	1	0	1	-1.0078509269918752
207555.57898861758	2000.0	944.3271933515558	0.0	0	0.0	4499.906181969156	1	0	2	-0.6335028003238847
208359.78816670264	1000.0	1140.1180152664779	0.0	0	0.0	4499.906181969156	1	0	1	-0.4089300099947216
209574.64908985776	1000.0	925.2570921113233	0.0	0	0.0	4499.906181969156	1	0	1	0.4842171705652236
210106.87947869868	500.0	1393.0267032704105	0.0	0	0.0	4499.906181969127	1	0	1	-0.9020771905546499
211143.15975898528	1000.0	1356.7464229837901	0.0	0	0.0	4499.906181969098	1	0	1	-0.2089300099946867
211811.87081414252	1000.0	1688.0353678265687	0.0	0	0.0	4499.906181969127	1	0	1	0.48421717056524105
213076.37156634938	2000.0	1297.0845403990659	0.0	0	0.0	4373.45610674849	1	0	2	0.13652095404382625
214103.80807336976	1000.0	1269.6480333786844	0.0	0	0.0	4373.456106748461	1	0	1	-0.33650133736304577
214796.66768135264	1000.0	1576.788425395807	0.0	0	0.0	4373.456106748432	1	0	1	0.556645843196912
216010.84381285083	1000.0	1362.6122938976177	0.0	0	0.0	4373.456106748374	1	0	1	0.5566458431969441
216837.6121609098	1000.0	1535.8439458386408	0.0	0	0.0	4373.456106748345	1	0	1	0.5566458431969634
217797.43228733618	1000.0	1576.0238194122567	0.0	0	0.0	4373.456106748345	1	0	1	0.5566458431969634
218864.64805056967	1000.0	1508.8080561787624	0.0	0	0.0	4373.456106748345	1	0	1	0.5566458431969634
219563.39993909857	1000.0	1810.0561676498448	0.0	0	0.0	4373.456106748345	1	0	1	0.5566458431969634
220540.17398706588	1000.0	1833.2821196825469	0.0	0	0.0	4373.456106748374	1	0	1	0.5566458431969602
221770.99447177467	1000.0	1602.4616349737237	0.0	0	0.0	4373.456106748374	1	0	1	0.5566458431969473
223021.12072334028	1000.0	1352.3353834081108	0.0	0	0.0	4373.456106748374	1	0	1	0.5566458431969473
223729.80050577436	500.0	1643.6556009740484	0.0	0	0.0	4373.456106748374	1	0	1	-0.8296485179229435
224608.41180452614	500.0	1765.0443022222416	0.0	0	0.0	4373.456106748403	1	0	1	-0.13650133736300457
225283.0111732515	500.0	2090.4449334968635	0.0	0	0.0	4373.456106748403	1	0	1	-0.13650133736301423
226372.8693100644	1000.0	2000.5867966840008	0.0	0	0.0	4373.456106748403	1	0	1	-0.13650133736301417
227709.90599063766	1000.0	1663.550116110739	0.0	0	0.0	4373.456106748403	1	0	1	0.5566458431969312
228454.1068592492	500.0	1919.3492474991638	0.0	0	0.0	4373.456106748403	1	0	1	-0.8296485179229596
229611.8560662475	1000.0	1761.6000405008897	0.0	0	0.0	4373.456106748403	1	0	1	-0.13650133736301417
231297.65323986675	2000.0	907.2231495196969	0.0	0	0.0	4204.876389386423	1	0	2	0.22217774137751511
231777.62421137086	500.0	1427.2521780156007	0.0	0	0.0	4204.876389386423	1	0	1	-1.63536105233942
232652.32169335693	1000.0	1552.5546960295358	0.0	0	0.0	4204.876389386423	1	0	1	-0.049066691219529224
233790.0160178174	1000.0	1414.8603715690667	0.0	0	0.0	4204.876389386423	1	0	1	0.6440804893404162
234708.8654947763	1000.0	1496.0108946101734	0.0	0	0.0	4204.876389386423	1	0	1	0.6440804893404162
235609.47955990434	1000.0	1595.39682948214	0.0	0	0.0	4204.876389386423	1	0	1	0.6440804893404162
237067.38494488623	2000.0	991.7009060020603	0.0	0	0.0	4059.085850888223	1	0	2	0.29363850423707455
237681.1248128253	1000.0	1377.961038063047	0.0	0	0.0	4059.085850888252	1	0	1	-0.18147373170826558
238192.6674192997	1000.0	1866.4184315886291	0.0	0	0.0	4059.085850888252	1	0	1	0.7116734488516798
239624.37063614372	2000.0	1291.5448930601583	0.0	0	0.0	3915.915529203834	1	0	2	0.3557094565416933
240431.5248798377	1000.0	1484.390649366184	0.0	0	0.0	3915.915529203834	1	0	1	-0.12189739364452773
241051.2542741213	1000.0	1864.661255082596	0.0	0	0.0	3915.915529203834	1	0	1	0.7712497869154176
241969.6462002965	1000.0	1946.269328907423	0.0	0	0.0	3915.915529203805	1	0	1	0.7712497869154291
243047.6893100119	1000.0	1868.2262191920183	0.0	0	0.0	3915.915529203834	1	0	1	0.7712497869154176
244213.53510564595	1000.0	1702.380423557946	0.0	0	0.0	3915.915529203834	1	0	1	0.7712497869154176
245399.46940400993	1000.0	1516.4461251939267	0.0	0	0.0	3915.915529203834	1	0	1	0.7712497869154176
246819.0034002518	1000.0	1096.9121289520492	0.0	0	0.0	3915.915529203834	1	0	1	0.7712497869154176
247570.50063120763	500.0	1345.4148979962097	0.0	0	0.0	3915.915529203834	1	0	1	-0.6150445742044734
248432.71139482548	1000.0	1483.2041343783712	0.0	0	0.0	3915.915529203834	1	0	1	0.07810260635547217
249480.74741488177	1000.0	1435.1681143220394	0.0	0	0.0	3915.915529203834	1	0	1	0.7712497869154176
250444.89939677165	1000.0	1471.0161324321593	0.0	0	0.0	3915.915529203834	1	0	1	0.7712497869154176
251389.40281901933	1000.0	1526.512710184465	0.0	0	0.0	3915.915529203834	1	0	1	0.7712497869154176
252556.19238334394	1000.0	1359.7231458598715	0.0	0	0.0	3915.915529203834	1	0	1	0.7712497869154269
253177.875003481	1000.0	1738.0405257228392	0.0	0	0.0	3915.915529203834	1	0	1	0.7712497869154176
254389.6493708192	1000.0	1526.2661583846352	0.0	0	0.0	3915.915529203863	1	0	1	0.7712497869154061
256033.0880384312	1000.0	882.8274907726634	0.0	0	0.0	3915.915529203834	1	0	1	0.7712497869154176
256841.83735864682	500.0	1074.07817055703	0.0	0	0.0	3915.915529203863	1	0	1	-0.6150445742044847
257673.93424113662	500.0	1241.9812880672184	0.0	0	0.0	3915.915529203834	1	0	1	0.07810260635546752
258490.11294049906	500.0	1425.8025887047797	0.0	0	0.0	3915.915529203863	1	0	1	0.07810260635546978
259229.59913909077	500.0	1686.316390113082	0.0	0	0.0	3915.915529203863	1	0	1	0.07810260635546074
260225.42252374144	1000.0	1690.4930054624201	0.0	0	0.0	3915.915529203892	1	0	1	0.07810260635544916
260999.3453645987	1000.0	1916.5701646051102	0.0	0	0.0	3915.915529203863	1	0	1	0.7712497869154061
262450.7183498955	1000.0	1465.1971793083098	0.0	0	0.0	3915.915529203863	1	0	1	0.7712497869154038
262990.38500967255	500.0	1925.5305195312108	0.0	0	0.0	3915.915529203834	1	0	1	-0.6150445742044758
263790.910999568	1000.0	2125.004529635713	0.0	0	0.0	3915.915529203776	1	0	1	0.07810260635547908
264668.8545066719	1000.0	2247.061022531827	0.0	0	0.0	3915.915529203805	1	0	1	0.7712497869154267
266150.4745052961	1000.0	1765.4410239075587	0.0	0	0.0	3915.9155292037176	1	0	1	0.7712497869154473
267347.6607528005	1000.0	1568.2547764031067	0.0	0	0.0	3915.915529203776	1	0	1	0.7712497869154404
268177.9434547657	500.0	1737.97207443787	0.0	0	0.0	3915.915529203776	1	0	1	-0.6150445742044502
269002.1135525584	500.0	1913.8019766451202	0.0	0	0.0	3915.915529203776	1	0	1	0.07810260635549494
270237.95051761484	1000.0	1677.9650115886232	0.0	0	0.0	3915.915529203776	1	0	1	0.07810260635549507
271517.67174912436	1000.0	1398.243780079087	0.0	0	0.0	3915.915529203834	1	0	1	0.7712497869154176
272371.42704905476	500.0	1544.4884801487485	0.0	0	0.0	3915.915529203892	1	0	1	-0.6150445742044963
273552.8951839551	1000.0	1363.0203452484493	0.0	0	0.0	3915.915529203834	1	0	1	0.07810260635547217
274279.1925096074	500.0	1636.7230195960835	0.0	0	0.0	3915.915529203834	1	0	1	-0.6150445742044734
275403.3294450802	1000.0	1512.586084123298	0.0	0	0.0	3915.915529203834	1	0	1	0.07810260635547217
276319.18773101066	1000.0	1596.727798192827	0.0	0	0.0	3915.915529203834	1	0	1	0.7712497869154176
277269.6636224566	1000.0	1646.2519067468588	0.0	0	0.0	3915.915529203892	1	0	1	0.7712497869153946
278471.1434432445	1000.0	1444.772085958901	0.0	0	0.0	3915.915529203892	1	0	1	0.7712497869153763
278940.3661950208	500.0	1975.549334182675	0.0	0	0.0	3915.915529203892	1	0	1	-0.6150445742044963
279895.4156825747	1000.0	2020.499846628761	0.0	0	0.0	3915.9155292039504	1	0	1	0.07810260635543087
281079.50736489473	1000.0	1836.4081643087402	0.0	0	0.0	3915.9155292040086	1	0	1	0.7712497869153487
282051.24756501743	1000.0	1864.6679641860276	0.0	0	0.0	3915.9155292040086	1	0	1	0.7712497869153487
283681.7597470586	1000.0	1234.1557821448544	0.0	0	0.0	3915.9155292040086	1	0	1	0.7712497869153487
284393.3729034058	500.0	1522.542625797648	0.0	0	0.0	3915.9155292039504	1	0	1	-0.6150445742045191
284944.90994594386	500.0	1971.0055832596431	0.0	0	0.0	3915.9155292039504	1	0	1	0.07810260635542625
286844.0743658196	1000.0	1071.8411633838746	0.0	0	0.0	3915.915529203892	1	0	1	0.07810260635544916
287712.9071938859	500.0	1203.0083353175282	0.0	0	0.0	3915.915529203834	1	0	1	-0.6150445742044781
288470.69129743637	500.0	1445.2242317669923	0.0	0	0.0	3915.915529203834	1	0	1	0.07810260635547205
289139.8610270502	500.0	1776.054502153171	0.0	0	0.0	3915.915529203834	1	0	1	0.07810260635547205
290599.14308255824	1000.0	1316.7724466450672	0.0	0	0.0	3915.915529203776	1	0	1	0.07810260635549507
291179.0078273807	500.0	1736.9077018226071	0.0	0	0.0	3915.915529203834	1	0	1	-0.6150445742044734
292657.66156086704	1000.0	1258.253968336287	0.0	0	0.0	3915.915529203834	1	0	1	0.07810260635547217
293219.4932724591	500.0	1696.422256744199	0.0	0	0.0	3915.915529203834	1	0	1	-0.6150445742044734
294349.2253202372	1000.0	1566.6902089660443	0.0	0	0.0	3915.915529203776	1	0	1	0.07810260635549507
294893.8150497013	500.0	2022.1004795019858	0.0	0	0.0	3915.915529203834	1	0	1	-0.6150445742044734
295802.3069322238	1000.0	2113.608596979462	0.0	0	0.0	3915.915529203776	1	0	1	0.07810260635549507
297317.43957774446	2000.0	1446.9626869067624	0.0	0	0.0	3764.402264651726	1	0	2	0.41121735364035356
298835.2924695094	1000.0	929.1097951417662	0.0	0	0.0	3764.402264651726	1	0	1	-0.06568002519152877
299672.5517756873	500.0	1091.8504889637995	0.0	0	0.0	3764.402264651668	1	0	1	-0.5588272057514663
300499.14967061696	1000.0	1265.2525940341527	0.0	0	0.0	3764.402264651668	1	0	1	0.13431997480847924
301266.1417118613	500.0	1498.2605527898008	0.0	0	0.0	3764.402264651668	1	0	1	-0.5588272057514663
302207.2973132356	1000.0	1557.104951415585	0.0	0	0.0	3764.402264651726	1	0	1	0.13431997480845892
1.07	1.04	1.38	1.16	0.6	0.78	0.97	1.58	1.73	1.14	1.07	1.12	1.22	1.49	1.05	0.98	0.89	0.67	1.17	0.96	0.82	0.87	0.86	1.02	1.24	1.07	1.27	1.3	1.12	1.08	0.74	0.81	0.93	1.17	1.49	1.29	1.08	0.94	0.74	1.0	0.78	0.98	1.24	1.69	0.61	0.41	0.73	0.59	0.7	0.9	1.11	1.08	0.92	1.55	1.53	1.74	0.82	1.04	1.29	1.7	1.39	1.24	0.98	1.09	1.33	1.17	1.3	1.22	1.0	1.0	0.86	0.76	0.66	0.75	0.9	0.86	0.78	1.29	1.22	1.1	1.15	1.26	1.32	1.54	1.42	1.83	1.16	1.41	1.4	1.2	1.11	1.05	0.96	0.57	0.74	1.24	1.19	1.01	1.03	1.05	1.37	1.04	0.75	0.73	0.59	0.76	0.68	1.1	1.12	0.8	0.93	1.1	0.58	0.89	0.72	0.51	1.01	1.1	1.0	0.73	0.76	0.92	1.02	0.94	1.2	0.59	0.97	1.07	1.1	0.67	0.72	0.64	0.8	0.57	0.5	0.76	0.88	0.66	0.7	0.59	0.89	0.83	1.31	1.45	1.1	0.78	0.75	0.95	0.8	1.29	1.07	1.04	1.38	1.16	0.6	0.78	0.97	1.58	1.73	1.14	1.07	1.12	1.22	1.49	1.05	0.98	0.89	0.67	1.17	0.96	0.82	0.87	0.86	1.02	1.24	1.07	1.27	1.3	1.12	1.08	0.74	0.81	0.93	1.17	1.49	1.29	1.08	0.94	0.74	1.0	0.78	0.98	1.24	1.69	0.61	0.41	0.73	0.59	0.7	0.9	1.11	1.08	0.92	1.55	1.53	1.74	0.82	1.04	1.29	1.7	1.39	1.24	0.98	1.09	1.33	1.17	1.3	1.22	1.0	1.0	0.86	0.76	0.66	0.75	0.9	0.86	0.78	1.29	1.22	1.1	1.15	1.26	1.32	1.54	1.42	1.83	1.16	1.41	1.4	1.2	1.11	1.05	0.96	0.57	0.74	1.24	1.19	1.01	1.03	1.05	1.37	1.04	0.75	0.73	0.59	0.76	0.68	1.1	1.12	0.8	0.93	1.1	0.58	0.89	0.72	0.51	1.01	1.1	1.0	0.73	0.76	0.92	1.02	0.94	1.2	0.59	0.97	1.07	1.1	0.67	0.72	0.64	0.8	0.57	0.5	0.76	0.88	0.66	0.7	0.59	0.89	0.83	1.31	1.45	1.1	0.78	0.75	0.95	0.8	1.29	1.07	1.04	1.38
1.0	2.0	3.0	4.0	5.0	6.0	7.0	8.0	9.0	10.0	11.0	12.0	13.0	14.0	15.0	16.0	17.0	18.0	19.0	20.0	21.0	22.0	23.0	24.0	25.0	26.0	27.0	28.0	29.0	30.0	31.0	32.0	33.0	34.0	35.0	36.0	37.0	38.0	39.0	40.0	41.0	42.0	43.0	44.0	45.0	46.0	47.0	48.0	49.0	50.0	51.0	52.0	53.0	54.0	55.0	56.0	57.0	58.0	59.0	60.0	61.0	62.0	63.0	64.0	65.0	66.0	67.0	68.0	69.0	70.0	71.0	72.0	73.0	74.0	75.0	76.0	77.0	78.0	79.0	80.0	81.0	82.0	83.0	84.0	85.0	86.0	87.0	88.0	89.0	90.0	91.0	92.0	93.0	94.0	95.0	96.0	97.0	98.0	99.0	100.0	101.0	102.0	103.0	104.0	105.0	106.0	107.0	108.0	109.0	110.0	111.0	112.0	113.0	114.0	115.0	116.0	117.0	118.0	119.0	120.0	121.0	122.0	123.0	124.0	125.0	126.0	127.0	128.0	129.0	130.0	131.0	132.0	133.0	134.0	135.0	136.0	137.0	138.0	139.0	140.0	141.0	142.0	143.0	144.0	145.0	146.0	147.0	148.0	149.0	149.0	150.0	151.0	152.0	153.0	154.0	155.0	156.0	157.0	158.0	159.0	160.0	161.0	162.0	163.0	164.0	165.0	166.0	167.0	168.0	169.0	170.0	171.0	172.0	173.0	174.0	175.0	176.0	177.0	178.0	179.0	180.0	181.0	182.0	183.0	184.0	185.0	186.0	187.0	188.0	189.0	190.0	191.0	192.0	193.0	194.0	195.0	196.0	197.0	198.0	199.0	200.0	201.0	202.0	203.0	204.0	205.0	206.0	207.0	208.0	209.0	210.0	211.0	212.0	213.0	214.0	215.0	216.0	217.0	218.0	219.0	220.0	221.0	222.0	223.0	224.0	225.0	226.0	227.0	228.0	229.0	230.0	231.0	232.0	233.0	234.0	235.0	236.0	237.0	238.0	239.0	240.0	241.0	242.0	243.0	244.0	245.0	246.0	247.0	248.0	249.0	250.0	251.0	252.0	253.0	254.0	255.0	256.0	257.0	258.0	259.0	260.0	261.0	262.0	263.0	264.0	265.0	266.0	267.0	268.0	269.0	270.0	271.0	272.0	273.0	274.0	275.0	276.0	277.0	278.0	279.0	280.0	281.0	282.0	283.0	284.0	285.0	286.0	287.0	288.0	289.0	290.0	291.0	292.0	293.0	294.0	295.0	296.0	297.0	298.0	298.0	299.0	300.0	301.0
3460.171553936839
