3031.8868444148393	300.0	2000.0	190.9804622781267	0	0.0	3031.8868444148393	1	0	1	-1.3238810054064856
3935.4075721566765	2000.0	2096.4792722581624	0.0	0	0.0	3031.8868444148393	1	0	1	-0.18565903429196162
4770.930378538293	2000.0	2260.9564658765457	0.0	0	0.0	3031.8868444148393	1	0	1	1.7114609505939198
5559.056171070806	2000.0	2472.8306733440313	0.0	0	0.0	3031.8868444148384	1	0	1	1.71146095059392
6223.679134239099	2000.0	2808.2077101757372	0.0	0	0.0	3031.886844414837	1	0	1	1.7114609505939202
7219.584177065797	2000.0	2812.3026673490394	0.0	0	0.0	3031.8868444148375	1	0	1	1.7114609505939202
9026.06219989784	2000.0	2005.8246445169964	0.0	0	0.0	3031.8868444148384	1	0	1	1.7114609505939202
10274.505126614773	2000.0	1757.3817178000643	0.0	0	0.0	3031.88684441484	1	0	1	1.7114609505939196
11105.731131429977	1000.0	1926.1557129848616	0.0	0	0.0	3031.886844414842	1	0	1	0.3251665894740293
12857.793090533538	2000.0	1174.093753881302	0.0	0	0.0	3031.886844414841	1	0	1	1.0183137700339744
13419.796112955182	1000.0	1612.0907314596577	0.0	0	0.0	3031.886844414841	1	0	1	0.3251665894740293
14506.169614560878	2000.0	1525.7172298539629	0.0	0	0.0	3031.886844414841	1	0	1	1.0183137700339744
15376.487171200035	2000.0	1655.3996732148062	0.0	0	0.0	3031.886844414841	1	0	1	1.7114609505939196
15931.220473320825	2000.0	2100.666371094015	0.0	0	0.0	3031.886844414841	1	0	1	1.7114609505939196
16689.690744305073	2000.0	2342.196100109769	0.0	0	0.0	3031.886844414841	1	0	1	1.7114609505939198
17493.199176618222	3000.0	2458.336824565303	0.0	0	0.0	2951.5360011835237	1	0	2	1.322013686269224
18428.32388654728	3000.0	2429.699643643339	0.0	0	0.0	2858.0235301906196	1	0	2	1.942704666343366
19955.142640219234	3000.0	1750.1990146041908	0.0	0	0.0	2705.3416548234236	1	0	2	1.9636142716349076
20943.981880113533	2000.0	1662.4758507204601	0.0	0	0.0	2606.4577308339904	1	0	2	1.1685876393527788
21720.91541915619	2000.0	1885.5423116778038	0.0	0	0.0	2606.4577308339904	1	0	1	1.5770188958222549
22200.0	2000.0	2358.5492727496144	0.0	0	46.58840543457336	2558.549272749613	1	0	2	1.3811275408615666
23200.0	3000.0	2258.5492727496126	0.0	0	0.5966741335723782	2458.5492727496094	1	0	2	1.5916794672151364
24200.0	3000.0	2158.5492727496185	0.0	0	120.25610451816465	2358.5492727496166	1	0	2	2.0069681663301804
25490.71322484165	3000.0	1738.7647254238075	0.0	0	0.0	2229.4779502654565	1	0	2	2.0185875680678826
26527.83525442801	2000.0	1597.9304928788079	0.0	0	0.0	2125.765747306814	1	0	2	1.2178959040603656
27773.758071933207	2000.0	1352.007675373606	0.0	0	0.0	2125.76574730681	1	0	1	1.6256200302013046
28752.626568579868	1000.0	1373.1391787269454	0.0	0	0.0	2125.7657473068066	1	0	1	0.4393256690814148
29382.945262015623	1000.0	1742.8204852911877	0.0	0	0.0	2125.765747306803	1	0	1	1.13247284964136
30200.0	1000.0	1925.7657473068111	0.0	0	206.54081825246976	2125.765747306803	1	0	1	1.1324728496413603
31555.45889060893	2000.0	1570.3068566978816	0.0	0	0.0	2125.765747306803	1	0	1	1.1324728496413603
32200.0	1000.0	1925.7657473068089	0.0	0	186.06304861010358	2125.765747306803	1	0	1	0.43932566908141507
33517.353373177015	2000.0	1608.4123741298029	0.0	0	0.0	2125.765747306814	1	0	1	1.1324728496413596
34665.65336910484	2000.0	1460.1123782019745	0.0	0	0.0	2125.76574730681	1	0	1	1.8256200302013048
35433.01631284949	2000.0	1692.749434457326	0.0	0	0.0	2125.76574730681	1	0	1	1.8256200302013048
36643.49523403592	2000.0	1482.2705132708888	0.0	0	0.0	2125.76574730681	1	0	1	1.8256200302013048
38548.92350548721	2000.0	576.8422418196038	0.0	0	0.0	2125.765747306803	1	0	1	1.8256200302013053
39060.88238670294	1000.0	1064.8833606038736	0.0	0	0.0	2125.765747306803	1	0	1	0.43932566908141507
39842.15763183602	2000.0	1283.6081154708024	0.0	0	0.0	2125.765747306803	1	0	1	1.1324728496413603
40764.330113620046	2000.0	1361.4356336867613	0.0	0	0.0	2125.7657473067957	1	0	1	1.825620030201306
41494.232420665336	2000.0	1631.5333266414793	0.0	0	0.0	2125.7657473067957	1	0	1	1.825620030201306
42303.06676097107	2000.0	1822.6989863357383	0.0	0	0.0	2125.7657473067957	1	0	1	1.825620030201306
43200.0	2000.0	1925.7657473068127	0.0	0	202.60670473104983	2125.7657473067957	1	0	1	1.825620030201306
44200.0	2000.0	1925.765747306821	0.0	0	330.4476132014461	2125.7657473067957	1	0	1	1.825620030201306
45455.545108400176	3000.0	1544.6661280666249	0.0	0	0.0	2000.2112364667773	1	0	2	1.432324378873582
46663.48599343716	2000.0	1336.7252430296403	0.0	0	0.0	2000.2112364667773	1	0	1	1.2295856040056252
48161.71570359226	2000.0	838.4955328745456	0.0	0	0.0	2000.2112364667773	1	0	1	1.83505071211379
49164.95863247965	2000.0	835.2526039871624	0.0	0	0.0	2000.2112364667773	1	0	1	1.83505071211379
49999.52939270852	2000.0	1000.6818437582814	0.0	0	0.0	2000.2112364667773	1	0	1	1.83505071211379
50791.77844706258	2000.0	1208.4327894042324	0.0	0	0.0	2000.2112364667773	1	0	1	1.83505071211379
51504.207526486236	2000.0	1496.0037099805759	0.0	0	0.0	2000.21123646677	1	0	1	1.8350507121137904
52200.0	2000.0	1800.2112364668149	0.0	0	170.71684659101447	2000.21123646677	1	0	1	1.8350507121137904
53200.0	2000.0	1800.2112364668073	0.0	0	379.3979816587307	2000.21123646677	1	0	1	1.8350507121137904
54769.61138197033	3000.0	1073.6387162994477	0.0	0	0.0	1843.2500982697456	1	0	2	1.4417553600340183
56058.77042408498	2000.0	784.4796741847979	0.0	0	0.0	1843.2500982697456	1	0	1	1.2398775210228652
57590.10352716095	2000.0	253.14657110882786	0.0	0	0.0	1843.2500982697456	1	0	1	1.84534262913103
58653.596124977106	1000.0	466.4475373077263	276.7935640150492	0	0.0	2120.043662284799	1	0	1	-1.220980718332112
59583.518969136654	1000.0	538.1980262643904	1.6733331162074023	0	0.0	2121.7169954010024	1	0	1	1.1227550493823633
60119.823205728244	1000.0	1001.893789672795	0.0	0	0.0	2121.7169954010024	1	0	1	1.1327950480796076
60625.77434643494	1000.0	1495.9426489660957	0.0	0	0.0	2121.7169954010024	1	0	1	1.1327950480796076
61971.40720499422	2000.0	1150.3097904068163	0.0	0	0.0	2121.7169954010024	1	0	1	1.1327950480796076
62997.472413401105	2000.0	1124.2445819999339	0.0	0	0.0	2121.7169954010024	1	0	1	1.8259422286395526
63833.507608007334	2000.0	1288.2093873937072	0.0	0	0.0	2121.7169954010024	1	0	1	1.8259422286395526
64595.68140823025	2000.0	1526.0355871707918	0.0	0	0.0	2121.7169954010024	1	0	1	1.8259422286395526
65877.40812404892	2000.0	1244.3088713521317	0.0	0	0.0	2121.7169954010096	1	0	1	1.8259422286395526
67204.79934267899	2000.0	916.9176527220574	0.0	0	0.0	2121.7169954010096	1	0	1	1.8259422286395521
68005.64779154627	1000.0	1116.0692038547709	0.0	0	0.0	2121.7169954010024	1	0	1	0.4396478675196624
68565.48043051091	1000.0	1556.2365648901405	0.0	0	0.0	2121.716995401017	1	0	1	1.1327950480796063
69430.82940379503	2000.0	1690.8875916060242	0.0	0	0.0	2121.716995401017	1	0	1	1.1327950480796063
70200.0	2000.0	1921.716995401045	0.0	0	21.407934870905592	2121.7169954010024	1	0	1	1.8259422286395526
71200.0	2000.0	1921.7169954010637	0.0	0	170.7091393408773	2121.7169954010024	1	0	1	1.8259422286395526
72200.0	2000.0	1921.7169954010517	0.0	0	104.94925750332186	2121.7169954010024	1	0	1	1.8259422286395526
73200.0	2000.0	1921.7169954010499	0.0	0	110.13801276466984	2121.7169954010024	1	0	1	1.8259422286395526
74200.0	2000.0	1921.7169954010574	0.0	0	220.0055891705124	2121.7169954010024	1	0	1	1.8259422286395526
75278.16742920714	2000.0	1843.5495661939208	0.0	0	0.0	2121.7169954010024	1	0	1	1.8259422286395526
76611.08593370196	2000.0	1510.6310616990866	0.0	0	0.0	2121.7169954010024	1	0	1	1.8259422286395526
77378.74788057264	2000.0	1742.9691148284123	0.0	0	0.0	2121.7169954010024	1	0	1	1.8259422286395526
78264.72376498717	2000.0	1856.993230413906	0.0	0	0.0	2121.7169954010024	1	0	1	1.8259422286395526
79560.10298155349	2000.0	1561.6140138476019	0.0	0	0.0	2121.7169954010024	1	0	1	1.8259422286395526
80336.43829710715	2000.0	1785.2786982939497	0.0	0	0.0	2121.7169954010024	1	0	1	1.8259422286395526
81264.48640807392	2000.0	1857.2305873271748	0.0	0	0.0	2121.716995400988	1	0	1	1.825942228639554
82200.0	2000.0	1921.716995401092	0.0	0	42.91179535120318	2121.716995400988	1	0	1	1.825942228639554
83200.0	2000.0	1921.7169954010774	0.0	0	148.85406560040428	2121.716995400988	1	0	1	1.825942228639554
84200.0	2000.0	1921.7169954010672	0.0	0	110.41159957562923	2121.716995400988	1	0	1	1.825942228639554
85200.0	2000.0	1921.716995401065	0.0	0	36.282339447774575	2121.716995400988	1	0	1	1.825942228639554
86492.42250074536	2000.0	1629.2944946556802	0.0	0	0.0	2121.716995400988	1	0	1	1.825942228639554
87500.57091077878	2000.0	1621.1460846222503	0.0	0	0.0	2121.716995400988	1	0	1	1.825942228639554
88676.91647622298	2000.0	1444.8005191780455	0.0	0	0.0	2121.716995400988	1	0	1	1.825942228639554
89373.27436958268	2000.0	1748.4426258183555	0.0	0	0.0	2121.716995400988	1	0	1	1.825942228639554
90774.60372605604	2000.0	1347.1132693449988	0.0	0	0.0	2121.716995400988	1	0	1	1.825942228639554
92015.5487690368	2000.0	1106.1682263642474	0.0	0	0.0	2121.7169954010024	1	0	1	1.8259422286395526
92919.28525196688	1000.0	1202.4317434341751	0.0	0	0.0	2121.716995401017	1	0	1	0.4396478675196612
93709.30536965476	1000.0	1412.4116257463102	0.0	0	0.0	2121.716995401017	1	0	1	1.1327950480796063
94393.93276211404	2000.0	1727.7842332870437	0.0	0	0.0	2121.716995401017	1	0	1	1.1327950480796063
95527.83341903247	2000.0	1593.8835763686363	0.0	0	0.0	2121.716995401017	1	0	1	1.8259422286395517
96311.85415893511	2000.0	1809.8628364660024	0.0	0	0.0	2121.716995401017	1	0	1	1.8259422286395517
97448.9032496917	2000.0	1672.8137457094138	0.0	0	0.0	2121.7169954010024	1	0	1	1.8259422286395526
98369.67223363888	2000.0	1752.044761762254	0.0	0	0.0	2121.7169954010024	1	0	1	1.8259422286395526
99200.0	2000.0	1921.7169954011388	0.0	0	304.49466766511614	2121.7169954010024	1	0	1	1.8259422286395526
100200.0	2000.0	1921.716995401145	0.0	0	237.62195323866035	2121.7169954010024	1	0	1	1.8259422286395526
101200.0	2000.0	1921.7169954011388	0.0	0	466.196889752071	2121.7169954010024	1	0	1	1.8259422286395526
102653.75099862032	3000.0	1322.5908969187744	0.0	0	0.0	1976.3418955389643	1	0	2	1.4333707781491718
103683.30736014675	2000.0	1293.0345353923624	0.0	0	0.0	1976.3418955389643	1	0	1	1.2312530722486206
104355.27346648726	2000.0	1621.0684290518468	0.0	0	0.0	1976.3418955389643	1	0	1	1.8367181803567854
105382.27222846373	2000.0	1594.0696670753748	0.0	0	0.0	1976.3418955389498	1	0	1	1.8367181803567865
106226.76465581189	2000.0	1749.5772397271955	0.0	0	0.0	1976.3418955389498	1	0	1	1.8367181803567865
107401.05067507685	2000.0	1575.2912204622276	0.0	0	0.0	1976.3418955389498	1	0	1	1.8367181803567865
108781.4628605373	2000.0	1194.879035001764	0.0	0	0.0	1976.3418955389498	1	0	1	1.8367181803567865
109867.11265701764	2000.0	1109.229238521399	0.0	0	0.0	1976.3418955389498	1	0	1	1.8367181803567865
110944.77969728006	2000.0	1031.5621982589946	0.0	0	0.0	1976.3418955389498	1	0	1	1.8367181803567865
111768.8450516465	2000.0	1207.496843892554	0.0	0	0.0	1976.3418955389498	1	0	1	1.8367181803567865
112442.62993489386	2000.0	1533.7119606451731	0.0	0	0.0	1976.3418955389498	1	0	1	1.8367181803567865
113200.0	2000.0	1776.3418955390362	0.0	0	181.65844139539695	1976.3418955389498	1	0	1	1.8367181803567865
114200.0	2000.0	1776.3418955390202	0.0	0	284.7358215028362	1976.3418955389498	1	0	1	1.8367181803567865
115200.0	2000.0	1776.341895539021	0.0	0	49.48238089916413	1976.3418955389498	1	0	1	1.8367181803567865
116526.87794299984	2000.0	1449.4639525391885	0.0	0	0.0	1976.3418955389498	1	0	1	1.8367181803567865
118160.2105210685	2000.0	816.1313744705153	0.0	0	0.0	1976.3418955389498	1	0	1	1.8367181803567865
118940.31243339171	1000.0	1036.029462147305	0.0	0	0.0	1976.3418955389498	1	0	1	0.4504238192368961
119605.56576917434	1000.0	1370.7761263646662	0.0	0	0.0	1976.3418955389352	1	0	1	1.1435709997968422
120494.65006816914	1000.0	1481.6918273698695	0.0	0	0.0	1976.3418955389352	1	0	1	1.1435709997968422
121239.7795088862	1000.0	1736.5623866528047	0.0	0	0.0	1976.3418955389498	1	0	1	1.1435709997968413
122462.203721259	2000.0	1514.1381742800017	0.0	0	0.0	1976.3418955389498	1	0	1	1.1435709997968413
123598.49459154792	2000.0	1377.8473039910623	0.0	0	0.0	1976.3418955389498	1	0	1	1.8367181803567865
124575.24032107968	2000.0	1401.1015744593005	0.0	0	0.0	1976.3418955389498	1	0	1	1.8367181803567865
126093.0056301607	2000.0	883.3362653782848	0.0	0	0.0	1976.3418955389643	1	0	1	1.8367181803567854
126857.06871650362	1000.0	1119.2731790353691	0.0	0	0.0	1976.3418955389498	1	0	1	0.4504238192368961
127662.37755228126	1000.0	1313.964343257725	0.0	0	0.0	1976.3418955389643	1	0	1	1.1435709997968404
128301.69873609958	1000.0	1674.6431594393928	0.0	0	0.0	1976.3418955389643	1	0	1	1.1435709997968404
129475.99896706735	2000.0	1500.342928471633	0.0	0	0.0	1976.3418955389643	1	0	1	1.1435709997968402
130250.26876689128	2000.0	1726.0731286477044	0.0	0	0.0	1976.3418955389643	1	0	1	1.8367181803567854
131200.0	2000.0	1776.3418955389886	0.0	0	191.03952879925782	1976.3418955389643	1	0	1	1.8367181803567854
132200.0	2000.0	1776.341895539004	0.0	0	362.14541304751765	1976.3418955389934	1	0	1	1.8367181803567845
133200.0	6000.0	1776.3418955390316	0.0	0	237.05493496800773	1976.3418955390516	1	0	1	1.8367181803567814
134200.0	6000.0	1776.3418955390184	0.0	0	294.04640308671515	1976.3418955390516	1	0	1	2.9353304690248887
136109.18765835994	6000.0	867.1542371790474	0.0	0	0.0	1976.3418955390516	1	0	1	2.9353304690248887
136768.19450930547	2000.0	1208.1473862334992	0.0	0	0.0	1976.3418955390516	1	0	1	0.7381058916886698
137380.19234112298	2000.0	1596.1495544160173	0.0	0	0.0	1976.3418955390807	1	0	1	1.8367181803567774
138346.46562597345	3000.0	1629.8762695655473	0.0	0	0.0	1976.3418955390807	1	0	1	1.8367181803567774
139200.0	2000.0	1776.3418955389952	0.0	0	142.6531063117436	1976.3418955391098	1	0	1	1.4312530722486108
140200.0	2000.0	1776.3418955389666	0.0	0	138.27591604503687	1976.3418955390807	1	0	1	1.8367181803567774
141200.0	3000.0	1676.3418955389839	0.0	0	201.41795038676355	1876.3418955390807	1	0	2	1.4409694208728194
142200.0	2000.0	1676.3418955389684	0.0	0	226.97467362706084	1876.3418955390807	1	0	1	1.237835727159314
143200.0	2000.0	1676.3418955389177	0.0	0	248.9612889905693	1876.3418955390807	1	0	1	1.8433008352674787
144436.23177275364	3000.0	1440.1101227852607	0.0	0	0.0	1876.3418955390516	1	0	1	1.8433008352674807
145200.0	2000.0	1676.3418955388931	0.0	0	13.763809196621878	1876.3418955390516	1	0	1	1.4378357271593158
146200.0	2000.0	1676.3418955388481	0.0	0	173.90284848187002	1876.3418955390516	1	0	1	1.8433008352674805
147200.0	2000.0	1676.3418955388488	0.0	0	355.10184779102565	1876.3418955390225	1	0	1	1.8433008352674825
148200.0	2000.0	1676.3418955388315	0.0	0	548.6422686668811	1876.3418955390225	1	0	1	1.8433008352674825
149200.0	3000.0	1576.3418955388072	0.0	0	136.68255784988287	1776.3418955390225	1	0	2	1.4474389884570245
150200.0	3000.0	1576.3418955388163	0.0	0	280.7912378636829	1776.3418955390225	1	0	1	2.054741209808785
151764.45236794947	6000.0	1011.88952758936	0.0	0	0.0	1776.3418955390225	1	0	1	2.2547412098087847
152369.10142145684	2000.0	1407.2404740820111	0.0	0	0.0	1776.3418955390516	1	0	1	0.7506638130325092
153384.36884296668	2000.0	1391.9730525721782	0.0	0	0.0	1776.3418955390516	1	0	1	1.8492761017006187
154319.28012978588	2000.0	1457.0617657529992	0.0	0	0.0	1776.3418955390516	1	0	1	1.8492761017006187
155200.0	2000.0	1576.3418955388795	0.0	0	199.12315708765527	1776.3418955390516	1	0	1	1.8492761017006187
156836.8561661121	2000.0	939.485729426778	0.0	0	0.0	1776.3418955390516	1	0	1	1.8492761017006187
157490.5017701197	1000.0	1285.8401254191658	0.0	0	0.0	1776.3418955390516	1	0	1	0.46298174058072844
158354.94042134835	1000.0	1421.40147419051	0.0	0	0.0	1776.3418955390225	1	0	1	1.1561289211406753
159207.7683409081	1000.0	1568.5735546307264	0.0	0	0.0	1776.3418955389934	1	0	1	1.156128921140677
160200.0	1000.0	1576.3418955388515	0.0	0	301.68588902798365	1776.3418955390225	1	0	1	1.1561289211406753
162058.5459071712	2000.0	717.7959883676192	0.0	0	0.0	1776.3418955389934	1	0	1	1.1561289211406762
162669.04843338617	1000.0	1107.2934621526329	0.0	0	0.0	1776.3418955389643	1	0	1	0.4629817405807321
163759.47173656497	2000.0	1016.8701589738051	0.0	0	0.0	1776.3418955389352	1	0	1	1.156128921140679
164520.67331790546	2000.0	1255.6685776332954	0.0	0	0.0	1776.3418955389352	1	0	1	1.8492761017006254
165200.0	2000.0	1576.3418955387558	0.0	0	44.53222667129012	1776.3418955389352	1	0	1	1.8492761017006254
166200.0	2000.0	1576.341895538738	0.0	0	538.2979856843012	1776.3418955389352	1	0	1	1.8492761017006254
167387.21541934376	3000.0	1389.126476194983	0.0	0	0.0	1776.3418955389352	1	0	1	1.8492761017006256
168310.20740295903	2000.0	1466.1344925797227	0.0	0	0.0	1776.3418955389352	1	0	1	1.4438109935924608
169415.87299307564	2000.0	1360.4689024631161	0.0	0	0.0	1776.3418955389352	1	0	1	1.8492761017006254
170200.0	2000.0	1576.341895538736	0.0	0	72.9044798007817	1776.3418955389643	1	0	1	1.8492761017006236
171200.0	2000.0	1576.3418955387197	0.0	0	480.02948301803553	1776.3418955389643	1	0	1	1.8492761017006236
172200.0	2000.0	1576.3418955386874	0.0	0	491.2409871095733	1776.3418955389352	1	0	1	1.8492761017006247
173200.0	3000.0	1476.3418955387124	0.0	0	199.13245490763802	1676.341895538906	1	0	2	1.4528311674723766
174450.5477815281	3000.0	1225.7941140106218	0.0	0	0.0	1676.341895538906	1	0	1	2.0601635094511113
175674.8320012166	2000.0	1001.5098943221199	0.0	0	0.0	1676.341895538877	1	0	1	1.4492332932347833
176942.58708486753	2000.0	733.7548106711855	0.0	0	0.0	1676.341895538877	1	0	1	1.854698401342948
177766.98639434745	1000.0	909.355501191274	0.0	0	0.0	1676.341895538877	1	0	1	0.46840404022305765
178408.43264233138	1000.0	1267.9092532073116	0.0	0	0.0	1676.341895538877	1	0	1	1.1615512207830028
179200.0	1000.0	1476.341895538677	0.0	0	4.7145363770541735	1676.341895538877	1	0	1	1.1615512207830028
180200.0	1000.0	1476.3418955386733	0.0	0	421.6444517871714	1676.341895538877	1	0	1	1.1615512207830028
181359.44644257185	2000.0	1316.8954529668235	0.0	0	0.0	1676.341895538877	1	0	1	1.1615512207830028
182636.14289152165	2000.0	1040.1990040170342	0.0	0	0.0	1676.341895538877	1	0	1	1.854698401342948
183832.37620713637	2000.0	843.9656884023234	0.0	0	0.0	1676.341895538877	1	0	1	1.854698401342948
185197.4945439396	2000.0	478.8473515991129	0.0	0	0.0	1676.341895538906	1	0	1	1.854698401342947
185803.13921151328	1000.0	873.2026840254523	0.0	0	0.0	1676.341895538906	1	0	1	0.46840404022305615
186771.67543762882	1000.0	904.666457909895	0.0	0	0.0	1676.341895538906	1	0	1	1.1615512207830012
187921.29664648994	2000.0	755.0452490488042	0.0	0	0.0	1676.341895538906	1	0	1	1.1615512207830014
188768.18530644686	2000.0	908.1565890918997	0.0	0	0.0	1676.3418955389352	1	0	1	1.8546984013429457
189693.46782794842	2000.0	982.8740675903281	0.0	0	0.0	1676.3418955389643	1	0	1	1.8546984013429435
190334.86495100998	2000.0	1341.4769445287714	0.0	0	0.0	1676.3418955389643	1	0	1	1.8546984013429435
191200.0	2000.0	1476.3418955387478	0.0	0	249.14200351989712	1676.3418955389643	1	0	1	1.8546984013429435
192200.0	2000.0	1476.3418955387822	0.0	0	260.0484085936332	1676.3418955389352	1	0	1	1.8546984013429442
193200.0	2000.0	1476.341895538754	0.0	0	256.5474297059409	1676.341895538906	1	0	1	1.8546984013429464
194200.0	2000.0	1476.3418955387754	0.0	0	319.47293556894874	1676.341895538877	1	0	1	1.854698401342948
195200.0	2000.0	1476.3418955388017	0.0	0	231.67046327106073	1676.341895538877	1	0	1	1.854698401342948
196200.0	2000.0	1476.3418955387906	0.0	0	52.74089843744878	1676.341895538848	1	0	1	1.8546984013429495
197426.24155522947	2000.0	1250.1003403093407	0.0	0	0.0	1676.341895538877	1	0	1	1.854698401342948
198285.4364571345	2000.0	1390.9054384043181	0.0	0	0.0	1676.341895538906	1	0	1	1.8546984013429466
199200.0	2000.0	1476.3418955388304	0.0	0	61.64871962953475	1676.341895538906	1	0	1	1.8546984013429466
200200.0	2000.0	1476.3418955388042	0.0	0	412.3714522179216	1676.341895538906	1	0	1	1.8546984013429466
201200.0	2000.0	1476.3418955388122	0.0	0	439.20319172524614	1676.3418955389352	1	0	1	1.8546984013429448
202200.0	2000.0	1476.3418955388458	0.0	0	565.416295582254	1676.3418955389352	1	0	1	1.8546984013429448
203228.43377437346	2000.0	1447.9081211653847	0.0	0	30.63710465215263	1676.341895538906	1	0	1	1.854698401342946
204200.0	2000.0	1476.3418955388122	0.0	0	99.91521226294572	1676.341895538906	1	0	1	1.8546984013429466
205359.58828044505	2000.0	1316.75361509379	0.0	0	0.0	1676.341895538906	1	0	1	1.8546984013429466
207457.45464763403	2000.0	218.8872479047874	0.0	0	0.0	1676.341895538877	1	0	1	1.854698401342948
208236.0703636629	1000.0	626.7742140829763	186.50268220709825	0	0.0	1862.8445777460001	1	0	1	-0.6611689116135253
208955.49520436948	1000.0	907.3493733763886	0.0	0	0.0	1862.844577745971	1	0	1	1.1509943621890113
209451.74634825203	1000.0	1411.0982294938622	0.0	0	0.0	1862.844577745971	1	0	1	1.1509943621890113
210751.04790218532	2000.0	1111.7966755605835	0.0	0	0.0	1862.8445777460001	1	0	1	1.1509943621890095
211596.69831710614	2000.0	1266.1462606397422	0.0	0	0.0	1862.8445777460001	1	0	1	1.8441415427489547
212319.8781772307	2000.0	1542.9664005151376	0.0	0	0.0	1862.8445777460001	1	0	1	1.8441415427489547
213200.0	2000.0	1662.8445777458176	0.0	0	116.16577248641988	1862.8445777460001	1	0	1	1.8441415427489547
214200.0	2000.0	1662.8445777457866	0.0	0	89.9399890662171	1862.844577745971	1	0	1	1.8441415427489563
215251.5723310151	2000.0	1611.272246730669	0.0	0	0.0	1862.844577745971	1	0	1	1.8441415427489563
216832.1162055752	2000.0	1030.7283721705794	0.0	0	0.0	1862.844577745971	1	0	1	1.8441415427489578
217609.49457954732	1000.0	1253.3499981984564	0.0	0	0.0	1862.844577745971	1	0	1	0.4578471816290661
218712.35593747848	2000.0	1150.4886402672585	0.0	0	0.0	1862.8445777459128	1	0	1	1.1509943621890133
219743.6916187026	2000.0	1119.15295904315	0.0	0	0.0	1862.844577745942	1	0	1	1.8441415427489583
220779.07780112134	2000.0	1083.7667766244358	0.0	0	0.0	1862.844577745942	1	0	1	1.8441415427489583
221885.0182290527	2000.0	977.8263486930571	0.0	0	0.0	1862.844577745942	1	0	1	1.8441415427489583
222974.08187752735	2000.0	888.7627002183602	0.0	0	0.0	1862.844577745942	1	0	1	1.8441415427489583
224010.50518141474	2000.0	852.3393963309518	0.0	0	0.0	1862.844577745942	1	0	1	1.8441415427489583
224839.68532046914	2000.0	1023.1592572765762	0.0	0	0.0	1862.844577745942	1	0	1	1.8441415427489583
225653.55127965118	2000.0	1209.2932980945416	0.0	0	0.0	1862.844577745942	1	0	1	1.8441415427489583
226346.29210075212	2000.0	1516.5524769935762	0.0	0	0.0	1862.844577745942	1	0	1	1.8441415427489583
227248.4356755194	2000.0	1614.4089022263029	0.0	0	0.0	1862.844577745971	1	0	1	1.8441415427489563
228338.72362124495	2000.0	1524.1209565007666	0.0	0	0.0	1862.844577745971	1	0	1	1.8441415427489563
229514.19298564555	2000.0	1348.6515921001526	0.0	0	0.0	1862.844577745971	1	0	1	1.8441415427489563
230663.6608256635	2000.0	1199.183752082206	0.0	0	0.0	1862.844577745971	1	0	1	1.8441415427489563
231323.0068840979	2000.0	1539.8376936478119	0.0	0	0.0	1862.844577745971	1	0	1	1.8441415427489563
232328.29538489805	2000.0	1534.5491928476808	0.0	0	0.0	1862.844577745942	1	0	1	1.8441415427489583
233200.0	2000.0	1662.844577745758	0.0	0	139.5252680935082	1862.844577745942	1	0	1	1.8441415427489583
234200.0	2000.0	1662.8445777457496	0.0	0	154.68238326141727	1862.844577745942	1	0	1	1.8441415427489583
235269.47663145015	2000.0	1593.3679462955822	0.0	0	0.0	1862.844577745942	1	0	1	1.8441415427489583
236200.0	2000.0	1662.8445777457027	0.0	0	37.10640663388767	1862.8445777459128	1	0	1	1.84414154274896
237200.0	2000.0	1662.844577745693	0.0	0	179.10619843876339	1862.8445777459128	1	0	1	1.84414154274896
238200.0	2000.0	1662.844577745706	0.0	0	141.88263245139387	1862.8445777459128	1	0	1	1.84414154274896
239712.02368315717	2000.0	1150.8208945885494	0.0	0	0.0	1862.844577745942	1	0	1	1.8441415427489596
241327.74985377392	2000.0	535.0947239718038	0.0	0	0.0	1862.844577745942	1	0	1	1.8441415427489583
242154.9748377338	1000.0	707.8697400118898	0.0	0	0.0	1862.8445777459128	1	0	1	0.45784718162906973
242693.95720546748	1000.0	1168.8873722782077	0.0	0	0.0	1862.8445777459128	1	0	1	1.1509943621890149
243537.3510982862	2000.0	1325.4934794595065	0.0	0	0.0	1862.8445777459128	1	0	1	1.1509943621890146
244517.1476270148	2000.0	1345.6969507308795	0.0	0	0.0	1862.8445777458837	1	0	1	1.8441415427489618
245213.16358073146	2000.0	1649.6809970142326	0.0	0	0.0	1862.8445777458837	1	0	1	1.8441415427489618
246200.0	2000.0	1662.8445777456989	0.0	0	62.320911960850935	1862.8445777458837	1	0	1	1.8441415427489618
247200.0	2000.0	1662.8445777456936	0.0	0	312.03642582090106	1862.8445777459128	1	0	1	1.8441415427489605
248200.0	2000.0	1662.8445777456648	0.0	0	314.24029020339367	1862.8445777458837	1	0	1	1.844141542748961
249200.0	2000.0	1662.8445777456845	0.0	0	482.4727402611752	1862.8445777458837	1	0	1	1.8441415427489618
250200.0	2000.0	1662.8445777456843	0.0	0	407.1612698608369	1862.8445777458837	1	0	1	1.8441415427489618
251722.51476400782	3000.0	988.0783373371173	0.0	0	0.0	1710.5931013451773	1	0	2	1.4504252263043749
252477.2212362905	2000.0	1233.3718650544658	0.0	0	0.0	1710.5931013451773	1	0	1	1.2474351612533578
253200.0	2000.0	1510.5931013449544	0.0	0	107.16632981982548	1710.5931013451482	1	0	1	1.8529002693615242
254200.0	2000.0	1510.5931013449385	0.0	0	452.21847724416875	1710.5931013451482	1	0	1	1.8529002693615242
255200.0	2000.0	1510.593101344944	0.0	0	302.19913230719976	1710.5931013451773	1	0	1	1.8529002693615226
256410.01038523403	2000.0	1300.5827161108718	0.0	0	0.0	1710.5931013451773	1	0	1	1.8529002693615226
257597.29408447628	2000.0	1113.299016868622	0.0	0	0.0	1710.5931013451773	1	0	1	1.8529002693615226
258401.4008683243	2000.0	1309.1922330205828	0.0	0	0.0	1710.5931013451482	1	0	1	1.8529002693615242
259568.4746646326	2000.0	1142.1184367122744	0.0	0	0.0	1710.5931013451482	1	0	1	1.8529002693615242
260731.03392536895	2000.0	979.5591759759365	0.0	0	0.0	1710.5931013451482	1	0	1	1.8529002693615242
261824.35481688217	2000.0	886.2382844627117	0.0	0	0.0	1710.5931013451773	1	0	1	1.8529002693615226
262546.5391806152	2000.0	1164.053920729656	0.0	0	0.0	1710.5931013452064	1	0	1	1.8529002693615215
263537.21653015184	2000.0	1173.3765711930332	0.0	0	0.0	1710.5931013452064	1	0	1	1.8529002693615224
265144.39383132407	2000.0	566.1992700208529	0.0	0	0.0	1710.5931013452355	1	0	1	1.8529002693615206
265853.3859250755	1000.0	857.2071762693635	0.0	0	0.0	1710.5931013451773	1	0	1	0.4666059082416305
266983.93969043373	1000.0	726.6534109110486	0.0	0	0.0	1710.5931013450609	1	0	1	1.159753088801582
267939.3575919727	1000.0	771.2355093720913	0.0	0	0.0	1710.593101345119	1	0	1	1.159753088801582
268871.4261599259	1000.0	839.166941418908	0.0	0	0.0	1710.5931013451773	1	0	1	1.1597530888015775
269385.29493697005	1000.0	1325.2981643747426	0.0	0	0.0	1710.5931013451773	1	0	1	1.1597530888015775
270923.81616853026	2000.0	786.7769328144836	0.0	0	0.0	1710.5931013451773	1	0	1	1.1597530888015775
271669.45483747806	1000.0	1041.1382638666748	0.0	0	0.0	1710.593101345119	1	0	1	0.46660590824163295
272528.09431031335	2000.0	1182.4987910313837	0.0	0	0.0	1710.593101345119	1	0	1	1.1597530888015806
273543.987401249	2000.0	1166.6057000956662	0.0	0	0.0	1710.593101345119	1	0	1	1.8529002693615257
275332.35962924117	2000.0	378.23347210351517	0.0	0	0.0	1710.5931013452355	1	0	1	1.85290026936152
276330.60188915394	1000.0	530.954433147472	150.96322095668285	0	0.0	1861.5563223019126	1	0	1	-0.4478524755365643
276996.59118483757	1000.0	864.9651374638244	0.0	0	0.0	1861.5563223019126	1	0	1	1.151074030763478
277443.6325708532	1000.0	1417.923751448218	0.0	0	0.0	1861.5563223019126	1	0	1	1.151074030763478
278389.20952573407	2000.0	1472.3467965673794	0.0	0	0.0	1861.5563223018544	1	0	1	1.1510740307634815
279299.86843072507	2000.0	1561.6878915763875	0.0	0	0.0	1861.5563223018544	1	0	1	1.8442212113234266
280200.0	2000.0	1661.5563223014362	0.0	0	129.3650001558126	1861.5563223018544	1	0	1	1.8442212113234266
281200.0	2000.0	1661.5563223013887	0.0	0	381.996603386011	1861.5563223017962	1	0	1	1.8442212113234286
282269.6326382584	6000.0	1591.923684042991	0.0	0	0.0	1861.5563223017962	1	0	1	1.84422121132343
283475.3274325921	6000.0	1386.2288897093267	0.0	0	0.0	1861.5563223018544	1	0	1	2.9428334999915364
284217.8833393301	3000.0	1643.6729829713759	0.0	0	0.0	1861.5563223019126	1	0	1	1.5565391388716427
285800.90206045675	6000.0	1060.6542618447202	0.0	0	0.0	1861.5563223019126	1	0	1	2.2496863194315875
286347.0652829146	2000.0	1514.4910393868518	0.0	0	0.0	1861.5563223019126	1	0	1	0.7456089226553133
287200.0	2000.0	1661.5563223015397	0.0	0	393.44570106233004	1861.5563223019126	1	0	1	1.8442212113234229
288200.0	2000.0	1661.5563223015238	0.0	0	373.19618144020205	1861.5563223019126	1	0	1	1.8442212113234229
289200.0	2000.0	1661.556322301535	0.0	0	232.717351957981	1861.5563223019126	1	0	1	1.8442212113234229
290357.4825108131	3000.0	1504.0738114884168	0.0	0	0.0	1861.5563223019708	1	0	1	1.8442212113234195
291209.6516380092	2000.0	1651.9046842923237	0.0	0	0.0	1861.5563223019126	1	0	1	1.4387561032152583
292200.0	2000.0	1661.5563223014926	0.0	0	359.7141724458779	1861.5563223019126	1	0	1	1.8442212113234229
293200.0	2000.0	1661.556322301475	0.0	0	505.54191690852167	1861.5563223019126	1	0	1	1.8442212113234229
294200.0	2000.0	1661.556322301496	0.0	0	264.3835025563603	1861.5563223019126	1	0	1	1.8442212113234242
295200.0	2000.0	1661.5563223014776	0.0	0	165.4440825273632	1861.5563223018544	1	0	1	1.8442212113234266
296200.0	2000.0	1661.5563223014806	0.0	0	442.04184296319727	1861.5563223018544	1	0	1	1.8442212113234266
297207.81202275725	3000.0	1552.9630972684854	0.0	0	0.0	1760.7751200260245	1	0	2	1.4487404011314842
298200.0	3000.0	1560.7751200257467	0.0	0	257.34841937426245	1760.7751200260245	1	0	1	2.055620313221988
299200.0	3000.0	1560.775120025747	0.0	0	420.8564210010809	1760.7751200260245	1	0	1	2.2556203132219883
300200.0	3000.0	1560.7751200257549	0.0	0	8.579564985760953	1760.7751200259663	1	0	1	2.255620313221992
2.47	2.53	2.9	2.27	1.44	1.25	1.46	1.47	1.56	1.2	1.76	2.36	2.97	3.65	4.26	2.92	2.02	2.5	3.19	3.83	4.31	4.38	2.4	1.55	1.51	1.34	1.26	1.34	1.47	1.91	2.18	1.48	1.9	2.15	1.05	1.48	2.04	2.69	3.23	3.04	3.36	3.82	2.73	1.96	1.63	1.91	2.1	2.77	3.31	3.82	3.56	1.37	2.11	1.9	1.11	1.17	1.48	1.97	1.98	2.21	2.92	3.23	1.55	1.58	1.49	1.76	2.29	2.69	2.33	1.67	2.2	2.42	2.43	1.86	2.64	2.61	1.38	2.41	2.07	2.53	2.46	2.9	2.12	1.56	1.98	2.22	2.32	1.6	1.85	1.34	1.56	2.25	2.26	2.56	2.43	2.95	3.43	3.07	3.36	2.14	2.54	3.13	2.48	2.31	2.2	1.67	2.41	1.75	1.8	2.41	2.84	1.88	1.34	1.66	1.09	0.89	1.39	1.54	1.68	1.85	2.36	2.24	0.83	1.09	1.27	1.84	2.4	3.01	3.7	5.87	8.44	4.37	4.34	3.24	3.9	3.46	1.93	3.73	2.94	3.43	4.05	2.92	2.53	3.09	3.68	4.24	5.03	4.48	3.73	2.18	2.47	2.53	2.9	2.27	1.44	1.25	1.46	1.47	1.56	1.2	1.76	2.36	2.97	3.65	4.26	2.92	2.02	2.5	3.19	3.83	4.31	4.38	2.4	1.55	1.51	1.34	1.26	1.34	1.47	1.91	2.18	1.48	1.9	2.15	1.05	1.48	2.04	2.69	3.23	3.04	3.36	3.82	2.73	1.96	1.63	1.91	2.1	2.77	3.31	3.82	3.56	1.37	2.11	1.9	1.11	1.17	1.48	1.97	1.98	2.21	2.92	3.23	1.55	1.58	1.49	1.76	2.29	2.69	2.33	1.67	2.2	2.42	2.43	1.86	2.64	2.61	1.38	2.41	2.07	2.53	2.46	2.9	2.12	1.56	1.98	2.22	2.32	1.6	1.85	1.34	1.56	2.25	2.26	2.56	2.43	2.95	3.43	3.07	3.36	2.14	2.54	3.13	2.48	2.31	2.2	1.67	2.41	1.75	1.8	2.41	2.84	1.88	1.34	1.66	1.09	0.89	1.39	1.54	1.68	1.85	2.36	2.24	0.83	1.09	1.27	1.84	2.4	3.01	3.7	5.87	8.44	4.37	4.34	3.24	3.9	3.46	1.93	3.73	2.94	3.43	4.05	2.92	2.53	3.09	3.68	4.24	5.03	4.48	3.73	2.18	2.47	2.53
1.0	2.0	3.0	4.0	5.0	6.0	7.0	8.0	9.0	10.0	11.0	12.0	13.0	14.0	15.0	16.0	17.0	18.0	19.0	20.0	21.0	22.0	23.0	24.0	25.0	26.0	27.0	28.0	29.0	30.0	31.0	32.0	33.0	34.0	35.0	36.0	37.0	38.0	39.0	40.0	41.0	42.0	43.0	44.0	45.0	46.0	47.0	48.0	49.0	50.0	51.0	52.0	53.0	54.0	55.0	56.0	57.0	58.0	59.0	60.0	61.0	62.0	63.0	64.0	65.0	66.0	67.0	68.0	69.0	70.0	71.0	72.0	73.0	74.0	75.0	76.0	77.0	78.0	79.0	80.0	81.0	82.0	83.0	84.0	85.0	86.0	87.0	88.0	89.0	90.0	91.0	92.0	93.0	94.0	95.0	96.0	97.0	98.0	99.0	100.0	101.0	102.0	103.0	104.0	105.0	106.0	107.0	108.0	109.0	110.0	111.0	112.0	113.0	114.0	115.0	116.0	117.0	118.0	119.0	120.0	121.0	122.0	123.0	124.0	125.0	126.0	127.0	128.0	129.0	130.0	131.0	132.0	133.0	134.0	135.0	136.0	137.0	138.0	139.0	140.0	141.0	142.0	143.0	144.0	145.0	146.0	147.0	148.0	149.0	149.0	150.0	151.0	152.0	153.0	154.0	155.0	156.0	157.0	158.0	159.0	160.0	161.0	162.0	163.0	164.0	165.0	166.0	167.0	168.0	169.0	170.0	171.0	172.0	173.0	174.0	175.0	176.0	177.0	178.0	179.0	180.0	181.0	182.0	183.0	184.0	185.0	186.0	187.0	188.0	189.0	190.0	191.0	192.0	193.0	194.0	195.0	196.0	197.0	198.0	199.0	200.0	201.0	202.0	203.0	204.0	205.0	206.0	207.0	208.0	209.0	210.0	211.0	212.0	213.0	214.0	215.0	216.0	217.0	218.0	219.0	220.0	221.0	222.0	223.0	224.0	225.0	226.0	227.0	228.0	229.0	230.0	231.0	232.0	233.0	234.0	235.0	236.0	237.0	238.0	239.0	240.0	241.0	242.0	243.0	244.0	245.0	246.0	247.0	248.0	249.0	250.0	251.0	252.0	253.0	254.0	255.0	256.0	257.0	258.0	259.0	260.0	261.0	262.0	263.0	264.0	265.0	266.0	267.0	268.0	269.0	270.0	271.0	272.0	273.0	274.0	275.0	276.0	277.0	278.0	279.0	280.0	281.0	282.0	283.0	284.0	285.0	286.0	287.0	288.0	289.0	290.0	291.0	292.0	293.0	294.0	295.0	296.0	297.0	298.0	298.0	299.0	300.0
2660.864564949323
