3245.6995011019594	300.0	2000.0	122.56722526036911	0	0.0	3245.6995011019594	1	0	1	-0.9593070623093505
4167.219213558861	2000.0	2078.4802875430987	0.0	0	0.0	3245.6995011019594	1	0	1	-0.2294864399161588
5217.849979082217	2000.0	2027.8495220197433	0.0	0	0.0	3245.69950110196	1	0	1	1.6676335449697226
5737.241038574464	2000.0	2456.5193565782715	0.0	0	0.0	3193.760395152736	1	0	2	1.2762918431452388
7008.78000618125	2000.0	2184.980388971485	0.0	0	0.0	3193.7603951527353	1	0	1	1.4790587604671397
8399.887923554816	2000.0	1793.8724715979183	0.0	0	0.0	3193.7603951527335	1	0	1	1.6790587604671399
9357.908861807857	2000.0	1835.8515333448781	0.0	0	0.0	3193.7603951527344	1	0	1	1.6790587604671399
10444.3936509592	2000.0	1749.3667441935359	0.0	0	0.0	3193.7603951527353	1	0	1	1.6790587604671399
11642.84602212517	2000.0	1550.9143730275669	0.0	0	0.0	3193.7603951527362	1	0	1	1.6790587604671394
12290.93847453585	1000.0	1902.8219206168887	0.0	0	0.0	3193.760395152738	1	0	1	0.2927643993472486
13343.267344539108	2000.0	1850.49305061363	0.0	0	0.0	3193.760395152738	1	0	1	0.9859115799071938
13830.526407612331	1000.0	2363.2339875404095	0.0	0	0.0	3193.76039515274	1	0	1	0.29276439934724835
15789.726436333533	2000.0	1404.0339588192085	0.0	0	0.0	3193.76039515274	1	0	1	0.9859115799071935
16192.227184986832	1000.0	2001.5332101659108	0.0	0	0.0	3193.76039515274	1	0	1	0.29276439934724835
17152.035430874002	2000.0	2041.7249642787394	0.0	0	0.0	3193.76039515274	1	0	1	0.9859115799071935
17994.26577628282	2000.0	2199.4946188699214	0.0	0	0.0	3193.7603951527417	1	0	1	1.679058760467138
18831.718770564206	2000.0	2362.041624588537	0.0	0	0.0	3193.7603951527453	1	0	1	1.679058760467138
19423.75293762083	2000.0	2710.804040826254	0.0	0	0.0	3134.5569784470827	1	0	2	1.2885640550435968
20577.405720188344	3000.0	2441.7859800019887	0.0	0	0.0	3019.191700190335	1	0	2	1.50830085633389
21255.177107292006	3000.0	2696.23745418796	0.0	0	0.0	2951.4145614799636	1	0	2	1.9285416824717685
22271.385966688606	3000.0	2578.4077088516965	0.0	0	0.0	2849.7936755403025	1	0	2	1.9440746838104548
23575.357588195737	6000.0	2274.436087344568	0.0	0	0.0	2849.7936755403025	1	0	1	1.9481429887732153
24660.1115172227	2000.0	2081.2067654149077	0.0	0	0.0	2741.3182826375996	1	0	2	0.2551329897934951
25674.093655649616	2000.0	2067.224626987985	0.0	0	0.0	2741.3182826375996	1	0	1	1.5589457891263858
26469.54439057106	2000.0	2271.7738920665383	0.0	0	0.0	2741.3182826375996	1	0	1	1.758945789126386
27244.850563952055	2000.0	2496.4677186855447	0.0	0	0.0	2741.3182826375996	1	0	1	1.758945789126386
28200.0	2000.0	2541.3182826375973	0.0	0	405.71844697192864	2741.3182826375996	1	0	1	1.758945789126386
29200.0	3000.0	2441.3182826375973	0.0	0	92.15145478557315	2641.3182826375996	1	0	2	1.3684778775682438
30200.0	3000.0	2341.318282637593	0.0	0	357.6980680318338	2541.318282637596	1	0	2	1.9858241219277817
31542.911255257986	3000.0	1864.1159018538035	0.0	0	0.0	2407.0271571117955	1	0	2	2.0016849134038552
32710.558165760303	3000.0	1579.7043003012552	0.0	0	0.0	2290.262466061562	1	0	2	2.0143037042536527
33513.693908917696	3000.0	1696.2549828281226	0.0	0	0.0	2209.9488917458257	1	0	2	2.0222949573884015
34200.0	3000.0	1941.3182826375896	0.0	0	7.980163070293202	2141.318282637596	1	0	2	2.028421878752849
35200.0	3000.0	1841.3182826375935	0.0	0	215.3485323093846	2041.318282637607	1	0	2	2.034889357318831
36200.0	3000.0	1741.3182826375973	0.0	0	171.05284864515852	1941.318282637607	1	0	2	2.042313942575428
37200.0	3000.0	1741.3182826375917	0.0	0	370.4479101431716	1941.318282637607	1	0	1	2.044561489711237
38200.0	3000.0	1741.3182826375908	0.0	0	48.74956284614018	1941.318282637607	1	0	1	2.2445614897112374
39200.0	2000.0	1741.3182826375873	0.0	0	230.4600606595559	1941.3182826375996	1	0	1	1.4336312734949086
40437.70721057839	2000.0	1503.6110720591964	0.0	0	0.0	1941.318282637607	1	0	1	1.8390963816030725
41749.19330764884	2000.0	1192.1249749887418	0.0	0	0.0	1941.318282637607	1	0	1	1.8390963816030725
42940.71237544751	2000.0	1000.6059071900679	0.0	0	0.0	1941.318282637607	1	0	1	1.8390963816030725
43622.40893034698	2000.0	1318.9093522905953	0.0	0	0.0	1941.318282637607	1	0	1	1.8390963816030725
44650.04441272029	2000.0	1291.273869917278	0.0	0	0.0	1941.318282637607	1	0	1	1.8390963816030725
45498.698908062164	2000.0	1442.6193745754053	0.0	0	0.0	1941.318282637607	1	0	1	1.8390963816030725
46366.36376832048	2000.0	1574.9545143170897	0.0	0	0.0	1941.318282637607	1	0	1	1.8390963816030725
47200.0	2000.0	1741.318282637571	0.0	0	0.11646217116503976	1941.318282637607	1	0	1	1.8390963816030725
48200.0	2000.0	1741.318282637567	0.0	0	46.442093293808284	1941.318282637607	1	0	1	1.8390963816030725
49200.0	2000.0	1741.3182826375598	0.0	0	196.30349611784186	1941.318282637607	1	0	1	1.8390963816030725
50312.67926812094	2000.0	1628.6390145166206	0.0	0	0.0	1941.318282637607	1	0	1	1.8390963816030725
51386.670672382876	2000.0	1554.647610254687	0.0	0	0.0	1941.318282637607	1	0	1	1.8390963816030725
52577.78267955839	2000.0	1363.535603079172	0.0	0	0.0	1941.318282637607	1	0	1	1.8390963816030725
53765.93581665121	2000.0	1175.3824659863421	0.0	0	0.0	1941.3182826375996	1	0	1	1.8390963816030732
54841.401780293396	2000.0	1099.916502344156	0.0	0	0.0	1941.3182826375996	1	0	1	1.8390963816030732
55496.25123600551	2000.0	1445.0670466320314	0.0	0	0.0	1941.3182826375996	1	0	1	1.8390963816030732
56200.0	2000.0	1741.3182826375455	0.0	0	172.23086918634363	1941.3182826375996	1	0	1	1.8390963816030732
57200.0	2000.0	1741.3182826375441	0.0	0	385.99599953726283	1941.3182826375996	1	0	1	1.8390963816030732
58200.0	2000.0	1741.3182826375441	0.0	0	306.5068975863396	1941.3182826375996	1	0	1	1.8390963816030732
59500.007752346675	2000.0	1441.3105302908752	0.0	0	0.0	1941.318282637607	1	0	1	1.8390963816030725
60527.21423959406	2000.0	1414.1040430434846	0.0	0	0.0	1941.3182826375996	1	0	1	1.8390963816030732
61571.704184644324	2000.0	1369.6140979932288	0.0	0	0.0	1941.3182826375996	1	0	1	1.8390963816030732
62353.20011676521	2000.0	1588.1181658723387	0.0	0	0.0	1941.3182826375996	1	0	1	1.8390963816030732
63291.14551946589	2000.0	1650.1727631716592	0.0	0	0.0	1941.3182826375996	1	0	1	1.8390963816030732
64200.0	2000.0	1741.3182826375498	0.0	0	28.73868536266673	1941.3182826375996	1	0	1	1.8390963816030732
65200.0	2000.0	1741.3182826375519	0.0	0	302.8619072450165	1941.3182826375996	1	0	1	1.8390963816030732
66797.54553961258	2000.0	1143.7727430249856	0.0	0	0.0	1941.318282637607	1	0	1	1.8390963816030728
68097.01151618054	2000.0	844.3067664570149	0.0	0	0.0	1941.3182826376142	1	0	1	1.8390963816030719
68844.46146999973	1000.0	1096.8568126378266	0.0	0	0.0	1941.3182826376287	1	0	1	0.45280202048318086
69742.0289454111	1000.0	1199.289337226443	0.0	0	0.0	1941.3182826376287	1	0	1	1.145949201043126
70667.88081750479	1000.0	1273.4374651327462	0.0	0	0.0	1941.3182826376433	1	0	1	1.145949201043125
71436.73441881858	1000.0	1504.5838638189553	0.0	0	0.0	1941.3182826376433	1	0	1	1.145949201043125
72468.71896942944	2000.0	1472.5993132080935	0.0	0	0.0	1941.3182826376287	1	0	1	1.145949201043126
73334.12210401687	2000.0	1607.19617862067	0.0	0	0.0	1941.3182826376287	1	0	1	1.8390963816030712
74314.79599939595	2000.0	1626.5222832415811	0.0	0	0.0	1941.3182826376287	1	0	1	1.8390963816030712
75200.0	2000.0	1741.3182826375416	0.0	0	307.20769170652784	1941.3182826376287	1	0	1	1.8390963816030712
76478.36487951994	2000.0	1462.9534031176115	0.0	0	0.0	1941.3182826376142	1	0	1	1.8390963816030719
78054.52958795126	2000.0	886.7886946862892	0.0	0	0.0	1941.3182826376142	1	0	1	1.8390963816030719
79166.37663829669	1000.0	774.9416443408487	0.0	0	0.0	1941.3182826376142	1	0	1	0.4528020204831818
79912.02346794985	1000.0	1029.2948146876815	0.0	0	0.0	1941.3182826376142	1	0	1	1.145949201043127
80387.5082208552	1000.0	1553.8100617823309	0.0	0	0.0	1941.3182826376142	1	0	1	1.145949201043127
81444.27899726274	2000.0	1497.039285374788	0.0	0	0.0	1941.3182826376142	1	0	1	1.145949201043127
82377.97462091761	2000.0	1563.3436617199156	0.0	0	0.0	1941.3182826376142	1	0	1	1.8390963816030719
83319.73031490906	2000.0	1621.5879677284645	0.0	0	0.0	1941.3182826376287	1	0	1	1.8390963816030712
84731.08019054576	2000.0	1210.2380920917526	0.0	0	0.0	1941.3182826376287	1	0	1	1.8390963816030712
86236.93919423224	2000.0	704.3790884052714	0.0	0	0.0	1941.3182826376433	1	0	1	1.83909638160307
86843.58903116662	1000.0	1097.7292514708984	0.0	0	0.0	1941.3182826376287	1	0	1	0.45280202048318086
88148.30910749639	2000.0	793.0091751411121	0.0	0	0.0	1941.3182826376287	1	0	1	1.145949201043126
88877.30221528014	1000.0	1064.0160673573769	0.0	0	0.0	1941.3182826376433	1	0	1	0.45280202048317975
90125.13771142562	2000.0	816.1805712119233	0.0	0	0.0	1941.3182826376433	1	0	1	1.145949201043125
90969.91834530002	2000.0	971.3999373375163	0.0	0	0.0	1941.3182826376287	1	0	1	1.8390963816030712
91647.62341983741	2000.0	1293.6948628001371	0.0	0	0.0	1941.3182826376287	1	0	1	1.8390963816030712
92365.49527782218	2000.0	1575.8230048153862	0.0	0	0.0	1941.3182826376287	1	0	1	1.8390963816030712
93200.0	2000.0	1741.3182826375562	0.0	0	205.89595033793012	1941.3182826376142	1	0	1	1.8390963816030719
94488.98550044521	2000.0	1452.3327821923342	0.0	0	0.0	1941.3182826376142	1	0	1	1.8390963816030719
95705.0950133581	2000.0	1236.2232692794441	0.0	0	0.0	1941.3182826376142	1	0	1	1.8390963816030719
96515.44427376994	2000.0	1425.8740088676007	0.0	0	0.0	1941.3182826376142	1	0	1	1.8390963816030719
97286.92025122073	2000.0	1654.3980314168164	0.0	0	0.0	1941.3182826376142	1	0	1	1.8390963816030719
98200.0	2000.0	1741.3182826375328	0.0	0	181.9606995119102	1941.3182826376142	1	0	1	1.8390963816030719
99474.90894103446	2000.0	1466.40934160307	0.0	0	0.0	1941.3182826376142	1	0	1	1.8390963816030719
100422.12077629892	2000.0	1519.1975063386196	0.0	0	0.0	1941.3182826376142	1	0	1	1.8390963816030719
101570.15203899711	2000.0	1371.1662436404322	0.0	0	0.0	1941.3182826376142	1	0	1	1.8390963816030719
102772.73891207515	2000.0	1168.5793705623773	0.0	0	0.0	1941.3182826376142	1	0	1	1.8390963816030719
103806.957045621	2000.0	1134.3612370165106	0.0	0	0.0	1941.3182826376142	1	0	1	1.8390963816030719
104624.72147780466	2000.0	1316.5968048328464	0.0	0	0.0	1941.3182826376142	1	0	1	1.8390963816030719
105664.08525375562	2000.0	1277.233028881881	0.0	0	0.0	1941.3182826376142	1	0	1	1.8390963816030719
106818.21652155057	2000.0	1123.1017610869415	0.0	0	0.0	1941.3182826376287	1	0	1	1.8390963816030712
107688.84816531972	2000.0	1252.4701173177828	0.0	0	0.0	1941.3182826376287	1	0	1	1.8390963816030712
108499.8099326315	2000.0	1441.5083500060073	0.0	0	0.0	1941.3182826376287	1	0	1	1.8390963816030712
109425.96177183016	2000.0	1515.3565108073467	0.0	0	0.0	1941.3182826376287	1	0	1	1.8390963816030712
110200.0	2000.0	1741.3182826375128	0.0	0	135.77643892851484	1941.3182826376287	1	0	1	1.8390963816030712
111200.0	2000.0	1741.3182826375178	0.0	0	297.6797622386366	1941.3182826376287	1	0	1	1.8390963816030712
112200.0	2000.0	1741.3182826375037	0.0	0	442.46791651773674	1941.3182826376142	1	0	1	1.8390963816030719
113703.77172947265	3000.0	1087.1693802176007	0.0	0	0.0	1790.9411096903495	1	0	2	1.4452381066893472
114775.3525506749	2000.0	1015.5885590153423	0.0	0	0.0	1790.9411096903495	1	0	1	1.24297436692037
115543.39783759961	2000.0	1247.5432720906472	0.0	0	0.0	1790.941109690364	1	0	1	1.848439475028534
116557.91619789925	2000.0	1233.0249117910087	0.0	0	0.0	1790.941109690364	1	0	1	1.848439475028534
117200.0	2000.0	1590.9411096902547	0.0	0	44.687122014918714	1790.941109690364	1	0	1	1.848439475028534
118200.0	2000.0	1590.9411096902597	0.0	0	329.7805205961922	1790.941109690364	1	0	1	1.848439475028534
119200.0	2000.0	1590.941109690271	0.0	0	370.6500070871698	1790.941109690364	1	0	1	1.848439475028534
120200.0	2000.0	1590.9411096902566	0.0	0	263.17657955468167	1790.941109690364	1	0	1	1.848439475028534
121200.0	2000.0	1590.9411096902484	0.0	0	350.78049155948975	1790.9411096903495	1	0	1	1.848439475028535
122200.0	2000.0	1590.9411096902493	0.0	0	110.2259944951802	1790.941109690364	1	0	1	1.848439475028534
123200.0	2000.0	1590.9411096902459	0.0	0	97.00581644804333	1790.9411096903787	1	0	1	1.8484394750285333
124405.72199592045	2000.0	1385.2191137697973	0.0	0	0.0	1790.9411096903932	1	0	1	1.8484394750285325
125373.3294171525	2000.0	1417.6116925377419	0.0	0	0.0	1790.9411096903932	1	0	1	1.8484394750285325
126381.64670019789	2000.0	1409.2944094923691	0.0	0	0.0	1790.9411096903932	1	0	1	1.8484394750285325
127200.0	2000.0	1590.9411096902536	0.0	0	116.67862105584936	1790.9411096904078	1	0	1	1.8484394750285316
128200.0	2000.0	1590.9411096902581	0.0	0	228.19029934909486	1790.9411096904078	1	0	1	1.8484394750285316
129200.0	2000.0	1590.941109690255	0.0	0	463.5428854497295	1790.9411096904078	1	0	1	1.8484394750285316
130200.0	2000.0	1590.9411096902563	0.0	0	159.49937349407992	1790.9411096904078	1	0	1	1.8484394750285316
131200.0	2000.0	1590.9411096902725	0.0	0	130.33283259287418	1790.9411096904078	1	0	1	1.8484394750285316
132200.0	2000.0	1590.9411096902832	0.0	0	56.7244479918445	1790.9411096904223	1	0	1	1.848439475028531
133200.0	2000.0	1590.9411096903211	0.0	0	43.45355758277583	1790.9411096904369	1	0	1	1.8484394750285298
134200.0	2000.0	1590.9411096903023	0.0	0	188.89658020227216	1790.9411096904369	1	0	1	1.8484394750285298
135200.0	2000.0	1590.9411096902877	0.0	0	249.32400438812329	1790.9411096904369	1	0	1	1.8484394750285298
136200.0	2000.0	1590.9411096902934	0.0	0	377.60449281081674	1790.9411096904369	1	0	1	1.8484394750285298
138369.68137153052	2000.0	421.25973815978284	0.0	0	0.0	1790.941109690466	1	0	1	1.8484394750285282
139501.67621019116	1000.0	499.287093796705	210.02219429753796	0	0.0	2000.963303987839	1	0	1	-0.8114299790729896
140187.8859736567	1000.0	813.0773303311488	0.0	0	0.0	2000.96330398781	1	0	1	1.1418503672721854
140830.66943757798	1000.0	1170.2938664098733	0.0	0	0.0	2000.96330398781	1	0	1	1.1418503672721854
141340.77097073066	1000.0	1660.1923332571891	0.0	0	0.0	2000.96330398781	1	0	1	1.1418503672721854
142200.0	2000.0	1800.9633039878486	0.0	0	183.67737384996144	2000.96330398781	1	0	1	1.1418503672721851
143200.0	2000.0	1800.9633039878797	0.0	0	403.3782760084141	2000.963303987839	1	0	1	1.8349975478321285
144275.100483579	2000.0	1725.8628204088545	0.0	0	0.0	2000.963303987839	1	0	1	1.8349975478321285
145828.96815300325	2000.0	1171.9951509846187	0.0	0	0.0	2000.963303987839	1	0	1	1.8349975478321285
146657.64628842546	1000.0	1343.3170155624543	0.0	0	0.0	2000.963303987839	1	0	1	0.448703186712238
147629.5342929141	1000.0	1371.4290110738182	0.0	0	0.0	2000.963303987839	1	0	1	1.1418503672721831
148261.94266686923	1000.0	1739.0206371187212	0.0	0	0.0	2000.9633039878681	1	0	1	1.1418503672721811
149200.0	1000.0	1800.963303987949	0.0	0	80.00738420928246	2000.9633039878681	1	0	1	1.1418503672721811
150914.73517666804	2000.0	1086.2281273199312	0.0	0	0.0	2000.9633039878681	1	0	1	1.141850367272181
151517.4248380752	1000.0	1483.5384659127853	0.0	0	0.0	2000.9633039878681	1	0	1	0.4487031867122359
152317.26961716244	2000.0	1683.6936868255698	0.0	0	0.0	2000.9633039878972	1	0	1	1.1418503672721791
153215.98767406621	2000.0	1784.9756299218109	0.0	0	0.0	2000.9633039878972	1	0	1	1.8349975478321243
154200.0	2000.0	1800.9633039879977	0.0	0	275.994818631385	2000.9633039878972	1	0	1	1.8349975478321243
155200.0	2000.0	1800.9633039880189	0.0	0	201.7392880995758	2000.9633039878972	1	0	1	1.8349975478321243
156311.7655310862	2000.0	1689.1977729018172	0.0	0	0.0	2000.9633039878972	1	0	1	1.8349975478321243
157200.0	2000.0	1800.9633039879998	0.0	0	49.888374474830925	2000.9633039878681	1	0	1	1.834997547832125
158200.0	2000.0	1800.9633039880323	0.0	0	87.7703090790892	2000.9633039878972	1	0	1	1.8349975478321243
159200.0	2000.0	1800.9633039879961	0.0	0	374.9009434666659	2000.9633039878972	1	0	1	1.8349975478321243
160437.29652159588	2000.0	1563.6667823921036	0.0	0	0.0	2000.9633039878972	1	0	1	1.8349975478321243
161864.31314181618	2000.0	1136.6501621717946	0.0	0	0.0	2000.9633039878972	1	0	1	1.8349975478321243
163094.25881049398	2000.0	906.7044934940301	0.0	0	0.0	2000.9633039879263	1	0	1	1.834997547832122
163998.63519039343	1000.0	1002.3281135945816	0.0	0	0.0	2000.9633039879554	1	0	1	0.4487031867122298
164508.19754260016	1000.0	1492.7657613878455	0.0	0	0.0	2000.9633039879554	1	0	1	1.141850367272175
165799.85171301503	2000.0	1201.1115909729651	0.0	0	0.0	2000.9633039879554	1	0	1	1.141850367272175
166675.7989709524	2000.0	1325.1643330356196	0.0	0	0.0	2000.9633039879263	1	0	1	1.834997547832122
167419.02144209458	2000.0	1581.941861893443	0.0	0	0.0	2000.9633039879263	1	0	1	1.834997547832122
168227.64253516973	2000.0	1773.3207688183243	0.0	0	0.0	2000.9633039879554	1	0	1	1.834997547832121
169200.0	2000.0	1800.9633039880634	0.0	0	408.38932822595234	2000.9633039879554	1	0	1	1.83499754783212
170200.0	2000.0	1800.9633039880728	0.0	0	254.67065230131266	2000.9633039879554	1	0	1	1.83499754783212
171200.0	3000.0	1700.9633039880828	0.0	0	83.65625475908746	1900.9633039879554	1	0	2	1.4397889888010056
174216.0747121692	6000.0	200.0	515.1114081811085	0	0.0	2416.074712169211	1	0	1	-1.0529516968510206
175432.1349698311	2000.0	411.9026980663074	427.9629557281662	0	0.0	2844.0376678973844	1	0	1	-1.9228074953753438
176160.21937606344	2000.0	683.8182918339847	0.0	0	0.0	2844.0376678974135	1	0	1	1.7435825276617607
176979.76876569117	2000.0	864.2689022062528	0.0	0	0.0	2844.0376678974135	1	0	1	1.743582527661759
177556.96316368761	2000.0	1287.0745042098354	0.0	0	0.0	2844.0376678974135	1	0	1	1.743582527661759
178287.88912287564	2000.0	1556.1485450218393	0.0	0	0.0	2844.0376678974717	1	0	1	1.743582527661751
178906.2421481248	2000.0	1937.7955197726978	0.0	0	0.0	2844.0376678974717	1	0	1	1.7435825276617498
180155.11788466174	3000.0	1564.0322095820366	0.0	0	0.0	2719.150094243756	1	0	2	1.357809770993114
180725.81354903575	2000.0	1993.3365452080373	0.0	0	0.0	2719.150094243785	1	0	1	1.1566092693559045
181308.27211015747	2000.0	2410.8779840862944	0.0	0	0.0	2719.1500942438142	1	0	1	1.7620743774640655
182200.0	3000.0	2429.977305259531	0.0	0	160.13335611048387	2629.9773052595847	1	0	2	1.3702348620415934
183304.49851560383	3000.0	2215.028938095349	0.0	0	0.0	2519.5274536992365	1	0	2	1.9898280787415796
184302.253133976	3000.0	2117.4988578860084	0.0	0	0.0	2419.7519918620237	1	0	2	2.00144915812652
185200.0	3000.0	2129.977305259587	0.0	0	306.384789648524	2329.977305259614	1	0	2	2.0097520288519224
186200.0	3000.0	2029.9773052595965	0.0	0	324.4768605728459	2229.9773052595847	1	0	2	2.018998556452758
188220.23239513277	6000.0	1009.7449101268239	0.0	0	0.0	2229.9773052595556	1	0	1	2.022347027172464
189831.87860814633	2000.0	398.0986971132717	0.0	0	0.0	2229.9773052595556	1	0	1	0.7182696303961922
190524.98145456065	1000.0	704.9958506989672	0.0	0	0.0	2229.9773052595847	1	0	1	0.430587557944409
191256.52947417347	1000.0	973.4478310861259	0.0	0	0.0	2229.9773052595847	1	0	1	1.1237347385043541
192392.08241684045	2000.0	837.8948884191539	0.0	0	0.0	2229.9773052595847	1	0	1	1.1237347385043541
193478.57874299528	2000.0	751.398562264311	0.0	0	0.0	2229.9773052595847	1	0	1	1.8168819190642993
194223.8009107204	1000.0	1006.1763945391704	0.0	0	0.0	2229.9773052595847	1	0	1	0.430587557944409
195215.13067782833	2000.0	1014.8466274312443	0.0	0	0.0	2229.977305259614	1	0	1	1.1237347385043512
196324.99390306268	2000.0	904.9834021969172	0.0	0	0.0	2229.977305259643	1	0	1	1.8168819190642949
197252.18072859177	2000.0	977.7965766678349	0.0	0	0.0	2229.977305259643	1	0	1	1.816881919064294
198486.64928010243	2000.0	743.3280251571819	0.0	0	0.0	2229.977305259672	1	0	1	1.8168819190642915
199681.28105917317	2000.0	548.6962460864144	0.0	0	0.0	2229.977305259672	1	0	1	1.8168819190642915
200327.60599367332	1000.0	902.3713115862295	0.0	0	0.0	2229.977305259701	1	0	1	0.43058755794439874
200804.99657204674	1000.0	1424.98073321283	0.0	0	0.0	2229.977305259701	1	0	1	1.123734738504344
202284.27782389618	2000.0	945.6994813633871	0.0	0	0.0	2229.977305259672	1	0	1	1.1237347385043464
203062.6696859392	2000.0	1167.3076193203765	0.0	0	0.0	2229.977305259701	1	0	1	1.816881919064289
203720.8976567874	2000.0	1509.0796484721998	0.0	0	0.0	2229.977305259672	1	0	1	1.8168819190642915
204362.60747559668	2000.0	1867.369829662908	0.0	0	0.0	2229.977305259672	1	0	1	1.8168819190642915
205200.0	2000.0	2029.9773052595824	0.0	0	329.0281058285618	2229.977305259701	1	0	1	1.816881919064289
206200.0	2000.0	2029.9773052595551	0.0	0	336.80612928722985	2229.977305259701	1	0	1	1.816881919064289
207201.18187000387	3000.0	1928.6772482552942	0.0	0	125.7034578146122	2129.85911825925	1	0	2	1.4223851204970923
208200.0	2000.0	1929.8591182592088	0.0	0	45.310041087912396	2129.85911825925	1	0	1	1.2198278982165043
209275.04600397273	2000.0	1854.813114286433	0.0	0	0.0	2129.85911825925	1	0	1	1.825293006324669
210200.0	2000.0	1929.859118259205	0.0	0	17.725733440747717	2129.859118259279	1	0	1	1.8252930063246668
211267.7044460235	2000.0	1862.1546722357136	0.0	0	0.0	2129.859118259279	1	0	1	1.8252930063246668
212235.31500332328	2000.0	1894.5441149359403	0.0	0	0.0	2129.859118259279	1	0	1	1.8252930063246668
213215.30946741637	2000.0	1914.5496508428287	0.0	0	0.0	2129.85911825925	1	0	1	1.8252930063246677
214495.23024275908	2000.0	1634.6288755001362	0.0	0	0.0	2129.85911825925	1	0	1	1.825293006324669
215929.3009342507	2000.0	1200.5581840084892	0.0	0	0.0	2129.859118259221	1	0	1	1.8252930063246717
216860.59206005523	2000.0	1269.2670582039298	0.0	0	0.0	2129.859118259221	1	0	1	1.8252930063246717
219092.59536766604	2000.0	200.0	162.7362494068637	0	0.0	2292.595367666072	1	0	1	0.8444296669592269
219499.496104929	500.0	803.2860749746111	10.186812237575566	0	0.0	2302.7821799036465	1	0	1	-1.023469575707564
220244.7224983712	1000.0	1058.059681532435	0.0	0	0.0	2302.7821799036465	1	0	1	0.4239456588377799
220913.9570980336	1000.0	1388.8250818700667	0.0	0	0.0	2302.7821799036465	1	0	1	1.1170928393977253
221575.03563090408	2000.0	1727.7465489995916	0.0	0	0.0	2302.7821799036174	1	0	1	1.117092839397728
222200.0	2000.0	2102.7821799036815	0.0	0	18.087581945728743	2302.7821799036465	1	0	1	1.8102400199576705
223200.0	2000.0	2102.7821799036874	0.0	0	133.11376815484255	2302.7821799036465	1	0	1	1.8102400199576705
224200.0	2000.0	2102.782179903689	0.0	0	42.67332285075099	2302.7821799036465	1	0	1	1.8102400199576705
225328.1873954929	2000.0	1974.594784410784	0.0	0	0.0	2302.7821799036465	1	0	1	1.8102400199576705
226942.37800053027	2000.0	1360.4041793733963	0.0	0	0.0	2302.7821799036756	1	0	1	1.8102400199576676
228003.417974003	1000.0	1299.3642059006775	0.0	0	0.0	2302.7821799036756	1	0	1	0.42394565883777735
228891.8361858667	1000.0	1410.9459940370257	0.0	0	0.0	2302.7821799036756	1	0	1	1.1170928393977224
229425.09091886162	1000.0	1877.6912610421396	0.0	0	0.0	2302.7821799036756	1	0	1	1.1170928393977224
230297.477043925	2000.0	2005.3051359787341	0.0	0	0.0	2302.7821799036756	1	0	1	1.1170928393977224
231200.0	2000.0	2102.7821799037	0.0	0	0.21868761975201778	2302.7821799036465	1	0	1	1.810240019957669
232436.80001767783	2000.0	1865.9821622258685	0.0	0	0.0	2302.7821799036465	1	0	1	1.8102400199576705
233908.30190574448	2000.0	1394.4802741592275	0.0	0	0.0	2302.7821799036465	1	0	1	1.8102400199576705
235363.12479873063	2000.0	939.6573811730627	0.0	0	0.0	2302.7821799036756	1	0	1	1.8102400199576687
236026.26155093173	1000.0	1276.520628971939	0.0	0	0.0	2302.7821799036756	1	0	1	0.42394565883777735
237284.31469914818	2000.0	1018.4674807555074	0.0	0	0.0	2302.7821799036756	1	0	1	1.1170928393977224
237842.87039885286	1000.0	1459.9117810507923	0.0	0	0.0	2302.7821799036756	1	0	1	0.42394565883777735
238734.71382006034	2000.0	1568.0683598432777	0.0	0	0.0	2302.7821799036465	1	0	1	1.1170928393977253
239851.71183203257	2000.0	1451.0703478710543	0.0	0	0.0	2302.7821799036174	1	0	1	1.8102400199576731
240430.0534096181	2000.0	1872.7287702855174	0.0	0	0.0	2302.7821799035883	1	0	1	1.810240019957676
241200.0	2000.0	2102.782179903561	0.0	0	137.23997656797292	2302.782179903559	1	0	1	1.8102400199576787
242200.0	2000.0	2102.7821799035773	0.0	0	250.64196857108618	2302.782179903559	1	0	1	1.8102400199576787
243200.0	2000.0	2102.782179903572	0.0	0	272.84610201697797	2302.782179903559	1	0	1	1.8102400199576787
244352.4300960816	2000.0	1950.3520838219542	0.0	0	0.0	2302.782179903559	1	0	1	1.8102400199576787
245323.30488788857	2000.0	1979.477292014974	0.0	0	0.0	2302.782179903559	1	0	1	1.8102400199576787
246200.0	2000.0	2102.782179903558	0.0	0	150.36582143776468	2302.782179903559	1	0	1	1.8102400199576787
247200.0	2000.0	2102.7821799035305	0.0	0	67.98045896412805	2302.782179903559	1	0	1	1.8102400199576787
248200.0	2000.0	2102.782179903532	0.0	0	86.1542080383224	2302.7821799035883	1	0	1	1.8102400199576778
249200.0	2000.0	2102.7821799035673	0.0	0	136.5531940665096	2302.7821799035883	1	0	1	1.810240019957676
250200.0	2000.0	2102.782179903563	0.0	0	81.11585018367623	2302.7821799035883	1	0	1	1.810240019957676
251274.24205385047	2000.0	2028.5401260530975	0.0	0	0.0	2302.7821799036174	1	0	1	1.8102400199576743
252410.8164218609	2000.0	1891.9657580426617	0.0	0	0.0	2302.7821799036174	1	0	1	1.8102400199576731
253440.6836458813	2000.0	1862.0985340222592	0.0	0	0.0	2302.7821799036174	1	0	1	1.8102400199576731
254367.38877584896	2000.0	1935.3934040546358	0.0	0	0.0	2302.7821799036174	1	0	1	1.8102400199576731
255200.0	2000.0	2102.782179903575	0.0	0	6.547939547977876	2302.7821799036174	1	0	1	1.8102400199576731
256200.0	2000.0	2102.782179903563	0.0	0	51.731306971400045	2302.7821799036465	1	0	1	1.8102400199576723
257200.0	2000.0	2102.7821799035573	0.0	0	168.67659576490405	2302.7821799036465	1	0	1	1.8102400199576705
258200.0	2000.0	2102.7821799035573	0.0	0	274.21735599267413	2302.7821799036174	1	0	1	1.8102400199576731
259200.0	3000.0	2002.7821799035478	0.0	0	6.956612756184768	2202.7821799036174	1	0	2	1.4169560816302669
260200.0	3000.0	1902.782179903534	0.0	0	187.09082794035203	2102.7821799036174	1	0	2	2.0302183635402185
261200.0	2000.0	1902.7821799035373	0.0	0	211.87170869699912	2102.7821799036174	1	0	1	1.2219674405967478
262474.861939046	3000.0	1500.4340469528693	0.0	0	0.0	1975.2959859989642	1	0	2	1.433585844612597
263553.89281656226	2000.0	1421.4031694365956	0.0	0	0.0	1975.2959859989642	1	0	1	1.2313252632388618
264647.12318164733	2000.0	1328.172804351585	0.0	0	0.0	1975.295985998935	1	0	1	1.8367903713470268
265776.62327846163	2000.0	1198.672707537264	0.0	0	0.0	1975.2959859988769	1	0	1	1.8367903713470306
266404.0092358522	2000.0	1571.286750146601	0.0	0	0.0	1975.2959859988769	1	0	1	1.8367903713470306
267200.0	2000.0	1775.2959859987973	0.0	0	141.23620947956806	1975.2959859988769	1	0	1	1.8367903713470306
268200.0	2000.0	1775.2959859988177	0.0	0	443.3046989629511	1975.2959859988769	1	0	1	1.8367903713470306
269200.0	2000.0	1775.295985998857	0.0	0	346.0739508049446	1975.295985998935	1	0	1	1.8367903713470268
270200.0	3000.0	1675.2959859988	0.0	0	196.44567332492443	1875.2959859988769	1	0	2	1.4410467652967263
271572.13832084124	2000.0	1303.157665157589	0.0	0	0.0	1875.295985998935	1	0	1	1.2379012671779048
272466.69878155616	2000.0	1408.5972044426421	0.0	0	0.0	1875.295985998935	1	0	1	1.843366375286069
273740.4415823746	2000.0	1134.8544036241801	0.0	0	0.0	1875.2959859988769	1	0	1	1.8433663752860732
274492.6010628112	2000.0	1382.6949231875033	0.0	0	0.0	1875.2959859988769	1	0	1	1.8433663752860732
275475.1089772789	2000.0	1400.1870087197794	0.0	0	0.0	1875.2959859988769	1	0	1	1.8433663752860732
276201.35817406076	2000.0	1673.9378119379364	0.0	0	0.0	1875.295985998935	1	0	1	1.8433663752860696
277200.0	2000.0	1675.2959859987081	0.0	0	515.0382912192727	1875.295985998935	1	0	1	1.8433663752860696
278200.0	2000.0	1675.2959859987673	0.0	0	350.38395954022417	1875.2959859989933	1	0	1	1.8433663752860658
279200.0	2000.0	1675.295985998836	0.0	0	278.7337021303829	1875.2959859989933	1	0	1	1.8433663752860658
280200.0	2000.0	1675.2959859988323	0.0	0	322.1106785472366	1875.2959859989933	1	0	1	1.8433663752860658
281200.0	2000.0	1675.2959859988368	0.0	0	257.37439413607353	1875.2959859990515	1	0	1	1.843366375286062
282200.0	2000.0	1675.2959859988441	0.0	0	250.90805508155609	1875.2959859990515	1	0	1	1.843366375286062
283222.4850361105	2000.0	1652.8109498883596	0.0	0	0.0	1875.2959859990515	1	0	1	1.843366375286062
284200.0	2000.0	1675.2959859987777	0.0	0	412.22127497941256	1875.2959859990515	1	0	1	1.843366375286062
285243.32503590937	2000.0	1631.9709500893978	0.0	0	0.0	1875.2959859990515	1	0	1	1.843366375286062
287385.63558607834	2000.0	489.66039992042585	0.0	0	0.0	1875.2959859990515	1	0	1	1.8433663752860605
288069.09644394316	1000.0	806.1995420556087	0.0	0	0.0	1875.2959859989933	1	0	1	0.4570720141661733
289086.0319950633	1000.0	789.2639909354835	0.0	0	0.0	1875.2959859989933	1	0	1	1.1502191947261207
289829.810567825	1000.0	1045.4854181738942	0.0	0	0.0	1875.2959859989933	1	0	1	1.1502191947261207
290528.7807856191	2000.0	1346.5152003797527	0.0	0	0.0	1875.2959859989933	1	0	1	1.1502191947261204
291460.88424376235	2000.0	1414.4117422365307	0.0	0	0.0	1875.2959859989933	1	0	1	1.8433663752860658
292274.1549490807	2000.0	1601.141036918208	0.0	0	0.0	1875.2959859990515	1	0	1	1.8433663752860634
293680.71125658136	2000.0	1194.5847294175876	0.0	0	0.0	1875.2959859990515	1	0	1	1.843366375286062
294561.0081097254	1000.0	1314.2878762735281	0.0	0	0.0	1875.2959859990515	1	0	1	0.4570720141661718
296081.92125698697	2000.0	793.3747290119284	0.0	0	0.0	1875.2959859989933	1	0	1	1.1502191947261204
296906.24776964006	1000.0	969.0482163588085	0.0	0	0.0	1875.2959859989933	1	0	1	0.4570720141661756
297924.63001050946	1000.0	950.6659754893474	0.0	0	0.0	1875.2959859990515	1	0	1	1.150219194726117
298422.750650958	1000.0	1452.5453350408497	0.0	0	0.0	1875.2959859990515	1	0	1	1.150219194726117
299355.71234892576	2000.0	1519.583637073067	0.0	0	0.0	1875.2959859990515	1	0	1	1.150219194726117
300674.2500337591	2000.0	1201.0459522397996	0.0	0	0.0	1875.2959859990515	1	0	1	1.843366375286062
2.77	2.2	3.05	1.8	1.87	2.27	3.03	1.78	1.4	1.9	1.62	1.1	1.67	2.2	2.8	2.91	3.15	3.42	3.93	4.55	2.57	1.48	1.77	2.51	3.04	3.58	3.93	2.73	2.88	3.56	3.71	3.61	3.96	4.66	4.55	2.5	2.25	1.23	1.55	2.14	2.53	1.65	2.05	2.55	2.13	2.18	2.14	1.88	1.91	1.68	2.15	2.48	3.17	3.82	3.31	1.68	2.14	2.28	2.17	2.81	2.9	2.66	1.41	1.87	1.74	1.09	1.15	1.55	1.86	2.6	2.59	2.94	2.13	1.39	1.19	0.94	1.12	2.02	2.43	2.31	1.78	1.77	1.64	1.84	1.84	1.78	1.88	2.37	3.16	3.15	2.4	1.87	2.47	2.99	2.14	2.07	2.29	2.51	2.05	2.12	2.53	2.43	2.17	2.2	2.57	2.72	3.2	3.72	3.56	3.28	1.67	1.91	2.29	2.46	3.06	3.06	3.38	3.24	1.83	2.2	1.61	2.28	2.24	2.92	3.45	3.74	2.22	2.68	2.49	2.09	2.48	2.91	2.64	1.8	0.9	1.11	1.29	1.82	2.44	2.93	2.22	1.38	1.45	1.0	1.45	1.31	1.63	1.6	1.81	2.79	2.77	2.2	3.05	1.8	1.87	2.27	3.03	1.78	1.4	1.9	1.62	1.1	1.67	2.2	2.8	2.91	3.15	3.42	3.93	4.55	2.57	1.48	1.77	2.51	3.04	3.58	3.93	2.73	2.88	3.56	3.71	3.61	3.96	4.66	4.55	2.5	2.25	1.23	1.55	2.14	2.53	1.65	2.05	2.55	2.13	2.18	2.14	1.88	1.91	1.68	2.15	2.48	3.17	3.82	3.31	1.68	2.14	2.28	2.17	2.81	2.9	2.66	1.41	1.87	1.74	1.09	1.15	1.55	1.86	2.6	2.59	2.94	2.13	1.39	1.19	0.94	1.12	2.02	2.43	2.31	1.78	1.77	1.64	1.84	1.84	1.78	1.88	2.37	3.16	3.15	2.4	1.87	2.47	2.99	2.14	2.07	2.29	2.51	2.05	2.12	2.53	2.43	2.17	2.2	2.57	2.72	3.2	3.72	3.56	3.28	1.67	1.91	2.29	2.46	3.06	3.06	3.38	3.24	1.83	2.2	1.61	2.28	2.24	2.92	3.45	3.74	2.22	2.68	2.49	2.09	2.48	2.91	2.64	1.8	0.9	1.11	1.29	1.82	2.44	2.93	2.22	1.38	1.45	1.0	1.45	1.31	1.63	1.6	1.81	2.79	2.77
1.0	2.0	3.0	4.0	5.0	6.0	7.0	8.0	9.0	10.0	11.0	12.0	13.0	14.0	15.0	16.0	17.0	18.0	19.0	20.0	21.0	22.0	23.0	24.0	25.0	26.0	27.0	28.0	29.0	30.0	31.0	32.0	33.0	34.0	35.0	36.0	37.0	38.0	39.0	40.0	41.0	42.0	43.0	44.0	45.0	46.0	47.0	48.0	49.0	50.0	51.0	52.0	53.0	54.0	55.0	56.0	57.0	58.0	59.0	60.0	61.0	62.0	63.0	64.0	65.0	66.0	67.0	68.0	69.0	70.0	71.0	72.0	73.0	74.0	75.0	76.0	77.0	78.0	79.0	80.0	81.0	82.0	83.0	84.0	85.0	86.0	87.0	88.0	89.0	90.0	91.0	92.0	93.0	94.0	95.0	96.0	97.0	98.0	99.0	100.0	101.0	102.0	103.0	104.0	105.0	106.0	107.0	108.0	109.0	110.0	111.0	112.0	113.0	114.0	115.0	116.0	117.0	118.0	119.0	120.0	121.0	122.0	123.0	124.0	125.0	126.0	127.0	128.0	129.0	130.0	131.0	132.0	133.0	134.0	135.0	136.0	137.0	138.0	139.0	140.0	141.0	142.0	143.0	144.0	145.0	146.0	147.0	148.0	149.0	149.0	150.0	151.0	152.0	153.0	154.0	155.0	156.0	157.0	158.0	159.0	160.0	161.0	162.0	163.0	164.0	165.0	166.0	167.0	168.0	169.0	170.0	171.0	172.0	173.0	174.0	175.0	176.0	177.0	178.0	179.0	180.0	181.0	182.0	183.0	184.0	185.0	186.0	187.0	188.0	189.0	190.0	191.0	192.0	193.0	194.0	195.0	196.0	197.0	198.0	199.0	200.0	201.0	202.0	203.0	204.0	205.0	206.0	207.0	208.0	209.0	210.0	211.0	212.0	213.0	214.0	215.0	216.0	217.0	218.0	219.0	220.0	221.0	222.0	223.0	224.0	225.0	226.0	227.0	228.0	229.0	230.0	231.0	232.0	233.0	234.0	235.0	236.0	237.0	238.0	239.0	240.0	241.0	242.0	243.0	244.0	245.0	246.0	247.0	248.0	249.0	250.0	251.0	252.0	253.0	254.0	255.0	256.0	257.0	258.0	259.0	260.0	261.0	262.0	263.0	264.0	265.0	266.0	267.0	268.0	269.0	270.0	271.0	272.0	273.0	274.0	275.0	276.0	277.0	278.0	279.0	280.0	281.0	282.0	283.0	284.0	285.0	286.0	287.0	288.0	289.0	290.0	291.0	292.0	293.0	294.0	295.0	296.0	297.0	298.0	298.0	299.0
2967.4588828672945
