5229.794177806474	300.0	2000.0	519.4716753490433	0	0.0	5229.794177806474	1	0	1	-4.269511156413235
6916.490662826135	1000.0	1313.3035149803386	0.0	0	0.0	5229.794177806474	1	0	1	-1.2558478452608925
7877.356492835281	500.0	1352.4376849711932	0.0	0	0.0	5229.794177806474	1	0	1	-1.4381694020548474
8452.350646219536	500.0	1777.4435315869387	0.0	0	0.0	5229.794177806474	1	0	1	-0.7450222214949014
9219.346539877624	500.0	2010.4476379288503	0.0	0	0.0	5229.794177806473	1	0	1	-0.7450222214949013
10035.047853967284	500.0	2194.7463238391897	0.0	0	0.0	5229.794177806473	1	0	1	-0.7450222214949013
10890.535352035798	1000.0	2339.258825770675	0.0	0	0.0	5229.794177806473	1	0	1	-0.7450222214949016
12788.851488268701	2000.0	1251.1110759144817	0.0	0	0.0	5039.962564183183	1	0	2	-0.32660748450243005
13204.547454468637	500.0	1835.415109714546	0.0	0	0.0	5039.962564183182	1	0	1	-2.1730610433833855
14237.050506341247	1000.0	1802.9120578419336	0.0	0	0.0	5039.962564183181	1	0	1	-0.5867666822634937
15428.723613554563	1000.0	1611.238950628617	0.0	0	0.0	5039.962564183181	1	0	1	0.10638049829645183
15941.455944799587	500.0	2098.5066193835946	0.0	0	0.0	5039.962564183181	1	0	1	-1.2799138628234388
17064.543651306292	1000.0	1975.4189128768878	0.0	0	0.0	5039.962564183181	1	0	1	-0.5867666822634934
18588.960747562545	1000.0	1451.001816620634	0.0	0	0.0	5039.962564183181	1	0	1	0.10638049829645121
19259.209264159348	500.0	1780.753300023835	0.0	0	0.0	5039.962564183186	1	0	1	-1.2799138628234403
20336.80423159891	1000.0	1595.3988358403103	0.0	0	0.0	4932.2030674392245	1	0	2	-0.9230225918534734
21530.537513796065	1000.0	1401.6655536431572	0.0	0	0.0	4932.203067439226	1	0	1	-0.009425792638026731
21913.279118964347	500.0	2018.9239484748778	0.0	0	0.0	4932.203067439226	1	0	1	-1.1957201537579176
23273.513754736134	2000.0	1522.6658491259132	0.0	0	0.0	4796.179603862045	1	0	2	-0.8290765910453963
24463.23956344282	1000.0	1332.9400404192284	0.0	0	0.0	4796.179603862045	1	0	1	-0.6024690299566091
25541.91469079135	1000.0	1254.2649130706957	0.0	0	0.0	4796.179603862045	1	0	1	0.29067815060333624
26121.228900349673	500.0	1674.9507035123727	0.0	0	0.0	4796.179603862045	1	0	1	-1.0956162105165546
27192.13143915415	1000.0	1604.0481647078936	0.0	0	0.0	4796.179603862045	1	0	1	-0.40246902995660916
27599.567307383048	500.0	2196.61229647899	0.0	0	0.0	4796.179603862045	1	0	1	-1.0956162105165546
29531.906721924635	2000.0	1071.0389404832458	0.0	0	0.0	4602.945662407892	1	0	2	-0.6978837638131983
30226.08920364816	1000.0	1376.856458759718	0.0	0	0.0	4602.945662407892	1	0	1	-0.4724197223552493
31187.371039661608	2000.0	1319.446439144924	0.0	0	0.0	4506.817478806541	1	0	2	0.0652615778149842
31962.340648564736	2000.0	1466.9798693514842	0.0	0	0.0	4429.320517916232	1	0	2	1.0066997461071
33938.22633639128	2000.0	293.50561274229364	0.0	0	0.0	4231.7319491335875	1	0	2	1.0934942821744793
34319.12750910598	500.0	912.6044400275944	0.0	0	0.0	4231.7319491335875	1	0	1	-1.6486096285959955
35072.56444901546	1000.0	1159.1675001181156	0.0	0	0.0	4231.731949133591	1	0	1	-0.06231526747610497
35923.248284639325	1000.0	1308.483664494245	0.0	0	0.0	4231.731949133584	1	0	1	0.6308319130838428
36993.210248570664	1000.0	1238.5217005629045	0.0	0	0.0	4231.73194913358	1	0	1	0.6308319130838442
37523.972308092925	500.0	1707.7596410406372	0.0	0	0.0	4231.73194913358	1	0	1	-0.755462448036045
38705.45097791296	1000.0	1526.2809712206072	0.0	0	0.0	4231.73194913358	1	0	1	-0.06231526747609939
39416.878429218006	500.0	1814.8535199155567	0.0	0	0.0	4231.73194913358	1	0	1	-0.755462448036045
40252.62301611965	1000.0	1979.108933013906	0.0	0	0.0	4231.73194913358	1	0	1	-0.06231526747609939
41349.05252676594	1000.0	1882.6794223676159	0.0	0	0.0	4231.73194913358	1	0	1	0.630831913083846
42226.66093347393	1000.0	2005.0710156596258	0.0	0	0.0	4231.73194913358	1	0	1	0.630831913083846
44109.07624795635	1000.0	1122.6557011772115	0.0	0	0.0	4231.73194913358	1	0	1	0.630831913083846
44566.78286692392	500.0	1664.9490822096425	0.0	0	0.0	4231.73194913358	1	0	1	-0.755462448036045
46067.78784302136	1000.0	1163.9441061122022	0.0	0	0.0	4231.73194913358	1	0	1	-0.06231526747609939
46689.67721561215	500.0	1542.0547335214114	0.0	0	0.0	4231.731949133573	1	0	1	-0.7554624480360406
47636.736088577316	1000.0	1594.9958605562406	0.0	0	0.0	4231.731949133573	1	0	1	-0.062315267476095226
48857.401023952814	1000.0	1374.3309251807482	0.0	0	0.0	4231.731949133573	1	0	1	0.6308319130838501
49540.27611147014	500.0	1691.4558376634186	0.0	0	0.0	4231.731949133573	1	0	1	-0.7554624480360406
51038.844400525486	1000.0	1192.8875486080842	0.0	0	0.0	4231.731949133573	1	0	1	-0.062315267476095226
51662.85210968351	500.0	1568.8798394500543	0.0	0	0.0	4231.731949133573	1	0	1	-0.7554624480360406
53073.75935900615	1000.0	1157.9725901274144	0.0	0	0.0	4231.731949133573	1	0	1	-0.062315267476095226
53747.59837010628	500.0	1484.1335790272876	0.0	0	0.0	4231.731949133573	1	0	1	-0.7554624480360406
54713.00454371175	1000.0	1518.7274054218183	0.0	0	0.0	4231.731949133573	1	0	1	-0.062315267476095226
56044.92317970987	1000.0	1186.8087694236935	0.0	0	0.0	4231.731949133573	1	0	1	0.6308319130838501
56629.85556120907	500.0	1601.8763879244875	0.0	0	0.0	4231.731949133573	1	0	1	-0.7554624480360406
57519.49744592256	1000.0	1712.2345032109997	0.0	0	0.0	4231.731949133566	1	0	1	-0.06231526747609184
58509.676074725656	1000.0	1722.0558744079024	0.0	0	0.0	4231.731949133566	1	0	1	0.6308319130838536
59717.790934050274	1000.0	1513.941015083282	0.0	0	0.0	4231.731949133566	1	0	1	0.6308319130838536
60735.66793758351	1000.0	1496.0640115500523	0.0	0	0.0	4231.731949133566	1	0	1	0.6308319130838536
61438.112828719466	1000.0	1793.6191204140925	0.0	0	0.0	4231.731949133558	1	0	1	0.6308319130838571
63589.86129098054	2000.0	426.69581192691066	0.0	0	0.0	4016.557102907449	1	0	2	0.30431483414874166
64056.15687972355	500.0	960.4002231839036	0.0	0	0.0	4016.557102907449	1	0	1	-1.549387449973022
64892.27717991999	1000.0	1124.27992298747	0.0	0	0.0	4016.557102907449	1	0	1	0.036906911146868726
65739.928767295	1000.0	1276.6283356124566	0.0	0	0.0	4016.557102907449	1	0	1	0.7300540917068135
66688.88617996711	1000.0	1327.67092294034	0.0	0	0.0	4016.557102907449	1	0	1	0.7300540917068117
67951.24415033648	1000.0	1065.3129525709642	0.0	0	0.0	4016.5571029074345	1	0	1	0.7300540917068173
68409.72366396614	500.0	1606.8334389412926	0.0	0	0.0	4016.55710290742	1	0	1	-0.6562402694130643
68943.75073750147	1000.0	2072.8063654059606	0.0	0	0.0	4016.55710290742	1	0	1	0.03690691114688116
70651.94721645124	2000.0	1193.7902385612244	0.0	0	0.0	3845.737455012466	1	0	2	0.38155820801095375
71455.84573459456	1000.0	1389.8917204179008	0.0	0	0.0	3845.737455012466	1	0	1	-0.09501818626091096
72507.34256951544	1000.0	1338.3948854970197	0.0	0	0.0	3845.737455012466	1	0	1	0.7981289942990344
73156.65026581593	500.0	1689.0871891965292	0.0	0	0.0	3845.737455012466	1	0	1	-0.5881653668208564
74077.30211050458	1000.0	1768.4353445078818	0.0	0	0.0	3845.737455012466	1	0	1	0.10498181373908899
75208.11868693146	1000.0	1637.6187680810121	0.0	0	0.0	3845.737455012466	1	0	1	0.7981289942990344
75743.3656994756	1000.0	2102.3717555368557	0.0	0	0.0	3845.737455012466	1	0	1	0.7981289942990344
76781.82394283544	2000.0	1960.0676878410436	0.0	0	0.0	3741.8916306764877	1	0	2	0.42681360999149914
77921.8430517304	2000.0	1706.0466680565994	0.0	0	0.0	3627.8897197869956	1	0	2	1.354622611391506
78755.371459909	1000.0	1872.518259877976	0.0	0	0.0	3627.889719786981	1	0	1	-0.020581085223362827
80287.7266264097	1000.0	1340.163093377296	0.0	0	0.0	3627.889719786981	1	0	1	0.8725660953365824
80927.57181494364	500.0	1700.3179048433417	0.0	0	0.0	3627.8897197869665	1	0	1	-0.513728265783304
81884.58612823384	1000.0	1743.3035915531368	0.0	0	0.0	3627.8897197869665	1	0	1	0.1794189147766415
82695.47291987961	1000.0	1932.4167999073727	0.0	0	0.0	3627.8897197869665	1	0	1	0.8725660953365868
83695.25515659469	1000.0	1932.6345631922927	0.0	0	0.0	3627.8897197869665	1	0	1	0.8725660953365868
85047.41175717347	1000.0	1580.4779626135298	0.0	0	0.0	3627.8897197869665	1	0	1	0.8725660953365868
87018.27416188204	1000.0	609.6155579049556	0.0	0	0.0	3627.8897197869665	1	0	1	0.8725660953365868
87553.97309088628	500.0	1073.9166289007203	0.0	0	0.0	3627.8897197869665	1	0	1	-0.513728265783304
88410.25151814806	500.0	1217.6382016389327	0.0	0	0.0	3627.889719786952	1	0	1	0.17941891477664595
89160.17752006436	500.0	1467.7121997226125	0.0	0	0.0	3627.889719786952	1	0	1	0.17941891477664595
90848.14523362786	1000.0	779.7444861591127	0.0	0	0.0	3627.889719786952	1	0	1	0.1794189147766461
91621.18962073025	500.0	1006.7000990567115	0.0	0	0.0	3627.889719786952	1	0	1	-0.5137282657832992
92231.68763973957	500.0	1396.2020800473954	0.0	0	0.0	3627.8897197869373	1	0	1	0.17941891477665062
93421.26216445545	1000.0	1206.6275553315356	0.0	0	0.0	3627.889719786952	1	0	1	0.1794189147766461
93892.16664990774	1000.0	1735.7230698792546	0.0	0	0.0	3627.8897197869665	1	0	1	0.8725660953365868
94547.20598791656	1000.0	2080.6837318704193	0.0	0	0.0	3627.8897197869665	1	0	1	0.8725660953365868
95526.35091675416	1000.0	2101.5388030328136	0.0	0	0.0	3627.889719786952	1	0	1	0.8725660953365915
96829.08301684799	1000.0	1798.8067029389852	0.0	0	0.0	3627.889719786952	1	0	1	0.8725660953365915
98652.66630574859	1000.0	975.2234140383774	0.0	0	0.0	3627.8897197869373	1	0	1	0.872566095336596
99404.80784978495	500.0	1223.0818700020168	0.0	0	0.0	3627.8897197869373	1	0	1	-0.5137282657832948
100440.8244369113	1000.0	1187.0652828756592	0.0	0	0.0	3627.8897197869373	1	0	1	0.17941891477665062
100906.22169264787	500.0	1721.6680271390708	0.0	0	0.0	3627.8897197869373	1	0	1	-0.5137282657832948
102342.3994523397	1000.0	1285.4902674472378	0.0	0	0.0	3627.8897197869373	1	0	1	0.17941891477665062
103501.64864225718	1000.0	1126.2410775297735	0.0	0	0.0	3627.8897197869373	1	0	1	0.872566095336596
104168.84932919564	500.0	1459.0403905913147	0.0	0	0.0	3627.889719786923	1	0	1	-0.5137282657832903
105511.47297881349	1000.0	1116.4167409734753	0.0	0	0.0	3627.889719786923	1	0	1	0.17941891477665514
106183.1640794717	500.0	1444.7256403152421	0.0	0	0.0	3627.889719786923	1	0	1	-0.5137282657832903
107152.68789055316	1000.0	1475.201829233781	0.0	0	0.0	3627.889719786923	1	0	1	0.17941891477665514
108897.87460171615	1000.0	730.0151180707928	0.0	0	0.0	3627.889719786923	1	0	1	0.8725660953366006
109666.82579580593	500.0	961.0639239810085	0.0	0	0.0	3627.889719786923	1	0	1	-0.5137282657832903
110268.8491515141	500.0	1359.040568272839	0.0	0	0.0	3627.889719786923	1	0	1	0.17941891477665511
111741.05632216905	1000.0	886.8333976178988	0.0	0	0.0	3627.889719786923	1	0	1	0.17941891477665514
112224.84297697792	500.0	1403.046742809028	0.0	0	0.0	3627.889719786923	1	0	1	-0.5137282657832903
113364.58873005498	1000.0	1263.3009897319778	0.0	0	0.0	3627.889719786923	1	0	1	0.17941891477665514
114601.55238714932	1000.0	1026.337332637634	0.0	0	0.0	3627.8897197869082	1	0	1	0.8725660953366052
115560.1298903877	500.0	1067.7598293992514	0.0	0	0.0	3627.8897197869082	1	0	1	-0.5137282657832859
116430.74923487898	500.0	1197.140484907973	0.0	0	0.0	3627.8897197869082	1	0	1	0.17941891477665964
117184.1874917867	500.0	1443.7022280002689	0.0	0	0.0	3627.8897197869082	1	0	1	0.17941891477665964
117630.25628877258	500.0	1997.6334310143736	0.0	0	0.0	3627.8897197869082	1	0	1	0.17941891477665964
118558.74234107345	1000.0	2069.1473787135033	0.0	0	0.0	3627.8897197869082	1	0	1	0.17941891477665972
119211.60520952886	1000.0	2416.28451025809	0.0	0	0.0	3627.889719786923	1	0	1	0.8725660953366006
119903.4320042335	1000.0	2724.457715553451	0.0	0	0.0	3627.889719786923	1	0	1	0.8725660953366006
122861.21151122125	2000.0	470.90025786693604	0.0	0	0.0	3332.1117690881365	1	0	2	0.5278782735808493
123709.93938322694	500.0	622.1723858612465	0.0	0	0.0	3332.1117690881365	1	0	1	-1.3251582477365973
124176.40058921334	500.0	1155.7111798748667	0.0	0	0.0	3332.1117690881365	1	0	1	0.26113611338329396
125541.51147984191	1000.0	790.6002892463023	0.0	0	0.0	3332.1117690881365	1	0	1	0.261136113383294
126104.62031029815	500.0	1227.4914587900373	0.0	0	0.0	3332.1117690881365	1	0	1	-0.4320110671766514
127021.08263561282	1000.0	1311.0291334753642	0.0	0	0.0	3332.1117690881365	1	0	1	0.261136113383294
127620.7443730037	1000.0	1711.3673960844749	0.0	0	0.0	3332.1117690881365	1	0	1	0.9542832939432394
128481.75008643961	1000.0	1850.3616826485631	0.0	0	0.0	3332.111769088151	1	0	1	0.9542832939432357
129758.53981474884	2000.0	1573.5719543393366	0.0	0	0.0	3332.111769088151	1	0	1	0.9542832939432357
130544.12776067626	1000.0	1787.9840084119253	0.0	0	0.0	3332.111769088151	1	0	1	0.2611361133832907
131609.55332066098	1000.0	1722.5584484272067	0.0	0	0.0	3332.111769088151	1	0	1	0.9542832939432373
132899.79008198858	1000.0	1432.3216870996298	0.0	0	0.0	3332.1117690881656	1	0	1	0.9542832939432324
133883.46044784065	1000.0	1448.651321247572	0.0	0	0.0	3332.11176908818	1	0	1	0.9542832939432295
134802.197603002	1000.0	1529.9141660862053	0.0	0	0.0	3332.1117690881656	1	0	1	0.9542832939432324
135569.1121143245	1000.0	1762.9996547636965	0.0	0	0.0	3332.1117690881656	1	0	1	0.9542832939432324
136781.54569272784	1000.0	1550.5660763603505	0.0	0	0.0	3332.1117690881656	1	0	1	0.9542832939432324
138109.2564634252	1000.0	1222.8553056629303	0.0	0	0.0	3332.1117690881656	1	0	1	0.9542832939432324
138974.451640223	1000.0	1357.6601288651298	0.0	0	0.0	3332.1117690881656	1	0	1	0.9542832939432324
140126.49995645933	1000.0	1205.6118126287831	0.0	0	0.0	3332.1117690881656	1	0	1	0.9542832939432324
140961.13602721092	1000.0	1370.9757418772112	0.0	0	0.0	3332.1117690881656	1	0	1	0.9542832939432324
142132.7519377131	1000.0	1199.3598313750354	0.0	0	0.0	3332.1117690881947	1	0	1	0.9542832939432253
143526.51478836878	1000.0	805.5969807193754	0.0	0	0.0	3332.1117690881947	1	0	1	0.9542832939432253
144270.57349106885	500.0	1061.5382780193052	0.0	0	0.0	3332.111769088224	1	0	1	-0.4320110671766725
144807.5375072653	500.0	1524.5742618228637	0.0	0	0.0	3332.111769088224	1	0	1	0.2611361133832728
146558.06258609306	1000.0	774.0491829951116	0.0	0	0.0	3332.111769088224	1	0	1	0.2611361133832729
147177.63524488237	500.0	1154.4765242057847	0.0	0	0.0	3332.1117690881947	1	0	1	-0.4320110671766654
147964.3152233226	500.0	1367.796545765597	0.0	0	0.0	3332.111769088224	1	0	1	0.2611361133832728
148894.57941020236	500.0	1437.5323588858319	0.0	0	0.0	3332.111769088224	1	0	1	0.2611361133832728
149612.82392350098	500.0	1719.2878455872099	0.0	0	0.0	3332.111769088224	1	0	1	0.2611361133832728
151004.91864491312	1000.0	1327.1931241750694	0.0	0	0.0	3332.111769088224	1	0	1	0.2611361133832729
151992.18778561798	500.0	1339.9239834702248	0.0	0	0.0	3332.111769088224	1	0	1	-0.4320110671766725
152683.28879254928	500.0	1648.8229765389099	0.0	0	0.0	3332.111769088224	1	0	1	0.2611361133832728
154030.32869281128	1000.0	1301.7830762769327	0.0	0	0.0	3332.111769088253	1	0	1	0.2611361133832657
154537.1816635495	500.0	1794.9301055387143	0.0	0	0.0	3332.111769088224	1	0	1	-0.4320110671766725
155877.00992105698	1000.0	1455.1018480312473	0.0	0	0.0	3332.111769088224	1	0	1	0.2611361133832729
156488.93251776634	500.0	1843.179251321903	0.0	0	0.0	3332.111769088224	1	0	1	-0.4320110671766725
158121.5450021958	1000.0	1210.5667668924398	0.0	0	0.0	3332.111769088224	1	0	1	0.2611361133832729
158686.48997366612	500.0	1645.6217954221272	0.0	0	0.0	3332.111769088224	1	0	1	-0.4320110671766725
159808.50220603528	1000.0	1523.6095630529683	0.0	0	0.0	3332.111769088224	1	0	1	0.2611361133832729
160627.28543019446	1000.0	1704.8263388937892	0.0	0	0.0	3332.111769088253	1	0	1	0.9542832939432125
161511.59237444834	1000.0	1820.5193946399195	0.0	0	0.0	3332.111769088253	1	0	1	0.9542832939432111
162586.16342284868	1000.0	1745.948346239603	0.0	0	0.0	3332.111769088311	1	0	1	0.9542832939431999
163753.46174847966	1000.0	1578.650020608622	0.0	0	0.0	3332.111769088311	1	0	1	0.9542832939431971
164711.1750813365	1000.0	1620.9366877518041	0.0	0	0.0	3332.111769088311	1	0	1	0.9542832939431971
165598.38430556422	1000.0	1733.7274635240803	0.0	0	0.0	3332.111769088311	1	0	1	0.9542832939431971
166612.48408267714	1000.0	1719.627686411187	0.0	0	0.0	3332.111769088311	1	0	1	0.9542832939431971
167754.10201678643	1000.0	1578.0097523018824	0.0	0	0.0	3332.111769088311	1	0	1	0.9542832939431986
168628.11289631427	1000.0	1703.9988727740658	0.0	0	0.0	3332.11176908834	1	0	1	0.95428329394319
169346.4785265649	1000.0	1985.6332425234332	0.0	0	0.0	3332.11176908834	1	0	1	0.95428329394319
170401.9314850623	1000.0	1930.1802840260266	0.0	0	0.0	3332.11176908834	1	0	1	0.95428329394319
171056.28669103613	1000.0	2275.825078052193	0.0	0	0.0	3332.11176908834	1	0	1	0.95428329394319
171974.77445906706	1000.0	2357.3373100212584	0.0	0	0.0	3332.1117690883693	1	0	1	0.9542832939431829
173361.33660186396	1000.0	1970.775167224374	0.0	0	0.0	3332.1117690883984	1	0	1	0.95428329394318
174052.65891475437	1000.0	2279.452854333987	0.0	0	0.0	3332.1117690883984	1	0	1	0.9542832939431758
175089.6915704422	1000.0	2242.42019864615	0.0	0	0.0	3332.1117690883984	1	0	1	0.9542832939431758
176294.46221501703	1000.0	2037.6495540713004	0.0	0	0.0	3332.1117690883984	1	0	1	0.9542832939431758
177535.41405879095	1000.0	1796.6977102973729	0.0	0	0.0	3332.1117690883693	1	0	1	0.95428329394318
178298.95367540928	1000.0	2033.158093679058	0.0	0	0.0	3332.1117690883984	1	0	1	0.9542832939431758
179442.40109764264	2000.0	1775.3659292223738	0.0	0	0.0	3217.767026865098	1	0	2	0.5749688162298999
180141.79670479294	2000.0	2075.9703220720794	0.0	0	0.0	3217.767026865098	1	0	1	1.4738430457863005
181397.8755598585	2000.0	1819.8914670064714	0.0	0	0.0	3217.767026865098	1	0	1	1.6738430457863007
183368.69695621627	2000.0	849.0700706487238	0.0	0	0.0	3217.7670268651273	1	0	1	1.6738430457862994
184452.9857654073	1000.0	764.7812614577019	0.0	0	0.0	3217.7670268651564	1	0	1	0.2875486846663975
185223.60955286317	1000.0	994.1574740018152	0.0	0	0.0	3217.7670268651273	1	0	1	0.980695865226344
186146.44771691575	1000.0	1071.3193099492269	0.0	0	0.0	3217.7670268651564	1	0	1	0.9806958652263427
187080.98374678526	1000.0	1136.7832800797003	0.0	0	0.0	3217.7670268651564	1	0	1	0.9806958652263427
188588.36976970936	1000.0	629.3972571556062	0.0	0	0.0	3217.7670268651855	1	0	1	0.9806958652263389
189027.17534892663	500.0	1190.5916779383235	0.0	0	0.0	3217.7670268651855	1	0	1	-0.40559849589355446
190363.8452701213	1000.0	853.9217567436708	0.0	0	0.0	3217.7670268651855	1	0	1	0.28754868466639094
190970.48233902818	500.0	1247.2846878368143	0.0	0	0.0	3217.7670268651564	1	0	1	-0.40559849589354824
192390.1070850806	1000.0	827.6599417843865	0.0	0	0.0	3217.7670268651855	1	0	1	0.2875486846663947
193083.63846114065	500.0	1134.1285657243668	0.0	0	0.0	3217.7670268652146	1	0	1	-0.405598495893561
194571.87290793905	1000.0	645.8941189259717	0.0	0	0.0	3217.7670268651855	1	0	1	0.28754868466639094
195190.96940248366	500.0	1026.7976243813505	0.0	0	0.0	3217.7670268652437	1	0	1	-0.4055984958935623
195648.86940554265	500.0	1568.8976213223732	0.0	0	0.0	3217.7670268652437	1	0	1	0.28754868466637806
196927.7022921027	1000.0	1290.0647347623212	0.0	0	0.0	3217.7670268652437	1	0	1	0.2875486846663782
198030.9093143276	1000.0	1186.8577125374309	0.0	0	0.0	3217.7670268652437	1	0	1	0.9806958652263236
198745.77179862192	500.0	1471.9952282431448	0.0	0	0.0	3217.767026865273	1	0	1	-0.4055984958935738
200341.81718190442	1000.0	875.9498449606626	0.0	0	0.0	3217.767026865302	1	0	1	0.2875486846663654
201119.40762750892	500.0	1098.3593993561817	0.0	0	0.0	3217.767026865302	1	0	1	-0.40559849589358
202214.24143428492	1000.0	1003.5255925801962	0.0	0	0.0	3217.767026865273	1	0	1	0.28754868466637173
202637.79381922688	500.0	1579.973207638237	0.0	0	0.0	3217.767026865273	1	0	1	-0.4055984958935738
203694.26869746688	1000.0	1523.4983293982314	0.0	0	0.0	3217.767026865273	1	0	1	0.28754868466637173
204661.59656058016	1000.0	1556.1704662849606	0.0	0	0.0	3217.767026865273	1	0	1	0.9806958652263171
205696.0982567816	1000.0	1521.6687700834966	0.0	0	0.0	3217.767026865273	1	0	1	0.9806958652263171
207113.0340569735	1000.0	1104.7329698915787	0.0	0	0.0	3217.767026865273	1	0	1	0.9806958652263171
207592.41423802936	500.0	1625.3527888356748	0.0	0	0.0	3217.767026865302	1	0	1	-0.40559849589358
208857.89012370456	1000.0	1359.8769031604882	0.0	0	0.0	3217.767026865331	1	0	1	0.28754868466635897
210041.1351538972	1000.0	1176.6318729678712	0.0	0	0.0	3217.767026865331	1	0	1	0.9806958652263044
210674.25554548716	1000.0	1543.5114813779137	0.0	0	0.0	3217.76702686536	1	0	1	0.980695865226298
211527.7752753924	1000.0	1689.9917514726242	0.0	0	0.0	3217.76702686536	1	0	1	0.980695865226298
212428.3092145768	1000.0	1789.4578122882042	0.0	0	0.0	3217.767026865331	1	0	1	0.9806958652263044
213579.422950554	1000.0	1638.3440763109918	0.0	0	0.0	3217.767026865331	1	0	1	0.9806958652263044
214749.62585928582	1000.0	1468.1411675791562	0.0	0	0.0	3217.767026865331	1	0	1	0.9806958652263044
215660.11182744807	1000.0	1557.6551994168876	0.0	0	0.0	3217.767026865331	1	0	1	0.9806958652263044
216701.4295242375	1000.0	1516.3375026275007	0.0	0	0.0	3217.767026865331	1	0	1	0.9806958652263044
217750.7748873351	1000.0	1466.992139529879	0.0	0	0.0	3217.767026865302	1	0	1	0.9806958652263108
218736.61184340122	1000.0	1481.1551834637767	0.0	0	0.0	3217.767026865331	1	0	1	0.9806958652263056
219780.14453624978	1000.0	1437.6224906152504	0.0	0	0.0	3217.76702686536	1	0	1	0.980695865226298
221228.95400880612	1000.0	988.8130180589017	0.0	0	0.0	3217.767026865389	1	0	1	0.9806958652262916
221919.3842637431	500.0	1298.3827631219065	0.0	0	0.0	3217.767026865389	1	0	1	-0.4055984958935993
223365.8466534076	1000.0	851.9203734573658	0.0	0	0.0	3217.76702686536	1	0	1	0.28754868466635264
223878.0728682833	500.0	1339.6941585816683	0.0	0	0.0	3217.76702686536	1	0	1	-0.40559849589359276
224749.71861697573	1000.0	1468.0484098892612	0.0	0	0.0	3217.767026865389	1	0	1	0.2875486846663462
225349.86130600778	1000.0	1867.9057208572513	0.0	0	0.0	3217.767026865389	1	0	1	0.9806958652262916
226315.69648823293	2000.0	1902.0705386321026	0.0	0	0.0	3217.76702686536	1	0	1	0.9806958652262978
227156.32097579175	1000.0	2061.4460510733006	0.0	0	0.0	3217.76702686536	1	0	1	0.28754868466635286
229201.17463731745	2000.0	1016.5923895476184	0.0	0	0.0	3217.76702686536	1	0	1	0.9806958652262978
229868.43608531897	500.0	1349.3309415461201	0.0	0	0.0	3217.767026865389	1	0	1	-1.0987456764535442
230566.43656091628	1000.0	1651.330465948832	0.0	0	0.0	3217.767026865389	1	0	1	0.2875486846663462
231256.9711629856	1000.0	1960.7958638795258	0.0	0	0.0	3217.767026865389	1	0	1	0.9806958652262865
232566.72614281546	1000.0	1651.0408840496823	0.0	0	0.0	3217.767026865389	1	0	1	0.9806958652262916
233740.93215435324	1000.0	1476.8348725119088	0.0	0	0.0	3217.767026865389	1	0	1	0.9806958652262916
235826.93780298083	1000.0	390.8292238843305	0.0	0	0.0	3217.767026865389	1	0	1	0.9806958652262916
236436.47903561807	500.0	781.2879912470588	0.0	0	0.0	3217.767026865389	1	0	1	-0.4055984958935993
236937.81642648278	500.0	1279.9506003823585	0.0	0	0.0	3217.767026865389	1	0	1	0.28754868466634614
238327.75741606994	1000.0	890.0096107951891	0.0	0	0.0	3217.767026865389	1	0	1	0.2875486846663514
239043.4580326095	500.0	1174.3089942556694	0.0	0	0.0	3217.767026865389	1	0	1	-0.4055984958935993
239776.4001692837	500.0	1441.3668575814686	0.0	0	0.0	3217.7670268654183	1	0	1	0.28754868466633976
241445.31505708396	1000.0	772.4519697811986	0.0	0	0.0	3217.7670268654474	1	0	1	0.28754868466633343
241964.34634317356	500.0	1253.4206836916223	0.0	0	0.0	3217.7670268654474	1	0	1	-0.4055984958936121
242520.16557279008	1000.0	1697.6014540751014	0.0	0	0.0	3217.7670268654474	1	0	1	0.28754868466633343
243135.34608927756	1000.0	2082.4209375876057	0.0	0	0.0	3217.7670268654474	1	0	1	0.9806958652262788
244710.98493875965	2000.0	1506.782088105504	0.0	0	0.0	3217.7670268654474	1	0	1	0.9806958652262789
245986.59324648566	1000.0	1231.1737803795104	0.0	0	0.0	3217.7670268654474	1	0	1	0.28754868466633365
246691.44219787425	500.0	1526.3248289909263	0.0	0	0.0	3217.7670268654474	1	0	1	-0.4055984958936121
248017.1834260753	1000.0	1200.583600789897	0.0	0	0.0	3217.7670268654765	1	0	1	0.2875486846663271
248766.27120804976	500.0	1451.4958188154362	0.0	0	0.0	3217.7670268655056	1	0	1	-0.40559849589362484
249990.05366688638	1000.0	1227.713359978839	0.0	0	0.0	3217.7670268655056	1	0	1	0.28754868466632066
250817.1467200381	500.0	1400.6203068271222	0.0	0	0.0	3217.7670268655347	1	0	1	-0.40559849589363106
251909.23271996676	1000.0	1308.5343068984469	0.0	0	0.0	3217.7670268655056	1	0	1	0.28754868466632066
252708.95419538065	1000.0	1508.812831484558	0.0	0	0.0	3217.7670268655056	1	0	1	0.9806958652262661
253766.62052266556	1000.0	1451.14650419967	0.0	0	0.0	3217.7670268655056	1	0	1	0.9806958652262661
255190.933228607	1000.0	1026.8337982582439	0.0	0	0.0	3217.7670268655347	1	0	1	0.9806958652262597
255747.84826286227	500.0	1469.9187640029572	0.0	0	0.0	3217.7670268655056	1	0	1	-0.40559849589362484
257658.81598671697	1000.0	558.9510401482605	0.0	0	0.0	3217.7670268655347	1	0	1	0.28754868466631434
258338.99562088386	500.0	878.7714059813837	0.0	0	0.0	3217.7670268655347	1	0	1	-0.40559849589363106
259039.77562812547	500.0	1177.9913987397504	0.0	0	0.0	3217.767026865564	1	0	1	0.28754868466630784
260128.8170286403	1000.0	1088.949998224918	0.0	0	0.0	3217.767026865564	1	0	1	0.2875486846663079
260718.20330294882	500.0	1499.563723916376	0.0	0	0.0	3217.767026865564	1	0	1	-0.4055984958936376
261897.3962127226	1000.0	1320.3708141425982	0.0	0	0.0	3217.767026865593	1	0	1	0.2875486846663014
263340.12389041093	1000.0	877.643136454291	0.0	0	0.0	3217.767026865593	1	0	1	0.9806958652262443
264056.4106625123	500.0	1161.3563643528985	0.0	0	0.0	3217.767026865593	1	0	1	-0.4055984958936479
265031.46564405836	500.0	1186.3013828068179	0.0	0	0.0	3217.767026865622	1	0	1	0.28754868466629374
265886.7593753129	500.0	1331.00765155231	0.0	0	0.0	3217.7670268656802	1	0	1	0.2875486846662822
266574.5872834824	500.0	1643.1797433827178	0.0	0	0.0	3217.7670268656802	1	0	1	0.2875486846662822
267216.73087770166	1000.0	2001.0361491635615	0.0	0	0.0	3217.7670268657384	1	0	1	0.2875486846662797
268016.2141285005	1000.0	2201.552898364729	0.0	0	0.0	3217.7670268657384	1	0	1	0.9806958652262149
268726.92901537387	1000.0	2490.8380114913894	0.0	0	0.0	3217.7670268657967	1	0	1	0.9806958652262021
270150.8558346128	2000.0	2066.911192252544	0.0	0	0.0	3217.767026865855	1	0	1	0.9806958652261892
271836.3040266656	1000.0	1381.4630001997612	0.0	0	0.0	3217.767026865855	1	0	1	0.28754868466624417
272417.22467273433	500.0	1800.542354130971	0.0	0	0.0	3217.767026865855	1	0	1	-0.40559849589370145
274044.6027780023	1000.0	1173.1642488629836	0.0	0	0.0	3217.767026865855	1	0	1	0.28754868466624395
274429.92521925725	500.0	1787.841807608001	0.0	0	0.0	3217.767026865913	1	0	1	-0.4055984958937142
275453.2519745736	1000.0	1764.5150522916583	0.0	0	0.0	3217.7670268659713	1	0	1	0.2875486846662184
276376.93620844797	1000.0	1840.8308184173086	0.0	0	0.0	3217.767026865913	1	0	1	0.9806958652261766
277252.9405575754	1000.0	1964.8264692898917	0.0	0	0.0	3217.767026865913	1	0	1	0.9806958652261664
277936.32463313226	1000.0	2281.4423937330553	0.0	0	0.0	3217.767026865913	1	0	1	0.9806958652261766
278923.70702290087	2000.0	2294.060003964464	0.0	0	0.0	3217.7670268659713	1	0	1	0.9806958652261637
280314.0864190731	2000.0	1903.6806077921965	0.0	0	0.0	3217.7670268659713	1	0	1	1.6738430457861089
281410.516320455	1000.0	1807.250706410334	0.0	0	0.0	3217.7670268659713	1	0	1	0.28754868466621863
282503.2489283992	1000.0	1714.5180984661845	0.0	0	0.0	3217.7670268659713	1	0	1	0.9806958652261638
283408.7847568782	1000.0	1808.9822699871984	0.0	0	0.0	3217.7670268659713	1	0	1	0.9806958652261638
284529.02225864603	1000.0	1688.744768219378	0.0	0	0.0	3217.767026865913	1	0	1	0.9806958652261715
285904.6257524747	1000.0	1313.1412743906626	0.0	0	0.0	3217.767026865913	1	0	1	0.9806958652261766
287008.68854955165	1000.0	1209.0784773137148	0.0	0	0.0	3217.767026865855	1	0	1	0.9806958652261893
288005.8114076157	1000.0	1211.955619249698	0.0	0	0.0	3217.767026865855	1	0	1	0.9806958652261893
289193.10466297186	1000.0	1024.6623638935823	0.0	0	0.0	3217.767026865913	1	0	1	0.9806958652261766
290169.6481629438	1000.0	1048.1188639217307	0.0	0	0.0	3217.767026865913	1	0	1	0.9806958652261766
291252.5966444543	1000.0	965.1703824112067	0.0	0	0.0	3217.767026865913	1	0	1	0.9806958652261868
291947.20714443387	500.0	1270.5598824316112	0.0	0	0.0	3217.767026865913	1	0	1	-0.4055984958937142
293076.6429879617	1000.0	1141.1240389038128	0.0	0	0.0	3217.767026865913	1	0	1	0.2875486846662312
294465.9534526325	1000.0	751.8135742330508	0.0	0	0.0	3217.7670268659713	1	0	1	0.9806958652261638
295355.8630302394	500.0	861.903996626104	0.0	0	0.0	3217.767026865913	1	0	1	-0.4055984958937219
296183.44834818423	500.0	1034.3186786813023	0.0	0	0.0	3217.767026865855	1	0	1	0.28754868466624395
297069.1954925497	500.0	1148.5715343158636	0.0	0	0.0	3217.767026865855	1	0	1	0.28754868466624395
297666.97437289235	500.0	1550.7926539732487	0.0	0	0.0	3217.767026865855	1	0	1	0.28754868466624395
299140.45437243767	1000.0	1077.3126544279328	0.0	0	0.0	3217.767026865855	1	0	1	0.28754868466624395
300095.22814174724	500.0	1122.5388851184084	0.0	0	0.0	3217.767026865855	1	0	1	-0.40559849589370145
301028.4400229495	500.0	1189.3270039161498	0.0	0	0.0	3217.7670268657967	1	0	1	0.28754868466625666
301954.41148559726	500.0	1263.355541268355	0.0	0	0.0	3217.7670268657967	1	0	1	0.28754868466625666
0.58	0.87	0.63	0.67	0.76	0.81	1.03	0.88	1.32	1.09	1.11	0.81	1.14	0.86	0.9	1.07	1.11	1.24	1.24	0.85	1.24	1.18	0.8	1.01	1.26	1.74	2.19	2.21	1.41	1.1	1.3	1.08	0.88	0.87	0.82	1.07	0.95	1.09	0.57	0.9	0.92	0.71	0.9	1.2	0.58	0.74	0.78	0.88	0.95	1.03	1.0	0.63	0.94	0.96	1.12	1.05	1.08	1.29	1.03	1.03	1.0	1.16	1.26	0.89	1.61	1.14	1.2	0.81	0.86	0.87	1.21	1.52	2.05	1.34	1.12	0.81	0.96	1.22	0.92	1.11	0.8	0.52	0.78	0.85	0.68	0.65	0.5	0.81	0.76	1.7	1.32	1.18	0.66	0.73	0.85	0.93	0.86	0.78	1.01	1.0	1.03	0.93	0.8	0.69	0.7	0.89	0.86	0.87	0.95	0.9	0.61	0.37	0.72	1.24	1.19	1.33	1.12	0.66	0.59	0.9	0.74	1.27	1.29	1.51	1.81	1.51	0.98	1.04	1.03	0.9	1.2	0.97	0.8	1.12	1.2	1.05	1.24	0.97	0.8	0.92	1.0	0.57	0.66	0.56	0.72	0.6	0.64	0.64	0.75	0.75	0.58	0.87	0.63	0.67	0.76	0.81	1.03	0.88	1.32	1.09	1.11	0.81	1.14	0.86	0.9	1.07	1.11	1.24	1.24	0.85	1.24	1.18	0.8	1.01	1.26	1.74	2.19	2.21	1.41	1.1	1.3	1.08	0.88	0.87	0.82	1.07	0.95	1.09	0.57	0.9	0.92	0.71	0.9	1.2	0.58	0.74	0.78	0.88	0.95	1.03	1.0	0.63	0.94	0.96	1.12	1.05	1.08	1.29	1.03	1.03	1.0	1.16	1.26	0.89	1.61	1.14	1.2	0.81	0.86	0.87	1.21	1.52	2.05	1.34	1.12	0.81	0.96	1.22	0.92	1.11	0.8	0.52	0.78	0.85	0.68	0.65	0.5	0.81	0.76	1.7	1.32	1.18	0.66	0.73	0.85	0.93	0.86	0.78	1.01	1.0	1.03	0.93	0.8	0.69	0.7	0.89	0.86	0.87	0.95	0.9	0.61	0.37	0.72	1.24	1.19	1.33	1.12	0.66	0.59	0.9	0.74	1.27	1.29	1.51	1.81	1.51	0.98	1.04	1.03	0.9	1.2	0.97	0.8	1.12	1.2	1.05	1.24	0.97	0.8	0.92	1.0	0.57	0.66	0.56	0.72	0.6	0.64	0.64	0.75	0.75	0.58	0.87
1.0	2.0	3.0	4.0	5.0	6.0	7.0	8.0	9.0	10.0	11.0	12.0	13.0	14.0	15.0	16.0	17.0	18.0	19.0	20.0	21.0	22.0	23.0	24.0	25.0	26.0	27.0	28.0	29.0	30.0	31.0	32.0	33.0	34.0	35.0	36.0	37.0	38.0	39.0	40.0	41.0	42.0	43.0	44.0	45.0	46.0	47.0	48.0	49.0	50.0	51.0	52.0	53.0	54.0	55.0	56.0	57.0	58.0	59.0	60.0	61.0	62.0	63.0	64.0	65.0	66.0	67.0	68.0	69.0	70.0	71.0	72.0	73.0	74.0	75.0	76.0	77.0	78.0	79.0	80.0	81.0	82.0	83.0	84.0	85.0	86.0	87.0	88.0	89.0	90.0	91.0	92.0	93.0	94.0	95.0	96.0	97.0	98.0	99.0	100.0	101.0	102.0	103.0	104.0	105.0	106.0	107.0	108.0	109.0	110.0	111.0	112.0	113.0	114.0	115.0	116.0	117.0	118.0	119.0	120.0	121.0	122.0	123.0	124.0	125.0	126.0	127.0	128.0	129.0	130.0	131.0	132.0	133.0	134.0	135.0	136.0	137.0	138.0	139.0	140.0	141.0	142.0	143.0	144.0	145.0	146.0	147.0	148.0	149.0	149.0	150.0	151.0	152.0	153.0	154.0	155.0	156.0	157.0	158.0	159.0	160.0	161.0	162.0	163.0	164.0	165.0	166.0	167.0	168.0	169.0	170.0	171.0	172.0	173.0	174.0	175.0	176.0	177.0	178.0	179.0	180.0	181.0	182.0	183.0	184.0	185.0	186.0	187.0	188.0	189.0	190.0	191.0	192.0	193.0	194.0	195.0	196.0	197.0	198.0	199.0	200.0	201.0	202.0	203.0	204.0	205.0	206.0	207.0	208.0	209.0	210.0	211.0	212.0	213.0	214.0	215.0	216.0	217.0	218.0	219.0	220.0	221.0	222.0	223.0	224.0	225.0	226.0	227.0	228.0	229.0	230.0	231.0	232.0	233.0	234.0	235.0	236.0	237.0	238.0	239.0	240.0	241.0	242.0	243.0	244.0	245.0	246.0	247.0	248.0	249.0	250.0	251.0	252.0	253.0	254.0	255.0	256.0	257.0	258.0	259.0	260.0	261.0	262.0	263.0	264.0	265.0	266.0	267.0	268.0	269.0	270.0	271.0	272.0	273.0	274.0	275.0	276.0	277.0	278.0	279.0	280.0	281.0	282.0	283.0	284.0	285.0	286.0	287.0	288.0	289.0	290.0	291.0	292.0	293.0	294.0	295.0	296.0	297.0	298.0	298.0	299.0	300.0
4181.901314774395
