4446.065740738459	300.0	2000.0	168.32822868175873	0	0.0	4446.065740738459	1	0	1	-1.6777230181125748
5119.154567684062	2000.0	2326.911173054397	0.0	0	0.0	4446.065740738459	1	0	1	-0.6881845676529199
6725.596562497737	3000.0	1559.8249787593556	0.0	0	0.0	4285.421541257093	1	0	2	0.8713336280611437
7648.7346309935365	2000.0	1544.3731034139767	0.0	0	0.0	4193.107734407513	1	0	2	0.7274708646295962
8732.306025570859	2000.0	1352.4445693789219	0.0	0	0.0	4084.750594949781	1	0	2	1.1800831400306708
9562.279114288105	2000.0	1439.4741717899512	0.0	0	0.0	4001.7532860780575	1	0	2	1.2214815121355598
10124.219359322859	2000.0	1877.5339267551974	0.0	0	0.0	4001.7532860780566	1	0	1	1.2294619625067058
10672.955122308476	2000.0	2328.798163769579	0.0	0	0.0	4001.7532860780566	1	0	1	1.429461962506706
12210.262371117762	3000.0	1637.7601900793643	0.0	0	0.0	3848.022561197129	1	0	2	1.0728819872027435
13359.069777965555	2000.0	1374.0720425467941	0.0	0	0.0	3733.1418205123537	1	0	2	0.9166222332850154
13970.351308629351	2000.0	1762.7905118829995	0.0	0	0.0	3733.1418205123537	1	0	1	1.3313896795203695
14667.501537482076	2000.0	2065.640283030274	0.0	0	0.0	3733.1418205123537	1	0	1	1.5313896795203696
15203.124490336128	2000.0	2476.4550348908174	0.0	0	0.0	3679.579525226947	1	0	2	1.1452310543895594
16137.607706466379	3000.0	2448.5234971475397	0.0	0	0.0	3586.1312036139225	1	0	2	1.3713034390272052
17202.073399095374	3000.0	2277.6112352556443	0.0	0	0.0	3479.6846343510224	1	0	2	1.8072480511835836
18194.529428053556	3000.0	2185.9096034016434	0.0	0	0.0	3380.4390314552056	1	0	2	1.8347204524177207
19003.727685447935	3000.0	2295.791520267823	0.0	0	0.0	3299.5192057157637	1	0	2	1.8556071379145835
19603.290680296945	3000.0	2636.2722259339143	0.0	0	0.0	3239.5629062308653	1	0	2	1.8709094426510342
20369.60811994517	3000.0	2793.32304232087	0.0	0	0.0	3162.931162266046	1	0	2	1.8866235945886598
21200.0	3000.0	2879.891974260557	0.0	0	132.26878527917142	3079.891974260565	1	0	2	1.9023063678119172
22200.0	3000.0	2779.8919742605585	0.0	0	237.41216990712564	2979.8919742605613	1	0	2	1.9199244006060934
23628.73930351525	6000.0	2351.15267074531	0.0	0	0.0	2979.8919742605613	1	0	1	1.926372857038603
25047.14649286008	3000.0	1790.9047624659954	0.0	0	0.0	2838.0512553260814	1	0	2	1.0510053436167914
25724.389111651384	2000.0	2045.9378817955603	0.0	0	0.0	2770.3269934469536	1	0	2	1.1466767787458365
26577.673952663252	2000.0	2192.653040783691	0.0	0	0.0	2770.3269934469536	1	0	1	1.5547536045653705
27509.0826600227	2000.0	2261.244333424241	0.0	0	0.0	2770.3269934469536	1	0	1	1.7547536045653707
28260.131035356917	2000.0	2510.1959580900243	0.0	0	0.0	2770.32699344695	1	0	1	1.754753604565371
29200.0	2000.0	2570.3269934469436	0.0	0	176.11501102538386	2770.32699344695	1	0	1	1.754753604565371
30429.86983677955	2000.0	2340.4571566673926	0.0	0	0.0	2770.32699344695	1	0	1	1.754753604565371
31666.390125261812	2000.0	2103.9368681851347	0.0	0	0.0	2770.3269934469536	1	0	1	1.7547536045653707
32624.76468608228	1000.0	2145.562307364672	0.0	0	0.0	2770.3269934469536	1	0	1	0.3684592434454804
33506.27263570503	2000.0	2264.0543577419244	0.0	0	0.0	2770.3269934469536	1	0	1	1.0616064240054253
34764.88537639146	2000.0	2005.4416170554919	0.0	0	0.0	2770.326993446957	1	0	1	1.7547536045653702
35600.79187283746	1000.0	2169.5351206095056	0.0	0	0.0	2770.3269934469718	1	0	1	0.36845924344547865
36472.99536070519	2000.0	2297.3316327417792	0.0	0	0.0	2770.326993446979	1	0	1	1.0616064240054217
37492.34289914126	2000.0	2277.984094305706	0.0	0	0.0	2770.326993446979	1	0	1	1.7547536045653669
38244.406866769146	2000.0	2525.9201266778173	0.0	0	0.0	2770.3269934469863	1	0	1	1.7547536045653658
39343.487603695685	3000.0	2316.931316058619	0.0	0	0.0	2660.4189197543237	1	0	2	1.3661080961682972
40489.69459398253	3000.0	2056.1036267430873	0.0	0	0.0	2545.7982207256355	1	0	2	1.9854569545730194
41496.0670630914	2000.0	2049.731157634219	0.0	0	0.0	2545.7982207256355	1	0	1	1.1789701691121015
42650.94882203468	2000.0	1894.849398690932	0.0	0	0.0	2545.7982207256355	1	0	1	1.7844352772202663
43489.94376112393	2000.0	2055.8544596016886	0.0	0	0.0	2545.7982207256428	1	0	1	1.7844352772202654
44200.0	2000.0	2345.798220725611	0.0	0	64.29969586829247	2545.7982207256355	1	0	1	1.7844352772202663
45200.0	2000.0	2345.7982207256105	0.0	0	350.62966838635475	2545.798220725628	1	0	1	1.7844352772202674
46200.0	2000.0	2345.79822072561	0.0	0	267.9517158616727	2545.798220725628	1	0	1	1.7844352772202674
47200.0	3000.0	2245.7982207256155	0.0	0	37.11987690599926	2445.7982207256355	1	0	2	1.3927040402099822
49019.15760010391	3000.0	1244.7248606113196	0.0	0	0.0	2263.882460715249	1	0	2	2.013881047111423
50325.59733722081	2000.0	938.2851234944281	0.0	0	0.0	2263.882460715249	1	0	1	1.2083809874127778
51208.68421749991	2000.0	1055.1982432153238	0.0	0	0.0	2263.882460715249	1	0	1	1.8138460955209426
52219.98517236361	2000.0	1043.8972883516171	0.0	0	0.0	2263.882460715249	1	0	1	1.8138460955209426
53214.64517285148	2000.0	1049.2372878637393	0.0	0	0.0	2263.882460715249	1	0	1	1.8138460955209426
54433.37670722626	2000.0	830.505753488947	0.0	0	0.0	2263.882460715249	1	0	1	1.8138460955209426
55715.604677400544	2000.0	548.2777833146567	0.0	0	0.0	2263.882460715249	1	0	1	1.8138460955209426
56491.4475671795	1000.0	772.4348935357044	0.0	0	0.0	2263.882460715249	1	0	1	0.42755173440105243
57401.111597430005	2000.0	862.7708632851993	0.0	0	0.0	2263.882460715249	1	0	1	1.1206989149609974
58392.11152690623	2000.0	871.7709338089749	0.0	0	0.0	2263.8824607152565	1	0	1	1.8138460955209421
58880.53672317483	1000.0	1383.3457375403814	0.0	0	0.0	2263.8824607152565	1	0	1	0.42755173440105176
59926.72578073666	2000.0	1337.156679978546	0.0	0	0.0	2263.8824607152565	1	0	1	1.120698914960997
61135.60278476679	2000.0	1128.2796759484227	0.0	0	0.0	2263.8824607152637	1	0	1	1.8138460955209414
62306.63833364948	2000.0	957.2441270657354	0.0	0	0.0	2263.8824607152565	1	0	1	1.8138460955209421
63296.99842646613	2000.0	966.8840342490835	0.0	0	0.0	2263.8824607152565	1	0	1	1.8138460955209421
63977.08900946664	2000.0	1286.7934512485742	0.0	0	0.0	2263.8824607152565	1	0	1	1.8138460955209421
64678.61988104953	2000.0	1585.262579665679	0.0	0	0.0	2263.8824607152565	1	0	1	1.8138460955209421
65255.43721240924	2000.0	2008.445248305964	0.0	0	0.0	2263.8824607152565	1	0	1	1.8138460955209421
66200.0	3000.0	1969.4261819561252	0.0	0	438.7028137936577	2169.42618195618	1	0	2	1.418818306760414
67200.0	3000.0	1869.42618195611	0.0	0	432.12434273997496	2069.4261819561725	1	0	2	2.0325149167349394
68820.40112007676	6000.0	1249.0250618793639	0.0	0	0.0	2069.42618195618	1	0	1	2.0354580101973423
69754.99408423287	2000.0	1314.4320977232421	0.0	0	0.0	2069.4261819561652	1	0	1	0.7313806134210693
70896.5903043125	2000.0	1172.8358776435898	0.0	0	0.0	2069.4261819561652	1	0	1	1.829992902089179
71945.81109558942	2000.0	1123.6150863666705	0.0	0	0.0	2069.4261819561652	1	0	1	1.829992902089179
72659.53960875382	2000.0	1409.8865732022657	0.0	0	0.0	2069.4261819561507	1	0	1	1.82999290208918
73308.07162355643	2000.0	1761.3545583996588	0.0	0	0.0	2069.426181956136	1	0	1	1.8299929020891812
74226.4593533828	2000.0	1842.9668285733032	0.0	0	0.0	2069.426181956136	1	0	1	1.8299929020891812
75200.0	2000.0	1869.426181956112	0.0	0	367.66054460684245	2069.426181956136	1	0	1	1.8299929020891812
76200.0	2000.0	1869.426181956122	0.0	0	523.4767120728939	2069.426181956136	1	0	1	1.8299929020891812
77200.0	3000.0	1769.4261819561118	0.0	0	211.71075302510872	1969.4261819561216	1	0	2	1.4347171401933472
78217.97894627914	3000.0	1649.6493410490477	0.0	0	0.0	1867.6282873281743	1	0	2	2.0476408639107766
79569.24206721352	6000.0	1298.386220114653	0.0	0	0.0	1867.6282873281743	1	0	1	2.049309944233081
80200.0	2000.0	1667.6282873281825	0.0	0	129.77477074458147	1867.628287328189	1	0	1	0.7452325474568061
81200.0	2000.0	1667.6282873281627	0.0	0	271.87586572382133	1867.628287328189	1	0	1	1.8438448361249158
82210.66105683711	2000.0	1656.9672304910496	0.0	0	0.0	1867.628287328189	1	0	1	1.8438448361249158
83200.0	2000.0	1667.628287328173	0.0	0	200.99260210238572	1867.628287328189	1	0	1	1.8438448361249158
84200.0	2000.0	1667.6282873281662	0.0	0	185.34877207764657	1867.6282873281743	1	0	1	1.843844836124917
85200.0	2000.0	1667.6282873281539	0.0	0	148.06471740025154	1867.6282873281743	1	0	1	1.843844836124917
86232.7151672028	2000.0	1634.9131201253535	0.0	0	0.0	1867.6282873281743	1	0	1	1.843844836124917
87200.0	2000.0	1667.6282873281582	0.0	0	281.52422005159315	1867.628287328189	1	0	1	1.8438448361249158
88200.0	2000.0	1667.6282873281616	0.0	0	367.1115871699003	1867.628287328189	1	0	1	1.8438448361249158
89200.0	2000.0	1667.6282873281632	0.0	0	520.1350975403911	1867.628287328189	1	0	1	1.8438448361249158
91276.8170997407	3000.0	383.1294776134021	0.0	0	0.0	1659.9465773541306	1	0	2	1.4523691325622425
92276.36795463966	2000.0	480.59118877876773	97.01256606431889	0	0.0	1756.959143418455	1	0	1	0.6628281792074459
93156.29682427687	2000.0	600.662319141577	0.0	0	0.0	1756.959143418455	1	0	1	1.850368683701524
93875.90695953848	2000.0	881.0521838799717	0.0	0	0.0	1756.959143418455	1	0	1	1.850368683701524
94335.64029551453	2000.0	1421.3188479039145	0.0	0	0.0	1756.9591434184695	1	0	1	1.8503686837015234
95200.0	2000.0	1556.95914341845	0.0	0	454.20669913983147	1756.9591434184695	1	0	1	1.8503686837015234
96200.0	2000.0	1556.9591434184392	0.0	0	415.9202198300918	1756.9591434184695	1	0	1	1.8503686837015234
97200.0	3000.0	1556.959143418441	0.0	0	574.0084709141229	1756.9591434184695	1	0	1	1.8503686837015236
98987.92608417169	6000.0	769.0330592467426	0.0	0	0.0	1756.959143418484	1	0	1	2.255833791809687
99840.06684816012	2000.0	916.8922952583155	0.0	0	0.0	1756.9591434184695	1	0	1	0.7517563950334138
101252.52498390077	2000.0	504.4341595176749	0.0	0	0.0	1756.9591434184695	1	0	1	1.8503686837015234
102004.9039126011	1000.0	752.0552308173494	0.0	0	0.0	1756.9591434184695	1	0	1	0.46407432258163306
103344.74679018138	1000.0	412.2123532370723	0.0	0	0.0	1756.9591434184695	1	0	1	1.1572215031415782
103881.09353358632	500.0	875.8656098321279	0.0	0	0.0	1756.9591434184695	1	0	1	-0.22907285797831262
105461.72222953606	1000.0	295.23691388240076	0.0	0	0.0	1756.9591434184695	1	0	1	0.46407432258163284
106120.51800641735	500.0	680.313119648136	43.8719826470313	0	0.0	1800.8311260655028	1	0	1	-0.49480749702806354
106839.03179466158	1000.0	961.7993314039117	0.0	0	0.0	1800.8311260655028	1	0	1	0.46157157941406995
107599.44031499945	1000.0	1201.3908110660495	0.0	0	0.0	1800.8311260655028	1	0	1	1.1547187599740154
108430.06884491205	2000.0	1370.7622811534588	0.0	0	0.0	1800.8311260655028	1	0	1	1.1547187599740152
109488.657590028	2000.0	1312.1735360374894	0.0	0	0.0	1800.8311260655028	1	0	1	1.8478659405339604
110552.91014128555	2000.0	1247.9209847799527	0.0	0	0.0	1800.8311260655028	1	0	1	1.8478659405339604
111816.23172023117	2000.0	984.5994058343387	0.0	0	0.0	1800.8311260655028	1	0	1	1.8478659405339604
112927.04019551075	2000.0	873.7909305547516	0.0	0	0.0	1800.8311260655028	1	0	1	1.8478659405339604
113850.64656446577	2000.0	950.1845615997133	0.0	0	0.0	1800.8311260655028	1	0	1	1.8478659405339604
114464.63077555742	2000.0	1336.200350508064	0.0	0	0.0	1800.8311260655028	1	0	1	1.8478659405339604
115200.0	2000.0	1600.8311260654812	0.0	0	59.48262281958887	1800.8311260655028	1	0	1	1.8478659405339604
116200.0	2000.0	1600.8311260654896	0.0	0	75.70121959998505	1800.8311260655028	1	0	1	1.8478659405339604
117860.91224690608	2000.0	939.9188791594127	0.0	0	0.0	1800.8311260655028	1	0	1	1.8478659405339604
119448.2976968601	2000.0	352.5334292054009	0.0	0	0.0	1800.8311260655028	1	0	1	1.8478659405339604
120130.11951049771	1000.0	670.7116155677863	0.0	0	0.0	1800.8311260654882	1	0	1	0.461571579414071
120506.78086007276	1000.0	1294.0502659927417	0.0	0	0.0	1800.8311260654882	1	0	1	1.1547187599740163
121268.78109181023	2000.0	1532.0500342552737	0.0	0	0.0	1800.8311260654882	1	0	1	1.154718759974016
122200.0	2000.0	1600.8311260655134	0.0	0	351.49478336320317	1800.8311260654882	1	0	1	1.8478659405339612
123200.0	2000.0	1600.8311260655285	0.0	0	130.06656193872914	1800.8311260655028	1	0	1	1.8478659405339604
124407.4097057173	2000.0	1393.421420348221	0.0	0	0.0	1800.8311260655028	1	0	1	1.8478659405339604
125300.09230033837	2000.0	1500.738825727167	0.0	0	0.0	1800.8311260655173	1	0	1	1.8478659405339595
126269.73510439238	2000.0	1531.0960216731519	0.0	0	0.0	1800.8311260655173	1	0	1	1.8478659405339595
127278.57916809902	2000.0	1522.2519579665131	0.0	0	0.0	1800.8311260655173	1	0	1	1.8478659405339595
128425.7629288623	2000.0	1375.0681972032487	0.0	0	0.0	1800.8311260655173	1	0	1	1.8478659405339595
129200.0	2000.0	1600.8311260655364	0.0	0	81.38267733303655	1800.8311260655173	1	0	1	1.8478659405339595
130200.0	2000.0	1600.831126065542	0.0	0	314.4563252037915	1800.8311260655319	1	0	1	1.8478659405339588
131200.0	2000.0	1600.8311260655378	0.0	0	485.46603543176025	1800.8311260655319	1	0	1	1.8478659405339588
132200.0	2000.0	1600.8311260655587	0.0	0	409.6136176765722	1800.8311260655464	1	0	1	1.8478659405339588
133200.0	3000.0	1600.831126065559	0.0	0	71.41187153730425	1800.8311260655173	1	0	1	1.8478659405339593
134200.0	3000.0	1600.8311260655744	0.0	0	169.04973211011384	1800.8311260655464	1	0	1	2.2533310486421225
136311.83366717855	6000.0	488.9974588870427	0.0	0	0.0	1800.8311260655464	1	0	1	2.2533310486421225
137072.74185133315	2000.0	728.089274732456	0.0	0	0.0	1800.8311260655173	1	0	1	0.7492536518658499
137907.6705147551	2000.0	893.1606113105344	0.0	0	0.0	1800.8311260655173	1	0	1	1.8478659405339595
139104.60440296525	2000.0	696.2267231003759	0.0	0	0.0	1800.8311260655173	1	0	1	1.8478659405339595
139707.8135241029	1000.0	1093.0176019626767	0.0	0	0.0	1800.8311260654882	1	0	1	0.461571579414071
140795.09307756086	2000.0	1005.7380485047382	0.0	0	0.0	1800.8311260654882	1	0	1	1.154718759974016
141648.8657998678	2000.0	1151.9653261977899	0.0	0	0.0	1800.8311260654882	1	0	1	1.8478659405339612
142476.24031458743	2000.0	1324.5908114781682	0.0	0	0.0	1800.8311260654882	1	0	1	1.8478659405339612
143481.0947301282	2000.0	1319.7363959373681	0.0	0	0.0	1800.8311260654882	1	0	1	1.8478659405339612
144610.14709526347	2000.0	1190.6840308020974	0.0	0	0.0	1800.831126065459	1	0	1	1.8478659405339632
145540.29016609158	2000.0	1260.540959974006	0.0	0	0.0	1800.831126065459	1	0	1	1.8478659405339632
146703.5184045598	2000.0	1097.312721505788	0.0	0	0.0	1800.8311260654882	1	0	1	1.8478659405339612
147511.6288206766	2000.0	1289.2023053890198	0.0	0	0.0	1800.8311260654882	1	0	1	1.8478659405339612
148453.27275836933	2000.0	1347.5583676962835	0.0	0	0.0	1800.831126065459	1	0	1	1.8478659405339632
149283.76257991325	2000.0	1517.0685461523692	0.0	0	0.0	1800.831126065459	1	0	1	1.8478659405339632
150200.0	2000.0	1600.8311260656285	0.0	0	23.760946591501124	1800.831126065459	1	0	1	1.8478659405339632
151200.0	2000.0	1600.8311260656187	0.0	0	269.45352893375093	1800.831126065459	1	0	1	1.8478659405339632
152200.0	2000.0	1600.831126065637	0.0	0	130.72852211093414	1800.831126065459	1	0	1	1.8478659405339632
153200.0	2000.0	1600.8311260656146	0.0	0	142.81858330228715	1800.831126065459	1	0	1	1.8478659405339632
154200.0	2000.0	1600.8311260656128	0.0	0	329.8729029180249	1800.831126065459	1	0	1	1.8478659405339632
155200.0	2000.0	1600.8311260656144	0.0	0	330.9363778701518	1800.831126065459	1	0	1	1.8478659405339632
156428.46884703106	2000.0	1372.3622790345794	0.0	0	0.0	1800.831126065459	1	0	1	1.8478659405339632
157200.0	2000.0	1600.8311260656474	0.0	0	97.01488093539956	1800.831126065459	1	0	1	1.8478659405339632
158200.0	2000.0	1600.8311260656303	0.0	0	272.43820522146416	1800.831126065459	1	0	1	1.8478659405339632
159200.0	2000.0	1600.8311260656324	0.0	0	271.433575410716	1800.831126065459	1	0	1	1.8478659405339632
160200.0	2000.0	1600.8311260656394	0.0	0	254.97912307904335	1800.8311260654882	1	0	1	1.8478659405339612
161209.88941463578	2000.0	1590.9417114298426	0.0	0	0.0	1800.83112606543	1	0	1	1.8478659405339635
162326.60679985772	2000.0	1474.224326207894	0.0	0	0.0	1800.831126065401	1	0	1	1.8478659405339655
163200.0	2000.0	1600.8311260656164	0.0	0	62.474413605756126	1800.831126065401	1	0	1	1.8478659405339664
164200.0	2000.0	1600.8311260656062	0.0	0	229.89193115971284	1800.831126065401	1	0	1	1.8478659405339664
165200.0	2000.0	1600.8311260655746	0.0	0	512.1979286268179	1800.8311260653718	1	0	1	1.8478659405339681
166200.0	3000.0	1600.8311260655557	0.0	0	170.52308243347215	1800.8311260653427	1	0	1	1.84786594053397
167200.0	3000.0	1600.8311260655819	0.0	0	122.87202442836133	1800.8311260653427	1	0	1	2.2533310486421345
168200.0	3000.0	1600.8311260655896	0.0	0	225.29674055421492	1800.8311260653427	1	0	1	2.2533310486421345
169709.9188548281	6000.0	1090.9122712374942	0.0	0	0.0	1800.8311260653427	1	0	1	2.253331048642134
170299.64276791847	2000.0	1501.188358147149	0.0	0	0.0	1800.8311260653427	1	0	1	0.7492536518658601
171297.28565874134	6000.0	1503.5454673242798	0.0	0	0.0	1800.8311260653427	1	0	1	1.8478659405339695
172200.0	3000.0	1600.8311260656146	0.0	0	321.6754628295894	1800.8311260653427	1	0	1	1.5601838680821896
173556.69668239786	3000.0	1244.1344436677955	0.0	0	0.0	1800.8311260653718	1	0	1	2.2533310486421336
174263.74285291694	2000.0	1537.0882731487177	0.0	0	0.0	1800.8311260653718	1	0	1	1.4424008324258035
175439.14276929596	2000.0	1361.6883567696898	0.0	0	0.0	1800.8311260653718	1	0	1	1.8478659405339681
176318.70789854182	2000.0	1482.1232275238642	0.0	0	0.0	1800.8311260653718	1	0	1	1.8478659405339681
177509.25138408024	2000.0	1291.5797419854512	0.0	0	0.0	1800.831126065401	1	0	1	1.8478659405339664
178973.0130726038	2000.0	827.8180534619216	0.0	0	0.0	1800.831126065401	1	0	1	1.8478659405339664
179632.33932818726	1000.0	1168.4917978784702	0.0	0	0.0	1800.83112606543	1	0	1	0.4615715794140744
181720.34585669448	2000.0	200.0	119.51473062877193	0	0.0	1920.3458566941554	1	0	1	0.43367370176425296
182545.495679624	1000.0	584.9332971492934	210.0831200788177	0	0.0	2130.4289767729642	1	0	1	-0.8215457037907948
183389.13386849902	1000.0	741.2951082742748	0.0	0	0.0	2130.428976772935	1	0	1	1.1321001972420577
183970.76480019127	1000.0	1159.6641765820377	0.0	0	0.0	2130.428976772935	1	0	1	1.132100197242059
184545.96029638467	1000.0	1584.4686803886495	0.0	0	0.0	2130.428976772935	1	0	1	1.132100197242059
185766.69851601048	2000.0	1363.730460762832	0.0	0	0.0	2130.4289767729642	1	0	1	1.1321001972420566
186460.9164382839	2000.0	1669.5125384894034	0.0	0	0.0	2130.428976772935	1	0	1	1.8252473778020042
187200.0	2000.0	1930.4289767732982	0.0	0	9.558067922567716	2130.4289767729642	1	0	1	1.8252473778020017
188200.0	2000.0	1930.4289767733023	0.0	0	280.5049821854918	2130.4289767729933	1	0	1	1.8252473778019995
189200.0	2000.0	1930.4289767733126	0.0	0	319.28023200144526	2130.4289767729933	1	0	1	1.8252473778019995
190546.57951724128	3000.0	1449.1915078078844	0.0	0	0.0	1995.7710250488308	1	0	2	1.4328553965906696
191756.68105676366	2000.0	1239.0899682855195	0.0	0	0.0	1995.7710250488017	1	0	1	1.229898701878402
192594.09108133672	2000.0	1401.6799437124894	0.0	0	0.0	1995.7710250488017	1	0	1	1.8353638099865668
193256.0106853062	2000.0	1739.7603397430196	0.0	0	0.0	1995.7710250488017	1	0	1	1.8353638099865668
194200.0	2000.0	1795.7710250491962	0.0	0	39.85045955257374	1995.7710250488017	1	0	1	1.8353638099865668
195200.0	2000.0	1795.7710250491994	0.0	0	535.12576341987	1995.7710250488308	1	0	1	1.835363809986565
196200.0	2000.0	1795.7710250492114	0.0	0	212.27030039357487	1995.7710250488017	1	0	1	1.8353638099865668
197200.0	2000.0	1795.7710250492153	0.0	0	269.0120223602571	1995.7710250488017	1	0	1	1.8353638099865668
198435.52559004544	2000.0	1560.2454350037603	0.0	0	0.0	1995.7710250488017	1	0	1	1.8353638099865668
199663.9731475016	2000.0	1331.7978775475976	0.0	0	0.0	1995.7710250488017	1	0	1	1.8353638099865668
200915.10870867808	2000.0	1080.662316371155	0.0	0	0.0	1995.7710250488017	1	0	1	1.8353638099865668
201708.43302980976	2000.0	1287.33799523942	0.0	0	0.0	1995.7710250487726	1	0	1	1.835363809986569
202519.72593322082	2000.0	1476.0450918283714	0.0	0	0.0	1995.7710250488017	1	0	1	1.8353638099865668
203615.99847855844	2000.0	1379.7725464907294	0.0	0	0.0	1995.7710250487726	1	0	1	1.8353638099865681
204979.51583679064	2000.0	1016.2551882585025	0.0	0	0.0	1995.7710250487726	1	0	1	1.835363809986569
205640.78782738984	1000.0	1354.9831976593093	0.0	0	0.0	1995.7710250487726	1	0	1	0.44906944886667866
206522.38497692658	2000.0	1473.386048122594	0.0	0	0.0	1995.7710250487726	1	0	1	1.1422166294266238
207719.63412525004	2000.0	1276.1368997991392	0.0	0	0.0	1995.7710250487435	1	0	1	1.835363809986571
208410.79927857046	2000.0	1584.9717464787182	0.0	0	0.0	1995.7710250487435	1	0	1	1.835363809986571
209238.57547444952	2000.0	1757.19555059965	0.0	0	0.0	1995.7710250487435	1	0	1	1.835363809986571
210407.19441314155	2000.0	1588.5766119075945	0.0	0	0.0	1995.7710250487435	1	0	1	1.835363809986571
211250.09386884127	2000.0	1745.6771562078543	0.0	0	0.0	1995.7710250487435	1	0	1	1.835363809986571
212210.22948438625	2000.0	1785.541540662907	0.0	0	0.0	1995.7710250487435	1	0	1	1.835363809986571
213200.0	2000.0	1795.7710250491223	0.0	0	184.29490605235333	1995.7710250487435	1	0	1	1.835363809986571
214200.0	2000.0	1795.771025049106	0.0	0	347.7291953189997	1995.7710250487435	1	0	1	1.835363809986571
215200.0	2000.0	1795.7710250491043	0.0	0	551.9703413667157	1995.7710250487144	1	0	1	1.835363809986573
216200.0	3000.0	1695.7710250491232	0.0	0	268.6699661408784	1895.7710250486853	1	0	2	1.4397253520272302
217200.0	6000.0	1695.7710250491084	0.0	0	52.15125222160714	1895.7710250486853	1	0	1	2.0475363096405514
219922.09852324188	6000.0	200.0	226.32749819278825	0	0.0	2122.0985232414387	1	0	1	1.5789101060806392
220929.98048593142	2000.0	495.2762488441647	303.1582115337137	0	0.0	2425.256734775583	1	0	1	-1.1195861101614257
221978.9513150161	2000.0	460.6531165045019	14.34769674503326	0	0.0	2439.6044315206236	1	0	1	1.7103571436133502
222300.10360507845	1000.0	1139.5008264421322	0.0	0	0.0	2439.6044315206236	1	0	1	0.41014896296365944
222988.41768511143	2000.0	1451.186746409152	0.0	0	0.0	2439.6044315206236	1	0	1	1.1032961435236046
223505.8305327889	2000.0	1933.7738987316716	0.0	0	0.0	2439.6044315206236	1	0	1	1.7964433240835498
224200.0	2000.0	2239.6044315205754	0.0	0	233.35956494417042	2439.6044315206236	1	0	1	1.7964433240835498
225200.0	3000.0	2139.6044315205627	0.0	0	234.0144893346005	2339.6044315205945	1	0	2	1.4032567959639684
226200.0	3000.0	2039.6044315205681	0.0	0	308.5173621799622	2239.6044315205654	1	0	2	2.0181334561387394
227200.0	3000.0	1939.604431520554	0.0	0	174.45422142429743	2139.6044315205945	1	0	2	2.0272230368900104
228819.4052366717	6000.0	1320.199194848838	0.0	0	0.0	2139.6044315205945	1	0	1	2.029974364552613
229325.5424707995	2000.0	1814.0619607210178	0.0	0	0.0	2139.6044315205945	1	0	1	0.725896967776339
230200.0	2000.0	1939.60443152052	0.0	0	227.8906380950939	2139.6044315205945	1	0	1	1.8245092564444487
231782.37804283694	3000.0	1198.988584399916	0.0	0	0.0	1981.3666272369446	1	0	2	1.4342497940029033
232736.09192347724	2000.0	1245.2747037596066	0.0	0	0.0	1981.3666272369446	1	0	1	1.2309052366791644
233328.21065972338	2000.0	1653.1559675134936	0.0	0	0.0	1981.3666272369446	1	0	1	1.836370344787328
234310.55841380177	2000.0	1670.8082134351175	0.0	0	0.0	1981.3666272369737	1	0	1	1.8363703447873283
235200.0	2000.0	1781.3666272368966	0.0	0	101.15696805869811	1981.3666272369737	1	0	1	1.8363703447873272
236200.0	2000.0	1781.3666272369023	0.0	0	435.98431771897594	1981.3666272369446	1	0	1	1.8363703447873292
237200.0	2000.0	1781.3666272368896	0.0	0	397.72504380106693	1981.3666272369446	1	0	1	1.8363703447873292
238200.0	2000.0	1781.3666272368976	0.0	0	317.40448892474524	1981.3666272369446	1	0	1	1.8363703447873292
240074.97855553025	3000.0	718.8902161536099	0.0	0	0.0	1793.8687716839195	1	0	2	1.4450641403398383
240763.9692214015	1000.0	1029.89955028235	0.0	0	0.0	1793.8687716839195	1	0	1	-0.14348919972944418
241731.3330808416	2000.0	1062.5356908422211	0.0	0	0.0	1793.8687716839195	1	0	1	1.1551230889386657
242635.322681098	2000.0	1158.5460905858058	0.0	0	0.0	1793.8687716838904	1	0	1	1.8482702694986126
243261.04792725138	2000.0	1532.8208444324312	0.0	0	0.0	1793.8687716838904	1	0	1	1.8482702694986126
244200.0	2000.0	1593.8687716837896	0.0	0	438.804403615155	1793.8687716838904	1	0	1	1.8482702694986126
245200.0	2000.0	1593.8687716837794	0.0	0	439.447604056797	1793.8687716838904	1	0	1	1.8482702694986126
246200.0	3000.0	1593.8687716837665	0.0	0	525.9647426928859	1793.8687716838904	1	0	1	1.8482702694986126
249463.30971535333	6000.0	200.0	869.4409436695476	0	0.0	2663.309715353331	1	0	1	-2.988011850743475
250193.46433249206	1000.0	621.1018005545691	151.25641769328948	0	0.0	2814.56613304661	1	0	1	-1.6443049451777725
251831.33392307095	2000.0	200.0	216.76779002433136	0	0.0	3031.3339230709535	1	0	1	-0.2631922169381079
252656.66830822133	500.0	540.9015355624467	166.23592071281035	0	0.0	3197.569843783771	1	0	1	-2.0917657530942178
253497.22000754374	500.0	700.3498362400173	0.0	0	0.0	3197.569843783771	1	0	1	0.29194413230253446
254359.13771206583	500.0	838.4321317179292	0.0	0	0.0	3197.5698437838	1	0	1	0.29194413230252825
255517.8947992185	1000.0	679.6750445652641	0.0	0	0.0	3197.569843783829	1	0	1	0.29194413230252325
256294.04521796614	1000.0	903.5246258176579	0.0	0	0.0	3197.5698437838582	1	0	1	0.9850913128624611
256914.95608586766	1000.0	1282.6137579161111	0.0	0	0.0	3197.5698437838582	1	0	1	0.9850913128624611
257263.81216052073	1000.0	1933.7576832630402	0.0	0	0.0	3197.5698437838582	1	0	1	0.9850913128624611
257815.4219157056	2000.0	2382.1479280781446	0.0	0	0.0	3197.569843783829	1	0	1	0.9850913128624674
258577.74033691006	2000.0	2619.829506873672	0.0	0	0.0	3197.569843783771	1	0	1	1.6782384934224237
260238.99725963688	2000.0	1958.5725841468554	0.0	0	0.0	3197.569843783771	1	0	1	1.678238493422425
261279.60228387648	2000.0	1917.9675599072477	0.0	0	0.0	3197.569843783771	1	0	1	1.678238493422425
262226.1584256442	2000.0	1971.4114181395464	0.0	0	0.0	3197.5698437838	1	0	1	1.6782384934224237
263069.70660466223	2000.0	2127.863239121497	0.0	0	0.0	3197.569843783771	1	0	1	1.67823849342242
263921.1635511968	2000.0	2276.406292586981	0.0	0	0.0	3197.5698437838	1	0	1	1.6782384934224202
264792.07421711815	2000.0	2405.4956266655536	0.0	0	0.0	3197.5698437836545	1	0	1	1.6782384934224388
266033.50888810476	2000.0	2164.060955679017	0.0	0	0.0	3197.5698437836836	1	0	1	1.678238493422444
267364.35690459685	2000.0	1833.2129391869066	0.0	0	0.0	3197.5698437836254	1	0	1	1.6782384934224566
268042.11432162445	1000.0	2155.4555221592973	0.0	0	0.0	3197.5698437836254	1	0	1	0.29194413230256616
269174.61565577413	2000.0	2022.9541880096422	0.0	0	0.0	3197.569843783567	1	0	1	0.9850913128625238
269971.0852156769	2000.0	2226.484628106874	0.0	0	0.0	3197.569843783567	1	0	1	1.678238493422469
270562.97034163744	2000.0	2634.599502146294	0.0	0	0.0	3197.569843783567	1	0	1	1.678238493422469
271780.0619303179	3000.0	2295.798754597826	0.0	0	0.0	3075.860684915562	1	0	2	1.296815099082319
272736.75270338095	2000.0	2243.438904228399	0.0	0	0.0	2980.1916076091	1	0	2	1.1097117020466307
273772.68477743585	2000.0	2207.5068301735773	0.0	0	0.0	2980.1916076091584	1	0	1	1.5208545735140708
275173.6337118575	2000.0	1806.5578957519224	0.0	0	0.0	2980.1916076091584	1	0	1	1.720854573514071
276106.1814763757	2000.0	1874.0101312336685	0.0	0	0.0	2980.1916076091584	1	0	1	1.720854573514071
276957.6833526068	2000.0	2022.5082550026232	0.0	0	0.0	2980.1916076091584	1	0	1	1.720854573514071
277840.2143673658	2000.0	2139.977240243592	0.0	0	0.0	2980.1916076092166	1	0	1	1.7208545735140608
278542.8353699787	2000.0	2437.3562376307186	0.0	0	0.0	2980.1916076091584	1	0	1	1.720854573514071
279206.0986995771	2000.0	2774.092908032342	0.0	0	0.0	2980.1916076092166	1	0	1	1.7208545735140688
280200.0	3000.0	2680.8014775671854	0.0	0	61.18186636851169	2880.8014775669435	1	0	2	1.3330068749110475
281200.0	3000.0	2580.8014775671536	0.0	0	90.35002398485085	2780.8014775668853	1	0	2	1.9541768049444568
282200.0	3000.0	2480.8014775671704	0.0	0	229.38739437918412	2680.8014775670017	1	0	2	1.9678758768222755
283200.0	3000.0	2380.801477567159	0.0	0	343.77865091187414	2580.8014775669435	1	0	2	1.9810128517872498
285453.23905883904	6000.0	1127.5624187281626	0.0	0	0.0	2580.8014775670017	1	0	1	1.985672300797332
286223.9338628031	2000.0	1356.867614764093	0.0	0	0.0	2580.80147756706	1	0	1	0.6815949040210563
287241.2526110884	2000.0	1339.5488664788004	0.0	0	0.0	2580.8014775670017	1	0	1	1.7802071926891616
288433.0642673459	2000.0	1147.737210221318	0.0	0	0.0	2580.8014775670017	1	0	1	1.7802071926891672
289721.17729981604	2000.0	859.6241777511833	0.0	0	0.0	2580.8014775670017	1	0	1	1.7802071926891672
290819.3373497288	2000.0	761.464127838409	0.0	0	0.0	2580.80147756706	1	0	1	1.7802071926891603
291678.9584118518	2000.0	901.8430657154045	0.0	0	0.0	2580.80147756706	1	0	1	1.7802071926891603
292556.2454770146	2000.0	1024.5560005524994	0.0	0	0.0	2580.80147756706	1	0	1	1.7802071926891603
293411.23007230036	2000.0	1169.5714052667945	0.0	0	0.0	2580.80147756706	1	0	1	1.7802071926891603
294098.2360160073	1000.0	1482.5654615598403	0.0	0	0.0	2580.80147756706	1	0	1	0.39391283156926993
294552.34793232643	1000.0	2028.4535452407215	0.0	0	0.0	2580.80147756706	1	0	1	1.087060012129215
295510.436243319	2000.0	2070.3652342481582	0.0	0	0.0	2580.8014775670017	1	0	1	1.0870600121292207
296351.6054214452	2000.0	2229.1960561219157	0.0	0	0.0	2580.8014775669435	1	0	1	1.7802071926891743
297200.0	2000.0	2380.80147756719	0.0	0	76.83565497520613	2580.8014775669435	1	0	1	1.7802071926891743
298200.0	2000.0	2380.8014775672386	0.0	0	42.197067323024385	2580.8014775669435	1	0	1	1.7802071926891743
299200.0	2000.0	2380.801477567211	0.0	0	461.5717891631648	2580.8014775668853	1	0	1	1.7802071926891816
300200.0	3000.0	2280.801477567234	0.0	0	198.64438788301777	2480.8014775668853	1	0	2	1.3880423418379866
2.98	2.57	2.07	2.5	2.24	2.83	3.24	2.31	2.22	2.95	3.28	4.24	3.83	4.24	4.58	4.73	4.43	5.11	4.29	2.73	2.78	2.25	2.06	2.2	2.24	1.59	1.56	0.87	1.75	1.64	1.41	1.62	2.06	2.71	3.13	3.15	1.76	1.98	2.32	2.37	2.84	3.43	2.72	2.54	1.48	2.0	1.91	2.34	2.57	2.39	2.06	1.38	1.8	2.24	2.12	2.8	1.98	2.07	2.7	3.26	3.89	4.51	5.19	6.32	2.18	2.51	2.27	2.12	2.27	2.92	3.45	4.07	3.73	4.15	4.6	3.6	2.91	1.68	3.33	2.66	2.39	2.5	2.85	3.46	3.58	1.92	1.41	1.92	2.59	3.21	3.81	4.48	6.56	4.0	1.78	2.04	1.48	1.51	0.86	0.74	0.71	1.03	1.51	2.05	2.92	1.92	1.37	1.88	2.39	2.85	2.59	1.71	1.42	1.84	1.37	1.8	2.39	2.97	3.08	1.63	2.15	1.84	2.33	2.27	2.42	3.06	3.7	4.24	3.89	4.4	4.03	3.41	3.06	2.06	1.84	1.99	2.27	2.64	1.85	1.95	1.62	1.85	2.13	2.63	2.43	3.04	3.17	3.1	2.75	2.37	2.98	2.57	2.07	2.5	2.24	2.83	3.24	2.31	2.22	2.95	3.28	4.24	3.83	4.24	4.58	4.73	4.43	5.11	4.29	2.73	2.78	2.25	2.06	2.2	2.24	1.59	1.56	0.87	1.75	1.64	1.41	1.62	2.06	2.71	3.13	3.15	1.76	1.98	2.32	2.37	2.84	3.43	2.72	2.54	1.48	2.0	1.91	2.34	2.57	2.39	2.06	1.38	1.8	2.24	2.12	2.8	1.98	2.07	2.7	3.26	3.89	4.51	5.19	6.32	2.18	2.51	2.27	2.12	2.27	2.92	3.45	4.07	3.73	4.15	4.6	3.6	2.91	1.68	3.33	2.66	2.39	2.5	2.85	3.46	3.58	1.92	1.41	1.92	2.59	3.21	3.81	4.48	6.56	4.0	1.78	2.04	1.48	1.51	0.86	0.74	0.71	1.03	1.51	2.05	2.92	1.92	1.37	1.88	2.39	2.85	2.59	1.71	1.42	1.84	1.37	1.8	2.39	2.97	3.08	1.63	2.15	1.84	2.33	2.27	2.42	3.06	3.7	4.24	3.89	4.4	4.03	3.41	3.06	2.06	1.84	1.99	2.27	2.64	1.85	1.95	1.62	1.85	2.13	2.63	2.43	3.04	3.17	3.1	2.75	2.37	2.98
1.0	2.0	3.0	4.0	5.0	6.0	7.0	8.0	9.0	10.0	11.0	12.0	13.0	14.0	15.0	16.0	17.0	18.0	19.0	20.0	21.0	22.0	23.0	24.0	25.0	26.0	27.0	28.0	29.0	30.0	31.0	32.0	33.0	34.0	35.0	36.0	37.0	38.0	39.0	40.0	41.0	42.0	43.0	44.0	45.0	46.0	47.0	48.0	49.0	50.0	51.0	52.0	53.0	54.0	55.0	56.0	57.0	58.0	59.0	60.0	61.0	62.0	63.0	64.0	65.0	66.0	67.0	68.0	69.0	70.0	71.0	72.0	73.0	74.0	75.0	76.0	77.0	78.0	79.0	80.0	81.0	82.0	83.0	84.0	85.0	86.0	87.0	88.0	89.0	90.0	91.0	92.0	93.0	94.0	95.0	96.0	97.0	98.0	99.0	100.0	101.0	102.0	103.0	104.0	105.0	106.0	107.0	108.0	109.0	110.0	111.0	112.0	113.0	114.0	115.0	116.0	117.0	118.0	119.0	120.0	121.0	122.0	123.0	124.0	125.0	126.0	127.0	128.0	129.0	130.0	131.0	132.0	133.0	134.0	135.0	136.0	137.0	138.0	139.0	140.0	141.0	142.0	143.0	144.0	145.0	146.0	147.0	148.0	149.0	149.0	150.0	151.0	152.0	153.0	154.0	155.0	156.0	157.0	158.0	159.0	160.0	161.0	162.0	163.0	164.0	165.0	166.0	167.0	168.0	169.0	170.0	171.0	172.0	173.0	174.0	175.0	176.0	177.0	178.0	179.0	180.0	181.0	182.0	183.0	184.0	185.0	186.0	187.0	188.0	189.0	190.0	191.0	192.0	193.0	194.0	195.0	196.0	197.0	198.0	199.0	200.0	201.0	202.0	203.0	204.0	205.0	206.0	207.0	208.0	209.0	210.0	211.0	212.0	213.0	214.0	215.0	216.0	217.0	218.0	219.0	220.0	221.0	222.0	223.0	224.0	225.0	226.0	227.0	228.0	229.0	230.0	231.0	232.0	233.0	234.0	235.0	236.0	237.0	238.0	239.0	240.0	241.0	242.0	243.0	244.0	245.0	246.0	247.0	248.0	249.0	250.0	251.0	252.0	253.0	254.0	255.0	256.0	257.0	258.0	259.0	260.0	261.0	262.0	263.0	264.0	265.0	266.0	267.0	268.0	269.0	270.0	271.0	272.0	273.0	274.0	275.0	276.0	277.0	278.0	279.0	280.0	281.0	282.0	283.0	284.0	285.0	286.0	287.0	288.0	289.0	290.0	291.0	292.0	293.0	294.0	295.0	296.0	297.0	298.0	298.0	299.0
4162.267322388889
