6053.179652775674	300.0	2000.0	278.66254451396554	0	0.0	6053.179652775674	1	0	1	-3.6506569854272843
6992.0558509472885	1000.0	2061.1238018283857	0.0	0	0.0	6053.179652775674	1	0	1	-2.0432766306865937
8159.298110429107	1000.0	1777.1573163983858	0.0	0	0.0	5936.4554268274915	1	0	2	-1.1545769421224272
8629.971961981357	500.0	2306.483464846137	0.0	0	0.0	5936.455426827493	1	0	1	-2.308907864651461
9510.613840887274	1000.0	2425.84158594022	0.0	0	0.0	5936.455426827493	1	0	1	-1.4157606840915156
11728.23489075544	2000.0	986.4584310852392	0.0	0	0.0	5714.693321840679	1	0	2	-0.971633024535768
12276.113225925346	500.0	1438.580095915335	0.0	0	0.0	5714.693321840681	1	0	1	-2.782191269653849
13061.297386341228	500.0	1653.3959354994536	0.0	0	0.0	5714.69332184068	1	0	1	-1.1958969085339577
13763.964942534794	500.0	1950.7283793058855	0.0	0	0.0	5714.6933218406775	1	0	1	-1.195896908533956
14580.89885126374	1000.0	2133.7944705769387	0.0	0	0.0	5714.6933218406775	1	0	1	-1.195896908533955
15693.9420471208	2000.0	1909.4469551341726	0.0	0	0.0	5603.389002254968	1	0	2	-0.8274072995945423
16186.345622481775	500.0	2417.043379773197	0.0	0	0.0	5603.389002254966	1	0	1	-2.674085667663721
17671.542274252515	2000.0	1783.327062825381	0.0	0	0.0	5454.869337077889	1	0	2	-1.379426370679409
18288.68293087799	1000.0	2166.1864061999067	0.0	0	0.0	5454.869337077887	1	0	1	-1.1472633577526983
19801.55005093864	2000.0	1502.0325741331933	0.0	0	0.0	5303.5826250718255	1	0	2	-0.5539564689179051
20302.632672799158	500.0	2000.949952272675	0.0	0	0.0	5303.5826250718255	1	0	1	-2.396006324668589
21784.711581974232	1000.0	1518.871043097601	0.0	0	0.0	5303.582625071827	1	0	1	-0.809711963548698
22227.50752505852	500.0	2076.0751000133096	0.0	0	0.0	5303.582625071827	1	0	1	-1.5028591441086447
23994.492185284267	1000.0	1309.0904397875706	0.0	0	0.0	5303.582625071827	1	0	1	-0.8097119635486993
24820.026501211505	500.0	1483.5561238603316	0.0	0	0.0	5303.582625071824	1	0	1	-1.5028591441086414
25648.168180075558	500.0	1655.4144449962812	0.0	0	0.0	5303.58262507182	1	0	1	-0.8097119635486918
26109.182982684935	500.0	2194.3996423869016	0.0	0	0.0	5303.58262507182	1	0	1	-0.8097119635486918
28432.67148030445	2000.0	638.5622950054376	0.0	0	0.0	5071.233775309873	1	0	2	-1.0628989267647493
29046.686408949485	500.0	1024.547366360403	0.0	0	0.0	5071.233775309876	1	0	1	-2.19827859590107
29602.211142799497	500.0	1469.0226325103943	0.0	0	0.0	5071.23377530988	1	0	1	-0.6119842347811822
30548.255946247686	500.0	1522.9778290621996	0.0	0	0.0	5071.23377530988	1	0	1	-0.6119842347811822
31454.029217193707	500.0	1617.2045581161756	0.0	0	0.0	5071.23377530988	1	0	1	-0.6119842347811822
32094.791905005597	500.0	1976.4418703042875	0.0	0	0.0	5071.23377530988	1	0	1	-0.6119842347811822
32705.69639303429	1000.0	2304.4469334727214	0.0	0	0.0	5010.143326507008	1	0	2	-0.9721806837441993
34153.02070320256	2000.0	1712.390192287618	0.0	0	0.0	4865.410895490171	1	0	2	0.009741881004709296
35691.708639082965	2000.0	1019.8334628191676	0.0	0	0.0	4711.5421019021305	1	0	2	0.8152697510234659
36472.54157023546	1000.0	1239.0005316666625	0.0	0	0.0	4711.54210190212	1	0	1	-0.5437396513686023
37311.7852023194	500.0	1399.7568995827255	0.0	0	0.0	4711.542101902123	1	0	1	-1.0368868319285445
38291.58399968018	500.0	1419.9581022219406	0.0	0	0.0	4711.542101902123	1	0	1	-0.34373965136860146
38703.95183692364	500.0	2007.5902649784855	0.0	0	0.0	4711.542101902123	1	0	1	-0.34373965136860146
40426.4077611878	2000.0	1112.8887482879109	0.0	0	0.0	4539.296509475716	1	0	2	-0.659749950360667
41080.8507841836	500.0	1458.4457252921038	0.0	0	0.0	4539.296509475716	1	0	1	-1.8190172517382417
41822.15969066175	500.0	1717.136818813963	0.0	0	0.0	4539.296509475716	1	0	1	-0.23272289061835044
43126.83747033241	1000.0	1412.4590391433064	0.0	0	0.0	4539.296509475716	1	0	1	-0.2327228906183504
43819.57301555966	500.0	1719.7234939160523	0.0	0	0.0	4539.296509475716	1	0	1	-0.9258700711782958
44605.58472552862	1000.0	1933.711783947097	0.0	0	0.0	4539.296509475724	1	0	1	-0.23272289061835538
46254.68913792048	2000.0	1119.6969303160486	0.0	0	0.0	4374.386068236534	1	0	2	0.13305115097354098
47703.845771731525	1000.0	670.5402965050007	0.0	0	0.0	4374.386068236527	1	0	1	-0.3370122630722975
48580.033966868556	500.0	794.3521013679722	0.0	0	0.0	4374.386068236527	1	0	1	-0.8301594436322429
49306.77501876344	500.0	1067.6110494730842	0.0	0	0.0	4374.386068236527	1	0	1	-0.13701226307229758
49950.83569136471	500.0	1423.550376871815	0.0	0	0.0	4374.386068236534	1	0	1	-0.13701226307230147
51047.68669717471	1000.0	1326.6993710618071	0.0	0	0.0	4374.386068236534	1	0	1	-0.1370122630723014
51782.04819597803	500.0	1592.3378722584828	0.0	0	0.0	4374.386068236534	1	0	1	-0.8301594436322468
52554.437159899266	500.0	1819.948908337243	0.0	0	0.0	4374.386068236534	1	0	1	-0.13701226307230147
53247.52566763336	500.0	2126.8604006031474	0.0	0	0.0	4374.386068236534	1	0	1	-0.13701226307230147
55078.91027034915	1000.0	1295.475797887346	0.0	0	0.0	4374.386068236534	1	0	1	-0.1370122630723014
55836.75761741558	500.0	1537.6284508209296	0.0	0	0.0	4374.386068236534	1	0	1	-0.8301594436322468
56335.46811696836	500.0	2038.9179512681442	0.0	0	0.0	4374.386068236534	1	0	1	-0.13701226307230147
58740.5235351641	1000.0	633.8625330724111	0.0	0	0.0	4374.386068236541	1	0	1	-0.1370122630723053
59395.95633027563	500.0	978.4297379608786	0.0	0	0.0	4374.386068236548	1	0	1	-0.8301594436322546
59733.50558505978	500.0	1640.88048317673	0.0	0	0.0	4374.386068236548	1	0	1	-0.13701226307230924
60598.09044014456	1000.0	1776.2956280919539	0.0	0	0.0	4374.386068236548	1	0	1	-0.13701226307230918
61971.853319162634	1000.0	1402.5327490738805	0.0	0	0.0	4374.386068236541	1	0	1	0.5561349174876401
62600.980204472784	500.0	1773.4058637637263	0.0	0	0.0	4374.386068236541	1	0	1	-0.8301594436322507
63261.871648309025	1000.0	2112.514419927479	0.0	0	0.0	4374.386068236541	1	0	1	-0.1370122630723053
64171.33336263941	2000.0	2112.106534164066	0.0	0	0.0	4283.439896803509	1	0	2	0.19333860662066005
65525.39212891064	2000.0	1622.6418912657196	0.0	0	0.0	4148.034020176383	1	0	2	1.1468355831631096
66628.57198140192	1000.0	1519.4620387744262	0.0	0	0.0	4148.034020176383	1	0	1	-0.22185281824812234
67757.20108558572	1000.0	1390.8329345906327	0.0	0	0.0	4148.034020176383	1	0	1	0.6712943623118272
68758.21400906496	1000.0	1389.8200111113845	0.0	0	0.0	4148.034020176368	1	0	1	0.6712943623118293
69604.90434708155	1000.0	1543.1296730947702	0.0	0	0.0	4148.034020176339	1	0	1	0.6712943623118388
71122.26188176798	2000.0	874.0363849397161	0.0	0	0.0	3996.298266707716	1	0	2	0.3192133845222703
72638.3943566784	1000.0	357.9039100292826	0.0	0	0.0	3996.298266707716	1	0	1	-0.15454312880423587
73408.50755494535	500.0	613.8395189976901	26.0488072353578	0	0.0	4022.347073943063	1	0	1	-0.8150009467300006
74397.41556688241	500.0	624.9315070606237	0.0	0	0.0	4022.347073943063	1	0	1	0.03443907724209182
75395.03423330153	500.0	627.312840641511	0.0	0	0.0	4022.3470739430777	1	0	1	0.03443907724208571
76677.50608780805	500.0	453.06473042357726	108.22374428858564	0	0.0	4130.570818231674	1	0	1	-0.6630574884398222
77363.54341163718	500.0	767.0274065944527	0.0	0	0.0	4130.570818231674	1	0	1	-0.013715022708308336
77945.91218920714	500.0	1184.6586290244902	0.0	0	0.0	4130.570818231674	1	0	1	-0.013715022708308336
78380.21410725775	500.0	1750.356710973876	0.0	0	0.0	4130.570818231674	1	0	1	-0.013715022708308336
79437.5684092853	1000.0	1693.0024089463368	0.0	0	0.0	4130.5708182316885	1	0	1	-0.013715022708314928
80677.65318928985	1000.0	1452.9176289417892	0.0	0	0.0	4130.570818231674	1	0	1	0.6794321578516371
81285.71257152787	1000.0	1844.8582467037618	0.0	0	0.0	4130.570818231674	1	0	1	0.6794321578516371
82181.73053477332	1000.0	1948.8402834583162	0.0	0	0.0	4130.570818231674	1	0	1	0.6794321578516371
83153.70431697498	1000.0	1976.866501256651	0.0	0	0.0	4130.570818231674	1	0	1	0.6794321578516371
84724.51467110941	1000.0	1406.0561471222259	0.0	0	0.0	4130.570818231674	1	0	1	0.6794321578516371
85312.39888854326	500.0	1818.1719296883887	0.0	0	0.0	4130.5708182316885	1	0	1	-0.7068622032682603
86055.36930083453	1000.0	2075.201517397123	0.0	0	0.0	4130.5708182316885	1	0	1	-0.013715022708314928
88070.41184977547	2000.0	858.6547135620888	0.0	0	0.0	3929.06656333759	1	0	2	0.3457808269199821
88437.53428614169	500.0	1491.5322771958624	0.0	0	0.0	3929.06656333759	1	0	1	-1.5133950536699268
89313.07916897554	1000.0	1615.9873943620212	0.0	0	0.0	3929.06656333759	1	0	1	0.0728993074499642
90150.65948382152	1000.0	1778.4070795160403	0.0	0	0.0	3929.0665633376047	1	0	1	0.7660464880099038
90871.24062795923	1000.0	2057.825935378337	0.0	0	0.0	3929.06656333759	1	0	1	0.7660464880099096
91972.56958125347	2000.0	1846.3640867546635	0.0	0	0.0	3818.9336680081615	1	0	2	0.3972260626132472
93198.63348574862	2000.0	1497.693791809983	0.0	0	0.0	3696.327277558652	1	0	2	1.3324440569596432
94115.63083639885	1000.0	1580.696441159757	0.0	0	0.0	3696.327277558652	1	0	1	-0.04256086025993344
95388.90554607542	1000.0	1307.4217314832033	0.0	0	0.0	3696.327277558652	1	0	1	0.8505863203000119
96742.9840068791	1000.0	953.3432706795345	0.0	0	0.0	3696.3272775586665	1	0	1	0.8505863203000072
97393.09444683544	1000.0	1303.2328307231908	0.0	0	0.0	3696.3272775586665	1	0	1	0.8505863203000072
98148.29055632533	1000.0	1548.036721233303	0.0	0	0.0	3696.3272775586665	1	0	1	0.8505863203000072
99299.38585627939	1000.0	1396.941421279234	0.0	0	0.0	3696.3272775586665	1	0	1	0.8505863203000072
100699.20350826094	1000.0	997.123769297695	0.0	0	0.0	3696.3272775586665	1	0	1	0.8505863203000072
101352.16917857454	1000.0	1344.158098984101	0.0	0	0.0	3696.327277558652	1	0	1	0.8505863203000119
102706.24890290506	1000.0	990.0783746535833	0.0	0	0.0	3696.327277558652	1	0	1	0.8505863203000119
103417.29944780719	1000.0	1279.0278297514433	0.0	0	0.0	3696.327277558652	1	0	1	0.8505863203000119
104090.85916142701	1000.0	1605.468116131638	0.0	0	0.0	3696.327277558652	1	0	1	0.8505863203000119
104782.95449701115	1000.0	1913.3727805475123	0.0	0	0.0	3696.3272775586665	1	0	1	0.8505863203000072
106174.90813170398	2000.0	1382.2237823853939	0.0	0	0.0	3557.1319140894047	1	0	2	0.4794322922600402
107457.10931364368	1000.0	1100.0226004456795	0.0	0	0.0	3557.13191408939	1	0	1	0.0008694801061467361
107962.39078258876	500.0	1594.7411315005918	0.0	0	0.0	3557.13191408939	1	0	1	-0.4922777004537987
109195.7132361727	1000.0	1361.4186779166491	0.0	0	0.0	3557.13191408939	1	0	1	0.2008694801061467
109913.15290141986	1000.0	1643.9790126694993	0.0	0	0.0	3557.13191408939	1	0	1	0.8940166606660921
110958.6172288353	1000.0	1598.5146852540715	0.0	0	0.0	3557.13191408939	1	0	1	0.8940166606660921
112437.31436894134	1000.0	1119.8175451480106	0.0	0	0.0	3557.13191408939	1	0	1	0.8940166606660921
112875.50188251551	500.0	1681.6300315738442	0.0	0	0.0	3557.1319140894047	1	0	1	-0.49227770045380315
114077.67393519114	1000.0	1479.4579788982214	0.0	0	0.0	3557.1319140894047	1	0	1	0.20086948010614225
115016.25844684258	1000.0	1540.8734672467995	0.0	0	0.0	3557.1319140894193	1	0	1	0.8940166606660833
115915.21162454264	1000.0	1641.9202895467354	0.0	0	0.0	3557.131914089434	1	0	1	0.8940166606660791
116876.74361128865	1000.0	1680.3883028007322	0.0	0	0.0	3557.131914089434	1	0	1	0.8940166606660791
117855.10273154991	1000.0	1702.029182539467	0.0	0	0.0	3557.131914089434	1	0	1	0.8940166606660791
118548.28086188655	1000.0	2008.8510522028323	0.0	0	0.0	3557.131914089434	1	0	1	0.8940166606660791
119220.60132625203	1000.0	2336.5305878373556	0.0	0	0.0	3557.131914089434	1	0	1	0.8940166606660791
119960.25049310141	1000.0	2596.8814209879683	0.0	0	0.0	3557.131914089434	1	0	1	0.8940166606660791
121323.41577187218	2000.0	2097.3996143401273	0.0	0	0.0	3420.8153862123727	1	0	2	0.5224066483171346
123102.72658993778	1000.0	1318.088796274542	0.0	0	0.0	3420.8153862123872	1	0	1	0.03875556706196853
123836.63358774167	1000.0	1584.1817984706558	0.0	0	0.0	3420.8153862123872	1	0	1	0.9319027476219139
124563.92383546525	1000.0	1856.8915507470724	0.0	0	0.0	3420.8153862123872	1	0	1	0.9319027476219139
125239.92774568572	1000.0	2180.8876405265864	0.0	0	0.0	3420.8153862123872	1	0	1	0.9319027476219139
126138.72206551104	1000.0	2282.0933207012617	0.0	0	0.0	3420.8153862123872	1	0	1	0.9319027476219139
126770.56789244407	1000.0	2650.247493768219	0.0	0	0.0	3420.8153862123872	1	0	1	0.9319027476219139
128323.98115619956	2000.0	2096.8342300127324	0.0	0	0.0	3420.8153862123727	1	0	1	0.9319027476219177
129388.11751568694	1000.0	2032.697870525358	0.0	0	0.0	3420.8153862123727	1	0	1	0.23875556706197262
130337.86987269751	1000.0	2082.9455135147955	0.0	0	0.0	3420.815386212358	1	0	1	0.9319027476219216
131762.50887180993	1000.0	1658.306514402349	0.0	0	0.0	3420.815386212329	1	0	1	0.9319027476219247
132886.9930957835	1000.0	1533.8222904288202	0.0	0	0.0	3420.8153862123727	1	0	1	0.9319027476219216
133989.91766083645	1000.0	1430.8977253758508	0.0	0	0.0	3420.815386212358	1	0	1	0.9319027476219232
134799.47584240662	1000.0	1621.3395438056964	0.0	0	0.0	3420.8153862123727	1	0	1	0.9319027476219185
135960.574200931	1000.0	1460.241185281286	0.0	0	0.0	3420.815386212402	1	0	1	0.9319027476219117
136915.98850583207	1000.0	1504.8268803802246	0.0	0	0.0	3420.815386212431	1	0	1	0.9319027476219024
138809.46635091704	1000.0	611.3490352952566	0.0	0	0.0	3420.815386212431	1	0	1	0.9319027476219024
139513.27240250894	500.0	907.5429837033383	0.0	0	0.0	3420.815386212431	1	0	1	-0.45439161349798857
140023.08213299586	500.0	1397.7332532163784	0.0	0	0.0	3420.815386212431	1	0	1	0.238755567061957
141450.4145724745	1000.0	970.4008137377591	0.0	0	0.0	3420.815386212431	1	0	1	0.238755567061957
141985.05771258764	500.0	1435.7576736246278	0.0	0	0.0	3420.81538621246	1	0	1	-0.45439161349799584
143085.5621816004	1000.0	1335.2532046118868	0.0	0	0.0	3420.81538621246	1	0	1	0.23875556706194956
144142.71416947947	1000.0	1278.1012167327938	0.0	0	0.0	3420.815386212431	1	0	1	0.9319027476219024
144693.41533675752	500.0	1727.400049454709	0.0	0	0.0	3420.815386212431	1	0	1	-0.45439161349798857
145429.91144442503	1000.0	1990.903941787203	0.0	0	0.0	3420.815386212431	1	0	1	0.238755567061957
146070.09721460816	1000.0	2350.718171604065	0.0	0	0.0	3420.815386212431	1	0	1	0.9319027476219024
146840.45136585442	1000.0	2580.364020357839	0.0	0	0.0	3420.81538621246	1	0	1	0.931902747621895
147885.41609705417	1000.0	2535.3992891580665	0.0	0	0.0	3420.81538621246	1	0	1	0.931902747621895
149488.4528445548	1000.0	1932.3625416574569	0.0	0	0.0	3420.81538621246	1	0	1	0.931902747621895
150688.0460143348	1000.0	1732.7693718774533	0.0	0	0.0	3420.81538621246	1	0	1	0.931902747621895
151712.77314062775	1000.0	1708.0422455845342	0.0	0	0.0	3420.81538621246	1	0	1	0.931902747621895
153527.11905482542	1000.0	893.6963313868436	0.0	0	0.0	3420.81538621246	1	0	1	0.931902747621895
154450.41907803205	500.0	970.3963081802432	0.0	0	0.0	3420.81538621246	1	0	1	-0.45439161349799584
154852.08057911287	500.0	1568.7348070993967	0.0	0	0.0	3420.81538621246	1	0	1	0.23875556706194942
155652.23880446274	1000.0	1768.5765817495205	0.0	0	0.0	3420.81538621246	1	0	1	0.23875556706194956
156932.20163075769	1000.0	1488.613755454619	0.0	0	0.0	3420.81538621246	1	0	1	0.931902747621895
157730.83654510777	1000.0	1689.9788411045372	0.0	0	0.0	3420.815386212431	1	0	1	0.9319027476219008
158639.34082258824	1000.0	1781.4745636240436	0.0	0	0.0	3420.815386212431	1	0	1	0.9319027476219024
159538.46320293905	1000.0	1882.352183273239	0.0	0	0.0	3420.815386212402	1	0	1	0.931902747621904
160645.79712284968	1000.0	1775.018263362634	0.0	0	0.0	3420.815386212402	1	0	1	0.9319027476219148
161822.57352384337	1000.0	1598.2418623689557	0.0	0	0.0	3420.815386212402	1	0	1	0.9319027476219102
162668.81936806915	500.0	1751.996018143157	0.0	0	0.0	3420.8153862123727	1	0	1	-0.45439161349797463
163429.475591866	1000.0	1991.3397943463142	0.0	0	0.0	3420.815386212402	1	0	1	0.23875556706196477
164299.96028077972	1000.0	2120.855105432581	0.0	0	0.0	3420.815386212402	1	0	1	0.9319027476219102
165302.3726562544	1000.0	2118.442729957926	0.0	0	0.0	3420.815386212402	1	0	1	0.9319027476219102
166313.96791323135	1000.0	2106.847472980923	0.0	0	0.0	3420.815386212402	1	0	1	0.9319027476219102
166998.86390151503	1000.0	2421.9514846972324	0.0	0	0.0	3420.815386212431	1	0	1	0.9319027476219024
167958.41800276027	1000.0	2462.3973834519848	0.0	0	0.0	3420.815386212431	1	0	1	0.9319027476219024
168724.83598310413	1000.0	2695.9794031081196	0.0	0	0.0	3420.815386212431	1	0	1	0.9319027476219024
169642.61510565216	1000.0	2778.200280560092	0.0	0	0.0	3420.815386212431	1	0	1	0.9319027476219024
171167.85658847427	1000.0	2252.9587977379792	0.0	0	0.0	3420.815386212402	1	0	1	0.9319027476219102
172211.3196298027	1000.0	2209.495756409573	0.0	0	0.0	3420.815386212402	1	0	1	0.9319027476219102
173626.81018608407	1000.0	1794.0052001281504	0.0	0	0.0	3420.815386212402	1	0	1	0.9319027476219102
174710.86354370698	1000.0	1709.9518425052236	0.0	0	0.0	3420.815386212402	1	0	1	0.9319027476219102
175756.5951005055	1000.0	1664.220285706734	0.0	0	0.0	3420.815386212402	1	0	1	0.9319027476219102
176573.32517765378	1000.0	1847.4902085584688	0.0	0	0.0	3420.8153862123727	1	0	1	0.9319027476219133
177650.22390586336	1000.0	1770.5914803488997	0.0	0	0.0	3420.8153862123727	1	0	1	0.9319027476219178
178677.39937608328	1000.0	1743.4160101289683	0.0	0	0.0	3420.8153862123727	1	0	1	0.9319027476219178
180470.41311727033	1000.0	950.4022689418905	0.0	0	0.0	3420.8153862123727	1	0	1	0.9319027476219178
180899.80681147703	500.0	1521.0085747351982	0.0	0	0.0	3420.8153862123727	1	0	1	-0.4543916134979731
181552.92908889835	1000.0	1867.8862973139098	0.0	0	0.0	3420.8153862123727	1	0	1	0.2387555670619724
182018.05926917598	1000.0	2402.756117036276	0.0	0	0.0	3420.8153862123727	1	0	1	0.9319027476219178
183120.75014751853	2000.0	2300.065238693711	0.0	0	0.0	3420.8153862123727	1	0	1	0.9319027476219177
185340.8276330815	2000.0	1079.9877531307502	0.0	0	0.0	3420.8153862123727	1	0	1	1.625049928181863
186426.95482629573	1000.0	993.8605599165104	0.0	0	0.0	3420.8153862123727	1	0	1	0.23875556706197262
187429.55667372816	500.0	991.2587124840738	0.0	0	0.0	3420.8153862123436	1	0	1	-0.45439161349796536
188028.74290404655	500.0	1392.0724821656997	0.0	0	0.0	3420.8153862123436	1	0	1	0.23875556706197987
188986.82701477277	1000.0	1433.9883714394925	0.0	0	0.0	3420.8153862123436	1	0	1	0.23875556706198
189808.0808265847	1000.0	1612.7345596275502	0.0	0	0.0	3420.8153862123145	1	0	1	0.931902747621933
190803.77518046665	1000.0	1617.0402057455897	0.0	0	0.0	3420.8153862122854	1	0	1	0.9319027476219406
192258.76884459227	1000.0	1162.0465416199527	0.0	0	0.0	3420.8153862122854	1	0	1	0.9319027476219406
192838.83040411188	500.0	1581.9849821003365	0.0	0	0.0	3420.8153862122854	1	0	1	-0.4543916134979503
194081.2323403895	1000.0	1339.5830458227338	0.0	0	0.0	3420.8153862123145	1	0	1	0.23875556706198764
194971.11522333388	1000.0	1449.7001628783423	0.0	0	0.0	3420.8153862122854	1	0	1	0.9319027476219406
196105.04933361424	1000.0	1315.766052597996	0.0	0	0.0	3420.8153862122854	1	0	1	0.9319027476219406
196919.5610451498	500.0	1501.2543410624717	0.0	0	0.0	3420.8153862122854	1	0	1	-0.4543916134979503
198358.94505192921	1000.0	1061.8703342830586	0.0	0	0.0	3420.8153862122854	1	0	1	0.23875556706199516
198978.35792204883	500.0	1442.4574641634017	0.0	0	0.0	3420.8153862122563	1	0	1	-0.45439161349794255
200352.857391772	1000.0	1067.957994440236	0.0	0	0.0	3420.8153862122563	1	0	1	0.23875556706200285
200953.72757177328	500.0	1467.0878144389685	0.0	0	0.0	3420.8153862122563	1	0	1	-0.45439161349794255
202109.60288530693	1000.0	1311.2125009053432	0.0	0	0.0	3420.8153862122854	1	0	1	0.23875556706199516
203055.95997066452	500.0	1364.8554155477066	0.0	0	0.0	3420.8153862122854	1	0	1	-0.4543916134979503
203576.19907179705	500.0	1844.6163144151512	0.0	0	0.0	3420.8153862122854	1	0	1	0.23875556706199513
204807.6093495072	1000.0	1613.206036705009	0.0	0	0.0	3420.8153862122854	1	0	1	0.23875556706199516
206688.0660143682	1000.0	732.7493718440297	0.0	0	0.0	3420.8153862123145	1	0	1	0.931902747621933
207685.46073291026	500.0	735.3546533019689	0.0	0	0.0	3420.8153862123145	1	0	1	-0.4543916134979579
208260.7835908476	500.0	1160.0317953646168	0.0	0	0.0	3420.8153862123145	1	0	1	0.23875556706198756
209214.8543339248	1000.0	1205.9610522874145	0.0	0	0.0	3420.8153862123145	1	0	1	0.23875556706198764
210243.46284149968	1000.0	1177.3525447125216	0.0	0	0.0	3420.8153862123145	1	0	1	0.931902747621933
210900.62442921335	500.0	1520.1909569988416	0.0	0	0.0	3420.8153862123436	1	0	1	-0.45439161349796536
211923.38150160617	1000.0	1497.4338846060182	0.0	0	0.0	3420.8153862123145	1	0	1	0.23875556706198764
212473.7863870507	1000.0	1947.0289991615068	0.0	0	0.0	3420.8153862122854	1	0	1	0.9319027476219345
212891.10944169774	1000.0	2529.70594451446	0.0	0	0.0	3420.8153862122854	1	0	1	0.9319027476219406
214089.89625844432	2000.0	2330.9191277678938	0.0	0	0.0	3420.8153862122854	1	0	1	0.9319027476219407
216608.3834505918	2000.0	812.4319356204237	0.0	0	0.0	3420.8153862122563	1	0	1	1.6250499281818858
217220.29777295844	500.0	1200.517613253785	0.0	0	0.0	3420.815386212227	1	0	1	-1.1475387940578805
218176.7260660812	1000.0	1244.0893201310305	0.0	0	0.0	3420.815386212227	1	0	1	0.23875556706201054
218700.59910122206	1000.0	1720.2162849901283	0.0	0	0.0	3420.815386212227	1	0	1	0.9319027476219559
219321.51827569804	1000.0	2099.2971105141314	0.0	0	0.0	3420.815386212227	1	0	1	0.9319027476219559
221374.8418219591	2000.0	1045.9735642530543	0.0	0	0.0	3420.8153862122563	1	0	1	0.9319027476219512
222144.4505188497	500.0	1276.3648673624143	0.0	0	0.0	3420.8153862122854	1	0	1	-1.1475387940578952
223338.5990784226	500.0	1082.2163077895668	0.0	0	0.0	3420.8153862122854	1	0	1	0.23875556706199513
224166.56693202912	500.0	1254.2484541830231	0.0	0	0.0	3420.8153862123145	1	0	1	0.23875556706198756
225030.71814749957	500.0	1390.097238712555	0.0	0	0.0	3420.8153862122854	1	0	1	0.23875556706199513
225651.73234412065	500.0	1769.0830420914806	0.0	0	0.0	3420.8153862123145	1	0	1	0.23875556706198756
226905.0437169261	1000.0	1515.7716692860527	0.0	0	0.0	3420.8153862123145	1	0	1	0.23875556706198764
227848.61010075995	1000.0	1572.2052854522162	0.0	0	0.0	3420.8153862123145	1	0	1	0.931902747621933
228766.03374829105	1000.0	1654.78163792116	0.0	0	0.0	3420.8153862123145	1	0	1	0.931902747621933
229645.84003963225	1000.0	1774.9753465799722	0.0	0	0.0	3420.8153862122854	1	0	1	0.9319027476219375
230395.51050496192	1000.0	2025.3048812503139	0.0	0	0.0	3420.8153862122854	1	0	1	0.9319027476219406
231030.5128315173	1000.0	2390.3025546949557	0.0	0	0.0	3420.8153862122854	1	0	1	0.9319027476219406
233300.0237698027	2000.0	1120.7916164095327	0.0	0	0.0	3420.8153862122854	1	0	1	0.9319027476219407
234140.89435099467	500.0	1279.921035217551	0.0	0	0.0	3420.8153862122854	1	0	1	-1.1475387940578952
235068.16937700563	1000.0	1352.646009206579	0.0	0	0.0	3420.8153862123145	1	0	1	0.23875556706198764
235937.6358992236	1000.0	1483.1794869885925	0.0	0	0.0	3420.8153862123145	1	0	1	0.931902747621933
237179.2258780019	1000.0	1241.5895082102434	0.0	0	0.0	3420.8153862123436	1	0	1	0.9319027476219254
238288.54062228877	1000.0	1132.274763923383	0.0	0	0.0	3420.8153862123436	1	0	1	0.9319027476219254
239099.58558159147	1000.0	1321.2298046206747	0.0	0	0.0	3420.8153862123436	1	0	1	0.9319027476219254
239763.98227953818	1000.0	1656.8331066739847	0.0	0	0.0	3420.8153862123436	1	0	1	0.9319027476219254
240483.31516978698	1000.0	1937.5002164251694	0.0	0	0.0	3420.8153862123436	1	0	1	0.9319027476219254
241967.88813165034	2000.0	1304.4699583754727	0.0	0	0.0	3272.358090026042	1	0	2	0.5576075707258796
242730.05693652562	1000.0	1542.301153500188	0.0	0	0.0	3272.3580900260713	1	0	1	0.07526875517494941
243983.80348481867	1000.0	1288.5546052071527	0.0	0	0.0	3272.3580900260713	1	0	1	0.9684159357348922
244853.6789124254	1000.0	1418.6791776003943	0.0	0	0.0	3272.3580900260713	1	0	1	0.9684159357348922
245919.33767944	1000.0	1353.0204105857758	0.0	0	0.0	3272.358090026042	1	0	1	0.9684159357348988
246611.95158294216	1000.0	1660.4065070836607	0.0	0	0.0	3272.358090026042	1	0	1	0.9684159357348988
247375.8733684444	1000.0	1896.4847215814225	0.0	0	0.0	3272.358090026042	1	0	1	0.9684159357348988
248629.40342267533	1000.0	1642.954667350478	0.0	0	0.0	3272.3580900260713	1	0	1	0.9684159357348922
249643.96720485226	1000.0	1628.3908851735582	0.0	0	0.0	3272.3580900260713	1	0	1	0.9684159357348922
250270.63950193563	1000.0	2001.7185880902111	0.0	0	0.0	3272.3580900260713	1	0	1	0.9684159357348922
251714.57377010482	1000.0	1557.7843199210429	0.0	0	0.0	3272.3580900260713	1	0	1	0.9684159357348922
252477.96538875086	1000.0	1794.3927012750053	0.0	0	0.0	3272.3580900261295	1	0	1	0.968415935734884
252973.22437480214	1000.0	2299.133715223729	0.0	0	0.0	3272.3580900261295	1	0	1	0.9684159357348787
254742.12868259443	2000.0	1530.2294074314177	0.0	0	0.0	3272.3580900261295	1	0	1	0.9684159357348787
256266.59856546097	1000.0	1005.7595245648877	0.0	0	0.0	3272.3580900261295	1	0	1	0.27526875517493354
256867.29464148	500.0	1405.063448545862	0.0	0	0.0	3272.3580900261295	1	0	1	-0.4178784253850121
257755.74588255453	1000.0	1516.6122074713076	0.0	0	0.0	3272.3580900261004	1	0	1	0.27526875517494
259102.89509872723	1000.0	1169.4629912986143	0.0	0	0.0	3272.3580900261004	1	0	1	0.9684159357348854
260315.66662382646	1000.0	956.6914661993765	0.0	0	0.0	3272.3580900261004	1	0	1	0.9684159357348854
260974.05213603197	500.0	1298.305953993866	0.0	0	0.0	3272.3580900261004	1	0	1	-0.4178784253850054
262152.6478968593	1000.0	1119.7101931665513	0.0	0	0.0	3272.3580900261295	1	0	1	0.2752687551749333
263004.04237732664	1000.0	1268.3157126992396	0.0	0	0.0	3272.3580900261877	1	0	1	0.9684159357348734
263891.9567196972	1000.0	1380.401370328705	0.0	0	0.0	3272.358090026246	1	0	1	0.9684159357348558
264711.9071822702	1000.0	1560.4509077557918	0.0	0	0.0	3272.358090026304	1	0	1	0.9684159357348452
265412.5949673529	1000.0	1859.7631226730214	0.0	0	0.0	3272.358090026275	1	0	1	0.9684159357348385
266532.5344513169	1000.0	1739.8236387090608	0.0	0	0.0	3272.3580900263623	1	0	1	0.9684159357348358
267448.82186708134	1000.0	1823.5362229446164	0.0	0	0.0	3272.3580900264205	1	0	1	0.9684159357348116
268221.25649667205	1000.0	2051.1015933539124	0.0	0	0.0	3272.3580900264205	1	0	1	0.9684159357348116
268959.64210137713	1000.0	2312.715988648857	0.0	0	0.0	3272.3580900264787	1	0	1	0.9684159357347982
269990.1981391472	1000.0	2282.1599508788026	0.0	0	0.0	3272.3580900264787	1	0	1	0.9684159357347982
271170.9092327809	1000.0	2101.4488572451096	0.0	0	0.0	3272.3580900264205	1	0	1	0.9684159357348089
272668.1289788756	1000.0	1604.2291111504096	0.0	0	0.0	3272.3580900263623	1	0	1	0.9684159357348169
273708.5207455976	1000.0	1563.8373444283427	0.0	0	0.0	3272.358090026304	1	0	1	0.9684159357348332
274417.79902007175	1000.0	1854.5590699542527	0.0	0	0.0	3272.358090026246	1	0	1	0.9684159357348519
275219.03025641997	1000.0	2053.32783360597	0.0	0	0.0	3272.358090026246	1	0	1	0.9684159357348519
275852.8383049336	1000.0	2419.5197850922973	0.0	0	0.0	3272.358090026246	1	0	1	0.9684159357348519
277549.36251328175	2000.0	1722.9955767442148	0.0	0	0.0	3272.358090026246	1	0	1	0.9684159357348517
278271.2449220239	1000.0	2001.113168002105	0.0	0	0.0	3272.358090026246	1	0	1	0.2752687551749066
279513.57493589475	1000.0	1758.7831541312394	0.0	0	0.0	3272.358090026246	1	0	1	0.9684159357348519
280724.06209713384	1000.0	1548.2959928921682	0.0	0	0.0	3272.3580900261877	1	0	1	0.96841593573486
281538.1184387019	1000.0	1734.239651324117	0.0	0	0.0	3272.3580900261877	1	0	1	0.9684159357348653
282319.3444403064	1000.0	1953.0136497195572	0.0	0	0.0	3272.358090026246	1	0	1	0.9684159357348519
283069.26750818413	1000.0	2203.090581841849	0.0	0	0.0	3272.358090026246	1	0	1	0.9684159357348519
283979.4546083752	1000.0	2292.9034816507865	0.0	0	0.0	3272.358090026246	1	0	1	0.9684159357348519
285292.71713838726	1000.0	1979.6409516387484	0.0	0	0.0	3272.358090026246	1	0	1	0.9684159357348519
286382.7864074438	1000.0	1889.5716825821855	0.0	0	0.0	3272.358090026246	1	0	1	0.9684159357348519
288234.8837706461	1000.0	1037.4743193798909	0.0	0	0.0	3272.358090026304	1	0	1	0.9684159357348385
288933.349713573	500.0	1339.0083764529688	0.0	0	0.0	3272.358090026304	1	0	1	-0.4178784253850525
290388.9305335452	1000.0	883.4275564807959	0.0	0	0.0	3272.358090026304	1	0	1	0.2752687551748931
290849.3563805848	500.0	1423.001709441224	0.0	0	0.0	3272.358090026304	1	0	1	-0.4178784253850525
291624.0646562165	1000.0	1648.2934338095565	0.0	0	0.0	3272.358090026246	1	0	1	0.2752687551748984
292563.19197195146	1000.0	1709.1661180746175	0.0	0	0.0	3272.358090026304	1	0	1	0.9684159357348385
293651.9896649866	1000.0	1620.3684250394763	0.0	0	0.0	3272.358090026246	1	0	1	0.9684159357348519
294462.5647148113	1000.0	1809.7933752148201	0.0	0	0.0	3272.358090026246	1	0	1	0.9684159357348519
295550.42162058543	1000.0	1721.9364694406684	0.0	0	0.0	3272.358090026304	1	0	1	0.9684159357348492
297095.69035433733	1000.0	1176.6677356887208	0.0	0	0.0	3272.358090026304	1	0	1	0.9684159357348385
298032.2399607039	500.0	1240.1181293221239	0.0	0	0.0	3272.358090026304	1	0	1	-0.4178784253850525
298903.2447634854	500.0	1369.1133265406743	0.0	0	0.0	3272.358090026304	1	0	1	0.27526875517489297
299650.3449277453	500.0	1622.0131622807642	0.0	0	0.0	3272.358090026304	1	0	1	0.27526875517489297
301017.65026566095	1000.0	1254.7078243651665	0.0	0	0.0	3272.3580900263623	1	0	1	0.2752687551748796
302353.63754327345	500.0	918.7205467526845	0.0	0	0.0	3272.3580900263623	1	0	1	-0.4178784253850659
1.14	0.95	0.89	1.22	1.45	0.79	1.09	0.61	1.17	1.42	0.81	1.0	1.24	1.22	1.01	0.92	0.9	0.71	0.73	0.74	1.15	1.16	1.04	0.89	0.68	0.73	0.95	1.78	1.52	0.94	1.14	0.75	0.65	1.18	1.26	0.86	0.81	0.75	0.95	1.18	1.4	0.73	0.63	0.83	0.98	0.89	0.75	0.7	0.75	0.74	1.0	0.38	0.6	0.98	1.24	0.73	0.81	1.39	2.05	1.68	0.82	1.02	0.96	1.31	1.82	1.37	0.65	0.64	0.46	0.57	0.44	0.94	0.94	1.11	0.91	1.31	1.4	0.96	0.73	0.85	1.3	0.89	1.12	1.29	1.51	1.46	1.67	1.4	1.15	0.97	0.81	1.36	1.49	0.94	0.88	1.22	0.83	1.24	1.58	1.56	0.78	0.72	0.9	1.0	1.07	0.83	0.82	1.1	1.14	1.17	1.6	1.07	1.16	1.37	1.29	1.19	0.57	0.83	1.16	1.47	1.4	1.46	1.11	1.34	1.08	0.86	1.22	1.12	0.97	0.97	1.12	0.89	0.59	0.74	0.86	0.8	0.98	0.93	0.7	1.03	1.19	0.95	0.61	0.66	0.76	1.15	0.59	0.46	0.67	1.05	1.14	0.95	0.89	1.22	1.45	0.79	1.09	0.61	1.17	1.42	0.81	1.0	1.24	1.22	1.01	0.92	0.9	0.71	0.73	0.74	1.15	1.16	1.04	0.89	0.68	0.73	0.95	1.78	1.52	0.94	1.14	0.75	0.65	1.18	1.26	0.86	0.81	0.75	0.95	1.18	1.4	0.73	0.63	0.83	0.98	0.89	0.75	0.7	0.75	0.74	1.0	0.38	0.6	0.98	1.24	0.73	0.81	1.39	2.05	1.68	0.82	1.02	0.96	1.31	1.82	1.37	0.65	0.64	0.46	0.57	0.44	0.94	0.94	1.11	0.91	1.31	1.4	0.96	0.73	0.85	1.3	0.89	1.12	1.29	1.51	1.46	1.67	1.4	1.15	0.97	0.81	1.36	1.49	0.94	0.88	1.22	0.83	1.24	1.58	1.56	0.78	0.72	0.9	1.0	1.07	0.83	0.82	1.1	1.14	1.17	1.6	1.07	1.16	1.37	1.29	1.19	0.57	0.83	1.16	1.47	1.4	1.46	1.11	1.34	1.08	0.86	1.22	1.12	0.97	0.97	1.12	0.89	0.59	0.74	0.86	0.8	0.98	0.93	0.7	1.03	1.19	0.95	0.61	0.66	0.76	1.15	0.59	0.46	0.67	1.05
1.0	2.0	3.0	4.0	5.0	6.0	7.0	8.0	9.0	10.0	11.0	12.0	13.0	14.0	15.0	16.0	17.0	18.0	19.0	20.0	21.0	22.0	23.0	24.0	25.0	26.0	27.0	28.0	29.0	30.0	31.0	32.0	33.0	34.0	35.0	36.0	37.0	38.0	39.0	40.0	41.0	42.0	43.0	44.0	45.0	46.0	47.0	48.0	49.0	50.0	51.0	52.0	53.0	54.0	55.0	56.0	57.0	58.0	59.0	60.0	61.0	62.0	63.0	64.0	65.0	66.0	67.0	68.0	69.0	70.0	71.0	72.0	73.0	74.0	75.0	76.0	77.0	78.0	79.0	80.0	81.0	82.0	83.0	84.0	85.0	86.0	87.0	88.0	89.0	90.0	91.0	92.0	93.0	94.0	95.0	96.0	97.0	98.0	99.0	100.0	101.0	102.0	103.0	104.0	105.0	106.0	107.0	108.0	109.0	110.0	111.0	112.0	113.0	114.0	115.0	116.0	117.0	118.0	119.0	120.0	121.0	122.0	123.0	124.0	125.0	126.0	127.0	128.0	129.0	130.0	131.0	132.0	133.0	134.0	135.0	136.0	137.0	138.0	139.0	140.0	141.0	142.0	143.0	144.0	145.0	146.0	147.0	148.0	149.0	149.0	150.0	151.0	152.0	153.0	154.0	155.0	156.0	157.0	158.0	159.0	160.0	161.0	162.0	163.0	164.0	165.0	166.0	167.0	168.0	169.0	170.0	171.0	172.0	173.0	174.0	175.0	176.0	177.0	178.0	179.0	180.0	181.0	182.0	183.0	184.0	185.0	186.0	187.0	188.0	189.0	190.0	191.0	192.0	193.0	194.0	195.0	196.0	197.0	198.0	199.0	200.0	201.0	202.0	203.0	204.0	205.0	206.0	207.0	208.0	209.0	210.0	211.0	212.0	213.0	214.0	215.0	216.0	217.0	218.0	219.0	220.0	221.0	222.0	223.0	224.0	225.0	226.0	227.0	228.0	229.0	230.0	231.0	232.0	233.0	234.0	235.0	236.0	237.0	238.0	239.0	240.0	241.0	242.0	243.0	244.0	245.0	246.0	247.0	248.0	249.0	250.0	251.0	252.0	253.0	254.0	255.0	256.0	257.0	258.0	259.0	260.0	261.0	262.0	263.0	264.0	265.0	266.0	267.0	268.0	269.0	270.0	271.0	272.0	273.0	274.0	275.0	276.0	277.0	278.0	279.0	280.0	281.0	282.0	283.0	284.0	285.0	286.0	287.0	288.0	289.0	290.0	291.0	292.0	293.0	294.0	295.0	296.0	297.0	298.0	298.0
5431.175504538681
