3306.513663589428	300.0	2000.0	214.2946157875372	0	0.0	3306.513663589428	1	0	1	-1.5179946811343634
4618.420131545026	2000.0	1688.093532044401	0.0	0	0.0	3306.5136635894273	1	0	1	-0.24354474068576815
5900.34627534114	1000.0	1406.1673882482864	0.0	0	0.0	3306.513663589427	1	0	1	0.267280883080223
7075.7880846611915	1000.0	1230.7255789282356	0.0	0	0.0	3306.5136635894273	1	0	1	0.9604280636401682
8393.515229226346	1000.0	912.9984343630814	0.0	0	0.0	3306.5136635894287	1	0	1	0.9604280636401679
8866.466603797353	500.0	1440.047059792074	0.0	0	0.0	3306.5136635894287	1	0	1	-0.42586629747972304
9561.72525489661	1000.0	1744.788408692818	0.0	0	0.0	3306.5136635894296	1	0	1	0.26728088308022235
10388.268724313368	1000.0	1918.244939276059	0.0	0	0.0	3306.5136635894287	1	0	1	0.9604280636401676
11450.67908880647	2000.0	1855.834574782959	0.0	0	0.0	3306.5136635894296	1	0	1	0.9604280636401679
12247.653017080691	2000.0	2058.8606465087364	0.0	0	0.0	3306.5136635894287	1	0	1	1.6535752442001128
12878.834863386794	2000.0	2427.6788002026315	0.0	0	0.0	3306.5136635894287	1	0	1	1.6535752442001128
13853.915273251856	2000.0	2452.598390337567	0.0	0	0.0	3306.5136635894287	1	0	1	1.6535752442001128
15085.609518384801	2000.0	2220.904145204623	0.0	0	0.0	3306.5136635894287	1	0	1	1.6535752442001128
16315.773098092277	2000.0	1990.7405654971465	0.0	0	0.0	3306.5136635894287	1	0	1	1.6535752442001128
17227.784247854535	1000.0	2078.7294157348883	0.0	0	0.0	3306.5136635894287	1	0	1	0.26728088308022246
18780.43981976848	2000.0	1370.808286629546	0.0	0	0.0	3151.2481063980285	1	0	2	0.5866645130565593
19594.703811332507	1000.0	1556.5442950655156	0.0	0	0.0	3151.2481063980267	1	0	1	0.10173263922574713
20102.57467067689	1000.0	2048.673435721135	0.0	0	0.0	3151.2481063980267	1	0	1	0.9948798197856923
21289.062448891047	2000.0	1862.185657506979	0.0	0	0.0	3151.248106398023	1	0	1	0.9948798197856931
21768.575800075185	1000.0	2382.672306322841	0.0	0	0.0	3151.2481063980194	1	0	1	0.30173263922574867
23233.646346945374	2000.0	1917.6017594526534	0.0	0	0.0	3151.248106398016	1	0	1	0.9948798197856945
24158.75148734911	1000.0	1992.4966190489222	0.0	0	0.0	3151.2481063980194	1	0	1	0.30173263922574867
24761.008586378004	1000.0	2390.2395200200294	0.0	0	0.0	3151.2481063980194	1	0	1	0.9948798197856938
26107.502925243894	2000.0	2043.745181154143	0.0	0	0.0	3151.2481063980194	1	0	1	0.9948798197856938
26748.723402472304	1000.0	2402.524703925736	0.0	0	0.0	3151.2481063980194	1	0	1	0.30173263922574867
27648.277814269804	2000.0	2502.9702921282333	0.0	0	0.0	3151.2481063980194	1	0	1	0.9948798197856938
28938.14709037492	2000.0	2213.1010160231135	0.0	0	0.0	3151.2481063980194	1	0	1	1.688027000345639
29553.221655325902	2000.0	2598.026451072136	0.0	0	0.0	3151.2481063980194	1	0	1	1.688027000345639
30346.89555748203	2000.0	2804.3525489160133	0.0	0	0.0	3151.2481063980194	1	0	1	1.688027000345639
32009.069190089158	2000.0	2142.1789163088856	0.0	0	0.0	3151.248106398023	1	0	1	1.6880270003456381
34176.88015567195	2000.0	974.3679507260975	0.0	0	0.0	3151.248106398023	1	0	1	1.6880270003456381
35192.93725857033	1000.0	958.310847827723	0.0	0	0.0	3151.248106398034	1	0	1	0.3017326392257467
35830.68483513015	1000.0	1320.5632712679014	0.0	0	0.0	3151.2481063980304	1	0	1	0.9948798197856908
36397.34841746034	1000.0	1753.8996889377077	0.0	0	0.0	3151.2481063980304	1	0	1	0.9948798197856916
37497.0354617056	2000.0	1654.2126446924437	0.0	0	0.0	3151.2481063980304	1	0	1	0.9948798197856916
38306.15240944212	2000.0	1845.0956969559165	0.0	0	0.0	3151.2481063980304	1	0	1	1.6880270003456368
39969.103632321494	2000.0	1182.144474076537	0.0	0	0.0	3151.2481063980304	1	0	1	1.6880270003456368
40405.90694528106	1000.0	1745.3411611169704	0.0	0	0.0	3151.2481063980304	1	0	1	0.30173263922574645
41594.340337243935	2000.0	1556.9077691540904	0.0	0	0.0	3151.2481063980304	1	0	1	0.9948798197856916
43346.557056160746	2000.0	804.6910502372857	0.0	0	0.0	3151.2481063980304	1	0	1	1.6880270003456368
44116.06072189771	1000.0	1035.1873845003213	0.0	0	0.0	3151.2481063980304	1	0	1	0.30173263922574645
45079.97263605078	1000.0	1071.2754703472458	0.0	0	0.0	3151.248106398023	1	0	1	0.9948798197856932
46161.76616606737	1000.0	989.4819403306578	0.0	0	0.0	3151.248106398016	1	0	1	0.9948798197856945
47139.60608698793	1000.0	1011.6420194100975	0.0	0	0.0	3151.2481063980085	1	0	1	0.9948798197856962
47856.44902875654	1000.0	1294.7990776414865	0.0	0	0.0	3151.2481063980085	1	0	1	0.9948798197856962
48656.254039823274	1000.0	1494.9940665747552	0.0	0	0.0	3151.2481063980013	1	0	1	0.9948798197856976
49384.63704472909	1000.0	1766.6110616689414	0.0	0	0.0	3151.2481063980013	1	0	1	0.9948798197856976
50336.609160126645	2000.0	1814.6389462713855	0.0	0	0.0	3151.2481063980013	1	0	1	0.9948798197856975
52114.227589970644	2000.0	1037.020516427382	0.0	0	0.0	3151.2481063980013	1	0	1	1.6880270003456426
52767.39408284761	1000.0	1383.8540235504136	0.0	0	0.0	3151.248106397994	1	0	1	0.30173263922575405
53859.177523580554	1000.0	1292.0705828174684	0.0	0	0.0	3151.248106397994	1	0	1	0.9948798197856992
54775.75237630114	1000.0	1375.4957300968833	0.0	0	0.0	3151.248106397994	1	0	1	0.9948798197856992
55423.82817994372	1000.0	1727.4199264543079	0.0	0	0.0	3151.248106397994	1	0	1	0.9948798197856992
56121.44649190307	1000.0	2029.8016144949452	0.0	0	0.0	3151.248106397994	1	0	1	0.9948798197856992
57342.91875842815	2000.0	1808.3293479698643	0.0	0	0.0	3151.248106397994	1	0	1	0.9948798197856992
58163.79514323046	2000.0	1987.4529631675584	0.0	0	0.0	3151.2481063980013	1	0	1	1.6880270003456426
58825.83451556645	2000.0	2325.413590831568	0.0	0	0.0	3151.248106397994	1	0	1	1.6880270003456443
61138.71140726449	2000.0	1012.5366991335259	0.0	0	0.0	3151.248106397994	1	0	1	1.6880270003456443
61744.831749986544	500.0	1406.416356411479	0.0	0	0.0	3151.248106397994	1	0	1	-1.084561721894137
62730.55960827676	1000.0	1420.688498121266	0.0	0	0.0	3151.2481063980013	1	0	1	0.30173263922575216
63314.715364730684	1000.0	1836.5327416673388	0.0	0	0.0	3151.2481063980013	1	0	1	0.9948798197856976
63889.00225177638	1000.0	2262.2458546216526	0.0	0	0.0	3151.2481063980085	1	0	1	0.9948798197856962
65146.285573109126	2000.0	2004.9625332889032	0.0	0	0.0	3151.2481063980085	1	0	1	0.9948798197856961
66143.3774465174	2000.0	1908.1614725397824	0.0	0	0.0	3051.538919057166	1	0	2	1.303108315589843
66695.20563736197	1000.0	2356.333281695213	0.0	0	0.0	3051.5389190571586	1	0	1	0.12147893404308313
67568.47144414965	2000.0	2483.0674749075356	0.0	0	0.0	3051.538919057166	1	0	1	1.0146261146030287
68727.27023349832	2000.0	2324.268685558869	0.0	0	0.0	3051.5389190571586	1	0	1	1.7077732951629736
70340.16036162867	2000.0	1711.378557428519	0.0	0	0.0	3051.5389190571586	1	0	1	1.7077732951629736
71099.02338969022	1000.0	1952.515529366979	0.0	0	0.0	3051.538919057173	1	0	1	0.3214789340430805
72167.81381933464	1000.0	1883.7250997225651	0.0	0	0.0	3051.538919057173	1	0	1	1.0146261146030258
73355.04258541027	2000.0	1577.7734570393764	0.0	0	0.0	2932.8160424496164	1	0	2	0.6295793123361564
74334.50586130907	1000.0	1598.310181140576	0.0	0	0.0	2932.8160424496164	1	0	1	0.14279066125540163
74973.27693016437	1000.0	1959.539112285274	0.0	0	0.0	2932.8160424496164	1	0	1	1.0359378418153469
75638.34555990723	1000.0	2294.4704825424155	0.0	0	0.0	2932.816042449602	1	0	1	1.0359378418153495
77417.11698170484	2000.0	1515.6990607448017	0.0	0	0.0	2932.816042449602	1	0	1	1.0359378418153495
78605.76210133154	1000.0	1327.053941118099	0.0	0	0.0	2932.816042449602	1	0	1	0.3427906612554043
79564.04333953792	1000.0	1368.7727029117198	0.0	0	0.0	2932.816042449602	1	0	1	1.0359378418153495
80384.27284831846	1000.0	1548.5431941311774	0.0	0	0.0	2932.816042449602	1	0	1	1.0359378418153495
80953.98991660205	1000.0	1978.8261258475754	0.0	0	0.0	2932.816042449602	1	0	1	1.0359378418153495
81614.30750756351	1000.0	2318.5085348861094	0.0	0	0.0	2932.816042449602	1	0	1	1.0359378418153495
83146.1524907194	2000.0	1786.6635517302184	0.0	0	0.0	2932.816042449602	1	0	1	1.0359378418153495
84305.34947669267	1000.0	1627.4665657569494	0.0	0	0.0	2932.816042449602	1	0	1	0.3427906612554043
85425.94713266555	1000.0	1506.8689097840745	0.0	0	0.0	2932.8160424495873	1	0	1	1.035937841815352
86275.7121393536	1000.0	1657.1039030960126	0.0	0	0.0	2932.8160424495873	1	0	1	1.035937841815352
86962.77738183497	1000.0	1970.0386606146546	0.0	0	0.0	2932.8160424495873	1	0	1	1.035937841815352
88431.14763383678	2000.0	1501.6684086128457	0.0	0	0.0	2932.8160424495873	1	0	1	1.035937841815352
89172.98868851193	1000.0	1759.8273539376828	0.0	0	0.0	2932.8160424495873	1	0	1	0.3427906612554068
90227.33822384206	2000.0	1705.4778186075673	0.0	0	0.0	2932.8160424495873	1	0	1	1.035937841815352
91431.98867190817	2000.0	1500.8273705414479	0.0	0	0.0	2932.8160424495873	1	0	1	1.7290850223752972
92551.47574721115	1000.0	1381.340295238452	0.0	0	0.0	2932.8160424495727	1	0	1	0.3427906612554093
93223.73799283593	1000.0	1709.0780496136863	0.0	0	0.0	2932.8160424495727	1	0	1	1.0359378418153544
94044.9800189599	1000.0	1887.836023489711	0.0	0	0.0	2932.8160424495727	1	0	1	1.0359378418153544
94997.99206105979	2000.0	1934.823981389805	0.0	0	0.0	2932.8160424495727	1	0	1	1.0359378418153544
95776.86305261771	2000.0	2155.9529898318838	0.0	0	0.0	2932.816042449558	1	0	1	1.729085022375302
96306.43062517124	2000.0	2626.3854172783526	0.0	0	0.0	2932.816042449558	1	0	1	1.729085022375302
97200.0	2000.0	2732.816042449601	0.0	0	311.64922008503345	2932.816042449558	1	0	1	1.729085022375302
98458.98894000465	2000.0	2473.827102444945	0.0	0	0.0	2932.8160424495436	1	0	1	1.7290850223753047
100350.96673839244	2000.0	1581.8493040571568	0.0	0	0.0	2932.8160424495436	1	0	1	1.7290850223753047
101372.24334055642	1000.0	1560.572701893187	0.0	0	0.0	2932.8160424495436	1	0	1	0.3427906612554143
102358.30281453906	1000.0	1574.5132279105599	0.0	0	0.0	2932.816042449529	1	0	1	1.035937841815362
102994.7449670417	1000.0	1938.0710754079075	0.0	0	0.0	2932.816042449529	1	0	1	1.035937841815362
104143.8502724395	2000.0	1674.0552394703539	0.0	0	0.0	2817.905511909761	1	0	2	0.6500389371208107
105371.56030303476	2000.0	1446.3452088750867	0.0	0	0.0	2817.905511909761	1	0	1	1.5476299702460388
105831.26998576075	1000.0	1986.6355261490912	0.0	0	0.0	2817.9055119097757	1	0	1	0.36133560912614654
107295.40547189904	2000.0	1522.5000400108177	0.0	0	0.0	2817.9055119097757	1	0	1	1.0544827896860918
108836.16997927596	2000.0	981.7355326338835	0.0	0	0.0	2817.9055119097757	1	0	1	1.7476299702460367
110005.0642577956	1000.0	812.8412541142426	0.0	0	0.0	2817.9055119097757	1	0	1	0.36133560912614654
110546.25867819095	500.0	1271.6468337189044	0.0	0	0.0	2817.9055119097757	1	0	1	-0.3318115714337991
111241.91784338755	1000.0	1575.9876685223126	0.0	0	0.0	2817.9055119097757	1	0	1	0.3613356091261463
112063.85278890921	1000.0	1754.0527230006542	0.0	0	0.0	2817.9055119097757	1	0	1	1.0544827896860918
112986.73796537836	2000.0	1831.1675465315045	0.0	0	0.0	2817.9055119097757	1	0	1	1.0544827896860918
113840.24918893522	2000.0	1977.6563229746403	0.0	0	0.0	2817.9055119097757	1	0	1	1.7476299702460367
115765.63109360999	2000.0	1052.2744182998672	0.0	0	0.0	2817.90551190979	1	0	1	1.7476299702460345
116418.86282889884	1000.0	1399.0426830110273	0.0	0	0.0	2817.9055119098048	1	0	1	0.3613356091261421
117699.24737651067	2000.0	1118.6581353991855	0.0	0	0.0	2817.90551190979	1	0	1	1.0544827896860895
118362.76814670314	1000.0	1455.137365206709	0.0	0	0.0	2817.90551190979	1	0	1	0.3613356091261443
119302.83859462258	2000.0	1515.066917287272	0.0	0	0.0	2817.9055119098048	1	0	1	1.0544827896860873
121020.55646592815	2000.0	797.3490459817039	0.0	0	0.0	2817.9055119098048	1	0	1	1.7476299702460323
121603.46914618828	1000.0	1214.4363657215854	0.0	0	0.0	2817.9055119098048	1	0	1	0.3613356091261421
122578.0088957314	2000.0	1239.8966161784526	0.0	0	0.0	2817.9055119098048	1	0	1	1.0544827896860873
123446.75276139287	1000.0	1371.1527505169827	0.0	0	0.0	2817.9055119098048	1	0	1	0.3613356091261421
124047.75995296924	1000.0	1770.1455589406216	0.0	0	0.0	2817.90551190979	1	0	1	1.0544827896860895
125837.46590402273	2000.0	980.4396078871196	0.0	0	0.0	2817.90551190979	1	0	1	1.0544827896860895
126537.78913713766	1000.0	1280.1163747721814	0.0	0	0.0	2817.90551190979	1	0	1	0.3613356091261443
127355.87093025527	1000.0	1462.0345816545716	0.0	0	0.0	2817.90551190979	1	0	1	1.0544827896860895
128429.12376044026	1000.0	1388.7817514695798	0.0	0	0.0	2817.90551190979	1	0	1	1.0544827896860895
129408.55145324825	1000.0	1409.3540586615977	0.0	0	0.0	2817.9055119098048	1	0	1	1.0544827896860873
130333.93478459914	1000.0	1483.970727310691	0.0	0	0.0	2817.9055119098048	1	0	1	1.0544827896860873
131128.45888988386	1000.0	1689.4466220259646	0.0	0	0.0	2817.90551190979	1	0	1	1.0544827896860878
131841.11064159873	1000.0	1976.7948703110426	0.0	0	0.0	2817.905511909732	1	0	1	1.054482789686094
132731.48279645614	2000.0	2086.422715453622	0.0	0	0.0	2817.905511909732	1	0	1	1.0544827896860967
134198.72210848052	2000.0	1619.1834034292663	0.0	0	0.0	2817.9055119097466	1	0	1	1.7476299702460416
135061.8794300955	1000.0	1756.0260818143233	0.0	0	0.0	2817.9055119097466	1	0	1	0.361335609126151
136536.64782287253	2000.0	1281.2576890372748	0.0	0	0.0	2817.9055119097466	1	0	1	1.0544827896860962
137603.0069264548	1000.0	1214.8985854549946	0.0	0	0.0	2817.9055119097466	1	0	1	0.361335609126151
138329.65635057914	1000.0	1488.2491613306563	0.0	0	0.0	2817.9055119097466	1	0	1	1.0544827896860962
139473.13467528598	1000.0	1344.770836623793	0.0	0	0.0	2817.9055119097466	1	0	1	1.0544827896860962
140337.54717143835	1000.0	1480.358340471455	0.0	0	0.0	2817.9055119097757	1	0	1	1.0544827896860918
141202.94986786725	1000.0	1614.955644042523	0.0	0	0.0	2817.9055119097757	1	0	1	1.0544827896860918
142386.40024394268	1000.0	1431.5052679670905	0.0	0	0.0	2817.9055119097466	1	0	1	1.0544827896860962
143313.57091517554	1000.0	1504.3345967342514	0.0	0	0.0	2817.9055119097466	1	0	1	1.0544827896860962
143819.90533881413	1000.0	1998.0001730956685	0.0	0	0.0	2817.9055119097757	1	0	1	1.0544827896860918
145627.27202647363	2000.0	1190.6334854362087	0.0	0	0.0	2817.9055119097757	1	0	1	1.0544827896860918
146406.58373642014	1000.0	1411.3217754896675	0.0	0	0.0	2817.9055119097757	1	0	1	0.36133560912614654
147024.036581863	1000.0	1793.8689300468234	0.0	0	0.0	2817.9055119097757	1	0	1	1.0544827896860918
148013.9901882987	1000.0	1803.9153236111424	0.0	0	0.0	2817.9055119097757	1	0	1	1.0544827896860918
149006.21369185817	2000.0	1811.6918200516582	0.0	0	0.0	2817.9055119097757	1	0	1	1.0544827896860918
150145.6603947713	2000.0	1672.24511713853	0.0	0	0.0	2817.9055119097757	1	0	1	1.7476299702460367
151027.7929453063	2000.0	1790.112566603484	0.0	0	0.0	2817.9055119097757	1	0	1	1.7476299702460367
151786.68663203868	2000.0	2031.2188798711206	0.0	0	0.0	2817.9055119097757	1	0	1	1.7476299702460367
152935.69084045547	2000.0	1882.2146714543042	0.0	0	0.0	2817.9055119098048	1	0	1	1.7476299702460323
154618.19864299864	2000.0	1199.7068689111534	0.0	0	0.0	2817.905511909834	1	0	1	1.7476299702460278
156194.2406636986	1000.0	623.6648482111536	0.0	0	0.0	2817.905511909863	1	0	1	0.3613356091261359
156865.07587064183	500.0	952.829641267924	0.0	0	0.0	2817.905511909863	1	0	1	-0.3318115714338127
158028.3238975928	1000.0	789.581614316967	0.0	0	0.0	2817.905511909863	1	0	1	0.361335609126133
158696.53368198464	1000.0	1121.37182992514	0.0	0	0.0	2817.905511909863	1	0	1	1.0544827896860784
159383.17481413065	1000.0	1434.730697779145	0.0	0	0.0	2817.905511909863	1	0	1	1.0544827896860784
160069.81702687265	1000.0	1748.0884850371494	0.0	0	0.0	2817.905511909863	1	0	1	1.0544827896860784
161089.0914174129	2000.0	1728.8140944968877	0.0	0	0.0	2817.905511909863	1	0	1	1.0544827896860784
161644.55645654045	2000.0	2173.3490553693227	0.0	0	0.0	2817.905511909834	1	0	1	1.7476299702460278
162905.50605274446	2000.0	1912.3994591653252	0.0	0	0.0	2817.9055119098048	1	0	1	1.7476299702460323
164475.53780885946	2000.0	1342.3677030503213	0.0	0	0.0	2817.9055119098048	1	0	1	1.7476299702460323
165135.85508868078	1000.0	1682.0504232290036	0.0	0	0.0	2817.9055119097757	1	0	1	0.36133560912614476
166113.68176579376	1000.0	1704.2237461160105	0.0	0	0.0	2817.9055119097175	1	0	1	1.054482789686098
166936.64806924292	1000.0	1881.2574426668589	0.0	0	0.0	2817.9055119097175	1	0	1	1.0544827896861007
167406.20953592256	1000.0	2411.6959759872584	0.0	0	0.0	2817.9055119097466	1	0	1	1.0544827896860962
168473.63434358774	2000.0	2344.271168322087	0.0	0	0.0	2817.9055119097466	1	0	1	1.0544827896860962
169826.1116929498	2000.0	1991.7938189600418	0.0	0	0.0	2817.9055119097757	1	0	1	1.7476299702460367
171292.84063807613	2000.0	1525.0648738337304	0.0	0	0.0	2817.9055119098048	1	0	1	1.7476299702460323
172112.2360117257	1000.0	1705.6695001841815	0.0	0	0.0	2817.9055119098048	1	0	1	0.3613356091261421
172721.735680668	1000.0	2096.1698312419066	0.0	0	0.0	2817.9055119098048	1	0	1	1.0544827896860873
173987.38236431807	2000.0	1830.523147591856	0.0	0	0.0	2817.905511909863	1	0	1	1.054482789686082
174848.28334968447	1000.0	1969.6221622254218	0.0	0	0.0	2817.905511909863	1	0	1	0.3613356091261332
175482.82727237346	1000.0	2335.0782395364818	0.0	0	0.0	2817.905511909892	1	0	1	1.054482789686074
176368.94888033485	2000.0	2448.9566315750926	0.0	0	0.0	2817.905511909921	1	0	1	1.0544827896860696
177646.50273348644	2000.0	2171.402778423513	0.0	0	0.0	2817.905511909921	1	0	1	1.7476299702460145
178680.8673147754	2000.0	2137.0381971345687	0.0	0	0.0	2817.905511909921	1	0	1	1.7476299702460145
179593.67622476444	2000.0	2224.229287145524	0.0	0	0.0	2817.905511909921	1	0	1	1.7476299702460145
181125.69120481366	2000.0	1692.2143070962904	0.0	0	0.0	2817.905511909892	1	0	1	1.7476299702460154
181804.88884312485	1000.0	2013.016668785096	0.0	0	0.0	2817.905511909892	1	0	1	0.3613356091261288
183114.83065220996	1000.0	1703.0748596999986	0.0	0	0.0	2817.905511909892	1	0	1	1.054482789686074
183868.7985071558	1000.0	1949.1070047541543	0.0	0	0.0	2817.905511909863	1	0	1	1.0544827896860784
184620.87571478504	1000.0	2197.0297971249174	0.0	0	0.0	2817.905511909863	1	0	1	1.0544827896860784
185468.31574243098	2000.0	2349.5897694789705	0.0	0	0.0	2817.905511909863	1	0	1	1.0544827896860784
186388.6307491389	2000.0	2429.2747627710683	0.0	0	0.0	2817.905511909863	1	0	1	1.7476299702460234
187233.88908227254	2000.0	2584.016429637409	0.0	0	0.0	2817.905511909863	1	0	1	1.7476299702460234
188418.171789425	2000.0	2399.7337224849693	0.0	0	0.0	2817.905511909863	1	0	1	1.7476299702460234
189298.40759892657	2000.0	2519.497912983381	0.0	0	0.0	2817.905511909921	1	0	1	1.7476299702460154
190402.40346310945	2000.0	2415.502048800473	0.0	0	0.0	2817.905511909921	1	0	1	1.7476299702460145
191291.7282220788	2000.0	2526.1772898311424	0.0	0	0.0	2817.9055119099503	1	0	1	1.7476299702460127
192985.1939726965	2000.0	1832.7115392134149	0.0	0	0.0	2817.905511909892	1	0	1	1.7476299702460154
194684.02658223038	2000.0	1133.878929679562	0.0	0	0.0	2817.905511909892	1	0	1	1.747629970246019
195674.07774960643	1000.0	1143.8277623035399	0.0	0	0.0	2817.905511909892	1	0	1	0.3613356091261288
196658.2320549587	1000.0	1159.6734569512719	0.0	0	0.0	2817.905511909892	1	0	1	1.054482789686074
197538.20138604485	1000.0	1279.7041258651554	0.0	0	0.0	2817.905511909921	1	0	1	1.0544827896860693
198262.53352786755	1000.0	1555.3719840424505	0.0	0	0.0	2817.905511909892	1	0	1	1.054482789686074
198937.94518464562	1000.0	1879.9603272643844	0.0	0	0.0	2817.905511909892	1	0	1	1.054482789686074
200522.00578198992	2000.0	1295.899729920091	0.0	0	0.0	2817.905511909892	1	0	1	1.054482789686074
201139.72285354277	1000.0	1678.1826583672794	0.0	0	0.0	2817.905511909892	1	0	1	0.3613356091261288
202216.65858250886	1000.0	1601.2469294011707	0.0	0	0.0	2817.905511909892	1	0	1	1.054482789686074
203312.91470599623	1000.0	1504.990805913777	0.0	0	0.0	2817.905511909892	1	0	1	1.054482789686074
204289.13864533673	1000.0	1528.766866573294	0.0	0	0.0	2817.905511909921	1	0	1	1.0544827896860693
204978.15675060262	1000.0	1839.7487613073986	0.0	0	0.0	2817.905511909921	1	0	1	1.0544827896860693
205936.32052222965	2000.0	1881.5849896803606	0.0	0	0.0	2817.905511909892	1	0	1	1.054482789686074
206692.51738031456	2000.0	2125.388131595439	0.0	0	0.0	2817.905511909892	1	0	1	1.747629970246019
207440.54376595974	2000.0	2377.361745950288	0.0	0	0.0	2817.905511909892	1	0	1	1.747629970246019
209124.93401785113	2000.0	1692.9714940588833	0.0	0	0.0	2817.905511909863	1	0	1	1.7476299702460234
210405.99907060398	1000.0	1411.9064413060278	0.0	0	0.0	2817.905511909863	1	0	1	0.3613356091261332
211170.66028858983	1000.0	1647.2452233201795	0.0	0	0.0	2817.905511909834	1	0	1	1.0544827896860811
212008.08614327677	1000.0	1809.8193686332372	0.0	0	0.0	2817.905511909834	1	0	1	1.0544827896860829
212813.43921740772	1000.0	2004.4662945022833	0.0	0	0.0	2817.905511909834	1	0	1	1.0544827896860829
213506.8012864116	1000.0	2311.104225498407	0.0	0	0.0	2817.905511909834	1	0	1	1.0544827896860829
214355.95711563574	1000.0	2461.9483962742734	0.0	0	0.0	2817.905511909863	1	0	1	1.0544827896860784
215356.75604577968	2000.0	2461.14946613036	0.0	0	0.0	2817.905511909863	1	0	1	1.0544827896860784
216259.1144121367	2000.0	2558.791099773388	0.0	0	0.0	2817.905511909863	1	0	1	1.7476299702460234
217400.20579378706	2000.0	2417.699718123047	0.0	0	0.0	2817.905511909863	1	0	1	1.7476299702460234
218883.4520054806	2000.0	1934.4535064295062	0.0	0	0.0	2817.905511909892	1	0	1	1.747629970246019
220516.79068148448	2000.0	1301.1148304255798	0.0	0	0.0	2817.905511909863	1	0	1	1.7476299702460234
221337.71800638767	1000.0	1480.1875055223777	0.0	0	0.0	2817.905511909863	1	0	1	0.3613356091261332
222038.79095623406	1000.0	1779.1145556759711	0.0	0	0.0	2817.905511909863	1	0	1	1.054482789686075
222902.397630586	1000.0	1915.507881324063	0.0	0	0.0	2817.905511909863	1	0	1	1.0544827896860784
223635.38539370458	1000.0	2182.520118205499	0.0	0	0.0	2817.905511909892	1	0	1	1.054482789686074
225457.84492542184	2000.0	1360.0605864882275	0.0	0	0.0	2817.905511909892	1	0	1	1.054482789686074
226444.5137552556	1000.0	1373.3917566544974	0.0	0	0.0	2817.905511909921	1	0	1	0.36133560912612517
227952.63806178654	1000.0	865.2674501235769	0.0	0	0.0	2817.905511909921	1	0	1	1.0544827896860693
228338.3327213294	500.0	1479.5727905806843	0.0	0	0.0	2817.905511909892	1	0	1	-0.3318115714338171
229075.68687624246	1000.0	1742.2186356676575	0.0	0	0.0	2817.905511909892	1	0	1	0.36133560912612855
229729.25072774474	1000.0	2088.6547841653332	0.0	0	0.0	2817.905511909863	1	0	1	1.0544827896860784
230741.4624566788	2000.0	2076.443055231266	0.0	0	0.0	2817.905511909834	1	0	1	1.0544827896860829
232180.07549294422	2000.0	1637.830018965871	0.0	0	0.0	2817.905511909863	1	0	1	1.747629970246027
233651.95214578896	1000.0	1165.9533661211583	0.0	0	0.0	2817.905511909863	1	0	1	0.3613356091261332
234600.3887217797	1000.0	1217.5167901304756	0.0	0	0.0	2817.905511909892	1	0	1	1.054482789686074
235233.40180425905	1000.0	1584.503707651086	0.0	0	0.0	2817.905511909863	1	0	1	1.0544827896860784
235884.49686293377	1000.0	1933.408648976355	0.0	0	0.0	2817.905511909863	1	0	1	1.0544827896860784
236736.13097875306	2000.0	2081.7745331570677	0.0	0	0.0	2817.905511909863	1	0	1	1.0544827896860784
238394.6958649487	2000.0	1423.209646961394	0.0	0	0.0	2817.9055119098048	1	0	1	1.7476299702460305
239051.17147607636	1000.0	1766.7340358337528	0.0	0	0.0	2817.905511909834	1	0	1	0.36133560912613766
240306.18919216603	2000.0	1511.7163197441125	0.0	0	0.0	2817.905511909892	1	0	1	1.0544827896860767
241341.03321556104	1000.0	1476.8722963491007	0.0	0	0.0	2817.905511909892	1	0	1	0.3613356091261288
242039.23170257988	1000.0	1778.673809330223	0.0	0	0.0	2817.905511909834	1	0	1	1.0544827896860802
242876.7945367322	1000.0	1941.1109751778993	0.0	0	0.0	2817.905511909834	1	0	1	1.0544827896860829
243450.92498314046	1000.0	2366.980528769649	0.0	0	0.0	2817.905511909863	1	0	1	1.0544827896860784
244407.02692377454	2000.0	2410.8785881355625	0.0	0	0.0	2817.905511909863	1	0	1	1.0544827896860784
245200.0	2000.0	2617.905511910088	0.0	0	162.04485605086666	2817.905511909863	1	0	1	1.7476299702460234
246200.0	2000.0	2617.905511910104	0.0	0	444.3502980750054	2817.905511909863	1	0	1	1.7476299702460234
247516.30273336003	2000.0	2301.6027785500655	0.0	0	0.0	2817.905511909863	1	0	1	1.7476299702460234
249531.620194297	2000.0	1286.2853176131234	0.0	0	0.0	2817.905511909892	1	0	1	1.747629970246019
250613.13894147277	1000.0	1204.766570437356	0.0	0	0.0	2817.905511909921	1	0	1	0.3613356091261243
251504.3387887054	1000.0	1313.5667232047167	0.0	0	0.0	2817.905511909921	1	0	1	1.0544827896860693
252281.84385416345	1000.0	1536.0616577466649	0.0	0	0.0	2817.905511909921	1	0	1	1.0544827896860693
253465.0713698285	2000.0	1352.8341420815927	0.0	0	0.0	2817.905511909921	1	0	1	1.0544827896860696
254278.66544045176	2000.0	1539.2400714583525	0.0	0	0.0	2817.905511909892	1	0	1	1.7476299702460172
255324.82414679995	2000.0	1493.0813651101864	0.0	0	0.0	2817.905511909863	1	0	1	1.7476299702460234
256179.7003012337	1000.0	1638.2052106764297	0.0	0	0.0	2817.905511909863	1	0	1	0.3613356091261332
257133.9774358002	2000.0	1683.9280761099549	0.0	0	0.0	2817.905511909892	1	0	1	1.0544827896860767
257830.8785332357	1000.0	1987.0269786744784	0.0	0	0.0	2817.905511909892	1	0	1	0.3613356091261288
260211.8348029825	2000.0	606.0707089276159	0.0	0	0.0	2817.905511909892	1	0	1	1.054482789686074
260978.87853755034	1000.0	839.0269743597574	0.0	0	0.0	2817.905511909863	1	0	1	0.3613356091261332
261518.526973182	1000.0	1299.378538728113	0.0	0	0.0	2817.905511909863	1	0	1	1.0544827896860784
262459.63409190485	2000.0	1358.2714200052217	0.0	0	0.0	2817.905511909834	1	0	1	1.0544827896860811
264061.0691495996	2000.0	756.8363623104692	0.0	0	0.0	2817.9055119098048	1	0	1	1.747629970246026
264781.59425366396	1000.0	1036.3112582461229	0.0	0	0.0	2817.905511909863	1	0	1	0.36133560912613855
265386.7038257976	1000.0	1431.2016861124862	0.0	0	0.0	2817.905511909863	1	0	1	1.0544827896860784
266797.2888607203	2000.0	1020.6166511898042	0.0	0	0.0	2817.905511909863	1	0	1	1.0544827896860784
267609.2836593967	1000.0	1208.62185251335	0.0	0	0.0	2817.905511909863	1	0	1	0.3613356091261332
268281.4302967366	1000.0	1536.4752151734133	0.0	0	0.0	2817.905511909863	1	0	1	1.0544827896860784
269211.13537904643	2000.0	1606.7701328635987	0.0	0	0.0	2817.905511909863	1	0	1	1.0544827896860784
270140.2496721241	1000.0	1677.6558397858407	0.0	0	0.0	2817.905511909863	1	0	1	0.3613356091261332
270933.8864235958	2000.0	1884.0190883141877	0.0	0	0.0	2817.905511909863	1	0	1	1.0544827896860784
272043.2968754048	2000.0	1774.608636505226	0.0	0	0.0	2817.9055119099794	1	0	1	1.7476299702460127
272590.8197059783	1000.0	2227.0858059316447	0.0	0	0.0	2817.9055119100376	1	0	1	0.3613356091261064
274104.19714352617	2000.0	1713.708368383817	0.0	0	0.0	2817.905511910096	1	0	1	1.054482789686043
274929.9322910971	1000.0	1887.9732208127966	0.0	0	0.0	2817.905511910096	1	0	1	0.3613356091260975
275712.913648791	1000.0	2104.991863118917	0.0	0	0.0	2817.905511910096	1	0	1	1.0544827896860427
278160.05138218607	2000.0	657.8541297237983	0.0	0	0.0	2817.905511910096	1	0	1	1.054482789686043
278945.9346085906	500.0	871.9709033192808	0.0	0	0.0	2817.905511910096	1	0	1	-1.024958751993793
279334.48402563337	500.0	1483.4214862764782	0.0	0	0.0	2817.905511910096	1	0	1	0.36133560912609725
280148.03309733944	1000.0	1669.8724145704086	0.0	0	0.0	2817.9055119100376	1	0	1	0.36133560912610263
280678.50876293296	1000.0	2139.3967489769843	0.0	0	0.0	2817.9055119100376	1	0	1	1.0544827896860516
281830.89955923235	2000.0	1987.0059526774971	0.0	0	0.0	2817.9055119100376	1	0	1	1.0544827896860518
282933.11590779683	2000.0	1884.7896041130375	0.0	0	0.0	2817.9055119100376	1	0	1	1.7476299702459968
284262.41698905197	2000.0	1555.4885228578758	0.0	0	0.0	2817.9055119099794	1	0	1	1.7476299702460056
285044.94132364716	1000.0	1772.9641882627113	0.0	0	0.0	2817.9055119099794	1	0	1	0.3613356091261154
285631.0372071056	1000.0	2186.868304804334	0.0	0	0.0	2817.9055119099794	1	0	1	1.0544827896860605
287256.317574371	2000.0	1561.5879375389682	0.0	0	0.0	2817.905511909921	1	0	1	1.0544827896860696
288005.0152427089	1000.0	1812.8902692010784	0.0	0	0.0	2817.9055119099794	1	0	1	0.3613356091261154
289276.6228467005	1000.0	1541.282665209495	0.0	0	0.0	2817.905511909863	1	0	1	1.054482789686075
290386.57058967446	1000.0	1431.3349222355366	0.0	0	0.0	2817.9055119098048	1	0	1	1.0544827896860838
291320.6709780253	1000.0	1497.2345338847324	0.0	0	0.0	2817.9055119098048	1	0	1	1.0544827896860873
292150.9924558142	1000.0	1666.9130560957992	0.0	0	0.0	2817.9055119098048	1	0	1	1.0544827896860873
292925.0558495988	1000.0	1892.8496623112499	0.0	0	0.0	2817.905511909863	1	0	1	1.0544827896860784
294815.9143270179	2000.0	1001.9911848921126	0.0	0	0.0	2817.905511909863	1	0	1	1.0544827896860784
295621.98308624706	1000.0	1195.922425662919	0.0	0	0.0	2817.905511909921	1	0	1	0.3613356091261243
296417.0763337541	1000.0	1400.8291781558773	0.0	0	0.0	2817.9055119099794	1	0	1	1.0544827896860605
297351.2023328106	1000.0	1466.7031790993715	0.0	0	0.0	2817.9055119099794	1	0	1	1.0544827896860605
297982.7388238555	1000.0	1835.1666880544935	0.0	0	0.0	2817.9055119100376	1	0	1	1.0544827896860516
299007.4035164857	2000.0	1810.5019954243935	0.0	0	0.0	2817.905511910154	1	0	1	1.054482789686041
299896.42317749944	2000.0	1921.4823344106367	0.0	0	0.0	2817.905511910154	1	0	1	1.7476299702459788
301055.93045941385	2000.0	1761.9750524962838	0.0	0	0.0	2817.9055119102704	1	0	1	1.7476299702459681
2.15	1.25	0.96	0.68	0.95	1.08	1.47	1.76	2.5	2.78	1.87	1.47	1.31	1.25	1.55	1.81	1.6	1.41	1.71	1.26	1.46	1.53	1.26	1.55	2.0	2.09	2.64	2.17	1.05	1.15	0.88	1.15	1.73	2.18	2.25	1.45	1.59	2.04	2.33	1.18	1.53	1.42	0.98	1.41	1.27	1.63	1.88	1.84	1.26	1.3	0.97	1.31	1.76	2.19	2.31	2.42	0.89	1.08	1.05	1.12	1.58	1.15	1.46	1.76	1.95	2.0	1.58	1.01	1.12	1.56	1.17	1.33	1.44	1.02	0.89	0.72	1.1	1.52	1.83	1.16	0.95	0.93	1.34	1.9	1.91	1.37	1.76	1.85	1.26	1.07	1.48	2.09	2.75	2.9	2.29	1.44	1.29	0.89	0.95	1.2	2.09	2.42	1.74	1.53	1.93	1.32	0.76	1.27	1.64	2.34	2.24	1.17	1.55	2.04	1.76	1.68	1.97	1.34	1.88	1.58	1.45	1.58	1.49	1.68	1.17	0.88	0.85	1.15	1.62	1.78	1.38	1.39	1.83	1.37	1.12	1.18	1.03	1.07	1.04	1.12	1.64	1.54	1.25	1.81	1.41	1.56	2.35	2.53	2.27	1.9	2.15	1.25	0.96	0.68	0.95	1.08	1.47	1.76	2.5	2.78	1.87	1.47	1.31	1.25	1.55	1.81	1.6	1.41	1.71	1.26	1.46	1.53	1.26	1.55	2.0	2.09	2.64	2.17	1.05	1.15	0.88	1.15	1.73	2.18	2.25	1.45	1.59	2.04	2.33	1.18	1.53	1.42	0.98	1.41	1.27	1.63	1.88	1.84	1.26	1.3	0.97	1.31	1.76	2.19	2.31	2.42	0.89	1.08	1.05	1.12	1.58	1.15	1.46	1.76	1.95	2.0	1.58	1.01	1.12	1.56	1.17	1.33	1.44	1.02	0.89	0.72	1.1	1.52	1.83	1.16	0.95	0.93	1.34	1.9	1.91	1.37	1.76	1.85	1.26	1.07	1.48	2.09	2.75	2.9	2.29	1.44	1.29	0.89	0.95	1.2	2.09	2.42	1.74	1.53	1.93	1.32	0.76	1.27	1.64	2.34	2.24	1.17	1.55	2.04	1.76	1.68	1.97	1.34	1.88	1.58	1.45	1.58	1.49	1.68	1.17	0.88	0.85	1.15	1.62	1.78	1.38	1.39	1.83	1.37	1.12	1.18	1.03	1.07	1.04	1.12	1.64	1.54	1.25	1.81	1.41	1.56	2.35	2.53	2.27	1.9	2.15	1.25
1.0	2.0	3.0	4.0	5.0	6.0	7.0	8.0	9.0	10.0	11.0	12.0	13.0	14.0	15.0	16.0	17.0	18.0	19.0	20.0	21.0	22.0	23.0	24.0	25.0	26.0	27.0	28.0	29.0	30.0	31.0	32.0	33.0	34.0	35.0	36.0	37.0	38.0	39.0	40.0	41.0	42.0	43.0	44.0	45.0	46.0	47.0	48.0	49.0	50.0	51.0	52.0	53.0	54.0	55.0	56.0	57.0	58.0	59.0	60.0	61.0	62.0	63.0	64.0	65.0	66.0	67.0	68.0	69.0	70.0	71.0	72.0	73.0	74.0	75.0	76.0	77.0	78.0	79.0	80.0	81.0	82.0	83.0	84.0	85.0	86.0	87.0	88.0	89.0	90.0	91.0	92.0	93.0	94.0	95.0	96.0	97.0	98.0	99.0	100.0	101.0	102.0	103.0	104.0	105.0	106.0	107.0	108.0	109.0	110.0	111.0	112.0	113.0	114.0	115.0	116.0	117.0	118.0	119.0	120.0	121.0	122.0	123.0	124.0	125.0	126.0	127.0	128.0	129.0	130.0	131.0	132.0	133.0	134.0	135.0	136.0	137.0	138.0	139.0	140.0	141.0	142.0	143.0	144.0	145.0	146.0	147.0	148.0	149.0	149.0	150.0	151.0	152.0	153.0	154.0	155.0	156.0	157.0	158.0	159.0	160.0	161.0	162.0	163.0	164.0	165.0	166.0	167.0	168.0	169.0	170.0	171.0	172.0	173.0	174.0	175.0	176.0	177.0	178.0	179.0	180.0	181.0	182.0	183.0	184.0	185.0	186.0	187.0	188.0	189.0	190.0	191.0	192.0	193.0	194.0	195.0	196.0	197.0	198.0	199.0	200.0	201.0	202.0	203.0	204.0	205.0	206.0	207.0	208.0	209.0	210.0	211.0	212.0	213.0	214.0	215.0	216.0	217.0	218.0	219.0	220.0	221.0	222.0	223.0	224.0	225.0	226.0	227.0	228.0	229.0	230.0	231.0	232.0	233.0	234.0	235.0	236.0	237.0	238.0	239.0	240.0	241.0	242.0	243.0	244.0	245.0	246.0	247.0	248.0	249.0	250.0	251.0	252.0	253.0	254.0	255.0	256.0	257.0	258.0	259.0	260.0	261.0	262.0	263.0	264.0	265.0	266.0	267.0	268.0	269.0	270.0	271.0	272.0	273.0	274.0	275.0	276.0	277.0	278.0	279.0	280.0	281.0	282.0	283.0	284.0	285.0	286.0	287.0	288.0	289.0	290.0	291.0	292.0	293.0	294.0	295.0	296.0	297.0	298.0	298.0	299.0	300.0
2947.698125751719
