4622.743975069876	300.0	2000.0	109.66508396481841	0	0.0	4622.743975069876	1	0	1	-1.4403166449001858
5511.759210369519	2000.0	2022.0832411703939	0.0	0	0.0	4533.842451539913	1	0	2	-1.1566833989823326
6920.072589347721	2000.0	1613.7698621921902	0.0	0	0.0	4533.842451539912	1	0	1	0.9569010761721588
7990.359712623737	2000.0	1436.4540265885723	0.0	0	0.0	4426.81373921231	1	0	2	0.8046322942325225
8796.963759529757	2000.0	1549.1895749919497	0.0	0	0.0	4346.153334521707	1	0	2	1.0540000223020372
9722.27004287071	2000.0	1531.3526633169004	0.0	0	0.0	4253.622706187611	1	0	2	1.1005606988077803
10365.088639227719	2000.0	1824.2522073241905	0.0	0	0.0	4189.34084655191	1	0	2	1.1366170038201644
11048.124584585414	2000.0	2072.9126674307245	0.0	0	0.0	4121.037252016137	1	0	2	1.1695765225286954
12169.115626402476	3000.0	1839.8225214319555	0.0	0	0.0	4008.938147834431	1	0	2	1.2142759737821023
13110.936122535275	2000.0	1803.8199756858767	0.0	0	0.0	3914.7560982211508	1	0	2	0.849361356788185
14210.692804382155	2000.0	1594.0876256543083	0.0	0	0.0	3804.7804300364605	1	0	2	1.2956688791334998
15773.607358016012	2000.0	874.8816166570674	0.0	0	0.0	3648.488974673077	1	0	2	1.3429223181190066
16852.732372935243	1000.0	795.7566017378409	0.0	0	0.0	3648.4889746730805	1	0	1	-0.02706685568231748
17691.61641807741	1000.0	956.8725565956765	0.0	0	0.0	3648.488974673086	1	0	1	0.8660803248776265
18381.763113166333	1000.0	1266.7258615067572	0.0	0	0.0	3648.4889746730896	1	0	1	0.8660803248776247
19447.08780067899	1000.0	1201.4011739941006	0.0	0	0.0	3648.4889746730933	1	0	1	0.8660803248776234
20431.036464037446	1000.0	1217.452510635644	0.0	0	0.0	3648.4889746730987	1	0	1	0.8660803248776224
21342.132944920464	1000.0	1306.3560297526224	0.0	0	0.0	3648.4889746730987	1	0	1	0.8660803248776215
21777.96858406107	1000.0	1870.520390612012	0.0	0	0.0	3648.488974673095	1	0	1	0.8660803248776227
22862.07831711037	2000.0	1677.9996842577839	0.0	0	0.0	3540.0780013681615	1	0	2	0.48906910694265593
23617.57412045403	1000.0	1922.5038809141183	0.0	0	0.0	3540.0780013681615	1	0	1	0.00585214188380262
24287.969134607614	1000.0	2252.108866760536	0.0	0	0.0	3540.0780013681615	1	0	1	0.8989993224437478
25389.471023453716	1000.0	2150.6069779144327	0.0	0	0.0	3540.078001368158	1	0	1	0.8989993224437489
26498.17598375831	1000.0	2041.902017609844	0.0	0	0.0	3540.078001368158	1	0	1	0.8989993224437489
27233.049490860067	1000.0	2307.0285105080884	0.0	0	0.0	3540.078001368158	1	0	1	0.8989993224437489
28276.768935709304	2000.0	2158.937121173929	0.0	0	0.0	3435.706056883235	1	0	2	0.5204850964561203
29580.303457070706	2000.0	1855.4025998125232	0.0	0	0.0	3435.706056883235	1	0	1	1.421122257509226
30586.797246887538	2000.0	1848.9088099956912	0.0	0	0.0	3435.706056883235	1	0	1	1.6211222575092261
32621.25910157837	2000.0	814.4469553048592	0.0	0	0.0	3435.706056883235	1	0	1	1.6211222575092261
33178.01338085237	500.0	1257.6926760308584	0.0	0	0.0	3435.706056883235	1	0	1	-1.151466464730555
34018.04170946191	1000.0	1417.664347421318	0.0	0	0.0	3435.706056883242	1	0	1	0.234827896389334
34703.495626624564	1000.0	1732.2104302586667	0.0	0	0.0	3435.7060568832458	1	0	1	0.9279750769492787
36007.48036731517	2000.0	1428.225689568063	0.0	0	0.0	3435.7060568832458	1	0	1	0.9279750769492776
36569.11600910804	1000.0	1866.590047775194	0.0	0	0.0	3435.7060568832458	1	0	1	0.23482789638933274
37668.467987771444	2000.0	1767.2380691117833	0.0	0	0.0	3435.7060568832458	1	0	1	0.927975076949278
38449.25968271873	1000.0	1986.446374164506	0.0	0	0.0	3435.706056883253	1	0	1	0.234827896389331
39579.917054823854	2000.0	1855.7890020593773	0.0	0	0.0	3435.7060568832603	1	0	1	0.9279750769492742
40239.4110624877	1000.0	2196.2949943955377	0.0	0	0.0	3435.7060568832676	1	0	1	0.2348278963893271
41134.02582510629	2000.0	2301.680231776953	0.0	0	0.0	3435.7060568832676	1	0	1	0.9279750769492723
42230.26814175482	2000.0	2205.437915128413	0.0	0	0.0	3435.7060568832676	1	0	1	1.6211222575092175
43391.60323047609	2000.0	2044.1028264071472	0.0	0	0.0	3435.7060568832676	1	0	1	1.6211222575092175
44362.95816210422	2000.0	2072.747894779014	0.0	0	0.0	3435.7060568832676	1	0	1	1.6211222575092175
45774.84861922631	2000.0	1660.8574376569281	0.0	0	0.0	3435.7060568832676	1	0	1	1.6211222575092175
46810.81417445063	2000.0	1624.891882432607	0.0	0	0.0	3435.7060568832676	1	0	1	1.6211222575092175
47457.52908660602	1000.0	1978.1769702772137	0.0	0	0.0	3435.7060568832676	1	0	1	0.2348278963893271
48255.52924543251	1000.0	2180.176811450723	0.0	0	0.0	3435.7060568832676	1	0	1	0.9279750769492723
49395.2622408261	2000.0	1926.4705165177763	0.0	0	0.0	3321.732757343918	1	0	2	0.5498601825596712
50116.111266154985	1000.0	2205.6214911889006	0.0	0	0.0	3321.732757343918	1	0	1	0.0636441096919168
51030.12049141739	2000.0	2291.6122659264934	0.0	0	0.0	3321.732757343918	1	0	1	0.956791290251862
52870.50945674376	2000.0	1451.2233006001202	0.0	0	0.0	3321.732757343918	1	0	1	1.6499384708118072
53434.86058620282	1000.0	1886.8721711410585	0.0	0	0.0	3321.732757343918	1	0	1	0.263644109691917
54555.119696182046	2000.0	1766.613061161833	0.0	0	0.0	3321.732757343918	1	0	1	0.956791290251862
55433.049069778004	2000.0	1800.8907502062825	0.0	0	0.0	3233.939819984327	1	0	2	1.2654708463376465
56059.17419138819	2000.0	2174.765628596095	0.0	0	0.0	3233.9398199843345	1	0	1	1.4702664217104084
56706.11503441511	2000.0	2527.8247855691775	0.0	0	0.0	3233.9398199843345	1	0	1	1.6702664217104086
57408.430304246824	2000.0	2825.509515737471	0.0	0	0.0	3233.9398199843345	1	0	1	1.6702664217104086
58842.84906093297	2000.0	2391.0907590513316	0.0	0	0.0	3233.9398199843417	1	0	1	1.6702664217104068
61289.45703968711	2000.0	944.4827802971772	0.0	0	0.0	3233.9398199843417	1	0	1	1.6702664217104068
61886.85077992332	500.0	1347.0890400609653	0.0	0	0.0	3233.939819984349	1	0	1	-1.1023223005293759
62967.86557449411	1000.0	1266.0742454901742	0.0	0	0.0	3233.939819984349	1	0	1	0.2839720605905145
63632.85709368694	500.0	1601.0827262973482	0.0	0	0.0	3233.939819984349	1	0	1	-0.409175119969431
64581.575103780255	1000.0	1652.3647162040277	0.0	0	0.0	3233.9398199843417	1	0	1	0.2839720605905163
65051.02646546043	1000.0	2182.9133545238406	0.0	0	0.0	3233.9398199843345	1	0	1	0.9771192411504632
66589.43140697455	2000.0	1644.5084130097202	0.0	0	0.0	3233.939819984327	1	0	1	0.9771192411504643
67534.00868978712	1000.0	1699.9311301971413	0.0	0	0.0	3233.939819984327	1	0	1	0.2839720605905203
68702.80887460733	1000.0	1531.1309453769281	0.0	0	0.0	3233.93981998432	1	0	1	0.9771192411504658
69464.6750936552	1000.0	1769.26472632907	0.0	0	0.0	3233.9398199843417	1	0	1	0.9771192411504636
70227.82242147726	1000.0	2006.1173985069956	0.0	0	0.0	3233.9398199843417	1	0	1	0.9771192411504616
70814.51279727598	1000.0	2419.427022708283	0.0	0	0.0	3233.9398199843417	1	0	1	0.9771192411504616
71745.04061909037	2000.0	2488.8992008939003	0.0	0	0.0	3233.9398199843563	1	0	1	0.9771192411504583
72816.81972741925	2000.0	2417.1200925650337	0.0	0	0.0	3233.9398199843563	1	0	1	1.6702664217104035
73680.65224419703	2000.0	2553.287575787252	0.0	0	0.0	3233.9398199843563	1	0	1	1.6702664217104035
74939.07450635509	2000.0	2294.865313629185	0.0	0	0.0	3233.9398199843563	1	0	1	1.6702664217104035
75871.32799223588	2000.0	2362.6118277483956	0.0	0	0.0	3233.939819984371	1	0	1	1.6702664217104002
76938.01717488132	2000.0	2295.9226451029717	0.0	0	0.0	3233.939819984371	1	0	1	1.6702664217104002
78668.12514142328	2000.0	1565.814678561027	0.0	0	0.0	3233.9398199843854	1	0	1	1.670266421710397
79505.64403681204	1000.0	1728.2957831722688	0.0	0	0.0	3233.9398199844	1	0	1	0.2839720605905035
80591.5540415967	1000.0	1642.3857783875928	0.0	0	0.0	3233.9398199844	1	0	1	0.9771192411504487
81395.37947443941	1000.0	1838.560345544871	0.0	0	0.0	3233.9398199844	1	0	1	0.9771192411504487
82186.53542003874	1000.0	2047.4043999455484	0.0	0	0.0	3233.9398199843854	1	0	1	0.977119241150452
82849.52718383973	1000.0	2384.4126361445574	0.0	0	0.0	3233.9398199843854	1	0	1	0.977119241150452
83853.62786991351	1000.0	2380.311950070764	0.0	0	0.0	3233.9398199844	1	0	1	0.9771192411504487
84588.28950693342	1000.0	2645.650313050869	0.0	0	0.0	3233.9398199844145	1	0	1	0.9771192411504454
85630.65633562377	2000.0	2603.2834843605174	0.0	0	0.0	3233.9398199844145	1	0	1	0.9771192411504452
86489.16648395441	2000.0	2744.7733360298844	0.0	0	0.0	3233.9398199844145	1	0	1	1.6702664217103904
87904.51685815051	2000.0	2329.422961833788	0.0	0	0.0	3233.9398199844145	1	0	1	1.6702664217103904
89015.88756452203	2000.0	2218.0522554622858	0.0	0	0.0	3233.9398199844145	1	0	1	1.6702664217103904
90208.25951904162	2000.0	2025.6803009426953	0.0	0	0.0	3233.9398199844	1	0	1	1.6702664217103937
90875.49884147495	2000.0	2358.440978509372	0.0	0	0.0	3233.9398199844	1	0	1	1.6702664217103937
91800.50074803628	2000.0	2433.4390719480466	0.0	0	0.0	3233.9398199844	1	0	1	1.6702664217103937
92510.93540005367	2000.0	2723.0044199306685	0.0	0	0.0	3233.9398199844145	1	0	1	1.6702664217103904
93482.87105400587	2000.0	2751.06876597848	0.0	0	0.0	3233.9398199844	1	0	1	1.6702664217103937
94333.98617484524	3000.0	2814.8421330551664	0.0	0	0.0	3148.828307900447	1	0	2	1.284145566289665
95770.58556089901	3000.0	2234.5828083960323	0.0	0	0.0	3005.1683692951046	1	0	2	1.9143304215922092
97497.2111860655	2000.0	1507.9571832295348	0.0	0	0.0	3005.1683692951046	1	0	1	1.1109057304219507
98448.28111834548	1000.0	1556.8872509495407	0.0	0	0.0	3005.1683692951046	1	0	1	0.33007647741022517
99162.34040282981	1000.0	1842.8279664651977	0.0	0	0.0	3005.168369295119	1	0	1	1.0232236579701675
99738.90201460563	1000.0	2266.2663546893727	0.0	0	0.0	3005.168369295119	1	0	1	1.0232236579701675
101851.29968486422	2000.0	1153.8686844307817	0.0	0	0.0	3005.1683692951337	1	0	1	1.023223657970165
102796.35943249136	1000.0	1208.8089368036499	0.0	0	0.0	3005.1683692951337	1	0	1	0.33007647741021984
103515.87876698264	1000.0	1489.2896023123626	0.0	0	0.0	3005.1683692951337	1	0	1	1.023223657970165
104266.36052787029	1000.0	1738.8078414247166	0.0	0	0.0	3005.1683692951337	1	0	1	1.023223657970165
104939.95985032497	1000.0	2065.2085189700174	0.0	0	0.0	3005.1683692951337	1	0	1	1.023223657970165
106248.14320238434	2000.0	1757.025166910657	0.0	0	0.0	3005.1683692951337	1	0	1	1.023223657970165
107474.19052489931	1000.0	1530.9778443956745	0.0	0	0.0	3005.1683692951337	1	0	1	0.33007647741021984
108748.71653830858	1000.0	1256.451830986411	0.0	0	0.0	3005.1683692951337	1	0	1	1.023223657970165
109566.71906836238	1000.0	1438.4493009326127	0.0	0	0.0	3005.1683692951337	1	0	1	1.023223657970165
110368.55239676588	1000.0	1636.6159725291109	0.0	0	0.0	3005.1683692951337	1	0	1	1.023223657970165
111092.61523375602	1000.0	1912.5531355389696	0.0	0	0.0	3005.1683692951337	1	0	1	1.023223657970165
111879.98587509933	2000.0	2125.18249419567	0.0	0	0.0	3005.1683692951337	1	0	1	1.023223657970165
112946.20930105778	2000.0	2058.959068237222	0.0	0	0.0	3005.1683692951337	1	0	1	1.7163708385301102
114503.07670854677	2000.0	1502.0916607482413	0.0	0	0.0	3005.1683692951337	1	0	1	1.7163708385301102
116313.87718649433	1000.0	691.2911828006936	0.0	0	0.0	3005.1683692951337	1	0	1	0.33007647741021984
116660.13004771202	500.0	1345.0383215830063	0.0	0	0.0	3005.1683692951337	1	0	1	-0.363070703149726
117435.8576257078	1000.0	1569.3107435872491	0.0	0	0.0	3005.1683692951337	1	0	1	0.3300764774102196
117802.4349740433	1000.0	2202.7333952517447	0.0	0	0.0	3005.1683692951337	1	0	1	1.023223657970165
118901.25920848045	2000.0	2103.9091608145877	0.0	0	0.0	3005.1683692951337	1	0	1	1.023223657970165
120232.14774203849	2000.0	1773.020627256567	0.0	0	0.0	3005.1683692951337	1	0	1	1.7163708385301102
121333.40542375112	2000.0	1671.7629455439392	0.0	0	0.0	3005.1683692951337	1	0	1	1.7163708385301102
122328.98382863741	2000.0	1676.1845406576438	0.0	0	0.0	3005.1683692951337	1	0	1	1.7163708385301102
123424.75845929507	2000.0	1580.4099099999867	0.0	0	0.0	3005.1683692951337	1	0	1	1.7163708385301102
124571.64302837242	2000.0	1433.525340922624	0.0	0	0.0	3005.1683692951337	1	0	1	1.7163708385301102
125403.00975059073	1000.0	1602.158618704319	0.0	0	0.0	3005.1683692951337	1	0	1	0.33007647741021984
125929.64589469305	1000.0	2075.5224746019785	0.0	0	0.0	3005.1683692951337	1	0	1	1.023223657970165
127414.43555709643	2000.0	1590.7328121986016	0.0	0	0.0	3005.1683692951337	1	0	1	1.023223657970165
128049.2734525173	1000.0	1955.8949167777198	0.0	0	0.0	3005.1683692951337	1	0	1	0.33007647741021984
129207.14333081561	2000.0	1798.0250384794108	0.0	0	0.0	3005.1683692951337	1	0	1	1.023223657970165
130562.07906158979	2000.0	1443.08930770523	0.0	0	0.0	3005.1683692951337	1	0	1	1.7163708385301102
131293.92214732926	1000.0	1711.2462219657732	0.0	0	0.0	3005.1683692951483	1	0	1	0.33007647741021984
132495.28318617557	2000.0	1509.8851831194206	0.0	0	0.0	3005.1683692951046	1	0	1	1.0232236579701661
133370.65547756266	2000.0	1634.512891732315	0.0	0	0.0	3005.168369295061	1	0	1	1.7163708385301213
134479.84134492872	2000.0	1525.3270243662575	0.0	0	0.0	3005.1683692950755	1	0	1	1.7163708385301217
135550.36681937744	2000.0	1454.801549917542	0.0	0	0.0	3005.1683692951046	1	0	1	1.7163708385301186
136410.46536005288	1000.0	1594.703009242069	0.0	0	0.0	3005.1683692951046	1	0	1	0.33007647741022517
137047.53556012447	1000.0	1957.6328091704604	0.0	0	0.0	3005.1683692951046	1	0	1	1.0232236579701703
137756.09042941756	1000.0	2249.0779398773543	0.0	0	0.0	3005.1683692950755	1	0	1	1.0232236579701754
139023.83390708387	1000.0	1981.3344622110562	0.0	0	0.0	3005.1683692950755	1	0	1	1.0232236579701754
139913.3806368901	1000.0	2091.7877324048427	0.0	0	0.0	3005.1683692951046	1	0	1	1.0232236579701703
140735.86660682625	1000.0	2269.3017624686972	0.0	0	0.0	3005.1683692951046	1	0	1	1.0232236579701703
141337.4399818779	1000.0	2667.7283874170375	0.0	0	0.0	3005.1683692950755	1	0	1	1.0232236579701754
142238.9736992031	2000.0	2766.194670091803	0.0	0	0.0	3005.1683692951046	1	0	1	1.0232236579701703
143200.0	2000.0	2805.1683692948973	0.0	0	23.0133633823134	3005.1683692951046	1	0	1	1.7163708385301155
144200.0	2000.0	2805.168369294862	0.0	0	110.30956063303165	3005.1683692951337	1	0	1	1.7163708385301102
145200.0	2000.0	2805.16836929485	0.0	0	334.40683335391805	3005.1683692951337	1	0	1	1.7163708385301102
146200.0	2000.0	2805.168369294834	0.0	0	44.576545639749384	3005.1683692951337	1	0	1	1.7163708385301102
147212.5196912902	2000.0	2792.648678004652	0.0	0	0.0	3005.1683692951337	1	0	1	1.7163708385301102
148382.30483553628	2000.0	2622.86353375854	0.0	0	0.0	3005.168369295163	1	0	1	1.7163708385301049
150132.24370698063	2000.0	1872.9246623141926	0.0	0	0.0	3005.1683692951337	1	0	1	1.7163708385301102
150855.34416660576	1000.0	2149.8242026890853	0.0	0	0.0	3005.1683692951337	1	0	1	0.33007647741021984
151747.7637890431	1000.0	2257.4045802517535	0.0	0	0.0	3005.1683692951337	1	0	1	1.023223657970165
152496.3203921963	1000.0	2508.8479770985623	0.0	0	0.0	3005.1683692951337	1	0	1	1.023223657970165
153542.94883771392	2000.0	2462.219531580946	0.0	0	0.0	3005.1683692951337	1	0	1	1.023223657970165
154200.0	2000.0	2805.1683692948714	0.0	0	118.744769642537	3005.1683692951337	1	0	1	1.7163708385301102
155200.0	2000.0	2805.1683692948627	0.0	0	54.009109801001614	3005.1683692951337	1	0	1	1.7163708385301102
156200.0	2000.0	2805.1683692948395	0.0	0	32.318370044842595	3005.1683692951337	1	0	1	1.7163708385301102
157200.0	2000.0	2805.168369294844	0.0	0	54.9098313311697	3005.1683692951337	1	0	1	1.7163708385301102
158200.0	2000.0	2805.168369294861	0.0	0	60.64010438421974	3005.1683692951337	1	0	1	1.7163708385301102
159217.52073908364	3000.0	2685.8955563029117	0.0	0	0.0	2903.416295386851	1	0	2	1.3295814398179218
160200.0	2000.0	2605.1683692949123	0.0	0	111.52638160812785	2805.1683692951337	1	0	2	1.1393541214302292
161976.48766328342	3000.0	1651.0319396831617	0.0	0	0.0	2627.519602966786	1	0	2	1.5672899114971142
163055.61422509642	2000.0	1571.9053778701689	0.0	0	0.0	2627.519602966786	1	0	1	1.1688786548032968
164416.07800381695	2000.0	1211.4415991496676	0.0	0	0.0	2627.519602966757	1	0	1	1.7743437629114653
165435.15423411704	1000.0	1192.3653688495795	0.0	0	0.0	2627.5196029667277	1	0	1	0.38804940179157876
166266.85332379214	1000.0	1360.6662791744861	0.0	0	0.0	2627.519602966757	1	0	1	1.0811965823515202
167051.09463663463	1000.0	1576.4249663319856	0.0	0	0.0	2627.519602966757	1	0	1	1.0811965823515202
167974.8109743805	1000.0	1652.7086285861387	0.0	0	0.0	2627.519602966757	1	0	1	1.0811965823515202
168837.4552049156	1000.0	1790.0643980510163	0.0	0	0.0	2627.519602966757	1	0	1	1.0811965823515202
169629.26308801715	1000.0	1998.2565149494942	0.0	0	0.0	2627.519602966786	1	0	1	1.081196582351517
170822.72375595334	2000.0	1804.7958470133	0.0	0	0.0	2627.519602966786	1	0	1	1.0811965823515166
171910.68041858645	2000.0	1716.8391843801787	0.0	0	0.0	2627.519602966757	1	0	1	1.7743437629114653
172606.1756049791	1000.0	2021.3439979875577	0.0	0	0.0	2627.519602966757	1	0	1	0.388049401791575
174349.4529470359	2000.0	1278.0666559307672	0.0	0	0.0	2627.519602966757	1	0	1	1.0811965823515202
175343.23472383164	1000.0	1284.2848791350027	0.0	0	0.0	2627.519602966757	1	0	1	0.388049401791575
175957.16629447805	1000.0	1670.3533084885962	0.0	0	0.0	2627.519602966757	1	0	1	1.0811965823515202
176978.20504358702	2000.0	1649.3145593796291	0.0	0	0.0	2627.519602966757	1	0	1	1.0811965823515202
177431.60352371255	1000.0	2195.9160792541056	0.0	0	0.0	2627.519602966757	1	0	1	0.388049401791575
178646.42166639428	2000.0	1981.0979365723736	0.0	0	0.0	2627.519602966757	1	0	1	1.0811965823515202
179449.19699038632	2000.0	2178.3226125803494	0.0	0	0.0	2627.519602966757	1	0	1	1.7743437629114653
180995.05238400772	2000.0	1632.4672189589346	0.0	0	0.0	2627.519602966757	1	0	1	1.7743437629114653
181791.42325812578	1000.0	1836.096344840894	0.0	0	0.0	2627.5196029667277	1	0	1	0.38804940179157876
182843.93982303748	1000.0	1783.5797799291768	0.0	0	0.0	2627.5196029667277	1	0	1	1.081196582351524
183380.66255339058	1000.0	2246.8570495761137	0.0	0	0.0	2627.5196029667277	1	0	1	1.081196582351524
184627.72537525298	2000.0	1999.79422771371	0.0	0	0.0	2627.519602966757	1	0	1	1.0811965823515224
185725.06817975568	2000.0	1902.451423211013	0.0	0	0.0	2627.519602966757	1	0	1	1.7743437629114653
187345.96002190674	2000.0	1281.55958105995	0.0	0	0.0	2627.519602966757	1	0	1	1.7743437629114653
188107.98117998	1000.0	1519.5384229867032	0.0	0	0.0	2627.519602966757	1	0	1	0.388049401791575
188650.1044993663	1000.0	1977.4151036004241	0.0	0	0.0	2627.519602966786	1	0	1	1.0811965823515164
190128.2898166435	2000.0	1499.2297863232588	0.0	0	0.0	2627.519602966786	1	0	1	1.0811965823515166
190975.90844999533	1000.0	1651.6111529714435	0.0	0	0.0	2627.519602966786	1	0	1	0.3880494017915713
191626.84825551408	1000.0	2000.6713474526869	0.0	0	0.0	2627.519602966757	1	0	1	1.0811965823515202
192849.7364025143	2000.0	1777.7832004524637	0.0	0	0.0	2627.519602966786	1	0	1	1.081196582351517
193862.6077829096	2000.0	1764.9118200571804	0.0	0	0.0	2627.519602966786	1	0	1	1.7743437629114616
195251.02724854858	2000.0	1376.4923544181902	0.0	0	0.0	2627.519602966786	1	0	1	1.7743437629114616
196008.41706535706	1000.0	1619.1025376096875	0.0	0	0.0	2627.519602966786	1	0	1	0.3880494017915713
196739.2649086136	1000.0	1888.2546943531406	0.0	0	0.0	2627.519602966786	1	0	1	1.0811965823515164
198370.49430514002	2000.0	1257.025297826738	0.0	0	0.0	2627.519602966786	1	0	1	1.0811965823515166
199146.1207763719	1000.0	1481.3988265948294	0.0	0	0.0	2627.519602966786	1	0	1	0.3880494017915713
199985.62485437753	1000.0	1641.8947485891827	0.0	0	0.0	2627.519602966815	1	0	1	1.0811965823515126
201427.97163665618	2000.0	1199.5479663105207	0.0	0	0.0	2627.519602966844	1	0	1	1.081196582351509
202275.80516941904	1000.0	1351.7144335476942	0.0	0	0.0	2627.519602966815	1	0	1	0.3880494017915675
203095.2560965319	1000.0	1532.2635064348542	0.0	0	0.0	2627.519602966815	1	0	1	1.0811965823515126
203720.70372922905	1000.0	1906.8158737376873	0.0	0	0.0	2627.519602966815	1	0	1	1.0811965823515126
204556.6393578872	2000.0	2070.8802450794947	0.0	0	0.0	2627.519602966815	1	0	1	1.0811965823515126
205291.1431373109	2000.0	2336.3764656557814	0.0	0	0.0	2627.519602966815	1	0	1	1.7743437629114578
206200.0	2000.0	2427.519602966674	0.0	0	310.38976962081506	2627.519602966815	1	0	1	1.7743437629114578
207656.43150564126	2000.0	1825.4449467613072	0.0	0	0.0	2481.8764524027065	1	0	2	1.386448598575594
209581.84087512677	2000.0	900.0355772757821	0.0	0	0.0	2481.8764524027065	1	0	1	1.5918067310131705
211330.68617342465	1000.0	200.0	48.80972102209438	0	0.0	2530.686173424794	1	0	1	0.1111604323837033
211930.4044347423	500.0	700.9404439310155	100.65870524867967	0	0.0	2631.344878673466	1	0	1	-0.9095415425329261
212458.61945193092	500.0	1172.725426742401	0.0	0	0.0	2631.344878673466	1	0	1	0.3875578695190972
213142.25362939035	1000.0	1489.091249282964	0.0	0	0.0	2631.344878673466	1	0	1	0.3875578695190972
213831.06986833972	1000.0	1800.2750103335952	0.0	0	0.0	2631.3448786734953	1	0	1	1.0807050500790387
214941.5767869957	2000.0	1689.7680916776033	0.0	0	0.0	2631.3448786734953	1	0	1	1.0807050500790387
215988.6858344044	2000.0	1642.6590442689053	0.0	0	0.0	2631.344878673466	1	0	1	1.7738522306389872
216836.77219666538	1000.0	1794.572682007898	0.0	0	0.0	2631.344878673437	1	0	1	0.38755786951910115
217509.31034741233	1000.0	2122.034531260937	0.0	0	0.0	2631.344878673437	1	0	1	1.0807050500790463
218354.7173928474	1000.0	2276.627485825873	0.0	0	0.0	2631.344878673437	1	0	1	1.0807050500790463
219200.0	1000.0	2431.3448786732683	0.0	0	35.59110806477838	2631.344878673437	1	0	1	1.0807050500790463
220312.83120259843	2000.0	2318.513676074833	0.0	0	0.0	2631.344878673437	1	0	1	1.0807050500790463
221574.8188742421	2000.0	2056.526004431165	0.0	0	0.0	2631.344878673437	1	0	1	1.7738522306389914
222632.19538196837	2000.0	1999.1494967049007	0.0	0	0.0	2631.344878673466	1	0	1	1.773852230638988
223783.19511470787	2000.0	1848.1497639653774	0.0	0	0.0	2631.3448786734953	1	0	1	1.7738522306389854
224497.12445690736	2000.0	2134.220421765871	0.0	0	0.0	2631.3448786734953	1	0	1	1.773852230638984
225358.03476768272	2000.0	2273.310110990531	0.0	0	0.0	2631.3448786734953	1	0	1	1.773852230638984
227191.1500863004	2000.0	1440.1947923728974	0.0	0	0.0	2631.3448786734953	1	0	1	1.773852230638984
227911.6474776071	1000.0	1719.697401066185	0.0	0	0.0	2631.3448786735244	1	0	1	0.38755786951909
228887.33043261123	1000.0	1744.0144460620863	0.0	0	0.0	2631.3448786735244	1	0	1	1.0807050500790352
229780.03602739915	1000.0	1851.3088512741742	0.0	0	0.0	2631.3448786735244	1	0	1	1.0807050500790352
230789.24286030227	1000.0	1842.1020183710714	0.0	0	0.0	2631.3448786734953	1	0	1	1.0807050500790387
231581.87238066466	1000.0	2049.472498008685	0.0	0	0.0	2631.3448786734953	1	0	1	1.0807050500790387
232683.29170253448	1000.0	1948.0531761389057	0.0	0	0.0	2631.3448786734953	1	0	1	1.0807050500790387
233257.2642972676	1000.0	2374.0805814058026	0.0	0	0.0	2631.3448786734953	1	0	1	1.0807050500790387
234386.92577201198	2000.0	2244.4191066614303	0.0	0	0.0	2631.344878673466	1	0	1	1.0807050500790427
235279.39634474955	2000.0	2351.948533923867	0.0	0	0.0	2631.344878673437	1	0	1	1.7738522306389914
236603.23481615965	2000.0	2028.1100625137642	0.0	0	0.0	2631.344878673408	1	0	1	1.7738522306389952
237610.8362967626	2000.0	2020.5085819108426	0.0	0	0.0	2631.344878673408	1	0	1	1.7738522306389952
238845.22512502823	2000.0	1786.119753645209	0.0	0	0.0	2631.344878673408	1	0	1	1.7738522306389952
239795.06642978935	2000.0	1836.278448884108	0.0	0	0.0	2631.344878673408	1	0	1	1.7738522306389952
240690.47545498147	2000.0	1940.8694236919764	0.0	0	0.0	2631.344878673379	1	0	1	1.7738522306389983
241741.03148373563	2000.0	1890.3133949378464	0.0	0	0.0	2631.344878673408	1	0	1	1.7738522306389966
242841.76152384345	2000.0	1789.5833548299827	0.0	0	0.0	2631.344878673379	1	0	1	1.7738522306389983
243441.26004622423	2000.0	2190.084832449203	0.0	0	0.0	2631.3448786733497	1	0	1	1.7738522306389997
244282.10243917696	2000.0	2349.2424394964387	0.0	0	0.0	2631.3448786733497	1	0	1	1.7738522306390028
245499.56789015085	2000.0	2131.7769885225493	0.0	0	0.0	2631.3448786733497	1	0	1	1.7738522306390028
247689.7550634453	2000.0	941.5898152281022	0.0	0	0.0	2631.3448786733497	1	0	1	1.7738522306390028
248372.83754257084	1000.0	1258.5073361025836	0.0	0	0.0	2631.3448786733497	1	0	1	0.38755786951911253
248949.4682824452	1000.0	1681.8765962282664	0.0	0	0.0	2631.3448786733497	1	0	1	1.0807050500790578
249551.5067931144	1000.0	2079.8380855590576	0.0	0	0.0	2631.3448786733497	1	0	1	1.0807050500790578
251563.75694368887	2000.0	1067.587934984591	0.0	0	0.0	2631.3448786733497	1	0	1	1.0807050500790576
252095.17528916357	1000.0	1536.1695895098617	0.0	0	0.0	2631.3448786733497	1	0	1	0.38755786951911253
253572.58194304857	2000.0	1058.7629356248528	0.0	0	0.0	2631.344878673379	1	0	1	1.0807050500790538
254276.7303287411	1000.0	1354.614549932333	0.0	0	0.0	2631.344878673379	1	0	1	0.38755786951910864
255266.8939389053	1000.0	1364.450939768104	0.0	0	0.0	2631.3448786733497	1	0	1	1.0807050500790578
256137.459107083	1000.0	1493.8857715904019	0.0	0	0.0	2631.3448786733497	1	0	1	1.0807050500790578
257302.0638191933	1000.0	1329.2810594801113	0.0	0	0.0	2631.3448786733497	1	0	1	1.0807050500790578
258380.09315720687	1000.0	1251.2517214665663	0.0	0	0.0	2631.344878673379	1	0	1	1.0807050500790538
258911.81631675252	1000.0	1719.5285619209326	0.0	0	0.0	2631.344878673379	1	0	1	1.0807050500790538
259516.98733145627	1000.0	2114.3575472171997	0.0	0	0.0	2631.344878673408	1	0	1	1.0807050500790516
260345.99182444852	2000.0	2285.353054224958	0.0	0	0.0	2631.344878673379	1	0	1	1.0807050500790538
261200.0	2000.0	2431.344878673496	0.0	0	51.85947670726455	2631.344878673379	1	0	1	1.773852230638999
262200.0	2000.0	2431.3448786735166	0.0	0	120.61024681909475	2631.344878673408	1	0	1	1.7738522306389952
264205.66511473345	2000.0	1425.679763940117	0.0	0	0.0	2631.3448786734953	1	0	1	1.7738522306389886
265259.2615877284	1000.0	1372.0832909451606	0.0	0	0.0	2631.3448786734953	1	0	1	0.38755786951909366
265881.009554208	1000.0	1750.3353244655436	0.0	0	0.0	2631.3448786735535	1	0	1	1.0807050500790314
266593.54950674594	1000.0	2037.7953719276377	0.0	0	0.0	2631.3448786735535	1	0	1	1.0807050500790314
267405.75886880135	2000.0	2225.586009872208	0.0	0	0.0	2631.3448786735535	1	0	1	1.0807050500790312
268640.34321749926	2000.0	1991.0016611743322	0.0	0	0.0	2631.3448786735535	1	0	1	1.7738522306389766
269766.5959663284	2000.0	1864.7489123452237	0.0	0	0.0	2631.3448786735535	1	0	1	1.7738522306389766
270658.8324576119	2000.0	1972.512421061721	0.0	0	0.0	2631.3448786735535	1	0	1	1.7738522306389766
271824.418498583	2000.0	1806.9263800906037	0.0	0	0.0	2631.3448786735535	1	0	1	1.7738522306389766
273308.4856252621	2000.0	1322.8592534115585	0.0	0	0.0	2631.3448786734953	1	0	1	1.773852230638984
274179.8856633648	1000.0	1451.459215308832	0.0	0	0.0	2631.3448786734953	1	0	1	0.38755786951909366
274806.9204350097	1000.0	1824.4244436638967	0.0	0	0.0	2631.3448786734953	1	0	1	1.0807050500790387
276358.9574667049	2000.0	1272.3874119687077	0.0	0	0.0	2631.3448786734953	1	0	1	1.0807050500790387
277225.27348557225	1000.0	1406.0713931013354	0.0	0	0.0	2631.3448786734953	1	0	1	0.38755786951909366
277902.46994479024	1000.0	1728.874933883382	0.0	0	0.0	2631.3448786735535	1	0	1	1.0807050500790314
279246.45240314235	2000.0	1384.8924755313099	0.0	0	0.0	2631.3448786734953	1	0	1	1.0807050500790387
279796.71709620213	1000.0	1834.627782471516	0.0	0	0.0	2631.3448786735535	1	0	1	0.38755786951908616
280738.315201948	2000.0	1893.0296767256232	0.0	0	0.0	2631.3448786735535	1	0	1	1.0807050500790312
281935.430613497	2000.0	1695.9142651766656	0.0	0	0.0	2631.3448786735535	1	0	1	1.7738522306389766
282977.50910527096	2000.0	1653.8357734026195	0.0	0	0.0	2631.3448786734953	1	0	1	1.773852230638984
284157.4629989361	2000.0	1473.8818797374536	0.0	0	0.0	2631.3448786734953	1	0	1	1.773852230638984
285525.5243784225	2000.0	1105.8205002510936	0.0	0	0.0	2631.3448786734953	1	0	1	1.773852230638984
286484.8690186856	1000.0	1146.4758599879144	0.0	0	0.0	2631.344878673379	1	0	1	0.38755786951910265
287303.0108590699	1000.0	1328.3340196036393	0.0	0	0.0	2631.344878673379	1	0	1	1.0807050500790538
288717.3657571851	1000.0	913.9791214884351	0.0	0	0.0	2631.344878673437	1	0	1	1.0807050500790463
289605.26584686484	1000.0	1026.0790318086788	0.0	0	0.0	2631.3448786734953	1	0	1	1.0807050500790387
290432.4332284768	1000.0	1198.9116501967326	0.0	0	0.0	2631.3448786734953	1	0	1	1.0807050500790387
290885.34184706834	1000.0	1746.0030316051784	0.0	0	0.0	2631.3448786734953	1	0	1	1.0807050500790387
292041.03105782537	2000.0	1590.3138208481544	0.0	0	0.0	2631.3448786734953	1	0	1	1.0807050500790387
292719.2856055503	2000.0	1912.0592731233128	0.0	0	0.0	2631.3448786734953	1	0	1	1.773852230638984
293590.2514305173	2000.0	2041.0934481563006	0.0	0	0.0	2631.3448786734953	1	0	1	1.773852230638984
294346.0871410416	2000.0	2285.257737631991	0.0	0	0.0	2631.3448786734953	1	0	1	1.773852230638984
295616.9124169954	2000.0	2014.4324616781926	0.0	0	0.0	2631.3448786735535	1	0	1	1.773852230638981
296538.9346546614	2000.0	2092.410224012164	0.0	0	0.0	2631.3448786734953	1	0	1	1.7738522306389792
297692.37601180363	2000.0	1938.9688668699005	0.0	0	0.0	2631.3448786734953	1	0	1	1.773852230638984
298623.8047543539	1000.0	2007.5401243196147	0.0	0	0.0	2631.3448786734953	1	0	1	0.38755786951909366
299629.15056581463	1000.0	2002.1943128589103	0.0	0	0.0	2631.3448786735535	1	0	1	1.0807050500790314
300669.4509890283	1000.0	1961.8938896452426	0.0	0	0.0	2631.3448786735535	1	0	1	1.0807050500790314
3.31	1.93	1.92	2.17	2.84	2.59	2.95	2.56	1.97	2.43	1.7	1.22	1.18	1.56	1.11	1.0	1.54	2.2	1.59	1.17	0.92	1.15	1.54	1.75	1.91	2.47	1.71	1.03	1.11	1.52	1.96	1.64	1.76	1.6	1.53	1.46	1.71	1.63	1.95	2.31	1.89	1.68	1.26	1.45	1.66	1.54	1.75	1.32	1.56	1.64	2.1	2.73	3.27	1.75	1.14	0.93	0.66	0.74	0.78	1.24	1.75	1.78	1.19	1.23	0.95	1.39	1.85	2.27	1.68	2.02	2.36	2.27	1.55	1.11	1.38	1.25	1.15	1.46	1.17	1.44	2.09	1.91	1.56	1.42	1.7	2.28	2.22	2.59	2.28	2.75	2.41	1.98	1.23	1.19	1.41	1.47	1.26	0.89	1.85	1.55	1.42	1.19	0.95	1.0	1.02	1.48	1.97	1.97	1.74	1.0	0.49	0.95	1.54	2.24	1.58	1.76	2.0	2.11	2.04	1.49	1.45	1.46	1.58	1.61	1.66	1.49	1.8	2.17	2.29	2.22	1.47	1.52	1.27	1.2	0.82	1.26	1.42	1.9	2.14	2.51	2.36	2.15	1.98	1.55	1.14	1.2	1.24	1.39	1.95	3.01	3.31	1.93	1.92	2.17	2.84	2.59	2.95	2.56	1.97	2.43	1.7	1.22	1.18	1.56	1.11	1.0	1.54	2.2	1.59	1.17	0.92	1.15	1.54	1.75	1.91	2.47	1.71	1.03	1.11	1.52	1.96	1.64	1.76	1.6	1.53	1.46	1.71	1.63	1.95	2.31	1.89	1.68	1.26	1.45	1.66	1.54	1.75	1.32	1.56	1.64	2.1	2.73	3.27	1.75	1.14	0.93	0.66	0.74	0.78	1.24	1.75	1.78	1.19	1.23	0.95	1.39	1.85	2.27	1.68	2.02	2.36	2.27	1.55	1.11	1.38	1.25	1.15	1.46	1.17	1.44	2.09	1.91	1.56	1.42	1.7	2.28	2.22	2.59	2.28	2.75	2.41	1.98	1.23	1.19	1.41	1.47	1.26	0.89	1.85	1.55	1.42	1.19	0.95	1.0	1.02	1.48	1.97	1.97	1.74	1.0	0.49	0.95	1.54	2.24	1.58	1.76	2.0	2.11	2.04	1.49	1.45	1.46	1.58	1.61	1.66	1.49	1.8	2.17	2.29	2.22	1.47	1.52	1.27	1.2	0.82	1.26	1.42	1.9	2.14	2.51	2.36	2.15	1.98	1.55	1.14	1.2	1.24	1.39	1.95	3.01	3.31
1.0	2.0	3.0	4.0	5.0	6.0	7.0	8.0	9.0	10.0	11.0	12.0	13.0	14.0	15.0	16.0	17.0	18.0	19.0	20.0	21.0	22.0	23.0	24.0	25.0	26.0	27.0	28.0	29.0	30.0	31.0	32.0	33.0	34.0	35.0	36.0	37.0	38.0	39.0	40.0	41.0	42.0	43.0	44.0	45.0	46.0	47.0	48.0	49.0	50.0	51.0	52.0	53.0	54.0	55.0	56.0	57.0	58.0	59.0	60.0	61.0	62.0	63.0	64.0	65.0	66.0	67.0	68.0	69.0	70.0	71.0	72.0	73.0	74.0	75.0	76.0	77.0	78.0	79.0	80.0	81.0	82.0	83.0	84.0	85.0	86.0	87.0	88.0	89.0	90.0	91.0	92.0	93.0	94.0	95.0	96.0	97.0	98.0	99.0	100.0	101.0	102.0	103.0	104.0	105.0	106.0	107.0	108.0	109.0	110.0	111.0	112.0	113.0	114.0	115.0	116.0	117.0	118.0	119.0	120.0	121.0	122.0	123.0	124.0	125.0	126.0	127.0	128.0	129.0	130.0	131.0	132.0	133.0	134.0	135.0	136.0	137.0	138.0	139.0	140.0	141.0	142.0	143.0	144.0	145.0	146.0	147.0	148.0	149.0	149.0	150.0	151.0	152.0	153.0	154.0	155.0	156.0	157.0	158.0	159.0	160.0	161.0	162.0	163.0	164.0	165.0	166.0	167.0	168.0	169.0	170.0	171.0	172.0	173.0	174.0	175.0	176.0	177.0	178.0	179.0	180.0	181.0	182.0	183.0	184.0	185.0	186.0	187.0	188.0	189.0	190.0	191.0	192.0	193.0	194.0	195.0	196.0	197.0	198.0	199.0	200.0	201.0	202.0	203.0	204.0	205.0	206.0	207.0	208.0	209.0	210.0	211.0	212.0	213.0	214.0	215.0	216.0	217.0	218.0	219.0	220.0	221.0	222.0	223.0	224.0	225.0	226.0	227.0	228.0	229.0	230.0	231.0	232.0	233.0	234.0	235.0	236.0	237.0	238.0	239.0	240.0	241.0	242.0	243.0	244.0	245.0	246.0	247.0	248.0	249.0	250.0	251.0	252.0	253.0	254.0	255.0	256.0	257.0	258.0	259.0	260.0	261.0	262.0	263.0	264.0	265.0	266.0	267.0	268.0	269.0	270.0	271.0	272.0	273.0	274.0	275.0	276.0	277.0	278.0	279.0	280.0	281.0	282.0	283.0	284.0	285.0	286.0	287.0	288.0	289.0	290.0	291.0	292.0	293.0	294.0	295.0	296.0	297.0	298.0	298.0	299.0
4366.484532353974
