2704.951899074411	300.0	2000.0	191.94837897972474	0	0.0	2704.951899074411	1	0	1	-1.2789649686068993
3725.3407585806376	2000.0	1979.6111404937735	0.0	0	0.0	2704.9518990744114	1	0	1	-0.1330753464447733
4770.29726442279	2000.0	1934.6546346516209	0.0	0	0.0	2704.9518990744114	1	0	1	1.764044638441108
6070.465487600808	2000.0	1634.4864114736026	0.0	0	0.0	2704.951899074411	1	0	1	1.764044638441108
7054.31601036483	2000.0	1650.6358887095816	0.0	0	0.0	2704.951899074412	1	0	1	1.764044638441108
7942.602116536785	2000.0	1762.3497825376269	0.0	0	0.0	2704.951899074412	1	0	1	1.764044638441108
8633.17402067536	2000.0	2071.7778783990507	0.0	0	0.0	2704.951899074411	1	0	1	1.764044638441108
9357.5457859353	2000.0	2347.406113139113	0.0	0	0.0	2704.9518990744127	1	0	1	1.764044638441108
10488.447119426703	3000.0	2103.414646298569	0.0	0	0.0	2591.8617657252717	1	0	2	1.375284502547716
11209.367735362564	3000.0	2310.40196876912	0.0	0	0.0	2519.7697041316824	1	0	2	1.9908893508732417
12200.0	3000.0	2220.7064776679417	0.0	0	136.84063536863323	2420.7064776679417	1	0	2	2.0005393664171436
13200.0	3000.0	2120.706477667941	0.0	0	384.76724248136634	2320.7064776679417	1	0	2	2.0102952976081894
14362.981845898266	3000.0	1841.426447179847	0.0	0	0.0	2204.408293078115	1	0	2	2.0215323848829168
15631.410732236913	2000.0	1572.9975608412005	0.0	0	0.0	2204.408293078115	1	0	1	1.2136420955316356
16950.125226574553	2000.0	1254.2830665035603	0.0	0	0.0	2204.408293078115	1	0	1	1.8191072036398004
18096.023851355665	2000.0	1108.3844417224504	0.0	0	0.0	2204.4082930781187	1	0	1	1.8191072036398004
19276.092567922296	2000.0	928.3157251558188	0.0	0	0.0	2204.4082930781187	1	0	1	1.8191072036398002
19762.90527270256	1000.0	1441.5030203755557	0.0	0	0.0	2204.408293078115	1	0	1	0.4328128425199099
20600.37707719568	2000.0	1604.0312158824352	0.0	0	0.0	2204.408293078115	1	0	1	1.1259600230798552
21200.0	2000.0	2004.4082930781115	0.0	0	75.61858745169957	2204.408293078115	1	0	1	1.8191072036398004
22200.0	2000.0	2004.4082930781115	0.0	0	393.0617623538092	2204.408293078115	1	0	1	1.8191072036398004
24993.7410797017	3000.0	200.0	244.27899508523598	0	0.0	2193.7410797017073	1	0	2	-0.036557335828363235
25751.048684506226	1000.0	611.7968172850409	169.10442208956619	0	0.0	2362.8455017912675	1	0	1	-1.201982773422924
26259.10507580415	1000.0	1103.74042598712	0.0	0	0.0	2362.8455017912675	1	0	1	1.1112560477825828
27217.898218638635	1000.0	1144.947283152636	0.0	0	0.0	2362.8455017912675	1	0	1	1.1112560477825828
27896.906030464277	1000.0	1465.9394713269962	0.0	0	0.0	2362.845501791264	1	0	1	1.1112560477825832
28871.031430051207	2000.0	1491.8140717400654	0.0	0	0.0	2362.845501791264	1	0	1	1.111256047782583
30154.258405861674	2000.0	1208.5870959296003	0.0	0	0.0	2362.845501791264	1	0	1	1.8044032283425282
30952.406085368028	1000.0	1410.4394164232497	0.0	0	0.0	2362.845501791264	1	0	1	0.418108867222638
32115.501991881294	1000.0	1247.3435099099786	0.0	0	0.0	2362.84550179126	1	0	1	1.1112560477825835
32708.48997759357	1000.0	1654.3555241976997	0.0	0	0.0	2362.8455017912565	1	0	1	1.111256047782584
33636.280135231056	2000.0	1726.5653665602122	0.0	0	0.0	2362.8455017912456	1	0	1	1.1112560477825844
35347.54011976846	2000.0	1015.3053820228093	0.0	0	0.0	2362.8455017912493	1	0	1	1.80440322834253
36045.94032770752	1000.0	1316.9051740837501	0.0	0	0.0	2362.8455017912493	1	0	1	0.41810886722263957
37021.79839898796	2000.0	1341.047102803312	0.0	0	0.0	2362.8455017912493	1	0	1	1.1112560477825846
37884.04593690806	2000.0	1478.7995648832073	0.0	0	0.0	2362.8455017912493	1	0	1	1.80440322834253
38759.85592369008	2000.0	1602.989578101196	0.0	0	0.0	2362.8455017912493	1	0	1	1.80440322834253
39272.834316972105	2000.0	2090.0111848191696	0.0	0	0.0	2362.8455017912565	1	0	1	1.804403228342529
40200.0	2000.0	2070.1289334884873	0.0	0	469.9155155647386	2270.1289334884714	1	0	2	1.4097251697275341
41200.0	3000.0	1970.1289334884798	0.0	0	366.1689990952509	2170.128933488457	1	0	2	1.61875553682509
42200.0	6000.0	1970.1289334884805	0.0	0	69.28876360646973	2170.128933488464	1	0	1	2.027471568482309
43890.863039868076	6000.0	1279.2658936204045	0.0	0	0.0	2170.128933488464	1	0	1	2.920618749042254
44622.16094997091	3000.0	1474.8381925072931	0.0	0	0.0	2096.9991424781765	1	0	2	1.1387810273519774
45309.75261241299	3000.0	1718.4873638210108	0.0	0	0.0	2028.23997623397	1	0	2	2.037216100292834
46200.0	3000.0	1739.2152374753027	0.0	0	260.9837158331575	1939.2152374752768	1	0	2	2.0424812212830297
47291.408507692104	3000.0	1538.6658790139875	0.0	0	0.0	1830.0743867060737	1	0	2	2.049906507897487
48200.0	2000.0	1630.074386706101	0.0	0	92.54132900732657	1830.0743867060737	1	0	1	1.2406724255029158
49402.91459405375	2000.0	1427.159792652349	0.0	0	0.0	1830.0743867060664	1	0	1	1.846137533611081
50605.33227171103	2000.0	1224.7421149950687	0.0	0	0.0	1830.0743867060664	1	0	1	1.846137533611081
51486.447756108704	2000.0	1343.6266305973973	0.0	0	0.0	1830.0743867060592	1	0	1	1.8461375336110817
52256.31929455022	2000.0	1573.7550921558902	0.0	0	0.0	1830.0743867060592	1	0	1	1.8461375336110817
53200.0	2000.0	1630.0743867061092	0.0	0	86.71668937588402	1830.0743867060592	1	0	1	1.8461375336110817
54200.0	2000.0	1630.0743867061024	0.0	0	76.74479133672867	1830.0743867060592	1	0	1	1.8461375336110817
55564.60194376259	2000.0	1265.4724429435164	0.0	0	0.0	1830.0743867060592	1	0	1	1.8461375336110817
56837.560408332654	2000.0	992.513978373447	0.0	0	0.0	1830.0743867060592	1	0	1	1.8461375336110817
57664.321818942524	2000.0	1165.7525677635656	0.0	0	0.0	1830.0743867060519	1	0	1	1.846137533611082
58513.380092742664	2000.0	1316.6942939634364	0.0	0	0.0	1830.0743867060519	1	0	1	1.846137533611082
59373.90892862082	2000.0	1456.165458085281	0.0	0	0.0	1830.0743867060519	1	0	1	1.846137533611082
60200.0	2000.0	1630.0743867060994	0.0	0	150.00555733465444	1830.0743867060519	1	0	1	1.846137533611082
61329.87873701735	2000.0	1500.1956496887442	0.0	0	0.0	1830.0743867060519	1	0	1	1.846137533611082
62617.36658108727	2000.0	1212.7078056188248	0.0	0	0.0	1830.0743867060519	1	0	1	1.846137533611082
63813.38133475772	2000.0	1016.6930519483737	0.0	0	0.0	1830.0743867060519	1	0	1	1.846137533611082
64538.12188817447	1000.0	1291.9524985316373	0.0	0	0.0	1830.0743867060519	1	0	1	0.4598431724911916
65278.739906722934	1000.0	1551.334479983174	0.0	0	0.0	1830.0743867060519	1	0	1	1.1529903530511367
66200.0	1000.0	1630.0743867061067	0.0	0	145.16003854485461	1830.0743867060446	1	0	1	1.152990353051137
67399.26114769463	2000.0	1430.813239011461	0.0	0	0.0	1830.0743867060373	1	0	1	1.1529903530511376
68633.83199801476	2000.0	1196.242388691322	0.0	0	0.0	1830.0743867060373	1	0	1	1.8461375336110828
69445.30062799613	2000.0	1384.7737587099614	0.0	0	0.0	1830.0743867060373	1	0	1	1.8461375336110828
70200.0	2000.0	1630.0743867060874	0.0	0	67.69279490569897	1830.0743867060373	1	0	1	1.8461375336110828
71200.0	2000.0	1630.0743867061026	0.0	0	181.88484218700614	1830.0743867060373	1	0	1	1.8461375336110828
72200.0	2000.0	1630.0743867061028	0.0	0	62.994475152299856	1830.0743867060373	1	0	1	1.8461375336110828
73812.71824726474	2000.0	1017.3561394413478	0.0	0	0.0	1830.0743867060228	1	0	1	1.846137533611084
75258.24096189096	2000.0	571.8334248151288	0.0	0	0.0	1830.0743867060228	1	0	1	1.846137533611084
75831.09126985731	1000.0	998.9831168487797	0.0	0	0.0	1830.0743867060228	1	0	1	0.45984317249119344
77864.91350488696	2000.0	200.0	234.83911818088077	0	0.0	2064.913504886965	1	0	1	-0.26177907627195174
78322.24222827573	500.0	783.8945609607856	41.223284349538744	0	0.0	2106.136789236509	1	0	1	-1.1927579434311995
79461.48985782993	1000.0	644.6469314065818	0.0	0	0.0	2106.136789236509	1	0	1	0.44087612378592367
80299.50438518958	1000.0	806.6324040469522	0.0	0	0.0	2106.136789236509	1	0	1	1.134023304345869
81061.5777744581	1000.0	1044.5590147784396	0.0	0	0.0	2106.136789236509	1	0	1	1.134023304345869
81651.84896355083	1000.0	1454.2878256857007	0.0	0	0.0	2106.136789236509	1	0	1	1.134023304345869
82737.61190098358	2000.0	1368.5248882529388	0.0	0	0.0	2106.136789236494	1	0	1	1.1340233043458703
83550.27974141658	2000.0	1555.8570478199213	0.0	0	0.0	2106.136789236494	1	0	1	1.8271704849058155
84267.34391686408	2000.0	1838.7928723724347	0.0	0	0.0	2106.136789236509	1	0	1	1.8271704849058144
85200.0	2000.0	1906.136789236509	0.0	0	449.9864369742427	2106.136789236509	1	0	1	1.8271704849058144
86200.0	2000.0	1906.1367892365054	0.0	0	440.10498811841535	2106.136789236509	1	0	1	1.8271704849058144
87200.0	2000.0	1806.136789236501	0.0	0	231.6581128427788	2006.1367892365233	1	0	2	1.4321080685851795
88200.0	2000.0	1806.1367892365013	0.0	0	277.5424019126076	2006.1367892365233	1	0	1	1.634630783501244
89200.0	2000.0	1806.1367892364938	0.0	0	239.0903045233863	2006.1367892365233	1	0	1	1.834630783501244
90200.0	2000.0	1806.1367892364913	0.0	0	367.74892709164124	2006.1367892365233	1	0	1	1.834630783501244
91200.0	3000.0	1706.136789236489	0.0	0	382.2401967382466	1906.1367892365088	1	0	2	1.4388847992083913
92200.0	3000.0	1606.136789236491	0.0	0	186.11261450542952	1806.1367892365233	1	0	2	2.051023546425643
94153.04022558175	6000.0	653.0965636547446	0.0	0	0.0	1806.1367892365233	1	0	1	2.053021090330318
95061.60076587695	2000.0	744.5360233595475	0.0	0	0.0	1806.1367892365233	1	0	1	0.7489436935540437
96148.90178597007	2000.0	657.2350032664356	0.0	0	0.0	1806.1367892365379	1	0	1	1.8475559822221523
97377.99310591766	2000.0	428.1436833188278	0.0	0	0.0	1806.1367892365233	1	0	1	1.8475559822221532
97983.7063178437	2000.0	822.4304713928072	0.0	0	0.0	1806.1367892365233	1	0	1	1.8475559822221532
98705.05931662428	2000.0	1101.07747261222	0.0	0	0.0	1806.1367892365233	1	0	1	1.8475559822221532
99426.8540840898	2000.0	1379.2827051466882	0.0	0	0.0	1806.1367892365233	1	0	1	1.8475559822221532
100200.0	2000.0	1606.1367892365065	0.0	0	243.030637185846	1806.1367892365379	1	0	1	1.8475559822221523
101200.0	2000.0	1606.136789236512	0.0	0	505.68978414300364	1806.1367892365379	1	0	1	1.8475559822221523
102200.0	2000.0	1606.1367892365095	0.0	0	385.3384561438579	1806.1367892365379	1	0	1	1.8475559822221523
103200.0	2000.0	1606.136789236507	0.0	0	170.50123416526185	1806.1367892365379	1	0	1	1.8475559822221523
104200.0	2000.0	1606.1367892365129	0.0	0	253.5500745525933	1806.1367892365379	1	0	1	1.8475559822221523
105200.0	2000.0	1606.136789236509	0.0	0	37.83960716972069	1806.1367892365379	1	0	1	1.8475559822221523
106200.0	2000.0	1606.136789236504	0.0	0	274.4973777770356	1806.1367892365379	1	0	1	1.8475559822221523
107312.2702047911	2000.0	1493.866584445393	0.0	0	0.0	1806.1367892365379	1	0	1	1.8475559822221523
108458.33616901949	2000.0	1347.8006202169972	0.0	0	0.0	1806.1367892365379	1	0	1	1.8475559822221523
109598.73688358853	2000.0	1207.3999056479515	0.0	0	0.0	1806.1367892365379	1	0	1	1.8475559822221523
110831.56436224333	2000.0	974.5724269931603	0.0	0	0.0	1806.1367892365233	1	0	1	1.8475559822221532
112259.54360901826	2000.0	546.5931802182276	0.0	0	0.0	1806.1367892365233	1	0	1	1.8475559822221532
112614.01100145043	1000.0	1192.1257877860546	0.0	0	0.0	1806.1367892365233	1	0	1	0.46126162110226293
113228.52097218207	2000.0	1577.615817054417	0.0	0	0.0	1806.1367892365233	1	0	1	1.154408801662208
114324.56470380451	2000.0	1481.572085431988	0.0	0	0.0	1806.1367892365233	1	0	1	1.8475559822221532
115200.0	2000.0	1606.1367892365108	0.0	0	1.727552396885585	1806.1367892365379	1	0	1	1.8475559822221523
116200.0	2000.0	1606.1367892365117	0.0	0	35.82798690919299	1806.1367892365233	1	0	1	1.8475559822221532
117200.0	2000.0	1606.1367892364913	0.0	0	425.5481582811626	1806.1367892365233	1	0	1	1.8475559822221532
118200.0	2000.0	1606.1367892364829	0.0	0	38.64187110240164	1806.1367892365088	1	0	1	1.8475559822221541
119200.0	2000.0	1606.13678923649	0.0	0	129.19504622618842	1806.1367892365088	1	0	1	1.8475559822221541
120200.0	2000.0	1606.1367892364974	0.0	0	280.87798654417566	1806.1367892365088	1	0	1	1.8475559822221541
121200.0	2000.0	1606.1367892365065	0.0	0	456.23477604177606	1806.1367892365233	1	0	1	1.8475559822221532
122200.0	2000.0	1606.1367892364965	0.0	0	28.203267102566315	1806.1367892365233	1	0	1	1.8475559822221532
123200.0	2000.0	1606.1367892364983	0.0	0	241.00593672893592	1806.1367892365379	1	0	1	1.8475559822221523
124200.0	2000.0	1606.1367892364913	0.0	0	302.0650517883478	1806.1367892365379	1	0	1	1.8475559822221523
125200.0	2000.0	1606.1367892364733	0.0	0	68.37930653855437	1806.1367892365379	1	0	1	1.8475559822221523
126200.0	2000.0	1606.1367892364653	0.0	0	405.2416682605108	1806.1367892365379	1	0	1	1.8475559822221523
127200.0	2000.0	1606.1367892364678	0.0	0	444.89086829508597	1806.1367892365233	1	0	1	1.8475559822221532
128358.0421574009	2000.0	1448.0946318355723	0.0	0	0.0	1806.1367892365379	1	0	1	1.8475559822221523
129754.64151627684	2000.0	1051.4952729596107	0.0	0	0.0	1806.1367892365379	1	0	1	1.8475559822221523
130412.0901813856	1000.0	1394.046607850858	0.0	0	0.0	1806.1367892365379	1	0	1	0.4612616211022621
131697.833305032	2000.0	1108.3034842044449	0.0	0	0.0	1806.1367892365088	1	0	1	1.1544088016622078
132323.18641616372	1000.0	1482.950373072727	0.0	0	0.0	1806.1367892365379	1	0	1	0.461261621102263
133568.88197855558	2000.0	1237.254810680849	0.0	0	0.0	1806.1367892365379	1	0	1	1.1544088016622072
134520.1955256164	2000.0	1285.9412636199936	0.0	0	0.0	1806.136789236567	1	0	1	1.8475559822221508
135294.00137534866	2000.0	1512.1354138877525	0.0	0	0.0	1806.136789236567	1	0	1	1.8475559822221508
136200.0	2000.0	1606.1367892364087	0.0	0	150.16823353184736	1806.1367892365379	1	0	1	1.8475559822221523
137504.9712208408	2000.0	1301.1655683956326	0.0	0	0.0	1806.136789236567	1	0	1	1.8475559822221508
138263.7306579481	2000.0	1542.4061312883189	0.0	0	0.0	1806.136789236567	1	0	1	1.8475559822221508
139200.0	2000.0	1606.1367892364008	0.0	0	329.91049322197796	1806.136789236567	1	0	1	1.8475559822221508
140200.0	2000.0	1606.1367892364144	0.0	0	225.57571529768757	1806.136789236567	1	0	1	1.8475559822221508
141221.7169272055	2000.0	1584.4198620309353	0.0	0	0.0	1806.136789236567	1	0	1	1.8475559822221508
143170.781983966	2000.0	635.3548052704268	0.0	0	0.0	1806.136789236567	1	0	1	1.8475559822221508
143852.7483151024	1000.0	953.3884741340303	0.0	0	0.0	1806.136789236567	1	0	1	0.46126162110226043
144555.97916678083	1000.0	1250.1576224555738	0.0	0	0.0	1806.136789236567	1	0	1	1.1544088016622056
146159.0251889877	2000.0	647.1116002487056	0.0	0	0.0	1806.136789236567	1	0	1	1.1544088016622056
146603.32946231987	1000.0	1202.807326916517	0.0	0	0.0	1806.1367892365379	1	0	1	0.4612616211022621
147953.3995896034	2000.0	852.7371996330265	0.0	0	0.0	1806.1367892365379	1	0	1	1.1544088016622072
148737.99261638845	2000.0	1068.144172847975	0.0	0	0.0	1806.136789236567	1	0	1	1.8475559822221508
150296.9196885389	2000.0	509.2171006975271	0.0	0	0.0	1806.136789236567	1	0	1	1.8475559822221508
150953.56151187816	1000.0	852.5752773582949	0.0	0	0.0	1806.136789236567	1	0	1	0.46126162110226043
152020.09525843666	2000.0	786.0415307998123	0.0	0	0.0	1806.136789236567	1	0	1	1.1544088016622056
152636.3137010878	1000.0	1169.8230881486475	0.0	0	0.0	1806.136789236567	1	0	1	0.46126162110226043
153792.99042168012	2000.0	1013.1463675563431	0.0	0	0.0	1806.136789236567	1	0	1	1.1544088016622056
154633.32693321715	2000.0	1172.809856019282	0.0	0	0.0	1806.136789236567	1	0	1	1.8475559822221508
155448.41892294426	2000.0	1357.717866292162	0.0	0	0.0	1806.1367892365379	1	0	1	1.8475559822221523
156200.0	2000.0	1606.1367892364308	0.0	0	56.36333719221875	1806.1367892365379	1	0	1	1.8475559822221523
157200.0	2000.0	1606.1367892364028	0.0	0	29.86275770541397	1806.1367892365379	1	0	1	1.8475559822221523
158200.0	2000.0	1606.1367892363837	0.0	0	375.42502804726246	1806.1367892365379	1	0	1	1.8475559822221523
159200.0	2000.0	1606.1367892364053	0.0	0	395.2874010995438	1806.1367892365088	1	0	1	1.8475559822221541
160200.0	3000.0	1606.136789236428	0.0	0	291.75011233548867	1806.1367892365088	1	0	1	1.8475559822221541
161200.0	3000.0	1506.1367892364178	0.0	0	366.93903651463916	1706.1367892364215	1	0	2	1.8565305712095195
162200.0	3000.0	1506.1367892363987	0.0	0	442.8948903038108	1706.1367892363924	1	0	1	2.0586027325716
163804.95095404776	3000.0	901.1858351886751	0.0	0	0.0	1706.1367892364215	1	0	1	2.2586027325715996
164924.41138394087	2000.0	781.7254052955626	0.0	0	0.0	1706.1367892364215	1	0	1	1.4476725163552695
165710.15975063198	2000.0	995.9770386044352	0.0	0	0.0	1706.1367892364215	1	0	1	1.853137624463434
166544.87980647205	2000.0	1161.256982764339	0.0	0	0.0	1706.1367892364215	1	0	1	1.853137624463434
167860.85384928246	2000.0	845.2829399538961	0.0	0	0.0	1706.1367892364215	1	0	1	1.853137624463434
168711.24273411627	2000.0	994.8940551200883	0.0	0	0.0	1706.1367892364506	1	0	1	1.8531376244634323
169523.7283749963	2000.0	1182.4084142400657	0.0	0	0.0	1706.1367892364797	1	0	1	1.853137624463431
170200.0	2000.0	1506.1367892363903	0.0	0	28.008095931087155	1706.1367892364797	1	0	1	1.853137624463431
171200.0	2000.0	1506.1367892363699	0.0	0	498.1185971776722	1706.1367892364797	1	0	1	1.853137624463431
173065.23894107775	2000.0	640.8978481586214	0.0	0	0.0	1706.1367892364797	1	0	1	1.853137624463431
173593.9565080569	1000.0	1112.1802811794514	0.0	0	0.0	1706.1367892365088	1	0	1	0.466843263343539
175019.38254737656	2000.0	686.7542418597614	0.0	0	0.0	1706.1367892364797	1	0	1	1.1599904439034858
175926.82513087193	1000.0	779.3116583643987	0.0	0	0.0	1706.1367892364797	1	0	1	0.46684326334354065
176494.4349254939	1000.0	1211.7018637424185	0.0	0	0.0	1706.1367892364797	1	0	1	1.1599904439034858
177832.62788374192	2000.0	873.5089054943891	0.0	0	0.0	1706.1367892364797	1	0	1	1.1599904439034858
179394.28432700047	2000.0	311.852462235876	0.0	0	0.0	1706.1367892365088	1	0	1	1.8531376244634299
180135.67569502053	1000.0	647.4791478561026	77.01805364027905	0	0.0	1783.1548428768	1	0	1	0.0004844696120687719
181280.42318649188	1000.0	502.7316563847727	0.0	0	0.0	1783.1548428768	1	0	1	1.1557399720136883
181789.92056406735	1000.0	993.2342788093299	0.0	0	0.0	1783.1548428768	1	0	1	1.1557399720136883
182693.62070819977	2000.0	1089.5341346769042	0.0	0	0.0	1783.1548428768	1	0	1	1.1557399720136883
183551.65143086165	1000.0	1231.503412015044	0.0	0	0.0	1783.1548428768	1	0	1	0.46259279145374305
184496.113537091	1000.0	1287.0413057856754	0.0	0	0.0	1783.1548428768292	1	0	1	1.1557399720136872
185692.52014185724	2000.0	1090.6347010194465	0.0	0	0.0	1783.1548428768292	1	0	1	1.1557399720136865
186547.2617732634	2000.0	1235.893069613295	0.0	0	0.0	1783.1548428768292	1	0	1	1.8488871525736317
187477.21807183287	2000.0	1305.9367710438194	0.0	0	0.0	1783.1548428768292	1	0	1	1.8488871525736317
188207.50721236898	2000.0	1575.647630507713	0.0	0	0.0	1783.1548428768292	1	0	1	1.8488871525736317
189200.0	2000.0	1583.1548428766653	0.0	0	531.0265847554547	1783.1548428768292	1	0	1	1.8488871525736317
190200.0	2000.0	1583.1548428766584	0.0	0	626.2199167924409	1783.1548428768583	1	0	1	1.8488871525736301
191200.0	3000.0	1583.1548428766694	0.0	0	285.4229929155845	1783.1548428768874	1	0	1	1.8488871525736286
192451.15856799574	6000.0	1331.9962748809523	0.0	0	0.0	1783.1548428768874	1	0	1	2.2543522606817925
193256.2842125238	3000.0	1526.8706303528834	0.0	0	0.0	1783.1548428768874	1	0	1	1.5612050801218482
194200.0	3000.0	1583.1548428767233	0.0	0	244.68770609772764	1783.1548428768874	1	0	1	2.254352260681793
195556.27972990455	6000.0	1226.8751129721775	0.0	0	0.0	1783.1548428769165	1	0	1	2.254352260681791
196200.0	2000.0	1583.154842876733	0.0	0	32.02286371777882	1783.1548428768874	1	0	1	0.7502748639055187
197362.82807231395	2000.0	1420.3267705628136	0.0	0	0.0	1783.1548428768874	1	0	1	1.8488871525736297
198755.2967167164	2000.0	1027.858126160379	0.0	0	0.0	1783.1548428768874	1	0	1	1.8488871525736283
199841.5507435194	2000.0	941.6040993574015	0.0	0	0.0	1783.1548428768874	1	0	1	1.8488871525736283
200792.09481544863	2000.0	991.0600274281352	0.0	0	0.0	1783.1548428768874	1	0	1	1.8488871525736283
201605.6999121146	2000.0	1177.454930762164	0.0	0	0.0	1783.1548428768874	1	0	1	1.8488871525736283
202472.84513444963	2000.0	1310.309708427151	0.0	0	0.0	1783.1548428768583	1	0	1	1.8488871525736301
203200.0	2000.0	1583.1548428767603	0.0	0	122.42883965204237	1783.1548428768292	1	0	1	1.8488871525736317
204200.0	2000.0	1583.1548428767708	0.0	0	178.0359460405598	1783.1548428768583	1	0	1	1.8488871525736301
205463.18208713504	2000.0	1319.9727557417038	0.0	0	0.0	1783.1548428768583	1	0	1	1.8488871525736301
206605.51639636751	2000.0	1177.6384465092265	0.0	0	0.0	1783.1548428768583	1	0	1	1.8488871525736301
207896.6076017591	2000.0	886.5472411176202	0.0	0	0.0	1783.1548428768583	1	0	1	1.8488871525736301
208861.08642098386	2000.0	922.0684218928805	0.0	0	0.0	1783.1548428768583	1	0	1	1.8488871525736301
209587.25862465752	2000.0	1195.896218219245	0.0	0	0.0	1783.1548428768583	1	0	1	1.8488871525736301
210721.94464386263	2000.0	1061.2101990141614	0.0	0	0.0	1783.1548428768874	1	0	1	1.848887152573629
211559.89969229818	1000.0	1223.255150578628	0.0	0	0.0	1783.1548428769165	1	0	1	0.4625927914537364
213239.45317045454	2000.0	543.7016724222572	0.0	0	0.0	1783.1548428769165	1	0	1	1.1557399720136816
214425.46118209368	1000.0	375.5193626349817	17.825701851866597	0	0.0	1800.980544728809	1	0	1	0.3546086610434238
215370.72849441934	1000.0	487.8437986099867	57.591748300605275	0	0.0	1858.5722930293996	1	0	1	0.8057076985639888
216080.02218783757	1000.0	778.5501051917463	0.0	0	0.0	1858.5722930293996	1	0	1	1.1512581883676205
216849.47667512795	1000.0	1009.0956179013604	0.0	0	0.0	1858.5722930294287	1	0	1	1.1512581883676187
217609.33770050027	1000.0	1249.2345925290474	0.0	0	0.0	1858.5722930294287	1	0	1	1.1512581883676187
218414.64685895405	2000.0	1443.9254340752648	0.0	0	0.0	1858.5722930294287	1	0	1	1.1512581883676187
219200.0	2000.0	1658.5722930293452	0.0	0	178.31305264879484	1858.5722930294578	1	0	1	1.8444053689275621
220200.0	2000.0	1658.572293029351	0.0	0	337.16610714644776	1858.5722930294578	1	0	1	1.8444053689275621
221866.46547939567	2000.0	992.1068136337135	0.0	0	0.0	1858.572293029487	1	0	1	1.8444053689275615
222723.32876834366	1000.0	1135.2435246857544	0.0	0	0.0	1858.572293029487	1	0	1	0.45811100780766995
223912.27209904706	2000.0	946.3001939823755	0.0	0	0.0	1858.572293029516	1	0	1	1.1512581883676134
224524.32760523347	1000.0	1334.2446877959667	0.0	0	0.0	1858.572293029487	1	0	1	0.45811100780766995
226039.0459239066	2000.0	819.5263691228153	0.0	0	0.0	1858.5722930294578	1	0	1	1.1512581883676163
227190.15991892683	1000.0	668.412374102585	0.0	0	0.0	1858.5722930294578	1	0	1	0.4581110078076719
228243.29841965198	1000.0	615.2738733774472	0.0	0	0.0	1858.5722930294578	1	0	1	1.151258188367617
228752.69146859462	500.0	1105.8808244347942	0.0	0	0.0	1858.5722930294578	1	0	1	-0.23503617275227376
229491.43277759728	1000.0	1367.1395154321235	0.0	0	0.0	1858.5722930294287	1	0	1	0.45811100780767333
230200.0	1000.0	1658.5722930293985	0.0	0	22.991640450170962	1858.5722930294287	1	0	1	1.1512581883676187
231200.0	1000.0	1658.5722930293925	0.0	0	354.2137238558498	1858.5722930294287	1	0	1	1.1512581883676187
232200.0	2000.0	1658.572293029385	0.0	0	124.52243631149759	1858.5722930294287	1	0	1	1.1512581883676187
233200.0	2000.0	1658.5722930293814	0.0	0	394.89928804905503	1858.5722930293996	1	0	1	1.844405368927566
234200.0	2000.0	1658.5722930293925	0.0	0	450.78419057041174	1858.5722930293996	1	0	1	1.844405368927566
235200.0	3000.0	1658.572293029376	0.0	0	73.41155790691846	1858.5722930293705	1	0	1	1.8444053689275677
236200.0	2000.0	1658.572293029402	0.0	0	89.98577890760498	1858.5722930293996	1	0	1	1.4389402608194013
237200.0	2000.0	1658.5722930294319	0.0	0	73.25738902273588	1858.5722930294287	1	0	1	1.844405368927564
238200.0	2000.0	1658.5722930294492	0.0	0	329.62848330737324	1858.5722930294578	1	0	1	1.8444053689275621
239200.0	2000.0	1658.5722930294614	0.0	0	579.8088889725332	1858.572293029487	1	0	1	1.8444053689275601
240200.0	3000.0	1658.5722930294976	0.0	0	291.7426469035272	1858.572293029487	1	0	1	1.8444053689275604
241200.0	3000.0	1558.572293029493	0.0	0	402.43904749065405	1758.572293029487	1	0	2	1.853553059005522
242200.0	3000.0	1558.5722930294928	0.0	0	237.1257328945212	1758.572293029487	1	0	1	2.0557436433534373
243200.0	2000.0	1558.57229302949	0.0	0	306.53351469294284	1758.572293029487	1	0	1	1.4448134271371083
244200.0	2000.0	1558.572293029498	0.0	0	149.23806922140648	1758.572293029487	1	0	1	1.8502785352452729
245392.2835728643	2000.0	1366.2887201651565	0.0	0	0.0	1758.572293029516	1	0	1	1.850278535245271
246267.74080867524	2000.0	1490.831484354223	0.0	0	0.0	1758.572293029516	1	0	1	1.850278535245271
247200.0	2000.0	1558.5722930294537	0.0	0	177.09764586697565	1758.572293029516	1	0	1	1.850278535245271
248200.0	2000.0	1558.572293029463	0.0	0	49.94227665953804	1758.572293029545	1	0	1	1.8502785352452693
249200.0	2000.0	1558.572293029462	0.0	0	200.74660363359726	1758.572293029545	1	0	1	1.8502785352452693
250200.0	2000.0	1558.5722930294314	0.0	0	442.1665180704149	1758.572293029516	1	0	1	1.850278535245271
251200.0	2000.0	1558.5722930294467	0.0	0	261.9821848064021	1758.572293029545	1	0	1	1.8502785352452693
252200.0	2000.0	1558.5722930294553	0.0	0	365.61131745541934	1758.572293029545	1	0	1	1.8502785352452693
253200.0	2000.0	1558.5722930294712	0.0	0	144.44664968928555	1758.5722930295742	1	0	1	1.8502785352452678
254200.0	2000.0	1558.5722930294871	0.0	0	138.63907430815743	1758.5722930295742	1	0	1	1.8502785352452678
255200.0	2000.0	1558.5722930294935	0.0	0	146.41724658367457	1758.5722930295742	1	0	1	1.8502785352452678
256323.8796012522	2000.0	1434.6926917772712	0.0	0	0.0	1758.5722930295742	1	0	1	1.8502785352452678
257560.30355371357	2000.0	1198.2687393158985	0.0	0	0.0	1758.5722930295742	1	0	1	1.8502785352452678
258315.62553801588	2000.0	1442.946755013593	0.0	0	0.0	1758.572293029545	1	0	1	1.8502785352452693
259416.6532292719	2000.0	1341.9190637576069	0.0	0	0.0	1758.572293029545	1	0	1	1.8502785352452693
260739.78806526194	2000.0	1018.7842277675975	0.0	0	0.0	1758.572293029545	1	0	1	1.8502785352452693
261508.07845736123	1000.0	1250.4938356683183	0.0	0	0.0	1758.572293029545	1	0	1	0.4639841741253791
262327.46092475613	2000.0	1431.1113682733865	0.0	0	0.0	1758.572293029487	1	0	1	1.1571313546853252
263200.0	2000.0	1558.5722930295117	0.0	0	4.100636705174111	1758.5722930294578	1	0	1	1.8502785352452749
264212.4585690627	2000.0	1546.113723966822	0.0	0	0.0	1758.5722930293996	1	0	1	1.8502785352452769
265202.6452294977	2000.0	1555.9270635318426	0.0	0	0.0	1758.5722930293996	1	0	1	1.8502785352452775
266200.0	2000.0	1558.5722930295362	0.0	0	140.9422829223913	1758.5722930293414	1	0	1	1.8502785352452809
267200.0	2000.0	1558.57229302951	0.0	0	381.2012641066103	1758.5722930293414	1	0	1	1.8502785352452809
268200.0	2000.0	1558.5722930295158	0.0	0	315.79027207399486	1758.5722930293414	1	0	1	1.8502785352452809
269200.0	2000.0	1558.572293029498	0.0	0	285.5921893634368	1758.5722930293996	1	0	1	1.8502785352452775
270224.74162523955	3000.0	1533.8306677899702	0.0	0	0.0	1758.5722930293996	1	0	1	1.8502785352452777
271271.58782915666	2000.0	1486.984463872845	0.0	0	0.0	1758.5722930293414	1	0	1	1.4448134271371136
272217.9584748676	2000.0	1540.6138181619003	0.0	0	0.0	1758.5722930293414	1	0	1	1.8502785352452809
273200.0	2000.0	1558.572293029572	0.0	0	35.49132004927378	1758.5722930293414	1	0	1	1.8502785352452809
274200.0	2000.0	1558.5722930295772	0.0	0	171.10871673043584	1758.5722930293414	1	0	1	1.8502785352452809
275200.0	2000.0	1558.572293029579	0.0	0	511.09971663338365	1758.5722930293414	1	0	1	1.8502785352452809
276200.0	2000.0	1558.5722930295733	0.0	0	487.7386180613539	1758.5722930293414	1	0	1	1.8502785352452809
277310.81651674217	2000.0	1447.7557762874028	0.0	0	0.0	1758.5722930293414	1	0	1	1.8502785352452809
279027.3180640952	2000.0	731.2542289343326	0.0	0	0.0	1758.5722930292832	1	0	1	1.8502785352452842
279720.9877692944	1000.0	1037.5845237351414	0.0	0	0.0	1758.5722930292832	1	0	1	0.4639841741253937
280338.1717048232	1000.0	1420.400588206361	0.0	0	0.0	1758.5722930292832	1	0	1	1.1571313546853388
281200.0	2000.0	1558.5722930295847	0.0	0	33.07785935065476	1758.5722930292832	1	0	1	1.157131354685339
282657.6270746721	2000.0	1100.9452183575718	0.0	0	0.0	1758.5722930292832	1	0	1	1.8502785352452842
283641.0302741748	2000.0	1117.5420188548228	0.0	0	0.0	1758.5722930292832	1	0	1	1.8502785352452842
284344.8165712328	2000.0	1413.7557217968522	0.0	0	0.0	1758.5722930293414	1	0	1	1.8502785352452829
285200.0	2000.0	1558.572293029666	0.0	0	176.1339306323789	1758.5722930293996	1	0	1	1.8502785352452775
286590.92168533534	2000.0	1167.6506076943429	0.0	0	0.0	1758.5722930293996	1	0	1	1.8502785352452775
287452.5094146059	2000.0	1306.0628784237647	0.0	0	0.0	1758.5722930294578	1	0	1	1.8502785352452762
288282.739416191	2000.0	1475.8328768386975	0.0	0	0.0	1758.572293029516	1	0	1	1.8502785352452737
289200.0	2000.0	1558.5722930296893	0.0	0	64.04033731675008	1758.572293029516	1	0	1	1.850278535245271
290486.1836475877	2000.0	1272.38864544196	0.0	0	0.0	1758.572293029516	1	0	1	1.850278535245271
292237.07986107445	2000.0	521.4924319552318	0.0	0	0.0	1758.5722930295742	1	0	1	1.8502785352452678
292871.49901947664	1000.0	887.073273553005	0.0	0	0.0	1758.5722930295742	1	0	1	0.46398417412537746
293628.71115728933	1000.0	1129.8611357403038	0.0	0	0.0	1758.5722930295742	1	0	1	1.1571313546853226
295303.82537419535	2000.0	454.74691883427397	0.0	0	0.0	1758.5722930296324	1	0	1	1.1571313546853192
295976.3120735676	1000.0	782.2602194620281	0.0	0	0.0	1758.5722930296324	1	0	1	0.46398417412537424
296976.332856339	2000.0	782.239436690634	0.0	0	0.0	1758.5722930296324	1	0	1	1.1571313546853192
298134.61342941684	2000.0	623.9588636128135	0.0	0	0.0	1758.5722930296324	1	0	1	1.8502785352452644
298997.51049724576	1000.0	761.061795783822	0.0	0	0.0	1758.5722930296324	1	0	1	0.46398417412537424
299481.02229975606	1000.0	1277.549993273481	0.0	0	0.0	1758.5722930296324	1	0	1	1.1571313546853195
300464.7112755065	2000.0	1293.861017523133	0.0	0	0.0	1758.5722930296324	1	0	1	1.1571313546853192
1.47	1.73	2.29	2.04	2.21	2.75	3.29	3.54	3.46	4.1	4.44	2.5	1.31	2.09	1.85	2.16	1.84	2.68	3.15	3.63	1.47	1.11	1.71	1.56	1.47	1.81	1.74	1.36	1.16	1.15	1.89	1.61	1.07	1.66	2.21	2.86	3.36	3.94	6.05	4.95	4.6	3.93	4.53	4.6	3.06	1.87	1.38	1.92	2.22	2.44	2.95	2.76	1.83	1.62	2.26	2.22	2.04	2.58	2.18	1.34	1.64	1.56	1.08	1.53	1.48	1.69	2.04	2.58	2.77	1.85	1.11	1.66	1.86	1.99	0.88	0.96	0.8	1.08	1.42	2.02	2.56	3.31	3.8	3.27	2.7	2.75	3.29	3.85	4.46	4.4	3.24	3.02	2.0	2.1	1.9	2.9	2.92	3.35	3.35	3.01	2.44	2.72	2.81	2.39	1.53	2.09	2.35	2.0	1.99	1.39	2.53	2.31	2.61	2.8	3.06	2.99	2.78	3.65	3.23	1.7	2.19	2.39	2.78	3.79	3.08	2.11	1.1	1.36	1.68	1.99	1.93	1.89	2.56	2.47	1.7	2.44	2.84	2.63	1.67	1.42	1.49	1.65	1.89	1.34	1.89	2.06	1.92	1.56	1.78	2.86	1.47	1.73	2.29	2.04	2.21	2.75	3.29	3.54	3.46	4.1	4.44	2.5	1.31	2.09	1.85	2.16	1.84	2.68	3.15	3.63	1.47	1.11	1.71	1.56	1.47	1.81	1.74	1.36	1.16	1.15	1.89	1.61	1.07	1.66	2.21	2.86	3.36	3.94	6.05	4.95	4.6	3.93	4.53	4.6	3.06	1.87	1.38	1.92	2.22	2.44	2.95	2.76	1.83	1.62	2.26	2.22	2.04	2.58	2.18	1.34	1.64	1.56	1.08	1.53	1.48	1.69	2.04	2.58	2.77	1.85	1.11	1.66	1.86	1.99	0.88	0.96	0.8	1.08	1.42	2.02	2.56	3.31	3.8	3.27	2.7	2.75	3.29	3.85	4.46	4.4	3.24	3.02	2.0	2.1	1.9	2.9	2.92	3.35	3.35	3.01	2.44	2.72	2.81	2.39	1.53	2.09	2.35	2.0	1.99	1.39	2.53	2.31	2.61	2.8	3.06	2.99	2.78	3.65	3.23	1.7	2.19	2.39	2.78	3.79	3.08	2.11	1.1	1.36	1.68	1.99	1.93	1.89	2.56	2.47	1.7	2.44	2.84	2.63	1.67	1.42	1.49	1.65	1.89	1.34	1.89	2.06	1.92	1.56	1.78	2.86	1.47	1.73
1.0	2.0	3.0	4.0	5.0	6.0	7.0	8.0	9.0	10.0	11.0	12.0	13.0	14.0	15.0	16.0	17.0	18.0	19.0	20.0	21.0	22.0	23.0	24.0	25.0	26.0	27.0	28.0	29.0	30.0	31.0	32.0	33.0	34.0	35.0	36.0	37.0	38.0	39.0	40.0	41.0	42.0	43.0	44.0	45.0	46.0	47.0	48.0	49.0	50.0	51.0	52.0	53.0	54.0	55.0	56.0	57.0	58.0	59.0	60.0	61.0	62.0	63.0	64.0	65.0	66.0	67.0	68.0	69.0	70.0	71.0	72.0	73.0	74.0	75.0	76.0	77.0	78.0	79.0	80.0	81.0	82.0	83.0	84.0	85.0	86.0	87.0	88.0	89.0	90.0	91.0	92.0	93.0	94.0	95.0	96.0	97.0	98.0	99.0	100.0	101.0	102.0	103.0	104.0	105.0	106.0	107.0	108.0	109.0	110.0	111.0	112.0	113.0	114.0	115.0	116.0	117.0	118.0	119.0	120.0	121.0	122.0	123.0	124.0	125.0	126.0	127.0	128.0	129.0	130.0	131.0	132.0	133.0	134.0	135.0	136.0	137.0	138.0	139.0	140.0	141.0	142.0	143.0	144.0	145.0	146.0	147.0	148.0	149.0	149.0	150.0	151.0	152.0	153.0	154.0	155.0	156.0	157.0	158.0	159.0	160.0	161.0	162.0	163.0	164.0	165.0	166.0	167.0	168.0	169.0	170.0	171.0	172.0	173.0	174.0	175.0	176.0	177.0	178.0	179.0	180.0	181.0	182.0	183.0	184.0	185.0	186.0	187.0	188.0	189.0	190.0	191.0	192.0	193.0	194.0	195.0	196.0	197.0	198.0	199.0	200.0	201.0	202.0	203.0	204.0	205.0	206.0	207.0	208.0	209.0	210.0	211.0	212.0	213.0	214.0	215.0	216.0	217.0	218.0	219.0	220.0	221.0	222.0	223.0	224.0	225.0	226.0	227.0	228.0	229.0	230.0	231.0	232.0	233.0	234.0	235.0	236.0	237.0	238.0	239.0	240.0	241.0	242.0	243.0	244.0	245.0	246.0	247.0	248.0	249.0	250.0	251.0	252.0	253.0	254.0	255.0	256.0	257.0	258.0	259.0	260.0	261.0	262.0	263.0	264.0	265.0	266.0	267.0	268.0	269.0	270.0	271.0	272.0	273.0	274.0	275.0	276.0	277.0	278.0	279.0	280.0	281.0	282.0	283.0	284.0	285.0	286.0	287.0	288.0	289.0	290.0	291.0	292.0	293.0	294.0	295.0	296.0	297.0	298.0	298.0	299.0	300.0
2252.377690635416
