4112.410421035796	300.0	2000.0	484.1899574572995	0	0.0	4112.410421035796	1	0	1	-3.3668151354396008
5111.051799364988	1000.0	2001.3586216708077	0.0	0	0.0	4112.410421035796	1	0	1	-0.5161877012601028
5974.190171320584	1000.0	2138.220249715211	0.0	0	0.0	4112.410421035796	1	0	1	0.6877851030658331
6806.547266700673	1000.0	2305.8631543351225	0.0	0	0.0	4112.4104210357955	1	0	1	0.6877851030658331
8580.65398731432	2000.0	1354.3457616601113	0.0	0	0.0	3934.99974897443	1	0	2	0.34286747038774196
9909.111163839932	1000.0	1025.8885851344985	0.0	0	0.0	3934.99974897443	1	0	1	-0.12946565072196234
10617.982674053434	500.0	1317.0170749209997	0.0	0	0.0	3934.999748974432	1	0	1	-0.6226128312819084
11932.253590024216	1000.0	1002.7461589502157	0.0	0	0.0	3934.99974897443	1	0	1	0.070534349278037
12446.866912386731	500.0	1488.132836587701	0.0	0	0.0	3934.999748974431	1	0	1	-0.6226128312819084
13462.660469277758	1000.0	1472.3392796966739	0.0	0	0.0	3934.999748974431	1	0	1	0.07053434927803726
14311.75079614419	500.0	1623.248952830244	0.0	0	0.0	3934.999748974431	1	0	1	-0.6226128312819084
15157.283698024172	1000.0	1777.7160509502623	0.0	0	0.0	3934.999748974431	1	0	1	0.07053434927803726
16055.765523844218	1000.0	1879.2342251302157	0.0	0	0.0	3934.999748974431	1	0	1	0.7636815298379827
17072.905398372488	1000.0	1862.0943506019453	0.0	0	0.0	3934.999748974431	1	0	1	0.7636815298379827
17896.160829530272	1000.0	2038.838919444161	0.0	0	0.0	3934.999748974431	1	0	1	0.7636815298379829
18646.883118703896	1000.0	2288.11663027054	0.0	0	0.0	3934.999748974431	1	0	1	0.7636815298379829
19860.32221832957	1000.0	2074.677530644864	0.0	0	0.0	3934.9997489744273	1	0	1	0.7636815298379837
21111.365362861736	1000.0	1823.634386112701	0.0	0	0.0	3934.9997489744273	1	0	1	0.763681529837984
21925.48395962819	1000.0	2009.5157893462465	0.0	0	0.0	3934.9997489744273	1	0	1	0.763681529837984
22875.22617654491	1000.0	2059.7735724295253	0.0	0	0.0	3934.9997489744273	1	0	1	0.763681529837984
23625.20543446794	1000.0	2309.7943145064987	0.0	0	0.0	3934.9997489744273	1	0	1	0.763681529837984
24543.67283809862	1000.0	2391.326910875818	0.0	0	0.0	3934.9997489744273	1	0	1	0.763681529837984
25324.738286080228	1000.0	2610.261462894215	0.0	0	0.0	3934.9997489744273	1	0	1	0.763681529837984
26851.836270693548	2000.0	1930.4536798195625	0.0	0	0.0	3782.2899505130918	1	0	2	0.406517808297062
27820.871245788872	2000.0	1864.5152072147102	0.0	0	0.0	3685.386453003568	1	0	2	1.3387364781100493
28674.24270815416	1000.0	2011.1437448494257	0.0	0	0.0	3685.386453003568	1	0	1	-0.03896341701845757
30397.86135678472	2000.0	1115.163231355812	0.0	0	0.0	3513.02458814051	1	0	2	0.4923716421169414
31411.690918795488	1000.0	1101.3336693450428	0.0	0	0.0	3513.02458814051	1	0	1	0.013610872059374557
32470.91704755895	1000.0	1042.107540581586	0.0	0	0.0	3513.02458814051	1	0	1	0.90675805261932
33671.77474484737	1000.0	841.2498432931673	0.0	0	0.0	3513.0245881405026	1	0	1	0.9067580526193217
34216.37815644397	500.0	1296.6464316965667	0.0	0	0.0	3513.0245881405062	1	0	1	-0.4795363085005693
35751.200886126455	1000.0	761.8237020140768	0.0	0	0.0	3513.024588140499	1	0	1	0.21361087205937657
36612.774530829876	500.0	900.2500573106502	0.0	0	0.0	3513.0245881404917	1	0	1	-0.479536308500566
37467.155975486596	500.0	1045.8686126539264	0.0	0	0.0	3513.0245881404917	1	0	1	0.21361087205937968
38377.76486508564	1000.0	1135.259723054885	0.0	0	0.0	3513.0245881404917	1	0	1	0.2136108720593798
38955.558108441866	500.0	1557.4664796986629	0.0	0	0.0	3513.0245881404917	1	0	1	-0.47953630850056556
39986.61001265645	1000.0	1526.4145754840845	0.0	0	0.0	3513.0245881404917	1	0	1	0.2136108720593798
41414.11527840813	1000.0	1098.9093097324078	0.0	0	0.0	3513.0245881404917	1	0	1	0.9067580526193252
42181.87415179388	500.0	1331.1504363466518	0.0	0	0.0	3513.0245881404917	1	0	1	-0.47953630850056556
43903.14655982867	1000.0	609.8780283118725	0.0	0	0.0	3513.0245881404917	1	0	1	0.2136108720593798
44381.75465169218	500.0	1131.2699364483533	0.0	0	0.0	3513.0245881404917	1	0	1	-0.47953630850056556
46099.93011561568	1000.0	413.094472524853	0.0	0	0.0	3513.024588140499	1	0	1	0.21361087205937768
46577.14062761245	500.0	935.8839605280966	0.0	0	0.0	3513.0245881405062	1	0	1	-0.47953630850056994
47448.07597118485	1000.0	1064.9486169556947	0.0	0	0.0	3513.0245881405062	1	0	1	0.21361087205937554
48446.404132083146	1000.0	1066.6204560573942	0.0	0	0.0	3513.0245881405062	1	0	1	0.906758052619321
49113.13599076723	500.0	1399.8885973732995	0.0	0	0.0	3513.0245881405062	1	0	1	-0.47953630850056994
50208.16512734842	1000.0	1304.8594607921202	0.0	0	0.0	3513.0245881405062	1	0	1	0.21361087205937554
51347.363725898824	1000.0	1165.660862241708	0.0	0	0.0	3513.0245881405062	1	0	1	0.906758052619321
52241.762332766266	500.0	1271.2622553742685	0.0	0	0.0	3513.0245881405062	1	0	1	-0.47953630850056994
52829.550190605674	500.0	1683.4743975348563	0.0	0	0.0	3513.0245881405062	1	0	1	0.2136108720593755
53606.47930816264	1000.0	1906.545279977896	0.0	0	0.0	3513.0245881405135	1	0	1	0.2136108720593737
54852.85818281256	1000.0	1660.1664053279767	0.0	0	0.0	3513.0245881405135	1	0	1	0.9067580526193191
56281.259999975395	1000.0	1231.7645881651392	0.0	0	0.0	3513.0245881405135	1	0	1	0.9067580526193191
56783.894005657516	500.0	1729.1305824830195	0.0	0	0.0	3513.0245881405135	1	0	1	-0.47953630850057166
58049.260161635866	1000.0	1463.7644265046679	0.0	0	0.0	3513.0245881405062	1	0	1	0.21361087205937554
59405.477192601524	1000.0	1107.5473955390228	0.0	0	0.0	3513.0245881405062	1	0	1	0.906758052619321
59975.27779397127	1000.0	1537.7467941692794	0.0	0	0.0	3513.0245881405062	1	0	1	0.906758052619321
60806.83126727437	1000.0	1706.193320866168	0.0	0	0.0	3513.0245881405062	1	0	1	0.906758052619321
61376.83664077399	1000.0	2136.1879473665504	0.0	0	0.0	3513.0245881405062	1	0	1	0.906758052619321
62448.638333715266	2000.0	2064.386254425282	0.0	0	0.0	3513.0245881405062	1	0	1	0.9067580526193211
64082.00406262384	2000.0	1431.0205255167075	0.0	0	0.0	3513.0245881405135	1	0	1	1.599905233179264
64953.90981489337	1000.0	1559.114773247178	0.0	0	0.0	3513.0245881405062	1	0	1	0.21361087205937576
66440.87528768528	1000.0	1072.1493004552758	0.0	0	0.0	3513.0245881405135	1	0	1	0.9067580526193206
67334.77677785818	500.0	1178.2478102823839	0.0	0	0.0	3513.0245881405135	1	0	1	-0.479536308500573
67830.82719011349	500.0	1682.1973980270664	0.0	0	0.0	3513.0245881405062	1	0	1	0.21361087205937512
69124.26632327099	1000.0	1388.758264869559	0.0	0	0.0	3513.024588140499	1	0	1	0.21361087205937682
70642.47767585977	1000.0	870.5469122807723	0.0	0	0.0	3513.024588140499	1	0	1	0.9067580526193231
71099.03013967618	500.0	1413.9944484643747	0.0	0	0.0	3513.024588140499	1	0	1	-0.4795363085005677
72584.13176165114	1000.0	928.8928264894179	0.0	0	0.0	3513.024588140499	1	0	1	0.21361087205937768
73240.70634212685	500.0	1272.3182460136973	0.0	0	0.0	3513.024588140499	1	0	1	-0.4795363085005677
74725.44378899658	1000.0	787.5807991439776	0.0	0	0.0	3513.024588140499	1	0	1	0.21361087205937768
75365.71809609367	500.0	1147.3064920468971	0.0	0	0.0	3513.0245881404844	1	0	1	-0.47953630850056367
76443.6307526191	1000.0	1069.3938355214489	0.0	0	0.0	3513.0245881404844	1	0	1	0.2136108720593819
77332.36931908147	1000.0	1180.655269059072	0.0	0	0.0	3513.024588140499	1	0	1	0.9067580526193231
78186.23832140461	1000.0	1326.7862667359216	0.0	0	0.0	3513.0245881405135	1	0	1	0.9067580526193191
79105.28533894253	1000.0	1407.739249198016	0.0	0	0.0	3513.0245881405135	1	0	1	0.9067580526193191
80245.2948513549	1000.0	1267.7297367856486	0.0	0	0.0	3513.0245881405135	1	0	1	0.9067580526193191
81162.03028502558	1000.0	1350.9943031149821	0.0	0	0.0	3513.0245881405135	1	0	1	0.9067580526193191
82515.10731309777	1000.0	997.9172750428071	0.0	0	0.0	3513.024588140528	1	0	1	0.9067580526193149
82981.67564739201	500.0	1531.3489407485465	0.0	0	0.0	3513.024588140528	1	0	1	-0.47953630850057605
84005.77354025426	1000.0	1507.251047886308	0.0	0	0.0	3513.024588140528	1	0	1	0.21361087205936943
84941.68541764483	1000.0	1571.3391704957355	0.0	0	0.0	3513.024588140528	1	0	1	0.9067580526193149
85816.18242863887	1000.0	1696.8421595016894	0.0	0	0.0	3513.024588140528	1	0	1	0.9067580526193149
86668.67684120663	1000.0	1844.347746933942	0.0	0	0.0	3513.024588140528	1	0	1	0.9067580526193149
88692.70105198896	1000.0	820.323536151607	0.0	0	0.0	3513.024588140528	1	0	1	0.9067580526193149
89801.99162264049	500.0	711.0329655000762	0.0	0	0.0	3513.024588140528	1	0	1	-0.47953630850057605
90645.7900001431	500.0	867.2345879974764	0.0	0	0.0	3513.0245881405135	1	0	1	0.21361087205937354
91422.42469498968	500.0	1090.5998931508911	0.0	0	0.0	3513.0245881405135	1	0	1	0.21361087205937354
92238.06471326615	1000.0	1274.9598748743974	0.0	0	0.0	3513.0245881405135	1	0	1	0.2136108720593737
93115.37649777197	1000.0	1397.6480903685804	0.0	0	0.0	3513.0245881405135	1	0	1	0.9067580526193191
94361.60521705094	1000.0	1151.4193710896216	0.0	0	0.0	3513.024588140528	1	0	1	0.9067580526193149
95148.06534673058	1000.0	1364.9592414099836	0.0	0	0.0	3513.024588140528	1	0	1	0.9067580526193149
96003.37263727277	1000.0	1509.6519508678086	0.0	0	0.0	3513.024588140528	1	0	1	0.9067580526193149
97105.08970670105	1000.0	1407.934881439528	0.0	0	0.0	3513.024588140528	1	0	1	0.9067580526193149
98521.11494218557	1000.0	991.90964595503	0.0	0	0.0	3513.024588140528	1	0	1	0.9067580526193149
99232.63851208123	500.0	1280.386076059383	0.0	0	0.0	3513.0245881405426	1	0	1	-0.47953630850058
99686.558431333	500.0	1826.4661568076085	0.0	0	0.0	3513.0245881405426	1	0	1	0.21361087205936521
100614.73880816948	1000.0	1898.2857799711383	0.0	0	0.0	3513.0245881405426	1	0	1	0.21361087205936538
101512.42730951753	1000.0	2000.597278623085	0.0	0	0.0	3513.0245881405426	1	0	1	0.9067580526193108
103123.60322379337	2000.0	1228.3037729196406	0.0	0	0.0	3351.9069967129326	1	0	2	0.5364659358875707
104694.49264239513	1000.0	657.414354317902	0.0	0	0.0	3351.9069967129326	1	0	1	0.05628954227607158
105581.39389008962	1000.0	770.5131066234122	0.0	0	0.0	3351.906996712947	1	0	1	0.9494367228360134
106417.79235805057	1000.0	934.1146386624581	0.0	0	0.0	3351.906996712947	1	0	1	0.9494367228360134
107223.02963007089	1000.0	1128.8773666421325	0.0	0	0.0	3351.906996712947	1	0	1	0.9494367228360134
108287.33268944743	1000.0	1064.5743072655814	0.0	0	0.0	3351.9069967129326	1	0	1	0.949436722836017
109298.9157515832	1000.0	1052.9912451298082	0.0	0	0.0	3351.9069967129326	1	0	1	0.949436722836017
110150.27736612078	1000.0	1201.6296305922253	0.0	0	0.0	3351.9069967129326	1	0	1	0.949436722836017
111230.62394491657	1000.0	1121.2830517964314	0.0	0	0.0	3351.9069967129326	1	0	1	0.949436722836017
111901.9968607995	500.0	1449.9101359134972	0.0	0	0.0	3351.9069967129326	1	0	1	-0.4368576382838739
112909.01745162293	1000.0	1442.8895450900566	0.0	0	0.0	3351.9069967129326	1	0	1	0.2562895422760716
114021.91962373837	1000.0	1329.9873729746225	0.0	0	0.0	3351.9069967129326	1	0	1	0.949436722836017
114780.78848364281	1000.0	1571.1185130701688	0.0	0	0.0	3351.906996712947	1	0	1	0.9494367228360134
115757.96861780917	1000.0	1593.9383789038147	0.0	0	0.0	3351.9069967129617	1	0	1	0.94943672283601
116351.41216946933	500.0	2000.4948272436475	0.0	0	0.0	3351.9069967129617	1	0	1	-0.4368576382838808
117550.6755379688	1000.0	1801.2314587441865	0.0	0	0.0	3351.9069967129617	1	0	1	0.2562895422760646
118241.7082343802	1000.0	2110.1987623327886	0.0	0	0.0	3351.9069967129617	1	0	1	0.94943672283601
119437.68125916978	1000.0	1914.2257375432016	0.0	0	0.0	3351.9069967129617	1	0	1	0.94943672283601
121908.01122000717	1000.0	443.89577670580184	0.0	0	0.0	3351.9069967129617	1	0	1	0.94943672283601
122779.61289181032	500.0	634.8799945789303	62.5858896762679	0	0.0	3414.4928863892274	1	0	1	-0.8282544115873727
123533.85918542149	500.0	880.6337009677726	0.0	0	0.0	3414.4928863892274	1	0	1	0.24040810703018015
124317.44226931842	500.0	1097.0506170708609	0.0	0	0.0	3414.492886389242	1	0	1	0.24040810703017637
125408.02258559474	1000.0	1006.4703007945301	0.0	0	0.0	3414.492886389242	1	0	1	0.24040810703017645
126318.37545027543	1000.0	1096.11743611384	0.0	0	0.0	3414.492886389242	1	0	1	0.9335552875901219
127313.11988217582	1000.0	1101.3730042134653	0.0	0	0.0	3414.4928863892565	1	0	1	0.9335552875901182
128530.48903288419	1000.0	884.0038535050935	0.0	0	0.0	3414.492886389242	1	0	1	0.9335552875901219
129350.75067872982	500.0	1063.742207659448	0.0	0	0.0	3414.492886389242	1	0	1	-0.4527390735297691
130385.87082914727	1000.0	1028.6220572419843	0.0	0	0.0	3414.492886389242	1	0	1	0.24040810703017645
131102.589996148	500.0	1311.9028902412613	0.0	0	0.0	3414.492886389242	1	0	1	-0.4527390735297691
132195.91293685196	1000.0	1218.5799495372978	0.0	0	0.0	3414.4928863892565	1	0	1	0.240408107030175
133054.77019385545	1000.0	1359.7226925338296	0.0	0	0.0	3414.492886389271	1	0	1	0.9335552875901151
134071.43958027224	1000.0	1343.0533061170313	0.0	0	0.0	3414.492886389271	1	0	1	0.933555287590112
134774.69773191607	1000.0	1639.7951544732175	0.0	0	0.0	3414.4928863892856	1	0	1	0.9335552875901112
135937.91292013266	1000.0	1476.579966256628	0.0	0	0.0	3414.4928863892565	1	0	1	0.9335552875901182
137653.33905706115	1000.0	761.1538293281179	0.0	0	0.0	3414.4928863892274	1	0	1	0.9335552875901256
138209.24438177643	500.0	1205.2485046128277	0.0	0	0.0	3414.4928863892274	1	0	1	-0.4527390735297654
138516.32526959255	500.0	1898.1676167967375	0.0	0	0.0	3414.4928863892274	1	0	1	0.24040810703018015
139326.92159592354	1000.0	2087.571290465765	0.0	0	0.0	3414.4928863892274	1	0	1	0.24040810703018023
140291.11354717487	2000.0	2026.9601440893134	0.0	0	0.0	3318.073691264115	1	0	2	0.551625498375713
141855.85096139205	2000.0	1462.222729872143	0.0	0	0.0	3318.073691264115	1	0	1	1.4508172589003765
142846.41142084816	1000.0	1471.6622704160716	0.0	0	0.0	3318.073691264115	1	0	1	0.2645228977804863
143537.29403019827	1000.0	1780.7796610659432	0.0	0	0.0	3318.073691264115	1	0	1	0.9576700783404315
144125.02149788482	1000.0	2193.052193379352	0.0	0	0.0	3318.073691264115	1	0	1	0.9576700783404315
145495.6113979926	2000.0	1822.4622932715668	0.0	0	0.0	3318.073691264115	1	0	1	0.9576700783404315
146385.07902624836	1000.0	1932.99466501579	0.0	0	0.0	3318.073691264115	1	0	1	0.2645228977804863
147057.23324063953	1000.0	2260.840450624633	0.0	0	0.0	3318.073691264144	1	0	1	0.9576700783404245
149503.27485373648	2000.0	814.7988375276564	0.0	0	0.0	3318.073691264144	1	0	1	0.9576700783404246
150161.52218517585	500.0	1156.5515060882974	0.0	0	0.0	3318.073691264115	1	0	1	-1.1217714633394047
151714.26816054503	1000.0	603.8055307191245	0.0	0	0.0	3318.073691264115	1	0	1	0.2645228977804861
152362.6442406391	500.0	955.4294506250591	0.0	0	0.0	3318.073691264115	1	0	1	-0.4286242827794594
153638.93833931172	1000.0	679.1353519524732	0.0	0	0.0	3318.073691264144	1	0	1	0.2645228977804819
154325.77538251557	500.0	992.2983087486607	0.0	0	0.0	3318.0736912641732	1	0	1	-0.4286242827794677
154838.26873089612	500.0	1479.8049603680906	0.0	0	0.0	3318.0736912641732	1	0	1	0.2645228977804721
155684.69813541952	1000.0	1633.3755558446887	0.0	0	0.0	3318.0736912641732	1	0	1	0.2645228977804721
156624.55170828153	1000.0	1693.5219829826503	0.0	0	0.0	3318.073691264144	1	0	1	0.9576700783404232
157240.94289996155	1000.0	2077.1307913026585	0.0	0	0.0	3318.073691264144	1	0	1	0.9576700783404245
158516.61949891035	1000.0	1801.454192353888	0.0	0	0.0	3318.0736912641732	1	0	1	0.9576700783404175
160113.02812938663	1000.0	1205.0455618775798	0.0	0	0.0	3318.0736912641732	1	0	1	0.9576700783404175
160760.02097864184	500.0	1558.0527126223524	0.0	0	0.0	3318.0736912641732	1	0	1	-0.4286242827794734
162149.13717233075	1000.0	1168.9365189334235	0.0	0	0.0	3318.0736912641732	1	0	1	0.2645228977804721
163112.44301850628	500.0	1205.6306727578985	0.0	0	0.0	3318.0736912641732	1	0	1	-0.4286242827794734
163779.57119163978	500.0	1538.5024996243892	0.0	0	0.0	3318.0736912641732	1	0	1	0.2645228977804721
164848.77646735997	1000.0	1469.2972239041883	0.0	0	0.0	3318.0736912641732	1	0	1	0.2645228977804721
165895.61553708522	1000.0	1422.4581541789532	0.0	0	0.0	3318.0736912641732	1	0	1	0.9576700783404175
166929.94411870366	1000.0	1388.129572560526	0.0	0	0.0	3318.0736912641732	1	0	1	0.9576700783404175
168035.51076431604	1000.0	1282.5629269481426	0.0	0	0.0	3318.0736912641732	1	0	1	0.9576700783404175
169071.7966384996	1000.0	1246.2770527645928	0.0	0	0.0	3318.0736912642024	1	0	1	0.9576700783404106
169659.86445492567	500.0	1658.2092363385095	0.0	0	0.0	3318.0736912642315	1	0	1	-0.4286242827794873
170713.91737834158	1000.0	1604.1563129225763	0.0	0	0.0	3318.0736912642315	1	0	1	0.26452289778045823
171487.61390288276	1000.0	1830.459788381367	0.0	0	0.0	3318.0736912642315	1	0	1	0.9576700783404036
172300.5855257989	1000.0	2017.4881654652113	0.0	0	0.0	3318.0736912642024	1	0	1	0.9576700783404106
173560.08512294426	1000.0	1757.9885683198495	0.0	0	0.0	3318.073691264144	1	0	1	0.9576700783404204
174535.226257635	1000.0	1782.8474336290963	0.0	0	0.0	3318.073691264115	1	0	1	0.9576700783404286
175269.98395379793	1000.0	2048.089737466167	0.0	0	0.0	3318.073691264115	1	0	1	0.9576700783404315
175833.26316842574	1000.0	2484.8105228383884	0.0	0	0.0	3318.073691264115	1	0	1	0.9576700783404315
177354.5919680494	2000.0	1963.481723214686	0.0	0	0.0	3318.073691264086	1	0	1	0.9576700783404328
178521.86965740964	1000.0	1796.2040338544525	0.0	0	0.0	3318.073691264086	1	0	1	0.2645228977804933
179457.03490001505	1000.0	1861.0387912490485	0.0	0	0.0	3318.073691264086	1	0	1	0.9576700783404385
180419.90929073695	1000.0	1898.1644005271273	0.0	0	0.0	3318.073691264086	1	0	1	0.9576700783404385
181448.07736686713	1000.0	1869.9963243969705	0.0	0	0.0	3318.073691264115	1	0	1	0.957670078340437
182781.7990025007	1000.0	1536.274688763438	0.0	0	0.0	3318.073691264115	1	0	1	0.9576700783404315
183930.92655985057	1000.0	1387.1471314135495	0.0	0	0.0	3318.073691264115	1	0	1	0.9576700783404315
185305.65689485913	1000.0	1012.416796404994	0.0	0	0.0	3318.073691264144	1	0	1	0.9576700783404245
186373.003697687	500.0	945.0699935771036	0.0	0	0.0	3318.073691264144	1	0	1	-0.4286242827794706
187039.62406807358	500.0	1278.4496231905443	0.0	0	0.0	3318.0736912641732	1	0	1	0.2645228977804721
188011.19222303652	1000.0	1306.881468227627	0.0	0	0.0	3318.073691264144	1	0	1	0.2645228977804791
188529.63619013294	500.0	1788.437501131216	0.0	0	0.0	3318.073691264115	1	0	1	-0.4286242827794594
190206.93349324	1000.0	1111.140198024122	0.0	0	0.0	3318.073691264115	1	0	1	0.2645228977804861
191090.60083833657	500.0	1227.4728529275617	0.0	0	0.0	3318.073691264086	1	0	1	-0.4286242827794523
191644.54893748925	500.0	1673.5247537748571	0.0	0	0.0	3318.073691264086	1	0	1	0.264522897780493
193013.2520955967	1000.0	1304.8215956674192	0.0	0	0.0	3318.073691264086	1	0	1	0.2645228977804931
194009.87827897596	1000.0	1308.195412288163	0.0	0	0.0	3318.073691264086	1	0	1	0.9576700783404385
195007.7175200537	1000.0	1310.3561712104047	0.0	0	0.0	3318.073691264086	1	0	1	0.9576700783404385
195685.4695084032	500.0	1632.6041828608975	0.0	0	0.0	3318.073691264086	1	0	1	-0.4286242827794523
196638.29509428891	1000.0	1679.7785969751933	0.0	0	0.0	3318.073691264086	1	0	1	0.2645228977804931
197621.99664841927	1000.0	1696.0770428448423	0.0	0	0.0	3318.073691264086	1	0	1	0.9576700783404385
198946.84189572182	1000.0	1371.2317955423093	0.0	0	0.0	3318.073691264086	1	0	1	0.9576700783404385
200053.23343143295	1000.0	1264.840259831176	0.0	0	0.0	3318.073691264086	1	0	1	0.9576700783404385
200786.65328914204	500.0	1531.420402122084	0.0	0	0.0	3318.073691264057	1	0	1	-0.4286242827794452
201941.4941799451	1000.0	1376.579511319022	0.0	0	0.0	3318.073691264057	1	0	1	0.2645228977805001
202878.9470442199	1000.0	1439.126647044225	0.0	0	0.0	3318.073691264086	1	0	1	0.9576700783404385
204492.99394409324	1000.0	825.0797471709392	0.0	0	0.0	3318.073691264144	1	0	1	0.9576700783404288
205061.66288436824	500.0	1256.4108068959558	0.0	0	0.0	3318.0736912641732	1	0	1	-0.4286242827794734
205954.44345639675	1000.0	1363.630234867469	0.0	0	0.0	3318.0736912641732	1	0	1	0.2645228977804721
206955.78155176385	1000.0	1362.29213950035	0.0	0	0.0	3318.0736912641732	1	0	1	0.9576700783404175
207762.2133379578	1000.0	1555.8603533063965	0.0	0	0.0	3318.0736912642024	1	0	1	0.9576700783404106
208616.1474447614	1000.0	1701.9262465028025	0.0	0	0.0	3318.0736912642024	1	0	1	0.9576700783404106
209496.28861739277	1000.0	1821.785073871418	0.0	0	0.0	3318.0736912642024	1	0	1	0.9576700783404106
210243.4976777301	1000.0	2074.5760135340747	0.0	0	0.0	3318.0736912642024	1	0	1	0.9576700783404106
211315.29078946495	2000.0	2002.7829017992574	0.0	0	0.0	3318.0736912642024	1	0	1	0.9576700783404104
211956.08041049252	1000.0	2361.9932807716887	0.0	0	0.0	3318.0736912641732	1	0	1	0.26452289778047233
213781.20347567042	2000.0	1536.8702155937956	0.0	0	0.0	3318.0736912642024	1	0	1	0.9576700783404162
215075.7000522043	1000.0	1242.3736390598713	0.0	0	0.0	3318.0736912642024	1	0	1	0.26452289778046545
216681.5962359096	1000.0	636.4774553545959	0.0	0	0.0	3318.0736912642315	1	0	1	0.9576700783404036
217381.28613982178	500.0	936.7875514424068	0.0	0	0.0	3318.0736912642315	1	0	1	-0.4286242827794873
218077.05872550156	500.0	1241.0149657626487	0.0	0	0.0	3318.0736912642315	1	0	1	0.2645228977804582
219307.31144379245	1000.0	1010.7622474717575	0.0	0	0.0	3318.0736912642315	1	0	1	0.26452289778045823
219851.2601806099	500.0	1466.8135106542904	0.0	0	0.0	3318.0736912642315	1	0	1	-0.4286242827794873
221296.3832197587	1000.0	1021.6904715054941	0.0	0	0.0	3318.0736912642024	1	0	1	0.2645228977804652
221939.17718980782	500.0	1378.8965014563673	0.0	0	0.0	3318.0736912642024	1	0	1	-0.42862428277948017
223747.83469459845	1000.0	570.2389966657427	0.0	0	0.0	3318.0736912642315	1	0	1	0.26452289778045823
224374.31063372485	500.0	943.7630575393483	0.0	0	0.0	3318.0736912642315	1	0	1	-0.42862428277949005
225210.6343908206	1000.0	1107.4393004436051	0.0	0	0.0	3318.0736912642315	1	0	1	0.26452289778045823
226143.53051779157	1000.0	1174.5431734726294	0.0	0	0.0	3318.0736912642606	1	0	1	0.9576700783403966
226988.59852793263	1000.0	1329.4751633315736	0.0	0	0.0	3318.0736912642606	1	0	1	0.9576700783403966
227905.5620227423	1000.0	1412.5116685219234	0.0	0	0.0	3318.0736912642606	1	0	1	0.9576700783403966
228736.28188024447	1000.0	1581.7918110197822	0.0	0	0.0	3318.0736912642897	1	0	1	0.9576700783403896
229943.55558027924	1000.0	1374.518110984998	0.0	0	0.0	3318.0736912642606	1	0	1	0.9576700783403966
230771.97490576946	1000.0	1546.0987854947787	0.0	0	0.0	3318.0736912642606	1	0	1	0.9576700783403966
232077.73923801555	1000.0	1240.334453248699	0.0	0	0.0	3318.0736912642606	1	0	1	0.9576700783403966
232953.07414647585	1000.0	1364.999544788438	0.0	0	0.0	3318.0736912642606	1	0	1	0.9576700783403966
234049.0620093649	1000.0	1269.0116818994038	0.0	0	0.0	3318.0736912642315	1	0	1	0.9576700783404036
234991.82914150183	1000.0	1326.2445497624817	0.0	0	0.0	3318.0736912642315	1	0	1	0.9576700783404036
235853.1462697876	1000.0	1464.9274214767051	0.0	0	0.0	3318.0736912642315	1	0	1	0.9576700783404036
237483.7381201562	1000.0	834.3355711081085	0.0	0	0.0	3318.0736912642315	1	0	1	0.9576700783404092
238553.85117026747	500.0	764.2225209968377	0.0	0	0.0	3318.0736912642315	1	0	1	-0.4286242827794873
239506.9307628787	500.0	811.1429283856043	0.0	0	0.0	3318.0736912642315	1	0	1	0.2645228977804582
240306.11434382852	500.0	1011.9593474357758	0.0	0	0.0	3318.0736912642315	1	0	1	0.2645228977804582
240748.85561365905	500.0	1569.2180776052273	0.0	0	0.0	3318.0736912642315	1	0	1	0.2645228977804582
241945.06178494953	1000.0	1373.0119063147438	0.0	0	0.0	3318.0736912642315	1	0	1	0.26452289778045823
243071.24923596764	1000.0	1246.824455296662	0.0	0	0.0	3318.0736912642315	1	0	1	0.9576700783404036
244120.3041773556	1000.0	1197.769513908709	0.0	0	0.0	3318.0736912642315	1	0	1	0.9576700783404036
245152.15317985928	1000.0	1165.9205114050378	0.0	0	0.0	3318.0736912642024	1	0	1	0.9576700783404106
246427.95684254903	1000.0	890.1168487152688	0.0	0	0.0	3318.0736912642315	1	0	1	0.9576700783404077
246979.5780965886	500.0	1338.4955946756684	0.0	0	0.0	3318.0736912642315	1	0	1	-0.4286242827794873
248673.81001656313	1000.0	644.263674701138	0.0	0	0.0	3318.0736912642315	1	0	1	0.26452289778045823
249217.13087606695	500.0	1100.942815197329	0.0	0	0.0	3318.0736912642606	1	0	1	-0.42862428277949427
250066.15535232602	1000.0	1251.918338938258	0.0	0	0.0	3318.0736912642897	1	0	1	0.26452289778044424
250636.35197310837	1000.0	1681.7217181559095	0.0	0	0.0	3318.0736912643188	1	0	1	0.9576700783403826
251323.39023571755	1000.0	1994.683455546717	0.0	0	0.0	3318.0736912643188	1	0	1	0.9576700783403826
252529.8964129746	1000.0	1788.1772782896926	0.0	0	0.0	3318.0736912643188	1	0	1	0.9576700783403826
253570.415414234	1000.0	1747.658277030269	0.0	0	0.0	3318.0736912642897	1	0	1	0.9576700783403882
254359.46064970657	1000.0	1958.613041557722	0.0	0	0.0	3318.0736912643188	1	0	1	0.9576700783403869
254910.13140294096	1000.0	2407.942288323322	0.0	0	0.0	3318.0736912643188	1	0	1	0.9576700783403826
256252.08931969336	2000.0	2065.9843715709258	0.0	0	0.0	3318.0736912643188	1	0	1	0.9576700783403826
257562.74873653214	1000.0	1755.3249547321536	0.0	0	0.0	3318.073691264348	1	0	1	0.26452289778043325
258247.28968114834	1000.0	2070.784010115946	0.0	0	0.0	3318.073691264348	1	0	1	0.9576700783403757
259090.81928539422	1000.0	2227.254405870078	0.0	0	0.0	3318.073691264348	1	0	1	0.9576700783403757
260425.03282592283	1000.0	1893.0408653414324	0.0	0	0.0	3318.073691264377	1	0	1	0.9576700783403742
261528.7175127291	1000.0	1789.3561785351444	0.0	0	0.0	3318.073691264377	1	0	1	0.9576700783403687
262291.90738293575	1000.0	2026.1663083285102	0.0	0	0.0	3318.073691264348	1	0	1	0.9576700783403715
263448.8658221571	1000.0	1869.207869107147	0.0	0	0.0	3318.0736912643188	1	0	1	0.9576700783403771
264509.65086215036	1000.0	1808.4228291138998	0.0	0	0.0	3318.0736912642897	1	0	1	0.9576700783403828
265861.743471295	1000.0	1456.3302199692362	0.0	0	0.0	3318.0736912642606	1	0	1	0.957670078340394
266792.44765941927	1000.0	1525.6260318449556	0.0	0	0.0	3318.0736912642606	1	0	1	0.9576700783403966
267448.55930595135	1000.0	1869.5143853129402	0.0	0	0.0	3318.0736912642606	1	0	1	0.9576700783403966
269488.74739436887	1000.0	829.326296895446	0.0	0	0.0	3318.0736912642606	1	0	1	0.9576700783403966
270210.90220657794	500.0	1107.1714846864538	0.0	0	0.0	3318.0736912643188	1	0	1	-0.42862428277950826
271513.10776876524	500.0	804.9659224992055	0.0	0	0.0	3318.073691264377	1	0	1	0.26452289778042326
272414.9554122353	500.0	903.1182790291924	0.0	0	0.0	3318.073691264377	1	0	1	0.26452289778042326
273191.38956041995	500.0	1126.6841308445296	0.0	0	0.0	3318.073691264435	1	0	1	0.26452289778040927
273712.13364711666	500.0	1605.9400441478415	0.0	0	0.0	3318.073691264435	1	0	1	0.26452289778040927
274873.4891098342	1000.0	1444.5845814302513	0.0	0	0.0	3318.073691264435	1	0	1	0.26452289778040927
275962.3892091765	1000.0	1355.6844820879858	0.0	0	0.0	3318.0736912644934	1	0	1	0.9576700783403408
276885.356382908	1000.0	1432.7173083564235	0.0	0	0.0	3318.0736912644934	1	0	1	0.9576700783403408
277860.9877775658	1000.0	1457.0859136986173	0.0	0	0.0	3318.0736912644934	1	0	1	0.9576700783403408
279090.86383898964	1000.0	1227.2098522747592	0.0	0	0.0	3318.073691264435	1	0	1	0.9576700783403547
280177.1925333396	1000.0	1140.8811579247765	0.0	0	0.0	3318.073691264377	1	0	1	0.9576700783403687
281447.37040090736	1000.0	870.703290356939	0.0	0	0.0	3318.073691264377	1	0	1	0.9576700783403687
281826.9566946473	500.0	1491.1169966169414	0.0	0	0.0	3318.073691264377	1	0	1	-0.42862428277952225
282853.5506277794	1000.0	1464.523063484922	0.0	0	0.0	3318.073691264377	1	0	1	0.26452289778042326
283485.78147056827	1000.0	1832.29222069602	0.0	0	0.0	3318.0736912643188	1	0	1	0.9576700783403826
284605.30719640426	1000.0	1712.7664948600195	0.0	0	0.0	3318.0736912643188	1	0	1	0.9576700783403826
286259.4445597764	1000.0	1058.6291314878727	0.0	0	0.0	3318.0736912643188	1	0	1	0.9576700783403826
287207.9700714748	500.0	1110.1036197894134	0.0	0	0.0	3318.0736912643188	1	0	1	-0.42862428277950826
287581.53516579047	500.0	1736.538525473741	0.0	0	0.0	3318.0736912643188	1	0	1	0.2645228977804372
288432.686438878	1000.0	1885.3872523861562	0.0	0	0.0	3318.0736912643188	1	0	1	0.26452289778043725
289464.9819529848	2000.0	1749.8621868685934	0.0	0	0.0	3214.8441398535506	1	0	2	0.5752152036898264
290052.67911864753	1000.0	2162.1650212058075	0.0	0	0.0	3214.8441398534924	1	0	1	0.08818965155221187
291488.65119102667	2000.0	1726.1929488267363	0.0	0	0.0	3214.8441398535506	1	0	1	0.981336832112152
292179.6807194329	1000.0	2035.1634204204984	0.0	0	0.0	3214.8441398534924	1	0	1	0.28818965155221193
292916.2934623611	1000.0	2298.550677492303	0.0	0	0.0	3214.8441398535506	1	0	1	0.9813368321121443
294759.77644376236	2000.0	1455.0676960910403	0.0	0	0.0	3214.8441398535506	1	0	1	0.9813368321121443
295535.8962382446	1000.0	1678.947901608872	0.0	0	0.0	3214.844139853609	1	0	1	0.2881896515521915
296224.30642988527	1000.0	1990.53770996821	0.0	0	0.0	3214.844139853609	1	0	1	0.9813368321121316
297044.6900073629	1000.0	2170.1541324904892	0.0	0	0.0	3214.844139853609	1	0	1	0.9813368321121316
298809.69327934703	1000.0	1405.1508605064123	0.0	0	0.0	3214.844139853609	1	0	1	0.9813368321121316
300490.57656791946	1000.0	724.2675719339668	0.0	0	0.0	3214.844139853609	1	0	1	0.9813368321121316
301138.19043124473	500.0	1076.6537086086219	0.0	0	0.0	3214.844139853609	1	0	1	-0.4049575290077593
302729.23447865195	1000.0	485.6096612013878	0.0	0	0.0	3214.844139853609	1	0	1	0.2881896515521862
0.82	0.97	0.98	1.31	1.48	1.01	0.63	0.85	1.05	0.83	0.68	1.04	0.87	1.12	1.22	1.04	0.89	0.83	1.25	1.02	1.07	1.01	1.59	1.73	1.44	1.23	0.85	1.11	1.41	0.85	0.94	0.86	0.82	0.43	0.87	0.79	0.75	0.73	0.74	0.73	0.85	0.86	0.73	1.02	1.16	0.92	1.01	0.7	0.6	1.02	1.32	0.67	0.78	1.16	0.9	0.95	1.39	1.76	1.64	1.52	1.71	1.01	0.8	0.72	0.97	0.95	0.74	1.09	0.6	0.94	0.49	0.71	1.01	1.31	1.3	1.11	0.92	1.03	0.97	0.95	0.87	1.27	1.17	1.01	0.46	0.5	0.53	0.65	1.09	1.15	1.02	1.22	1.09	0.97	0.97	0.63	1.09	1.27	1.71	1.08	0.54	1.23	1.44	1.31	0.87	1.3	1.2	0.68	0.71	1.01	1.05	1.11	0.68	0.94	1.37	0.81	0.56	0.63	0.37	0.72	0.52	0.93	1.14	1.02	0.89	0.79	1.02	0.92	0.79	1.18	1.3	1.12	0.78	0.66	0.7	1.44	1.63	1.39	1.15	1.4	1.56	0.97	1.29	1.51	1.1	0.58	0.75	0.64	0.98	0.54	0.82	0.97	0.98	1.31	1.48	1.01	0.63	0.85	1.05	0.83	0.68	1.04	0.87	1.12	1.22	1.04	0.89	0.83	1.25	1.02	1.07	1.01	1.59	1.73	1.44	1.23	0.85	1.11	1.41	0.85	0.94	0.86	0.82	0.43	0.87	0.79	0.75	0.73	0.74	0.73	0.85	0.86	0.73	1.02	1.16	0.92	1.01	0.7	0.6	1.02	1.32	0.67	0.78	1.16	0.9	0.95	1.39	1.76	1.64	1.52	1.71	1.01	0.8	0.72	0.97	0.95	0.74	1.09	0.6	0.94	0.49	0.71	1.01	1.31	1.3	1.11	0.92	1.03	0.97	0.95	0.87	1.27	1.17	1.01	0.46	0.5	0.53	0.65	1.09	1.15	1.02	1.22	1.09	0.97	0.97	0.63	1.09	1.27	1.71	1.08	0.54	1.23	1.44	1.31	0.87	1.3	1.2	0.68	0.71	1.01	1.05	1.11	0.68	0.94	1.37	0.81	0.56	0.63	0.37	0.72	0.52	0.93	1.14	1.02	0.89	0.79	1.02	0.92	0.79	1.18	1.3	1.12	0.78	0.66	0.7	1.44	1.63	1.39	1.15	1.4	1.56	0.97	1.29	1.51	1.1	0.58	0.75	0.64	0.98	0.54	0.82	0.97
1.0	2.0	3.0	4.0	5.0	6.0	7.0	8.0	9.0	10.0	11.0	12.0	13.0	14.0	15.0	16.0	17.0	18.0	19.0	20.0	21.0	22.0	23.0	24.0	25.0	26.0	27.0	28.0	29.0	30.0	31.0	32.0	33.0	34.0	35.0	36.0	37.0	38.0	39.0	40.0	41.0	42.0	43.0	44.0	45.0	46.0	47.0	48.0	49.0	50.0	51.0	52.0	53.0	54.0	55.0	56.0	57.0	58.0	59.0	60.0	61.0	62.0	63.0	64.0	65.0	66.0	67.0	68.0	69.0	70.0	71.0	72.0	73.0	74.0	75.0	76.0	77.0	78.0	79.0	80.0	81.0	82.0	83.0	84.0	85.0	86.0	87.0	88.0	89.0	90.0	91.0	92.0	93.0	94.0	95.0	96.0	97.0	98.0	99.0	100.0	101.0	102.0	103.0	104.0	105.0	106.0	107.0	108.0	109.0	110.0	111.0	112.0	113.0	114.0	115.0	116.0	117.0	118.0	119.0	120.0	121.0	122.0	123.0	124.0	125.0	126.0	127.0	128.0	129.0	130.0	131.0	132.0	133.0	134.0	135.0	136.0	137.0	138.0	139.0	140.0	141.0	142.0	143.0	144.0	145.0	146.0	147.0	148.0	149.0	149.0	150.0	151.0	152.0	153.0	154.0	155.0	156.0	157.0	158.0	159.0	160.0	161.0	162.0	163.0	164.0	165.0	166.0	167.0	168.0	169.0	170.0	171.0	172.0	173.0	174.0	175.0	176.0	177.0	178.0	179.0	180.0	181.0	182.0	183.0	184.0	185.0	186.0	187.0	188.0	189.0	190.0	191.0	192.0	193.0	194.0	195.0	196.0	197.0	198.0	199.0	200.0	201.0	202.0	203.0	204.0	205.0	206.0	207.0	208.0	209.0	210.0	211.0	212.0	213.0	214.0	215.0	216.0	217.0	218.0	219.0	220.0	221.0	222.0	223.0	224.0	225.0	226.0	227.0	228.0	229.0	230.0	231.0	232.0	233.0	234.0	235.0	236.0	237.0	238.0	239.0	240.0	241.0	242.0	243.0	244.0	245.0	246.0	247.0	248.0	249.0	250.0	251.0	252.0	253.0	254.0	255.0	256.0	257.0	258.0	259.0	260.0	261.0	262.0	263.0	264.0	265.0	266.0	267.0	268.0	269.0	270.0	271.0	272.0	273.0	274.0	275.0	276.0	277.0	278.0	279.0	280.0	281.0	282.0	283.0	284.0	285.0	286.0	287.0	288.0	289.0	290.0	291.0	292.0	293.0	294.0	295.0	296.0	297.0	298.0	298.0	299.0	300.0
3251.850191463582
