5806.536164619329	300.0	2000.0	218.0117415917151	0	0.0	5806.536164619329	1	0	1	-3.0546776688826442
7482.396526271021	2000.0	1156.553602183139	0.0	0	0.0	5638.95012845416	1	0	2	-2.075217209933495
7957.184877420111	1000.0	1681.7652510340483	0.0	0	0.0	5638.950128454159	1	0	1	-1.3221056653038434
8494.005623410594	1000.0	2144.9445050435643	0.0	0	0.0	5638.950128454158	1	0	1	-0.42895848474389664
9616.061392823556	2000.0	1910.6831586893059	0.0	0	0.0	5526.744551512862	1	0	2	-0.745373720625486
10828.447512112252	2000.0	1577.0584274717387	0.0	0	0.0	5405.505939583991	1	0	2	0.2498967643100165
11522.52654905769	1000.0	1882.9793905263007	0.0	0	0.0	5405.50593958399	1	0	1	-1.101701378922511
13156.967086561745	2000.0	1085.0947992718384	0.0	0	0.0	5242.061885833583	1	0	2	-0.5060865766568515
13721.563718563366	1000.0	1520.4981672702188	0.0	0	0.0	5242.061885833584	1	0	1	-0.9556602485618702
14368.434707344724	1000.0	1873.6271784888593	0.0	0	0.0	5242.061885833584	1	0	1	-0.06251306800192508
15664.880166938525	2000.0	1447.5371729356764	0.0	0	0.0	5112.4173398742005	1	0	2	-0.37721559387701387
17123.993548711955	2000.0	842.512452984904	0.0	0	0.0	4966.506001696858	1	0	2	0.625711834237327
17767.000083793388	1000.0	1199.5059179034674	0.0	0	0.0	4966.506001696855	1	0	1	-0.7289130062822182
18492.927281154083	1000.0	1473.5787205427719	0.0	0	0.0	4966.506001696855	1	0	1	0.16423417427772807
20330.99782477317	2000.0	451.7011225617786	0.0	0	0.0	4782.698947334948	1	0	2	-0.13798472336211692
20711.36445817206	500.0	1071.3344891628926	0.0	0	0.0	4782.6989473349495	1	0	1	-1.9792253003210685
21325.84932291631	1000.0	1456.8496244186342	0.0	0	0.0	4782.698947334946	1	0	1	-0.3929309392011753
22432.187389408507	1000.0	1350.5115579264339	0.0	0	0.0	4782.698947334942	1	0	1	0.30021624135877306
22937.37437739843	500.0	1845.3245699365114	0.0	0	0.0	4782.698947334942	1	0	1	-1.086078119761118
24041.04190406637	2000.0	1631.2902906017773	0.0	0	0.0	4672.332194668143	1	0	2	-0.7357931569925867
25484.63528594442	2000.0	1043.3375705359197	0.0	0	0.0	4527.972856480341	1	0	2	0.9348494406627063
26304.390789925576	1000.0	1223.5820665547622	0.0	0	0.0	4527.972856480337	1	0	1	-0.4258226582320227
27255.35050766858	1000.0	1272.6223488117555	0.0	0	0.0	4527.972856480337	1	0	1	0.46732452232792276
28004.00823152917	1000.0	1523.9646249511638	0.0	0	0.0	4527.972856480337	1	0	1	0.46732452232792276
29561.029420629562	2000.0	811.2413169407278	0.0	0	0.0	4372.270737570296	1	0	2	0.13622011226184103
30101.861908671443	1000.0	1270.4088288988496	0.0	0	0.0	4372.270737570292	1	0	1	-0.3358505516332396
30683.01576290249	1000.0	1689.254974667796	0.0	0	0.0	4372.270737570292	1	0	1	0.5572966289267058
32081.32453732624	2000.0	1151.1153228016715	0.0	0	0.0	4232.439860127917	1	0	2	0.21163328337819076
32615.58526808497	1000.0	1616.8545920429353	0.0	0	0.0	4232.439860127914	1	0	1	-0.2626679309597366
34067.63443678217	2000.0	1019.6005064760136	0.0	0	0.0	4087.234943258194	1	0	2	0.2796856424562034
34746.25370187522	1000.0	1340.9812413829582	0.0	0	0.0	4087.234943258183	1	0	1	-0.19396600750628257
35791.83404659967	1000.0	1295.4008966585036	0.0	0	0.0	4087.2349432581796	1	0	1	0.6991811730536668
36532.89733333645	1000.0	1554.337609921729	0.0	0	0.0	4087.2349432581796	1	0	1	0.6991811730536664
37510.72471156962	2000.0	1478.7274938652379	0.0	0	0.0	3989.4522054348563	1	0	2	0.3313216246713004
38489.85287698341	2000.0	1401.6865119100728	0.0	0	0.0	3891.5393888934777	1	0	2	1.2639745801437203
39533.92834021415	2000.0	1253.203502356261	0.0	0	0.0	3787.1318425704158	1	0	2	1.3030516572383548
40717.5067533931	2000.0	951.2672478594318	0.0	0	0.0	3668.774001252532	1	0	2	1.3427069918750718
41779.97121205648	2000.0	888.8027891960492	0.0	0	0.0	3668.774001252532	1	0	1	1.3527318995317106
42392.987350854484	1000.0	1275.7866503980383	0.0	0	0.0	3668.7740012525246	1	0	1	0.16643753841182296
43712.53804834821	2000.0	956.2359529043152	0.0	0	0.0	3668.7740012525246	1	0	1	0.859584718971768
44402.445252295554	1000.0	1266.3287489569707	0.0	0	0.0	3668.7740012525246	1	0	1	0.16643753841182296
45154.616596973414	2000.0	1438.940269811312	0.0	0	0.0	3593.5568667847256	1	0	2	0.4773081666907053
45871.005720618894	2000.0	1722.5511461658234	0.0	0	0.0	3593.5568667847256	1	0	1	1.3762797052673497
46725.903261673295	2000.0	1867.6536051114322	0.0	0	0.0	3593.556866784733	1	0	1	1.5762797052673476
48327.3842606153	2000.0	1266.1726061694346	0.0	0	0.0	3593.556866784733	1	0	1	1.5762797052673476
49148.06253491284	1000.0	1445.494331871896	0.0	0	0.0	3593.556866784733	1	0	1	0.18998534414745738
49805.96467411814	1000.0	1787.5921926665887	0.0	0	0.0	3593.556866784733	1	0	1	0.8831325247074027
51114.29318572396	2000.0	1348.4308299001975	0.0	0	0.0	3462.7240156241605	1	0	2	0.5120493978465996
51595.70797918785	1000.0	1867.016036436303	0.0	0	0.0	3462.7240156241533	1	0	1	0.027572274844108957
52452.70202384329	2000.0	2010.0219917808563	0.0	0	0.0	3462.724015624146	1	0	1	0.9207194554040562
53568.448423834765	2000.0	1894.2755917893724	0.0	0	0.0	3462.724015624146	1	0	1	1.6138666359640013
54305.90542221902	1000.0	2156.8185934051244	0.0	0	0.0	3462.724015624146	1	0	1	0.22757227484411113
55721.70980361684	2000.0	1741.0142120073008	0.0	0	0.0	3462.7240156241533	1	0	1	0.9207194554040543
56601.081683463926	2000.0	1773.7051441755127	0.0	0	0.0	3374.786827639451	1	0	2	1.2311764218640444
57767.856598303755	2000.0	1606.9302293356832	0.0	0	0.0	3374.786827639451	1	0	1	1.4368774139106648
59092.60413474259	2000.0	1282.1826928968535	0.0	0	0.0	3374.7868276394584	1	0	1	1.6368774139106632
59573.03055516423	1000.0	1801.756272475212	0.0	0	0.0	3374.7868276394656	1	0	1	0.2505830527907711
60463.2425500078	2000.0	1911.5442776316368	0.0	0	0.0	3374.7868276394656	1	0	1	0.943730233350716
61236.712953027025	2000.0	2138.0738746124243	0.0	0	0.0	3374.7868276394656	1	0	1	1.6368774139106612
62909.474604190495	2000.0	1465.3122234489556	0.0	0	0.0	3374.7868276394656	1	0	1	1.6368774139106612
64268.06647400443	1000.0	1106.720353635018	0.0	0	0.0	3374.7868276394656	1	0	1	0.2505830527907711
65241.51316744422	1000.0	1133.2736601952329	0.0	0	0.0	3374.7868276394656	1	0	1	0.9437302333507163
65889.41936076827	1000.0	1485.3674668711842	0.0	0	0.0	3374.786827639473	1	0	1	0.9437302333507149
66355.83339881855	1000.0	2018.9534288209034	0.0	0	0.0	3374.786827639473	1	0	1	0.9437302333507158
67300.55746237443	2000.0	2074.2293652650387	0.0	0	0.0	3374.7868276394947	1	0	1	0.943730233350711
68558.58261426036	2000.0	1816.204213379098	0.0	0	0.0	3374.7868276394875	1	0	1	1.6368774139106543
69845.54441150044	2000.0	1400.5462364150258	0.0	0	0.0	3246.09064791548	1	0	2	1.259604176219594
70316.16961976366	1000.0	1929.921028151803	0.0	0	0.0	3246.0906479154946	1	0	1	0.08125114047529808
71094.50074087718	2000.0	2151.58990703828	0.0	0	0.0	3246.09064791548	1	0	1	0.9743983210352466
72264.22987806414	2000.0	1981.8607698513363	0.0	0	0.0	3246.09064791548	1	0	1	1.6675455015951917
73372.4608304126	2000.0	1873.6298175028726	0.0	0	0.0	3246.09064791548	1	0	1	1.6675455015951917
74477.04291788496	2000.0	1769.047730030516	0.0	0	0.0	3246.09064791548	1	0	1	1.6675455015951917
75842.93542108835	2000.0	1403.1552268271378	0.0	0	0.0	3246.09064791548	1	0	1	1.6675455015951917
76630.12287912141	1000.0	1615.9677687940846	0.0	0	0.0	3246.09064791548	1	0	1	0.2812511404753015
78069.07966522186	2000.0	1177.0109826936273	0.0	0	0.0	3246.09064791548	1	0	1	0.9743983210352466
78643.84556347494	1000.0	1602.245084440544	0.0	0	0.0	3246.09064791548	1	0	1	0.2812511404753015
79457.47680655161	1000.0	1788.6138413638766	0.0	0	0.0	3246.09064791548	1	0	1	0.9743983210352467
80412.31860304008	2000.0	1738.2878652265654	0.0	0	0.0	3150.606468266662	1	0	2	0.5898085280634331
81191.26810022326	2000.0	1959.338368043384	0.0	0	0.0	3150.606468266662	1	0	1	1.4881597783157987
81760.74794059046	2000.0	2389.858527676171	0.0	0	0.0	3150.606468266662	1	0	1	1.6881597783157989
82612.15131251134	2000.0	2538.455155755289	0.0	0	0.0	3150.606468266662	1	0	1	1.6881597783157989
83535.30362840211	2000.0	2522.9876082754377	0.0	0	0.0	3058.2912366775563	1	0	2	1.30147723524476
84741.1173828709	2000.0	2317.1738538066597	0.0	0	0.0	3058.2912366775563	1	0	1	1.5064910987173883
86112.82990743637	2000.0	1945.4613292411887	0.0	0	0.0	3058.2912366775563	1	0	1	1.7064910987173885
87508.35077976814	2000.0	1549.9404569094156	0.0	0	0.0	3058.2912366775563	1	0	1	1.7064910987173885
88137.95788896794	1000.0	1920.3333477096232	0.0	0	0.0	3058.2912366775563	1	0	1	0.3201967375974981
89502.13976107026	2000.0	1556.1514756073266	0.0	0	0.0	3058.2912366775563	1	0	1	1.0133439181574433
90036.95566829877	1000.0	2021.3355683788066	0.0	0	0.0	3058.2912366775563	1	0	1	0.3201967375974981
90932.1441981217	2000.0	2126.1470385558723	0.0	0	0.0	3058.2912366775563	1	0	1	1.0133439181574433
92493.36259422876	2000.0	1564.928642448795	0.0	0	0.0	3058.2912366775563	1	0	1	1.7064910987173885
93383.53535112464	1000.0	1674.7558855529126	0.0	0	0.0	3058.2912366775563	1	0	1	0.3201967375974981
94044.93023012092	1000.0	2013.3610065566188	0.0	0	0.0	3058.2912366775563	1	0	1	1.0133439181574433
95035.50745006629	2000.0	2022.7837866112582	0.0	0	0.0	3058.291236677571	1	0	1	1.0133439181574404
95749.6013828952	2000.0	2308.6898537823567	0.0	0	0.0	3058.291236677571	1	0	1	1.7064910987173856
96476.12936652954	2000.0	2582.1618701479997	0.0	0	0.0	3058.291236677571	1	0	1	1.7064910987173856
97255.59802131007	2000.0	2802.693215367462	0.0	0	0.0	3058.291236677571	1	0	1	1.7064910987173856
98200.0	2000.0	2858.2912366775367	0.0	0	244.37419847272395	3058.291236677571	1	0	1	1.7064910987173856
99200.0	3000.0	2758.2912366775554	0.0	0	86.20496521380846	2958.2912366775854	1	0	2	1.3194519300617378
102402.50580671932	3000.0	235.53484928631258	0.0	0	0.0	2638.0406560056726	1	0	2	1.9666898368181447
102936.39447280098	1000.0	725.6478718482857	24.001688643621378	0	0.0	2662.042344649293	1	0	1	-0.365926032727651
103649.12437417904	1000.0	1012.9179704702319	0.0	0	0.0	2662.042344649293	1	0	1	1.0766963878021871
104471.39465371308	1000.0	1190.6476909361952	0.0	0	0.0	2662.042344649293	1	0	1	1.0766963878021871
105543.95646155	1000.0	1118.0858830992702	0.0	0	0.0	2662.042344649293	1	0	1	1.0766963878021871
106391.63418237587	1000.0	1270.4081622734116	0.0	0	0.0	2662.042344649293	1	0	1	1.0766963878021871
107013.626311467	1000.0	1648.41603318229	0.0	0	0.0	2662.042344649308	1	0	1	1.0766963878021854
107659.3771868664	1000.0	2002.6651577829016	0.0	0	0.0	2662.042344649308	1	0	1	1.0766963878021854
109272.6104600504	1000.0	1389.4318845988976	0.0	0	0.0	2662.042344649293	1	0	1	1.0766963878021871
109955.95287094722	500.0	1706.0894737020908	0.0	0	0.0	2662.042344649293	1	0	1	-0.3095979733177036
110764.87504918339	1000.0	1897.1672954659186	0.0	0	0.0	2662.042344649293	1	0	1	0.38354920724224173
111558.08435011207	1000.0	2103.957994537235	0.0	0	0.0	2662.0423446492787	1	0	1	1.0766963878021891
112495.70976101374	2000.0	2166.3325836355652	0.0	0	0.0	2662.042344649293	1	0	1	1.076696387802187
113634.02619860489	2000.0	2028.0161460444178	0.0	0	0.0	2662.042344649293	1	0	1	1.7698435683621323
115498.92205836244	2000.0	1163.1202862868497	0.0	0	0.0	2662.042344649293	1	0	1	1.7698435683621323
116112.74266743462	1000.0	1549.2996772146805	0.0	0	0.0	2662.042344649293	1	0	1	0.38354920724224195
117415.14319385836	2000.0	1246.8991507909423	0.0	0	0.0	2662.042344649293	1	0	1	1.076696387802187
118053.38509716919	1000.0	1608.657247480118	0.0	0	0.0	2662.042344649293	1	0	1	0.38354920724224195
118793.80819613024	2000.0	1868.2341485190532	0.0	0	0.0	2662.042344649293	1	0	1	1.076696387802187
119660.18502462163	2000.0	2001.8573200276628	0.0	0	0.0	2662.042344649293	1	0	1	1.7698435683621323
120894.2262177729	2000.0	1767.8161268764134	0.0	0	0.0	2662.042344649293	1	0	1	1.7698435683621323
121859.50965211917	2000.0	1802.532692530149	0.0	0	0.0	2662.042344649308	1	0	1	1.7698435683621303
122771.95046012406	2000.0	1890.0918845252618	0.0	0	0.0	2662.0423446493223	1	0	1	1.7698435683621283
123431.0306958847	2000.0	2231.0116487646205	0.0	0	0.0	2662.0423446493223	1	0	1	1.7698435683621283
124633.47193956793	2000.0	2028.5704050813956	0.0	0	0.0	2662.0423446493223	1	0	1	1.7698435683621283
125580.5795261715	2000.0	1986.752059817485	0.0	0	0.0	2567.3315859890135	1	0	2	1.378864380738634
126310.7814840683	2000.0	2256.550101920681	0.0	0	0.0	2567.331585988999	1	0	1	1.5818506814683984
127355.84109588235	3000.0	2106.9845289252166	0.0	0	0.0	2462.8256248075922	1	0	2	1.3910174899259653
130241.63833647326	3000.0	200.0	243.08403247706775	0	0.0	2441.63833647329	1	0	2	0.5552264761055706
130830.73953115426	1000.0	718.5549667476902	107.6561614286851	0	0.0	2549.2944979019812	1	0	1	-0.8536772672507763
131263.88443553363	1000.0	1285.4100623682987	0.0	0	0.0	2549.2944979019667	1	0	1	1.0908719899894441
132376.25037331376	2000.0	1173.0441245881539	0.0	0	0.0	2549.294497901952	1	0	1	1.0908719899894466
133089.6883324593	2000.0	1459.6061654426114	0.0	0	0.0	2549.2944979019667	1	0	1	1.784019170549393
134733.05783068357	2000.0	816.2366672183235	0.0	0	0.0	2549.294497901952	1	0	1	1.7840191705493926
136265.68149372708	1000.0	283.61300417481846	0.0	0	0.0	2549.294497901923	1	0	1	0.397724809429506
136633.56608129852	500.0	915.7284166033867	0.0	0	0.0	2549.294497901923	1	0	1	-0.2954223711304399
137448.40115065555	1000.0	1100.893347246354	0.0	0	0.0	2549.294497901923	1	0	1	0.3977248094295058
138107.4669423269	1000.0	1441.8275555750038	0.0	0	0.0	2549.294497901952	1	0	1	1.0908719899894477
138702.53151278972	1000.0	1846.7629851121874	0.0	0	0.0	2549.294497901952	1	0	1	1.0908719899894477
139833.3939411399	2000.0	1715.9005567620104	0.0	0	0.0	2549.294497901923	1	0	1	1.0908719899894512
140460.19308057515	1000.0	2089.101417326704	0.0	0	0.0	2549.294497901894	1	0	1	0.39772480942950933
141584.34410060363	2000.0	1964.950397298232	0.0	0	0.0	2549.294497901923	1	0	1	1.0908719899894512
142283.14196625655	2000.0	2266.152531645313	0.0	0	0.0	2549.294497901952	1	0	1	1.7840191705493926
143200.0	2000.0	2349.2944979018935	0.0	0	161.04277629900025	2549.294497901952	1	0	1	1.7840191705493926
144200.0	2000.0	2349.2944979018785	0.0	0	314.5803547123214	2549.294497901952	1	0	1	1.7840191705493926
145200.0	2000.0	2349.2944979019094	0.0	0	317.1367788257194	2549.2944979019812	1	0	1	1.7840191705493893
146200.0	2000.0	2349.2944979018935	0.0	0	112.88317796014599	2549.2944979019812	1	0	1	1.7840191705493893
147436.88801105745	2000.0	2112.406486844443	0.0	0	0.0	2549.2944979019812	1	0	1	1.7840191705493893
150017.90829920565	2000.0	531.386198696249	0.0	0	0.0	2549.294497901952	1	0	1	1.7840191705493926
150423.9517771541	500.0	1125.3427207477919	0.0	0	0.0	2549.2944979019812	1	0	1	-0.9885695516903922
151699.57926055824	1000.0	849.7152373436647	0.0	0	0.0	2549.2944979019812	1	0	1	0.39772480942949884
152706.13994556837	1000.0	843.1545523335278	0.0	0	0.0	2549.2944979019812	1	0	1	1.0908719899894441
153743.53938482315	1000.0	805.7551130787597	0.0	0	0.0	2549.2944979019812	1	0	1	1.0908719899894441
154425.04477600066	1000.0	1124.2497219012307	0.0	0	0.0	2549.2944979019812	1	0	1	1.0908719899894441
155241.52785101664	1000.0	1307.76664688525	0.0	0	0.0	2549.2944979019812	1	0	1	1.0908719899894441
155967.33574693193	1000.0	1581.9587509699481	0.0	0	0.0	2549.2944979020103	1	0	1	1.0908719899894406
156562.86364184006	1000.0	1986.430856061828	0.0	0	0.0	2549.2944979020394	1	0	1	1.0908719899894372
157946.6833737562	2000.0	1602.6111241456863	0.0	0	0.0	2549.2944979020394	1	0	1	1.0908719899894372
159042.09089650874	2000.0	1507.2036013931427	0.0	0	0.0	2549.2944979020394	1	0	1	1.7840191705493824
159980.34712006187	2000.0	1568.9473778400243	0.0	0	0.0	2549.2944979020685	1	0	1	1.7840191705493789
161228.50338708793	2000.0	1320.791110813944	0.0	0	0.0	2549.2944979020685	1	0	1	1.7840191705493789
161892.50207175247	1000.0	1656.792426149415	0.0	0	0.0	2549.2944979020394	1	0	1	0.3977248094294921
163020.319167095	2000.0	1528.9753308068803	0.0	0	0.0	2549.2944979020103	1	0	1	1.0908719899894406
163620.76535709685	1000.0	1928.5291408050216	0.0	0	0.0	2549.2944979019812	1	0	1	0.39772480942949834
164952.2308779132	2000.0	1597.0636199887022	0.0	0	0.0	2549.2944979020103	1	0	1	1.0908719899894406
166077.63610384232	2000.0	1471.658394059606	0.0	0	0.0	2549.2944979020103	1	0	1	1.7840191705493857
166554.52129119835	1000.0	1994.7732067035652	0.0	0	0.0	2549.2944979019812	1	0	1	0.3977248094294976
167700.79677339477	2000.0	1848.4977245071386	0.0	0	0.0	2549.2944979020103	1	0	1	1.090871989989442
169498.35963727793	2000.0	1050.9348606240094	0.0	0	0.0	2549.2944979020394	1	0	1	1.7840191705493824
170272.7039058496	1000.0	1276.5905920523448	0.0	0	0.0	2549.2944979020685	1	0	1	0.3977248094294885
171285.1454705175	1000.0	1264.1490273844877	0.0	0	0.0	2549.2944979020976	1	0	1	1.0908719899894304
171922.45797315982	1000.0	1626.8365247421843	0.0	0	0.0	2549.2944979020976	1	0	1	1.0908719899894304
172758.6500816718	1000.0	1790.6444162302132	0.0	0	0.0	2549.2944979020685	1	0	1	1.090871989989433
173583.21410183396	1000.0	1966.080396068047	0.0	0	0.0	2549.2944979020394	1	0	1	1.0908719899894372
175405.85315679054	2000.0	1143.4413411114704	0.0	0	0.0	2549.2944979020394	1	0	1	1.0908719899894372
176146.03464079637	1000.0	1403.2598571056442	0.0	0	0.0	2549.2944979020394	1	0	1	0.3977248094294921
177044.36702622025	1000.0	1504.9274716817863	0.0	0	0.0	2549.2944979020394	1	0	1	1.0908719899894372
177740.55468028368	1000.0	1808.739817618355	0.0	0	0.0	2549.2944979020394	1	0	1	1.0908719899894372
178335.98123925104	1000.0	2213.31325865101	0.0	0	0.0	2549.2944979020394	1	0	1	1.0908719899894372
179677.7744532013	2000.0	1871.5200447007562	0.0	0	0.0	2549.2944979020394	1	0	1	1.0908719899894372
180655.52696208967	2000.0	1893.767535812423	0.0	0	0.0	2549.2944979020394	1	0	1	1.7840191705493824
181374.83464265193	1000.0	2174.4598552501875	0.0	0	0.0	2549.2944979020394	1	0	1	0.3977248094294921
182213.20825998156	2000.0	2336.0862379205746	0.0	0	0.0	2549.2944979020685	1	0	1	1.0908719899894337
183414.7833087648	2000.0	2134.5111891373526	0.0	0	0.0	2549.2944979020976	1	0	1	1.7840191705493755
185364.14865191755	2000.0	1185.145845984593	0.0	0	0.0	2549.2944979020976	1	0	1	1.7840191705493755
185837.33913149757	1000.0	1711.9553664045595	0.0	0	0.0	2549.2944979020976	1	0	1	0.3977248094294852
186688.1803623516	2000.0	1861.1141355505513	0.0	0	0.0	2549.2944979021267	1	0	1	1.0908719899894272
187699.80037520555	2000.0	1849.4941226965718	0.0	0	0.0	2549.2944979021267	1	0	1	1.7840191705493718
188971.92937293192	2000.0	1577.365124970206	0.0	0	0.0	2549.294497902156	1	0	1	1.7840191705493695
189852.26117012068	2000.0	1697.0333277814248	0.0	0	0.0	2549.294497902156	1	0	1	1.7840191705493686
191014.2866110861	2000.0	1535.007886815981	0.0	0	0.0	2549.2944979021267	1	0	1	1.7840191705493709
192371.78780661745	2000.0	1177.506691284673	0.0	0	0.0	2549.2944979021267	1	0	1	1.7840191705493718
193464.11227574694	2000.0	1085.1822221551838	0.0	0	0.0	2549.2944979021267	1	0	1	1.7840191705493718
194512.3204156321	2000.0	1036.9740822700269	0.0	0	0.0	2549.2944979020976	1	0	1	1.7840191705493755
195586.53293446547	2000.0	962.7615634366231	0.0	0	0.0	2549.2944979020685	1	0	1	1.7840191705493769
196226.09664324552	1000.0	1323.1978546565647	0.0	0	0.0	2549.2944979020685	1	0	1	0.3977248094294885
197618.5428710015	2000.0	930.7516269005612	0.0	0	0.0	2549.2944979020394	1	0	1	1.090871989989435
198299.55090382666	1000.0	1249.7435940753837	0.0	0	0.0	2549.2944979020394	1	0	1	0.3977248094294921
198840.27462721377	1000.0	1709.0198706882227	0.0	0	0.0	2549.2944979020103	1	0	1	1.0908719899894406
199902.35176203513	2000.0	1646.9427358668663	0.0	0	0.0	2549.2944979020394	1	0	1	1.090871989989438
200379.7034827432	1000.0	2169.5910151588305	0.0	0	0.0	2549.2944979020394	1	0	1	0.3977248094294921
201200.0	2000.0	2349.294497902044	0.0	0	33.55412125730072	2549.2944979020394	1	0	1	1.0908719899894372
202430.56423259995	2000.0	2118.7302653020697	0.0	0	0.0	2549.2944979020394	1	0	1	1.784019170549385
203890.10567949543	2000.0	1659.188818406584	0.0	0	0.0	2549.2944979020394	1	0	1	1.7840191705493824
205025.66525041277	2000.0	1523.6292474892662	0.0	0	0.0	2549.2944979020394	1	0	1	1.7840191705493824
205972.35302222017	2000.0	1576.941475681838	0.0	0	0.0	2549.2944979020394	1	0	1	1.7840191705493824
206914.6486257328	2000.0	1634.6458721692054	0.0	0	0.0	2549.2944979020103	1	0	1	1.7840191705493857
207969.78348998612	2000.0	1579.5110079158715	0.0	0	0.0	2549.2944979019812	1	0	1	1.7840191705493893
208753.55821163594	2000.0	1795.7362862660614	0.0	0	0.0	2549.2944979019812	1	0	1	1.7840191705493893
209694.19225736414	2000.0	1855.1022405378637	0.0	0	0.0	2549.2944979019812	1	0	1	1.7840191705493893
210468.62640136242	2000.0	2080.668096539599	0.0	0	0.0	2549.2944979019812	1	0	1	1.7840191705493893
211728.89800545134	2000.0	1820.396492450727	0.0	0	0.0	2549.2944979020103	1	0	1	1.784019170549388
212579.6096978435	1000.0	1969.6848000585835	0.0	0	0.0	2549.2944979020103	1	0	1	0.39772480942949545
213538.76877924238	1000.0	2010.5257186596964	0.0	0	0.0	2549.2944979020103	1	0	1	1.0908719899894406
214440.62813579646	1000.0	2108.6663621056287	0.0	0	0.0	2549.2944979019812	1	0	1	1.0908719899894415
215200.0	1000.0	2349.294497902083	0.0	0	41.428619990561856	2549.2944979019812	1	0	1	1.0908719899894441
216303.077090485	2000.0	2246.2174074171016	0.0	0	0.0	2549.294497901952	1	0	1	1.0908719899894475
217630.40581901485	2000.0	1918.8886788872492	0.0	0	0.0	2549.294497901923	1	0	1	1.7840191705493949
218970.61244379892	2000.0	1578.6820541031657	0.0	0	0.0	2549.294497901923	1	0	1	1.7840191705493962
219514.5123984511	1000.0	2034.782099450975	0.0	0	0.0	2549.294497901923	1	0	1	0.397724809429506
220470.64720216085	2000.0	2078.6472957412343	0.0	0	0.0	2549.294497901923	1	0	1	1.0908719899894512
221495.28210399442	2000.0	2054.012393907665	0.0	0	0.0	2549.294497901952	1	0	1	1.7840191705493926
222326.8102818024	2000.0	2222.4842160997077	0.0	0	0.0	2549.294497901952	1	0	1	1.7840191705493926
223527.69209836292	2000.0	2021.6023995391845	0.0	0	0.0	2549.2944979019812	1	0	1	1.784019170549392
224485.09085094073	2000.0	2064.2036469613718	0.0	0	0.0	2549.2944979019812	1	0	1	1.7840191705493893
225470.34492202895	2000.0	2078.9495758731446	0.0	0	0.0	2549.2944979020103	1	0	1	1.7840191705493857
226357.4062943403	2000.0	2191.8882035617835	0.0	0	0.0	2549.2944979020103	1	0	1	1.7840191705493857
228028.108398962	2000.0	1521.1860989400784	0.0	0	0.0	2549.2944979020103	1	0	1	1.7840191705493857
228663.980217222	1000.0	1885.314280680075	0.0	0	0.0	2549.2944979019812	1	0	1	0.39772480942949906
229463.714427275	2000.0	2085.58007062708	0.0	0	0.0	2549.2944979019812	1	0	1	1.0908719899894441
230200.0	2000.0	2349.294497902082	0.0	0	99.60584496933734	2549.2944979019812	1	0	1	1.7840191705493893
231200.0	2000.0	2349.2944979020826	0.0	0	399.8651415412023	2549.2944979019812	1	0	1	1.7840191705493893
232200.0	2000.0	2249.294497902067	0.0	0	243.4292028034979	2449.2944979019812	1	0	2	1.3915103237833981
233200.0	3000.0	2149.294497902055	0.0	0	9.856177435925929	2349.294497901923	1	0	2	1.6028337678813975
234200.0	2000.0	2049.294497902046	0.0	0	116.27427916196757	2249.294497901894	1	0	2	1.2067999661564826
235469.0055866721	2000.0	1780.2889112299463	0.0	0	0.0	2249.294497901923	1	0	1	1.6151643289807127
236714.04278723954	2000.0	1535.2517106625232	0.0	0	0.0	2249.294497901923	1	0	1	1.815164328980711
237552.7472340915	1000.0	1696.5472638105582	0.0	0	0.0	2249.294497901952	1	0	1	0.4288699678608196
238542.5286449834	1000.0	1706.7658529186667	0.0	0	0.0	2249.294497901923	1	0	1	1.122017148420766
239713.55161569075	2000.0	1535.742882211294	0.0	0	0.0	2249.294497901894	1	0	1	1.1220171484207682
241181.70443856408	2000.0	1067.5900593379351	0.0	0	0.0	2249.294497901865	1	0	1	1.8151643289807162
242108.68844001624	1000.0	1140.6060578857819	0.0	0	0.0	2249.294497901865	1	0	1	0.4288699678608258
242778.9581295846	1000.0	1470.336368317438	0.0	0	0.0	2249.294497901865	1	0	1	1.122017148420771
244095.18665155387	2000.0	1154.1078463481172	0.0	0	0.0	2249.294497901865	1	0	1	1.122017148420771
244543.4669884218	1000.0	1705.8275094802057	0.0	0	0.0	2249.294497901865	1	0	1	0.4288699678608258
245477.54352034774	2000.0	1771.7509775543056	0.0	0	0.0	2249.294497901894	1	0	1	1.1220171484207682
246312.953804469	2000.0	1936.3406934330267	0.0	0	0.0	2249.294497901894	1	0	1	1.8151643289807136
247200.0	2000.0	2049.294497902041	0.0	0	173.75256715950673	2249.294497901865	1	0	1	1.8151643289807162
248200.0	3000.0	1949.2944979020658	0.0	0	237.74261223172653	2149.294497901865	1	0	2	1.4207721264019306
251625.6886169216	3000.0	200.0	926.3299824651488	0	0.0	2825.6886169216014	1	0	2	-3.563320811623059
252235.0103853416	1000.0	707.9859190469485	117.30768746694065	0	0.0	2942.9963043885364	1	0	1	-0.9682593774103402
253074.32330447904	1000.0	868.672999909511	0.0	0	0.0	2942.9963043885364	1	0	1	1.0341990360594138
253906.13645802383	1000.0	1036.85984636474	0.0	0	0.0	2942.9963043885364	1	0	1	1.0341990360594138
254682.22504909322	1000.0	1260.7712552953892	0.0	0	0.0	2942.9963043885364	1	0	1	1.0341990360594138
255573.4758334359	1000.0	1369.520470952712	0.0	0	0.0	2942.9963043885655	1	0	1	1.0341990360594118
256611.42719653065	1000.0	1331.5691078579544	0.0	0	0.0	2942.9963043885655	1	0	1	1.0341990360594087
257631.3281871692	1000.0	1311.6681172194094	0.0	0	0.0	2942.9963043885655	1	0	1	1.0341990360594087
259366.0250222896	1000.0	576.9712820989791	0.0	0	0.0	2942.9963043885364	1	0	1	1.0341990360594098
259744.06140793665	500.0	1198.934896451926	0.0	0	0.0	2942.9963043885364	1	0	1	-0.3520953250604771
260631.727172668	1000.0	1311.2691317205597	0.0	0	0.0	2942.9963043885364	1	0	1	0.34105185549946826
261271.02043068394	1000.0	1671.9758737046122	0.0	0	0.0	2942.9963043885364	1	0	1	1.0341990360594138
262048.81306418864	2000.0	1894.1832401998975	0.0	0	0.0	2942.9963043885364	1	0	1	1.0341990360594135
262910.234583533	2000.0	2032.7617208554866	0.0	0	0.0	2942.9963043885364	1	0	1	1.7273462166193578
264874.0763602117	2000.0	1068.9199441767369	0.0	0	0.0	2942.996304388478	1	0	1	1.72734621661937
265558.3674142677	1000.0	1384.6288901208195	0.0	0	0.0	2942.9963043885073	1	0	1	0.3410518554994736
266197.15346824354	1000.0	1745.8428361449899	0.0	0	0.0	2942.9963043885073	1	0	1	1.0341990360594187
267011.9870930629	2000.0	1931.0092113256112	0.0	0	0.0	2942.9963043885073	1	0	1	1.0341990360594189
267729.1618059208	2000.0	2213.8344984676723	0.0	0	0.0	2942.9963043885655	1	0	1	1.727346216619354
268421.4076407486	2000.0	2521.588663639882	0.0	0	0.0	2942.9963043885655	1	0	1	1.727346216619354
269629.5763491221	2000.0	2313.419955266385	0.0	0	0.0	2942.9963043886237	1	0	1	1.727346216619344
270614.16125757253	2000.0	2328.8350468159947	0.0	0	0.0	2942.996304388682	1	0	1	1.727346216619338
271200.0	2000.0	2742.996304388518	0.0	0	76.87916511413641	2942.996304388682	1	0	1	1.727346216619334
272200.0	2000.0	2742.996304388576	0.0	0	107.80445854034042	2942.996304388682	1	0	1	1.727346216619334
273359.5397784528	3000.0	2467.5025480905283	0.0	0	0.0	2827.042326543422	1	0	2	1.3410219846676843
274200.0	2000.0	2627.042326543315	0.0	0	53.28603964520153	2827.04232654348	1	0	1	1.1407607621021274
275200.0	2000.0	2627.0423265433355	0.0	0	291.77440800191835	2827.042326543422	1	0	1	1.7462258702103015
276301.4416321335	3000.0	2415.4565311964166	0.0	0	0.0	2716.8981633300427	1	0	2	1.3582451187800721
278668.3104398785	3000.0	811.9008426769121	0.0	0	0.0	2480.211282555596	1	0	2	1.9905626446054632
279375.3415274476	1000.0	1104.8697551077892	0.0	0	0.0	2480.211282555596	1	0	1	-0.19976657551439733
280006.03223936615	1000.0	1474.1790431893007	0.0	0	0.0	2480.211282555596	1	0	1	1.0988457131537128
281221.39473038755	2000.0	1258.8165521678286	0.0	0	0.0	2480.2112825555378	1	0	1	1.0988457131537193
281947.7187815252	2000.0	1532.4925010301604	0.0	0	0.0	2480.2112825555378	1	0	1	1.7919928937136644
282782.07773424516	2000.0	1698.1335483102202	0.0	0	0.0	2480.2112825555378	1	0	1	1.7919928937136644
285492.20562998235	2000.0	200.0	211.99434742696147	0	0.0	2692.2056299823453	1	0	1	0.5128798381968886
285976.01427976944	500.0	773.2929732516986	57.101623038811795	0	0.0	2749.307253021165	1	0	1	-1.3573959926987853
286726.50966966635	1000.0	1022.7975833547619	0.0	0	0.0	2749.307253021223	1	0	1	0.3715081066539677
287293.77214328013	1000.0	1455.535109740937	0.0	0	0.0	2749.307253021281	1	0	1	1.0646552872139048
288075.62453023816	1000.0	1673.6827227828915	0.0	0	0.0	2749.307253021281	1	0	1	1.0646552872139048
289712.89581966255	2000.0	1036.4114333585599	0.0	0	0.0	2749.3072530213394	1	0	1	1.0646552872139015
290314.5666100558	1000.0	1434.740642965265	0.0	0	0.0	2749.3072530213394	1	0	1	0.3715081066539513
290971.06364240544	2000.0	1778.2436106155637	0.0	0	0.0	2749.3072530213394	1	0	1	1.0646552872138964
291744.9174295166	2000.0	2004.3898235044314	0.0	0	0.0	2749.3072530213394	1	0	1	1.7578024677738415
292375.06762554	2000.0	2374.239627481018	0.0	0	0.0	2749.3072530213394	1	0	1	1.7578024677738415
293200.0	2000.0	2549.3072530210898	0.0	0	93.97505267779343	2749.3072530213394	1	0	1	1.7578024677738415
294200.0	2000.0	2549.307253021064	0.0	0	72.60575894225622	2749.307253021281	1	0	1	1.75780246777385
295244.1277997901	2000.0	2505.179453230946	0.0	0	0.0	2749.307253021223	1	0	1	1.7578024677738582
296238.0475446967	2000.0	2511.259708324335	0.0	0	0.0	2749.307253021223	1	0	1	1.7578024677738582
297815.9797299186	2000.0	1933.3275231023933	0.0	0	0.0	2749.307253021223	1	0	1	1.7578024677738582
298996.5676480814	1000.0	1752.7396049396043	0.0	0	0.0	2749.307253021281	1	0	1	0.3715081066539596
299780.6826638312	1000.0	1968.6245891897538	0.0	0	0.0	2749.3072530213394	1	0	1	1.0646552872138964
300820.80333168135	1000.0	1928.5039213396458	0.0	0	0.0	2749.3072530213976	1	0	1	1.0646552872138881
1.27	1.31	1.78	2.0	2.46	1.62	1.71	1.34	1.36	1.37	1.93	1.88	1.76	1.66	1.26	1.39	0.8	1.37	1.52	1.45	1.34	1.11	1.52	1.45	1.75	1.61	1.42	1.9	1.44	1.07	1.44	1.84	1.99	2.04	2.12	2.41	1.68	1.99	2.0	2.27	2.31	1.91	1.56	1.64	1.61	1.62	1.91	2.11	1.53	1.55	1.89	1.75	1.91	2.17	2.49	2.72	1.69	0.9	0.94	1.32	1.83	1.9	1.32	1.75	1.8	2.14	2.33	2.18	2.0	1.89	1.65	1.85	1.36	1.49	1.91	2.51	3.24	3.1	2.42	1.75	1.97	1.77	1.44	1.15	1.63	2.02	1.24	1.34	1.9	2.04	2.34	2.85	3.48	3.56	0.98	0.67	1.22	1.84	1.39	0.9	1.07	1.37	1.12	0.65	0.79	1.34	1.97	2.03	2.02	0.58	1.55	1.59	2.2	2.32	1.91	2.35	3.09	2.91	2.05	2.68	3.2	3.39	1.16	1.11	1.49	2.09	2.13	2.34	1.59	0.5	0.65	1.2	1.74	1.66	1.39	2.06	2.58	2.91	2.34	2.19	2.15	2.18	1.17	0.72	0.97	0.94	1.44	1.1	1.09	2.76	1.27	1.31	1.78	2.0	2.46	1.62	1.71	1.34	1.36	1.37	1.93	1.88	1.76	1.66	1.26	1.39	0.8	1.37	1.52	1.45	1.34	1.11	1.52	1.45	1.75	1.61	1.42	1.9	1.44	1.07	1.44	1.84	1.99	2.04	2.12	2.41	1.68	1.99	2.0	2.27	2.31	1.91	1.56	1.64	1.61	1.62	1.91	2.11	1.53	1.55	1.89	1.75	1.91	2.17	2.49	2.72	1.69	0.9	0.94	1.32	1.83	1.9	1.32	1.75	1.8	2.14	2.33	2.18	2.0	1.89	1.65	1.85	1.36	1.49	1.91	2.51	3.24	3.1	2.42	1.75	1.97	1.77	1.44	1.15	1.63	2.02	1.24	1.34	1.9	2.04	2.34	2.85	3.48	3.56	0.98	0.67	1.22	1.84	1.39	0.9	1.07	1.37	1.12	0.65	0.79	1.34	1.97	2.03	2.02	0.58	1.55	1.59	2.2	2.32	1.91	2.35	3.09	2.91	2.05	2.68	3.2	3.39	1.16	1.11	1.49	2.09	2.13	2.34	1.59	0.5	0.65	1.2	1.74	1.66	1.39	2.06	2.58	2.91	2.34	2.19	2.15	2.18	1.17	0.72	0.97	0.94	1.44	1.1	1.09	2.76
1.0	2.0	3.0	4.0	5.0	6.0	7.0	8.0	9.0	10.0	11.0	12.0	13.0	14.0	15.0	16.0	17.0	18.0	19.0	20.0	21.0	22.0	23.0	24.0	25.0	26.0	27.0	28.0	29.0	30.0	31.0	32.0	33.0	34.0	35.0	36.0	37.0	38.0	39.0	40.0	41.0	42.0	43.0	44.0	45.0	46.0	47.0	48.0	49.0	50.0	51.0	52.0	53.0	54.0	55.0	56.0	57.0	58.0	59.0	60.0	61.0	62.0	63.0	64.0	65.0	66.0	67.0	68.0	69.0	70.0	71.0	72.0	73.0	74.0	75.0	76.0	77.0	78.0	79.0	80.0	81.0	82.0	83.0	84.0	85.0	86.0	87.0	88.0	89.0	90.0	91.0	92.0	93.0	94.0	95.0	96.0	97.0	98.0	99.0	100.0	101.0	102.0	103.0	104.0	105.0	106.0	107.0	108.0	109.0	110.0	111.0	112.0	113.0	114.0	115.0	116.0	117.0	118.0	119.0	120.0	121.0	122.0	123.0	124.0	125.0	126.0	127.0	128.0	129.0	130.0	131.0	132.0	133.0	134.0	135.0	136.0	137.0	138.0	139.0	140.0	141.0	142.0	143.0	144.0	145.0	146.0	147.0	148.0	149.0	149.0	150.0	151.0	152.0	153.0	154.0	155.0	156.0	157.0	158.0	159.0	160.0	161.0	162.0	163.0	164.0	165.0	166.0	167.0	168.0	169.0	170.0	171.0	172.0	173.0	174.0	175.0	176.0	177.0	178.0	179.0	180.0	181.0	182.0	183.0	184.0	185.0	186.0	187.0	188.0	189.0	190.0	191.0	192.0	193.0	194.0	195.0	196.0	197.0	198.0	199.0	200.0	201.0	202.0	203.0	204.0	205.0	206.0	207.0	208.0	209.0	210.0	211.0	212.0	213.0	214.0	215.0	216.0	217.0	218.0	219.0	220.0	221.0	222.0	223.0	224.0	225.0	226.0	227.0	228.0	229.0	230.0	231.0	232.0	233.0	234.0	235.0	236.0	237.0	238.0	239.0	240.0	241.0	242.0	243.0	244.0	245.0	246.0	247.0	248.0	249.0	250.0	251.0	252.0	253.0	254.0	255.0	256.0	257.0	258.0	259.0	260.0	261.0	262.0	263.0	264.0	265.0	266.0	267.0	268.0	269.0	270.0	271.0	272.0	273.0	274.0	275.0	276.0	277.0	278.0	279.0	280.0	281.0	282.0	283.0	284.0	285.0	286.0	287.0	288.0	289.0	290.0	291.0	292.0	293.0	294.0	295.0	296.0	297.0	298.0	298.0
5365.604491351524
