3524.128250847777	300.0	2000.0	270.8649220156303	0	0.0	3524.128250847777	1	0	1	-1.908056332452154
4321.981372464198	1000.0	2202.146878383579	0.0	0	0.0	3524.1282508477766	1	0	1	-0.3003777696454374
5399.199860928365	1000.0	2124.9283899194115	0.0	0	0.0	3524.1282508477757	1	0	1	0.9035950346804988
6305.917821574098	1000.0	2218.2104292736785	0.0	0	0.0	3524.128250847777	1	0	1	0.9035950346804988
7201.239902286409	1000.0	2322.888348561367	0.0	0	0.0	3524.128250847777	1	0	1	0.9035950346804986
8412.899048593552	1000.0	2111.2292022542233	0.0	0	0.0	3524.128250847777	1	0	1	0.9035950346804986
9713.829022937229	1000.0	1810.299227910547	0.0	0	0.0	3524.128250847778	1	0	1	0.9035950346804982
10614.893753474053	1000.0	1909.2344973737236	0.0	0	0.0	3524.128250847778	1	0	1	0.9035950346804982
11941.347550559234	1000.0	1582.7807002885424	0.0	0	0.0	3524.128250847778	1	0	1	0.9035950346804984
13380.434179472095	1000.0	1143.6940713756806	0.0	0	0.0	3524.128250847778	1	0	1	0.9035950346804983
14300.07519185923	500.0	1224.053058988547	0.0	0	0.0	3524.128250847778	1	0	1	-0.4826993264393925
15186.182969472346	500.0	1337.9452813754322	0.0	0	0.0	3524.12825084778	1	0	1	0.21044785412055236
15972.90067004503	500.0	1551.2275808027482	0.0	0	0.0	3524.12825084778	1	0	1	0.21044785412055236
17511.245015608376	1000.0	1012.8832352393964	0.0	0	0.0	3524.1282508477725	1	0	1	0.21044785412055375
18086.04598319937	500.0	1438.0822676484042	0.0	0	0.0	3524.1282508477743	1	0	1	-0.4826993264393913
19339.511971136555	1000.0	1184.6162797112179	0.0	0	0.0	3524.1282508477725	1	0	1	0.2104478541205547
20056.472761648343	500.0	1467.6554891994285	0.0	0	0.0	3524.1282508477707	1	0	1	-0.4826993264393907
21173.46446903811	1000.0	1350.6637818096651	0.0	0	0.0	3524.1282508477707	1	0	1	0.21044785412055503
23225.813623131166	1000.0	298.31462771660773	0.0	0	0.0	3524.128250847767	1	0	1	0.9035950346805013
24180.665691898444	500.0	539.0504432009234	195.58788425159275	0	0.0	3719.7161350993592	1	0	1	-1.7170346074556346
24768.63792128996	500.0	951.0782138094087	0.0	0	0.0	3719.7161350993592	1	0	1	0.14963987861386696
25212.00258251846	500.0	1507.713552580908	0.0	0	0.0	3719.7161350993592	1	0	1	0.14963987861386696
26005.800921634847	1000.0	1713.9152134645162	0.0	0	0.0	3719.7161350993592	1	0	1	0.14963987861386696
27188.243400063177	1000.0	1531.472735036187	0.0	0	0.0	3719.716135099363	1	0	1	0.8427870591738112
28516.332259873296	1000.0	1203.3838752260704	0.0	0	0.0	3719.7161350993592	1	0	1	0.8427870591738124
29370.06865004368	1000.0	1349.6474850556867	0.0	0	0.0	3719.7161350993592	1	0	1	0.8427870591738124
30384.311690109935	1000.0	1335.4044449894254	0.0	0	0.0	3719.7161350993592	1	0	1	0.8427870591738124
31662.731698694744	1000.0	1056.9844364046157	0.0	0	0.0	3719.7161350993592	1	0	1	0.8427870591738124
32409.457354542257	1000.0	1310.2587805571043	0.0	0	0.0	3719.7161350993592	1	0	1	0.8427870591738124
33538.71278244987	1000.0	1181.0033526494908	0.0	0	0.0	3719.7161350993556	1	0	1	0.8427870591738132
34985.72289184683	1000.0	733.993243252528	0.0	0	0.0	3719.7161350993592	1	0	1	0.8427870591738128
35643.91081015886	500.0	1075.805324940497	0.0	0	0.0	3719.716135099352	1	0	1	-0.5435073019460775
36240.58253078455	500.0	1479.1336043147949	0.0	0	0.0	3719.7161350993447	1	0	1	0.14963987861387062
37088.39445463929	1000.0	1631.3216804600552	0.0	0	0.0	3719.716135099341	1	0	1	0.14963987861387307
38159.85466721817	1000.0	1559.861467881175	0.0	0	0.0	3719.716135099341	1	0	1	0.8427870591738185
39120.59939450884	1000.0	1599.1167405905128	0.0	0	0.0	3719.716135099341	1	0	1	0.8427870591738185
40062.61645822711	1000.0	1657.0996768722473	0.0	0	0.0	3719.7161350993483	1	0	1	0.8427870591738162
41196.70305016069	1000.0	1523.0130849386614	0.0	0	0.0	3719.7161350993556	1	0	1	0.8427870591738135
42309.34380729867	1000.0	1410.3723278006812	0.0	0	0.0	3719.7161350993556	1	0	1	0.8427870591738135
43225.01378880625	1000.0	1494.7023462930968	0.0	0	0.0	3719.7161350993556	1	0	1	0.8427870591738135
44344.90414288766	1000.0	1374.8119922116996	0.0	0	0.0	3719.7161350993556	1	0	1	0.8427870591738135
45017.68574650647	500.0	1702.0303885928943	0.0	0	0.0	3719.7161350993556	1	0	1	-0.5435073019460773
45745.427715718804	1000.0	1974.2884193805517	0.0	0	0.0	3719.7161350993556	1	0	1	0.14963987861386807
46501.13609145848	1000.0	2218.580043640872	0.0	0	0.0	3719.7161350993483	1	0	1	0.8427870591738162
47137.21517019079	1000.0	2582.500964908557	0.0	0	0.0	3719.7161350993483	1	0	1	0.8427870591738162
49171.63284941698	2000.0	1344.6415177597482	0.0	0	0.0	3516.2743671767166	1	0	2	0.48694729380112584
50491.4318880634	1000.0	1024.842479113331	0.0	0	0.0	3516.2743671767093	1	0	1	0.012688204279740711
51168.56736508835	500.0	1347.7070020883893	0.0	0	0.0	3516.2743671767166	1	0	1	-0.48045897628020695
51881.52077764484	1000.0	1634.7535895319052	0.0	0	0.0	3516.2743671767166	1	0	1	0.21268820427973853
52774.978176023105	1000.0	1741.2961911536354	0.0	0	0.0	3516.2743671767093	1	0	1	0.9058353848396861
53871.85699841296	1000.0	1644.4173687637747	0.0	0	0.0	3516.2743671767093	1	0	1	0.9058353848396861
55048.44791078199	1000.0	1467.8264563947328	0.0	0	0.0	3516.274367176702	1	0	1	0.9058353848396882
56271.30509906001	1000.0	1244.969268116718	0.0	0	0.0	3516.274367176702	1	0	1	0.9058353848396882
57280.96163122739	1000.0	1235.312735949338	0.0	0	0.0	3516.2743671767093	1	0	1	0.9058353848396861
58082.79008107572	1000.0	1433.4842861010006	0.0	0	0.0	3516.2743671767093	1	0	1	0.9058353848396861
58633.833220830726	1000.0	1882.4411463459899	0.0	0	0.0	3516.274367176702	1	0	1	0.9058353848396882
59547.73260623771	1000.0	1968.5417609390083	0.0	0	0.0	3516.274367176702	1	0	1	0.9058353848396882
60544.1092397835	1000.0	1972.165127393218	0.0	0	0.0	3516.274367176702	1	0	1	0.9058353848396882
62068.133799126634	1000.0	1448.1405680500843	0.0	0	0.0	3516.274367176702	1	0	1	0.9058353848396882
62830.595267058416	1000.0	1685.679100118301	0.0	0	0.0	3516.274367176702	1	0	1	0.9058353848396882
63464.13967728583	1000.0	2052.1346898908946	0.0	0	0.0	3516.274367176702	1	0	1	0.9058353848396882
64189.31938822763	1000.0	2326.9549789490893	0.0	0	0.0	3516.274367176702	1	0	1	0.9058353848396882
65180.538841408124	1000.0	2335.7355257686017	0.0	0	0.0	3516.274367176702	1	0	1	0.9058353848396882
66355.50109788541	1000.0	2160.773269291313	0.0	0	0.0	3516.274367176702	1	0	1	0.9058353848396882
67453.78041453875	1000.0	2062.4939526379794	0.0	0	0.0	3516.274367176702	1	0	1	0.905835384839689
68259.51970559257	1000.0	2256.754661584162	0.0	0	0.0	3516.274367176702	1	0	1	0.905835384839687
69256.98921307085	1000.0	2259.2851541058717	0.0	0	0.0	3516.2743671766802	1	0	1	0.9058353848396931
70090.78413418877	1000.0	2425.4902329879624	0.0	0	0.0	3516.2743671766802	1	0	1	0.9058353848396943
71113.72884602817	1000.0	2402.5455211485555	0.0	0	0.0	3516.2743671766802	1	0	1	0.9058353848396943
72315.61951423906	1000.0	2200.6548529376555	0.0	0	0.0	3516.2743671766802	1	0	1	0.9058353848396943
73858.3263072105	1000.0	1657.9480599662118	0.0	0	0.0	3516.2743671766802	1	0	1	0.9058353848396943
74652.9181555349	1000.0	1863.3562116417975	0.0	0	0.0	3516.2743671766802	1	0	1	0.9058353848396943
76019.61361586246	1000.0	1496.660751314233	0.0	0	0.0	3516.2743671766802	1	0	1	0.9058353848396943
76999.45551150684	1000.0	1516.8188556698603	0.0	0	0.0	3516.2743671766802	1	0	1	0.9058353848396943
77524.953061405	1000.0	1991.3213057717082	0.0	0	0.0	3516.2743671766802	1	0	1	0.9058353848396943
78019.99963836437	1000.0	2496.274728812336	0.0	0	0.0	3516.274367176695	1	0	1	0.9058353848396901
79242.19699331974	2000.0	2274.077373856968	0.0	0	0.0	3516.274367176695	1	0	1	0.9058353848396902
80175.09308703327	1000.0	2341.1812801434285	0.0	0	0.0	3516.2743671766802	1	0	1	0.21268820427974913
81307.67623336498	1000.0	2208.5981338117113	0.0	0	0.0	3516.2743671766802	1	0	1	0.9058353848396943
82137.79823011115	1000.0	2378.4761370655588	0.0	0	0.0	3516.2743671766802	1	0	1	0.9058353848396943
83178.2458304124	1000.0	2338.0285367642923	0.0	0	0.0	3516.2743671766657	1	0	1	0.9058353848396984
83901.5283527137	1000.0	2614.746014462977	0.0	0	0.0	3516.274367176651	1	0	1	0.9058353848397026
84695.01140071455	1000.0	2821.2629664621427	0.0	0	0.0	3516.274367176651	1	0	1	0.9058353848397026
86416.43957929633	2000.0	2099.834787880366	0.0	0	0.0	3516.274367176651	1	0	1	0.9058353848397024
87232.47990764597	1000.0	2283.794459530735	0.0	0	0.0	3516.274367176651	1	0	1	0.21268820427975746
89552.71324335842	2000.0	731.5377902470487	0.0	0	0.0	3284.251033605411	1	0	2	0.5483921603280886
90275.52614668003	500.0	1008.72488692543	0.0	0	0.0	3284.251033605411	1	0	1	-1.3137799126541014
90932.69277334347	500.0	1351.558260261966	0.0	0	0.0	3284.251033605411	1	0	1	0.27251444846578965
92263.88308308799	1000.0	1020.3679505174429	0.0	0	0.0	3284.2510336053965	1	0	1	0.2725144484657931
93071.21643762007	1000.0	1213.034595985355	0.0	0	0.0	3284.2510336053965	1	0	1	0.9656616290257385
94044.32641504522	1000.0	1239.924618560195	0.0	0	0.0	3284.2510336053965	1	0	1	0.9656616290257385
95496.15594183258	1000.0	788.0950917728278	0.0	0	0.0	3284.2510336053965	1	0	1	0.9656616290257385
96364.75890525196	500.0	919.4921283534292	0.0	0	0.0	3284.2510336053965	1	0	1	-0.4206327320941523
97137.83478120867	500.0	1146.4162523967195	0.0	0	0.0	3284.2510336053965	1	0	1	0.27251444846579304
97652.77094651714	500.0	1631.4800870882507	0.0	0	0.0	3284.2510336053965	1	0	1	0.27251444846579304
98999.4749024575	1000.0	1284.776131147887	0.0	0	0.0	3284.251033605382	1	0	1	0.27251444846579653
100215.6105319541	1000.0	1068.6405016512967	0.0	0	0.0	3284.251033605382	1	0	1	0.9656616290257419
100993.42677687929	1000.0	1290.8242567261093	0.0	0	0.0	3284.2510336053965	1	0	1	0.9656616290257385
102331.99830892766	1000.0	952.2527246777175	0.0	0	0.0	3284.2510336053965	1	0	1	0.9656616290257385
103052.33112143126	500.0	1231.9199121741342	0.0	0	0.0	3284.2510336053965	1	0	1	-0.4206327320941523
104372.59701827435	1000.0	911.6540153310555	0.0	0	0.0	3284.2510336053965	1	0	1	0.2725144484657931
104905.16938737163	500.0	1379.0816462337827	0.0	0	0.0	3284.251033605411	1	0	1	-0.42063273209415564
106260.80618362887	1000.0	1023.4448499765283	0.0	0	0.0	3284.251033605411	1	0	1	0.27251444846578976
107069.9597024104	500.0	1214.2913311949908	0.0	0	0.0	3284.251033605411	1	0	1	-0.42063273209415564
108002.20458144942	1000.0	1282.0464521559545	0.0	0	0.0	3284.2510336053965	1	0	1	0.2725144484657931
109163.04949640406	1000.0	1121.2015372013136	0.0	0	0.0	3284.2510336053965	1	0	1	0.9656616290257385
109867.20249310783	500.0	1417.0485404975295	0.0	0	0.0	3284.2510336053965	1	0	1	-0.4206327320941523
110795.92258083589	1000.0	1488.3284527694807	0.0	0	0.0	3284.2510336053965	1	0	1	0.2725144484657931
111786.62027117862	1000.0	1497.6307624267565	0.0	0	0.0	3284.2510336053965	1	0	1	0.9656616290257385
113052.89297007446	1000.0	1231.35806353091	0.0	0	0.0	3284.251033605411	1	0	1	0.9656616290257352
113965.1247640457	1000.0	1319.1262695596702	0.0	0	0.0	3284.251033605411	1	0	1	0.9656616290257352
114618.6829081527	1000.0	1665.5681254526817	0.0	0	0.0	3284.251033605411	1	0	1	0.9656616290257352
115785.43264086219	1000.0	1498.8183927432094	0.0	0	0.0	3284.251033605411	1	0	1	0.9656616290257352
116923.87877023875	1000.0	1360.3722633666491	0.0	0	0.0	3284.251033605411	1	0	1	0.9656616290257352
118112.04087833808	1000.0	1172.210155267304	0.0	0	0.0	3284.251033605411	1	0	1	0.9656616290257352
118592.44781230553	500.0	1691.8032212998535	0.0	0	0.0	3284.251033605411	1	0	1	-0.42063273209415564
119438.17118066375	1000.0	1846.0798529416465	0.0	0	0.0	3284.251033605411	1	0	1	0.27251444846578976
120757.69985107254	1000.0	1526.551182532868	0.0	0	0.0	3284.2510336053965	1	0	1	0.9656616290257385
122359.63065915811	1000.0	924.6203744472973	0.0	0	0.0	3284.2510336053965	1	0	1	0.9656616290257385
123121.15616680421	500.0	1163.0948668011874	0.0	0	0.0	3284.2510336053965	1	0	1	-0.4206327320941523
123780.25796883651	500.0	1503.9930647688898	0.0	0	0.0	3284.2510336053965	1	0	1	0.27251444846579304
124529.38299377817	1000.0	1754.8680398272281	0.0	0	0.0	3284.251033605382	1	0	1	0.27251444846579653
125983.50874372624	1000.0	1300.7422898791538	0.0	0	0.0	3284.251033605382	1	0	1	0.9656616290257419
126984.51749844143	1000.0	1299.733535163952	0.0	0	0.0	3284.2510336053674	1	0	1	0.9656616290257453
128235.46666869138	1000.0	1048.7843649139986	0.0	0	0.0	3284.251033605382	1	0	1	0.9656616290257419
128966.77557479146	1000.0	1317.4754588139167	0.0	0	0.0	3284.251033605382	1	0	1	0.9656616290257419
129692.9997115127	1000.0	1591.2513220926885	0.0	0	0.0	3284.251033605382	1	0	1	0.9656616290257419
130632.02949357728	1000.0	1652.2215400281184	0.0	0	0.0	3284.251033605382	1	0	1	0.9656616290257419
131629.30450078973	1000.0	1654.9465328156834	0.0	0	0.0	3284.251033605382	1	0	1	0.9656616290257419
133015.0751509129	1000.0	1269.175882692511	0.0	0	0.0	3284.2510336053674	1	0	1	0.9656616290257446
134517.62348481876	1000.0	766.6275487866764	0.0	0	0.0	3284.2510336054256	1	0	1	0.9656616290257358
135008.99726495656	500.0	1275.2537686489156	0.0	0	0.0	3284.2510336054256	1	0	1	-0.4206327320941592
135957.7921337848	1000.0	1326.4588998206775	0.0	0	0.0	3284.2510336053965	1	0	1	0.2725144484657931
136530.7639011335	1000.0	1753.4871324719825	0.0	0	0.0	3284.2510336054256	1	0	1	0.9656616290257316
137271.87575145398	1000.0	2012.3752821515102	0.0	0	0.0	3284.2510336054256	1	0	1	0.9656616290257316
138540.81266979064	1000.0	1743.4383638148443	0.0	0	0.0	3284.2510336054256	1	0	1	0.9656616290257316
139930.73175936146	1000.0	1353.5192742440472	0.0	0	0.0	3284.2510336054256	1	0	1	0.9656616290257316
141707.02865590822	1000.0	577.2223776972821	0.0	0	0.0	3284.2510336054256	1	0	1	0.9656616290257316
142223.94867110866	500.0	1060.3023624968082	0.0	0	0.0	3284.2510336054256	1	0	1	-0.4206327320941592
143597.74742730983	1000.0	686.5036062956476	0.0	0	0.0	3284.2510336053965	1	0	1	0.2725144484657931
144367.25217441568	500.0	916.9988591898082	0.0	0	0.0	3284.2510336053965	1	0	1	-0.4206327320941523
145251.88136511703	500.0	1032.369668488459	0.0	0	0.0	3284.2510336053965	1	0	1	0.27251444846579304
146339.57509894707	500.0	944.6759346584449	0.0	0	0.0	3284.2510336053965	1	0	1	0.27251444846579304
147034.09546989572	500.0	1250.1555637097838	0.0	0	0.0	3284.2510336053965	1	0	1	0.27251444846579304
147743.25757782927	1000.0	1540.9934557762547	0.0	0	0.0	3284.2510336053965	1	0	1	0.2725144484657931
148348.7566209487	1000.0	1935.4944126568191	0.0	0	0.0	3284.2510336053674	1	0	1	0.9656616290257453
148934.43517378083	1000.0	2349.8158598246646	0.0	0	0.0	3284.2510336053674	1	0	1	0.9656616290257453
150180.98830169745	2000.0	2103.262731908053	0.0	0	0.0	3284.2510336053383	1	0	1	0.9656616290257521
151089.9558782804	1000.0	2194.295155325115	0.0	0	0.0	3284.2510336053383	1	0	1	0.27251444846580686
151976.27498734233	2000.0	2307.976046263175	0.0	0	0.0	3284.2510336053383	1	0	1	0.9656616290257521
153963.75872217535	2000.0	1320.4923114301976	0.0	0	0.0	3284.2510336053674	1	0	1	1.6588088095856903
154727.31991836242	1000.0	1556.93111524312	0.0	0	0.0	3284.2510336053674	1	0	1	0.2725144484658001
155527.03048254937	1000.0	1757.2205510561748	0.0	0	0.0	3284.2510336053674	1	0	1	0.9656616290257453
156284.24236929306	1000.0	2000.0086643124944	0.0	0	0.0	3284.2510336053674	1	0	1	0.9656616290257453
157093.66468981802	1000.0	2190.5863437875196	0.0	0	0.0	3284.2510336053383	1	0	1	0.9656616290257493
158027.6986826286	1000.0	2256.552350976939	0.0	0	0.0	3284.251033605309	1	0	1	0.9656616290257589
159406.5730167715	1000.0	1877.6780168340622	0.0	0	0.0	3284.2510336053383	1	0	1	0.965661629025752
160391.22064458497	1000.0	1893.0303890205955	0.0	0	0.0	3284.2510336053383	1	0	1	0.9656616290257506
161744.22769898848	1000.0	1540.023334617068	0.0	0	0.0	3284.251033605309	1	0	1	0.9656616290257589
164003.14612851417	1000.0	281.10490509139623	0.0	0	0.0	3284.2510336053383	1	0	1	0.9656616290257534
165186.86194259112	500.0	418.83384260261073	321.4447515881641	0	0.0	3605.6957851935003	1	0	1	-2.4355318178403915
165793.52963061086	500.0	812.1661545828397	0.0	0	0.0	3605.6957851935003	1	0	1	0.18628387224853932
166282.93730998	500.0	1322.7584752136763	0.0	0	0.0	3605.6957851934712	1	0	1	0.1862838722485482
167868.8697744462	1000.0	736.8260107474647	0.0	0	0.0	3605.6957851935003	1	0	1	0.18628387224853937
168491.99765902475	500.0	1113.6981261689125	0.0	0	0.0	3605.6957851935003	1	0	1	-0.506863308311406
169214.77333396144	500.0	1390.9224512322262	0.0	0	0.0	3605.6957851935003	1	0	1	0.18628387224853932
170060.40335117368	1000.0	1545.2924340199997	0.0	0	0.0	3605.6957851935003	1	0	1	0.18628387224853937
171838.6790821319	1000.0	767.0167030618077	0.0	0	0.0	3605.6957851934712	1	0	1	0.8794310528084937
172391.6253765643	500.0	1214.0704086294247	0.0	0	0.0	3605.6957851934712	1	0	1	-0.5068633083113971
173262.6480388872	500.0	1343.0477463065456	0.0	0	0.0	3605.6957851934712	1	0	1	0.1862838722485482
173918.94837732916	500.0	1686.747407864591	0.0	0	0.0	3605.6957851934712	1	0	1	0.1862838722485482
174846.98309284	1000.0	1758.7126923537335	0.0	0	0.0	3605.6957851934712	1	0	1	0.18628387224854825
175786.50693106864	1000.0	1819.1888541251233	0.0	0	0.0	3605.6957851934712	1	0	1	0.8794310528084937
176883.80729653305	1000.0	1721.8884886606995	0.0	0	0.0	3605.6957851934712	1	0	1	0.8794310528084937
177808.68611616362	1000.0	1797.009669030127	0.0	0	0.0	3605.6957851934712	1	0	1	0.8794310528084937
178591.3873182004	1000.0	2014.3084669933241	0.0	0	0.0	3605.6957851934712	1	0	1	0.8794310528084937
179287.76177767722	1000.0	2317.9340075165105	0.0	0	0.0	3605.6957851934712	1	0	1	0.8794310528084937
180198.14986308967	1000.0	2407.5459221040637	0.0	0	0.0	3605.6957851934712	1	0	1	0.8794310528084937
181523.89414709553	1000.0	2081.8016380982335	0.0	0	0.0	3605.6957851934712	1	0	1	0.8794310528084937
182848.4962046428	1000.0	1757.1995805509528	0.0	0	0.0	3605.6957851934712	1	0	1	0.8794310528084937
184037.79472028706	1000.0	1567.9010649067195	0.0	0	0.0	3605.6957851934712	1	0	1	0.8794310528084937
185066.05981458115	1000.0	1539.6359706126193	0.0	0	0.0	3605.6957851934712	1	0	1	0.8794310528084937
186195.36744429584	1000.0	1410.3283408979269	0.0	0	0.0	3605.6957851934712	1	0	1	0.8794310528084937
187285.97562943207	1000.0	1319.7201557616959	0.0	0	0.0	3605.6957851934712	1	0	1	0.8794310528084937
188291.97495533322	1000.0	1313.7208298605258	0.0	0	0.0	3605.695785193442	1	0	1	0.8794310528085025
189127.46916481608	1000.0	1478.2266203776787	0.0	0	0.0	3605.6957851934712	1	0	1	0.8794310528084937
190140.57647509707	1000.0	1465.1193100966686	0.0	0	0.0	3605.695785193442	1	0	1	0.8794310528084972
190863.99538113945	500.0	1741.7004040542724	0.0	0	0.0	3605.695785193442	1	0	1	-0.5068633083113883
192004.17669990202	1000.0	1601.519085291688	0.0	0	0.0	3605.695785193442	1	0	1	0.18628387224855714
193148.22208615867	1000.0	1457.4736990350332	0.0	0	0.0	3605.6957851934712	1	0	1	0.879431052808499
194309.04438710626	1000.0	1296.651398087449	0.0	0	0.0	3605.6957851934712	1	0	1	0.8794310528084937
195044.58759858683	1000.0	1561.1081866068719	0.0	0	0.0	3605.6957851934712	1	0	1	0.8794310528084937
196079.76075292839	1000.0	1525.9350322653297	0.0	0	0.0	3605.6957851935003	1	0	1	0.8794310528084848
197153.60638924557	1000.0	1452.08939594816	0.0	0	0.0	3605.6957851935003	1	0	1	0.8794310528084848
198308.7678278771	1000.0	1296.9279573165754	0.0	0	0.0	3605.6957851934712	1	0	1	0.8794310528084937
199565.70007191505	1000.0	1039.995713278578	0.0	0	0.0	3605.6957851934712	1	0	1	0.8794310528084937
199993.66693355734	500.0	1612.02885163631	0.0	0	0.0	3605.6957851934712	1	0	1	-0.5068633083113971
201066.8346867802	1000.0	1538.8610984134689	0.0	0	0.0	3605.6957851935003	1	0	1	0.1862838722485447
201804.97417467932	1000.0	1800.7216105143434	0.0	0	0.0	3605.6957851934712	1	0	1	0.8794310528084937
202705.79037841148	1000.0	1899.9054067821978	0.0	0	0.0	3605.6957851934712	1	0	1	0.8794310528084937
204047.6771357325	1000.0	1558.0186494611696	0.0	0	0.0	3605.6957851934712	1	0	1	0.8794310528084937
205218.2206382537	1000.0	1387.4751469399637	0.0	0	0.0	3605.695785193442	1	0	1	0.8794310528085025
206402.50384770267	1000.0	1203.1919374909871	0.0	0	0.0	3605.695785193442	1	0	1	0.8794310528085008
207295.48141875994	1000.0	1310.2143664337118	0.0	0	0.0	3605.695785193442	1	0	1	0.8794310528085025
208134.609876191	1000.0	1471.0859090026595	0.0	0	0.0	3605.695785193442	1	0	1	0.8794310528085025
209174.40442367754	1000.0	1431.29136151609	0.0	0	0.0	3605.695785193442	1	0	1	0.8794310528085025
210400.69665604524	1000.0	1204.9991291484064	0.0	0	0.0	3605.6957851934712	1	0	1	0.8794310528084937
211066.30247341312	500.0	1539.3933117805389	0.0	0	0.0	3605.695785193442	1	0	1	-0.5068633083113883
211861.0667276587	1000.0	1744.629057534954	0.0	0	0.0	3605.695785193442	1	0	1	0.18628387224855714
212604.01068672127	1000.0	2001.6850984723578	0.0	0	0.0	3605.695785193413	1	0	1	0.8794310528085115
213584.58788731747	1000.0	2021.1078978761439	0.0	0	0.0	3605.695785193384	1	0	1	0.8794310528085203
214870.62067918127	1000.0	1735.0751060123225	0.0	0	0.0	3605.695785193384	1	0	1	0.8794310528085203
215935.58006847222	1000.0	1670.1157167213778	0.0	0	0.0	3605.695785193384	1	0	1	0.8794310528085203
216772.88700800424	1000.0	1832.8087771893736	0.0	0	0.0	3605.695785193384	1	0	1	0.8794310528085203
217577.3444674573	1000.0	2028.3513177362881	0.0	0	0.0	3605.695785193384	1	0	1	0.8794310528085203
218444.46488817516	1000.0	2161.230897018407	0.0	0	0.0	3605.695785193384	1	0	1	0.8794310528085203
219632.16622479688	1000.0	1973.5295603966722	0.0	0	0.0	3605.695785193355	1	0	1	0.8794310528085294
220961.49398080006	1000.0	1644.2018043934922	0.0	0	0.0	3605.695785193384	1	0	1	0.8794310528085276
221783.79679194768	1000.0	1821.8989932458685	0.0	0	0.0	3605.695785193384	1	0	1	0.8794310528085203
222865.0081926384	1000.0	1740.6875925551583	0.0	0	0.0	3605.695785193384	1	0	1	0.8794310528085203
223707.3218007236	1000.0	1898.373984469953	0.0	0	0.0	3605.695785193384	1	0	1	0.8794310528085203
225098.07113522216	1000.0	1507.624649971408	0.0	0	0.0	3605.695785193384	1	0	1	0.8794310528085203
225911.70607081015	1000.0	1693.9897143833973	0.0	0	0.0	3605.695785193384	1	0	1	0.8794310528085203
226608.8660898412	1000.0	1996.8296953523345	0.0	0	0.0	3605.695785193384	1	0	1	0.8794310528085203
227732.04111456478	2000.0	1761.3371681564365	0.0	0	0.0	3493.378282721067	1	0	2	0.5039556404023031
228304.30758742447	1000.0	2189.070695296741	0.0	0	0.0	3493.378282721038	1	0	1	0.019135017141992117
229777.1199544967	2000.0	1716.2583282244964	0.0	0	0.0	3493.378282721038	1	0	1	0.9122821977019373
230822.09385706935	1000.0	1671.2844256518606	0.0	0	0.0	3493.378282721038	1	0	1	0.21913501714199232
231601.55236371022	1000.0	1891.8259190110202	0.0	0	0.0	3493.378282721067	1	0	1	0.9122821977019295
232699.770544445	1000.0	1793.6077382762237	0.0	0	0.0	3493.378282721067	1	0	1	0.9122821977019295
233325.84779660843	1000.0	2167.5304861127906	0.0	0	0.0	3493.378282721067	1	0	1	0.9122821977019295
234220.0161349849	1000.0	2273.36214773629	0.0	0	0.0	3493.378282721038	1	0	1	0.9122821977019375
236316.7030551196	2000.0	967.0065355881081	0.0	0	0.0	3283.7095907075563	1	0	2	0.5525810350415876
236871.5458848836	1000.0	1412.163705824113	0.0	0	0.0	3283.7095907075563	1	0	1	0.07264046683970865
237596.32063184815	1000.0	1687.3889588595841	0.0	0	0.0	3283.7095907075272	1	0	1	0.9657876473996607
238656.65718603221	1000.0	1627.052404675524	0.0	0	0.0	3283.7095907075563	1	0	1	0.965787647399654
240456.46081382144	1000.0	827.2487768862825	0.0	0	0.0	3283.7095907075563	1	0	1	0.965787647399654
241052.88010354165	500.0	1230.8294871660476	0.0	0	0.0	3283.7095907075563	1	0	1	-0.42050671372023685
241817.43503150425	1000.0	1466.2745592034685	0.0	0	0.0	3283.7095907075563	1	0	1	0.27264046683970855
242845.2409569829	1000.0	1438.4686337248363	0.0	0	0.0	3283.7095907075563	1	0	1	0.965787647399654
244579.2872776312	1000.0	704.4223130765533	0.0	0	0.0	3283.7095907075563	1	0	1	0.9657876473996567
245615.95586036026	500.0	667.7537303474535	0.0	0	0.0	3283.7095907075563	1	0	1	-0.42050671372023685
246304.48029587444	500.0	979.2292948332619	0.0	0	0.0	3283.7095907075272	1	0	1	0.2726404668397152
246918.41011088132	500.0	1365.2994798263915	0.0	0	0.0	3283.7095907075272	1	0	1	0.2726404668397152
248336.98552462625	1000.0	946.7240660814819	0.0	0	0.0	3283.7095907075563	1	0	1	0.2726404668397112
248942.27903468642	500.0	1341.4305560213165	0.0	0	0.0	3283.7095907075563	1	0	1	-0.42050671372023685
250311.3233497287	1000.0	972.3862409790522	0.0	0	0.0	3283.7095907075563	1	0	1	0.27264046683970855
251437.53924648912	1000.0	846.1703442186158	0.0	0	0.0	3283.7095907075854	1	0	1	0.9657876473996485
252024.93553529936	500.0	1258.7740554083618	0.0	0	0.0	3283.7095907076146	1	0	1	-0.4205067137202465
253333.6347366659	1000.0	950.0748540418139	0.0	0	0.0	3283.7095907076728	1	0	1	0.2726404668396828
254332.9964981902	1000.0	950.7130925175169	0.0	0	0.0	3283.7095907076728	1	0	1	0.9657876473996269
254816.3933278818	500.0	1467.3162628259358	0.0	0	0.0	3283.7095907076728	1	0	1	-0.42050671372026394
256220.55502207502	1000.0	1063.154568632689	0.0	0	0.0	3283.7095907076728	1	0	1	0.27264046683968146
257147.52483124527	1000.0	1136.18475946243	0.0	0	0.0	3283.709590707702	1	0	1	0.9657876473996225
258381.19101691296	1000.0	902.5185737947511	0.0	0	0.0	3283.709590707702	1	0	1	0.9657876473996199
258978.00296301287	500.0	1305.7066276948215	0.0	0	0.0	3283.7095907076728	1	0	1	-0.42050671372026804
260130.97743646943	1000.0	1152.7321542382708	0.0	0	0.0	3283.7095907076728	1	0	1	0.27264046683968546
261176.36786099416	1000.0	1107.34172971354	0.0	0	0.0	3283.7095907076728	1	0	1	0.9657876473996269
261867.51090636812	500.0	1416.19868433954	0.0	0	0.0	3283.7095907076728	1	0	1	-0.42050671372026394
262962.692087734	1000.0	1321.0175029736063	0.0	0	0.0	3283.7095907076437	1	0	1	0.2726404668396895
263770.8162657899	1000.0	1512.893324917675	0.0	0	0.0	3283.7095907076437	1	0	1	0.9657876473996295
264954.10534715385	1000.0	1329.6042435537997	0.0	0	0.0	3283.709590707702	1	0	1	0.9657876473996254
266328.44974480174	1000.0	955.2598459059293	0.0	0	0.0	3283.709590707731	1	0	1	0.9657876473996132
267046.61033477006	500.0	1237.0992559376389	0.0	0	0.0	3283.709590707731	1	0	1	-0.4205067137202777
268293.82858056895	1000.0	989.8810101387103	0.0	0	0.0	3283.709590707731	1	0	1	0.27264046683966786
268899.2956269037	500.0	1384.413963803984	0.0	0	0.0	3283.709590707731	1	0	1	-0.4205067137202777
270284.3252595334	1000.0	999.3843311742528	0.0	0	0.0	3283.7095907076728	1	0	1	0.272640466839676
271182.7775756753	500.0	1100.9320150323388	0.0	0	0.0	3283.7095907076728	1	0	1	-0.42050671372026394
271830.89312102867	500.0	1452.8164696789252	0.0	0	0.0	3283.7095907076728	1	0	1	0.2726404668396814
273123.0051219197	1000.0	1160.7044687879315	0.0	0	0.0	3283.7095907076728	1	0	1	0.27264046683968146
274646.57992356614	1000.0	637.1296671415325	0.0	0	0.0	3283.7095907076728	1	0	1	0.9657876473996269
275188.51552123076	500.0	1095.1940694769287	0.0	0	0.0	3283.7095907076728	1	0	1	-0.42050671372026394
276111.81276477	1000.0	1171.8968259376682	0.0	0	0.0	3283.7095907076728	1	0	1	0.27264046683968146
277371.280344475	1000.0	912.4292462327766	0.0	0	0.0	3283.7095907076728	1	0	1	0.9657876473996269
278144.2930711419	1000.0	1139.416519565912	0.0	0	0.0	3283.7095907076146	1	0	1	0.9657876473996352
279102.61598165205	1000.0	1181.0936090557293	0.0	0	0.0	3283.7095907076146	1	0	1	0.9657876473996485
279974.03298926185	1000.0	1309.6766014459574	0.0	0	0.0	3283.7095907076146	1	0	1	0.9657876473996405
280957.2076342737	1000.0	1326.5019564340953	0.0	0	0.0	3283.7095907075563	1	0	1	0.965787647399654
281874.92232759827	1000.0	1408.787263109571	0.0	0	0.0	3283.7095907075563	1	0	1	0.965787647399654
283007.6368310799	1000.0	1276.0727596279014	0.0	0	0.0	3283.709590707498	1	0	1	0.9657876473996566
284098.5113767592	1000.0	1185.1982139485297	0.0	0	0.0	3283.70959070744	1	0	1	0.9657876473996727
285036.56340259966	1000.0	1247.1461881081475	0.0	0	0.0	3283.709590707498	1	0	1	0.9657876473996756
285712.23332931096	1000.0	1571.4762613968082	0.0	0	0.0	3283.709590707498	1	0	1	0.9657876473996674
287011.616503601	1000.0	1272.0930871067746	0.0	0	0.0	3283.7095907075563	1	0	1	0.965787647399654
288228.1660398362	1000.0	1055.543550871623	0.0	0	0.0	3283.709590707498	1	0	1	0.9657876473996593
288798.43588769395	500.0	1485.2737030138196	0.0	0	0.0	3283.709590707498	1	0	1	-0.4205067137202234
290191.02784769534	1000.0	1092.6817430123656	0.0	0	0.0	3283.709590707498	1	0	1	0.272640466839722
291089.4470215589	500.0	1194.2625691488574	0.0	0	0.0	3283.709590707498	1	0	1	-0.4205067137202234
292421.2590379251	1000.0	862.4505527826313	0.0	0	0.0	3283.709590707498	1	0	1	0.272640466839722
293067.49502168444	500.0	1216.2145690232694	0.0	0	0.0	3283.7095907075563	1	0	1	-0.4205067137202315
294839.98222873546	1000.0	443.7273619722232	0.0	0	0.0	3283.7095907075563	1	0	1	0.27264046683970855
295552.0544724475	500.0	731.6551182602188	0.0	0	0.0	3283.7095907076146	1	0	1	-0.4205067137202506
296229.9942608444	500.0	1053.7153298632143	0.0	0	0.0	3283.7095907075563	1	0	1	0.27264046683970844
296978.07906061166	1000.0	1305.6305300959973	0.0	0	0.0	3283.7095907075563	1	0	1	0.27264046683970855
297888.0107325352	1000.0	1395.6988581725006	0.0	0	0.0	3283.7095907075563	1	0	1	0.965787647399654
298892.59973096673	1000.0	1391.1098597410169	0.0	0	0.0	3283.7095907075563	1	0	1	0.965787647399654
299750.35396832693	1000.0	1533.3556223807714	0.0	0	0.0	3283.7095907075563	1	0	1	0.965787647399654
300248.17021945573	1000.0	2035.5393712519372	0.0	0	0.0	3283.7095907075563	1	0	1	0.965787647399654
301330.6105121377	2000.0	1953.0990785699569	0.0	0	0.0	3283.7095907075563	1	0	1	0.9657876473996537
1.12	0.82	1.2	1.17	0.98	1.15	0.9	0.95	0.63	1.07	0.45	0.57	0.53	0.8	0.81	0.71	0.85	0.95	1.0	0.43	0.71	0.72	0.97	0.89	0.83	1.16	1.42	0.9	1.03	1.04	0.97	0.94	0.81	1.01	1.01	0.92	1.12	0.78	0.76	1.1	1.18	0.83	1.2	1.12	1.38	0.65	0.93	0.89	1.11	1.27	1.2	0.94	0.7	1.0	1.1	1.42	1.22	1.01	0.59	1.49	1.51	1.12	0.92	0.82	1.45	1.37	1.19	1.11	0.92	1.02	0.79	1.09	0.89	1.38	1.52	1.7	1.29	1.12	1.07	1.1	1.17	1.41	1.38	1.14	1.46	1.12	0.89	0.72	0.73	1.18	1.16	0.63	0.54	0.54	0.76	0.86	1.09	1.01	1.04	0.9	0.68	0.93	1.07	0.69	0.9	1.11	0.82	1.07	0.89	0.75	1.01	1.49	0.97	0.78	0.74	0.94	0.92	0.67	0.64	0.72	0.9	1.14	0.56	1.0	0.95	1.11	1.45	0.87	0.87	0.9	0.66	0.92	1.33	1.36	1.0	1.03	0.81	0.76	0.68	0.93	0.81	0.75	0.41	0.7	1.16	1.41	1.19	1.32	1.99	0.86	1.12	0.82	1.2	1.17	0.98	1.15	0.9	0.95	0.63	1.07	0.45	0.57	0.53	0.8	0.81	0.71	0.85	0.95	1.0	0.43	0.71	0.72	0.97	0.89	0.83	1.16	1.42	0.9	1.03	1.04	0.97	0.94	0.81	1.01	1.01	0.92	1.12	0.78	0.76	1.1	1.18	0.83	1.2	1.12	1.38	0.65	0.93	0.89	1.11	1.27	1.2	0.94	0.7	1.0	1.1	1.42	1.22	1.01	0.59	1.49	1.51	1.12	0.92	0.82	1.45	1.37	1.19	1.11	0.92	1.02	0.79	1.09	0.89	1.38	1.52	1.7	1.29	1.12	1.07	1.1	1.17	1.41	1.38	1.14	1.46	1.12	0.89	0.72	0.73	1.18	1.16	0.63	0.54	0.54	0.76	0.86	1.09	1.01	1.04	0.9	0.68	0.93	1.07	0.69	0.9	1.11	0.82	1.07	0.89	0.75	1.01	1.49	0.97	0.78	0.74	0.94	0.92	0.67	0.64	0.72	0.9	1.14	0.56	1.0	0.95	1.11	1.45	0.87	0.87	0.9	0.66	0.92	1.33	1.36	1.0	1.03	0.81	0.76	0.68	0.93	0.81	0.75	0.41	0.7	1.16	1.41	1.19	1.32	1.99	0.86	1.12	0.82	1.2
1.0	2.0	3.0	4.0	5.0	6.0	7.0	8.0	9.0	10.0	11.0	12.0	13.0	14.0	15.0	16.0	17.0	18.0	19.0	20.0	21.0	22.0	23.0	24.0	25.0	26.0	27.0	28.0	29.0	30.0	31.0	32.0	33.0	34.0	35.0	36.0	37.0	38.0	39.0	40.0	41.0	42.0	43.0	44.0	45.0	46.0	47.0	48.0	49.0	50.0	51.0	52.0	53.0	54.0	55.0	56.0	57.0	58.0	59.0	60.0	61.0	62.0	63.0	64.0	65.0	66.0	67.0	68.0	69.0	70.0	71.0	72.0	73.0	74.0	75.0	76.0	77.0	78.0	79.0	80.0	81.0	82.0	83.0	84.0	85.0	86.0	87.0	88.0	89.0	90.0	91.0	92.0	93.0	94.0	95.0	96.0	97.0	98.0	99.0	100.0	101.0	102.0	103.0	104.0	105.0	106.0	107.0	108.0	109.0	110.0	111.0	112.0	113.0	114.0	115.0	116.0	117.0	118.0	119.0	120.0	121.0	122.0	123.0	124.0	125.0	126.0	127.0	128.0	129.0	130.0	131.0	132.0	133.0	134.0	135.0	136.0	137.0	138.0	139.0	140.0	141.0	142.0	143.0	144.0	145.0	146.0	147.0	148.0	149.0	149.0	150.0	151.0	152.0	153.0	154.0	155.0	156.0	157.0	158.0	159.0	160.0	161.0	162.0	163.0	164.0	165.0	166.0	167.0	168.0	169.0	170.0	171.0	172.0	173.0	174.0	175.0	176.0	177.0	178.0	179.0	180.0	181.0	182.0	183.0	184.0	185.0	186.0	187.0	188.0	189.0	190.0	191.0	192.0	193.0	194.0	195.0	196.0	197.0	198.0	199.0	200.0	201.0	202.0	203.0	204.0	205.0	206.0	207.0	208.0	209.0	210.0	211.0	212.0	213.0	214.0	215.0	216.0	217.0	218.0	219.0	220.0	221.0	222.0	223.0	224.0	225.0	226.0	227.0	228.0	229.0	230.0	231.0	232.0	233.0	234.0	235.0	236.0	237.0	238.0	239.0	240.0	241.0	242.0	243.0	244.0	245.0	246.0	247.0	248.0	249.0	250.0	251.0	252.0	253.0	254.0	255.0	256.0	257.0	258.0	259.0	260.0	261.0	262.0	263.0	264.0	265.0	266.0	267.0	268.0	269.0	270.0	271.0	272.0	273.0	274.0	275.0	276.0	277.0	278.0	279.0	280.0	281.0	282.0	283.0	284.0	285.0	286.0	287.0	288.0	289.0	290.0	291.0	292.0	293.0	294.0	295.0	296.0	297.0	298.0	298.0	299.0	300.0	301.0
2897.476591713662
