4668.473133127955	300.0	2000.0	127.63107394368554	0	0.0	4668.473133127955	1	0	1	-1.575663721778842
5713.636705711783	2000.0	1954.836427416171	0.0	0	0.0	4668.4731331279545	1	0	1	-0.8257371701143617
6721.3428659411	2000.0	1846.3596511639234	0.0	0	0.0	4567.7025171050245	1	0	2	0.7213583573250775
7506.186544078172	2000.0	1983.0316052131432	0.0	0	0.0	4489.218149291316	1	0	2	0.9718708060883668
8422.08395389804	3000.0	1975.5444544112884	0.0	0	0.0	4397.628408309329	1	0	2	1.0232677907980405
9526.259247814556	3000.0	1760.95163110312	0.0	0	0.0	4287.210878917676	1	0	2	1.4852078377958549
10304.829490385951	2000.0	1904.524364274585	0.0	0	0.0	4209.353854660537	1	0	2	0.7193240782826487
11013.949329355355	2000.0	2124.49254140824	0.0	0	0.0	4138.441870763595	1	0	2	1.1606834391818925
11815.060787053073	2000.0	2243.2699379407495	0.0	0	0.0	4058.3307249938225	1	0	2	1.1932884967057116
13390.83324889575	2000.0	1509.9202299138055	0.0	0	0.0	3900.7534788095527	1	0	2	1.2557981445411186
14513.253871726914	2000.0	1275.257544799525	0.0	0	0.0	3788.5114165264367	1	0	2	1.3022161568223654
15266.627346655881	2000.0	1446.5467223776607	0.0	0	0.0	3713.174069033539	1	0	2	1.3315514416362053
15805.309259487052	2000.0	1907.8648095464878	0.0	0	0.0	3713.174069033539	1	0	1	1.3381307786367846
16586.193709380404	2000.0	2048.8919146638045	0.0	0	0.0	3635.0856240442063	1	0	2	1.1574196718930965
17548.900567943572	3000.0	1989.9143702443175	0.0	0	0.0	3538.8149381878884	1	0	2	1.3854007917182196
18674.458607032877	3000.0	1751.8005272460798	0.0	0	0.0	3426.259134278953	1	0	2	1.821576741995354
19406.779476020907	3000.0	1946.2475713592448	0.0	0	0.0	3353.0270473801484	1	0	2	1.8432327838121756
19969.49038273059	3000.0	2327.2655739785964	0.0	0	0.0	3296.755956709181	1	0	2	1.8579797054623208
20824.643337831407	3000.0	2386.5973233676987	0.0	0	0.0	3211.2406611991028	1	0	2	1.8759686953192243
21639.178863650457	3000.0	2490.608244966741	0.0	0	0.0	3129.787108617191	1	0	2	1.8931832099936075
22205.191988809	3000.0	2867.9938072923446	0.0	0	0.0	3073.185796101341	1	0	2	1.9063427789347223
23432.7179810421	3000.0	2517.715215835936	0.0	0	0.0	2950.4331968780316	1	0	2	1.924964329513722
24988.659149091087	3000.0	1806.1799309820483	0.0	0	0.0	2794.8390800731286	1	0	2	1.9503690922578596
25691.29659254167	2000.0	2103.5424875314693	0.0	0	0.0	2794.8390800731286	1	0	1	1.1456574914458255
26278.99601779615	2000.0	2515.8430622769874	0.0	0	0.0	2794.8390800731286	1	0	1	1.7511225995539903
27200.0	2000.0	2594.8390800731345	0.0	0	285.66215900150564	2794.8390800731286	1	0	1	1.7511225995539903
28495.81397333533	2000.0	2299.0251067378035	0.0	0	0.0	2794.8390800731286	1	0	1	1.7511225995539903
29275.368660359476	2000.0	2441.514951011243	0.0	0	0.0	2716.883611370715	1	0	2	1.3595775910316392
30200.0	2000.0	2516.8836113707202	0.0	0	247.50055187254839	2716.883611370715	1	0	1	1.562390637387875
31702.143497093748	2000.0	2014.7401142769736	0.0	0	0.0	2716.883611370715	1	0	1	1.7623906373878753
32622.929903024098	2000.0	2093.953708346626	0.0	0	0.0	2716.883611370715	1	0	1	1.7623906373878753
33300.47095228	2000.0	2416.4126590907317	0.0	0	0.0	2716.8836113707184	1	0	1	1.7623906373878746
34200.0	2000.0	2516.8836113707293	0.0	0	342.99775447272987	2716.8836113707184	1	0	1	1.7623906373878744
35200.0	3000.0	2416.8836113707293	0.0	0	193.83512944069662	2616.8836113707184	1	0	2	1.3712789659070768
36216.51852964055	3000.0	2298.7132287661325	0.0	0	0.0	2515.2317584066695	1	0	2	1.9904615177727045
37200.0	3000.0	2216.88361137073	0.0	0	216.01139366265852	2416.8836113707075	1	0	2	2.000577119206169
38480.112791785956	3000.0	1808.7595404061763	0.0	0	0.0	2288.872332192106	1	0	2	2.013827811167717
39533.69646027884	2000.0	1755.175871913292	0.0	0	0.0	2288.872332192106	1	0	1	1.2060797524039812
40214.21435049703	2000.0	2074.6579816951	0.0	0	0.0	2288.8723321921134	1	0	1	1.8115448605121454
41200.0	2000.0	2088.8723321921316	0.0	0	51.07537515628792	2288.8723321921134	1	0	1	1.8115448605121454
42576.1441677424	2000.0	1712.7281644497261	0.0	0	0.0	2288.8723321921134	1	0	1	1.8115448605121454
43764.165761264114	2000.0	1524.7065709280052	0.0	0	0.0	2288.8723321921134	1	0	1	1.8115448605121454
44829.672035700154	2000.0	1459.2002964919616	0.0	0	0.0	2288.8723321921134	1	0	1	1.8115448605121454
45627.394542687216	2000.0	1661.4777895049017	0.0	0	0.0	2288.8723321921207	1	0	1	1.8115448605121445
46200.0	2000.0	2088.8723321921184	0.0	0	13.924882218219864	2288.8723321921207	1	0	1	1.8115448605121445
47200.0	3000.0	1988.8723321921275	0.0	0	259.2128312081186	2188.8723321921207	1	0	2	1.4173483421818314
48200.0	3000.0	1888.8723321921268	0.0	0	103.88478964712704	2088.8723321921134	1	0	2	2.031652225969277
49285.8092562721	3000.0	1694.482150292821	0.0	0	0.0	1980.2914065649093	1	0	2	2.0397831777428106
50551.438623572336	2000.0	1302.2898462625576	0.0	0	0.0	1853.7284698348813	1	0	2	1.2372770551173882
51484.95667111137	2000.0	1368.7717987235278	0.0	0	0.0	1853.7284698348813	1	0	1	1.6447031715281015
52358.16704870578	2000.0	1495.561421129124	0.0	0	0.0	1853.7284698348813	1	0	1	1.8447031715281017
53850.6172256451	2000.0	1003.1112441898025	0.0	0	0.0	1853.7284698348885	1	0	1	1.8447031715281015
54638.258765419014	1000.0	1215.4697044158897	0.0	0	0.0	1853.7284698348885	1	0	1	0.4584088104082111
55428.97202533181	2000.0	1424.7564445030935	0.0	0	0.0	1853.7284698348813	1	0	1	1.1515559909681565
56200.0	2000.0	1653.7284698348988	0.0	0	163.17971832014155	1853.728469834874	1	0	1	1.8447031715281024
57250.44984785783	2000.0	1603.2786219770612	0.0	0	0.0	1853.728469834874	1	0	1	1.8447031715281024
58200.0	2000.0	1653.728469834895	0.0	0	201.61785674974817	1853.728469834874	1	0	1	1.8447031715281024
59686.53396983113	2000.0	1167.1945000037583	0.0	0	0.0	1853.7284698348667	1	0	1	1.8447031715281028
60598.8708291596	1000.0	1254.8576406752873	0.0	0	0.0	1853.7284698348667	1	0	1	0.45840881040821246
61512.30026553853	2000.0	1341.4282042963603	0.0	0	0.0	1853.7284698348667	1	0	1	1.1515559909681576
62639.76189588822	2000.0	1213.9665739466657	0.0	0	0.0	1853.7284698348667	1	0	1	1.8447031715281028
63444.77733252835	2000.0	1408.9511373065354	0.0	0	0.0	1853.7284698348667	1	0	1	1.8447031715281028
64200.0	2000.0	1653.7284698348813	0.0	0	98.27336745360662	1853.7284698348667	1	0	1	1.8447031715281028
65200.0	2000.0	1653.7284698348744	0.0	0	301.0554420516346	1853.7284698348667	1	0	1	1.8447031715281028
66200.0	2000.0	1653.7284698348735	0.0	0	322.4919952694472	1853.7284698348667	1	0	1	1.8447031715281028
67200.0	2000.0	1653.7284698348712	0.0	0	195.2733912532276	1853.7284698348667	1	0	1	1.844703171528103
68307.79982775204	2000.0	1545.9286420828416	0.0	0	0.0	1853.7284698348667	1	0	1	1.8447031715281028
69738.11783646446	2000.0	1115.6106333704163	0.0	0	0.0	1853.7284698348521	1	0	1	1.8447031715281037
70555.37587674381	2000.0	1298.3525930910653	0.0	0	0.0	1853.7284698348376	1	0	1	1.8447031715281046
71568.34735577002	2000.0	1285.3811140648484	0.0	0	0.0	1853.728469834823	1	0	1	1.8447031715281055
72210.0184376395	2000.0	1643.7100321953699	0.0	0	0.0	1853.728469834823	1	0	1	1.8447031715281055
73200.0	2000.0	1653.7284698348844	0.0	0	187.24469056437374	1853.728469834823	1	0	1	1.8447031715281055
75000.90036688346	2000.0	852.828102951419	0.0	0	0.0	1853.728469834823	1	0	1	1.8447031715281055
75982.86138602725	1000.0	870.867083807633	0.0	0	0.0	1853.728469834823	1	0	1	0.4584088104082151
76500.05650326375	1000.0	1353.6719665711153	0.0	0	0.0	1853.728469834823	1	0	1	1.1515559909681603
77719.3080716468	2000.0	1134.4203981880685	0.0	0	0.0	1853.728469834823	1	0	1	1.15155599096816
78745.44767654347	2000.0	1108.2807932913852	0.0	0	0.0	1853.728469834823	1	0	1	1.8447031715281055
79486.14772243178	2000.0	1367.5807474030582	0.0	0	0.0	1853.728469834823	1	0	1	1.844703171528105
80206.08794039785	2000.0	1647.6405294369906	0.0	0	0.0	1853.728469834823	1	0	1	1.8447031715281055
81200.0	2000.0	1653.7284698348415	0.0	0	460.51600235480873	1853.728469834823	1	0	1	1.8447031715281055
82408.40802919175	2000.0	1445.3204406430843	0.0	0	0.0	1853.728469834823	1	0	1	1.8447031715281055
83352.38759813368	2000.0	1501.3408717011519	0.0	0	0.0	1853.728469834823	1	0	1	1.8447031715281055
84349.9705100195	2000.0	1503.7579598153318	0.0	0	0.0	1853.728469834823	1	0	1	1.8447031715281055
85219.30752637856	2000.0	1634.4209434562777	0.0	0	0.0	1853.728469834823	1	0	1	1.8447031715281055
86200.0	2000.0	1653.7284698348467	0.0	0	249.42181689136487	1853.728469834823	1	0	1	1.8447031715281055
87200.0	2000.0	1653.7284698348408	0.0	0	209.29305289317563	1853.728469834823	1	0	1	1.8447031715281055
88200.0	2000.0	1653.7284698348453	0.0	0	201.6303353420226	1853.7284698348085	1	0	1	1.8447031715281061
89430.97851030013	2000.0	1422.7499595347267	0.0	0	0.0	1853.7284698348085	1	0	1	1.8447031715281061
90988.46739927623	2000.0	865.2610705586471	0.0	0	0.0	1853.728469834823	1	0	1	1.8447031715281055
91668.94806018854	1000.0	1184.7804096463121	0.0	0	0.0	1853.728469834823	1	0	1	0.4584088104082151
93087.49182188787	2000.0	766.2366479469805	0.0	0	0.0	1853.728469834823	1	0	1	1.15155599096816
93722.84097984554	1000.0	1130.887489989314	0.0	0	0.0	1853.728469834823	1	0	1	0.4584088104082151
94542.37603114416	2000.0	1311.3524386906845	0.0	0	0.0	1853.728469834823	1	0	1	1.15155599096816
95580.64325362889	2000.0	1273.0852162059716	0.0	0	0.0	1853.728469834823	1	0	1	1.8447031715281055
96275.75132138874	2000.0	1577.9771484461096	0.0	0	0.0	1853.728469834823	1	0	1	1.8447031715281055
97200.0	2000.0	1653.7284698348394	0.0	0	279.2401786534465	1853.728469834823	1	0	1	1.8447031715281055
98200.0	2000.0	1653.728469834829	0.0	0	42.282059880453744	1853.728469834823	1	0	1	1.8447031715281055
100129.38555464034	2000.0	724.3429151944929	0.0	0	0.0	1853.7284698348376	1	0	1	1.8447031715281046
101262.31654736624	1000.0	591.411922468599	0.0	0	0.0	1853.7284698348376	1	0	1	0.45840881040821424
102126.23790779144	1000.0	727.4905620434048	0.0	0	0.0	1853.7284698348376	1	0	1	1.1515559909681594
102660.57673828931	1000.0	1193.1517315455358	0.0	0	0.0	1853.7284698348376	1	0	1	1.1515559909681594
103828.48807779045	2000.0	1025.2403920443812	0.0	0	0.0	1853.728469834823	1	0	1	1.15155599096816
104861.13586126493	2000.0	992.5926085698943	0.0	0	0.0	1853.728469834823	1	0	1	1.8447031715281055
105815.05966550608	2000.0	1038.6688043287395	0.0	0	0.0	1853.728469834823	1	0	1	1.8447031715281055
106583.88224482314	1000.0	1269.8462250116731	0.0	0	0.0	1853.728469834823	1	0	1	0.4584088104082151
107777.3308875365	2000.0	1076.3975822983068	0.0	0	0.0	1853.728469834823	1	0	1	1.15155599096816
108402.9387368408	1000.0	1450.7897329939951	0.0	0	0.0	1853.728469834823	1	0	1	0.4584088104082151
109637.20619047881	2000.0	1216.5222793560035	0.0	0	0.0	1853.728469834823	1	0	1	1.15155599096816
110453.95588642333	1000.0	1399.7725834114847	0.0	0	0.0	1853.728469834823	1	0	1	0.4584088104082151
111996.04133882042	2000.0	857.6871310143856	0.0	0	0.0	1853.728469834823	1	0	1	1.15155599096816
112575.85019044916	1000.0	1277.8782793856496	0.0	0	0.0	1853.728469834823	1	0	1	0.4584088104082151
114238.72834457995	2000.0	615.0001252548471	0.0	0	0.0	1853.728469834823	1	0	1	1.15155599096816
114800.19399132206	1000.0	1053.5344785127463	0.0	0	0.0	1853.728469834823	1	0	1	0.4584088104082151
115476.98013733166	2000.0	1376.7483325031321	0.0	0	0.0	1853.728469834823	1	0	1	1.15155599096816
116434.06538608961	2000.0	1419.6630837451764	0.0	0	0.0	1853.728469834823	1	0	1	1.8447031715281055
117200.0	2000.0	1653.728469834787	0.0	0	103.25707208395761	1853.728469834823	1	0	1	1.8447031715281055
118200.0	2000.0	1653.7284698347817	0.0	0	458.8658197775221	1853.7284698348085	1	0	1	1.8447031715281061
119200.0	3000.0	1653.728469834792	0.0	0	134.53605477184465	1853.7284698348085	1	0	1	1.8447031715281064
120314.71936834532	2000.0	1539.0091014894813	0.0	0	0.0	1853.7284698348085	1	0	1	1.4392380634199415
121763.89963600575	2000.0	1089.8288338290422	0.0	0	0.0	1853.728469834794	1	0	1	1.8447031715281073
122472.5350655683	1000.0	1381.1934042665046	0.0	0	0.0	1853.728469834794	1	0	1	0.4584088104082169
123200.0	1000.0	1653.728469834798	0.0	0	175.1605103619222	1853.728469834794	1	0	1	1.151555990968162
124331.86811940219	2000.0	1521.8603504325963	0.0	0	0.0	1853.728469834794	1	0	1	1.151555990968162
126004.71003061309	2000.0	849.0184392216934	0.0	0	0.0	1853.7284698348085	1	0	1	1.8447031715281061
127038.94871519567	1000.0	814.7797546391074	0.0	0	0.0	1853.7284698348085	1	0	1	0.4584088104082159
128028.52930649192	1000.0	825.1991633428534	0.0	0	0.0	1853.7284698348085	1	0	1	1.151555990968161
128629.92437017192	1000.0	1223.8040996628624	0.0	0	0.0	1853.7284698348085	1	0	1	1.151555990968161
129200.0	1000.0	1653.7284698347833	0.0	0	20.613532021729043	1853.728469834823	1	0	1	1.1515559909681603
130318.27074277	2000.0	1535.4577270647926	0.0	0	0.0	1853.728469834823	1	0	1	1.15155599096816
131200.0	2000.0	1653.728469834799	0.0	0	236.54031627232325	1853.728469834823	1	0	1	1.8447031715281055
132200.0	2000.0	1653.7284698348242	0.0	0	135.98820504825562	1853.7284698348376	1	0	1	1.8447031715281057
133218.61746894903	2000.0	1635.1110008857897	0.0	0	0.0	1853.7284698348085	1	0	1	1.844703171528106
134233.03500417047	2000.0	1620.693465664346	0.0	0	0.0	1853.7284698348085	1	0	1	1.8447031715281061
135200.0	2000.0	1653.728469834817	0.0	0	156.3362415205338	1853.7284698348376	1	0	1	1.8447031715281046
136200.0	2000.0	1653.7284698348253	0.0	0	262.96759663685225	1853.7284698348085	1	0	1	1.8447031715281061
137371.8607339419	2000.0	1481.8677358929012	0.0	0	0.0	1853.7284698347794	1	0	1	1.8447031715281081
138785.23895767247	2000.0	1068.4895121623103	0.0	0	0.0	1853.7284698347794	1	0	1	1.8447031715281081
140313.61223012663	2000.0	540.1162397081492	0.0	0	0.0	1853.7284698347794	1	0	1	1.8447031715281081
140993.06690560293	1000.0	860.6615642318628	0.0	0	0.0	1853.7284698347794	1	0	1	0.45840881040821774
142384.84349174635	1000.0	468.8849780884698	0.0	0	0.0	1853.7284698347794	1	0	1	1.151555990968163
143090.0709820314	500.0	763.6574878033607	0.0	0	0.0	1853.7284698347503	1	0	1	-0.234738370151726
144299.92078699108	1000.0	553.8076828436905	0.0	0	0.0	1853.7284698347503	1	0	1	0.4584088104082193
144695.52815575805	500.0	1158.2003140767033	0.0	0	0.0	1853.7284698347503	1	0	1	-0.234738370151726
145433.67990134787	1000.0	1420.048568486891	0.0	0	0.0	1853.7284698347794	1	0	1	0.4584088104082175
146669.0343869448	2000.0	1184.6940828899499	0.0	0	0.0	1853.7284698347794	1	0	1	1.151555990968163
147847.18189477586	2000.0	1006.5465750588824	0.0	0	0.0	1853.7284698347794	1	0	1	1.8447031715281081
148394.690242662	1000.0	1459.038227172714	0.0	0	0.0	1853.7284698347794	1	0	1	0.45840881040821774
149561.3147839547	2000.0	1292.4136858800164	0.0	0	0.0	1853.7284698347794	1	0	1	1.151555990968163
150974.46657334315	2000.0	879.2618964915986	0.0	0	0.0	1853.7284698347794	1	0	1	1.8447031715281081
151675.52991313604	1000.0	1178.1985566986916	0.0	0	0.0	1853.7284698347794	1	0	1	0.45840881040821774
152200.0	1000.0	1653.728469834724	0.0	0	20.0508955923724	1853.7284698347794	1	0	1	1.151555990968163
153286.1810246277	2000.0	1567.5474452070157	0.0	0	0.0	1853.7284698347794	1	0	1	1.151555990968163
154247.92968139847	2000.0	1605.798788436246	0.0	0	0.0	1853.7284698347794	1	0	1	1.8447031715281081
155200.0	2000.0	1653.7284698347116	0.0	0	194.82538066222332	1853.7284698347794	1	0	1	1.8447031715281081
156200.0	2000.0	1653.7284698347182	0.0	0	400.0409857892955	1853.7284698347794	1	0	1	1.8447031715281081
157200.0	2000.0	1653.7284698347282	0.0	0	329.1190074921178	1853.7284698347794	1	0	1	1.8447031715281081
158200.0	2000.0	1653.7284698347391	0.0	0	318.4355239678116	1853.7284698347794	1	0	1	1.8447031715281081
159339.449479976	2000.0	1514.27898985875	0.0	0	0.0	1853.7284698347794	1	0	1	1.8447031715281081
160200.0	2000.0	1653.7284698347592	0.0	0	167.6903968079132	1853.7284698348085	1	0	1	1.8447031715281061
161866.66159072125	2000.0	987.0668791135139	0.0	0	0.0	1853.7284698348085	1	0	1	1.8447031715281061
162472.62378924293	1000.0	1381.1046805918475	0.0	0	0.0	1853.7284698348085	1	0	1	0.4584088104082159
163601.1997037658	2000.0	1252.5287660690117	0.0	0	0.0	1853.7284698348085	1	0	1	1.151555990968161
164417.19612328283	2000.0	1436.5323465519803	0.0	0	0.0	1853.7284698347503	1	0	1	1.8447031715281086
165200.0	2000.0	1653.728469834823	0.0	0	85.57933193340432	1853.7284698347503	1	0	1	1.84470317152811
166200.0	2000.0	1653.7284698348221	0.0	0	353.9164677809167	1853.7284698347794	1	0	1	1.8447031715281081
167200.0	2000.0	1653.7284698348396	0.0	0	415.78185592466616	1853.7284698347794	1	0	1	1.8447031715281081
168200.0	2000.0	1653.7284698348308	0.0	0	565.5102036370081	1853.7284698347503	1	0	1	1.84470317152811
169200.0	3000.0	1553.728469834813	0.0	0	214.9068638230965	1753.728469834692	1	0	2	1.4486304442049676
170854.03173656334	6000.0	899.6967332714701	0.0	0	0.0	1753.7284698347212	1	0	1	2.056013908853592
171249.53445717963	2000.0	1504.194012655193	0.0	0	0.0	1753.7284698347212	1	0	1	0.751936512077318
172200.0	2000.0	1553.7284698348049	0.0	0	126.03581563339685	1753.7284698347212	1	0	1	1.8505488007454276
173268.17568036585	2000.0	1485.5527894689506	0.0	0	0.0	1753.7284698347212	1	0	1	1.8505488007454276
174200.0	2000.0	1553.728469834845	0.0	0	10.774556370888604	1753.7284698347503	1	0	1	1.850548800745426
175200.0	2000.0	1553.7284698348342	0.0	0	277.99057148600696	1753.7284698347503	1	0	1	1.850548800745426
176200.0	2000.0	1553.7284698348376	0.0	0	259.7056506489462	1753.7284698347794	1	0	1	1.8505488007454243
177242.8563830077	2000.0	1510.8720868271434	0.0	0	0.0	1753.7284698347794	1	0	1	1.8505488007454243
178402.35760769804	2000.0	1351.370862136796	0.0	0	0.0	1753.7284698348376	1	0	1	1.8505488007454223
179287.8334809832	2000.0	1465.8949888516674	0.0	0	0.0	1753.7284698348376	1	0	1	1.8505488007454214
180666.23657659657	2000.0	1087.4918932382711	0.0	0	0.0	1753.7284698348085	1	0	1	1.8505488007454227
181717.93747854643	2000.0	1035.7909912883783	0.0	0	0.0	1753.7284698347794	1	0	1	1.8505488007454238
182472.04199122562	2000.0	1281.6864786092322	0.0	0	0.0	1753.7284698348085	1	0	1	1.8505488007454227
183200.0	2000.0	1553.7284698348512	0.0	0	11.538908675662242	1753.7284698347794	1	0	1	1.8505488007454243
184200.0	2000.0	1553.7284698348683	0.0	0	395.4517141172837	1753.7284698347794	1	0	1	1.8505488007454243
185200.0	2000.0	1553.7284698348549	0.0	0	297.1714857320476	1753.7284698347794	1	0	1	1.8505488007454243
186200.0	2000.0	1553.728469834858	0.0	0	357.43234535245574	1753.7284698347503	1	0	1	1.850548800745426
187200.0	2000.0	1553.7284698348647	0.0	0	20.406280719966162	1753.7284698347794	1	0	1	1.8505488007454243
188200.0	2000.0	1553.7284698348228	0.0	0	195.7832470261783	1753.7284698347794	1	0	1	1.8505488007454243
189222.7258394896	2000.0	1531.002630345195	0.0	0	0.0	1753.7284698348085	1	0	1	1.8505488007454227
190200.0	2000.0	1553.7284698347898	0.0	0	52.480092318117386	1753.7284698347794	1	0	1	1.8505488007454243
191655.18486481608	2000.0	1098.543605018685	0.0	0	0.0	1753.7284698348085	1	0	1	1.8505488007454227
192946.85651946015	2000.0	806.8719503745956	0.0	0	0.0	1753.7284698348085	1	0	1	1.8505488007454227
193949.7065179141	2000.0	804.0219519206512	0.0	0	0.0	1753.7284698348085	1	0	1	1.8505488007454227
194650.72994301602	2000.0	1102.9985268187138	0.0	0	0.0	1753.7284698348085	1	0	1	1.8505488007454227
195200.0	2000.0	1553.7284698347457	0.0	0	16.556554139446234	1753.7284698348085	1	0	1	1.8505488007454227
196200.0	2000.0	1553.728469834775	0.0	0	314.1144054536999	1753.7284698348085	1	0	1	1.8505488007454227
197200.0	2000.0	1553.7284698347814	0.0	0	531.6236991238256	1753.7284698348085	1	0	1	1.8505488007454227
198200.0	2000.0	1553.7284698347942	0.0	0	144.7566295604629	1753.7284698348085	1	0	1	1.8505488007454227
199566.06919039556	2000.0	1187.6592794392257	0.0	0	0.0	1753.7284698348376	1	0	1	1.8505488007454214
200520.78920410248	2000.0	1232.9392657322883	0.0	0	0.0	1753.7284698348376	1	0	1	1.8505488007454214
201581.59339037965	2000.0	1172.1350794551074	0.0	0	0.0	1753.7284698348085	1	0	1	1.8505488007454227
202762.0515436496	2000.0	991.6769261851426	0.0	0	0.0	1753.7284698348085	1	0	1	1.8505488007454227
203378.69207804475	1000.0	1375.0363917900063	0.0	0	0.0	1753.7284698348085	1	0	1	0.4642544396255325
204228.71240372586	2000.0	1525.0160661089153	0.0	0	0.0	1753.7284698348376	1	0	1	1.157401620185476
205200.0	2000.0	1553.7284698347687	0.0	0	11.32162083228468	1753.7284698348085	1	0	1	1.8505488007454227
206200.0	2000.0	1553.7284698347921	0.0	0	209.7956413187494	1753.7284698348376	1	0	1	1.8505488007454214
207200.0	2000.0	1553.728469834781	0.0	0	161.59046332185972	1753.7284698348376	1	0	1	1.8505488007454214
208619.4250272711	2000.0	1134.3034425637243	0.0	0	0.0	1753.7284698348667	1	0	1	1.8505488007454205
209762.00836951533	1000.0	991.7201003194996	0.0	0	0.0	1753.7284698348667	1	0	1	0.4642544396255292
210442.1684745831	1000.0	1311.559995251695	0.0	0	0.0	1753.7284698348667	1	0	1	1.1574016201854744
211583.44198598844	2000.0	1170.286483846351	0.0	0	0.0	1753.7284698348376	1	0	1	1.157401620185476
212226.71259779367	2000.0	1527.0158720411296	0.0	0	0.0	1753.7284698348667	1	0	1	1.8505488007454196
213200.0	2000.0	1553.7284698347826	0.0	0	145.3369682089542	1753.7284698348376	1	0	1	1.8505488007454214
214200.0	2000.0	1553.7284698348287	0.0	0	449.5809754176589	1753.7284698348376	1	0	1	1.8505488007454214
215200.0	2000.0	1553.7284698348099	0.0	0	102.8136153317464	1753.7284698348085	1	0	1	1.8505488007454227
216200.0	2000.0	1553.7284698347846	0.0	0	180.40069221242447	1753.7284698348085	1	0	1	1.8505488007454227
217345.97878072056	2000.0	1407.7496891142305	0.0	0	0.0	1753.7284698348085	1	0	1	1.8505488007454227
218589.83072066266	2000.0	1163.8977491720902	0.0	0	0.0	1753.7284698347794	1	0	1	1.8505488007454243
219301.97469113942	2000.0	1451.7537786953412	0.0	0	0.0	1753.7284698348085	1	0	1	1.8505488007454227
220357.1116629818	2000.0	1396.6168068529655	0.0	0	0.0	1753.7284698348085	1	0	1	1.8505488007454227
221200.0	2000.0	1553.7284698347626	0.0	0	138.78334599675145	1753.7284698348085	1	0	1	1.8505488007454227
222251.2759085983	2000.0	1502.4525612364828	0.0	0	0.0	1753.7284698348085	1	0	1	1.8505488007454227
223948.40542822814	2000.0	805.3230416066416	0.0	0	0.0	1753.7284698347794	1	0	1	1.8505488007454243
224565.99419981748	1000.0	1187.7342700172726	0.0	0	0.0	1753.7284698347794	1	0	1	0.46425443962553437
225200.0	1000.0	1553.728469834751	0.0	0	52.33466061577201	1753.7284698347794	1	0	1	1.157401620185479
226412.40043831308	2000.0	1341.3280315216657	0.0	0	0.0	1753.7284698347503	1	0	1	1.1574016201854809
227519.7697644513	2000.0	1233.9587053834325	0.0	0	0.0	1753.7284698347503	1	0	1	1.850548800745426
228266.2782317675	2000.0	1487.450238067258	0.0	0	0.0	1753.7284698347503	1	0	1	1.850548800745426
229233.8730248171	2000.0	1519.85544501767	0.0	0	0.0	1753.7284698347503	1	0	1	1.850548800745426
230200.0	2000.0	1553.728469834774	0.0	0	431.6457970866468	1753.7284698347212	1	0	1	1.8505488007454276
231200.0	2000.0	1553.72846983476	0.0	0	102.25670090594213	1753.7284698347212	1	0	1	1.8505488007454276
232200.0	2000.0	1553.7284698347405	0.0	0	165.84899344292353	1753.728469834692	1	0	1	1.8505488007454294
233200.0	2000.0	1553.7284698347519	0.0	0	62.3364798630937	1753.728469834692	1	0	1	1.8505488007454294
234200.0	2000.0	1553.728469834722	0.0	0	276.9975406259182	1753.728469834663	1	0	1	1.850548800745431
235200.0	2000.0	1553.7284698347187	0.0	0	259.1426295994024	1753.7284698346339	1	0	1	1.8505488007454325
236200.0	2000.0	1553.7284698347046	0.0	0	438.4628607079503	1753.7284698346339	1	0	1	1.8505488007454325
237200.0	2000.0	1553.728469834708	0.0	0	222.5614849170961	1753.7284698346339	1	0	1	1.8505488007454325
238264.36664773032	2000.0	1489.3618221043848	0.0	0	0.0	1753.7284698346339	1	0	1	1.8505488007454325
240061.5428114624	2000.0	692.1856583723331	0.0	0	0.0	1753.728469834663	1	0	1	1.850548800745431
240730.06528514728	1000.0	1023.6631846874238	0.0	0	0.0	1753.728469834663	1	0	1	0.4642544396255406
241921.68040357	2000.0	832.0480662646924	0.0	0	0.0	1753.728469834663	1	0	1	1.1574016201854858
242627.07536608775	1000.0	1126.6531037469088	0.0	0	0.0	1753.728469834663	1	0	1	0.4642544396255406
243633.72135853663	2000.0	1120.0071112980452	0.0	0	0.0	1753.7284698347212	1	0	1	1.157401620185483
244564.1245588079	2000.0	1189.603911026748	0.0	0	0.0	1753.728469834692	1	0	1	1.8505488007454287
245552.52845098104	2000.0	1201.200018853598	0.0	0	0.0	1753.728469834692	1	0	1	1.8505488007454294
246350.9688447583	2000.0	1402.7596250763431	0.0	0	0.0	1753.728469834692	1	0	1	1.8505488007454294
248030.98770384246	2000.0	722.7407659921324	0.0	0	0.0	1753.728469834663	1	0	1	1.850548800745431
249052.75876280456	1000.0	700.9697070300289	0.0	0	0.0	1753.728469834692	1	0	1	0.4642544396255389
249798.99725808817	1000.0	954.7312117464127	0.0	0	0.0	1753.728469834692	1	0	1	1.157401620185484
250548.61455270875	1000.0	1205.1139171258537	0.0	0	0.0	1753.728469834692	1	0	1	1.157401620185484
251396.71260039392	1000.0	1357.0158694406998	0.0	0	0.0	1753.728469834692	1	0	1	1.157401620185484
252233.61187768003	2000.0	1520.1165921546024	0.0	0	0.0	1753.728469834692	1	0	1	1.1574016201854842
253200.0	2000.0	1553.7284698346223	0.0	0	231.2605626596196	1753.728469834692	1	0	1	1.8505488007454294
254588.2761633308	2000.0	1165.452306503811	0.0	0	0.0	1753.728469834663	1	0	1	1.850548800745431
255200.0	1000.0	1553.7284698346316	0.0	0	24.614573504251894	1753.728469834692	1	0	1	0.4642544396255389
256861.83581153417	2000.0	891.8926583004707	0.0	0	0.0	1753.728469834663	1	0	1	1.157401620185485
257605.36696062586	1000.0	1148.3615092087873	0.0	0	0.0	1753.728469834663	1	0	1	0.4642544396255406
258578.69758318237	2000.0	1175.0308866522862	0.0	0	0.0	1753.728469834663	1	0	1	1.1574016201854858
259285.928935421	1000.0	1467.7995344136332	0.0	0	0.0	1753.728469834663	1	0	1	0.4642544396255406
260789.5226171197	2000.0	964.205852714898	0.0	0	0.0	1753.7284698346339	1	0	1	1.157401620185487
261632.49946416184	1000.0	1121.2290056727388	0.0	0	0.0	1753.7284698346339	1	0	1	0.4642544396255422
262465.59328046476	1000.0	1288.135189369779	0.0	0	0.0	1753.7284698346048	1	0	1	1.1574016201854882
263200.0	1000.0	1553.7284698345984	0.0	0	29.539787292073015	1753.728469834663	1	0	1	1.1574016201854858
264410.43143726245	2000.0	1343.2970325721546	0.0	0	0.0	1753.7284698347212	1	0	1	1.1574016201854829
265200.0	2000.0	1553.728469834582	0.0	0	172.2156211763504	1753.7284698347212	1	0	1	1.8505488007454276
266200.0	2000.0	1553.7284698345575	0.0	0	239.2085082422127	1753.7284698347212	1	0	1	1.8505488007454276
267200.0	2000.0	1553.728469834623	0.0	0	441.0404597194283	1753.7284698347794	1	0	1	1.8505488007454243
268333.84454204445	3000.0	1419.883927790157	0.0	0	0.0	1753.7284698348376	1	0	1	1.8505488007454212
270036.03493813006	2000.0	717.6935317045284	0.0	0	0.0	1753.7284698348376	1	0	1	1.4450836926372568
271004.59632486914	1000.0	749.1321449654295	0.0	0	0.0	1753.7284698348376	1	0	1	0.4642544396255308
272000.2567596375	1000.0	753.4717101970723	0.0	0	0.0	1753.7284698348376	1	0	1	1.157401620185476
272671.904089724	1000.0	1081.8243801105245	0.0	0	0.0	1753.7284698348958	1	0	1	1.1574016201854729
274203.4782588298	2000.0	550.2502110046402	0.0	0	0.0	1753.7284698348376	1	0	1	1.157401620185476
275143.1647046994	1000.0	610.5637651349989	0.0	0	0.0	1753.7284698348376	1	0	1	0.4642544396255308
276122.8762064645	1000.0	630.852263369885	0.0	0	0.0	1753.7284698347794	1	0	1	1.157401620185479
277227.92188177275	1000.0	525.8065880616039	0.0	0	0.0	1753.7284698347794	1	0	1	1.157401620185479
277831.26374863327	1000.0	922.4647212011124	0.0	0	0.0	1753.7284698347794	1	0	1	1.157401620185479
278416.4969649852	1000.0	1337.2315048491287	0.0	0	0.0	1753.7284698347794	1	0	1	1.157401620185479
279249.8173054512	2000.0	1503.9111643831607	0.0	0	0.0	1753.7284698347794	1	0	1	1.157401620185479
280208.4083769353	2000.0	1545.3200928990004	0.0	0	0.0	1753.7284698347794	1	0	1	1.8505488007454243
281353.23032105254	2000.0	1400.4981487816983	0.0	0	0.0	1753.7284698347794	1	0	1	1.8505488007454243
282600.0438062416	2000.0	1153.684663592644	0.0	0	0.0	1753.7284698347212	1	0	1	1.8505488007454256
283481.60243059514	2000.0	1272.1260392391098	0.0	0	0.0	1753.7284698347212	1	0	1	1.8505488007454276
284456.40679269755	2000.0	1297.3216771366906	0.0	0	0.0	1753.7284698347212	1	0	1	1.8505488007454276
285635.8156978465	2000.0	1117.9127719877176	0.0	0	0.0	1753.7284698347212	1	0	1	1.8505488007454276
287166.8330626208	2000.0	586.8954072134537	0.0	0	0.0	1753.728469834663	1	0	1	1.8505488007454303
287776.83191805374	1000.0	976.8965517804977	0.0	0	0.0	1753.728469834663	1	0	1	0.4642544396255406
289302.28973092296	2000.0	451.4387389113091	0.0	0	0.0	1753.728469834663	1	0	1	1.1574016201854858
290323.73065512243	1000.0	472.7505124894887	42.752697777669766	0	0.0	1796.4811676123645	1	0	1	0.20530833064026988
291953.6879820902	1000.0	204.33955690739208	361.54637138570956	0	0.0	2158.0275389979943	1	0	1	-1.038499052492242
292594.8326803777	500.0	679.4655845637793	116.27072594387144	0	0.0	2274.298264941899	1	0	1	-0.9641723033778269
293682.1839563256	1000.0	592.1143086159319	0.0	0	0.0	2274.2982649419573	1	0	1	0.4265992328453419
294370.926832852	1000.0	903.3714320895047	0.0	0	0.0	2274.2982649419573	1	0	1	1.1197464134052872
295027.9512671196	1000.0	1246.3469978218923	0.0	0	0.0	2274.2982649419573	1	0	1	1.1197464134052872
296215.61589198513	2000.0	1058.6823729563162	0.0	0	0.0	2274.2982649419573	1	0	1	1.1197464134052872
297842.95000537386	2000.0	431.34825956765445	0.0	0	0.0	2274.2982649419573	1	0	1	1.8128935939652324
298557.1973209543	1000.0	717.1009439871958	0.0	0	0.0	2274.2982649419573	1	0	1	0.42659923284534
299195.21357710846	1000.0	1079.0846878330806	0.0	0	0.0	2274.2982649420155	1	0	1	1.1197464134052821
300551.2635693084	2000.0	723.0346956331315	0.0	0	0.0	2274.2982649419573	1	0	1	1.1197464134052841
301391.0902953047	1000.0	883.2079696368029	0.0	0	0.0	2274.2982649419573	1	0	1	0.4265992328453421
2.61	2.46	2.95	3.32	2.75	2.31	2.72	1.4	1.61	2.15	2.81	3.37	3.5	3.43	4.0	4.4	4.91	4.61	2.51	2.1	2.34	2.88	2.86	1.83	2.41	2.65	1.65	2.1	2.76	3.32	3.31	3.34	3.13	2.54	2.31	2.37	2.22	1.85	1.87	2.34	2.85	3.45	3.98	4.15	2.77	1.66	1.95	2.07	1.7	1.27	1.99	2.53	2.46	2.51	0.88	1.01	1.63	2.15	2.91	3.46	3.45	2.37	2.56	1.96	1.51	2.22	2.28	2.46	2.02	1.0	1.07	1.49	1.84	2.28	2.26	2.64	3.39	2.1	2.0	2.62	3.21	3.53	3.53	2.53	1.6	1.33	1.01	2.18	1.55	1.96	1.96	2.28	2.59	1.63	1.41	1.04	1.12	1.58	2.09	2.42	1.95	1.34	1.49	1.66	1.95	1.66	1.68	1.36	1.58	1.64	2.13	2.7	3.42	4.03	2.9	1.41	1.22	1.25	1.39	1.77	1.41	1.05	0.93	1.27	1.76	2.37	2.86	2.32	1.7	1.67	2.13	2.43	1.98	1.6	1.83	1.77	1.07	0.75	0.87	0.95	1.39	2.06	2.27	1.63	1.33	1.84	1.46	1.62	1.63	2.35	2.61	2.46	2.95	3.32	2.75	2.31	2.72	1.4	1.61	2.15	2.81	3.37	3.5	3.43	4.0	4.4	4.91	4.61	2.51	2.1	2.34	2.88	2.86	1.83	2.41	2.65	1.65	2.1	2.76	3.32	3.31	3.34	3.13	2.54	2.31	2.37	2.22	1.85	1.87	2.34	2.85	3.45	3.98	4.15	2.77	1.66	1.95	2.07	1.7	1.27	1.99	2.53	2.46	2.51	0.88	1.01	1.63	2.15	2.91	3.46	3.45	2.37	2.56	1.96	1.51	2.22	2.28	2.46	2.02	1.0	1.07	1.49	1.84	2.28	2.26	2.64	3.39	2.1	2.0	2.62	3.21	3.53	3.53	2.53	1.6	1.33	1.01	2.18	1.55	1.96	1.96	2.28	2.59	1.63	1.41	1.04	1.12	1.58	2.09	2.42	1.95	1.34	1.49	1.66	1.95	1.66	1.68	1.36	1.58	1.64	2.13	2.7	3.42	4.03	2.9	1.41	1.22	1.25	1.39	1.77	1.41	1.05	0.93	1.27	1.76	2.37	2.86	2.32	1.7	1.67	2.13	2.43	1.98	1.6	1.83	1.77	1.07	0.75	0.87	0.95	1.39	2.06	2.27	1.63	1.33	1.84	1.46	1.62	1.63	2.35
1.0	2.0	3.0	4.0	5.0	6.0	7.0	8.0	9.0	10.0	11.0	12.0	13.0	14.0	15.0	16.0	17.0	18.0	19.0	20.0	21.0	22.0	23.0	24.0	25.0	26.0	27.0	28.0	29.0	30.0	31.0	32.0	33.0	34.0	35.0	36.0	37.0	38.0	39.0	40.0	41.0	42.0	43.0	44.0	45.0	46.0	47.0	48.0	49.0	50.0	51.0	52.0	53.0	54.0	55.0	56.0	57.0	58.0	59.0	60.0	61.0	62.0	63.0	64.0	65.0	66.0	67.0	68.0	69.0	70.0	71.0	72.0	73.0	74.0	75.0	76.0	77.0	78.0	79.0	80.0	81.0	82.0	83.0	84.0	85.0	86.0	87.0	88.0	89.0	90.0	91.0	92.0	93.0	94.0	95.0	96.0	97.0	98.0	99.0	100.0	101.0	102.0	103.0	104.0	105.0	106.0	107.0	108.0	109.0	110.0	111.0	112.0	113.0	114.0	115.0	116.0	117.0	118.0	119.0	120.0	121.0	122.0	123.0	124.0	125.0	126.0	127.0	128.0	129.0	130.0	131.0	132.0	133.0	134.0	135.0	136.0	137.0	138.0	139.0	140.0	141.0	142.0	143.0	144.0	145.0	146.0	147.0	148.0	149.0	149.0	150.0	151.0	152.0	153.0	154.0	155.0	156.0	157.0	158.0	159.0	160.0	161.0	162.0	163.0	164.0	165.0	166.0	167.0	168.0	169.0	170.0	171.0	172.0	173.0	174.0	175.0	176.0	177.0	178.0	179.0	180.0	181.0	182.0	183.0	184.0	185.0	186.0	187.0	188.0	189.0	190.0	191.0	192.0	193.0	194.0	195.0	196.0	197.0	198.0	199.0	200.0	201.0	202.0	203.0	204.0	205.0	206.0	207.0	208.0	209.0	210.0	211.0	212.0	213.0	214.0	215.0	216.0	217.0	218.0	219.0	220.0	221.0	222.0	223.0	224.0	225.0	226.0	227.0	228.0	229.0	230.0	231.0	232.0	233.0	234.0	235.0	236.0	237.0	238.0	239.0	240.0	241.0	242.0	243.0	244.0	245.0	246.0	247.0	248.0	249.0	250.0	251.0	252.0	253.0	254.0	255.0	256.0	257.0	258.0	259.0	260.0	261.0	262.0	263.0	264.0	265.0	266.0	267.0	268.0	269.0	270.0	271.0	272.0	273.0	274.0	275.0	276.0	277.0	278.0	279.0	280.0	281.0	282.0	283.0	284.0	285.0	286.0	287.0	288.0	289.0	290.0	291.0	292.0	293.0	294.0	295.0	296.0	297.0	298.0	298.0
4363.322379971042
