3292.2794285628934	300.0	2000.0	127.83583262701787	0	0.0	3292.2794285628934	1	0	1	-1.0017823678894868
4114.682871708392	2000.0	2177.5965568545007	0.0	0	0.0	3292.2794285628934	1	0	1	-0.2401867754685818
4675.206157088535	2000.0	2561.020942936343	0.0	0	0.0	3236.2271000248793	1	0	2	1.2666590545838274
6704.982148384777	3000.0	1328.267352510477	0.0	0	0.0	3033.249500895255	1	0	2	1.4979052166274913
7639.53177995789	1000.0	1393.7177209373642	0.0	0	0.0	3033.2495008952546	1	0	1	-0.2805521144476224
8415.526796946457	1000.0	1617.722703948797	0.0	0	0.0	3033.2495008952537	1	0	1	1.0180601742204876
9296.366483413232	2000.0	1736.88301748202	0.0	0	0.0	3033.249500895252	1	0	1	1.0180601742204878
10020.521920645686	2000.0	2012.7275802495697	0.0	0	0.0	3033.2495008952546	1	0	1	1.711207354780433
10628.06974525831	2000.0	2405.1797556369465	0.0	0	0.0	3033.2495008952556	1	0	1	1.7112073547804325
11681.161325449055	3000.0	2246.779017427125	0.0	0	0.0	2927.940342876176	1	0	2	1.324815472512105
13200.326471075354	3000.0	1575.6973572381962	0.0	0	0.0	2776.023828313546	1	0	2	1.950851698616922
15268.113086767675	2000.0	507.91074154587466	0.0	0	0.0	2776.023828313546	1	0	1	1.1484519312033536
16144.557920031888	1000.0	631.4659082816645	0.0	0	0.0	2776.023828313546	1	0	1	0.367622678191628
16917.323505273867	1000.0	858.7003230396871	0.0	0	0.0	2776.0238283135477	1	0	1	1.060769858751573
17383.155963975234	1000.0	1392.8678643383207	0.0	0	0.0	2776.0238283135477	1	0	1	1.060769858751573
18066.238882125555	2000.0	1709.7849461880005	0.0	0	0.0	2776.0238283135495	1	0	1	1.0607698587515726
18756.773809481754	2000.0	2019.2500188318056	0.0	0	0.0	2776.023828313557	1	0	1	1.753917039311517
19525.108910303345	2000.0	2250.9149180102163	0.0	0	0.0	2776.0238283135586	1	0	1	1.7539170393115167
20322.48802606091	2000.0	2373.7978906768963	0.0	0	0.0	2696.2859167378083	1	0	2	1.362589590937204
21200.0	3000.0	2408.534719343897	0.0	0	145.28419215968097	2608.5347193438975	1	0	2	1.5728694050055683
22200.0	3000.0	2308.534719343897	0.0	0	119.38479560501946	2508.534719343894	1	0	2	1.9904676003012232
23200.568419438772	3000.0	2207.909457961253	0.0	0	0.0	2408.4778774000188	1	0	2	2.0019596826386756
24373.975966348185	2000.0	2034.5019110518379	0.0	0	0.0	2408.4778774000224	1	0	1	1.1942759073683864
25736.978429681054	2000.0	1671.4994477189648	0.0	0	0.0	2408.4778774000224	1	0	1	1.7997410154765512
26908.212576639326	2000.0	1500.265300760696	0.0	0	0.0	2408.4778774000224	1	0	1	1.7997410154765512
27683.804859984688	2000.0	1724.6730174153315	0.0	0	0.0	2408.4778774000224	1	0	1	1.7997410154765512
28978.346320239976	2000.0	1430.131557160039	0.0	0	0.0	2408.4778774000224	1	0	1	1.7997410154765512
29559.745984898473	2000.0	1848.7318925015425	0.0	0	0.0	2408.4778774000224	1	0	1	1.7997410154765512
30416.334055564083	2000.0	1992.1438218359363	0.0	0	0.0	2408.477877400026	1	0	1	1.7997410154765507
31200.0	2000.0	2208.4778774000165	0.0	0	78.36826713086703	2408.477877400026	1	0	1	1.7997410154765507
32200.0	3000.0	2108.4778774000183	0.0	0	222.5863373142056	2308.4778774000297	1	0	2	1.406200127841139
33200.0	2000.0	2108.4778774000215	0.0	0	286.9766293326502	2308.4778774000333	1	0	1	1.204235610889765
34469.88025517279	2000.0	1838.597622227224	0.0	0	0.0	2308.477877400026	1	0	1	1.8097007189979297
35524.67507236471	2000.0	1783.8028050353073	0.0	0	0.0	2308.4778774000297	1	0	1	1.8097007189979297
36200.0	2000.0	2108.4778774000206	0.0	0	85.07070664205821	2308.4778774000224	1	0	1	1.8097007189979304
37200.0	2000.0	2108.4778774000233	0.0	0	267.0806656592831	2308.4778774000224	1	0	1	1.8097007189979304
38200.0	2000.0	2008.4778774000308	0.0	0	277.6167154921786	2208.4778774000224	1	0	2	1.415623191694572
39233.313579435744	3000.0	1871.8329400207047	0.0	0	0.0	2105.1465194564444	1	0	2	1.6247439353059836
40200.0	2000.0	1905.1465194564503	0.0	0	84.27928634014097	2105.1465194564444	1	0	1	1.2217828250067861
41296.64086265436	2000.0	1808.505656802084	0.0	0	0.0	2105.1465194564444	1	0	1	1.827247933114951
42200.0	2000.0	1905.1465194564425	0.0	0	182.27454750864854	2105.1465194564444	1	0	1	1.827247933114951
43200.0	2000.0	1905.146519456447	0.0	0	312.15510103786073	2105.1465194564444	1	0	1	1.827247933114951
44339.18923414308	2000.0	1765.9572853133661	0.0	0	0.0	2105.146519456437	1	0	1	1.8272479331149516
45247.56763324381	2000.0	1857.5788862126471	0.0	0	0.0	2105.1465194564444	1	0	1	1.827247933114951
46277.09770656049	2000.0	1828.048812895968	0.0	0	0.0	2105.1465194564444	1	0	1	1.827247933114951
47200.0	2000.0	1905.146519456459	0.0	0	155.31995810368971	2105.1465194564444	1	0	1	1.827247933114951
48200.0	2000.0	1905.14651945646	0.0	0	540.0109796590186	2105.1465194564444	1	0	1	1.827247933114951
49200.0	3000.0	1805.1465194564655	0.0	0	384.0465054073502	2005.146519456437	1	0	2	1.4319159550247982
50200.0	3000.0	1805.146519456465	0.0	0	5.695743832940934	2005.146519456437	1	0	1	2.040166236496315
51200.0	2000.0	1805.1465194564598	0.0	0	86.93317789295543	2005.1465194564298	1	0	1	1.4292360202799863
52200.0	2000.0	1805.1465194564603	0.0	0	43.401253579701006	2005.1465194564298	1	0	1	1.834701128388151
53253.34829515814	2000.0	1751.79822429832	0.0	0	0.0	2005.1465194564298	1	0	1	1.834701128388151
54200.0	2000.0	1805.1465194564612	0.0	0	71.0116434285228	2005.1465194564298	1	0	1	1.834701128388151
55200.0	2000.0	1805.1465194564655	0.0	0	301.17991271924257	2005.1465194564298	1	0	1	1.834701128388151
56200.0	2000.0	1805.146519456467	0.0	0	192.9820614551354	2005.1465194564298	1	0	1	1.834701128388151
57200.0	2000.0	1805.1465194564644	0.0	0	236.27008683467284	2005.1465194564298	1	0	1	1.834701128388151
58200.0	2000.0	1805.1465194564662	0.0	0	220.8610526852499	2005.1465194564298	1	0	1	1.834701128388151
59200.0	2000.0	1805.1465194564648	0.0	0	420.9924518395201	2005.1465194564225	1	0	1	1.8347011283881516
60200.0	2000.0	1805.1465194564637	0.0	0	356.8663422039681	2005.1465194564225	1	0	1	1.8347011283881516
61686.82213339504	3000.0	1169.6421727219135	0.0	0	0.0	1856.464306116919	1	0	2	1.4418060350102437
62619.790653780125	2000.0	1236.6736523368336	0.0	0	0.0	1856.4643061169263	1	0	1	1.2390700335121014
63688.20901953212	2000.0	1168.2552865848384	0.0	0	0.0	1856.4643061169263	1	0	1	1.8445351416202662
64541.496692141955	2000.0	1314.9676139750036	0.0	0	0.0	1856.4643061169263	1	0	1	1.8445351416202662
65283.029626113756	2000.0	1573.4346800031985	0.0	0	0.0	1856.4643061169263	1	0	1	1.8445351416202662
66260.10463188219	2000.0	1596.3596742347615	0.0	0	0.0	1856.4643061169336	1	0	1	1.844535141620266
67200.0	2000.0	1656.4643061169565	0.0	0	351.0359384401527	1856.4643061169336	1	0	1	1.8445351416202656
68200.0	2000.0	1656.4643061169725	0.0	0	445.98819218264543	1856.4643061169481	1	0	1	1.8445351416202656
70059.82069702179	2000.0	796.643609095193	0.0	0	0.0	1856.4643061169481	1	0	1	1.8445351416202649
70598.86059002859	1000.0	1257.6037160883754	0.0	0	0.0	1856.4643061169481	1	0	1	0.4582407805003746
71562.72556397786	2000.0	1293.7387421391024	0.0	0	0.0	1856.4643061169772	1	0	1	1.151387961060318
72230.99366255899	2000.0	1625.4706435579646	0.0	0	0.0	1856.4643061169772	1	0	1	1.8445351416202629
73200.0	2000.0	1656.4643061169552	0.0	0	291.73755209948285	1856.4643061169772	1	0	1	1.8445351416202629
74200.0	2000.0	1656.4643061169493	0.0	0	453.5229548447387	1856.4643061169627	1	0	1	1.8445351416202638
75200.0	2000.0	1656.464306116941	0.0	0	331.6858174418885	1856.4643061169627	1	0	1	1.8445351416202638
76200.0	2000.0	1656.464306116944	0.0	0	301.11736154979735	1856.4643061169772	1	0	1	1.8445351416202629
77200.0	2000.0	1656.4643061169513	0.0	0	6.3556435995560605	1856.4643061169918	1	0	1	1.8445351416202622
78200.0	2000.0	1656.4643061169363	0.0	0	59.40887589394697	1856.4643061169772	1	0	1	1.8445351416202629
79200.0	2000.0	1656.4643061169477	0.0	0	44.400588712480385	1856.4643061169918	1	0	1	1.8445351416202622
80200.0	2000.0	1656.4643061169402	0.0	0	190.81584675132763	1856.4643061169772	1	0	1	1.8445351416202629
81568.42550631604	2000.0	1288.0387998009028	0.0	0	0.0	1856.4643061169772	1	0	1	1.8445351416202629
82662.29161112188	2000.0	1194.1726949950603	0.0	0	0.0	1856.4643061169772	1	0	1	1.8445351416202629
83876.02353564094	2000.0	980.4407704760038	0.0	0	0.0	1856.4643061169918	1	0	1	1.8445351416202622
85170.07498479474	2000.0	686.3893213221945	0.0	0	0.0	1856.4643061169918	1	0	1	1.8445351416202622
85990.8934184308	2000.0	865.570887686146	0.0	0	0.0	1856.4643061170063	1	0	1	1.8445351416202613
86742.76286705317	2000.0	1113.7014390637885	0.0	0	0.0	1856.4643061170063	1	0	1	1.8445351416202613
87517.48938612256	2000.0	1338.9749199944106	0.0	0	0.0	1856.464306117021	1	0	1	1.8445351416202604
88279.58743900743	2000.0	1576.876867109547	0.0	0	0.0	1856.464306117021	1	0	1	1.8445351416202604
89200.0	2000.0	1656.4643061169784	0.0	0	332.8419720048696	1856.464306117021	1	0	1	1.8445351416202604
90200.0	2000.0	1656.4643061169816	0.0	0	102.74566580803366	1856.464306117021	1	0	1	1.8445351416202604
91855.859412073	2000.0	1000.6048940439812	0.0	0	0.0	1856.464306117021	1	0	1	1.8445351416202604
93188.76955018769	2000.0	667.6947559292887	0.0	0	0.0	1856.4643061170063	1	0	1	1.8445351416202613
94028.32885252095	2000.0	828.1354535960131	0.0	0	0.0	1856.4643061170063	1	0	1	1.8445351416202613
94590.1403069852	2000.0	1266.3239991317723	0.0	0	0.0	1856.4643061170063	1	0	1	1.8445351416202613
95554.22715295032	2000.0	1302.237153166648	0.0	0	0.0	1856.4643061170063	1	0	1	1.8445351416202613
96725.80041269671	2000.0	1130.6638934202565	0.0	0	0.0	1856.4643061170063	1	0	1	1.8445351416202613
97441.38991876694	1000.0	1415.0743873500107	0.0	0	0.0	1856.4643061170063	1	0	1	0.458240780500371
98397.34710006973	2000.0	1459.1172060472052	0.0	0	0.0	1856.4643061170063	1	0	1	1.1513879610603162
99393.57746208017	2000.0	1462.886844036748	0.0	0	0.0	1856.4643061170063	1	0	1	1.8445351416202613
100289.31321128928	2000.0	1567.1510948276357	0.0	0	0.0	1856.4643061170063	1	0	1	1.8445351416202613
101200.0	2000.0	1656.4643061169168	0.0	0	198.5430921959196	1856.4643061170063	1	0	1	1.8445351416202613
103371.52968724012	2000.0	484.9346188767947	0.0	0	0.0	1856.4643061170063	1	0	1	1.8445351416202613
104069.33760758494	1000.0	787.1266985319814	0.0	0	0.0	1856.4643061170063	1	0	1	0.458240780500371
104469.62568548256	1000.0	1386.8386206343635	0.0	0	0.0	1856.4643061170063	1	0	1	1.1513879610603162
105453.21195711479	2000.0	1403.2523490021376	0.0	0	0.0	1856.4643061170063	1	0	1	1.1513879610603162
106200.0	2000.0	1656.464306116931	0.0	0	72.23158521526784	1856.4643061170063	1	0	1	1.8445351416202613
107200.0	2000.0	1656.464306116947	0.0	0	68.94091096390912	1856.4643061170063	1	0	1	1.8445351416202613
108200.0	2000.0	1656.4643061169568	0.0	0	273.6467651321291	1856.4643061170063	1	0	1	1.8445351416202613
109406.32453349457	2000.0	1450.1397726224056	0.0	0	0.0	1856.4643061170063	1	0	1	1.8445351416202613
110514.555059199	2000.0	1341.9092469179618	0.0	0	0.0	1856.4643061169918	1	0	1	1.8445351416202622
111200.0	2000.0	1656.46430611698	0.0	0	86.77266629954102	1856.4643061170063	1	0	1	1.8445351416202613
112225.1717090134	2000.0	1631.2925971035818	0.0	0	0.0	1856.4643061170063	1	0	1	1.8445351416202613
113321.06486368389	2000.0	1535.3994424331036	0.0	0	0.0	1856.4643061170063	1	0	1	1.8445351416202613
114259.4221977943	2000.0	1597.0421083226804	0.0	0	0.0	1856.4643061170063	1	0	1	1.8445351416202613
115200.0	2000.0	1656.4643061169775	0.0	0	114.58968284202274	1856.4643061170063	1	0	1	1.8445351416202613
116200.0	2000.0	1656.4643061169827	0.0	0	413.6278068688698	1856.4643061170063	1	0	1	1.8445351416202613
117445.22657304339	2000.0	1411.2377330735953	0.0	0	0.0	1856.4643061170063	1	0	1	1.8445351416202613
118693.28448857306	2000.0	1163.179817543915	0.0	0	0.0	1856.4643061169918	1	0	1	1.8445351416202622
119830.04635437782	2000.0	1026.417951739169	0.0	0	0.0	1856.4643061169918	1	0	1	1.8445351416202622
120899.27787211105	2000.0	957.1864340059415	0.0	0	0.0	1856.4643061169918	1	0	1	1.8445351416202622
121798.56311060584	2000.0	1057.901195511166	0.0	0	0.0	1856.4643061169918	1	0	1	1.8445351416202622
123278.9768643342	2000.0	577.4874417828269	0.0	0	0.0	1856.4643061169918	1	0	1	1.8445351416202622
123878.95376222764	1000.0	977.5105438893863	0.0	0	0.0	1856.4643061169918	1	0	1	0.4582407805003718
124418.82032191304	1000.0	1437.643984203983	0.0	0	0.0	1856.4643061169772	1	0	1	1.151387961060318
125200.0	2000.0	1656.4643061170273	0.0	0	135.11958177723864	1856.4643061169627	1	0	1	1.1513879610603186
126200.0	2000.0	1656.4643061170214	0.0	0	236.68258663995948	1856.4643061169627	1	0	1	1.8445351416202638
127200.0	2000.0	1656.4643061170357	0.0	0	476.67395123373717	1856.4643061169772	1	0	1	1.8445351416202629
128200.0	2000.0	1656.4643061170464	0.0	0	406.15483991814835	1856.4643061169772	1	0	1	1.8445351416202629
129529.50010726605	2000.0	1326.964198851004	0.0	0	0.0	1856.4643061169918	1	0	1	1.8445351416202622
130631.02523716967	2000.0	1225.4390689473769	0.0	0	0.0	1856.4643061169918	1	0	1	1.8445351416202622
132258.76940253464	2000.0	597.694903582386	0.0	0	0.0	1856.4643061169918	1	0	1	1.8445351416202622
133227.51239519924	1000.0	628.9519109177775	0.0	0	0.0	1856.4643061169772	1	0	1	0.4582407805003729
134026.51757323853	1000.0	829.9467328784859	0.0	0	0.0	1856.4643061169772	1	0	1	1.151387961060318
134677.6610243336	1000.0	1178.8032817834235	0.0	0	0.0	1856.4643061169772	1	0	1	1.151387961060318
135941.26160733524	2000.0	915.2026987817663	0.0	0	0.0	1856.4643061169772	1	0	1	1.1513879610603177
137138.79173835195	2000.0	717.6725677650446	0.0	0	0.0	1856.4643061169481	1	0	1	1.8445351416202649
137785.3306688995	1000.0	1071.133637217461	0.0	0	0.0	1856.464306116919	1	0	1	0.45824078050037625
138772.39015170778	2000.0	1084.0741544091713	0.0	0	0.0	1856.464306116919	1	0	1	1.1513879610603213
139668.13784382754	2000.0	1188.3264622894512	0.0	0	0.0	1856.464306116919	1	0	1	1.8445351416202667
140356.39849695042	2000.0	1500.0658091665819	0.0	0	0.0	1856.464306116919	1	0	1	1.8445351416202667
141200.0	2000.0	1656.4643061170177	0.0	0	191.2852029890637	1856.4643061169481	1	0	1	1.8445351416202649
142200.0	2000.0	1656.4643061170113	0.0	0	90.24509650337859	1856.4643061169481	1	0	1	1.8445351416202649
144128.46751952948	2000.0	727.9967865875087	0.0	0	0.0	1856.4643061169481	1	0	1	1.8445351416202649
145021.30642971126	1000.0	835.1578764057024	0.0	0	0.0	1856.464306116919	1	0	1	0.45824078050037625
145904.65755969728	1000.0	951.8067464196769	0.0	0	0.0	1856.464306116919	1	0	1	1.1513879610603215
146471.71596914338	1000.0	1384.7483369735694	0.0	0	0.0	1856.46430611689	1	0	1	1.1513879610603233
147774.30504478817	2000.0	1082.1592613287771	0.0	0	0.0	1856.46430611689	1	0	1	1.1513879610603233
148207.19132362746	1000.0	1649.2729824894996	0.0	0	0.0	1856.464306116919	1	0	1	0.45824078050037625
149200.0	2000.0	1656.4643061169322	0.0	0	166.5921915138315	1856.464306116919	1	0	1	1.1513879610603213
150200.0	2000.0	1656.4643061169288	0.0	0	0.26881104361382313	1856.464306116919	1	0	1	1.8445351416202667
151200.0	2000.0	1656.4643061169568	0.0	0	351.73108461650554	1856.464306116919	1	0	1	1.8445351416202667
152200.0	2000.0	1656.4643061169406	0.0	0	221.87441206697258	1856.46430611689	1	0	1	1.8445351416202684
153200.0	2000.0	1656.4643061169693	0.0	0	273.7445033764234	1856.46430611689	1	0	1	1.8445351416202684
154200.0	2000.0	1656.4643061169693	0.0	0	421.5565143429267	1856.46430611689	1	0	1	1.8445351416202684
155248.83714174284	2000.0	1607.6271643741004	0.0	0	0.0	1856.4643061168608	1	0	1	1.8445351416202702
156681.72115196055	2000.0	1174.743154156396	0.0	0	0.0	1856.46430611689	1	0	1	1.8445351416202687
158095.71145307677	2000.0	760.752853040177	0.0	0	0.0	1856.464306116919	1	0	1	1.844535141620268
158427.44361293814	1000.0	1429.0206931788603	0.0	0	0.0	1856.464306116919	1	0	1	0.45824078050037625
159200.0	2000.0	1656.4643061170034	0.0	0	133.76648496449343	1856.464306116919	1	0	1	1.1513879610603213
160200.0	2000.0	1656.4643061169909	0.0	0	455.03331148053985	1856.464306116919	1	0	1	1.8445351416202667
161200.0	2000.0	1656.464306116995	0.0	0	413.69724834081717	1856.464306116919	1	0	1	1.8445351416202667
163107.13334624542	2000.0	749.3309598715693	0.0	0	0.0	1856.464306116919	1	0	1	1.8445351416202667
163792.2673728939	1000.0	1064.196933223071	0.0	0	0.0	1856.464306116919	1	0	1	0.45824078050037625
164729.9861643509	1000.0	1126.4781417660622	0.0	0	0.0	1856.4643061169481	1	0	1	1.1513879610603197
165514.48158991002	1000.0	1341.982716206929	0.0	0	0.0	1856.4643061169772	1	0	1	1.151387961060318
166215.32111212195	1000.0	1641.1431939949805	0.0	0	0.0	1856.4643061169772	1	0	1	1.151387961060318
167200.0	2000.0	1656.4643061169195	0.0	0	8.683331219479442	1856.4643061169772	1	0	1	1.1513879610603177
168200.0	2000.0	1656.464306116918	0.0	0	182.2538664722233	1856.4643061169772	1	0	1	1.8445351416202629
169200.0	2000.0	1656.4643061169106	0.0	0	314.121182602481	1856.4643061169772	1	0	1	1.8445351416202629
170200.0	2000.0	1656.4643061169104	0.0	0	251.93644357367884	1856.4643061169772	1	0	1	1.8445351416202629
171200.0	2000.0	1656.4643061169081	0.0	0	336.63512618950335	1856.4643061169772	1	0	1	1.8445351416202629
172200.0	2000.0	1656.4643061169272	0.0	0	167.29141400841763	1856.4643061169772	1	0	1	1.8445351416202629
173284.64454899964	2000.0	1571.8197571172755	0.0	0	0.0	1856.4643061169772	1	0	1	1.8445351416202629
174445.08057334457	2000.0	1411.3837327723368	0.0	0	0.0	1856.4643061169772	1	0	1	1.8445351416202629
175551.67116124227	2000.0	1304.7931448746517	0.0	0	0.0	1856.4643061169772	1	0	1	1.8445351416202629
176545.73653999754	2000.0	1310.7277661193955	0.0	0	0.0	1856.4643061169772	1	0	1	1.8445351416202629
177538.07413116994	2000.0	1318.3901749470128	0.0	0	0.0	1856.4643061170063	1	0	1	1.8445351416202613
178638.3733170888	2000.0	1218.0909890281655	0.0	0	0.0	1856.4643061170063	1	0	1	1.8445351416202613
179200.0	2000.0	1656.4643061169338	0.0	0	14.240877180709504	1856.4643061169772	1	0	1	1.8445351416202629
180200.0	2000.0	1656.464306116952	0.0	0	255.302215551259	1856.4643061169772	1	0	1	1.8445351416202629
181200.0	2000.0	1656.4643061169613	0.0	0	319.9730103883776	1856.4643061169772	1	0	1	1.8445351416202616
182200.0	2000.0	1656.4643061169745	0.0	0	395.2330910296005	1856.4643061169772	1	0	1	1.8445351416202629
183501.10841800534	2000.0	1355.3558881116269	0.0	0	0.0	1856.4643061169481	1	0	1	1.8445351416202644
184272.67390309306	2000.0	1583.7904030238867	0.0	0	0.0	1856.4643061169481	1	0	1	1.8445351416202649
185200.0	2000.0	1656.4643061169381	0.0	0	274.3278194834711	1856.4643061169481	1	0	1	1.8445351416202649
186200.0	2000.0	1656.4643061169083	0.0	0	366.1678348852147	1856.4643061169481	1	0	1	1.8445351416202649
187200.0	2000.0	1656.4643061168974	0.0	0	277.60829818403	1856.4643061169481	1	0	1	1.8445351416202649
188200.0	2000.0	1556.464306116864	0.0	0	302.680262034497	1756.4643061168608	1	0	2	1.4482286658746912
189461.19707619405	2000.0	1295.267229922843	0.0	0	0.0	1756.4643061168608	1	0	1	1.6503963086362754
190306.71032316145	2000.0	1449.7539829554603	0.0	0	0.0	1756.4643061168608	1	0	1	1.8503963086362756
191200.0	2000.0	1556.4643061168672	0.0	0	164.54742783799884	1756.4643061168608	1	0	1	1.8503963086362756
192338.38639985365	2000.0	1418.0779062632346	0.0	0	0.0	1756.4643061168608	1	0	1	1.8503963086362756
193956.15853751378	2000.0	800.3057686030832	0.0	0	0.0	1756.4643061168608	1	0	1	1.8503963086362756
194976.076867771	2000.0	780.3874383459106	0.0	0	0.0	1756.4643061168608	1	0	1	1.8503963086362756
195748.2399343869	2000.0	1008.2243717300133	0.0	0	0.0	1756.4643061168608	1	0	1	1.8503963086362756
196546.78999270158	2000.0	1209.6743134153126	0.0	0	0.0	1756.4643061168317	1	0	1	1.8503963086362774
197238.13868843237	2000.0	1518.325617684548	0.0	0	0.0	1756.4643061168317	1	0	1	1.8503963086362774
198200.0	2000.0	1556.4643061168942	0.0	0	562.6754756491282	1756.4643061168317	1	0	1	1.8503963086362774
199200.0	2000.0	1556.4643061168942	0.0	0	495.31215869347216	1756.4643061168317	1	0	1	1.8503963086362774
200218.58665251793	2000.0	1537.877653598955	0.0	0	0.0	1756.4643061168317	1	0	1	1.8503963086362774
201200.0	2000.0	1556.4643061168754	0.0	0	315.6263987237762	1756.4643061168317	1	0	1	1.8503963086362774
202340.9049792335	2000.0	1415.559326883357	0.0	0	0.0	1756.4643061168317	1	0	1	1.8503963086362774
203200.0	2000.0	1556.464306116875	0.0	0	67.45941319607664	1756.4643061168317	1	0	1	1.8503963086362774
204200.0	2000.0	1556.4643061168765	0.0	0	87.05759905464947	1756.4643061168317	1	0	1	1.8503963086362774
205200.0	2000.0	1556.4643061168892	0.0	0	106.96643425253569	1756.4643061168026	1	0	1	1.8503963086362778
206342.02410267797	2000.0	1414.4402034389284	0.0	0	0.0	1756.4643061168317	1	0	1	1.850396308636278
207200.0	2000.0	1556.46430611688	0.0	0	202.6618469817331	1756.4643061168317	1	0	1	1.8503963086362774
208200.0	2000.0	1556.4643061168686	0.0	0	399.5458307041554	1756.4643061168317	1	0	1	1.8503963086362774
209200.0	2000.0	1556.4643061168738	0.0	0	370.15364584332565	1756.4643061168317	1	0	1	1.8503963086362774
210200.0	2000.0	1556.4643061168706	0.0	0	94.505386029894	1756.4643061168317	1	0	1	1.8503963086362774
211200.0	2000.0	1556.4643061168715	0.0	0	201.26628318391158	1756.4643061168026	1	0	1	1.8503963086362791
212200.0	2000.0	1556.4643061168722	0.0	0	366.21452644185047	1756.4643061167735	1	0	1	1.8503963086362794
213200.0	2000.0	1556.4643061168397	0.0	0	55.42962545732735	1756.4643061167153	1	0	1	1.8503963086362825
214200.0	2000.0	1556.464306116819	0.0	0	315.54125555278733	1756.4643061167153	1	0	1	1.8503963086362838
215200.0	2000.0	1556.4643061167847	0.0	0	137.23694384325063	1756.4643061167153	1	0	1	1.8503963086362838
216200.0	2000.0	1556.4643061167894	0.0	0	357.16337160023977	1756.4643061167735	1	0	1	1.8503963086362818
217200.0	2000.0	1556.464306116777	0.0	0	375.41414980287664	1756.4643061168026	1	0	1	1.8503963086362791
218200.0	2000.0	1556.4643061167799	0.0	0	41.59044451030786	1756.4643061168026	1	0	1	1.8503963086362791
219846.70283616456	2000.0	909.7614699522411	0.0	0	0.0	1756.4643061168026	1	0	1	1.8503963086362791
220526.30725848788	1000.0	1230.1570476289448	0.0	0	0.0	1756.4643061168026	1	0	1	0.4641019475163886
221485.40753614865	2000.0	1271.0567699681774	0.0	0	0.0	1756.4643061168026	1	0	1	1.1572491280763337
222200.0	2000.0	1556.4643061168058	0.0	0	98.50358458093251	1756.4643061168026	1	0	1	1.8503963086362791
223200.0	2000.0	1556.4643061167756	0.0	0	206.84121632453753	1756.4643061168026	1	0	1	1.8503963086362791
224200.0	2000.0	1556.4643061167442	0.0	0	236.39457397404476	1756.4643061168317	1	0	1	1.8503963086362787
225225.1076240381	2000.0	1531.3566820786605	0.0	0	0.0	1756.4643061168317	1	0	1	1.850396308636276
226499.24361697247	2000.0	1257.220689144307	0.0	0	0.0	1756.4643061168608	1	0	1	1.850396308636276
227285.59252602997	2000.0	1470.8717800868358	0.0	0	0.0	1756.46430611689	1	0	1	1.850396308636274
228200.0	2000.0	1556.4643061168083	0.0	0	232.77844523030217	1756.4643061168317	1	0	1	1.850396308636276
229200.0	2000.0	1556.4643061168224	0.0	0	376.53471261350205	1756.4643061168608	1	0	1	1.850396308636277
230936.5721003607	2000.0	819.8922057561238	0.0	0	0.0	1756.4643061168608	1	0	1	1.8503963086362756
232210.50606773532	2000.0	545.9582383815087	0.0	0	0.0	1756.4643061168608	1	0	1	1.8503963086362756
232812.66099835403	1000.0	943.80330776282	0.0	0	0.0	1756.4643061168608	1	0	1	0.4641019475163854
234035.22139357292	2000.0	721.2429125439351	0.0	0	0.0	1756.46430611689	1	0	1	1.1572491280763288
234967.31691151808	2000.0	789.1473945987692	0.0	0	0.0	1756.46430611689	1	0	1	1.850396308636274
235809.789068198	2000.0	946.6752379188649	0.0	0	0.0	1756.46430611689	1	0	1	1.850396308636274
236625.93570306388	2000.0	1130.5286030529733	0.0	0	0.0	1756.4643061168608	1	0	1	1.8503963086362756
237282.00534017157	2000.0	1474.4589659452784	0.0	0	0.0	1756.4643061168608	1	0	1	1.8503963086362756
238200.0	2000.0	1556.4643061168522	0.0	0	303.4039582750993	1756.4643061168317	1	0	1	1.8503963086362774
239214.24264830683	2000.0	1542.2216578100179	0.0	0	0.0	1756.4643061168317	1	0	1	1.8503963086362774
240994.6203169023	2000.0	761.8439892145695	0.0	0	0.0	1756.4643061168317	1	0	1	1.8503963086362774
241534.27291289967	1000.0	1222.1913932171533	0.0	0	0.0	1756.4643061168317	1	0	1	0.46410194751638706
242397.170529327	2000.0	1359.2937767898068	0.0	0	0.0	1756.4643061168317	1	0	1	1.1572491280763322
243200.0	2000.0	1556.4643061168392	0.0	0	137.08302094929968	1756.4643061168317	1	0	1	1.8503963086362774
244200.0	2000.0	1556.4643061168022	0.0	0	474.83645603901823	1756.4643061168317	1	0	1	1.8503963086362774
245200.0	2000.0	1556.4643061167988	0.0	0	396.85264038079185	1756.4643061168317	1	0	1	1.8503963086362774
246486.33281549969	2000.0	1270.1314906171187	0.0	0	0.0	1756.4643061168608	1	0	1	1.850396308636276
247585.19022336366	2000.0	1171.2740827531588	0.0	0	0.0	1756.46430611689	1	0	1	1.850396308636274
248662.15090874696	2000.0	1094.313397369886	0.0	0	0.0	1756.46430611689	1	0	1	1.850396308636274
249438.66644653855	2000.0	1317.7978595783102	0.0	0	0.0	1756.46430611689	1	0	1	1.850396308636274
250802.7262509676	2000.0	953.7380551492563	0.0	0	0.0	1756.46430611689	1	0	1	1.850396308636274
251729.92009739246	1000.0	1026.5442087243828	0.0	0	0.0	1756.4643061168608	1	0	1	0.4641019475163854
252347.2024926399	1000.0	1409.2618134769489	0.0	0	0.0	1756.4643061168608	1	0	1	1.1572491280763306
253507.10245171975	2000.0	1249.3618543970745	0.0	0	0.0	1756.4643061168608	1	0	1	1.1572491280763302
254289.41694233118	2000.0	1467.0473637856546	0.0	0	0.0	1756.4643061168608	1	0	1	1.8503963086362756
255200.0	2000.0	1556.464306116829	0.0	0	123.35879392665811	1756.4643061168608	1	0	1	1.8503963086362756
256200.0	2000.0	1556.464306116816	0.0	0	186.11551367066568	1756.4643061168608	1	0	1	1.8503963086362756
257329.01510565937	2000.0	1427.449200457445	0.0	0	0.0	1756.4643061168608	1	0	1	1.8503963086362756
258312.61078360808	2000.0	1443.8535225087428	0.0	0	0.0	1756.46430611689	1	0	1	1.850396308636274
259200.0	2000.0	1556.4643061168165	0.0	0	37.97744445357239	1756.46430611689	1	0	1	1.850396308636274
260201.4871709255	2000.0	1554.977135191313	0.0	0	0.0	1756.4643061168608	1	0	1	1.8503963086362747
261200.0	2000.0	1556.4643061168267	0.0	0	27.111930953426054	1756.46430611689	1	0	1	1.8503963086362754
262200.0	2000.0	1556.4643061168272	0.0	0	225.46163818248897	1756.46430611689	1	0	1	1.850396308636274
263200.0	2000.0	1556.4643061168467	0.0	0	169.19216002483154	1756.4643061169481	1	0	1	1.850396308636273
264200.0	2000.0	1556.4643061168333	0.0	0	333.4054012755514	1756.4643061168608	1	0	1	1.8503963086362725
265200.0	2000.0	1556.4643061168074	0.0	0	424.4066775114625	1756.4643061168608	1	0	1	1.8503963086362756
266200.0	2000.0	1556.4643061168742	0.0	0	18.52665917709237	1756.464306116919	1	0	1	1.8503963086362725
267262.0854218393	2000.0	1494.3788842775866	0.0	0	0.0	1756.464306116919	1	0	1	1.8503963086362725
268333.0316863204	2000.0	1423.432619796581	0.0	0	0.0	1756.464306116919	1	0	1	1.8503963086362725
269575.4529968096	2000.0	1181.0113093073244	0.0	0	0.0	1756.4643061168608	1	0	1	1.8503963086362756
270851.70427010965	2000.0	904.7600360072513	0.0	0	0.0	1756.4643061168026	1	0	1	1.8503963086362791
271599.05131174804	1000.0	1157.4129943688913	0.0	0	0.0	1756.4643061168026	1	0	1	0.4641019475163886
273138.69129541004	2000.0	617.7730107069527	0.0	0	0.0	1756.4643061168608	1	0	1	1.1572491280763306
273553.62686639937	1000.0	1202.837439717665	0.0	0	0.0	1756.4643061168608	1	0	1	0.4641019475163854
274449.81138637033	2000.0	1306.652919746739	0.0	0	0.0	1756.4643061168608	1	0	1	1.1572491280763306
275200.0	2000.0	1556.464306117093	0.0	0	64.0490771093755	1756.4643061168026	1	0	1	1.8503963086362774
276200.0	2000.0	1556.4643061171273	0.0	0	513.3254996237229	1756.4643061168026	1	0	1	1.8503963086362791
277200.0	2000.0	1556.4643061171168	0.0	0	247.30176700575976	1756.4643061168026	1	0	1	1.8503963086362791
278426.2647138373	2000.0	1330.1995922798387	0.0	0	0.0	1756.4643061168026	1	0	1	1.8503963086362791
279200.0	2000.0	1556.4643061171348	0.0	0	80.74368692358257	1756.4643061168026	1	0	1	1.8503963086362791
280200.0	2000.0	1556.464306117123	0.0	0	215.04716175916838	1756.4643061168026	1	0	1	1.8503963086362791
282183.3227263477	2000.0	573.1415797693368	0.0	0	0.0	1756.4643061168026	1	0	1	1.8503963086362791
283151.98754370975	1000.0	604.4767624073004	0.0	0	0.0	1756.4643061167444	1	0	1	0.46410194751638995
283622.9668390926	1000.0	1133.4974670245124	0.0	0	0.0	1756.4643061167444	1	0	1	1.157249128076337
284698.15940942435	2000.0	1058.3048966927558	0.0	0	0.0	1756.4643061168026	1	0	1	1.1572491280763337
285949.2517202328	2000.0	807.2125858843838	0.0	0	0.0	1756.4643061168026	1	0	1	1.8503963086362791
286527.4119822585	1000.0	1229.052323858632	0.0	0	0.0	1756.4643061168026	1	0	1	0.4641019475163886
287698.57180948573	2000.0	1057.8924966314535	0.0	0	0.0	1756.4643061168026	1	0	1	1.1572491280763337
288501.40100473474	2000.0	1255.0633013825218	0.0	0	0.0	1756.4643061168608	1	0	1	1.8503963086362756
289200.0	2000.0	1556.4643061172583	0.0	0	97.14694260724355	1756.4643061168026	1	0	1	1.8503963086362765
290200.0	2000.0	1556.4643061172028	0.0	0	196.8934657764621	1756.4643061168026	1	0	1	1.8503963086362791
291200.0	2000.0	1556.4643061171844	0.0	0	171.01380565727595	1756.4643061168026	1	0	1	1.8503963086362791
292778.8567900077	2000.0	977.6075161095357	0.0	0	0.0	1756.4643061168608	1	0	1	1.850396308636276
293422.2475364226	1000.0	1334.2167696946328	0.0	0	0.0	1756.4643061168608	1	0	1	0.4641019475163854
295172.68830200256	2000.0	583.7760041147734	0.0	0	0.0	1756.4643061169772	1	0	1	1.1572491280763266
295819.3162764042	1000.0	937.1480297131451	0.0	0	0.0	1756.4643061170354	1	0	1	0.4641019475163757
296597.658460311	1000.0	1158.8058458063588	0.0	0	0.0	1756.4643061169772	1	0	1	1.157249128076324
297616.3296862566	2000.0	1140.134619860758	0.0	0	0.0	1756.4643061169772	1	0	1	1.157249128076324
298439.23876128497	2000.0	1317.2255448323226	0.0	0	0.0	1756.4643061169772	1	0	1	1.850396308636269
299408.1231546023	2000.0	1348.3411515149164	0.0	0	0.0	1756.4643061169772	1	0	1	1.850396308636269
300200.0	2000.0	1556.4643061172867	0.0	0	99.03057147393702	1756.4643061170354	1	0	1	1.850396308636266
3.37	3.42	1.99	1.3	1.48	1.97	2.56	3.29	3.13	1.09	1.49	1.32	1.1	1.74	2.41	2.94	2.93	3.29	3.3	3.32	2.05	1.81	1.63	2.11	1.96	1.95	2.71	3.36	3.88	2.65	1.67	2.22	2.77	3.01	2.88	3.3	1.83	2.11	2.62	2.37	1.38	1.8	2.51	3.01	3.6	4.29	3.95	2.09	2.35	2.17	2.41	2.77	1.88	2.0	2.49	3.32	3.72	3.13	2.36	2.46	2.03	2.54	2.48	3.13	3.01	1.82	1.09	1.6	2.09	2.81	3.32	3.86	2.22	1.59	2.0	2.36	2.56	1.59	1.59	1.63	1.95	2.02	2.75	2.93	2.97	3.29	1.74	1.31	1.63	1.89	2.34	2.9	2.63	1.24	1.55	1.76	2.41	2.66	1.41	0.97	1.61	2.14	2.77	2.77	2.21	2.1	2.22	2.83	2.48	2.02	2.59	3.15	3.93	2.24	1.61	2.22	2.04	2.09	1.78	1.56	1.62	2.35	2.63	3.45	3.28	1.7	2.54	2.56	1.25	1.38	1.27	1.92	2.14	1.53	1.99	2.61	3.2	3.2	2.73	1.56	1.23	1.47	1.24	1.69	1.73	1.88	2.4	2.95	3.37	2.97	3.37	3.42	1.99	1.3	1.48	1.97	2.56	3.29	3.13	1.09	1.49	1.32	1.1	1.74	2.41	2.94	2.93	3.29	3.3	3.32	2.05	1.81	1.63	2.11	1.96	1.95	2.71	3.36	3.88	2.65	1.67	2.22	2.77	3.01	2.88	3.3	1.83	2.11	2.62	2.37	1.38	1.8	2.51	3.01	3.6	4.29	3.95	2.09	2.35	2.17	2.41	2.77	1.88	2.0	2.49	3.32	3.72	3.13	2.36	2.46	2.03	2.54	2.48	3.13	3.01	1.82	1.09	1.6	2.09	2.81	3.32	3.86	2.22	1.59	2.0	2.36	2.56	1.59	1.59	1.63	1.95	2.02	2.75	2.93	2.97	3.29	1.74	1.31	1.63	1.89	2.34	2.9	2.63	1.24	1.55	1.76	2.41	2.66	1.41	0.97	1.61	2.14	2.77	2.77	2.21	2.1	2.22	2.83	2.48	2.02	2.59	3.15	3.93	2.24	1.61	2.22	2.04	2.09	1.78	1.56	1.62	2.35	2.63	3.45	3.28	1.7	2.54	2.56	1.25	1.38	1.27	1.92	2.14	1.53	1.99	2.61	3.2	3.2	2.73	1.56	1.23	1.47	1.24	1.69	1.73	1.88	2.4	2.95	3.37	2.97	3.37
1.0	2.0	3.0	4.0	5.0	6.0	7.0	8.0	9.0	10.0	11.0	12.0	13.0	14.0	15.0	16.0	17.0	18.0	19.0	20.0	21.0	22.0	23.0	24.0	25.0	26.0	27.0	28.0	29.0	30.0	31.0	32.0	33.0	34.0	35.0	36.0	37.0	38.0	39.0	40.0	41.0	42.0	43.0	44.0	45.0	46.0	47.0	48.0	49.0	50.0	51.0	52.0	53.0	54.0	55.0	56.0	57.0	58.0	59.0	60.0	61.0	62.0	63.0	64.0	65.0	66.0	67.0	68.0	69.0	70.0	71.0	72.0	73.0	74.0	75.0	76.0	77.0	78.0	79.0	80.0	81.0	82.0	83.0	84.0	85.0	86.0	87.0	88.0	89.0	90.0	91.0	92.0	93.0	94.0	95.0	96.0	97.0	98.0	99.0	100.0	101.0	102.0	103.0	104.0	105.0	106.0	107.0	108.0	109.0	110.0	111.0	112.0	113.0	114.0	115.0	116.0	117.0	118.0	119.0	120.0	121.0	122.0	123.0	124.0	125.0	126.0	127.0	128.0	129.0	130.0	131.0	132.0	133.0	134.0	135.0	136.0	137.0	138.0	139.0	140.0	141.0	142.0	143.0	144.0	145.0	146.0	147.0	148.0	149.0	149.0	150.0	151.0	152.0	153.0	154.0	155.0	156.0	157.0	158.0	159.0	160.0	161.0	162.0	163.0	164.0	165.0	166.0	167.0	168.0	169.0	170.0	171.0	172.0	173.0	174.0	175.0	176.0	177.0	178.0	179.0	180.0	181.0	182.0	183.0	184.0	185.0	186.0	187.0	188.0	189.0	190.0	191.0	192.0	193.0	194.0	195.0	196.0	197.0	198.0	199.0	200.0	201.0	202.0	203.0	204.0	205.0	206.0	207.0	208.0	209.0	210.0	211.0	212.0	213.0	214.0	215.0	216.0	217.0	218.0	219.0	220.0	221.0	222.0	223.0	224.0	225.0	226.0	227.0	228.0	229.0	230.0	231.0	232.0	233.0	234.0	235.0	236.0	237.0	238.0	239.0	240.0	241.0	242.0	243.0	244.0	245.0	246.0	247.0	248.0	249.0	250.0	251.0	252.0	253.0	254.0	255.0	256.0	257.0	258.0	259.0	260.0	261.0	262.0	263.0	264.0	265.0	266.0	267.0	268.0	269.0	270.0	271.0	272.0	273.0	274.0	275.0	276.0	277.0	278.0	279.0	280.0	281.0	282.0	283.0	284.0	285.0	286.0	287.0	288.0	289.0	290.0	291.0	292.0	293.0	294.0	295.0	296.0	297.0	298.0	298.0	299.0
3058.824327410866
