6387.741883015804	300.0	2000.0	246.77213179126682	0	0.0	6387.741883015804	1	0	1	-3.799974142046419
8275.215289440357	2000.0	923.7792529329924	0.0	0	0.0	6198.99454237335	1	0	2	-2.633744618813392
8698.568268312094	500.0	1500.4262740612571	0.0	0	0.0	6198.99454237335	1	0	1	-3.2639187144766457
9135.370292107267	500.0	2063.624250266084	0.0	0	0.0	6198.99454237335	1	0	1	-1.6776243533567545
10385.170116705862	2000.0	1688.8444432076308	0.0	0	0.0	6074.014559913491	1	0	2	-1.9806271516740286
11738.098735096446	2000.0	1200.622962977988	0.0	0	0.0	5938.721698074433	1	0	2	-0.27701748324997516
12222.9659434909	500.0	1715.755754583532	0.0	0	0.0	5938.721698074432	1	0	1	-3.004319110760838
13266.5587251691	1000.0	1672.162972905336	0.0	0	0.0	5938.721698074435	1	0	1	-1.4180247496409477
13980.776276720444	500.0	1957.9454213539896	0.0	0	0.0	5938.721698074433	1	0	1	-2.1111719302008938
15089.111714491644	1000.0	1738.7764398056697	0.0	0	0.0	5827.888154297314	1	0	2	-1.732772454506955
15927.048950872437	1000.0	1817.0454797867988	0.0	0	0.0	5744.094430659239	1	0	2	-0.7528131786943009
17093.0403856533	2000.0	1534.4549015278499	0.0	0	0.0	5627.495287181155	1	0	2	-0.6460195950641958
17835.67843023494	2000.0	1717.5530524880462	0.0	0	0.0	5553.231482722989	1	0	2	0.12813386685800005
18580.38291332039	2000.0	1898.3781210940547	0.0	0	0.0	5478.761034414449	1	0	2	0.19978388219582177
19425.11268404753	2000.0	1969.1753732942016	0.0	0	0.0	5394.288057341733	1	0	2	0.2733528081025522
20535.305371941406	2000.0	1747.9634166109413	0.0	0	0.0	5283.268788552348	1	0	2	0.3628667771713229
21766.45531314704	2000.0	1393.6984812847456	0.0	0	0.0	5160.153794431786	1	0	2	0.474322921347058
22368.086249150092	1000.0	1792.0675452816922	0.0	0	0.0	5160.153794431786	1	0	1	-0.8855525870914119
23613.81737009386	2000.0	1421.7633122435484	0.0	0	0.0	5035.580682337411	1	0	2	-0.3182052814799186
24851.546587179542	2000.0	1060.2611734492966	0.0	0	0.0	4911.807760628839	1	0	2	0.6755924460944427
25623.04623488936	1000.0	1288.7615257394796	0.0	0	0.0	4911.8077606288425	1	0	1	-0.6871192609394009
26543.4366924877	1000.0	1368.371068141145	0.0	0	0.0	4911.807760628846	1	0	1	0.20602791962054168
27073.509634952137	1000.0	1838.298125676709	0.0	0	0.0	4911.807760628846	1	0	1	0.20602791962054168
27936.946670911315	2000.0	1888.517386121614	0.0	0	0.0	4825.464057032936	1	0	2	-0.14707089073930302
29229.673682890545	2000.0	1466.5176729444634	0.0	0	0.0	4696.191355835017	1	0	2	0.8297397108301794
29682.15568252916	1000.0	2014.0356733058475	0.0	0	0.0	4696.191355835017	1	0	1	-0.5333827884225132
30756.649791356966	2000.0	1832.0921535952634	0.0	0	0.0	4588.741944952235	1	0	2	0.012601618314023927
31717.45619091126	2000.0	1775.2051140855401	0.0	0	0.0	4492.661304996804	1	0	2	0.9661544605042063
32490.44382083314	2000.0	1924.9187211714743	0.0	0	0.0	4415.362542004619	1	0	2	1.0158675896806417
33678.520991959835	2000.0	1618.0338329321037	0.0	0	0.0	4296.554824891937	1	0	2	1.0711610298082248
35090.25591576237	2000.0	1065.125416749312	0.0	0	0.0	4155.381332511683	1	0	2	1.1434794001586412
36037.578606024574	2000.0	1023.0704574608843	0.0	0	0.0	4060.6490634854636	1	0	2	1.194115776282593
36946.957416502504	2000.0	1022.7537659351607	0.0	0	0.0	3969.71118243767	1	0	2	1.232966925094901
37876.002754234	2000.0	1093.7084282036608	0.0	0	0.0	3969.711182437677	1	0	1	1.242773321011979
39637.8962869007	2000.0	334.2160581971068	2.401162660137885	0	0.0	3972.1123450978193	1	0	1	1.4273800997012298
40288.25982964396	1000.0	688.2231308731307	4.370615419277357	0	0.0	3976.482960517096	1	0	1	0.027469180168158636
40817.28166242886	1000.0	1159.2012980882373	0.0	0	0.0	3976.4829605171035	1	0	1	0.7468400532437649
41545.41930157973	1000.0	1431.063658937368	0.0	0	0.0	3976.4829605171035	1	0	1	0.7468400532437649
42234.48106922412	1000.0	1742.0018912929775	0.0	0	0.0	3976.4829605171035	1	0	1	0.7468400532437649
43055.46903580837	2000.0	1838.9151280503183	0.0	0	0.0	3894.384163858689	1	0	2	0.3725706071665318
43866.06244371818	2000.0	1947.2623793495104	0.0	0	0.0	3813.324823067691	1	0	2	1.2951563549855458
44832.583177752706	2000.0	1884.0895719115301	0.0	0	0.0	3716.672749664227	1	0	2	1.328197485831977
45940.82460859316	2000.0	1665.0239979870375	0.0	0	0.0	3605.8486065801844	1	0	2	1.3634637491223196
47741.31843358925	2000.0	864.5301729909522	0.0	0	0.0	3605.8486065801844	1	0	1	1.3725313950628975
48646.69286655841	1000.0	959.155740021796	0.0	0	0.0	3605.8486065801917	1	0	1	0.18623703394300503
49150.40508794444	1000.0	1455.4435186357687	0.0	0	0.0	3605.848606580199	1	0	1	0.8793842145029482
49960.22992799984	2000.0	1645.6186785803704	0.0	0	0.0	3605.848606580199	1	0	1	0.8793842145029481
51002.739593020786	2000.0	1603.1090135594281	0.0	0	0.0	3605.8486065802063	1	0	1	1.572531395062891
51790.99130552289	1000.0	1814.8573010573248	0.0	0	0.0	3605.8486065802063	1	0	1	0.1862370339430006
52974.42184739133	2000.0	1513.0837050020536	0.0	0	0.0	3487.5055523933697	1	0	2	0.5052310925515109
53742.30095813779	1000.0	1745.204594255587	0.0	0	0.0	3487.5055523933624	1	0	1	0.020768510745195312
55136.240563530875	2000.0	1351.2649888624987	0.0	0	0.0	3487.5055523933624	1	0	1	0.9139156913051407
56012.17724464805	1000.0	1475.32830774533	0.0	0	0.0	3487.5055523933624	1	0	1	0.22076851074519555
56719.02036082791	1000.0	1768.485191565475	0.0	0	0.0	3487.5055523933624	1	0	1	0.9139156913051407
57760.535621849725	2000.0	1622.8184044414768	0.0	0	0.0	3383.3540262911774	1	0	2	0.5352762111296159
58872.82016870856	2000.0	1510.5338575826327	0.0	0	0.0	3383.3540262911774	1	0	1	1.434711409563835
59631.6377627814	2000.0	1751.7162635097975	0.0	0	0.0	3383.3540262911847	1	0	1	1.6347114095638335
60298.558641335534	2000.0	2084.79538495566	0.0	0	0.0	3383.3540262911847	1	0	1	1.6347114095638335
61149.852066406165	2000.0	2148.372617377966	0.0	0	0.0	3298.2246837841303	1	0	2	1.2498204947516367
62434.68308091064	2000.0	1863.5416028734803	0.0	0	0.0	3298.2246837841303	1	0	1	1.455535757713577
63692.575684394724	2000.0	1605.6489993893924	0.0	0	0.0	3298.2246837841303	1	0	1	1.6555357577135772
64591.516645425174	2000.0	1706.7080383589362	0.0	0	0.0	3298.224683784123	1	0	1	1.655535757713579
65430.859653807885	2000.0	1867.36502997623	0.0	0	0.0	3298.2246837841303	1	0	1	1.6555357577135772
66257.21250959316	2000.0	2041.0121741909456	0.0	0	0.0	3298.2246837841085	1	0	1	1.655535757713581
67497.62966067651	2000.0	1800.5950231075724	0.0	0	0.0	3298.2246837840867	1	0	1	1.6555357577135859
69430.39343212414	2000.0	867.8312516599482	0.0	0	0.0	3298.224683784094	1	0	1	1.6555357577135865
70555.20192665524	1000.0	743.0227571288517	0.0	0	0.0	3298.2246837840794	1	0	1	0.26924139659369895
71159.14518357144	1000.0	1139.0795002126472	0.0	0	0.0	3298.224683784065	1	0	1	0.9623885771536476
71618.56790168298	1000.0	1679.656782101108	0.0	0	0.0	3298.224683784065	1	0	1	0.9623885771536476
72658.2572957294	2000.0	1639.9673880546823	0.0	0	0.0	3298.224683784065	1	0	1	0.9623885771536475
73557.98238989351	2000.0	1740.2422938905686	0.0	0	0.0	3298.2246837840503	1	0	1	1.6555357577135963
74432.74187771507	2000.0	1865.4828060690227	0.0	0	0.0	3298.2246837840503	1	0	1	1.6555357577135963
75809.16847076788	2000.0	1489.0562130162145	0.0	0	0.0	3298.2246837840503	1	0	1	1.6555357577135963
76489.63357234462	1000.0	1808.5911114394717	0.0	0	0.0	3298.2246837840503	1	0	1	0.26924139659370583
77131.88001744168	1000.0	2166.344666342403	0.0	0	0.0	3298.2246837840503	1	0	1	0.962388577153651
78202.28196225272	2000.0	2095.9427215313694	0.0	0	0.0	3298.2246837840503	1	0	1	0.9623885771536511
79176.52735800677	2000.0	2121.6973257773097	0.0	0	0.0	3298.2246837840503	1	0	1	1.6555357577135963
80097.98456752916	2000.0	2200.2401162549286	0.0	0	0.0	3298.224683784065	1	0	1	1.6555357577135927
81844.74171530794	2000.0	1453.4829684761562	0.0	0	0.0	3298.2246837840794	1	0	1	1.6555357577135892
82865.77985633061	1000.0	1432.444827453468	0.0	0	0.0	3298.2246837840794	1	0	1	0.26924139659369895
83517.4846207104	1000.0	1780.7400630736893	0.0	0	0.0	3298.224683784065	1	0	1	0.9623885771536476
84834.63278191404	2000.0	1463.5919018700465	0.0	0	0.0	3298.224683784065	1	0	1	0.9623885771536475
85239.6643939721	1000.0	2058.560289811994	0.0	0	0.0	3298.224683784065	1	0	1	0.2692413965937024
85999.930021277	2000.0	2298.294662507084	0.0	0	0.0	3298.2246837840794	1	0	1	0.9623885771536441
86854.45016982706	2000.0	2443.774513957045	0.0	0	0.0	3298.2246837840794	1	0	1	1.6555357577135892
88824.70243141358	2000.0	1473.5222523705415	0.0	0	0.0	3298.2246837840794	1	0	1	1.6555357577135892
89388.91489194831	1000.0	1909.3097918358017	0.0	0	0.0	3298.224683784094	1	0	1	0.2692413965936955
90324.85796259975	1000.0	1973.366721184374	0.0	0	0.0	3298.224683784094	1	0	1	0.9623885771536407
91159.55665871411	1000.0	2138.6680250700065	0.0	0	0.0	3298.224683784094	1	0	1	0.9623885771536407
91891.53813117198	1000.0	2406.6865526121314	0.0	0	0.0	3298.224683784094	1	0	1	0.9623885771536407
92898.00683461111	2000.0	2299.5709788290897	0.0	0	0.0	3197.5778134401917	1	0	2	0.5797593101605508
94151.0944065819	2000.0	2046.4834068582832	0.0	0	0.0	3197.577813440177	1	0	1	1.4782367744584712
95047.46100299324	2000.0	2150.116810446954	0.0	0	0.0	3197.577813440177	1	0	1	1.6782367744584714
96128.77012358826	2000.0	2068.8076898519394	0.0	0	0.0	3197.577813440177	1	0	1	1.6782367744584714
97013.51298412996	2000.0	2184.0648293102345	0.0	0	0.0	3197.577813440177	1	0	1	1.6782367744584714
98327.70472016161	2000.0	1869.8730932785868	0.0	0	0.0	3197.577813440177	1	0	1	1.6782367744584714
99961.03744231739	2000.0	1236.5403711227925	0.0	0	0.0	3197.577813440177	1	0	1	1.6782367744584714
100661.17250490279	1000.0	1536.405308537408	0.0	0	0.0	3197.577813440177	1	0	1	0.29194241333858095
102144.67369615244	2000.0	1052.9041172877448	0.0	0	0.0	3197.577813440177	1	0	1	0.9850895938985262
102570.6323110013	1000.0	1626.945502438884	0.0	0	0.0	3197.577813440177	1	0	1	0.29194241333858095
104057.02573742734	2000.0	1140.552076012841	0.0	0	0.0	3197.577813440177	1	0	1	0.9850895938985262
104807.15437739438	1000.0	1390.42343604579	0.0	0	0.0	3197.577813440177	1	0	1	0.29194241333858095
105349.63637087117	1000.0	1847.9414425689959	0.0	0	0.0	3197.5778134401626	1	0	1	0.9850895938985293
106850.50509724759	2000.0	1347.0727161925836	0.0	0	0.0	3197.5778134401626	1	0	1	0.9850895938985293
107333.25312348899	1000.0	1864.3246899511857	0.0	0	0.0	3197.5778134401626	1	0	1	0.2919424133385842
108612.83199771718	2000.0	1584.7458157229814	0.0	0	0.0	3197.5778134401626	1	0	1	0.9850895938985293
109796.57854116346	2000.0	1400.9992722767017	0.0	0	0.0	3197.5778134401626	1	0	1	1.6782367744584745
110585.30436726296	1000.0	1612.273446177185	0.0	0	0.0	3197.577813440148	1	0	1	0.2919424133385872
111359.33844970656	1000.0	1838.239363733568	0.0	0	0.0	3197.577813440148	1	0	1	0.9850895938985325
112336.82976421798	1000.0	1860.7480492221503	0.0	0	0.0	3197.5778134401626	1	0	1	0.9850895938985293
113803.30672546756	2000.0	1394.2710879725887	0.0	0	0.0	3197.577813440148	1	0	1	0.9850895938985323
114520.6647910008	1000.0	1676.913022439354	0.0	0	0.0	3197.577813440148	1	0	1	0.2919424133385872
115436.24748590542	1000.0	1761.330327534733	0.0	0	0.0	3197.577813440148	1	0	1	0.9850895938985325
115966.42952131483	1000.0	2231.1482921253264	0.0	0	0.0	3197.577813440148	1	0	1	0.9850895938985325
117534.6746652208	2000.0	1662.9031482193545	0.0	0	0.0	3197.577813440148	1	0	1	0.9850895938985323
118172.66163989592	1000.0	2024.9161735442342	0.0	0	0.0	3197.577813440148	1	0	1	0.2919424133385872
119519.84443031452	2000.0	1677.733383125624	0.0	0	0.0	3197.577813440148	1	0	1	0.9850895938985323
120760.81340969131	2000.0	1436.7644037488428	0.0	0	0.0	3197.577813440148	1	0	1	1.6782367744584774
121413.22297371518	1000.0	1784.3548397249763	0.0	0	0.0	3197.5778134401626	1	0	1	0.2919424133385842
122952.21278610337	2000.0	1245.3650273367914	0.0	0	0.0	3197.5778134401626	1	0	1	0.9850895938985293
123479.34176812711	1000.0	1718.2360453130702	0.0	0	0.0	3197.5778134401626	1	0	1	0.2919424133385842
124097.49383086937	1000.0	2100.083982570802	0.0	0	0.0	3197.5778134401626	1	0	1	0.9850895938985293
125073.7560029198	2000.0	2123.82181052036	0.0	0	0.0	3197.5778134401626	1	0	1	0.9850895938985293
126249.28453072999	2000.0	1948.2932827101677	0.0	0	0.0	3197.577813440148	1	0	1	1.6782367744584774
126996.0799577424	2000.0	2201.4978556977703	0.0	0	0.0	3197.577813440148	1	0	1	1.6782367744584774
127783.95129973315	2000.0	2413.6265137070254	0.0	0	0.0	3197.577813440148	1	0	1	1.6782367744584774
129168.8103855533	2000.0	2028.7674278868703	0.0	0	0.0	3197.577813440148	1	0	1	1.6782367744584774
129828.42607173775	2000.0	2369.151741702417	0.0	0	0.0	3197.577813440148	1	0	1	1.6782367744584774
131011.65587255948	2000.0	2185.921940880691	0.0	0	0.0	3197.5778134401626	1	0	1	1.6782367744584745
132317.90822607974	2000.0	1879.669587360428	0.0	0	0.0	3197.577813440148	1	0	1	1.6782367744584756
133596.7931971981	2000.0	1600.784616242036	0.0	0	0.0	3197.5778134401044	1	0	1	1.6782367744584838
134708.99850470477	2000.0	1488.5793087353868	0.0	0	0.0	3197.577813440119	1	0	1	1.6782367744584843
135463.73229967977	1000.0	1733.845513760413	0.0	0	0.0	3197.577813440119	1	0	1	0.2919424133385936
136425.21049102218	2000.0	1772.3673224179956	0.0	0	0.0	3197.577813440119	1	0	1	0.9850895938985387
137547.35291217003	2000.0	1650.2249012701625	0.0	0	0.0	3197.577813440119	1	0	1	1.6782367744584838
139244.25856703435	2000.0	953.3192464058027	0.0	0	0.0	3197.57781344009	1	0	1	1.6782367744584903
140146.63878949662	1000.0	1050.9390239435277	0.0	0	0.0	3197.57781344009	1	0	1	0.2919424133385998
141036.19152272248	1000.0	1161.3862907176645	0.0	0	0.0	3197.577813440119	1	0	1	0.9850895938985388
141615.40577951836	1000.0	1582.172033921787	0.0	0	0.0	3197.577813440119	1	0	1	0.9850895938985388
142217.44140156533	1000.0	1980.1364118747922	0.0	0	0.0	3197.57781344009	1	0	1	0.985089593898545
143261.47446643456	2000.0	1936.103347005561	0.0	0	0.0	3197.57781344009	1	0	1	0.9850895938985451
144603.90334387656	2000.0	1593.6744695635625	0.0	0	0.0	3197.577813440119	1	0	1	1.6782367744584838
145847.9376487212	2000.0	1349.6401647189066	0.0	0	0.0	3197.577813440119	1	0	1	1.6782367744584838
146296.77986103523	1000.0	1900.7979524049204	0.0	0	0.0	3197.577813440119	1	0	1	0.2919424133385936
147066.2340048992	2000.0	2131.343808540976	0.0	0	0.0	3197.577813440119	1	0	1	0.9850895938985387
147858.82688760714	2000.0	2338.7509258330238	0.0	0	0.0	3197.577813440119	1	0	1	1.6782367744584838
148768.1675497145	2000.0	2338.4761975149086	0.0	0	0.0	3106.643747229391	1	0	2	1.2926637888774213
150445.2737871775	2000.0	1661.3699600519217	0.0	0	0.0	3106.64374722942	1	0	1	1.4970786131039104
151355.42824235713	1000.0	1751.215504872253	0.0	0	0.0	3106.64374722942	1	0	1	0.3107842519840204
152627.0933788701	1000.0	1479.5503683592533	0.0	0	0.0	3106.64374722942	1	0	1	1.0039314325439657
153381.8237893706	1000.0	1724.8199578587685	0.0	0	0.0	3106.64374722942	1	0	1	1.0039314325439657
154311.54656611773	1000.0	1795.097181111647	0.0	0	0.0	3106.64374722942	1	0	1	1.0039314325439657
154935.29594119225	1000.0	2171.34780603713	0.0	0	0.0	3106.643747229449	1	0	1	1.00393143254396
155704.88032846074	1000.0	2401.763418768642	0.0	0	0.0	3106.643747229449	1	0	1	1.00393143254396
156563.52613738194	1000.0	2543.1176098474893	0.0	0	0.0	3106.643747229449	1	0	1	1.00393143254396
157336.57749255394	1000.0	2770.0662546754497	0.0	0	0.0	3106.64374722942	1	0	1	1.0039314325439657
158670.80097328656	2000.0	2435.842773942865	0.0	0	0.0	3106.643747229449	1	0	1	1.00393143254396
159561.44690081594	2000.0	2545.1968464134893	0.0	0	0.0	3106.643747229449	1	0	1	1.697078613103905
160738.617985862	2000.0	2368.025761367431	0.0	0	0.0	3106.64374722942	1	0	1	1.6970786131039106
162602.807288126	2000.0	1503.8364591034374	0.0	0	0.0	3106.64374722942	1	0	1	1.6970786131039106
163745.9650857145	1000.0	1360.6786615149533	0.0	0	0.0	3106.64374722942	1	0	1	0.3107842519840204
164576.90451224256	1000.0	1529.739234986904	0.0	0	0.0	3106.64374722942	1	0	1	1.0039314325439657
165243.66660155376	1000.0	1862.9771456757258	0.0	0	0.0	3106.64374722942	1	0	1	1.0039314325439657
166404.5988110725	2000.0	1702.0449361569738	0.0	0	0.0	3106.643747229391	1	0	1	1.0039314325439712
167017.80653317802	2000.0	2088.837214051442	0.0	0	0.0	3106.643747229391	1	0	1	1.6970786131039164
167525.09843956088	2000.0	2581.545307668563	0.0	0	0.0	3106.643747229362	1	0	1	1.6970786131039222
168353.48380223132	2000.0	2670.3214087310844	0.0	0	0.0	3023.8052109623677	1	0	2	1.3084644828680618
169508.83293630715	3000.0	2399.437361247664	0.0	0	0.0	2908.270297554758	1	0	2	1.527144085384475
170732.42543741	2000.0	2175.8448601447817	0.0	0	0.0	2908.270297554729	1	0	1	1.1277466150538418
172123.63537745725	2000.0	1784.6349200975635	0.0	0	0.0	2908.2702975547	1	0	1	1.7332117231620083
173162.89542599465	2000.0	1745.374871560161	0.0	0	0.0	2908.2702975547	1	0	1	1.7332117231620114
174363.94727311144	2000.0	1544.3230244434014	0.0	0	0.0	2908.2702975547	1	0	1	1.7332117231620114
175109.14592107985	1000.0	1799.1243764750193	0.0	0	0.0	2908.270297554729	1	0	1	0.3469173620421163
175688.7080439929	1000.0	2219.5622535619623	0.0	0	0.0	2908.270297554729	1	0	1	1.0400645426020614
176864.11045376086	2000.0	2044.1598437940218	0.0	0	0.0	2908.2702975547	1	0	1	1.0400645426020663
178234.81496407607	2000.0	1673.4553334788143	0.0	0	0.0	2908.2702975547	1	0	1	1.7332117231620114
179331.74831027724	2000.0	1576.521987277608	0.0	0	0.0	2908.270297554671	1	0	1	1.733211723162015
180612.924278135	2000.0	1295.3460194198258	0.0	0	0.0	2908.270297554671	1	0	1	1.733211723162016
181609.6905262975	2000.0	1298.5797712573328	0.0	0	0.0	2908.270297554671	1	0	1	1.733211723162016
182681.59385761718	2000.0	1226.67643993765	0.0	0	0.0	2908.2702975547	1	0	1	1.7332117231620114
183714.29745612052	2000.0	1193.9728414342862	0.0	0	0.0	2908.2702975547	1	0	1	1.7332117231620114
184186.62093113456	1000.0	1721.649366420247	0.0	0	0.0	2908.270297554729	1	0	1	0.3469173620421163
185125.10653452788	2000.0	1783.1637630269433	0.0	0	0.0	2908.270297554729	1	0	1	1.0400645426020612
186137.17925976546	2000.0	1771.0910377893226	0.0	0	0.0	2908.2702975547	1	0	1	1.7332117231620114
186838.05461208313	2000.0	2070.2156854716454	0.0	0	0.0	2908.2702975547	1	0	1	1.7332117231620114
188450.6963829208	2000.0	1457.5739146339868	0.0	0	0.0	2908.2702975547	1	0	1	1.7332117231620114
189454.2616543701	2000.0	1454.008643184736	0.0	0	0.0	2908.2702975547	1	0	1	1.7332117231620114
189882.35459806712	1000.0	2025.9156994876982	0.0	0	0.0	2908.2702975547	1	0	1	0.34691736204212115
191517.8873181835	2000.0	1390.3829793713107	0.0	0	0.0	2908.270297554729	1	0	1	1.0400645426020612
192024.82067118966	1000.0	1883.44962636513	0.0	0	0.0	2908.270297554729	1	0	1	0.3469173620421163
192668.9377790576	2000.0	2239.3325184972077	0.0	0	0.0	2908.270297554729	1	0	1	1.0400645426020612
193331.4286351406	2000.0	2576.8416624141873	0.0	0	0.0	2908.270297554729	1	0	1	1.7332117231620066
194373.28296538073	2000.0	2534.987332174093	0.0	0	0.0	2908.270297554729	1	0	1	1.7332117231620066
195200.0	2000.0	2708.2702975548414	0.0	0	82.58590822573751	2908.270297554729	1	0	1	1.7332117231620066
196680.01798307284	2000.0	2228.252314481996	0.0	0	0.0	2908.270297554729	1	0	1	1.7332117231620066
197709.1165434566	2000.0	2199.1537540982304	0.0	0	0.0	2908.270297554729	1	0	1	1.7332117231620066
198896.64821860363	2000.0	2011.622078951221	0.0	0	0.0	2908.270297554758	1	0	1	1.7332117231620017
199716.02379152025	2000.0	2192.2465060346076	0.0	0	0.0	2908.270297554758	1	0	1	1.7332117231620017
201217.80584303848	2000.0	1690.4644545163253	0.0	0	0.0	2908.270297554758	1	0	1	1.7332117231620017
202443.76105987717	2000.0	1464.5092376776524	0.0	0	0.0	2908.2702975547872	1	0	1	1.733211723161997
203175.06950990268	1000.0	1733.2007876521363	0.0	0	0.0	2908.2702975548164	1	0	1	0.3469173620421018
204584.76901322175	2000.0	1323.5012843330642	0.0	0	0.0	2908.2702975547872	1	0	1	1.040064542602051
205304.43745171092	1000.0	1603.832845843891	0.0	0	0.0	2908.2702975548164	1	0	1	0.3469173620421018
206139.03811063955	2000.0	1769.232186915274	0.0	0	0.0	2908.2702975548164	1	0	1	1.040064542602047
207265.19469767294	2000.0	1643.075599881904	0.0	0	0.0	2908.2702975548164	1	0	1	1.733211723161992
208306.62842646727	2000.0	1601.641871087551	0.0	0	0.0	2908.2702975548164	1	0	1	1.733211723161992
209056.472164536	2000.0	1851.7981330187808	0.0	0	0.0	2908.2702975548164	1	0	1	1.733211723161992
209909.26766407897	2000.0	1999.0026334758438	0.0	0	0.0	2908.2702975548164	1	0	1	1.733211723161992
211085.48533398772	2000.0	1822.784963567109	0.0	0	0.0	2908.2702975548746	1	0	1	1.7332117231619855
211876.37128655546	2000.0	2031.8990109993679	0.0	0	0.0	2908.2702975548746	1	0	1	1.7332117231619826
212883.5587634479	2000.0	2024.711534106956	0.0	0	0.0	2908.2702975548746	1	0	1	1.7332117231619826
213804.91146959332	2000.0	2103.3588279615233	0.0	0	0.0	2908.2702975548746	1	0	1	1.7332117231619826
214608.88317910393	2000.0	2299.387118450923	0.0	0	0.0	2908.2702975548746	1	0	1	1.7332117231619826
215880.36968799654	2000.0	2027.9006095583081	0.0	0	0.0	2908.2702975548455	1	0	1	1.7332117231619872
216819.32593997536	2000.0	2088.9443575794735	0.0	0	0.0	2908.2702975548455	1	0	1	1.7332117231619872
219415.65997074527	2000.0	492.6103268095679	0.0	0	0.0	2908.2702975548455	1	0	1	1.7332117231619872
220202.17710217918	1000.0	706.0931953756394	0.0	0	0.0	2908.2702975548455	1	0	1	0.346917362042097
220834.85130448884	1000.0	1073.4189930659877	0.0	0	0.0	2908.2702975548746	1	0	1	1.0400645426020374
221322.67106285965	1000.0	1585.5992346951834	0.0	0	0.0	2908.2702975548746	1	0	1	1.0400645426020374
222686.011009225	2000.0	1222.259288329849	0.0	0	0.0	2908.2702975548746	1	0	1	1.0400645426020374
223380.65949959753	1000.0	1527.610797957317	0.0	0	0.0	2908.2702975548746	1	0	1	0.3469173620420921
224368.2536246785	2000.0	1540.0166728763704	0.0	0	0.0	2908.2702975548746	1	0	1	1.0400645426020374
226010.1326761754	2000.0	898.1376213794543	0.0	0	0.0	2908.2702975549037	1	0	1	1.7332117231619777
226849.21725900532	1000.0	1059.053038549506	0.0	0	0.0	2908.2702975548746	1	0	1	0.3469173620420921
227449.93627053054	1000.0	1458.3340270242509	0.0	0	0.0	2908.2702975548746	1	0	1	1.0400645426020374
228710.77704272498	2000.0	1197.4932548298464	0.0	0	0.0	2908.2702975548746	1	0	1	1.0400645426020374
229757.56984582852	2000.0	1150.7004517262917	0.0	0	0.0	2908.2702975548455	1	0	1	1.7332117231619872
230568.96204910186	1000.0	1339.3082484529318	0.0	0	0.0	2908.2702975548164	1	0	1	0.3469173620421018
231342.9966881361	1000.0	1565.2736094186723	0.0	0	0.0	2908.2702975547872	1	0	1	1.0400645426020518
231951.8151825004	1000.0	1956.4551150543405	0.0	0	0.0	2908.270297554758	1	0	1	1.0400645426020567
232569.2734245478	1000.0	2338.9968730069418	0.0	0	0.0	2908.270297554758	1	0	1	1.0400645426020567
233458.84830159423	2000.0	2449.4219959605216	0.0	0	0.0	2908.270297554758	1	0	1	1.0400645426020565
234555.5770206243	2000.0	2352.693276930449	0.0	0	0.0	2908.2702975547872	1	0	1	1.733211723161997
235334.4496226107	2000.0	2573.820674944045	0.0	0	0.0	2908.270297554758	1	0	1	1.7332117231620017
236600.55906837693	2000.0	2307.7112291777858	0.0	0	0.0	2908.270297554758	1	0	1	1.7332117231620017
238245.39461072854	2000.0	1662.8756868261478	0.0	0	0.0	2908.270297554758	1	0	1	1.7332117231620017
239157.56264661986	1000.0	1750.7076509348356	0.0	0	0.0	2908.270297554758	1	0	1	0.34691736204211143
240142.4297278176	1000.0	1765.8405697371143	0.0	0	0.0	2908.270297554758	1	0	1	1.0400645426020567
241073.05248062074	1000.0	1835.2178169339616	0.0	0	0.0	2908.270297554729	1	0	1	1.0400645426020614
242136.2677478251	2000.0	1665.681023009181	0.0	0	0.0	2801.9487708343077	1	0	2	0.652751676674633
243284.45692648733	2000.0	1517.4918443469242	0.0	0	0.0	2801.9487708342785	1	0	1	1.550053979966913
244413.48421672644	2000.0	1388.4645541078364	0.0	0	0.0	2801.9487708342785	1	0	1	1.750053979966915
245344.22576509847	2000.0	1457.7230057357938	0.0	0	0.0	2801.9487708342494	1	0	1	1.7500539799669184
246515.82736406403	2000.0	1286.1214067702272	0.0	0	0.0	2801.9487708342203	1	0	1	1.7500539799669237
247932.9695607528	2000.0	868.9792100815073	0.0	0	0.0	2801.9487708342203	1	0	1	1.7500539799669237
248749.481600936	1000.0	1052.4671698982966	0.0	0	0.0	2801.9487708342203	1	0	1	0.36375961884703345
249303.58408271338	1000.0	1498.3646881209393	0.0	0	0.0	2801.9487708342203	1	0	1	1.0569067994069785
250802.34472316114	2000.0	999.6040476731879	0.0	0	0.0	2801.9487708342203	1	0	1	1.0569067994069785
251402.33199449533	1000.0	1399.6167763389658	0.0	0	0.0	2801.9487708342203	1	0	1	0.36375961884703345
252592.31909864506	2000.0	1209.629672189219	0.0	0	0.0	2801.9487708342203	1	0	1	1.0569067994069785
253357.23267098737	1000.0	1444.716099846928	0.0	0	0.0	2801.9487708342494	1	0	1	0.363759618847029
254577.47214908723	2000.0	1224.476621747051	0.0	0	0.0	2801.9487708342494	1	0	1	1.056906799406974
255157.62711266015	1000.0	1644.3216581741428	0.0	0	0.0	2801.9487708342494	1	0	1	0.363759618847029
255702.2940405375	1000.0	2099.6547302967856	0.0	0	0.0	2801.9487708342494	1	0	1	1.056906799406974
257021.64683535698	2000.0	1780.301935477305	0.0	0	0.0	2801.9487708342785	1	0	1	1.05690679940697
258198.51402124728	2000.0	1603.4347495870068	0.0	0	0.0	2801.9487708342203	1	0	1	1.750053979966921
259258.34271162268	2000.0	1543.6060592115912	0.0	0	0.0	2801.9487708342203	1	0	1	1.7500539799669237
259912.58351741225	1000.0	1889.3652534220105	0.0	0	0.0	2801.9487708342203	1	0	1	0.36375961884703345
261168.41657643084	2000.0	1633.5321944034047	0.0	0	0.0	2801.9487708342203	1	0	1	1.0569067994069785
262055.75718872275	2000.0	1746.191582111503	0.0	0	0.0	2801.9487708342203	1	0	1	1.7500539799669237
262736.11589100224	1000.0	2065.832879832031	0.0	0	0.0	2801.9487708342494	1	0	1	0.3637596188470299
263484.565811083	1000.0	2317.382959751189	0.0	0	0.0	2801.9487708341912	1	0	1	1.0569067994069776
264716.8693523201	2000.0	2085.0794185141144	0.0	0	0.0	2801.9487708341912	1	0	1	1.0569067994069856
265894.38161286974	2000.0	1907.567157964449	0.0	0	0.0	2801.9487708341912	1	0	1	1.7500539799669281
267052.99343505676	2000.0	1748.9553357773725	0.0	0	0.0	2801.9487708341912	1	0	1	1.7500539799669281
268176.28874508035	2000.0	1625.660025753793	0.0	0	0.0	2801.9487708342494	1	0	1	1.7500539799669192
269674.44984827016	2000.0	1127.4989225639852	0.0	0	0.0	2801.9487708342494	1	0	1	1.7500539799669192
270318.9873759579	1000.0	1482.9613948762437	0.0	0	0.0	2801.9487708341912	1	0	1	0.3637596188470379
271100.36242263217	1000.0	1701.5863482020118	0.0	0	0.0	2801.9487708342494	1	0	1	1.056906799406974
272064.73918271693	1000.0	1737.209588117241	0.0	0	0.0	2801.9487708342494	1	0	1	1.056906799406974
272761.5484055092	1000.0	2040.4003653249724	0.0	0	0.0	2801.9487708341912	1	0	1	1.056906799406983
273717.0477459728	2000.0	2084.9010248613713	0.0	0	0.0	2801.9487708341912	1	0	1	1.056906799406983
274783.65805596986	2000.0	2018.2907148643221	0.0	0	0.0	2801.9487708341912	1	0	1	1.7500539799669281
275673.3696307613	2000.0	2128.579140072866	0.0	0	0.0	2801.9487708341912	1	0	1	1.7500539799669281
276582.04864424764	2000.0	2219.900126586598	0.0	0	0.0	2801.9487708341912	1	0	1	1.7500539799669281
277553.16284224385	2000.0	2248.785928590423	0.0	0	0.0	2801.9487708341912	1	0	1	1.7500539799669281
278514.25304503005	2000.0	2287.695725804145	0.0	0	0.0	2801.948770834133	1	0	1	1.750053979966937
279859.6629411372	2000.0	1942.285829697011	0.0	0	0.0	2801.948770834075	1	0	1	1.7500539799669457
281079.74798551126	2000.0	1722.200785322938	0.0	0	0.0	2801.948770834075	1	0	1	1.7500539799669457
282068.78837010777	2000.0	1733.1604007264127	0.0	0	0.0	2801.9487708340166	1	0	1	1.7500539799669546
282951.8564573658	2000.0	1850.0923134684253	0.0	0	0.0	2801.9487708340166	1	0	1	1.7500539799669546
284411.734793699	2000.0	1390.213977135239	0.0	0	0.0	2801.9487708340166	1	0	1	1.7500539799669546
284895.7744825402	1000.0	1906.1742882939952	0.0	0	0.0	2801.9487708340166	1	0	1	0.36375961884706426
286207.2290644507	2000.0	1594.7197063835033	0.0	0	0.0	2801.9487708340166	1	0	1	1.0569067994070094
287598.2470029056	2000.0	1203.701767928559	0.0	0	0.0	2801.9487708339	1	0	1	1.7500539799669703
288228.74672909384	1000.0	1573.2020417403085	0.0	0	0.0	2801.948770833842	1	0	1	0.36375961884708874
289128.59241227485	1000.0	1673.356358559321	0.0	0	0.0	2801.948770833842	1	0	1	1.0569067994070356
289709.16942503507	1000.0	2092.7793457990874	0.0	0	0.0	2801.948770833842	1	0	1	1.0569067994070356
290865.6648151678	2000.0	1936.283955666416	0.0	0	0.0	2801.948770833842	1	0	1	1.0569067994070358
291630.97947999585	1000.0	2170.969290838364	0.0	0	0.0	2801.948770833842	1	0	1	0.3637596188470905
293047.3390880248	2000.0	1754.6096828093825	0.0	0	0.0	2801.948770833842	1	0	1	1.0569067994070358
294317.8508480016	2000.0	1484.0979228325689	0.0	0	0.0	2801.948770833842	1	0	1	1.750053979966981
295135.4829584627	2000.0	1666.4658123715546	0.0	0	0.0	2801.948770833842	1	0	1	1.750053979966981
296087.84550709795	2000.0	1714.1032637362139	0.0	0	0.0	2801.948770833784	1	0	1	1.7500539799669843
296636.55956052896	2000.0	2165.3892103052176	0.0	0	0.0	2801.948770833784	1	0	1	1.7500539799669896
297534.184552203	2000.0	2267.7642186312105	0.0	0	0.0	2801.948770833784	1	0	1	1.7500539799669896
298831.3595020974	2000.0	1970.5892687368475	0.0	0	0.0	2801.948770833842	1	0	1	1.750053979966981
300680.1148221042	2000.0	1121.8339487300484	0.0	0	0.0	2801.9487708339	1	0	1	1.7500539799669756
301463.9789632087	1000.0	1337.9698076256145	0.0	0	0.0	2801.9487708339	1	0	1	0.36375961884708174
1.15	1.11	1.42	1.6	2.1	1.26	1.4	0.92	1.16	1.51	2.07	2.61	3.17	2.61	1.55	1.39	1.8	1.83	1.83	1.52	1.41	2.15	1.85	1.73	2.22	2.15	2.87	1.93	1.76	2.24	2.59	2.26	0.94	1.92	1.83	1.2	1.7	2.39	2.66	2.37	1.49	1.14	1.54	2.12	1.87	1.58	1.81	1.8	1.68	1.48	1.74	2.39	2.24	2.77	3.26	2.32	1.92	2.15	2.94	2.47	1.84	2.02	0.46	0.94	1.27	1.91	1.96	1.82	2.11	1.85	1.39	1.63	2.11	1.99	1.87	1.1	1.27	1.69	1.97	2.28	2.54	0.94	1.68	1.58	1.24	1.44	1.78	2.02	2.21	2.32	2.36	1.97	1.49	1.61	1.85	1.7	2.03	1.67	1.75	1.58	1.54	1.59	1.87	1.84	1.44	1.15	1.75	1.41	1.37	1.56	1.69	1.83	2.17	1.86	1.37	1.54	1.32	1.69	2.12	2.19	2.46	2.48	1.64	2.38	1.58	1.17	1.77	2.08	1.85	1.63	2.15	2.11	1.44	1.23	1.36	1.52	1.6	1.67	1.95	2.11	2.56	3.15	1.92	1.38	1.39	0.74	1.11	1.09	1.25	1.2	1.15	1.11	1.42	1.6	2.1	1.26	1.4	0.92	1.16	1.51	2.07	2.61	3.17	2.61	1.55	1.39	1.8	1.83	1.83	1.52	1.41	2.15	1.85	1.73	2.22	2.15	2.87	1.93	1.76	2.24	2.59	2.26	0.94	1.92	1.83	1.2	1.7	2.39	2.66	2.37	1.49	1.14	1.54	2.12	1.87	1.58	1.81	1.8	1.68	1.48	1.74	2.39	2.24	2.77	3.26	2.32	1.92	2.15	2.94	2.47	1.84	2.02	0.46	0.94	1.27	1.91	1.96	1.82	2.11	1.85	1.39	1.63	2.11	1.99	1.87	1.1	1.27	1.69	1.97	2.28	2.54	0.94	1.68	1.58	1.24	1.44	1.78	2.02	2.21	2.32	2.36	1.97	1.49	1.61	1.85	1.7	2.03	1.67	1.75	1.58	1.54	1.59	1.87	1.84	1.44	1.15	1.75	1.41	1.37	1.56	1.69	1.83	2.17	1.86	1.37	1.54	1.32	1.69	2.12	2.19	2.46	2.48	1.64	2.38	1.58	1.17	1.77	2.08	1.85	1.63	2.15	2.11	1.44	1.23	1.36	1.52	1.6	1.67	1.95	2.11	2.56	3.15	1.92	1.38	1.39	0.74	1.11	1.09
1.0	2.0	3.0	4.0	5.0	6.0	7.0	8.0	9.0	10.0	11.0	12.0	13.0	14.0	15.0	16.0	17.0	18.0	19.0	20.0	21.0	22.0	23.0	24.0	25.0	26.0	27.0	28.0	29.0	30.0	31.0	32.0	33.0	34.0	35.0	36.0	37.0	38.0	39.0	40.0	41.0	42.0	43.0	44.0	45.0	46.0	47.0	48.0	49.0	50.0	51.0	52.0	53.0	54.0	55.0	56.0	57.0	58.0	59.0	60.0	61.0	62.0	63.0	64.0	65.0	66.0	67.0	68.0	69.0	70.0	71.0	72.0	73.0	74.0	75.0	76.0	77.0	78.0	79.0	80.0	81.0	82.0	83.0	84.0	85.0	86.0	87.0	88.0	89.0	90.0	91.0	92.0	93.0	94.0	95.0	96.0	97.0	98.0	99.0	100.0	101.0	102.0	103.0	104.0	105.0	106.0	107.0	108.0	109.0	110.0	111.0	112.0	113.0	114.0	115.0	116.0	117.0	118.0	119.0	120.0	121.0	122.0	123.0	124.0	125.0	126.0	127.0	128.0	129.0	130.0	131.0	132.0	133.0	134.0	135.0	136.0	137.0	138.0	139.0	140.0	141.0	142.0	143.0	144.0	145.0	146.0	147.0	148.0	149.0	149.0	150.0	151.0	152.0	153.0	154.0	155.0	156.0	157.0	158.0	159.0	160.0	161.0	162.0	163.0	164.0	165.0	166.0	167.0	168.0	169.0	170.0	171.0	172.0	173.0	174.0	175.0	176.0	177.0	178.0	179.0	180.0	181.0	182.0	183.0	184.0	185.0	186.0	187.0	188.0	189.0	190.0	191.0	192.0	193.0	194.0	195.0	196.0	197.0	198.0	199.0	200.0	201.0	202.0	203.0	204.0	205.0	206.0	207.0	208.0	209.0	210.0	211.0	212.0	213.0	214.0	215.0	216.0	217.0	218.0	219.0	220.0	221.0	222.0	223.0	224.0	225.0	226.0	227.0	228.0	229.0	230.0	231.0	232.0	233.0	234.0	235.0	236.0	237.0	238.0	239.0	240.0	241.0	242.0	243.0	244.0	245.0	246.0	247.0	248.0	249.0	250.0	251.0	252.0	253.0	254.0	255.0	256.0	257.0	258.0	259.0	260.0	261.0	262.0	263.0	264.0	265.0	266.0	267.0	268.0	269.0	270.0	271.0	272.0	273.0	274.0	275.0	276.0	277.0	278.0	279.0	280.0	281.0	282.0	283.0	284.0	285.0	286.0	287.0	288.0	289.0	290.0	291.0	292.0	293.0	294.0	295.0	296.0	297.0
5894.318414768691
