4492.507498229622	300.0	2000.0	75.01571858228561	0	0.0	4492.507498229622	1	0	1	-1.1593795338840243
4732.806594636058	2000.0	2759.700903593563	0.0	0	0.0	4492.507498229622	1	0	1	-0.7153523137889228
5311.094697983022	3000.0	3123.5839899119037	0.0	0	0.0	4434.678687894926	1	0	2	0.8071448882137946
5611.987893963932	3000.0	3792.601474332903	0.0	0	0.0	4404.589368296835	1	0	2	1.4338583391834163
6200.0	3000.0	4145.788157693227	0.0	0	141.80438194449744	4345.788157693228	1	0	2	1.4583227917652661
7200.0	6000.0	4145.788157693229	0.0	0	29.253580090997275	4345.78815769323	1	0	1	1.4703135086101957
8214.862580718062	6000.0	4130.925576975167	0.0	0	0.0	4345.78815769323	1	0	1	2.3634606891701404
9638.729484738386	6000.0	3707.058672954846	0.0	0	0.0	4345.788157693232	1	0	1	2.3634606891701395
10708.273257785257	6000.0	3637.514899907974	0.0	0	0.0	4345.7881576932305	1	0	1	2.36346068917014
11978.066979782343	6000.0	3367.7211779108884	0.0	0	0.0	4345.788157693231	1	0	1	2.3634606891701395
12680.222347192159	3000.0	3595.3502737600925	0.0	0	0.0	4275.572620952253	1	0	2	0.6075346701963817
13200.0	3000.0	4023.594855671463	0.0	0	136.59568275954553	4223.594855671465	1	0	2	1.5237067678551737
14200.0	3000.0	3923.5948556714625	0.0	0	368.7166250120281	4123.594855671465	1	0	2	1.5634473151095287
15499.586915562644	6000.0	3624.00794010882	0.0	0	0.0	4123.594855671465	1	0	1	1.58126625757004
16678.567002136886	6000.0	3445.027853534577	0.0	0	0.0	4123.594855671463	1	0	1	2.4744134381299854
17405.52738659095	3000.0	3645.371430635109	0.0	0	0.0	4050.898817226058	1	0	2	0.7129779937632605
18200.0	3000.0	3771.4515558851567	0.0	0	320.27235866468254	3971.4515558851544	1	0	2	1.6339482028554846
19200.0	3000.0	3671.4515558851626	0.0	0	548.7498072059352	3871.4515558851563	1	0	2	1.6718026203516487
20200.0	3000.0	3571.4515558851617	0.0	0	606.0117499907574	3771.4515558851526	1	0	2	1.7093759483017343
21200.0	3000.0	3471.451555885164	0.0	0	614.5075918521543	3671.4515558851563	1	0	2	1.7440631602640866
22200.0	6000.0	3471.451555885166	0.0	0	45.482711182401545	3671.4515558851563	1	0	1	1.757331471597885
23542.755182565008	6000.0	3128.696373320157	0.0	0	0.0	3671.4515558851526	1	0	1	2.6504786521578314
24497.107173612974	6000.0	3174.344382272187	0.0	0	0.0	3671.4515558851526	1	0	1	2.6504786521578314
25200.0	3000.0	3401.1622732464602	0.0	0	284.13412486098605	3601.162273246453	1	0	2	0.8767449432298611
26523.77471048877	6000.0	3077.3875627576913	0.0	0	0.0	3601.162273246453	1	0	1	1.7794301112687059
27250.327512956803	3000.0	3278.179480042861	0.0	0	0.0	3528.506992999657	1	0	2	0.9026604241871415
28200.0	3000.0	3233.539744295344	0.0	0	365.0447148299281	3433.53974429534	1	0	2	1.8175082717591042
29264.375701336732	6000.0	3169.164042958614	0.0	0	0.0	3433.5397442953363	1	0	1	1.8271618909905212
30200.0	3000.0	3139.9773144290184	0.0	0	272.0778110460087	3339.9773144290084	1	0	2	0.9492623752186273
31499.19919177362	6000.0	2840.7781226554016	0.0	0	0.0	3339.9773144290084	1	0	1	1.8509797963441454
32200.0	3000.0	3069.8972336063844	0.0	0	47.538339257258485	3269.897233606367	1	0	2	0.9696793723639933
33200.0	6000.0	3069.8972336063866	0.0	0	145.34904707819078	3269.8972336063707	1	0	1	1.8675945603053106
34204.55361696354	6000.0	3065.34361664285	0.0	0	0.0	3269.897233606367	1	0	1	2.7607417408652557
35466.54162913533	6000.0	2803.355604471063	0.0	0	0.0	3269.897233606378	1	0	1	2.760741740865255
36736.87471663539	6000.0	2533.0225169710047	0.0	0	0.0	3269.8972336063744	1	0	1	2.7607417408652535
37758.39502966747	6000.0	2511.502203938932	0.0	0	0.0	3269.897233606367	1	0	1	2.7607417408652557
38452.55621988608	3000.0	2747.924894698452	0.0	0	0.0	3200.4811145845015	1	0	2	0.9861585739970461
39200.0	3000.0	2925.736736573133	0.0	0	87.9186897299951	3125.7367365731116	1	0	2	1.8937794679584297
40436.54133177056	6000.0	2689.195404802572	0.0	0	0.0	3125.7367365731116	1	0	1	1.8987132450938653
41233.98012022845	6000.0	2891.756616344678	0.0	0	0.0	3125.7367365731043	1	0	1	2.791860425653812
42200.0	6000.0	2925.736736573131	0.0	0	226.25606985300692	3125.7367365731043	1	0	1	2.791860425653812
43492.34594115166	6000.0	2633.3907954214746	0.0	0	0.0	3125.736736573097	1	0	1	2.7918604256538138
44200.0	6000.0	2925.736736573133	0.0	0	38.09627057589387	3125.736736573097	1	0	1	2.7918604256538138
45423.511633749076	6000.0	2702.2251028240635	0.0	0	0.0	3125.736736573097	1	0	1	2.7918604256538138
46806.38033541179	6000.0	2319.356401161342	0.0	0	0.0	3125.736736573097	1	0	1	2.7918604256538138
47604.80724301998	3000.0	2441.086802792339	0.0	0	0.0	3045.8940458122815	1	0	2	1.0182873678705484
48200.0	3000.0	2786.374770114321	0.0	0	276.03819107238814	2986.3747701142856	1	0	2	1.9202635767837966
49200.0	6000.0	2786.3747701143234	0.0	0	107.57581713768013	2986.3747701142856	1	0	1	1.925219135044987
50460.70056382278	6000.0	2525.6742062915378	0.0	0	0.0	2986.3747701142856	1	0	1	2.818366315604932
51642.00392595366	6000.0	2344.3708441606627	0.0	0	0.0	2986.3747701142856	1	0	1	2.818366315604932
52648.14878060619	6000.0	2338.2259895081343	0.0	0	0.0	2986.3747701142856	1	0	1	2.818366315604932
53200.0	3000.0	2731.189648174949	0.0	0	80.26866968757531	2931.1896481749063	1	0	2	1.0385949734959459
54637.218667740264	6000.0	2293.970980434686	0.0	0	0.0	2931.1896481749063	1	0	1	1.9348264307852236
55575.72332230973	6000.0	2355.466325865225	0.0	0	0.0	2931.1896481749063	1	0	1	2.827973611345169
56200.0	6000.0	2731.189648174954	0.0	0	10.106164283628459	2931.1896481749063	1	0	1	2.827973611345169
57200.0	6000.0	2731.1896481749477	0.0	0	92.2237903514906	2931.189648174899	1	0	1	2.8279736113451697
58200.0	6000.0	2731.1896481749404	0.0	0	107.14503115257685	2931.1896481748918	1	0	1	2.827973611345171
59377.37475556772	6000.0	2553.8148926072213	0.0	0	0.0	2931.1896481748845	1	0	1	2.827973611345172
60825.62012215466	6000.0	2105.5695260202783	0.0	0	0.0	2931.189648174877	1	0	1	2.8279736113451737
61834.295648723186	6000.0	2096.893999451742	0.0	0	0.0	2931.189648174877	1	0	1	2.8279736113451737
62777.04461427044	6000.0	2154.1450339044904	0.0	0	0.0	2931.18964817487	1	0	1	2.8279736113451746
63617.80876790854	3000.0	2229.304464902573	0.0	0	0.0	2847.11323281104	1	0	2	1.052673867158265
64921.950398463676	6000.0	1925.1628343474317	0.0	0	0.0	2847.1132328110325	1	0	1	1.9485648572199152
65519.603307889556	3000.0	2267.7446339789667	0.0	0	0.0	2787.3479418684437	1	0	2	1.0626768990873994
66200.0	3000.0	2519.3082726574694	0.0	0	163.96814559723134	2719.308272657385	1	0	2	1.9639729493744786
67295.35730723913	6000.0	2423.950965418322	0.0	0	0.0	2719.308272657363	1	0	1	1.9675173888815864
68502.27046994756	6000.0	2217.037802709893	0.0	0	0.0	2719.3082726573484	1	0	1	2.860664569441533
69448.1906049033	6000.0	2271.1176677541584	0.0	0	0.0	2719.308272657334	1	0	1	2.8606645694415365
70643.64599958203	6000.0	2075.662273075429	0.0	0	0.0	2719.308272657334	1	0	1	2.8606645694415365
71631.26388310957	6000.0	2088.044389547881	0.0	0	0.0	2719.308272657334	1	0	1	2.8606645694415365
72686.02620159845	6000.0	2033.2820710590058	0.0	0	0.0	2719.308272657334	1	0	1	2.8606645694415365
73735.071894	6000.0	1984.2363786574751	0.0	0	0.0	2719.308272657334	1	0	1	2.8606645694415365
74685.91875803149	6000.0	2033.3895146259713	0.0	0	0.0	2719.308272657334	1	0	1	2.8606645694415365
75445.82710416679	6000.0	2273.4811684906726	0.0	0	0.0	2719.308272657334	1	0	1	2.8606645694415365
76584.34542592158	6000.0	2134.962846735872	0.0	0	0.0	2719.308272657334	1	0	1	2.8606645694415365
77440.44628984977	6000.0	2278.8619828076708	0.0	0	0.0	2719.308272657334	1	0	1	2.8606645694415365
78200.77962304844	6000.0	2518.528649609001	0.0	0	0.0	2719.308272657334	1	0	1	2.8606645694415365
79200.0	6000.0	2519.3082726574403	0.0	0	5.141382941728807	2719.308272657334	1	0	1	2.8606645694415365
80200.0	6000.0	2519.308272657432	0.0	0	371.4956878013909	2719.308272657334	1	0	1	2.8606645694415365
81382.39113577208	6000.0	2336.9171368853526	0.0	0	0.0	2719.308272657334	1	0	1	2.8606645694415365
82255.71742124336	6000.0	2463.5908514140724	0.0	0	0.0	2719.308272657334	1	0	1	2.8606645694415365
83383.38532284313	6000.0	2335.922949814309	0.0	0	0.0	2719.308272657334	1	0	1	2.8606645694415365
84200.0	6000.0	2519.308272657418	0.0	0	18.789598996387213	2719.308272657334	1	0	1	2.8606645694415365
85674.4368074286	6000.0	2044.871465228826	0.0	0	0.0	2719.308272657334	1	0	1	2.8606645694415365
86711.7924238382	6000.0	2007.5158488192449	0.0	0	0.0	2719.3082726573193	1	0	1	2.860664569441539
87626.99239623114	6000.0	2092.3158764262917	0.0	0	0.0	2719.3082726573193	1	0	1	2.860664569441539
88200.0	6000.0	2519.308272657443	0.0	0	24.100810623494908	2719.308272657334	1	0	1	2.8606645694415365
89200.0	6000.0	2519.3082726574335	0.0	0	374.72456554575183	2719.308272657334	1	0	1	2.8606645694415365
90200.0	6000.0	2519.308272657421	0.0	0	319.74857267357584	2719.308272657334	1	0	1	2.8606645694415365
91395.92936685051	6000.0	2323.3789058069065	0.0	0	0.0	2719.308272657334	1	0	1	2.8606645694415365
93215.07001695942	6000.0	1504.2382556979935	0.0	0	0.0	2719.3082726573484	1	0	1	2.8606645694415347
93733.25192880619	3000.0	1934.2381526665552	0.0	0	0.0	2667.490081472686	1	0	2	1.0797913649515842
94201.4140416959	3000.0	2419.2598284878804	0.0	0	0.0	2620.6738701837166	1	0	2	1.9792163125530715
95200.0	6000.0	2420.6738701837844	0.0	0	154.94673394031997	2620.6738701837166	1	0	1	1.9806841492437837
96200.0	6000.0	2420.6738701837735	0.0	0	237.4522915363341	2620.6738701837166	1	0	1	2.873831329803729
97200.0	6000.0	2420.6738701837653	0.0	0	19.03511452229577	2620.6738701837166	1	0	1	2.873831329803729
99040.76911003799	6000.0	1579.9047601457685	0.0	0	0.0	2620.6738701837166	1	0	1	2.873831329803729
99948.94512796203	3000.0	1580.9111404293128	0.0	0	0.0	2529.856268391304	1	0	2	1.0955840847000984
100720.94292167872	3000.0	1731.7135673409387	0.0	0	0.0	2452.656489019617	1	0	2	1.9985177631188389
101209.6315464308	3000.0	2194.1560801136443	0.0	0	0.0	2403.7876265444065	1	0	2	2.004373920300768
102200.0	3000.0	2104.7507811875275	0.0	0	323.22633041173685	2304.7507811874966	1	0	2	2.011854996515858
103200.0	3000.0	2004.7507811875448	0.0	0	303.10352736017376	2204.750781187511	1	0	2	2.021321483693824
105080.54375678419	6000.0	1124.2070244033666	0.0	0	0.0	2204.7507811875257	1	0	1	2.024542862701015
105489.57075042257	2000.0	1715.1800307650042	0.0	0	0.0	2204.7507811875403	1	0	1	0.7204654659247393
106293.6227024405	6000.0	1911.1280787470944	0.0	0	0.0	2204.7507811875403	1	0	1	1.8190777545928491
107573.96598268415	6000.0	1630.7847985034487	0.0	0	0.0	2204.7507811875403	1	0	1	2.9176900432609587
108496.1680665283	6000.0	1708.5827146593108	0.0	0	0.0	2204.7507811875403	1	0	1	2.9176900432609587
109808.98077016306	6000.0	1395.770011024551	0.0	0	0.0	2204.7507811875403	1	0	1	2.9176900432609587
110359.56566484447	3000.0	1845.1851163431522	0.0	0	0.0	2204.750781187555	1	0	1	1.5313956821410675
111200.0	3000.0	1920.7073476720625	0.0	0	373.6176929127396	2120.7073476719816	1	0	2	1.8286192191881177
112447.88361882966	6000.0	1672.8237288424082	0.0	0	0.0	2120.7073476719816	1	0	1	2.0314874894248165
113331.91710805027	6000.0	1788.7902396218058	0.0	0	0.0	2120.7073476719816	1	0	1	2.924634669984761
114825.11531841959	6000.0	1295.5920292524954	0.0	0	0.0	2120.7073476719816	1	0	1	2.924634669984761
115809.42172414658	6000.0	1311.2856235255015	0.0	0	0.0	2120.7073476719816	1	0	1	2.924634669984761
116413.20006877095	3000.0	1707.507278901134	0.0	0	0.0	2120.707347671967	1	0	1	1.5383403088648726
117406.38812272082	6000.0	1714.3192249512622	0.0	0	0.0	2120.7073476719816	1	0	1	2.2314874894248167
118424.09761332617	6000.0	1696.6097343458973	0.0	0	0.0	2120.707347671996	1	0	1	2.9246346699847603
119393.51098169136	6000.0	1727.1963659806936	0.0	0	0.0	2120.707347671996	1	0	1	2.9246346699847603
120252.40820500194	6000.0	1868.2991426701226	0.0	0	0.0	2120.707347671996	1	0	1	2.9246346699847603
121452.44259739514	6000.0	1668.2647502769182	0.0	0	0.0	2120.707347671996	1	0	1	2.9246346699847603
122274.97765085463	6000.0	1845.7296968174396	0.0	0	0.0	2120.707347671996	1	0	1	2.9246346699847603
123369.86810221632	6000.0	1750.8392454557427	0.0	0	0.0	2120.7073476720107	1	0	1	2.9246346699847594
124211.74237436964	6000.0	1908.964973302434	0.0	0	0.0	2120.7073476720107	1	0	1	2.9246346699847594
125227.90743911025	6000.0	1892.7999085618098	0.0	0	0.0	2120.7073476720107	1	0	1	2.9246346699847594
126239.06115040337	6000.0	1881.6461972686827	0.0	0	0.0	2120.7073476720107	1	0	1	2.9246346699847594
127408.60448176485	6000.0	1712.1028659072124	0.0	0	0.0	2120.7073476720107	1	0	1	2.9246346699847594
128200.0	6000.0	1920.7073476720643	0.0	0	65.52057492631138	2120.7073476720107	1	0	1	2.9246346699847594
129264.75478926336	6000.0	1855.9525584086964	0.0	0	0.0	2120.707347671996	1	0	1	2.9246346699847603
130320.4730245451	6000.0	1800.234323126945	0.0	0	0.0	2120.7073476719816	1	0	1	2.924634669984761
131200.0	6000.0	1920.7073476720504	0.0	0	5.263378429575823	2120.707347671967	1	0	1	2.9246346699847616
132200.0	6000.0	1920.7073476720693	0.0	0	272.73111669920036	2120.7073476719816	1	0	1	2.924634669984762
133239.09725326073	6000.0	1881.610094411342	0.0	0	0.0	2120.707347671996	1	0	1	2.924634669984761
134200.0	6000.0	1920.7073476720855	0.0	0	262.6101733947289	2120.707347671996	1	0	1	2.9246346699847603
135200.0	6000.0	1920.707347672089	0.0	0	3.132011209236225	2120.707347671967	1	0	1	2.9246346699847625
136200.0	6000.0	1920.7073476720789	0.0	0	211.7350891090755	2120.707347671938	1	0	1	2.9246346699847647
137479.95816079443	6000.0	1640.7491868776647	0.0	0	0.0	2120.707347671967	1	0	1	2.9246346699847625
138663.92698267967	6000.0	1456.7803649923821	0.0	0	0.0	2120.707347671967	1	0	1	2.9246346699847625
139466.6686592176	6000.0	1654.0386884544218	0.0	0	0.0	2120.707347671967	1	0	1	2.9246346699847625
140447.85322066495	6000.0	1672.8541270071041	0.0	0	0.0	2120.707347671996	1	0	1	2.9246346699847603
141387.70573789979	6000.0	1733.0016097722962	0.0	0	0.0	2120.707347671996	1	0	1	2.9246346699847603
142286.58822007405	6000.0	1834.1191275980343	0.0	0	0.0	2120.707347671996	1	0	1	2.9246346699847603
143321.56754168798	6000.0	1799.1398059841006	0.0	0	0.0	2120.707347672025	1	0	1	2.924634669984758
144714.93159485262	6000.0	1405.7757528194338	0.0	0	0.0	2120.707347672025	1	0	1	2.924634669984758
146046.7021322546	6000.0	1074.0052154174505	0.0	0	0.0	2120.707347672025	1	0	1	2.924634669984758
146506.23501999295	2000.0	1614.472327679119	0.0	0	0.0	2120.707347672025	1	0	1	0.7274100926485386
147200.0	3000.0	1920.7073476720627	0.0	0	80.97042110402253	2120.707347672025	1	0	1	1.8260223813166483
148413.1942927968	6000.0	1707.513054875271	0.0	0	0.0	2120.707347672025	1	0	1	2.231487489424813
149200.0	3000.0	1920.707347672096	0.0	0	58.155893059651135	2120.707347672025	1	0	1	1.538340308864868
150200.0	3000.0	1820.7073476720777	0.0	0	403.88312611778383	2020.7073476720252	1	0	2	1.836287481202083
151200.0	6000.0	1820.707347672054	0.0	0	278.1550022577576	2020.7073476720252	1	0	1	2.039053058245448
152200.0	6000.0	1820.707347672066	0.0	0	274.9800929452758	2020.7073476720252	1	0	1	2.932200238805393
153200.0	6000.0	1820.7073476720407	0.0	0	248.7698950477061	2020.7073476720252	1	0	1	2.932200238805393
154200.0	6000.0	1820.7073476720427	0.0	0	65.36642781074625	2020.7073476720252	1	0	1	2.932200238805393
155200.0	6000.0	1820.707347672067	0.0	0	65.91706953968969	2020.7073476720252	1	0	1	2.932200238805393
156200.0	6000.0	1820.7073476720614	0.0	0	73.5947637957579	2020.7073476720252	1	0	1	2.932200238805393
157479.11747793917	6000.0	1541.5898697329185	0.0	0	0.0	2020.7073476720252	1	0	1	2.932200238805393
158887.71962786082	6000.0	1132.987719811234	0.0	0	0.0	2020.7073476720252	1	0	1	2.932200238805393
159495.37459153112	3000.0	1525.3327561408894	0.0	0	0.0	2020.707347671996	1	0	1	1.5459058776855041
160200.0	3000.0	1820.7073476720047	0.0	0	210.59515210957034	2020.707347671996	1	0	1	2.23905305824545
161608.11363805243	6000.0	1412.5937096195755	0.0	0	0.0	2020.707347671996	1	0	1	2.2390530582454504
162460.63219112906	6000.0	1560.0751565429339	0.0	0	0.0	2020.707347671996	1	0	1	2.9322002388053954
163233.040126716	6000.0	1787.667220956012	0.0	0	0.0	2020.707347671996	1	0	1	2.9322002388053954
164677.56608948857	6000.0	1343.141258183454	0.0	0	0.0	2020.7073476720252	1	0	1	2.9322002388053945
165773.3057624606	6000.0	1247.4015852113914	0.0	0	0.0	2020.707347671996	1	0	1	2.9322002388053945
166200.0	2000.0	1820.7073476719888	0.0	0	54.870229701307835	2020.707347671996	1	0	1	0.7349756614691758
167200.0	3000.0	1820.7073476720088	0.0	0	527.6498839461419	2020.707347671996	1	0	1	1.8335879501372856
168200.0	6000.0	1820.7073476720066	0.0	0	106.82546673773322	2020.707347671996	1	0	1	2.2390530582454504
169238.40644695784	6000.0	1782.3009007141677	0.0	0	0.0	2020.707347671996	1	0	1	2.9322002388053954
170200.0	6000.0	1820.70734767201	0.0	0	111.89764311810723	2020.707347671996	1	0	1	2.9322002388053954
171470.89348451095	6000.0	1549.8138631610625	0.0	0	0.0	2020.7073476720252	1	0	1	2.932200238805393
172514.96888849445	6000.0	1505.7384591775367	0.0	0	0.0	2020.7073476720252	1	0	1	2.932200238805393
173601.59841318463	6000.0	1419.1089344873442	0.0	0	0.0	2020.7073476720543	1	0	1	2.932200238805391
174846.9193974653	6000.0	1173.7879502066842	0.0	0	0.0	2020.7073476720252	1	0	1	2.932200238805393
175403.05793679453	3000.0	1617.6494108774548	0.0	0	0.0	2020.7073476720252	1	0	1	1.5459058776855032
176200.0	3000.0	1741.0131413514566	0.0	0	8.252042152103968	1941.01314135149	1	0	2	1.8432212831842254
177308.75530657914	6000.0	1632.2578347723204	0.0	0	0.0	1941.013141351461	1	0	1	2.0445818582508855
178731.1325921627	6000.0	1209.880549188743	0.0	0	0.0	1941.013141351461	1	0	1	2.9377290388108306
179291.49489118622	2000.0	1649.518250165201	0.0	0	0.0	1941.0131413514318	1	0	1	0.7405044614746135
180200.0	3000.0	1741.0131413514168	0.0	0	319.1244155850727	1941.0131413514027	1	0	1	1.839116750142725
181200.0	3000.0	1641.0131413514061	0.0	0	519.1817850318912	1841.0131413513445	1	0	2	1.8485040167636682
182309.93855571872	6000.0	1531.0745856326887	0.0	0	0.0	1841.0131413513445	1	0	1	2.0509434116887424
183200.0	6000.0	1641.013141351425	0.0	0	259.16647848914727	1841.0131413513445	1	0	1	2.9440905922486875
184200.0	6000.0	1641.013141351424	0.0	0	202.8607073482417	1841.0131413513445	1	0	1	2.9440905922486875
185200.0	6000.0	1641.0131413514414	0.0	0	282.4349877444329	1841.0131413513736	1	0	1	2.9440905922486857
186724.62293300242	6000.0	1116.3902083490127	0.0	0	0.0	1841.0131413513445	1	0	1	2.9440905922486875
187473.07776673458	3000.0	1367.9353746168379	0.0	0	0.0	1841.0131413513736	1	0	1	1.5577962311287972
188386.0899007517	6000.0	1454.9232405997302	0.0	0	0.0	1841.0131413513736	1	0	1	2.250943411688742
189694.72983224902	6000.0	1146.2833091023706	0.0	0	0.0	1841.0131413513736	1	0	1	2.9440905922486857
190200.0	3000.0	1641.0131413513873	0.0	0	57.49489938115585	1841.0131413513736	1	0	1	1.5577962311287963
191200.0	6000.0	1641.0131413514055	0.0	0	250.62792952172458	1841.0131413514027	1	0	1	2.2509434116887395
192200.0	6000.0	1641.0131413513766	0.0	0	64.34273425050196	1841.0131413514027	1	0	1	2.9440905922486844
193200.0	6000.0	1641.013141351386	0.0	0	108.12934956618119	1841.0131413513736	1	0	1	2.9440905922486857
194982.35144412148	6000.0	858.6616972299092	0.0	0	0.0	1841.0131413513736	1	0	1	2.9440905922486857
195376.6503880432	2000.0	1464.3627533081424	0.0	0	0.0	1841.0131413513736	1	0	1	0.7468660149124667
196200.0	3000.0	1641.0131413513413	0.0	0	202.59254909312585	1841.0131413513736	1	0	1	1.8454783035805766
197200.0	3000.0	1641.0131413513664	0.0	0	550.1718033561774	1841.0131413514027	1	0	1	2.250943411688739
198200.0	6000.0	1641.0131413513534	0.0	0	177.0576314162463	1841.0131413514027	1	0	1	2.2509434116887395
199693.84743539008	6000.0	1147.165705961274	0.0	0	0.0	1841.0131413514318	1	0	1	2.9440905922486835
200233.9637329575	2000.0	1607.0494083938913	0.0	0	0.0	1841.0131413514318	1	0	1	0.7468660149124632
201200.0	3000.0	1641.0131413513695	0.0	0	323.2910024844459	1841.0131413514318	1	0	1	1.8454783035805729
202200.0	6000.0	1641.0131413513523	0.0	0	343.3982907059253	1841.0131413514027	1	0	1	2.2509434116887395
203694.0170989899	6000.0	1146.9960423614584	0.0	0	0.0	1841.0131413514027	1	0	1	2.9440905922486844
204367.52311162386	3000.0	1473.4900297275033	0.0	0	0.0	1841.0131413514027	1	0	1	1.5577962311287943
205417.07020635795	6000.0	1423.9429349934444	0.0	0	0.0	1841.0131413514027	1	0	1	2.2509434116887395
206351.00165497896	6000.0	1490.0114863724302	0.0	0	0.0	1841.0131413514318	1	0	1	2.9440905922486826
207332.61481718262	6000.0	1508.3983241687595	0.0	0	0.0	1841.0131413514318	1	0	1	2.9440905922486826
208549.7699376746	6000.0	1291.2432036767823	0.0	0	0.0	1841.01314135149	1	0	1	2.9440905922486795
209731.33018307443	6000.0	1109.68295827695	0.0	0	0.0	1841.013141351461	1	0	1	2.9440905922486804
210200.0	3000.0	1641.0131413513554	0.0	0	14.15766134482692	1841.01314135149	1	0	1	1.557796231128789
211269.20630779758	6000.0	1571.8068335537791	0.0	0	0.0	1841.01314135149	1	0	1	2.2509434116887337
212785.72091322148	6000.0	1055.292228129894	0.0	0	0.0	1841.01314135149	1	0	1	2.9440905922486786
213250.47006227687	2000.0	1590.5430790745195	0.0	0	0.0	1841.0131413515192	1	0	1	0.7468660149124579
214200.0	3000.0	1641.0131413513825	0.0	0	319.22838775641867	1841.0131413515192	1	0	1	1.8454783035805677
215200.0	3000.0	1641.0131413513793	0.0	0	486.5759163403418	1841.0131413515192	1	0	1	2.2509434116887324
216235.2207507918	6000.0	1605.7923905595499	0.0	0	0.0	1841.01314135149	1	0	1	2.2509434116887337
217338.18279470078	6000.0	1502.8303466505781	0.0	0	0.0	1841.0131413515192	1	0	1	2.944090592248677
218200.0	6000.0	1641.01314135136	0.0	0	91.18382869972265	1841.0131413515483	1	0	1	2.9440905922486755
219200.0	6000.0	1641.0131413513689	0.0	0	98.49905670629232	1841.0131413515192	1	0	1	2.944090592248677
220200.0	6000.0	1641.013141351369	0.0	0	103.1034082135302	1841.0131413515483	1	0	1	2.9440905922486755
221200.0	6000.0	1641.013141351375	0.0	0	238.98061200921074	1841.0131413515483	1	0	1	2.9440905922486755
222200.0	6000.0	1641.0131413513866	0.0	0	27.71886130780331	1841.0131413515192	1	0	1	2.944090592248677
223252.05423259275	6000.0	1588.9589087586148	0.0	0	0.0	1841.0131413515483	1	0	1	2.9440905922486755
224200.0	6000.0	1641.0131413513948	0.0	0	89.87692097507534	1841.0131413515483	1	0	1	2.9440905922486755
225430.65737694467	6000.0	1410.3557644067253	0.0	0	0.0	1841.0131413515483	1	0	1	2.9440905922486755
226200.0	6000.0	1641.0131413513695	0.0	0	90.42551800387446	1841.0131413515483	1	0	1	2.9440905922486755
227200.0	6000.0	1641.0131413513866	0.0	0	413.26546770505956	1841.0131413515483	1	0	1	2.9440905922486755
228387.55809468543	6000.0	1453.455046665964	0.0	0	0.0	1841.0131413515192	1	0	1	2.944090592248677
229284.2934208587	6000.0	1556.7197204927063	0.0	0	0.0	1841.0131413515192	1	0	1	2.944090592248677
230369.32038262786	6000.0	1471.6927587235634	0.0	0	0.0	1841.0131413515483	1	0	1	2.944090592248677
231200.0	6000.0	1641.0131413514123	0.0	0	73.66492390222265	1841.0131413515483	1	0	1	2.9440905922486755
232775.98490277427	6000.0	1065.0282385771334	0.0	0	0.0	1841.0131413515192	1	0	1	2.944090592248676
233385.03648562403	3000.0	1455.976655727413	0.0	0	0.0	1841.0131413515483	1	0	1	1.557796231128787
234879.84388537917	6000.0	961.1692559722585	0.0	0	0.0	1841.0131413515192	1	0	1	2.250943411688732
235404.62530797816	2000.0	1436.3878333733053	0.0	0	0.0	1841.0131413515483	1	0	1	0.7468660149124562
236200.0	3000.0	1641.0131413514096	0.0	0	379.4740789477946	1841.0131413515192	1	0	1	1.8454783035805677
237200.0	6000.0	1641.0131413513957	0.0	0	74.36119863408385	1841.0131413515192	1	0	1	2.2509434116887324
238200.0	6000.0	1641.0131413514068	0.0	0	232.8065793949063	1841.0131413515192	1	0	1	2.944090592248677
239200.0	6000.0	1641.013141351417	0.0	0	86.63520100928145	1841.0131413515192	1	0	1	2.944090592248677
240418.2333747871	6000.0	1422.7797665643434	0.0	0	0.0	1841.0131413515192	1	0	1	2.944090592248677
241596.8645660489	6000.0	1244.1485753025538	0.0	0	0.0	1841.0131413515483	1	0	1	2.9440905922486755
242200.0	2000.0	1641.0131413514023	0.0	0	39.794377337326296	1841.0131413515192	1	0	1	0.7468660149124579
243200.0	3000.0	1641.013141351418	0.0	0	367.65632928101695	1841.01314135149	1	0	1	1.8454783035805693
244338.3456191609	6000.0	1502.6675221905443	0.0	0	0.0	1841.013141351461	1	0	1	2.2509434116887355
245509.01068108922	6000.0	1332.0024602622348	0.0	0	0.0	1841.013141351461	1	0	1	2.9440905922486804
246738.96372125053	6000.0	1102.0494201009194	0.0	0	0.0	1841.013141351461	1	0	1	2.9440905922486804
247301.37542939425	2000.0	1539.6377119572073	0.0	0	0.0	1841.01314135149	1	0	1	0.7468660149124595
248200.0	2000.0	1641.0131413514384	0.0	0	489.9984470587806	1841.013141351461	1	0	1	1.845478303580571
249587.76035700671	6000.0	1253.2527843447556	0.0	0	0.0	1841.01314135149	1	0	1	1.84547830358057
250200.0	3000.0	1641.013141351447	0.0	0	103.73615511940443	1841.01314135149	1	0	1	1.557796231128789
251784.82224105607	6000.0	1056.1909002953694	0.0	0	0.0	1841.01314135149	1	0	1	2.2509434116887337
252318.8806902637	2000.0	1522.132451087747	0.0	0	0.0	1841.01314135149	1	0	1	0.7468660149124595
253200.0	3000.0	1641.0131413514505	0.0	0	313.7568934583105	1841.0131413515192	1	0	1	1.8454783035805677
254200.0	3000.0	1641.0131413514491	0.0	0	352.22014659058186	1841.0131413515192	1	0	1	2.2509434116887324
255200.0	3000.0	1641.0131413514516	0.0	0	461.6487421891652	1841.0131413515192	1	0	1	2.2509434116887324
256386.53303644943	6000.0	1454.4801049020546	0.0	0	0.0	1841.01314135149	1	0	1	2.2509434116887324
257562.9066311145	6000.0	1278.1065102369525	0.0	0	0.0	1841.01314135149	1	0	1	2.9440905922486786
258742.31904082198	6000.0	1098.6941005294716	0.0	0	0.0	1841.013141351461	1	0	1	2.9440905922486795
259320.12091385087	2000.0	1520.8922275005896	0.0	0	0.0	1841.0131413514318	1	0	1	0.7468660149124632
260200.0	3000.0	1641.0131413515116	0.0	0	415.072320765903	1841.0131413514318	1	0	1	1.8454783035805729
261566.17559509104	6000.0	1274.8375462604622	0.0	0	0.0	1841.013141351461	1	0	1	2.250943411688737
262625.1381886771	6000.0	1215.8749526744118	0.0	0	0.0	1841.0131413514318	1	0	1	2.944090592248683
263976.46032778104	6000.0	864.5528135705083	0.0	0	0.0	1841.0131413515192	1	0	1	2.9440905922486778
264458.6028027789	3000.0	1382.4103385726896	0.0	0	0.0	1841.0131413515192	1	0	1	1.5577962311287874
265200.0	3000.0	1641.013141351591	0.0	0	144.14935710997088	1841.0131413515192	1	0	1	2.2509434116887324
266200.0	6000.0	1641.0131413516579	0.0	0	71.91548502730438	1841.0131413515192	1	0	1	2.2509434116887324
267200.0	6000.0	1641.0131413516476	0.0	0	208.83603332960047	1841.0131413515192	1	0	1	2.944090592248677
268392.6513950959	6000.0	1448.3617462557404	0.0	0	0.0	1841.0131413515192	1	0	1	2.944090592248677
269200.0	6000.0	1641.0131413517013	0.0	0	78.99694900796749	1841.0131413515192	1	0	1	2.944090592248677
270259.21610937745	6000.0	1581.7970319742758	0.0	0	0.0	1841.0131413515774	1	0	1	2.9440905922486738
271247.21340099204	6000.0	1593.7997403596917	0.0	0	0.0	1841.0131413515192	1	0	1	2.944090592248677
272266.4301904969	6000.0	1574.5829508548493	0.0	0	0.0	1841.0131413515192	1	0	1	2.944090592248677
273200.0	6000.0	1641.0131413517474	0.0	0	355.80324028548785	1841.0131413515192	1	0	1	2.944090592248677
274512.1517693036	6000.0	1328.8613720481392	0.0	0	0.0	1841.0131413515774	1	0	1	2.9440905922486755
275200.0	6000.0	1641.0131413517486	0.0	0	80.48891947575612	1841.0131413515774	1	0	1	2.9440905922486738
276200.0	6000.0	1641.0131413517647	0.0	0	25.941352342255414	1841.0131413515774	1	0	1	2.9440905922486738
277200.0	6000.0	1641.0131413517238	0.0	0	124.20315153052798	1841.0131413515192	1	0	1	2.944090592248677
278200.0	6000.0	1641.0131413517533	0.0	0	160.49042139481753	1841.0131413515192	1	0	1	2.944090592248677
279200.0	6000.0	1641.0131413517308	0.0	0	155.26797155756503	1841.013141351461	1	0	1	2.9440905922486804
280338.63667312614	6000.0	1502.3764682255833	0.0	0	0.0	1841.013141351461	1	0	1	2.9440905922486804
281200.0	6000.0	1641.0131413517224	0.0	0	29.247944298258517	1841.013141351461	1	0	1	2.9440905922486804
282380.20685191115	6000.0	1460.8062894405348	0.0	0	0.0	1841.013141351461	1	0	1	2.9440905922486804
283200.0	6000.0	1641.0131413516378	0.0	0	57.76333036611322	1841.013141351461	1	0	1	2.9440905922486804
284200.0	6000.0	1641.0131413516497	0.0	0	251.18511314329226	1841.013141351461	1	0	1	2.9440905922486804
285200.0	6000.0	1641.0131413516067	0.0	0	240.91758827242302	1841.013141351461	1	0	1	2.9440905922486804
286320.28204012575	6000.0	1520.7311012258335	0.0	0	0.0	1841.013141351461	1	0	1	2.9440905922486804
287602.81671337393	6000.0	1238.196427977671	0.0	0	0.0	1841.013141351461	1	0	1	2.9440905922486804
288501.6780414938	6000.0	1339.3350998577857	0.0	0	0.0	1841.0131413515192	1	0	1	2.944090592248677
289200.0	3000.0	1641.0131413515358	0.0	0	139.5245389007614	1841.013141351461	1	0	1	1.557796231128791
290200.0	6000.0	1641.0131413515592	0.0	0	278.2400603495771	1841.013141351461	1	0	1	2.2509434116887355
291200.0	6000.0	1641.013141351567	0.0	0	348.0287465470028	1841.013141351461	1	0	1	2.9440905922486804
292200.0	6000.0	1641.0131413515246	0.0	0	21.042642659973353	1841.013141351461	1	0	1	2.9440905922486804
293861.67622043856	6000.0	979.3369209129864	0.0	0	0.0	1841.0131413514027	1	0	1	2.944090592248683
294250.3453915911	2000.0	1590.667749760482	0.0	0	0.0	1841.0131413514027	1	0	1	0.7468660149124648
295200.0	3000.0	1641.0131413515485	0.0	0	268.77388410340063	1841.013141351461	1	0	1	1.8454783035805713
296387.7416487677	6000.0	1453.2714925838345	0.0	0	0.0	1841.013141351461	1	0	1	2.250943411688733
297421.923169997	6000.0	1419.0899713545925	0.0	0	0.0	1841.0131413515192	1	0	1	2.9440905922486795
298212.3408316262	3000.0	1628.6723097253898	0.0	0	0.0	1841.0131413515192	1	0	1	1.5577962311287874
299200.0	2000.0	1641.0131413516337	0.0	0	643.544992969837	1841.0131413515192	1	0	1	1.440013195472403
300200.0	3000.0	1541.013141351652	0.0	0	583.0618869177415	1741.0131413515774	1	0	2	1.4490070232319723
7.32	8.87	5.62	6.83	4.34	6.32	5.76	3.95	7.04	5.94	4.98	5.55	4.47	5.53	5.19	7.48	7.04	6.3	5.54	4.87	5.98	4.97	4.84	7.65	3.73	4.66	5.55	5.77	6.2	7.69	5.72	6.87	4.03	4.74	5.9	5.51	6.39	8.02	5.99	8.53	3.28	4.99	4.0	7.55	6.6	4.58	3.85	5.0	7.22	4.24	4.83	7.67	6.61	5.46	5.32	5.2	5.85	6.95	3.32	5.31	4.75	6.82	7.02	6.22	6.15	5.4	6.19	7.1	6.31	6.49	9.15	5.97	7.91	8.72	6.57	9.3	5.78	7.23	4.12	6.5	5.02	5.24	6.58	8.83	7.46	7.43	6.53	4.26	3.98	5.47	6.16	6.89	7.34	3.39	5.05	4.07	5.19	4.08	5.17	4.39	3.7	8.2	6.05	5.95	6.57	4.31	8.44	4.31	7.89	4.71	6.63	5.36	4.98	7.27	6.7	8.42	4.88	6.96	5.73	8.63	5.85	8.39	6.55	6.63	7.42	6.01	5.72	8.73	6.21	7.8	7.33	6.61	6.31	3.41	6.41	5.64	7.29	7.29	6.28	4.0	5.87	5.03	6.37	5.47	3.23	5.53	7.67	9.52	6.37	4.43	7.32	8.87	5.62	6.83	4.34	6.32	5.76	3.95	7.04	5.94	4.98	5.55	4.47	5.53	5.19	7.48	7.04	6.3	5.54	4.87	5.98	4.97	4.84	7.65	3.73	4.66	5.55	5.77	6.2	7.69	5.72	6.87	4.03	4.74	5.9	5.51	6.39	8.02	5.99	8.53	3.28	4.99	4.0	7.55	6.6	4.58	3.85	5.0	7.22	4.24	4.83	7.67	6.61	5.46	5.32	5.2	5.85	6.95	3.32	5.31	4.75	6.82	7.02	6.22	6.15	5.4	6.19	7.1	6.31	6.49	9.15	5.97	7.91	8.72	6.57	9.3	5.78	7.23	4.12	6.5	5.02	5.24	6.58	8.83	7.46	7.43	6.53	4.26	3.98	5.47	6.16	6.89	7.34	3.39	5.05	4.07	5.19	4.08	5.17	4.39	3.7	8.2	6.05	5.95	6.57	4.31	8.44	4.31	7.89	4.71	6.63	5.36	4.98	7.27	6.7	8.42	4.88	6.96	5.73	8.63	5.85	8.39	6.55	6.63	7.42	6.01	5.72	8.73	6.21	7.8	7.33	6.61	6.31	3.41	6.41	5.64	7.29	7.29	6.28	4.0	5.87	5.03	6.37	5.47	3.23	5.53	7.67	9.52	6.37	4.43
1.0	2.0	3.0	4.0	5.0	6.0	7.0	8.0	9.0	10.0	11.0	12.0	13.0	14.0	15.0	16.0	17.0	18.0	19.0	20.0	21.0	22.0	23.0	24.0	25.0	26.0	27.0	28.0	29.0	30.0	31.0	32.0	33.0	34.0	35.0	36.0	37.0	38.0	39.0	40.0	41.0	42.0	43.0	44.0	45.0	46.0	47.0	48.0	49.0	50.0	51.0	52.0	53.0	54.0	55.0	56.0	57.0	58.0	59.0	60.0	61.0	62.0	63.0	64.0	65.0	66.0	67.0	68.0	69.0	70.0	71.0	72.0	73.0	74.0	75.0	76.0	77.0	78.0	79.0	80.0	81.0	82.0	83.0	84.0	85.0	86.0	87.0	88.0	89.0	90.0	91.0	92.0	93.0	94.0	95.0	96.0	97.0	98.0	99.0	100.0	101.0	102.0	103.0	104.0	105.0	106.0	107.0	108.0	109.0	110.0	111.0	112.0	113.0	114.0	115.0	116.0	117.0	118.0	119.0	120.0	121.0	122.0	123.0	124.0	125.0	126.0	127.0	128.0	129.0	130.0	131.0	132.0	133.0	134.0	135.0	136.0	137.0	138.0	139.0	140.0	141.0	142.0	143.0	144.0	145.0	146.0	147.0	148.0	149.0	149.0	150.0	151.0	152.0	153.0	154.0	155.0	156.0	157.0	158.0	159.0	160.0	161.0	162.0	163.0	164.0	165.0	166.0	167.0	168.0	169.0	170.0	171.0	172.0	173.0	174.0	175.0	176.0	177.0	178.0	179.0	180.0	181.0	182.0	183.0	184.0	185.0	186.0	187.0	188.0	189.0	190.0	191.0	192.0	193.0	194.0	195.0	196.0	197.0	198.0	199.0	200.0	201.0	202.0	203.0	204.0	205.0	206.0	207.0	208.0	209.0	210.0	211.0	212.0	213.0	214.0	215.0	216.0	217.0	218.0	219.0	220.0	221.0	222.0	223.0	224.0	225.0	226.0	227.0	228.0	229.0	230.0	231.0	232.0	233.0	234.0	235.0	236.0	237.0	238.0	239.0	240.0	241.0	242.0	243.0	244.0	245.0	246.0	247.0	248.0	249.0	250.0	251.0	252.0	253.0	254.0	255.0	256.0	257.0	258.0	259.0	260.0	261.0	262.0	263.0	264.0	265.0	266.0	267.0	268.0	269.0	270.0	271.0	272.0	273.0	274.0	275.0	276.0	277.0	278.0	279.0	280.0	281.0	282.0	283.0	284.0	285.0	286.0	287.0	288.0	289.0	290.0	291.0	292.0	293.0	294.0	295.0	296.0	297.0	298.0	298.0
4356.345191159009
