3296.1110695918305	300.0	2000.0	113.63460704966012	0	0.0	3296.1110695918305	1	0	1	-0.9182516837949356
3646.3377921287192	2000.0	2649.7732774631113	0.0	0	0.0	3296.1110695918305	1	0	1	-0.2410865826025445
4200.0	3000.0	3040.744848804702	0.0	0	20.942831202740308	3240.744848804702	1	0	2	1.2657110292485223
5200.0	3000.0	2940.7448488047007	0.0	0	570.4911798449411	3140.7448488047007	1	0	2	1.8873081626668735
6200.0	6000.0	2940.744848804702	0.0	0	313.1238608294998	3140.744848804702	1	0	1	1.8956560906274453
7340.11443960209	6000.0	2800.630409202612	0.0	0	0.0	3140.744848804702	1	0	1	2.78880327118739
8512.41641894468	6000.0	2628.328429860021	0.0	0	0.0	3140.744848804701	1	0	1	2.78880327118739
9844.371188649595	6000.0	2296.373660155107	0.0	0	0.0	3140.744848804701	1	0	1	2.78880327118739
10394.454676561863	3000.0	2691.2818234516103	0.0	0	0.0	3085.7365000134723	1	0	2	1.0104991435302622
11200.0	3000.0	2805.18196766966	0.0	0	110.03489546341916	3005.1819676696578	1	0	2	1.9169935719482187
12200.0	6000.0	2805.18196766966	0.0	0	46.24468768409315	3005.1819676696596	1	0	1	1.921833477786914
13282.755537499143	6000.0	2722.4264301705193	0.0	0	0.0	3005.1819676696596	1	0	1	2.814980658346859
14238.59074873079	6000.0	2766.591218938873	0.0	0	0.0	3005.1819676696596	1	0	1	2.814980658346859
15260.850194841607	6000.0	2744.331772828055	0.0	0	0.0	3005.1819676696596	1	0	1	2.814980658346859
16202.811390795781	6000.0	2802.370576873882	0.0	0	0.0	3005.1819676696596	1	0	1	2.814980658346859
17200.0	6000.0	2805.181967669667	0.0	0	135.66719931449552	3005.1819676696614	1	0	1	2.814980658346859
18300.203356975526	6000.0	2704.9786106941415	0.0	0	0.0	3005.1819676696614	1	0	1	2.814980658346859
19200.0	6000.0	2805.181967669668	0.0	0	87.51631140948666	3005.1819676696596	1	0	1	2.814980658346859
20204.71740205433	6000.0	2800.4645656153325	0.0	0	0.0	3005.1819676696578	1	0	1	2.8149806583468595
21593.69204887248	6000.0	2411.4899187971855	0.0	0	0.0	3005.1819676696614	1	0	1	2.814980658346859
22362.815006660818	3000.0	2565.454665230017	0.0	0	0.0	2928.26967189083	1	0	2	1.0393141848181422
23687.478008942675	6000.0	2240.791662948161	0.0	0	0.0	2928.26967189083	1	0	1	1.9353214651605348
24707.474125490375	6000.0	2220.79554640046	0.0	0	0.0	2928.26967189083	1	0	1	2.8284686457204797
25651.110862729864	6000.0	2277.158809160971	0.0	0	0.0	2928.26967189083	1	0	1	2.8284686457204797
26881.9632904805	6000.0	2046.306381410333	0.0	0	0.0	2928.26967189083	1	0	1	2.8284686457204797
27485.816652945978	3000.0	2382.0676826983095	0.0	0	0.0	2867.8843356442812	1	0	2	1.0496579982670857
28345.855830385735	6000.0	2522.0285052585514	0.0	0	0.0	2867.8843356442812	1	0	1	1.9452684527894468
29200.0	6000.0	2667.8843356442862	0.0	0	405.8122863405624	2867.8843356442812	1	0	1	2.838415633349392
30200.0	6000.0	2667.884335644288	0.0	0	101.49389843178506	2867.8843356442812	1	0	1	2.838415633349392
31372.737873346316	6000.0	2495.1464622979756	0.0	0	0.0	2867.8843356442812	1	0	1	2.838415633349392
32210.237908594554	6000.0	2657.646427049735	0.0	0	0.0	2867.8843356442812	1	0	1	2.838415633349392
33200.0	6000.0	2667.884335644289	0.0	0	449.61974676249156	2867.8843356442812	1	0	1	2.838415633349392
34806.07233023723	6000.0	2061.81200540706	0.0	0	0.0	2867.8843356442812	1	0	1	2.838415633349392
35834.66428708815	6000.0	2033.2200485561468	0.0	0	0.0	2867.8843356442885	1	0	1	2.8384156333493915
37165.28607593531	6000.0	1702.598259708976	0.0	0	0.0	2867.8843356442885	1	0	1	2.838415633349391
38175.458404250705	6000.0	1692.4259313935797	0.0	0	0.0	2867.8843356442885	1	0	1	2.838415633349391
39097.045415384186	6000.0	1770.8389202600986	0.0	0	0.0	2867.8843356442885	1	0	1	2.838415633349391
40388.62847162361	6000.0	1479.2558640206753	0.0	0	0.0	2867.8843356442885	1	0	1	2.838415633349391
40840.8099744359	2000.0	1981.8562109271531	0.0	0	0.0	2822.6661853630503	1	0	2	0.24649365792977646
41443.84087723183	3000.0	2318.522217851629	0.0	0	0.0	2762.363095083456	1	0	2	1.5539152574461919
42320.0048401303	6000.0	2442.3582549531557	0.0	0	0.0	2762.363095083456	1	0	1	1.961380834485486
43200.0	6000.0	2562.363095083453	0.0	0	83.18361706705036	2762.363095083456	1	0	1	2.854528015045431
44996.129870136814	6000.0	1766.2332249466363	0.0	0	0.0	2762.363095083456	1	0	1	2.854528015045431
45560.02771591048	3000.0	2145.945594595609	0.0	0	0.0	2705.973310506095	1	0	2	1.0742897579230333
46448.46263436718	6000.0	2257.5106761389184	0.0	0	0.0	2705.9733105061023	1	0	1	1.969368872032685
47200.0	6000.0	2505.973310506097	0.0	0	13.798006419528974	2705.9733105061096	1	0	1	2.862516052592629
48402.28561490634	6000.0	2303.687695599752	0.0	0	0.0	2705.9733105061096	1	0	1	2.862516052592629
49223.12450041117	6000.0	2482.848810094917	0.0	0	0.0	2705.9733105061096	1	0	1	2.862516052592629
50200.0	6000.0	2505.97331050609	0.0	0	289.42656493736285	2705.9733105061096	1	0	1	2.862516052592629
51200.0	6000.0	2505.973310506101	0.0	0	149.89115636779752	2705.9733105061096	1	0	1	2.862516052592629
52200.0	6000.0	2505.973310506097	0.0	0	145.79959164674074	2705.9733105061096	1	0	1	2.862516052592629
53200.0	6000.0	2505.9733105060864	0.0	0	293.8687051840752	2705.9733105061096	1	0	1	2.862516052592629
54200.0	6000.0	2505.973310506088	0.0	0	98.16623722542863	2705.973310506117	1	0	1	2.862516052592628
55200.0	6000.0	2505.973310506094	0.0	0	529.8488367446189	2705.973310506117	1	0	1	2.862516052592628
56200.0	6000.0	2505.9733105060914	0.0	0	167.7316761967304	2705.973310506117	1	0	1	2.862516052592628
57200.0	6000.0	2505.973310506099	0.0	0	127.02613167923118	2705.973310506117	1	0	1	2.862516052592628
58200.0	6000.0	2505.973310506095	0.0	0	87.14480557119532	2705.973310506117	1	0	1	2.862516052592628
59200.0	6000.0	2505.9733105060955	0.0	0	98.81099562410236	2705.973310506117	1	0	1	2.862516052592628
60398.596351438784	6000.0	2307.376959067311	0.0	0	0.0	2705.973310506117	1	0	1	2.862516052592628
61280.519211673796	6000.0	2425.4540988322924	0.0	0	0.0	2705.9733105061096	1	0	1	2.862516052592629
62200.0	6000.0	2505.973310506088	0.0	0	45.78575345136778	2705.9733105061096	1	0	1	2.862516052592629
63200.0	6000.0	2505.9733105060945	0.0	0	105.88933176144928	2705.973310506117	1	0	1	2.862516052592628
64200.0	6000.0	2505.973310506096	0.0	0	41.10926890375413	2705.973310506117	1	0	1	2.862516052592628
65200.0	6000.0	2505.9733105060927	0.0	0	15.296726150445465	2705.973310506117	1	0	1	2.862516052592628
66703.57231730786	6000.0	2002.4009931982444	0.0	0	0.0	2705.9733105061314	1	0	1	2.8625160525926265
67720.59067745537	6000.0	1985.3826330507306	0.0	0	0.0	2705.9733105061314	1	0	1	2.8625160525926265
68771.52127585575	6000.0	1934.452034650366	0.0	0	0.0	2705.9733105061314	1	0	1	2.8625160525926265
69552.24047746096	6000.0	2153.732833045158	0.0	0	0.0	2705.9733105061314	1	0	1	2.8625160525926265
70530.32440774774	6000.0	2175.6489027583775	0.0	0	0.0	2705.9733105061314	1	0	1	2.8625160525926265
71681.25498452786	6000.0	2024.7183259782644	0.0	0	0.0	2705.9733105061314	1	0	1	2.8625160525926265
72528.10192894598	6000.0	2177.8713815601436	0.0	0	0.0	2705.9733105061314	1	0	1	2.8625160525926265
73200.0	6000.0	2505.9733105061396	0.0	0	44.94019065183238	2705.973310506117	1	0	1	2.862516052592628
74464.27079575564	6000.0	2241.702514750505	0.0	0	0.0	2705.973310506117	1	0	1	2.862516052592628
75612.20603833931	6000.0	2093.7672721668278	0.0	0	0.0	2705.973310506117	1	0	1	2.862516052592628
76594.62713263523	6000.0	2111.346177870913	0.0	0	0.0	2705.973310506117	1	0	1	2.862516052592628
77596.30822701169	6000.0	2109.665083494442	0.0	0	0.0	2705.973310506117	1	0	1	2.862516052592628
78989.3416087554	6000.0	1716.6317017507306	0.0	0	0.0	2705.973310506117	1	0	1	2.862516052592628
79944.1616761655	6000.0	1761.8116343406543	0.0	0	0.0	2705.973310506117	1	0	1	2.862516052592628
80441.17501303351	3000.0	2215.096963785829	0.0	0	0.0	2656.2719768193056	1	0	2	1.08131933267607
81527.58152149743	6000.0	2128.690455321913	0.0	0	0.0	2656.2719768193056	1	0	1	1.9760709872881292
82758.15964239776	6000.0	1898.112334421568	0.0	0	0.0	2656.2719768193056	1	0	1	2.869218167848074
83531.44349985017	6000.0	2124.82847696916	0.0	0	0.0	2656.2719768193056	1	0	1	2.869218167848074
84737.34945354707	6000.0	1918.9225232722579	0.0	0	0.0	2656.2719768193056	1	0	1	2.869218167848074
85655.24706275591	6000.0	2001.0249140634178	0.0	0	0.0	2656.27197681932	1	0	1	2.8692181678480724
86255.09151795198	6000.0	2401.1804588673385	0.0	0	0.0	2656.27197681932	1	0	1	2.8692181678480724
87200.0	6000.0	2456.271976819314	0.0	0	349.3145992135105	2656.27197681932	1	0	1	2.8692181678480724
88382.24268498123	6000.0	2274.0292918380846	0.0	0	0.0	2656.27197681932	1	0	1	2.8692181678480724
89560.77819353089	6000.0	2095.493783288446	0.0	0	0.0	2656.27197681932	1	0	1	2.8692181678480724
90889.97852985602	6000.0	1766.2934469633087	0.0	0	0.0	2656.2719768193347	1	0	1	2.8692181678480706
91863.26774333601	6000.0	1793.00423348332	0.0	0	0.0	2656.27197681932	1	0	1	2.8692181678480724
92560.68472328842	6000.0	2095.5872535309036	0.0	0	0.0	2656.27197681932	1	0	1	2.8692181678480724
93589.12115617146	6000.0	2067.150820647861	0.0	0	0.0	2656.27197681932	1	0	1	2.8692181678480724
94591.86572087678	6000.0	2064.406255942532	0.0	0	0.0	2656.27197681932	1	0	1	2.8692181678480724
96064.87681220984	6000.0	1591.3951646094945	0.0	0	0.0	2656.27197681932	1	0	1	2.8692181678480724
96523.50878050394	3000.0	2086.899999485985	0.0	0	0.0	2610.4087799899135	1	0	2	1.0873154742903894
97200.0	3000.0	2342.759658040313	0.0	0	56.74764923081966	2542.7596580403188	1	0	2	1.9881371553813807
98302.35213083039	6000.0	2240.407527209917	0.0	0	0.0	2542.7596580403188	1	0	1	1.9902609099542312
99200.0	6000.0	2342.759658040295	0.0	0	68.46957840117102	2542.7596580403188	1	0	1	2.8834080905141763
100200.0	6000.0	2342.7596580403024	0.0	0	285.72064144021715	2542.7596580403188	1	0	1	2.8834080905141763
101200.0	6000.0	2342.759658040299	0.0	0	286.0151583667903	2542.7596580403188	1	0	1	2.8834080905141763
102666.57335093782	6000.0	1876.1863071024866	0.0	0	0.0	2542.7596580403188	1	0	1	2.8834080905141763
103944.92738595247	6000.0	1597.83227208783	0.0	0	0.0	2542.7596580403188	1	0	1	2.8834080905141763
105333.97273440176	6000.0	1208.7869236385513	0.0	0	0.0	2542.7596580403188	1	0	1	2.8834080905141763
105979.01209272923	3000.0	1499.243629478344	0.0	0	0.0	2478.25572220757	1	0	2	1.10275267494971
106708.65289878566	3000.0	1696.6387428162861	0.0	0	0.0	2405.2916416019434	1	0	2	2.003610469872405
107200.0	3000.0	2156.1569314805147	0.0	0	65.09350115858251	2356.156931480524	1	0	2	2.008979673772112
108206.76380900454	6000.0	2149.3931224759763	0.0	0	0.0	2356.156931480524	1	0	1	2.010534910189098
109443.61210828632	6000.0	1912.5448231941928	0.0	0	0.0	2356.156931480524	1	0	1	2.9036820907490437
111134.94139752182	6000.0	1221.215533958701	0.0	0	0.0	2356.156931480524	1	0	1	2.9036820907490437
111842.40154091423	3000.0	1443.0093762270492	0.0	0	0.0	2285.410917141271	1	0	2	1.1226020509332728
112297.68645363288	3000.0	1942.1959722365398	0.0	0	0.0	2239.882425869422	1	0	2	2.020512961842325
113467.76671435553	6000.0	1772.1157115139133	0.0	0	0.0	2239.8824258694367	1	0	1	2.0214702687908375
114266.38909599901	6000.0	1973.49332987044	0.0	0	0.0	2239.8824258694513	1	0	1	2.9146174493507813
115450.48006606486	6000.0	1789.4023598045826	0.0	0	0.0	2239.8824258694367	1	0	1	2.9146174493507826
116902.11933084195	6000.0	1337.7630950275059	0.0	0	0.0	2239.8824258694367	1	0	1	2.9146174493507826
117947.25563702428	6000.0	1292.6267888451662	0.0	0	0.0	2239.882425869422	1	0	1	2.9146174493507844
118541.8994416805	3000.0	1697.9829841889366	0.0	0	0.0	2239.8824258694076	1	0	1	1.5283230882308956
119835.19270455558	6000.0	1404.6897213138495	0.0	0	0.0	2239.882425869393	1	0	1	2.2214702687908416
120782.95766444955	6000.0	1456.9247614198748	0.0	0	0.0	2239.882425869393	1	0	1	2.9146174493507866
121331.40224739414	3000.0	1908.4801784753015	0.0	0	0.0	2239.882425869393	1	0	1	1.5283230882308967
122346.07539602258	6000.0	1893.8070298468506	0.0	0	0.0	2239.882425869393	1	0	1	2.2214702687908416
123200.0	6000.0	2039.8824258694503	0.0	0	85.46592283145583	2239.882425869393	1	0	1	2.9146174493507866
124807.66221544513	6000.0	1432.220210424311	0.0	0	0.0	2239.882425869393	1	0	1	2.9146174493507866
126076.82264821595	6000.0	1163.0597776534821	0.0	0	0.0	2239.882425869393	1	0	1	2.9146174493507866
126410.5710922207	2000.0	1829.3113336487322	0.0	0	0.0	2239.882425869393	1	0	1	0.7173928720145673
127683.45148929609	6000.0	1556.4309365733598	0.0	0	0.0	2239.882425869393	1	0	1	1.816005160682677
128394.71453632033	3000.0	1774.0415848466796	0.0	0	0.0	2168.756121166967	1	0	2	1.1328866096565593
129215.96324400687	3000.0	1952.792877160151	0.0	0	0.0	2168.756121166967	1	0	1	2.0275857081335578
130411.86975615316	6000.0	1756.8863650138628	0.0	0	0.0	2168.756121166967	1	0	1	2.2275857081335575
131781.08614837978	6000.0	1387.6699727872808	0.0	0	0.0	2168.7561211669963	1	0	1	2.920732888693501
132618.16572575548	6000.0	1550.5903954115859	0.0	0	0.0	2168.7561211669818	1	0	1	2.9207328886935002
133756.53475753847	6000.0	1412.2213636286176	0.0	0	0.0	2168.756121167011	1	0	1	2.9207328886934993
134876.15879847173	6000.0	1292.597322695346	0.0	0	0.0	2168.756121167011	1	0	1	2.9207328886934993
135983.05248803864	6000.0	1185.7036331284116	0.0	0	0.0	2168.756121167011	1	0	1	2.9207328886934993
136413.1516634665	3000.0	1755.6044577005484	0.0	0	0.0	2168.756121167011	1	0	1	1.5344385275736094
137200.0	6000.0	1968.7561211670475	0.0	0	19.891040122660343	2168.75612116704	1	0	1	2.2275857081335513
138404.0205880059	6000.0	1764.7355331611745	0.0	0	0.0	2168.756121167069	1	0	1	2.920732888693494
139431.8928245551	6000.0	1736.8632966119642	0.0	0	0.0	2168.75612116704	1	0	1	2.9207328886934962
140688.85818571504	6000.0	1479.8979354520602	0.0	0	0.0	2168.75612116704	1	0	1	2.9207328886934962
141747.6387083293	6000.0	1421.1174128377875	0.0	0	0.0	2168.75612116704	1	0	1	2.9207328886934962
142346.17354902206	2000.0	1762.7290880757675	0.0	0	0.0	2108.902637097781	1	0	2	0.32743497208877664
143456.18011929328	6000.0	1652.7225178045494	0.0	0	0.0	2108.902637097781	1	0	1	1.626953779719912
144206.69396934204	6000.0	1902.2086677557734	0.0	0	0.0	2108.902637097781	1	0	1	2.925566068388022
145200.0	3000.0	1908.9026370977924	0.0	0	410.5427648143086	2108.902637097781	1	0	1	1.539271707268132
146200.0	3000.0	1908.9026370978154	0.0	0	184.0445442647033	2108.902637097781	1	0	1	2.232418887828077
147629.6048515494	6000.0	1479.297785548391	0.0	0	0.0	2108.902637097781	1	0	1	2.232418887828077
149012.24255235045	6000.0	1096.660084747377	0.0	0	0.0	2108.90263709781	1	0	1	2.925566068388019
149471.11983563096	3000.0	1637.782801466838	0.0	0	0.0	2108.902637097781	1	0	1	1.539271707268132
150200.0	3000.0	1836.0146206608742	0.0	0	291.75992657773895	2036.0146206608915	1	0	2	1.8355800652274898
151646.53256118184	6000.0	1389.48205947906	0.0	0	0.0	2036.0146206609206	1	0	1	2.037941616866145
152391.7116076853	3000.0	1644.303012975615	0.0	0	0.0	2036.0146206609206	1	0	1	1.5447944363062005
153593.83848246798	6000.0	1442.1761381929302	0.0	0	0.0	2036.0146206609206	1	0	1	2.237941616866145
154290.65697404565	6000.0	1745.357646615262	0.0	0	0.0	2036.0146206608915	1	0	1	2.931088797426092
155200.0	6000.0	1836.0146206609043	0.0	0	20.870500093355076	2036.0146206608915	1	0	1	2.931088797426092
156553.30988806623	6000.0	1482.704732594688	0.0	0	0.0	2036.0146206608915	1	0	1	2.931088797426092
158243.35973055824	6000.0	792.6548901026939	0.0	0	0.0	2036.0146206609206	1	0	1	2.9310887974260904
158681.0575259074	2000.0	1354.9570947535408	0.0	0	0.0	2036.0146206609206	1	0	1	0.733864220089871
159200.0	2000.0	1836.0146206609445	0.0	0	65.52537856448907	2036.0146206608915	1	0	1	1.832476508757981
160200.0	3000.0	1836.014620660973	0.0	0	471.31574292853475	2036.0146206608915	1	0	1	1.832476508757983
161200.0	3000.0	1836.0146206609943	0.0	0	576.6224554196524	2036.0146206608915	1	0	1	2.2379416168661477
162200.0	6000.0	1836.0146206609506	0.0	0	128.68878326617414	2036.0146206608624	1	0	1	2.2379416168661477
163200.0	6000.0	1836.0146206610004	0.0	0	18.463648900506087	2036.0146206608915	1	0	1	2.931088797426092
164544.1380402572	6000.0	1491.8765804037484	0.0	0	0.0	2036.0146206608624	1	0	1	2.931088797426094
165554.4107355923	6000.0	1481.603885068658	0.0	0	0.0	2036.0146206608915	1	0	1	2.931088797426092
166385.6035944476	6000.0	1650.4110262133922	0.0	0	0.0	2036.0146206609497	1	0	1	2.9310887974260886
167339.08293537286	6000.0	1696.9316852881202	0.0	0	0.0	2036.0146206609497	1	0	1	2.9310887974260877
168200.0	6000.0	1836.0146206609736	0.0	0	88.34056846529711	2036.0146206609206	1	0	1	2.9310887974260886
169200.0	6000.0	1836.0146206609804	0.0	0	157.20702138979686	2036.0146206609497	1	0	1	2.9310887974260895
170630.19034397125	6000.0	1405.8242766897142	0.0	0	0.0	2036.0146206609206	1	0	1	2.9310887974260895
171826.2493147419	6000.0	1209.765305919075	0.0	0	0.0	2036.0146206609206	1	0	1	2.9310887974260904
172933.94396084142	6000.0	1102.0706598195327	0.0	0	0.0	2036.0146206609206	1	0	1	2.9310887974260904
173482.73368851814	3000.0	1553.2809321428224	0.0	0	0.0	2036.0146206609206	1	0	1	1.5447944363062005
175053.80986592622	6000.0	982.2047547347507	0.0	0	0.0	2036.0146206609497	1	0	1	2.2379416168661432
175424.82413865288	2000.0	1611.190482008055	0.0	0	0.0	2036.0146206609206	1	0	1	0.733864220089871
176200.0	3000.0	1836.014620660938	0.0	0	171.13099352215067	2036.0146206609206	1	0	1	1.8324765087579808
177200.0	6000.0	1836.0146206609459	0.0	0	289.7681022809993	2036.0146206609206	1	0	1	2.237941616866145
178200.0	6000.0	1836.0146206609056	0.0	0	350.1586391987221	2036.0146206609206	1	0	1	2.9310887974260904
179210.45869629254	6000.0	1825.555924368375	0.0	0	0.0	2036.0146206609497	1	0	1	2.9310887974260877
180558.3582917508	6000.0	1477.656328910082	0.0	0	0.0	2036.0146206609206	1	0	1	2.9310887974260895
181271.8282960076	6000.0	1764.1863246533087	0.0	0	0.0	2036.0146206609206	1	0	1	2.9310887974260904
182200.0	6000.0	1836.0146206609163	0.0	0	7.851368436997291	2036.0146206609206	1	0	1	2.9310887974260904
183503.70415163477	6000.0	1532.3104690261816	0.0	0	0.0	2036.0146206609206	1	0	1	2.9310887974260904
184405.41464495182	6000.0	1630.599975709142	0.0	0	0.0	2036.0146206609206	1	0	1	2.9310887974260904
185665.82706194266	6000.0	1370.18755871832	0.0	0	0.0	2036.0146206609206	1	0	1	2.9310887974260904
186348.59725189823	3000.0	1687.4173687627722	0.0	0	0.0	2036.0146206609206	1	0	1	1.5447944363062005
187338.56337418174	6000.0	1697.4512464792358	0.0	0	0.0	2036.0146206608915	1	0	1	2.2379416168661477
188414.73920034608	6000.0	1621.2754203149277	0.0	0	0.0	2036.0146206608915	1	0	1	2.931088797426092
189421.04035189425	6000.0	1614.9742687667522	0.0	0	0.0	2036.0146206608915	1	0	1	2.931088797426092
190200.0	3000.0	1836.0146206609747	0.0	0	110.90831954707392	2036.0146206608915	1	0	1	1.5447944363062027
191200.0	6000.0	1836.0146206609732	0.0	0	42.09778170482605	2036.0146206608915	1	0	1	2.2379416168661477
192200.0	6000.0	1836.0146206609832	0.0	0	361.681423093396	2036.0146206608915	1	0	1	2.931088797426092
194123.3319160628	6000.0	912.6827045981834	0.0	0	0.0	2036.0146206608915	1	0	1	2.931088797426092
194441.4839153118	2000.0	1594.530705349199	0.0	0	0.0	2036.0146206608915	1	0	1	0.7338642200898732
195200.0	3000.0	1836.0146206610032	0.0	0	170.64960984440404	2036.0146206608624	1	0	1	1.8324765087579833
196200.0	6000.0	1836.0146206610084	0.0	0	282.6067818081938	2036.0146206608333	1	0	1	2.2379416168661503
197200.0	6000.0	1836.01462066101	0.0	0	81.36306909436826	2036.0146206608042	1	0	1	2.931088797426097
198200.0	6000.0	1836.0146206609747	0.0	0	29.24752424407052	2036.014620660775	1	0	1	2.931088797426099
199200.0	6000.0	1836.0146206609884	0.0	0	205.71750373847317	2036.014620660775	1	0	1	2.9310887974261006
200200.0	6000.0	1836.0146206609886	0.0	0	164.79337833626778	2036.014620660775	1	0	1	2.9310887974261006
201200.0	6000.0	1836.0146206609945	0.0	0	507.6948889026826	2036.0146206608042	1	0	1	2.9310887974260984
202200.0	6000.0	1836.0146206610107	0.0	0	286.2650276812201	2036.0146206608333	1	0	1	2.9310887974260984
203200.0	6000.0	1836.0146206610204	0.0	0	395.0720533801941	2036.0146206608333	1	0	1	2.9310887974260966
204200.0	6000.0	1836.014620661018	0.0	0	324.5895157518389	2036.0146206608042	1	0	1	2.9310887974260984
205200.0	6000.0	1836.0146206610068	0.0	0	169.10754121327773	2036.0146206608042	1	0	1	2.9310887974260984
206200.0	6000.0	1836.014620661037	0.0	0	158.80101585396915	2036.0146206608333	1	0	1	2.9310887974260984
207200.0	6000.0	1836.0146206610423	0.0	0	209.72287023285753	2036.0146206608333	1	0	1	2.9310887974260966
208200.0	6000.0	1836.0146206610484	0.0	0	209.66080397029873	2036.0146206608333	1	0	1	2.9310887974260966
209200.0	6000.0	1836.0146206610402	0.0	0	109.63177137784078	2036.0146206608333	1	0	1	2.9310887974260966
210239.16521240326	6000.0	1796.8494082577972	0.0	0	0.0	2036.0146206608333	1	0	1	2.9310887974260966
211200.0	6000.0	1836.0146206610493	0.0	0	110.78811139025493	2036.0146206608333	1	0	1	2.9310887974260966
212539.7972731959	6000.0	1496.2173474651252	0.0	0	0.0	2036.0146206608333	1	0	1	2.9310887974260966
213409.7332837751	6000.0	1626.2813368859318	0.0	0	0.0	2036.0146206608333	1	0	1	2.9310887974260966
214728.31425217554	6000.0	1307.7003684855245	0.0	0	0.0	2036.0146206608624	1	0	1	2.931088797426095
216199.86238496465	6000.0	836.1522356964272	0.0	0	0.0	2036.0146206608915	1	0	1	2.931088797426092
216667.88011913243	2000.0	1368.1345015286345	0.0	0	0.0	2036.0146206608915	1	0	1	0.7338642200898732
217284.3876572319	3000.0	1751.6269634291693	0.0	0	0.0	2036.0146206609206	1	0	1	1.8324765087579813
218200.0	6000.0	1836.014620661096	0.0	0	12.75656785001047	2036.0146206609497	1	0	1	2.237941616866145
219200.0	6000.0	1836.0146206610643	0.0	0	293.09050691354787	2036.0146206609497	1	0	1	2.9310887974260877
220342.06972833967	6000.0	1693.9448923213743	0.0	0	0.0	2036.0146206609497	1	0	1	2.9310887974260877
221200.0	6000.0	1836.0146206610282	0.0	0	38.84571440212312	2036.0146206609497	1	0	1	2.9310887974260877
222200.0	6000.0	1836.0146206610402	0.0	0	423.7344676917419	2036.0146206609206	1	0	1	2.9310887974260886
223511.1412530353	6000.0	1524.8733676257266	0.0	0	0.0	2036.0146206609497	1	0	1	2.9310887974260877
224401.65742145563	6000.0	1634.357199205396	0.0	0	0.0	2036.0146206609497	1	0	1	2.9310887974260877
225290.9800916286	6000.0	1745.034529032444	0.0	0	0.0	2036.0146206609497	1	0	1	2.9310887974260877
226200.0	6000.0	1836.0146206610468	0.0	0	6.519297680584714	2036.0146206609497	1	0	1	2.9310887974260877
227200.0	6000.0	1836.0146206610298	0.0	0	156.87555595114827	2036.0146206609497	1	0	1	2.9310887974260877
228396.84023858552	6000.0	1639.174382075488	0.0	0	0.0	2036.0146206609206	1	0	1	2.9310887974260904
229269.27803365138	6000.0	1766.7365870096037	0.0	0	0.0	2036.0146206609206	1	0	1	2.9310887974260904
230200.0	6000.0	1836.0146206609961	0.0	0	152.75288597421604	2036.0146206609497	1	0	1	2.9310887974260877
231368.37730259582	6000.0	1667.6373180651601	0.0	0	0.0	2036.0146206609206	1	0	1	2.9310887974260904
232324.9767409673	6000.0	1711.0378796936543	0.0	0	0.0	2036.0146206609206	1	0	1	2.9310887974260904
233368.2137250243	6000.0	1667.8008956366764	0.0	0	0.0	2036.0146206609206	1	0	1	2.9310887974260904
234294.3460364346	6000.0	1741.6685842263469	0.0	0	0.0	2036.0146206609206	1	0	1	2.9310887974260904
235260.1418711873	6000.0	1775.8727494736504	0.0	0	0.0	2036.0146206609206	1	0	1	2.9310887974260904
236200.0	6000.0	1836.0146206609622	0.0	0	214.6478495321062	2036.0146206609206	1	0	1	2.9310887974260904
237544.67308237444	6000.0	1491.3415382865185	0.0	0	0.0	2036.0146206609206	1	0	1	2.9310887974260904
238761.5938165637	6000.0	1274.4208040972942	0.0	0	0.0	2036.0146206609206	1	0	1	2.9310887974260904
240083.59235591977	6000.0	952.422264741198	0.0	0	0.0	2036.0146206608915	1	0	1	2.931088797426092
240525.0902023059	2000.0	1510.9244183550497	0.0	0	0.0	2036.0146206608624	1	0	1	0.7338642200898752
241398.10977042618	6000.0	1637.904850234783	0.0	0	0.0	2036.0146206608915	1	0	1	1.8324765087579833
242200.0	6000.0	1836.0146206609293	0.0	0	227.61155810017954	2036.0146206608915	1	0	1	2.931088797426092
243200.0	6000.0	1836.014620660938	0.0	0	143.60313221655088	2036.0146206608915	1	0	1	2.931088797426092
244342.81900551394	6000.0	1693.1956151469967	0.0	0	0.0	2036.0146206608915	1	0	1	2.931088797426092
245910.5067721405	6000.0	1125.5078485204426	0.0	0	0.0	2036.0146206608915	1	0	1	2.931088797426092
246506.87608895678	3000.0	1529.138531704173	0.0	0	0.0	2036.0146206608915	1	0	1	1.5447944363062027
247229.9613383842	6000.0	1806.0532822767398	0.0	0	0.0	2036.0146206608915	1	0	1	2.2379416168661477
248200.0	6000.0	1836.0146206609447	0.0	0	56.02364021263202	2036.0146206608915	1	0	1	2.9310887974260904
249373.6205435472	6000.0	1662.3940771137413	0.0	0	0.0	2036.0146206608624	1	0	1	2.931088797426094
250496.74800333427	6000.0	1539.2666173266953	0.0	0	0.0	2036.0146206608915	1	0	1	2.931088797426092
251830.64723180362	6000.0	1205.3673888573303	0.0	0	0.0	2036.0146206609206	1	0	1	2.9310887974260904
253575.1850826187	6000.0	460.8295380422534	0.0	0	0.0	2036.0146206609206	1	0	1	2.9310887974260904
254230.34630666501	2000.0	805.6683139959562	0.0	0	0.0	2036.0146206609206	1	0	1	0.733864220089871
254856.60983961675	2000.0	1179.4047810442044	0.0	0	0.0	2036.0146206609206	1	0	1	1.8324765087579806
255362.09529945272	2000.0	1673.919321208252	0.0	0	0.0	2036.0146206609497	1	0	1	1.8324765087579786
256200.0	3000.0	1836.0146206609757	0.0	0	196.68013868684648	2036.0146206609788	1	0	1	1.8324765087579766
257200.0	3000.0	1836.0146206609745	0.0	0	587.4035083733324	2036.0146206609788	1	0	1	2.237941616866141
258200.0	6000.0	1836.0146206609732	0.0	0	71.94694393870304	2036.0146206609788	1	0	1	2.2379416168661406
259615.52490593007	6000.0	1420.4897147308925	0.0	0	0.0	2036.0146206609497	1	0	1	2.9310887974260877
260219.6086762803	3000.0	1816.4059443806445	0.0	0	0.0	2036.0146206609497	1	0	1	1.5447944363061983
261200.0	6000.0	1836.0146206609647	0.0	0	17.92529838581686	2036.0146206609206	1	0	1	2.2379416168661432
262202.34243268694	6000.0	1833.6721879740235	0.0	0	0.0	2036.0146206609497	1	0	1	2.9310887974260895
263289.836521714	6000.0	1746.17809894696	0.0	0	0.0	2036.0146206609497	1	0	1	2.9310887974260886
264248.87401802925	6000.0	1787.14060263167	0.0	0	0.0	2036.0146206609206	1	0	1	2.9310887974260904
265457.1432652035	6000.0	1578.871355457408	0.0	0	0.0	2036.0146206609206	1	0	1	2.9310887974260904
266662.764581335	6000.0	1373.2500393259756	0.0	0	0.0	2036.0146206609206	1	0	1	2.9310887974260904
267480.68153247633	6000.0	1555.333088184642	0.0	0	0.0	2036.0146206609206	1	0	1	2.9310887974260904
268453.32741288346	6000.0	1582.6872077775042	0.0	0	0.0	2036.0146206608042	1	0	1	2.9310887974260975
269503.8624333208	6000.0	1532.1521873401655	0.0	0	0.0	2036.0146206608624	1	0	1	2.931088797426095
270692.70120388584	6000.0	1343.313416775061	0.0	0	0.0	2036.0146206608042	1	0	1	2.9310887974260984
271933.49753326026	6000.0	1102.5170874006099	0.0	0	0.0	2036.0146206608042	1	0	1	2.9310887974260984
272646.04380510637	3000.0	1389.9708155545477	0.0	0	0.0	2036.0146206608042	1	0	1	1.544794436306209
273200.0	2000.0	1836.0146206608506	0.0	0	180.41712327039568	2036.014620660746	1	0	1	1.4270114006498287
274200.0	3000.0	1836.0146206608686	0.0	0	484.2972041016328	2036.0146206608042	1	0	1	1.8324765087579893
275233.81683086127	6000.0	1802.1977897996446	0.0	0	0.0	2036.0146206608042	1	0	1	2.2379416168661534
276200.0	6000.0	1836.0146206609404	0.0	0	185.47391371772392	2036.0146206608042	1	0	1	2.9310887974260984
277200.0	6000.0	1836.0146206609045	0.0	0	97.50174216402229	2036.0146206608042	1	0	1	2.9310887974260984
278200.0	6000.0	1836.0146206608313	0.0	0	0.09838514641160145	2036.0146206608042	1	0	1	2.9310887974260984
279249.77153384616	6000.0	1786.243086814642	0.0	0	0.0	2036.0146206608042	1	0	1	2.9310887974260984
280200.0	6000.0	1836.014620660861	0.0	0	47.527761217032094	2036.0146206608624	1	0	1	2.931088797426095
281230.06247471215	6000.0	1805.9521459487005	0.0	0	0.0	2036.0146206608624	1	0	1	2.931088797426095
282229.9065399654	6000.0	1806.1080806953878	0.0	0	0.0	2036.0146206608042	1	0	1	2.931088797426096
283374.5517071632	6000.0	1661.4629134975903	0.0	0	0.0	2036.0146206608042	1	0	1	2.9310887974260984
284565.04133936635	6000.0	1470.9732812944744	0.0	0	0.0	2036.0146206608624	1	0	1	2.931088797426095
285558.32175876223	6000.0	1477.692861898546	0.0	0	0.0	2036.0146206608624	1	0	1	2.931088797426095
286605.4478832052	6000.0	1430.5667374555555	0.0	0	0.0	2036.0146206608624	1	0	1	2.931088797426095
287391.8117869021	6000.0	1644.202833758624	0.0	0	0.0	2036.0146206608042	1	0	1	2.9310887974260984
288726.42792177194	6000.0	1309.5866988886853	0.0	0	0.0	2036.014620660746	1	0	1	2.931088797426103
289764.6638642985	6000.0	1271.350756362143	0.0	0	0.0	2036.0146206606878	1	0	1	2.9310887974261073
290576.71249664575	3000.0	1459.3021240148673	0.0	0	0.0	2036.014620660746	1	0	1	1.5447944363062132
291200.0	2000.0	1836.0146206606134	0.0	0	64.60281198902521	2036.014620660746	1	0	1	1.4270114006498287
292276.6498341393	6000.0	1759.3647865213377	0.0	0	0.0	2036.014620660746	1	0	1	1.8324765087579933
293200.0	6000.0	1836.0146206606028	0.0	0	34.31538068136433	2036.014620660746	1	0	1	2.931088797426103
294704.7879268688	6000.0	1331.2266937918052	0.0	0	0.0	2036.014620660746	1	0	1	2.931088797426103
295348.71120290586	3000.0	1687.303417754792	0.0	0	0.0	2036.0146206608042	1	0	1	1.544794436306209
296590.4199265441	6000.0	1445.594694116509	0.0	0	0.0	2036.014620660746	1	0	1	2.237941616866158
297200.0	3000.0	1775.0566133150858	0.0	0	23.025810027960688	1975.056613315246	1	0	2	1.1480170121390771
298200.0	6000.0	1775.056613315046	0.0	0	110.40876558626769	1975.056613315246	1	0	1	2.0422719912450282
299475.86613809067	6000.0	1499.190475224416	0.0	0	0.0	1975.056613315246	1	0	1	2.9354191718049734
300796.20688903786	6000.0	1178.8497242772025	0.0	0	0.0	1975.056613315246	1	0	1	2.9354191718049734
5.05	7.85	8.25	4.58	5.21	4.54	5.25	4.47	6.54	7.37	5.28	5.38	5.26	6.85	5.14	6.41	5.9	6.0	4.71	6.16	5.91	5.55	4.24	6.72	6.65	11.1	6.64	4.65	6.61	9.61	4.45	5.42	6.56	5.02	6.44	7.02	4.97	3.8	6.1	8.44	5.11	3.23	5.61	6.41	6.26	7.01	8.25	6.75	9.86	9.02	8.2	11.9	5.7	7.6	7.69	6.45	5.65	7.55	7.51	5.42	7.21	6.6	5.36	4.98	5.33	8.79	8.22	6.39	6.53	8.94	5.38	6.32	7.07	6.88	6.28	5.61	4.71	6.82	5.64	7.27	6.9	6.48	7.82	9.52	5.42	6.67	5.78	5.54	6.26	8.98	6.19	5.4	4.54	5.44	7.23	6.09	6.82	7.15	5.42	5.16	5.31	3.21	4.52	5.28	7.33	5.41	4.39	4.38	5.13	5.58	6.17	5.38	4.58	6.32	5.91	6.39	6.16	4.89	5.33	6.1	4.47	5.99	4.68	6.02	5.68	5.18	5.19	5.84	6.13	7.25	6.87	6.7	5.33	7.29	6.7	4.97	5.4	6.06	3.61	5.84	6.79	4.54	4.48	4.58	4.95	6.07	6.22	6.89	4.25	4.01	5.05	7.85	8.25	4.58	5.21	4.54	5.25	4.47	6.54	7.37	5.28	5.38	5.26	6.85	5.14	6.41	5.9	6.0	4.71	6.16	5.91	5.55	4.24	6.72	6.65	11.1	6.64	4.65	6.61	9.61	4.45	5.42	6.56	5.02	6.44	7.02	4.97	3.8	6.1	8.44	5.11	3.23	5.61	6.41	6.26	7.01	8.25	6.75	9.86	9.02	8.2	11.9	5.7	7.6	7.69	6.45	5.65	7.55	7.51	5.42	7.21	6.6	5.36	4.98	5.33	8.79	8.22	6.39	6.53	8.94	5.38	6.32	7.07	6.88	6.28	5.61	4.71	6.82	5.64	7.27	6.9	6.48	7.82	9.52	5.42	6.67	5.78	5.54	6.26	8.98	6.19	5.4	4.54	5.44	7.23	6.09	6.82	7.15	5.42	5.16	5.31	3.21	4.52	5.28	7.33	5.41	4.39	4.38	5.13	5.58	6.17	5.38	4.58	6.32	5.91	6.39	6.16	4.89	5.33	6.1	4.47	5.99	4.68	6.02	5.68	5.18	5.19	5.84	6.13	7.25	6.87	6.7	5.33	7.29	6.7	4.97	5.4	6.06	3.61	5.84	6.79	4.54	4.48	4.58	4.95	6.07	6.22	6.89	4.25	4.01	5.05
1.0	2.0	3.0	4.0	5.0	6.0	7.0	8.0	9.0	10.0	11.0	12.0	13.0	14.0	15.0	16.0	17.0	18.0	19.0	20.0	21.0	22.0	23.0	24.0	25.0	26.0	27.0	28.0	29.0	30.0	31.0	32.0	33.0	34.0	35.0	36.0	37.0	38.0	39.0	40.0	41.0	42.0	43.0	44.0	45.0	46.0	47.0	48.0	49.0	50.0	51.0	52.0	53.0	54.0	55.0	56.0	57.0	58.0	59.0	60.0	61.0	62.0	63.0	64.0	65.0	66.0	67.0	68.0	69.0	70.0	71.0	72.0	73.0	74.0	75.0	76.0	77.0	78.0	79.0	80.0	81.0	82.0	83.0	84.0	85.0	86.0	87.0	88.0	89.0	90.0	91.0	92.0	93.0	94.0	95.0	96.0	97.0	98.0	99.0	100.0	101.0	102.0	103.0	104.0	105.0	106.0	107.0	108.0	109.0	110.0	111.0	112.0	113.0	114.0	115.0	116.0	117.0	118.0	119.0	120.0	121.0	122.0	123.0	124.0	125.0	126.0	127.0	128.0	129.0	130.0	131.0	132.0	133.0	134.0	135.0	136.0	137.0	138.0	139.0	140.0	141.0	142.0	143.0	144.0	145.0	146.0	147.0	148.0	149.0	149.0	150.0	151.0	152.0	153.0	154.0	155.0	156.0	157.0	158.0	159.0	160.0	161.0	162.0	163.0	164.0	165.0	166.0	167.0	168.0	169.0	170.0	171.0	172.0	173.0	174.0	175.0	176.0	177.0	178.0	179.0	180.0	181.0	182.0	183.0	184.0	185.0	186.0	187.0	188.0	189.0	190.0	191.0	192.0	193.0	194.0	195.0	196.0	197.0	198.0	199.0	200.0	201.0	202.0	203.0	204.0	205.0	206.0	207.0	208.0	209.0	210.0	211.0	212.0	213.0	214.0	215.0	216.0	217.0	218.0	219.0	220.0	221.0	222.0	223.0	224.0	225.0	226.0	227.0	228.0	229.0	230.0	231.0	232.0	233.0	234.0	235.0	236.0	237.0	238.0	239.0	240.0	241.0	242.0	243.0	244.0	245.0	246.0	247.0	248.0	249.0	250.0	251.0	252.0	253.0	254.0	255.0	256.0	257.0	258.0	259.0	260.0	261.0	262.0	263.0	264.0	265.0	266.0	267.0	268.0	269.0	270.0	271.0	272.0	273.0	274.0	275.0	276.0	277.0	278.0	279.0	280.0	281.0	282.0	283.0	284.0	285.0	286.0	287.0	288.0	289.0	290.0	291.0	292.0	293.0	294.0	295.0	296.0	297.0	298.0	298.0	299.0
3074.609633635878
