3271.034685520493	500.0	2000.0	104.64341141920224	0	0.0	3271.034685520493	1	0	1	-0.8589285273495194
3621.0475199808034	2000.0	2649.9871655396896	0.0	0	0.0	3271.0346855204925	1	0	1	0.2755734724571561
4469.517341390107	6000.0	2801.517344130387	0.0	0	0.0	3271.0346855204934	1	0	1	1.661867833577047
5616.121710117813	6000.0	2654.91297540268	0.0	0	0.0	3271.0346855204925	1	0	1	2.7604801222451565
6667.040795581802	6000.0	2603.993889938691	0.0	0	0.0	3271.034685520493	1	0	1	2.7604801222451565
7710.752224285419	6000.0	2560.2824612350723	0.0	0	0.0	3271.0346855204925	1	0	1	2.7604801222451565
8493.076507107953	6000.0	2777.9581784125394	0.0	0	0.0	3271.0346855204934	1	0	1	2.7604801222451565
9513.641808046961	6000.0	2757.3928774735296	0.0	0	0.0	3271.0346855204907	1	0	1	2.7604801222451565
10270.485824167774	6000.0	3000.5488613527164	0.0	0	0.0	3271.0346855204907	1	0	1	2.760480122245157
11200.0	6000.0	3071.0346855204893	0.0	0	133.30248678684438	3271.03468552049	1	0	1	2.760480122245157
12200.0	6000.0	3071.0346855204884	0.0	0	339.20565092026845	3271.03468552049	1	0	1	2.760480122245157
13200.0	6000.0	3071.034685520487	0.0	0	413.98004848355777	3271.03468552049	1	0	1	2.760480122245157
14264.112668928752	6000.0	3006.922016591735	0.0	0	0.0	3271.03468552049	1	0	1	2.760480122245157
15248.996517822952	6000.0	3022.0381676975353	0.0	0	0.0	3271.03468552049	1	0	1	2.760480122245157
16345.887963383708	6000.0	2925.1467221367793	0.0	0	0.0	3271.03468552049	1	0	1	2.760480122245157
17200.0	6000.0	3071.034685520486	0.0	0	5.680319645831332	3271.034685520488	1	0	1	2.760480122245157
18263.388219840162	6000.0	3007.6464656803223	0.0	0	0.0	3271.034685520488	1	0	1	2.7604801222451574
19413.473804086505	6000.0	2857.5608814339785	0.0	0	0.0	3271.034685520486	1	0	1	2.7604801222451583
20200.0	6000.0	3071.0346855204803	0.0	0	20.261582271887164	3271.0346855204843	1	0	1	2.7604801222451587
21200.0	6000.0	3071.0346855204807	0.0	0	229.62958781147609	3271.0346855204807	1	0	1	2.760480122245159
22200.0	6000.0	3071.034685520482	0.0	0	35.58380250391201	3271.0346855204843	1	0	1	2.760480122245159
23200.0	6000.0	3071.034685520482	0.0	0	113.25703070655436	3271.0346855204843	1	0	1	2.7604801222451587
24200.0	6000.0	3071.034685520483	0.0	0	178.17144388837187	3271.0346855204843	1	0	1	2.7604801222451587
25243.31290881508	6000.0	3027.7217767053994	0.0	0	0.0	3271.0346855204843	1	0	1	2.7604801222451587
26217.129434390667	6000.0	3053.9052511298178	0.0	0	0.0	3271.0346855204843	1	0	1	2.7604801222451587
27572.4545903106	6000.0	2698.5800952098857	0.0	0	0.0	3271.034685520488	1	0	1	2.7604801222451574
28865.98638965062	6000.0	2405.0482958698694	0.0	0	0.0	3271.034685520488	1	0	1	2.7604801222451574
29409.85633524954	3000.0	2806.791355711057	0.0	0	0.0	3216.6476909605954	1	0	2	0.9830288823542774
30361.72768409216	6000.0	2854.920006868439	0.0	0	0.0	3216.6476909605954	1	0	1	1.8795538113408943
31200.0	6000.0	3016.6476909605985	0.0	0	73.35533546259467	3216.6476909605954	1	0	1	2.772700991900839
32200.0	6000.0	3016.6476909605994	0.0	0	72.88045714034524	3216.6476909605954	1	0	1	2.772700991900839
33408.28680768564	6000.0	2808.3608832749574	0.0	0	0.0	3216.6476909605954	1	0	1	2.772700991900839
34238.03740347295	6000.0	2978.6102874876515	0.0	0	0.0	3216.647690960599	1	0	1	2.7727009919008387
35200.0	6000.0	3016.6476909605963	0.0	0	332.63421972876677	3216.6476909605954	1	0	1	2.7727009919008383
36200.0	6000.0	3016.647690960595	0.0	0	100.20475700349198	3216.6476909605917	1	0	1	2.77270099190084
37401.59823137137	6000.0	2815.0494595892233	0.0	0	0.0	3216.6476909605917	1	0	1	2.77270099190084
38371.868166570726	6000.0	2844.7795243898677	0.0	0	0.0	3216.6476909605917	1	0	1	2.77270099190084
39200.0	6000.0	3016.6476909605913	0.0	0	0.6717250231158687	3216.6476909605917	1	0	1	2.77270099190084
40284.96679309667	6000.0	2931.6808978639338	0.0	0	0.0	3216.647690960599	1	0	1	2.7727009919008387
41586.90386509893	6000.0	2629.7438258616626	0.0	0	0.0	3216.6476909605917	1	0	1	2.77270099190084
42697.887619278445	6000.0	2518.76007168214	0.0	0	0.0	3216.647690960599	1	0	1	2.7727009919008383
43516.75743917378	6000.0	2699.890251786802	0.0	0	0.0	3216.647690960599	1	0	1	2.7727009919008383
44262.47593930335	6000.0	2954.171751657224	0.0	0	0.0	3216.647690960599	1	0	1	2.7727009919008383
45255.58726908298	6000.0	2961.0604218776084	0.0	0	0.0	3216.6476909606063	1	0	1	2.7727009919008374
46461.85667544986	6000.0	2754.7910155107343	0.0	0	0.0	3216.6476909606063	1	0	1	2.7727009919008374
47408.384631717134	6000.0	2808.2630592434584	0.0	0	0.0	3216.6476909606063	1	0	1	2.7727009919008374
48200.0	6000.0	3016.647690960596	0.0	0	64.45100289530819	3216.6476909606135	1	0	1	2.7727009919008356
49445.94122066848	6000.0	2770.706470292118	0.0	0	0.0	3216.6476909606135	1	0	1	2.7727009919008356
50689.78238284701	6000.0	2526.865308113591	0.0	0	0.0	3216.6476909606135	1	0	1	2.7727009919008356
51696.77302380651	6000.0	2519.8746671540807	0.0	0	0.0	3216.6476909606135	1	0	1	2.7727009919008356
52774.52035015289	6000.0	2442.1273408077086	0.0	0	0.0	3216.647690960621	1	0	1	2.772700991900834
54063.16534492943	6000.0	2153.4823460311673	0.0	0	0.0	3216.6476909606135	1	0	1	2.7727009919008356
54579.39367657064	3000.0	2585.6311812258323	0.0	0	0.0	3165.0248577964885	1	0	2	0.9949889076221383
55541.55583553604	6000.0	2623.469022260433	0.0	0	0.0	3165.0248577964885	1	0	1	1.890622834104314
56432.33702256113	6000.0	2732.687835235338	0.0	0	0.0	3165.0248577964885	1	0	1	2.783770014664259
57452.67962003972	6000.0	2712.345237756751	0.0	0	0.0	3165.0248577964885	1	0	1	2.783770014664259
58232.922094020425	6000.0	2932.1027637760435	0.0	0	0.0	3165.0248577964885	1	0	1	2.783770014664259
59331.37466452762	6000.0	2833.650193268841	0.0	0	0.0	3165.0248577964885	1	0	1	2.783770014664259
60356.55161670802	6000.0	2808.4732410884476	0.0	0	0.0	3165.0248577964885	1	0	1	2.783770014664259
61246.04562684464	6000.0	2918.979230951826	0.0	0	0.0	3165.0248577964885	1	0	1	2.783770014664259
62200.0	6000.0	2965.0248577964744	0.0	0	17.64500905310706	3165.0248577964885	1	0	1	2.783770014664259
63565.10490023263	6000.0	2599.919957563843	0.0	0	0.0	3165.0248577964885	1	0	1	2.783770014664259
64581.534553418736	6000.0	2583.4903043777344	0.0	0	0.0	3165.0248577964885	1	0	1	2.783770014664259
65673.06322111691	6000.0	2491.961636679555	0.0	0	0.0	3165.0248577964812	1	0	1	2.7837700146642597
67188.24518096358	6000.0	1976.7796768328772	0.0	0	0.0	3165.0248577964667	1	0	1	2.7837700146642623
67734.94653300554	3000.0	2375.4081895867093	0.0	0	0.0	3110.3547225922593	1	0	2	1.0060355979966922
68252.71805981589	3000.0	2805.8595100953357	0.0	0	0.0	3058.5775699112346	1	0	2	1.909517969578773
69388.54436075813	6000.0	2670.0332091531186	0.0	0	0.0	3058.577569911242	1	0	1	1.9119016626609806
70200.0	6000.0	2858.577569911227	0.0	0	47.52376401241054	3058.577569911242	1	0	1	2.8050488432209257
71200.0	6000.0	2858.577569911234	0.0	0	83.09861207842187	3058.577569911242	1	0	1	2.8050488432209257
72200.0	6000.0	2858.577569911223	0.0	0	170.33277394567267	3058.577569911242	1	0	1	2.8050488432209257
73580.04013100844	6000.0	2478.53743890279	0.0	0	0.0	3058.5775699112564	1	0	1	2.805048843220923
74305.33800102957	6000.0	2753.239568881662	0.0	0	0.0	3058.5775699112564	1	0	1	2.805048843220923
75611.17236609047	6000.0	2447.40520382074	0.0	0	0.0	3058.5775699112564	1	0	1	2.805048843220923
76752.33502433321	6000.0	2306.2425455780017	0.0	0	0.0	3058.5775699112564	1	0	1	2.805048843220923
77369.3567057925	6000.0	2689.2208641187185	0.0	0	0.0	3058.5775699112564	1	0	1	2.805048843220923
78349.9859234093	6000.0	2708.5916465018986	0.0	0	0.0	3058.5775699112564	1	0	1	2.805048843220923
79354.5449796556	6000.0	2704.032590255583	0.0	0	0.0	3058.5775699112564	1	0	1	2.805048843220923
80206.51113641616	6000.0	2852.066433495026	0.0	0	0.0	3058.5775699112564	1	0	1	2.805048843220923
81200.0	6000.0	2858.577569911176	0.0	0	62.87514458790247	3058.5775699112564	1	0	1	2.805048843220923
82490.27863957445	6000.0	2568.298930336733	0.0	0	0.0	3058.5775699112564	1	0	1	2.805048843220923
83398.43483799469	6000.0	2660.1427319164786	0.0	0	0.0	3058.5775699112564	1	0	1	2.805048843220923
84265.21119685183	6000.0	2793.3663730593494	0.0	0	0.0	3058.5775699112564	1	0	1	2.805048843220923
85200.0	6000.0	2858.577569911172	0.0	0	116.91435236894176	3058.577569911271	1	0	1	2.8050488432209204
86200.0	6000.0	2858.577569911173	0.0	0	0.3362842554488452	3058.577569911271	1	0	1	2.8050488432209204
87200.0	6000.0	2858.5775699111823	0.0	0	336.7997273981309	3058.577569911271	1	0	1	2.8050488432209204
88200.0	6000.0	2858.5775699111796	0.0	0	283.92579902939906	3058.577569911271	1	0	1	2.8050488432209204
89356.04498511004	6000.0	2702.5325848011294	0.0	0	0.0	3058.577569911271	1	0	1	2.8050488432209204
90200.0	6000.0	2858.577569911146	0.0	0	54.55786006794369	3058.577569911271	1	0	1	2.8050488432209204
91685.71573302598	6000.0	2372.8618368851735	0.0	0	0.0	3058.577569911271	1	0	1	2.8050488432209204
92489.86434147377	3000.0	2568.7132284373706	0.0	0	0.0	3058.577569911271	1	0	1	1.4187544821010307
93847.56296982907	6000.0	2211.0146000820746	0.0	0	0.0	3058.577569911271	1	0	1	2.1119016626609755
94745.7797393631	3000.0	2222.9761535946354	0.0	0	0.0	2968.7558929578663	1	0	2	1.0310687445462445
95646.56933008022	3000.0	2232.107603805804	0.0	0	0.0	2878.676933886163	1	0	2	1.9398423944737329
96200.0	3000.0	2623.3338668940282	0.0	0	45.73773846242693	2823.333866894158	1	0	2	1.9497849587063
97200.0	6000.0	2623.333866894029	0.0	0	103.77101747518464	2823.333866894158	1	0	1	1.9522622992090208
98293.57500774773	6000.0	2529.758859146287	0.0	0	0.0	2823.3338668941724	1	0	1	2.8454094797689637
99385.8462131512	6000.0	2437.4876537428045	0.0	0	0.0	2823.3338668941724	1	0	1	2.8454094797689637
100673.51677237371	6000.0	2149.8170945202965	0.0	0	0.0	2823.3338668941724	1	0	1	2.8454094797689637
101801.35089218525	6000.0	2021.9829747087522	0.0	0	0.0	2823.333866894158	1	0	1	2.845409479768966
102842.95828458661	6000.0	1980.3755823073957	0.0	0	0.0	2823.3338668941724	1	0	1	2.8454094797689637
103765.19554600805	6000.0	2058.1383208859506	0.0	0	0.0	2823.3338668941724	1	0	1	2.8454094797689637
104665.5301248498	6000.0	2157.8037420441797	0.0	0	0.0	2823.3338668941724	1	0	1	2.8454094797689637
105312.96231838023	6000.0	2510.371548513737	0.0	0	0.0	2823.3338668941724	1	0	1	2.8454094797689637
106355.96881922703	6000.0	2467.3650476669363	0.0	0	0.0	2823.3338668941724	1	0	1	2.8454094797689637
107602.22852300483	6000.0	2221.1053438891317	0.0	0	0.0	2823.3338668941724	1	0	1	2.8454094797689637
109264.25505177988	6000.0	1559.0788151140864	0.0	0	0.0	2823.3338668941724	1	0	1	2.8454094797689637
110529.39759108756	6000.0	1293.9362758064187	0.0	0	0.0	2823.333866894187	1	0	1	2.8454094797689615
111283.93746273594	3000.0	1463.942416993191	0.0	0	0.0	2747.879879729313	1	0	2	1.0671555043206744
111865.29593848884	2000.0	1824.448093664982	0.0	0	0.0	2689.7440321540053	1	0	2	1.158555680608602
112622.52502927984	3000.0	1991.4960937948829	0.0	0	0.0	2614.0211230748973	1	0	2	1.5738589383630694
113411.07738687674	3000.0	2124.0885004382985	0.0	0	0.0	2535.1658873152046	1	0	2	1.9890156372512022
114200.0	3000.0	2256.2736260027327	0.0	0	259.27906369451375	2456.273626002905	1	0	2	1.996649923766142
115200.0	3000.0	2156.2736260027073	0.0	0	564.9818864110857	2356.273626002876	1	0	2	2.006500470759526
116612.44082168592	6000.0	1743.832804316798	0.0	0	0.0	2356.273626002876	1	0	1	2.01052331679821
118073.66139999541	6000.0	1282.6122260072932	0.0	0	0.0	2356.2736260028905	1	0	1	2.9036704973581533
118787.34652139676	3000.0	1497.5585924658171	0.0	0	0.0	2284.9051138627547	1	0	2	1.1225624077200498
119218.41093830245	3000.0	2023.3877338695643	0.0	0	0.0	2241.7986721721973	1	0	2	2.0204461163626304
120328.18416699515	6000.0	1913.6145051768444	0.0	0	0.0	2241.7986721721973	1	0	1	2.0212996918165413
121269.64482946062	6000.0	1972.153842711385	0.0	0	0.0	2241.7986721721973	1	0	1	2.9144468723764865
122200.0	6000.0	2041.7986721720017	0.0	0	212.7086132641416	2241.7986721721827	1	0	1	2.914446872376488
123200.0	6000.0	2041.7986721719808	0.0	0	19.725744150971877	2241.798672172168	1	0	1	2.914446872376489
124203.88681400611	6000.0	2037.9118581658863	0.0	0	0.0	2241.798672172168	1	0	1	2.914446872376489
125200.0	6000.0	2041.7986721719844	0.0	0	144.82669577049091	2241.798672172168	1	0	1	2.914446872376489
126228.1937852972	6000.0	2013.604886874786	0.0	0	0.0	2241.798672172168	1	0	1	2.914446872376489
127200.0	6000.0	2041.7986721719935	0.0	0	304.60319452307886	2241.798672172168	1	0	1	2.914446872376489
128200.0	6000.0	2041.798672172	0.0	0	47.03736722226313	2241.798672172168	1	0	1	2.914446872376489
129200.0	6000.0	2041.7986721720035	0.0	0	320.4251917604415	2241.798672172168	1	0	1	2.914446872376489
130200.0	6000.0	2041.798672171999	0.0	0	377.1900842196337	2241.7986721721536	1	0	1	2.9144468723764905
131200.0	6000.0	2041.7986721719822	0.0	0	151.55380978490575	2241.798672172139	1	0	1	2.914446872376491
132200.0	6000.0	2041.79867217199	0.0	0	229.59258356425562	2241.798672172139	1	0	1	2.914446872376492
133200.0	6000.0	2041.7986721720272	0.0	0	94.90749905866687	2241.7986721721827	1	0	1	2.914446872376489
134200.0	6000.0	2041.798672172053	0.0	0	59.82510282145813	2241.7986721721827	1	0	1	2.914446872376488
135229.06282234995	6000.0	2012.7358498221042	0.0	0	0.0	2241.7986721721827	1	0	1	2.914446872376488
136200.0	6000.0	2041.798672172059	0.0	0	73.6646071113937	2241.7986721721827	1	0	1	2.914446872376488
137200.0	6000.0	2041.7986721720508	0.0	0	209.2305782950716	2241.7986721721536	1	0	1	2.9144468723764905
138427.3968293209	6000.0	1814.401842851183	0.0	0	0.0	2241.7986721721827	1	0	1	2.914446872376488
139243.1949365448	6000.0	1998.6037356272295	0.0	0	0.0	2241.7986721721536	1	0	1	2.9144468723764905
140200.0	6000.0	2041.7986721720326	0.0	0	370.17110347925336	2241.7986721721245	1	0	1	2.914446872376493
141243.42470670902	6000.0	1998.3739654630026	0.0	0	0.0	2241.7986721720954	1	0	1	2.9144468723764954
142304.9292216786	6000.0	1936.8694504934144	0.0	0	0.0	2241.7986721721245	1	0	1	2.914446872376493
143266.61896694475	6000.0	1975.1797052273332	0.0	0	0.0	2241.7986721721245	1	0	1	2.914446872376493
144513.91066931156	6000.0	1727.8880028605276	0.0	0	0.0	2241.7986721721536	1	0	1	2.9144468723764905
145401.92892570028	6000.0	1839.8697464718048	0.0	0	0.0	2241.7986721721536	1	0	1	2.9144468723764905
146413.7432497449	6000.0	1828.0554224272048	0.0	0	0.0	2241.7986721721536	1	0	1	2.9144468723764905
147502.07724457263	6000.0	1739.7214275994645	0.0	0	0.0	2241.7986721721245	1	0	1	2.914446872376493
148676.2390206146	6000.0	1565.5596515575037	0.0	0	0.0	2241.7986721721245	1	0	1	2.914446872376493
149259.15453412788	3000.0	1924.3525866928737	0.0	0	0.0	2183.507120820781	1	0	2	1.132114687771205
150396.23808574994	6000.0	1787.269035070783	0.0	0	0.0	2183.507120820781	1	0	1	2.0263513775674373
151290.49459432182	6000.0	1893.0125264988717	0.0	0	0.0	2183.507120820752	1	0	1	2.9194985581273847
152200.0	6000.0	1983.5071208207237	0.0	0	145.6376108462864	2183.507120820781	1	0	1	2.9194985581273825
153452.10134008672	6000.0	1731.4057807340214	0.0	0	0.0	2183.50712082081	1	0	1	2.919498558127381
154677.92763049147	6000.0	1505.5794903292715	0.0	0	0.0	2183.507120820781	1	0	1	2.919498558127382
155867.12575914388	6000.0	1316.3813616768653	0.0	0	0.0	2183.507120820752	1	0	1	2.9194985581273847
156803.56266375157	6000.0	1379.9444570691485	0.0	0	0.0	2183.507120820752	1	0	1	2.9194985581273847
157818.75896364337	6000.0	1364.7481571773635	0.0	0	0.0	2183.507120820752	1	0	1	2.9194985581273847
158550.79527871837	6000.0	1632.7118421023458	0.0	0	0.0	2183.507120820752	1	0	1	2.9194985581273847
159754.34155869237	6000.0	1429.165562128371	0.0	0	0.0	2183.507120820752	1	0	1	2.9194985581273847
160823.88214298247	6000.0	1359.6249778382407	0.0	0	0.0	2183.507120820723	1	0	1	2.9194985581273873
161396.989591087	6000.0	1786.517529733697	0.0	0	0.0	2183.507120820723	1	0	1	2.9194985581273873
162200.0	6000.0	1983.5071208206787	0.0	0	198.79277822116273	2183.507120820723	1	0	1	2.9194985581273873
163885.45720572872	6000.0	1298.049915091946	0.0	0	0.0	2183.507120820723	1	0	1	2.9194985581273873
164605.06029206802	6000.0	1578.4468287526408	0.0	0	0.0	2183.507120820723	1	0	1	2.9194985581273873
165449.85928687488	6000.0	1733.647833945792	0.0	0	0.0	2183.507120820723	1	0	1	2.9194985581273873
166203.65239636824	6000.0	1979.8547244524518	0.0	0	0.0	2183.507120820723	1	0	1	2.9194985581273873
167200.0	6000.0	1983.5071208207028	0.0	0	128.2364319706685	2183.507120820723	1	0	1	2.9194985581273873
168200.0	6000.0	1983.5071208206991	0.0	0	116.84113385659293	2183.507120820752	1	0	1	2.9194985581273847
169319.04704758694	6000.0	1864.4600732337442	0.0	0	0.0	2183.507120820752	1	0	1	2.9194985581273847
170200.0	6000.0	1983.5071208206775	0.0	0	38.08567740529543	2183.507120820752	1	0	1	2.9194985581273847
171387.19140066966	6000.0	1796.3157201510107	0.0	0	0.0	2183.507120820752	1	0	1	2.9194985581273847
172200.0	6000.0	1983.507120820695	0.0	0	159.69630232886993	2183.507120820752	1	0	1	2.9194985581273847
173200.0	6000.0	1983.5071208206791	0.0	0	387.023590740253	2183.507120820752	1	0	1	2.9194985581273847
174200.0	6000.0	1983.5071208206946	0.0	0	345.32929856548435	2183.507120820781	1	0	1	2.9194985581273825
175200.0	6000.0	1983.5071208206691	0.0	0	73.49094539548969	2183.507120820781	1	0	1	2.9194985581273825
176200.0	6000.0	1983.507120820661	0.0	0	90.96346923444071	2183.507120820781	1	0	1	2.9194985581273825
177326.16766193154	6000.0	1857.3394588891338	0.0	0	0.0	2183.50712082081	1	0	1	2.91949855812738
178402.84722940502	6000.0	1780.6598914156527	0.0	0	0.0	2183.50712082081	1	0	1	2.91949855812738
179412.4481127047	6000.0	1771.0590081159614	0.0	0	0.0	2183.50712082081	1	0	1	2.91949855812738
180200.0	6000.0	1983.507120820666	0.0	0	236.45357704610797	2183.50712082081	1	0	1	2.91949855812738
181352.3781384634	6000.0	1831.1289823572986	0.0	0	0.0	2183.50712082081	1	0	1	2.91949855812738
182725.2546321109	6000.0	1458.2524887097552	0.0	0	0.0	2183.50712082081	1	0	1	2.91949855812738
183523.6446509575	6000.0	1659.8624698631897	0.0	0	0.0	2183.50712082081	1	0	1	2.91949855812738
184289.06067881716	6000.0	1894.446442003477	0.0	0	0.0	2183.507120820781	1	0	1	2.9194985581273825
185431.79801795114	6000.0	1751.709102869504	0.0	0	0.0	2183.507120820781	1	0	1	2.9194985581273825
186477.2501361893	6000.0	1706.2569846313058	0.0	0	0.0	2183.507120820752	1	0	1	2.919498558127384
187711.0186870321	6000.0	1472.488433788503	0.0	0	0.0	2183.507120820752	1	0	1	2.9194985581273847
188607.32612721328	6000.0	1576.1809936073248	0.0	0	0.0	2183.507120820723	1	0	1	2.9194985581273873
190044.6171439315	6000.0	1138.8899768890894	0.0	0	0.0	2183.507120820752	1	0	1	2.9194985581273847
190706.59237412465	3000.0	1476.914746695942	0.0	0	0.0	2183.507120820752	1	0	1	1.5332041970074948
191470.2378805856	6000.0	1713.2692402349749	0.0	0	0.0	2183.507120820723	1	0	1	2.226351377567442
192349.81942057124	6000.0	1833.6877002493632	0.0	0	0.0	2183.507120820723	1	0	1	2.9194985581273873
193429.17928122423	6000.0	1754.3278395963523	0.0	0	0.0	2183.507120820723	1	0	1	2.9194985581273873
194398.83646930283	6000.0	1784.6706515177918	0.0	0	0.0	2183.507120820752	1	0	1	2.9194985581273847
195220.1099392287	6000.0	1963.397181591929	0.0	0	0.0	2183.507120820781	1	0	1	2.919498558127384
196200.0	6000.0	1983.5071208206627	0.0	0	94.59625785824028	2183.50712082081	1	0	1	2.919498558127382
197200.0	6000.0	1983.5071208206841	0.0	0	353.1196906680125	2183.507120820839	1	0	1	2.9194985581273776
198306.3990280262	6000.0	1877.108092794445	0.0	0	0.0	2183.50712082081	1	0	1	2.9194985581273785
199200.0	6000.0	1983.5071208206946	0.0	0	155.13594788921182	2183.507120820839	1	0	1	2.9194985581273776
200317.29660679627	6000.0	1866.2105140244287	0.0	0	0.0	2183.5071208208683	1	0	1	2.9194985581273767
201200.0	6000.0	1983.50712082071	0.0	0	159.4588054116175	2183.5071208208974	1	0	1	2.9194985581273727
202612.91437609904	6000.0	1570.5927447216495	0.0	0	0.0	2183.5071208208974	1	0	1	2.9194985581273727
203523.72954343443	6000.0	1659.7775773862784	0.0	0	0.0	2183.5071208208974	1	0	1	2.9194985581273727
204484.5212271412	6000.0	1698.9858936794978	0.0	0	0.0	2183.5071208208974	1	0	1	2.9194985581273727
205329.0254300094	6000.0	1854.4816908112662	0.0	0	0.0	2183.5071208209265	1	0	1	2.91949855812737
206200.0	6000.0	1983.5071208207164	0.0	0	232.6465885672078	2183.5071208209265	1	0	1	2.91949855812737
207200.0	6000.0	1983.5071208207182	0.0	0	268.6612051402626	2183.5071208209265	1	0	1	2.91949855812737
208388.35761754488	6000.0	1795.1495032758378	0.0	0	0.0	2183.5071208209265	1	0	1	2.91949855812737
209254.52121762262	6000.0	1928.9859031981166	0.0	0	0.0	2183.5071208209265	1	0	1	2.91949855812737
210200.0	6000.0	1983.5071208207046	0.0	0	276.07874321276904	2183.5071208209265	1	0	1	2.91949855812737
211200.0	6000.0	1983.5071208207173	0.0	0	322.5599687768845	2183.5071208209265	1	0	1	2.91949855812737
212450.05717140462	6000.0	1733.449949416066	0.0	0	0.0	2183.5071208208974	1	0	1	2.9194985581273727
213263.90856187738	6000.0	1919.598558943337	0.0	0	0.0	2183.5071208209265	1	0	1	2.919498558127372
214200.0	6000.0	1983.5071208207282	0.0	0	157.15118195218383	2183.5071208209265	1	0	1	2.91949855812737
215617.8227573745	6000.0	1565.6843634462284	0.0	0	0.0	2183.5071208209265	1	0	1	2.91949855812737
216993.50958185457	6000.0	1189.9975389661572	0.0	0	0.0	2183.5071208209265	1	0	1	2.91949855812737
217489.78000436726	3000.0	1693.7271164534216	0.0	0	0.0	2183.5071208209265	1	0	1	1.5332041970074801
218546.52946281587	6000.0	1636.9776580047865	0.0	0	0.0	2183.5071208208974	1	0	1	2.2263513775674273
219840.43824200102	6000.0	1343.0688788196314	0.0	0	0.0	2183.5071208208974	1	0	1	2.9194985581273727
220314.8333552518	3000.0	1868.6737655688412	0.0	0	0.0	2183.5071208208974	1	0	1	1.5332041970074828
221465.5077495416	6000.0	1717.9993712790408	0.0	0	0.0	2183.5071208208683	1	0	1	2.2263513775674295
222425.29436674196	6000.0	1758.2127540786546	0.0	0	0.0	2183.50712082081	1	0	1	2.919498558127379
223308.48971709306	6000.0	1875.0174037275406	0.0	0	0.0	2183.50712082081	1	0	1	2.91949855812738
224671.69651125843	6000.0	1511.8106095621688	0.0	0	0.0	2183.507120820781	1	0	1	2.9194985581273816
225238.51484085518	3000.0	1944.9922799654328	0.0	0	0.0	2183.507120820781	1	0	1	1.5332041970074926
226200.0	6000.0	1983.5071208205748	0.0	0	11.240997960529057	2183.507120820781	1	0	1	2.2263513775674375
227200.0	6000.0	1983.5071208205773	0.0	0	342.5034554725862	2183.507120820781	1	0	1	2.9194985581273825
228228.2025847913	6000.0	1955.3045360292938	0.0	0	0.0	2183.507120820781	1	0	1	2.9194985581273825
229200.0	6000.0	1983.5071208205982	0.0	0	201.2379118624376	2183.507120820781	1	0	1	2.9194985581273825
230200.0	6000.0	1983.5071208206055	0.0	0	159.7156102611625	2183.507120820752	1	0	1	2.9194985581273847
231200.0	6000.0	1983.50712082059	0.0	0	102.02112325830967	2183.507120820723	1	0	1	2.919498558127385
232200.0	6000.0	1983.507120820611	0.0	0	167.02592082001502	2183.507120820723	1	0	1	2.9194985581273873
233200.0	6000.0	1983.507120820625	0.0	0	113.59571877770941	2183.507120820723	1	0	1	2.9194985581273873
234238.26477396706	6000.0	1945.2423468535453	0.0	0	0.0	2183.5071208206937	1	0	1	2.9194985581273882
235200.0	6000.0	1983.507120820589	0.0	0	263.5196216364275	2183.5071208206937	1	0	1	2.9194985581273896
236200.0	6000.0	1983.5071208205609	0.0	0	315.43744111270644	2183.5071208206937	1	0	1	2.9194985581273896
237200.0	6000.0	1983.507120820563	0.0	0	39.21695372124668	2183.507120820723	1	0	1	2.919498558127389
238490.55031346154	6000.0	1692.9568073590203	0.0	0	0.0	2183.5071208206937	1	0	1	2.919498558127389
239502.54337857128	6000.0	1680.9637422492876	0.0	0	0.0	2183.507120820723	1	0	1	2.9194985581273882
240684.53098266877	6000.0	1498.9761381517962	0.0	0	0.0	2183.507120820723	1	0	1	2.9194985581273873
241200.50275412048	2000.0	1983.0043667000568	0.0	0	0.0	2183.5071208206937	1	0	1	0.7222739807911696
242200.0	6000.0	1983.50712082053	0.0	0	109.38106846497976	2183.5071208206937	1	0	1	1.82088626945928
243810.07231352245	6000.0	1373.434807298056	0.0	0	0.0	2183.5071208206646	1	0	1	2.919498558127391
244212.7948772315	2000.0	1970.7122435889662	0.0	0	0.0	2183.5071208206355	1	0	1	0.7222739807911744
245200.0	3000.0	1884.786608543629	0.0	0	487.87789360890747	2084.786608543771	1	0	2	1.4257740047292398
246200.0	3000.0	1784.7866085436233	0.0	0	282.7367740618065	1984.7866085437709	1	0	2	2.0389400088696763
247200.0	6000.0	1784.7866085435821	0.0	0	218.9033723382163	1984.7866085437709	1	0	1	2.04159773951419
248200.0	6000.0	1784.7866085435746	0.0	0	82.94395944068674	1984.7866085438	1	0	1	2.934744920074135
249363.280408243	6000.0	1621.50620030052	0.0	0	0.0	1984.7866085437709	1	0	1	2.9347449200741353
250513.5754468057	6000.0	1471.2111617378541	0.0	0	0.0	1984.786608543829	1	0	1	2.934744920074132
251446.9651492275	6000.0	1537.8214593160176	0.0	0	0.0	1984.786608543829	1	0	1	2.934744920074132
252428.92152158654	6000.0	1555.865086957004	0.0	0	0.0	1984.786608543829	1	0	1	2.934744920074132
253281.91589854748	6000.0	1702.8707099960752	0.0	0	0.0	1984.7866085438582	1	0	1	2.934744920074129
254200.0	6000.0	1784.786608543586	0.0	0	41.09854850417469	1984.7866085438582	1	0	1	2.934744920074129
255200.0	6000.0	1784.786608543616	0.0	0	54.37680885888403	1984.786608543829	1	0	1	2.93474492007413
256337.44937107965	6000.0	1647.3372374639687	0.0	0	0.0	1984.786608543829	1	0	1	2.934744920074132
257266.793711804	6000.0	1717.9928967395945	0.0	0	0.0	1984.786608543829	1	0	1	2.934744920074132
258518.9938894273	6000.0	1465.7927191162985	0.0	0	0.0	1984.786608543829	1	0	1	2.934744920074132
260052.20760938944	6000.0	932.5789991541485	0.0	0	0.0	1984.786608543829	1	0	1	2.934744920074132
260708.69585247178	2000.0	1276.0907560718422	0.0	0	0.0	1984.786608543829	1	0	1	0.7375203427379123
261200.0	2000.0	1784.7866085435944	0.0	0	15.9583927859494	1984.786608543829	1	0	1	1.836132631406022
262200.0	3000.0	1684.7866085435924	0.0	0	431.78839462428004	1884.786608543829	1	0	2	1.4402835000668415
263200.0	3000.0	1684.7866085436062	0.0	0	493.6203358990024	1884.786608543829	1	0	1	2.04823433284469
264324.65743645356	6000.0	1560.1291720900867	0.0	0	0.0	1884.7866085438873	1	0	1	2.2482343328446888
265830.4916632933	6000.0	1054.2949452504145	0.0	0	0.0	1884.7866085438873	1	0	1	2.9413815134046306
266638.7485044901	3000.0	1246.0381040535794	0.0	0	0.0	1884.7866085438873	1	0	1	1.555087152284742
267200.0	2000.0	1684.7866085437547	0.0	0	211.9610366958077	1884.7866085438873	1	0	1	1.4373041166283576
268200.0	3000.0	1684.7866085437706	0.0	0	439.1977812543628	1884.7866085439455	1	0	1	1.8427692247365186
269394.8763972649	6000.0	1489.9102112788628	0.0	0	0.0	1884.7866085438873	1	0	1	2.248234332844685
270251.64180619246	6000.0	1633.144802351281	0.0	0	0.0	1884.7866085438873	1	0	1	2.9413815134046315
271200.0	6000.0	1684.7866085436615	0.0	0	359.41026832320495	1884.786608543829	1	0	1	2.9413815134046355
272200.0	6000.0	1684.7866085436294	0.0	0	25.25688343809452	1884.786608543829	1	0	1	2.9413815134046355
273200.0	6000.0	1684.7866085436603	0.0	0	223.85597476613475	1884.786608543829	1	0	1	2.9413815134046355
274200.0	6000.0	1684.7866085436694	0.0	0	28.63977443909971	1884.7866085437709	1	0	1	2.9413815134046364
275234.47722241085	6000.0	1650.3093861328605	0.0	0	0.0	1884.7866085437709	1	0	1	2.941381513404639
276295.41795958503	6000.0	1589.3686489586833	0.0	0	0.0	1884.7866085437709	1	0	1	2.941381513404639
277267.2305830048	6000.0	1617.5560255389375	0.0	0	0.0	1884.786608543829	1	0	1	2.9413815134046373
278200.0	6000.0	1684.7866085437192	0.0	0	44.29955567739671	1884.786608543829	1	0	1	2.9413815134046355
279200.0	6000.0	1684.786608543663	0.0	0	196.6010168651119	1884.786608543829	1	0	1	2.9413815134046355
280200.0	6000.0	1684.7866085437106	0.0	0	173.0479408748215	1884.786608543829	1	0	1	2.9413815134046355
281200.0	6000.0	1684.7866085437513	0.0	0	120.05637624801602	1884.786608543829	1	0	1	2.9413815134046355
282200.0	6000.0	1684.7866085437863	0.0	0	490.24476119084284	1884.786608543829	1	0	1	2.9413815134046355
283285.7872925655	6000.0	1598.999315978286	0.0	0	0.0	1884.786608543829	1	0	1	2.9413815134046355
284511.01251117006	6000.0	1373.77409737372	0.0	0	0.0	1884.786608543829	1	0	1	2.9413815134046355
285533.57991558214	6000.0	1351.2066929616199	0.0	0	0.0	1884.786608543829	1	0	1	2.9413815134046355
286675.83859827946	6000.0	1208.948010264284	0.0	0	0.0	1884.7866085437709	1	0	1	2.941381513404639
287382.5233634976	6000.0	1502.2632450461656	0.0	0	0.0	1884.7866085437709	1	0	1	2.941381513404639
288426.2900615495	6000.0	1458.4965469941744	0.0	0	0.0	1884.7866085437126	1	0	1	2.941381513404643
289641.0268872338	6000.0	1243.7597213099527	0.0	0	0.0	1884.7866085437126	1	0	1	2.941381513404643
290694.05106929987	6000.0	1190.735539243877	0.0	0	0.0	1884.7866085436544	1	0	1	2.941381513404646
291545.1301043325	6000.0	1339.65650421127	0.0	0	0.0	1884.7866085437126	1	0	1	2.941381513404643
292557.3262364906	6000.0	1327.4603720530936	0.0	0	0.0	1884.7866085437126	1	0	1	2.941381513404643
293464.0891447871	6000.0	1420.6974637566193	0.0	0	0.0	1884.7866085437126	1	0	1	2.941381513404643
294521.09214301646	6000.0	1363.6944655272343	0.0	0	0.0	1884.7866085436544	1	0	1	2.9413815134046453
295231.5352851564	6000.0	1653.251323387296	0.0	0	0.0	1884.7866085437126	1	0	1	2.941381513404643
296200.0	6000.0	1684.7866085436349	0.0	0	115.72613002260914	1884.7866085436544	1	0	1	2.9413815134046435
297344.65029853256	6000.0	1540.136310011081	0.0	0	0.0	1884.7866085435962	1	0	1	2.94138151340465
298493.02632646164	6000.0	1391.760282082005	0.0	0	0.0	1884.7866085435962	1	0	1	2.94138151340465
299390.8442314178	6000.0	1493.9423771258425	0.0	0	0.0	1884.7866085435962	1	0	1	2.94138151340465
300593.39464171795	6000.0	1291.391966825669	0.0	0	0.0	1884.7866085435962	1	0	1	2.94138151340465
6.44	7.0	6.31	5.99	5.44	7.56	6.6	6.15	8.64	9.72	4.09	5.37	6.36	7.81	6.9	6.92	6.82	7.54	6.22	7.21	8.32	8.24	5.18	5.84	4.97	6.87	6.14	8.91	7.12	4.65	7.43	8.61	6.67	6.75	5.2	6.39	5.63	5.17	6.29	6.58	5.76	8.19	4.98	8.36	7.66	4.93	5.99	6.74	7.4	4.33	6.02	6.89	7.41	6.85	9.07	6.73	6.28	9.17	7.27	5.69	6.19	6.99	3.63	5.8	5.85	6.79	6.28	5.06	5.46	5.54	6.16	6.65	4.67	7.1	7.01	6.54	8.48	7.15	6.48	5.62	6.65	7.34	7.63	9.01	7.46	4.39	7.89	6.16	3.08	6.36	5.6	4.44	4.68	5.07	6.37	7.38	5.66	5.72	6.27	7.16	6.72	9.1	7.88	5.44	4.97	4.93	5.61	5.15	4.03	4.37	5.42	7.63	5.46	5.03	4.75	5.38	6.59	8.21	9.05	7.6	6.46	7.1	5.48	7.85	5.97	6.8	8.79	7.87	7.3	9.13	6.02	4.89	8.02	7.69	6.1	7.05	8.04	5.72	7.51	7.18	4.58	5.83	6.33	6.7	6.16	4.54	5.66	6.51	7.63	5.66	6.44	7.0	6.31	5.99	5.44	7.56	6.6	6.15	8.64	9.72	4.09	5.37	6.36	7.81	6.9	6.92	6.82	7.54	6.22	7.21	8.32	8.24	5.18	5.84	4.97	6.87	6.14	8.91	7.12	4.65	7.43	8.61	6.67	6.75	5.2	6.39	5.63	5.17	6.29	6.58	5.76	8.19	4.98	8.36	7.66	4.93	5.99	6.74	7.4	4.33	6.02	6.89	7.41	6.85	9.07	6.73	6.28	9.17	7.27	5.69	6.19	6.99	3.63	5.8	5.85	6.79	6.28	5.06	5.46	5.54	6.16	6.65	4.67	7.1	7.01	6.54	8.48	7.15	6.48	5.62	6.65	7.34	7.63	9.01	7.46	4.39	7.89	6.16	3.08	6.36	5.6	4.44	4.68	5.07	6.37	7.38	5.66	5.72	6.27	7.16	6.72	9.1	7.88	5.44	4.97	4.93	5.61	5.15	4.03	4.37	5.42	7.63	5.46	5.03	4.75	5.38	6.59	8.21	9.05	7.6	6.46	7.1	5.48	7.85	5.97	6.8	8.79	7.87	7.3	9.13	6.02	4.89	8.02	7.69	6.1	7.05	8.04	5.72	7.51	7.18	4.58	5.83	6.33	6.7	6.16	4.54	5.66	6.51	7.63	5.66	6.44
1.0	2.0	3.0	4.0	5.0	6.0	7.0	8.0	9.0	10.0	11.0	12.0	13.0	14.0	15.0	16.0	17.0	18.0	19.0	20.0	21.0	22.0	23.0	24.0	25.0	26.0	27.0	28.0	29.0	30.0	31.0	32.0	33.0	34.0	35.0	36.0	37.0	38.0	39.0	40.0	41.0	42.0	43.0	44.0	45.0	46.0	47.0	48.0	49.0	50.0	51.0	52.0	53.0	54.0	55.0	56.0	57.0	58.0	59.0	60.0	61.0	62.0	63.0	64.0	65.0	66.0	67.0	68.0	69.0	70.0	71.0	72.0	73.0	74.0	75.0	76.0	77.0	78.0	79.0	80.0	81.0	82.0	83.0	84.0	85.0	86.0	87.0	88.0	89.0	90.0	91.0	92.0	93.0	94.0	95.0	96.0	97.0	98.0	99.0	100.0	101.0	102.0	103.0	104.0	105.0	106.0	107.0	108.0	109.0	110.0	111.0	112.0	113.0	114.0	115.0	116.0	117.0	118.0	119.0	120.0	121.0	122.0	123.0	124.0	125.0	126.0	127.0	128.0	129.0	130.0	131.0	132.0	133.0	134.0	135.0	136.0	137.0	138.0	139.0	140.0	141.0	142.0	143.0	144.0	145.0	146.0	147.0	148.0	149.0	149.0	150.0	151.0	152.0	153.0	154.0	155.0	156.0	157.0	158.0	159.0	160.0	161.0	162.0	163.0	164.0	165.0	166.0	167.0	168.0	169.0	170.0	171.0	172.0	173.0	174.0	175.0	176.0	177.0	178.0	179.0	180.0	181.0	182.0	183.0	184.0	185.0	186.0	187.0	188.0	189.0	190.0	191.0	192.0	193.0	194.0	195.0	196.0	197.0	198.0	199.0	200.0	201.0	202.0	203.0	204.0	205.0	206.0	207.0	208.0	209.0	210.0	211.0	212.0	213.0	214.0	215.0	216.0	217.0	218.0	219.0	220.0	221.0	222.0	223.0	224.0	225.0	226.0	227.0	228.0	229.0	230.0	231.0	232.0	233.0	234.0	235.0	236.0	237.0	238.0	239.0	240.0	241.0	242.0	243.0	244.0	245.0	246.0	247.0	248.0	249.0	250.0	251.0	252.0	253.0	254.0	255.0	256.0	257.0	258.0	259.0	260.0	261.0	262.0	263.0	264.0	265.0	266.0	267.0	268.0	269.0	270.0	271.0	272.0	273.0	274.0	275.0	276.0	277.0	278.0	279.0	280.0	281.0	282.0	283.0	284.0	285.0	286.0	287.0	288.0	289.0	290.0	291.0	292.0	293.0	294.0	295.0	296.0	297.0	298.0	298.0	299.0
3090.9779890585833
