2775.083383156069	300.0	2000.0	122.22347857512831	0	0.0	2775.083383156069	1	0	1	-0.8731772963967546
3516.3265883970225	2000.0	2258.756794759047	0.0	0	0.0	2775.0833831560694	1	0	1	-0.14306454014610787
4480.365720781594	3000.0	2198.3137491360185	0.0	0	0.0	2678.6794699176126	1	0	2	1.3643016406877366
5470.663549626135	3000.0	2108.986137407022	0.0	0	0.0	2579.6496870331575	1	0	2	1.9827256034625778
6613.948710519407	3000.0	1851.3724604244228	0.0	0	0.0	2465.32117094383	1	0	2	1.9961241323970298
7524.482266305955	3000.0	1849.785549059219	0.0	0	0.0	2374.267815365173	1	0	2	2.0064504469242115
8277.941765655909	3000.0	2020.9800997742695	0.0	0	0.0	2298.9218654301776	1	0	2	2.014195714983398
9200.0	3000.0	2006.7160419957695	0.0	0	43.96962263489877	2206.716041995769	1	0	2	2.02211698547975
10252.282364687591	3000.0	1849.2054408394176	0.0	0	0.0	2101.4878055270083	1	0	2	2.030604084943396
11426.352069305456	3000.0	1557.7287657597697	0.0	0	0.0	1984.080835065226	1	0	2	2.0396460467822504
12200.0	2000.0	1784.0808350652273	0.0	0	329.80535596227674	1984.080835065226	1	0	1	1.2307166438870158
13200.0	2000.0	1784.0808350652264	0.0	0	270.05401549569433	1984.080835065226	1	0	1	1.8361817519951806
14402.739086243284	3000.0	1461.0678401976138	0.0	0	0.0	1863.8069264408969	1	0	2	1.4421322629685949
15200.0	2000.0	1663.8069264408962	0.0	0	110.51801264632013	1863.8069264408969	1	0	1	1.238616855963008
16200.0	2000.0	1663.8069264408975	0.0	0	358.8335426245794	1863.8069264408969	1	0	1	1.8440819640711728
17200.0	3000.0	1563.8069264408941	0.0	0	277.80465822792394	1763.8069264408932	1	0	2	1.4479765664968085
18200.0	3000.0	1563.8069264408934	0.0	0	388.74294579522393	1763.8069264408914	1	0	1	2.055450138633218
19200.0	3000.0	1563.806926440894	0.0	0	102.87708315568307	1763.8069264408878	1	0	1	2.2554501386332184
20593.454987210655	6000.0	1170.35193923024	0.0	0	0.0	1763.8069264408914	1	0	1	2.255450138633218
21200.0	2000.0	1563.806926440895	0.0	0	215.34939251521791	1763.8069264408914	1	0	1	0.7513727418569436
22200.0	3000.0	1563.8069264408957	0.0	0	322.1746006701105	1763.8069264408914	1	0	1	1.8499850305250534
23200.0	3000.0	1563.8069264408946	0.0	0	0.6880885351529287	1763.8069264408914	1	0	1	2.255450138633218
24200.0	3000.0	1563.8069264408934	0.0	0	300.1870201660058	1763.8069264408914	1	0	1	2.255450138633218
25200.0	2000.0	1563.806926440896	0.0	0	472.7520589265041	1763.8069264408914	1	0	1	1.4445199224168885
26200.0	3000.0	1563.8069264408966	0.0	0	220.95000588113544	1763.8069264408914	1	0	1	1.8499850305250534
27200.0	2000.0	1563.806926440896	0.0	0	261.6497416981256	1763.8069264408914	1	0	1	1.4445199224168885
28200.0	3000.0	1563.8069264408934	0.0	0	252.4627046970927	1763.8069264408914	1	0	1	1.8499850305250534
29200.0	3000.0	1563.806926440895	0.0	0	373.4980621660834	1763.8069264408914	1	0	1	2.255450138633218
30200.0	3000.0	1563.8069264408953	0.0	0	374.06353005649	1763.8069264408914	1	0	1	2.255450138633218
31200.0	3000.0	1563.8069264408941	0.0	0	121.86539348830047	1763.8069264408914	1	0	1	2.255450138633218
32200.0	3000.0	1563.806926440894	0.0	0	51.15326589282631	1763.8069264408914	1	0	1	2.255450138633218
33331.38288893115	3000.0	1432.4240375097452	0.0	0	0.0	1763.8069264408878	1	0	1	2.2554501386332184
34200.0	2000.0	1563.8069264408925	0.0	0	383.28967611880944	1763.8069264408878	1	0	1	1.4445199224168888
35200.0	3000.0	1563.8069264408919	0.0	0	79.5616515576985	1763.8069264408841	1	0	1	1.8499850305250538
36200.0	2000.0	1563.8069264408957	0.0	0	397.8644230314385	1763.8069264408841	1	0	1	1.4445199224168892
37200.0	2000.0	1563.8069264408846	0.0	0	621.3915483298479	1763.8069264408841	1	0	1	1.8499850305250538
38200.0	3000.0	1563.8069264408878	0.0	0	120.24405362609832	1763.8069264408841	1	0	1	1.8499850305250538
39200.0	3000.0	1563.8069264408866	0.0	0	14.544805591867771	1763.8069264408841	1	0	1	2.2554501386332184
40200.0	3000.0	1563.806926440879	0.0	0	180.63475477794418	1763.8069264408841	1	0	1	2.2554501386332184
41200.0	2000.0	1563.806926440875	0.0	0	482.2783398004249	1763.8069264408841	1	0	1	1.4445199224168892
42200.0	3000.0	1563.8069264408784	0.0	0	118.16560854679847	1763.8069264408841	1	0	1	1.8499850305250538
43340.82913688186	2000.0	1422.9777895590219	0.0	0	0.0	1763.8069264408841	1	0	1	1.4445199224168892
44200.0	2000.0	1563.8069264408819	0.0	0	327.8393873796376	1763.8069264408841	1	0	1	1.8499850305250538
45200.0	2000.0	1563.8069264408814	0.0	0	133.0543316206822	1763.8069264408841	1	0	1	1.8499850305250538
46370.958646898194	2000.0	1392.8482795426814	0.0	0	0.0	1763.8069264408841	1	0	1	1.8499850305250538
47200.0	2000.0	1563.8069264408655	0.0	0	188.26541418617126	1763.8069264408841	1	0	1	1.8499850305250538
48200.0	3000.0	1563.806926440866	0.0	0	274.00627142477606	1763.8069264408841	1	0	1	1.8499850305250538
49200.0	2000.0	1563.8069264408653	0.0	0	520.2255106113007	1763.8069264408841	1	0	1	1.4445199224168892
50325.043367636885	3000.0	1438.7635588039773	0.0	0	0.0	1763.8069264408914	1	0	1	1.8499850305250534
51200.0	2000.0	1563.8069264408637	0.0	0	240.60718685825123	1763.8069264408914	1	0	1	1.4445199224168885
52200.0	3000.0	1563.8069264408703	0.0	0	125.69376489664864	1763.8069264408841	1	0	1	1.8499850305250538
53200.0	3000.0	1563.8069264408773	0.0	0	90.3841120552388	1763.8069264408841	1	0	1	2.2554501386332184
54229.89930256714	3000.0	1533.9076238737343	0.0	0	0.0	1763.8069264408914	1	0	1	2.255450138633218
55200.0	2000.0	1563.8069264408666	0.0	0	309.06092620189156	1763.8069264408914	1	0	1	1.4445199224168885
56200.0	2000.0	1563.80692644087	0.0	0	282.111806780551	1763.8069264408914	1	0	1	1.8499850305250531
57200.0	2000.0	1563.8069264408693	0.0	0	449.79602407178754	1763.8069264408914	1	0	1	1.8499850305250531
58200.0	2000.0	1563.8069264408682	0.0	0	233.59457635926083	1763.8069264408914	1	0	1	1.8499850305250531
59200.0	2000.0	1563.8069264408664	0.0	0	404.772595195318	1763.8069264408914	1	0	1	1.8499850305250531
60200.0	2000.0	1563.806926440862	0.0	0	115.68000977271004	1763.8069264408841	1	0	1	1.8499850305250538
61200.0	2000.0	1563.8069264408646	0.0	0	481.22959361255926	1763.8069264408841	1	0	1	1.8499850305250538
62200.0	2000.0	1563.806926440868	0.0	0	538.4780732079889	1763.8069264408841	1	0	1	1.8499850305250538
63253.76029142386	3000.0	1510.0466350170036	0.0	0	0.0	1763.8069264408841	1	0	1	1.8499850305250538
64200.0	3000.0	1563.8069264408584	0.0	0	100.38984991215693	1763.8069264408841	1	0	1	2.2554501386332184
65200.0	2000.0	1563.8069264408552	0.0	0	584.885190918656	1763.8069264408841	1	0	1	1.4445199224168892
66200.0	2000.0	1563.8069264408498	0.0	0	267.91983982788224	1763.8069264408841	1	0	1	1.8499850305250534
67200.0	3000.0	1463.8069264408325	0.0	0	267.8851617618493	1663.8069264408841	1	0	2	1.4535034964480154
68200.0	3000.0	1463.8069264408289	0.0	0	206.80005007206637	1663.8069264408696	1	0	1	2.0608067297061146
69200.0	3000.0	1463.806926440824	0.0	0	157.00107338842645	1663.8069264408696	1	0	1	2.2608067297061147
70255.03319100995	3000.0	1408.7737354308922	0.0	0	0.0	1663.8069264408841	1	0	1	2.260806729706114
71200.0	2000.0	1463.8069264408382	0.0	0	81.90554331032035	1663.8069264408841	1	0	1	1.4498765134897844
72200.0	2000.0	1463.8069264408568	0.0	0	523.7328804464923	1663.8069264408841	1	0	1	1.855341621597949
73822.35549345483	6000.0	841.4514329860094	0.0	0	0.0	1663.8069264408696	1	0	1	1.85534162159795
74272.59326101979	2000.0	1391.2136654210428	0.0	0	0.0	1663.8069264408696	1	0	1	0.7567293329298402
75200.0	2000.0	1463.806926440828	0.0	0	274.7212029680959	1663.8069264408696	1	0	1	1.85534162159795
76200.0	2000.0	1463.8069264408293	0.0	0	441.84539471779135	1663.8069264408696	1	0	1	1.85534162159795
77245.75635370376	3000.0	1418.050572737068	0.0	0	0.0	1663.8069264408696	1	0	1	1.8553416215979501
78200.0	2000.0	1463.8069264408334	0.0	0	356.2263228883385	1663.8069264408841	1	0	1	1.4498765134897844
79200.0	2000.0	1463.8069264408182	0.0	0	416.99126807462017	1663.8069264408841	1	0	1	1.855341621597949
80225.26111437604	3000.0	1438.5458120647888	0.0	0	0.0	1663.8069264408841	1	0	1	1.8553416215979492
81200.0	2000.0	1463.8069264408302	0.0	0	301.6884694483306	1663.8069264408841	1	0	1	1.4498765134897844
82200.0	3000.0	1463.8069264408302	0.0	0	362.7388092956826	1663.8069264408841	1	0	1	1.8553416215979492
83200.0	2000.0	1463.806926440839	0.0	0	300.823403629518	1663.8069264408841	1	0	1	1.4498765134897844
84200.0	2000.0	1463.8069264408452	0.0	0	497.36003581722616	1663.8069264408841	1	0	1	1.855341621597949
85200.0	3000.0	1463.8069264408496	0.0	0	390.25652068207273	1663.8069264408987	1	0	1	1.8553416215979486
86200.0	2000.0	1463.806926440849	0.0	0	511.6681508485053	1663.8069264408841	1	0	1	1.4498765134897844
87200.0	3000.0	1463.8069264408489	0.0	0	451.2204578214296	1663.8069264408841	1	0	1	1.8553416215979492
88606.32887237884	6000.0	1057.4780540620131	0.0	0	0.0	1663.8069264408841	1	0	1	2.260806729706114
89200.0	2000.0	1463.8069264408375	0.0	0	49.932661455794005	1663.8069264408696	1	0	1	0.7567293329298402
90200.0	3000.0	1463.8069264408314	0.0	0	44.63958631691639	1663.8069264408696	1	0	1	1.8553416215979501
91398.2805011896	3000.0	1265.5264252512259	0.0	0	0.0	1663.806926440855	1	0	1	2.2608067297061156
92200.0	2000.0	1463.8069264408282	0.0	0	30.95246320043225	1663.8069264408405	1	0	1	1.4498765134897866
93200.0	2000.0	1463.806926440818	0.0	0	335.9086103664158	1663.8069264408405	1	0	1	1.8553416215979512
94200.0	2000.0	1463.8069264407995	0.0	0	315.2575176484097	1663.8069264408405	1	0	1	1.8553416215979512
95200.0	2000.0	1463.8069264408214	0.0	0	359.4075638377253	1663.8069264408405	1	0	1	1.8553416215979512
96200.0	2000.0	1463.8069264408268	0.0	0	478.6789892127272	1663.8069264408405	1	0	1	1.8553416215979512
97200.0	2000.0	1463.8069264408248	0.0	0	456.4098630715016	1663.8069264408405	1	0	1	1.8553416215979512
98200.0	2000.0	1463.8069264408193	0.0	0	152.7056201545347	1663.806926440855	1	0	1	1.8553416215979506
99200.0	2000.0	1463.8069264408136	0.0	0	362.4893468609953	1663.806926440855	1	0	1	1.8553416215979506
100200.0	2000.0	1463.8069264408205	0.0	0	585.4720463425474	1663.8069264408696	1	0	1	1.85534162159795
101200.0	3000.0	1463.8069264408007	0.0	0	73.55498848388379	1663.806926440855	1	0	1	1.8553416215979508
102347.58279243557	3000.0	1316.2241340052246	0.0	0	0.0	1663.806926440855	1	0	1	2.2608067297061156
103200.0	2000.0	1463.8069264408039	0.0	0	287.46057098066376	1663.806926440855	1	0	1	1.449876513489786
104200.0	2000.0	1463.8069264408016	0.0	0	316.84127192985034	1663.8069264408405	1	0	1	1.8553416215979512
105200.0	3000.0	1463.8069264407968	0.0	0	399.07099221447424	1663.806926440855	1	0	1	1.8553416215979508
106200.0	3000.0	1463.8069264408155	0.0	0	282.7028887683846	1663.806926440855	1	0	1	2.2608067297061156
107200.0	2000.0	1463.8069264408214	0.0	0	451.3892977161013	1663.8069264408405	1	0	1	1.4498765134897866
108264.77225879008	3000.0	1399.0346676507502	0.0	0	0.0	1663.8069264408405	1	0	1	1.8553416215979515
109200.0	2000.0	1463.8069264408132	0.0	0	249.54836053527833	1663.806926440826	1	0	1	1.4498765134897875
110200.0	2000.0	1463.8069264408255	0.0	0	543.3406350113219	1663.806926440826	1	0	1	1.8553416215979521
111200.0	2000.0	1463.806926440818	0.0	0	378.0820780176582	1663.806926440826	1	0	1	1.8553416215979521
112200.0	3000.0	1463.8069264408202	0.0	0	156.47072895333986	1663.8069264408405	1	0	1	1.8553416215979515
113200.0	3000.0	1463.8069264408118	0.0	0	447.2270501199382	1663.806926440855	1	0	1	2.2608067297061156
114882.77003872061	6000.0	781.0368877201936	0.0	0	0.0	1663.806926440855	1	0	1	2.260806729706115
115267.38052433102	2000.0	1396.426402109788	0.0	0	0.0	1663.806926440855	1	0	1	0.756729332929841
116200.0	2000.0	1463.8069264408084	0.0	0	432.2700867965468	1663.806926440855	1	0	1	1.8553416215979506
117200.0	2000.0	1463.8069264408225	0.0	0	453.22898063398316	1663.806926440855	1	0	1	1.8553416215979506
119024.08454590956	6000.0	639.7223805312653	0.0	0	0.0	1663.8069264408405	1	0	1	1.8553416215979515
119633.57246747975	2000.0	1030.2344589610943	0.0	0	0.0	1663.8069264408405	1	0	1	0.7567293329298417
120200.0	2000.0	1463.8069264408525	0.0	0	177.8418949256593	1663.8069264408405	1	0	1	1.8553416215979512
121353.3967802895	3000.0	1310.410146151345	0.0	0	0.0	1663.8069264408405	1	0	1	1.8553416215979515
122200.0	2000.0	1463.806926440852	0.0	0	167.02463816288218	1663.8069264408405	1	0	1	1.4498765134897866
123200.0	3000.0	1463.8069264408684	0.0	0	79.50749566598097	1663.806926440855	1	0	1	1.8553416215979508
124200.0	3000.0	1463.806926440863	0.0	0	100.38303193241882	1663.806926440855	1	0	1	2.2608067297061156
125200.0	3000.0	1463.8069264408668	0.0	0	193.26194246632804	1663.806926440855	1	0	1	2.2608067297061156
127053.56791798773	6000.0	610.2390084531214	0.0	0	0.0	1663.806926440855	1	0	1	2.260806729706115
127593.67167591464	2000.0	1070.1352505262334	0.0	0	0.0	1663.806926440855	1	0	1	0.756729332929841
128200.0	2000.0	1463.8069264408798	0.0	0	86.03760455390147	1663.8069264408696	1	0	1	1.85534162159795
129200.0	2000.0	1463.806926440871	0.0	0	509.7902993994794	1663.8069264408696	1	0	1	1.85534162159795
130200.0	2000.0	1463.8069264408648	0.0	0	388.15738002925355	1663.8069264408696	1	0	1	1.85534162159795
131200.0	3000.0	1463.806926440858	0.0	0	201.27864789863816	1663.806926440855	1	0	1	1.8553416215979501
132200.0	3000.0	1463.806926440839	0.0	0	219.3583239291911	1663.806926440826	1	0	1	2.2608067297061156
133200.0	3000.0	1463.8069264408284	0.0	0	31.56118438206613	1663.806926440826	1	0	1	2.260806729706117
134200.0	2000.0	1463.8069264408325	0.0	0	270.2326920843043	1663.806926440826	1	0	1	1.4498765134897875
135200.0	2000.0	1463.8069264408246	0.0	0	326.8822999569238	1663.806926440826	1	0	1	1.8553416215979521
136200.0	2000.0	1463.8069264408298	0.0	0	404.23415537021356	1663.806926440826	1	0	1	1.8553416215979521
137200.0	3000.0	1463.8069264408157	0.0	0	282.11121482605813	1663.806926440826	1	0	1	1.8553416215979524
138200.0	3000.0	1463.8069264408325	0.0	0	157.2151838398422	1663.806926440826	1	0	1	2.260806729706117
139200.0	3000.0	1463.8069264408302	0.0	0	283.58457863065996	1663.806926440826	1	0	1	2.260806729706117
140200.0	3000.0	1463.8069264408302	0.0	0	104.28180550530669	1663.806926440826	1	0	1	2.260806729706117
141200.0	3000.0	1463.806926440796	0.0	0	27.04049346075044	1663.806926440826	1	0	1	2.260806729706117
142200.0	3000.0	1463.806926440772	0.0	0	474.2754020326538	1663.806926440826	1	0	1	2.260806729706117
143967.9228352702	6000.0	695.8840911705714	0.0	0	0.0	1663.806926440826	1	0	1	2.2608067297061165
144558.63015544097	2000.0	1105.176770999789	0.0	0	0.0	1663.806926440826	1	0	1	0.7567293329298425
145200.0	2000.0	1463.8069264407554	0.0	0	274.45054438029183	1663.806926440855	1	0	1	1.8553416215979506
146291.74669147414	3000.0	1372.0602349666033	0.0	0	0.0	1663.806926440855	1	0	1	1.8553416215979508
147382.16970384936	2000.0	1281.6372225914083	0.0	0	0.0	1663.8069264408841	1	0	1	1.4498765134897844
148200.0	2000.0	1463.806926440781	0.0	0	157.43212329843664	1663.8069264408841	1	0	1	1.855341621597949
149200.0	2000.0	1463.806926440789	0.0	0	369.5669308271026	1663.8069264408841	1	0	1	1.855341621597949
150200.0	2000.0	1463.806926440744	0.0	0	437.78443203290226	1663.8069264408841	1	0	1	1.855341621597949
151209.37157769874	3000.0	1454.4353487420112	0.0	0	0.0	1663.8069264408841	1	0	1	1.8553416215979492
152200.0	3000.0	1463.8069264407693	0.0	0	12.361355229251785	1663.806926440855	1	0	1	2.2608067297061156
153200.0	2000.0	1463.8069264407602	0.0	0	427.8174258333165	1663.806926440855	1	0	1	1.449876513489786
154200.0	2000.0	1463.806926440724	0.0	0	267.72817510997993	1663.806926440826	1	0	1	1.8553416215979521
155200.0	3000.0	1463.806926440706	0.0	0	29.520584570011124	1663.806926440826	1	0	1	1.8553416215979524
156200.0	2000.0	1463.8069264406943	0.0	0	167.82686063917936	1663.806926440826	1	0	1	1.4498765134897875
157200.0	2000.0	1463.8069264406975	0.0	0	320.75565569556784	1663.8069264407968	1	0	1	1.8553416215979535
158200.0	3000.0	1463.806926440726	0.0	0	203.71401293604868	1663.8069264407968	1	0	1	1.8553416215979537
159200.0	3000.0	1463.8069264407436	0.0	0	44.71362439295626	1663.8069264407968	1	0	1	2.2608067297061183
160200.0	2000.0	1463.8069264407486	0.0	0	273.45584549428895	1663.806926440826	1	0	1	1.4498765134897875
161200.0	2000.0	1463.8069264407422	0.0	0	420.9199141324207	1663.806926440855	1	0	1	1.8553416215979506
162200.0	3000.0	1463.806926440749	0.0	0	235.94566581753315	1663.806926440826	1	0	1	1.855341621597952
163200.0	2000.0	1463.8069264407536	0.0	0	163.39487765202648	1663.8069264407968	1	0	1	1.4498765134897889
164200.0	2000.0	1463.806926440725	0.0	0	339.5650616171188	1663.8069264407968	1	0	1	1.8553416215979535
165200.0	2000.0	1463.8069264407386	0.0	0	406.4254110084148	1663.8069264407968	1	0	1	1.8553416215979535
166200.0	3000.0	1463.8069264407436	0.0	0	118.25777729673428	1663.806926440826	1	0	1	1.8553416215979524
167421.51991282325	6000.0	1242.2870136174893	0.0	0	0.0	1663.806926440826	1	0	1	2.2608067297061165
168200.0	3000.0	1463.8069264407386	0.0	0	192.05609493947122	1663.8069264407968	1	0	1	1.5676595491461733
169241.24663990564	3000.0	1422.5602865351161	0.0	0	0.0	1663.8069264407968	1	0	1	2.2608067297061183
170200.0	3000.0	1463.8069264407598	0.0	0	64.44723037490621	1663.8069264407677	1	0	1	2.26080672970612
171473.6640937212	6000.0	1190.1428327195715	0.0	0	0.0	1663.8069264407677	1	0	1	2.2608067297061196
172200.0	2000.0	1463.8069264407538	0.0	0	161.3177084539202	1663.8069264407386	1	0	1	0.7567293329298469
173200.0	2000.0	1463.8069264407904	0.0	0	347.63100285906694	1663.8069264407386	1	0	1	1.8553416215979566
174200.0	2000.0	1463.8069264407884	0.0	0	519.0463090758421	1663.8069264407095	1	0	1	1.8553416215979577
175200.0	2000.0	1463.8069264407807	0.0	0	375.3221394637367	1663.8069264407095	1	0	1	1.855341621597958
176200.0	2000.0	1463.8069264407957	0.0	0	418.98115822984255	1663.8069264407095	1	0	1	1.855341621597958
177200.0	3000.0	1463.8069264407768	0.0	0	396.64347637660103	1663.8069264406804	1	0	1	1.8553416215979592
178200.0	3000.0	1463.8069264407745	0.0	0	256.5251832001377	1663.8069264406804	1	0	1	2.2608067297061245
179211.7035316321	3000.0	1452.103394808634	0.0	0	0.0	1663.8069264406804	1	0	1	2.2608067297061245
180200.0	2000.0	1463.806926440743	0.0	0	349.06111859958037	1663.8069264407095	1	0	1	1.4498765134897933
181200.0	2000.0	1463.8069264407525	0.0	0	478.83872770582093	1663.8069264407095	1	0	1	1.8553416215979577
182438.28421250577	3000.0	1225.52271393501	0.0	0	0.0	1663.8069264407095	1	0	1	1.8553416215979581
183200.0	2000.0	1463.8069264407618	0.0	0	345.6107017726463	1663.8069264407095	1	0	1	1.4498765134897933
184200.0	2000.0	1463.806926440786	0.0	0	333.14241633488564	1663.8069264407386	1	0	1	1.855341621597957
185200.0	2000.0	1463.806926440778	0.0	0	349.1010200117016	1663.8069264407677	1	0	1	1.855341621597955
186200.0	3000.0	1463.8069264408086	0.0	0	290.5862987644214	1663.8069264407677	1	0	1	1.8553416215979552
187200.0	3000.0	1463.8069264407852	0.0	0	372.9476987089729	1663.8069264407386	1	0	1	2.2608067297061214
188200.0	3000.0	1463.8069264407968	0.0	0	222.13006007811055	1663.8069264407386	1	0	1	2.2608067297061214
189200.0	3000.0	1463.8069264407973	0.0	0	281.1985933946562	1663.8069264407677	1	0	1	2.26080672970612
190200.0	3000.0	1463.8069264408223	0.0	0	48.000722789089195	1663.8069264407968	1	0	1	2.2608067297061183
191725.83719670615	3000.0	937.9697297346568	0.0	0	0.0	1663.806926440826	1	0	1	2.260806729706118
192605.6585144169	2000.0	1058.148412023892	0.0	0	0.0	1663.8069264407968	1	0	1	1.4498765134897889
193200.0	2000.0	1463.8069264408043	0.0	0	56.783455602504546	1663.8069264407968	1	0	1	1.8553416215979535
194200.0	2000.0	1463.8069264408223	0.0	0	531.4616249759856	1663.8069264407968	1	0	1	1.8553416215979535
195200.0	2000.0	1463.8069264408248	0.0	0	18.049146818666486	1663.8069264407968	1	0	1	1.8553416215979535
196200.0	2000.0	1463.806926440801	0.0	0	301.4881940468622	1663.8069264407968	1	0	1	1.8553416215979535
197200.0	3000.0	1463.806926440771	0.0	0	193.10501021848177	1663.806926440826	1	0	1	1.8553416215979524
198200.0	2000.0	1463.8069264407923	0.0	0	559.5399977540656	1663.806926440826	1	0	1	1.4498765134897875
199200.0	2000.0	1463.8069264407761	0.0	0	355.44014915043954	1663.806926440826	1	0	1	1.8553416215979521
200200.0	2000.0	1463.806926440771	0.0	0	271.6376056650188	1663.8069264407968	1	0	1	1.8553416215979535
201200.0	2000.0	1463.8069264407366	0.0	0	348.16652535038884	1663.8069264407968	1	0	1	1.8553416215979535
202200.0	3000.0	1463.8069264407388	0.0	0	23.815401938918512	1663.8069264407968	1	0	1	1.8553416215979537
203207.0375104085	3000.0	1456.769416032276	0.0	0	0.0	1663.8069264407968	1	0	1	2.2608067297061183
204279.173380172	2000.0	1384.6335462687623	0.0	0	0.0	1663.8069264407968	1	0	1	1.4498765134897889
205200.0	2000.0	1463.8069264407625	0.0	0	190.6102420335228	1663.8069264407968	1	0	1	1.8553416215979535
206200.0	2000.0	1463.8069264407416	0.0	0	384.6549246030336	1663.8069264407968	1	0	1	1.8553416215979535
207200.0	2000.0	1463.806926440742	0.0	0	252.15002892259508	1663.8069264407968	1	0	1	1.8553416215979535
208200.0	2000.0	1463.8069264407395	0.0	0	505.3929313419503	1663.8069264407968	1	0	1	1.8553416215979535
209200.0	2000.0	1463.8069264407245	0.0	0	341.8508072232653	1663.8069264407968	1	0	1	1.8553416215979535
210200.0	2000.0	1463.8069264407197	0.0	0	416.3155662561476	1663.8069264407677	1	0	1	1.8553416215979546
211200.0	2000.0	1463.8069264407409	0.0	0	553.6893491487717	1663.8069264407677	1	0	1	1.855341621597955
212200.0	3000.0	1463.8069264407322	0.0	0	138.72511161243892	1663.8069264407968	1	0	1	1.8553416215979537
213201.32970696	3000.0	1462.4772194807338	0.0	0	0.0	1663.8069264407968	1	0	1	2.2608067297061183
214200.0	2000.0	1463.806926440764	0.0	0	398.7756776990718	1663.806926440855	1	0	1	1.4498765134897864
215200.0	2000.0	1463.8069264407898	0.0	0	331.7299320263555	1663.806926440855	1	0	1	1.8553416215979506
216200.0	3000.0	1463.8069264407818	0.0	0	19.23517628936679	1663.8069264408841	1	0	1	1.8553416215979492
217200.0	3000.0	1463.8069264408136	0.0	0	422.13737417326774	1663.8069264408841	1	0	1	2.260806729706114
218200.0	2000.0	1463.806926440808	0.0	0	575.6315414925921	1663.8069264408841	1	0	1	1.4498765134897844
219210.8526903305	3000.0	1452.9542361103142	0.0	0	0.0	1663.8069264408841	1	0	1	1.8553416215979492
220200.0	2000.0	1463.8069264408018	0.0	0	84.24567115370883	1663.8069264408841	1	0	1	1.4498765134897844
221200.0	2000.0	1463.806926440806	0.0	0	506.6348827856127	1663.8069264408841	1	0	1	1.855341621597949
222200.0	3000.0	1463.8069264408032	0.0	0	181.15346027057967	1663.8069264409132	1	0	1	1.855341621597948
223200.0	3000.0	1463.806926440818	0.0	0	83.22981248990982	1663.8069264409423	1	0	1	2.260806729706111
224760.63944961678	6000.0	903.1674768240259	0.0	0	0.0	1663.8069264409423	1	0	1	2.2608067297061107
225383.95418328803	2000.0	1279.852743152778	0.0	0	0.0	1663.8069264409423	1	0	1	0.7567293329298366
226200.0	2000.0	1463.8069264408462	0.0	0	164.48862725912477	1663.8069264409714	1	0	1	1.8553416215979446
227200.0	2000.0	1463.8069264408414	0.0	0	447.9568395228125	1663.8069264409423	1	0	1	1.8553416215979461
228200.0	2000.0	1463.8069264408364	0.0	0	439.7110653486452	1663.8069264409714	1	0	1	1.8553416215979446
229200.0	2000.0	1463.8069264408264	0.0	0	483.9369905985077	1663.8069264409714	1	0	1	1.8553416215979446
230200.0	2000.0	1463.8069264408043	0.0	0	442.7312663991761	1663.8069264409714	1	0	1	1.8553416215979446
231200.0	3000.0	1463.8069264408196	0.0	0	82.50927015260095	1663.8069264409714	1	0	1	1.8553416215979448
232200.0	2000.0	1463.806926440849	0.0	0	295.68074247421464	1663.8069264410005	1	0	1	1.4498765134897786
233200.0	3000.0	1463.8069264408578	0.0	0	385.62429759904626	1663.8069264409714	1	0	1	1.8553416215979448
234200.0	3000.0	1463.8069264408603	0.0	0	286.4393209995178	1663.8069264409423	1	0	1	2.260806729706111
235200.0	2000.0	1463.8069264409003	0.0	0	272.07457597530447	1663.8069264409423	1	0	1	1.4498765134897815
236200.0	3000.0	1463.8069264409025	0.0	0	157.99726881846436	1663.8069264409423	1	0	1	1.8553416215979464
238035.6507796228	6000.0	628.1561468180838	0.0	0	0.0	1663.8069264409714	1	0	1	2.26080672970611
238565.83088623322	2000.0	1097.9760402077109	0.0	0	0.0	1663.8069264410296	1	0	1	0.7567293329298332
239244.7549334285	2000.0	1419.0519930123921	0.0	0	0.0	1663.8069264410296	1	0	1	1.8553416215979417
240200.0	2000.0	1463.8069264409064	0.0	0	104.01952409598744	1663.8069264410587	1	0	1	1.8553416215979401
241200.0	2000.0	1463.8069264408848	0.0	0	337.4723657963332	1663.8069264410879	1	0	1	1.8553416215979388
242200.0	2000.0	1463.8069264408691	0.0	0	334.9128854976152	1663.8069264410879	1	0	1	1.8553416215979388
243200.0	2000.0	1463.806926440863	0.0	0	187.1169810348365	1663.8069264410879	1	0	1	1.8553416215979388
244200.0	2000.0	1463.8069264408844	0.0	0	312.8921116251149	1663.8069264410879	1	0	1	1.8553416215979388
245200.0	2000.0	1463.8069264408816	0.0	0	421.10298369903467	1663.8069264410879	1	0	1	1.8553416215979388
246200.0	2000.0	1463.8069264408807	0.0	0	369.8790988987603	1663.8069264410587	1	0	1	1.8553416215979401
247200.0	2000.0	1463.806926440894	0.0	0	199.4117050486675	1663.8069264410587	1	0	1	1.8553416215979401
248200.0	2000.0	1463.8069264408607	0.0	0	400.0691772760183	1663.8069264410879	1	0	1	1.8553416215979388
249200.0	2000.0	1463.8069264408043	0.0	0	458.9068806038995	1663.8069264410879	1	0	1	1.8553416215979388
250200.0	3000.0	1463.8069264407716	0.0	0	251.80046538703027	1663.8069264410879	1	0	1	1.855341621597939
251200.0	3000.0	1463.8069264407677	0.0	0	90.10165132989641	1663.8069264410879	1	0	1	2.2608067297061036
252200.0	2000.0	1463.8069264407677	0.0	0	457.0633761312347	1663.8069264410587	1	0	1	1.4498765134897753
253200.0	3000.0	1463.8069264407773	0.0	0	52.93662707824842	1663.8069264410587	1	0	1	1.8553416215979404
254200.0	3000.0	1463.8069264407554	0.0	0	4.378999019623734	1663.8069264410587	1	0	1	2.260806729706105
255200.0	3000.0	1463.806926440742	0.0	0	312.7298687308503	1663.8069264410296	1	0	1	2.2608067297061063
256200.0	2000.0	1463.8069264407643	0.0	0	361.15379497924005	1663.8069264410296	1	0	1	1.449876513489777
257200.0	2000.0	1463.806926440771	0.0	0	341.29008746889303	1663.8069264410296	1	0	1	1.8553416215979417
258200.0	2000.0	1463.806926440755	0.0	0	379.4717194252007	1663.8069264410296	1	0	1	1.8553416215979417
259200.0	3000.0	1463.8069264407707	0.0	0	210.35599946414004	1663.8069264410587	1	0	1	1.8553416215979404
260200.0	3000.0	1463.8069264407673	0.0	0	24.928475138003705	1663.8069264410587	1	0	1	2.260806729706105
261594.3642630024	6000.0	1069.4426634383453	0.0	0	0.0	1663.8069264410296	1	0	1	2.2608067297061063
262200.0	2000.0	1463.8069264407509	0.0	0	99.77982352761319	1663.8069264410005	1	0	1	0.7567293329298336
263200.0	2000.0	1463.806926440717	0.0	0	449.95850288454676	1663.8069264409714	1	0	1	1.8553416215979432
264200.0	3000.0	1463.8069264407377	0.0	0	251.02048184041632	1663.8069264409714	1	0	1	1.8553416215979452
265336.06045071036	6000.0	1327.7464757304158	0.0	0	0.0	1663.8069264409714	1	0	1	2.2608067297061094
266200.0	3000.0	1463.8069264407675	0.0	0	326.77041543420637	1663.8069264409132	1	0	1	1.5676595491461676
267200.0	3000.0	1463.806926440771	0.0	0	458.0816614936921	1663.8069264409132	1	0	1	2.2608067297061125
268200.0	3000.0	1463.8069264408248	0.0	0	18.797642177785747	1663.8069264409714	1	0	1	2.2608067297061094
269200.0	2000.0	1463.8069264408446	0.0	0	427.592694758845	1663.8069264409132	1	0	1	1.449876513489783
270318.3859523253	3000.0	1345.4209741155105	0.0	0	0.0	1663.8069264409132	1	0	1	1.855341621597948
271200.0	2000.0	1463.8069264407636	0.0	0	439.3857165573281	1663.8069264409714	1	0	1	1.44987651348978
272200.0	2000.0	1463.8069264407447	0.0	0	388.8680730529595	1663.8069264409132	1	0	1	1.8553416215979477
273200.0	3000.0	1463.8069264408234	0.0	0	151.8646092854906	1663.8069264409132	1	0	1	1.855341621597948
274200.0	3000.0	1463.8069264408718	0.0	0	429.60635234363144	1663.8069264409714	1	0	1	2.2608067297061094
275786.1183971577	6000.0	877.6885292831513	0.0	0	0.0	1663.8069264409714	1	0	1	2.2608067297061094
276215.30325488624	2000.0	1448.5036715546403	0.0	0	0.0	1663.8069264409714	1	0	1	0.756729332929835
277200.0	2000.0	1463.806926440809	0.0	0	189.6425619450747	1663.8069264409132	1	0	1	1.8553416215979477
278200.0	2000.0	1463.806926440805	0.0	0	271.0674017489655	1663.806926440855	1	0	1	1.8553416215979506
279200.0	2000.0	1463.8069264406927	0.0	0	588.150794174464	1663.806926440855	1	0	1	1.8553416215979506
280200.0	3000.0	1463.8069264407377	0.0	0	306.82649173692334	1663.8069264409132	1	0	1	1.855341621597948
281200.0	3000.0	1463.8069264407918	0.0	0	95.36309257423272	1663.8069264409714	1	0	1	2.2608067297061094
282347.6493448699	3000.0	1316.157581570871	0.0	0	0.0	1663.8069264409714	1	0	1	2.2608067297061094
283200.0	2000.0	1463.8069264407516	0.0	0	266.0288703159313	1663.8069264409132	1	0	1	1.449876513489783
284200.0	2000.0	1463.8069264408011	0.0	0	259.0449385383981	1663.8069264409132	1	0	1	1.8553416215979477
285200.0	2000.0	1463.8069264408557	0.0	0	503.0762610579841	1663.8069264410296	1	0	1	1.8553416215979421
286200.0	2000.0	1463.8069264408157	0.0	0	584.3348979490111	1663.8069264410296	1	0	1	1.8553416215979417
287200.0	3000.0	1463.8069264408418	0.0	0	384.46760415204335	1663.8069264410296	1	0	1	1.855341621597942
288200.0	3000.0	1463.8069264407989	0.0	0	278.9926876394311	1663.8069264410879	1	0	1	2.2608067297061036
289200.0	3000.0	1463.806926440793	0.0	0	71.6449526247452	1663.8069264410879	1	0	1	2.2608067297061036
290736.723131782	6000.0	927.0837946587106	0.0	0	0.0	1663.8069264410879	1	0	1	2.260806729706103
291213.28523264785	2000.0	1450.5216937928653	0.0	0	0.0	1663.8069264410879	1	0	1	0.7567293329298291
292200.0	3000.0	1463.8069264407445	0.0	0	464.0735844215378	1663.8069264410879	1	0	1	1.855341621597939
293208.43726380094	3000.0	1455.3696626397425	0.0	0	0.0	1663.8069264410296	1	0	1	2.2608067297061067
294200.0	2000.0	1463.806926440688	0.0	0	309.7696555138682	1663.8069264409714	1	0	1	1.44987651348978
295239.52943395165	3000.0	1424.277492489064	0.0	0	0.0	1663.8069264409132	1	0	1	1.855341621597948
296200.0	2000.0	1463.8069264406422	0.0	0	206.00390873139258	1663.806926440855	1	0	1	1.449876513489786
297200.0	2000.0	1463.8069264407084	0.0	0	430.11460598913254	1663.8069264409132	1	0	1	1.8553416215979477
298200.0	2000.0	1463.8069264407256	0.0	0	554.2346828166046	1663.8069264409132	1	0	1	1.8553416215979477
299200.0	2000.0	1463.8069264407457	0.0	0	430.57430983992526	1663.8069264409132	1	0	1	1.8553416215979477
300208.7850405083	3000.0	1455.0218859324464	0.0	0	0.0	1663.8069264409714	1	0	1	1.8553416215979448
3.65	3.54	3.65	2.71	3.68	4.39	4.26	3.0	3.23	4.24	2.88	3.45	3.44	3.73	4.6	4.78	4.27	3.67	4.69	4.32	3.64	2.87	3.85	3.35	4.01	4.1	4.04	3.5	3.45	4.34	3.06	4.08	3.41	3.96	4.62	3.83	3.83	3.56	4.38	2.22	1.76	4.31	2.54	2.03	4.6	3.74	3.49	3.2	3.82	4.56	3.7	3.6	2.21	2.83	2.85	3.44	2.69	3.39	3.31	4.03	3.85	3.64	3.71	3.78	3.78	4.66	3.71	2.94	2.79	6.31	3.83	4.02	3.35	3.7	3.23	4.08	4.31	3.68	4.04	3.37	3.85	4.36	3.15	4.23	4.51	3.46	4.61	3.78	2.93	3.51	3.72	2.56	3.93	2.99	2.9	2.92	4.26	4.45	4.36	3.05	3.85	4.26	3.95	2.93	3.72	3.28	3.92	3.8	4.56	4.09	4.33	4.4	4.48	3.98	5.06	4.56	3.3	4.6	2.65	4.19	4.77	3.85	4.77	3.71	3.96	3.41	3.59	4.77	4.59	4.24	3.12	3.74	3.58	3.83	4.52	4.66	4.36	4.22	3.9	5.05	4.17	3.38	4.45	2.63	2.4	4.02	4.26	4.24	3.59	4.38	3.65	3.54	3.65	2.71	3.68	4.39	4.26	3.0	3.23	4.24	2.88	3.45	3.44	3.73	4.6	4.78	4.27	3.67	4.69	4.32	3.64	2.87	3.85	3.35	4.01	4.1	4.04	3.5	3.45	4.34	3.06	4.08	3.41	3.96	4.62	3.83	3.83	3.56	4.38	2.22	1.76	4.31	2.54	2.03	4.6	3.74	3.49	3.2	3.82	4.56	3.7	3.6	2.21	2.83	2.85	3.44	2.69	3.39	3.31	4.03	3.85	3.64	3.71	3.78	3.78	4.66	3.71	2.94	2.79	6.31	3.83	4.02	3.35	3.7	3.23	4.08	4.31	3.68	4.04	3.37	3.85	4.36	3.15	4.23	4.51	3.46	4.61	3.78	2.93	3.51	3.72	2.56	3.93	2.99	2.9	2.92	4.26	4.45	4.36	3.05	3.85	4.26	3.95	2.93	3.72	3.28	3.92	3.8	4.56	4.09	4.33	4.4	4.48	3.98	5.06	4.56	3.3	4.6	2.65	4.19	4.77	3.85	4.77	3.71	3.96	3.41	3.59	4.77	4.59	4.24	3.12	3.74	3.58	3.83	4.52	4.66	4.36	4.22	3.9	5.05	4.17	3.38	4.45	2.63	2.4	4.02	4.26	4.24	3.59	4.38	3.65	3.54
1.0	2.0	3.0	4.0	5.0	6.0	7.0	8.0	9.0	10.0	11.0	12.0	13.0	14.0	15.0	16.0	17.0	18.0	19.0	20.0	21.0	22.0	23.0	24.0	25.0	26.0	27.0	28.0	29.0	30.0	31.0	32.0	33.0	34.0	35.0	36.0	37.0	38.0	39.0	40.0	41.0	42.0	43.0	44.0	45.0	46.0	47.0	48.0	49.0	50.0	51.0	52.0	53.0	54.0	55.0	56.0	57.0	58.0	59.0	60.0	61.0	62.0	63.0	64.0	65.0	66.0	67.0	68.0	69.0	70.0	71.0	72.0	73.0	74.0	75.0	76.0	77.0	78.0	79.0	80.0	81.0	82.0	83.0	84.0	85.0	86.0	87.0	88.0	89.0	90.0	91.0	92.0	93.0	94.0	95.0	96.0	97.0	98.0	99.0	100.0	101.0	102.0	103.0	104.0	105.0	106.0	107.0	108.0	109.0	110.0	111.0	112.0	113.0	114.0	115.0	116.0	117.0	118.0	119.0	120.0	121.0	122.0	123.0	124.0	125.0	126.0	127.0	128.0	129.0	130.0	131.0	132.0	133.0	134.0	135.0	136.0	137.0	138.0	139.0	140.0	141.0	142.0	143.0	144.0	145.0	146.0	147.0	148.0	149.0	149.0	150.0	151.0	152.0	153.0	154.0	155.0	156.0	157.0	158.0	159.0	160.0	161.0	162.0	163.0	164.0	165.0	166.0	167.0	168.0	169.0	170.0	171.0	172.0	173.0	174.0	175.0	176.0	177.0	178.0	179.0	180.0	181.0	182.0	183.0	184.0	185.0	186.0	187.0	188.0	189.0	190.0	191.0	192.0	193.0	194.0	195.0	196.0	197.0	198.0	199.0	200.0	201.0	202.0	203.0	204.0	205.0	206.0	207.0	208.0	209.0	210.0	211.0	212.0	213.0	214.0	215.0	216.0	217.0	218.0	219.0	220.0	221.0	222.0	223.0	224.0	225.0	226.0	227.0	228.0	229.0	230.0	231.0	232.0	233.0	234.0	235.0	236.0	237.0	238.0	239.0	240.0	241.0	242.0	243.0	244.0	245.0	246.0	247.0	248.0	249.0	250.0	251.0	252.0	253.0	254.0	255.0	256.0	257.0	258.0	259.0	260.0	261.0	262.0	263.0	264.0	265.0	266.0	267.0	268.0	269.0	270.0	271.0	272.0	273.0	274.0	275.0	276.0	277.0	278.0	279.0	280.0	281.0	282.0	283.0	284.0	285.0	286.0	287.0	288.0	289.0	290.0	291.0	292.0	293.0	294.0	295.0	296.0	297.0	298.0	298.0	299.0	300.0
2514.017972791657
