4295.194642556823	300.0	2000.0	149.2980408897378	0	0.0	4295.194642556823	1	0	1	-1.4839862253657081
4948.498299313882	2000.0	2346.696343242941	0.0	0	0.0	4295.194642556823	1	0	1	-0.6054643047809989
6768.775772524404	3000.0	1344.3911227113667	0.0	0	0.0	4113.16689523577	1	0	2	0.9470222714033433
7516.895693470707	1000.0	1596.271201765063	0.0	0	0.0	4113.16689523577	1	0	1	-0.6111729064129316
8498.41773578428	2000.0	1614.749159451491	0.0	0	0.0	4113.166895235772	1	0	1	0.6874393822551776
9398.644103148592	2000.0	1624.5001553507466	0.0	0	0.0	4023.1442584993392	1	0	2	1.0100396557146072
9938.336729887871	2000.0	2030.838265937536	0.0	0	0.0	3969.1749958254077	1	0	2	1.2374340528821235
10825.778064384052	2000.0	2054.6527979917364	0.0	0	0.0	3880.430862375789	1	0	2	1.2693269329233758
11575.923214806686	2000.0	2229.493132526837	0.0	0	0.0	3805.416347333523	1	0	2	1.2993797741160285
12158.278960406524	2000.0	2588.901812367015	0.0	0	0.0	3747.1807727735377	1	0	2	1.3221741569884808
12858.98239967319	3000.0	2818.1280291736807	0.0	0	0.0	3677.1104288468705	1	0	2	1.3439248960989922
13953.070287339751	3000.0	2614.6313527404645	0.0	0	0.0	3567.701640080213	1	0	2	1.7810746374480915
14880.219012887075	3000.0	2594.7677546384093	0.0	0	0.0	3474.986767525481	1	0	2	1.8098552879632632
16028.24412800595	3000.0	2331.940128007647	0.0	0	0.0	3360.1842560135938	1	0	2	1.8376542250535057
16750.974923982747	2000.0	2536.9362524331705	0.0	0	0.0	3287.9111764159134	1	0	2	1.0480635507569094
17367.11642960912	2000.0	2859.1805962441626	0.0	0	0.0	3226.2970258532805	1	0	2	1.4690791021281004
18234.02546408364	3000.0	2905.580658322192	0.0	0	0.0	3139.6061224058285	1	0	2	1.4863017481991982
19200.0	3000.0	2843.0086688141914	0.0	0	364.0970480997057	3043.0086688141873	1	0	2	1.9077091822132075
20208.25992195332	3000.0	2733.9227546655434	0.0	0	0.0	2942.1826766188533	1	0	2	1.928205378066873
21200.0	3000.0	2643.0086688141887	0.0	0	192.4373133948029	2843.008668814182	1	0	2	1.943760521002226
22200.0	3000.0	2543.0086688141896	0.0	0	271.73577853861934	2743.0086688141855	1	0	2	1.9589600487405692
23349.09164567894	3000.0	2279.0078585673577	0.0	0	0.0	2628.099504246293	1	0	2	1.9760949981983953
24200.0	3000.0	2343.008668814191	0.0	0	167.1198389890087	2543.008668814193	1	0	2	1.9866651778901208
25200.0	3000.0	2243.0086688141932	0.0	0	387.07367300067926	2443.0086688141964	1	0	2	1.9973546858359617
26200.0	3000.0	2143.0086688141964	0.0	0	95.67772361238167	2343.0086688141964	1	0	2	2.008682919289651
27206.070455840443	3000.0	2036.3311673897058	0.0	0	0.0	2242.401623230151	1	0	2	2.0189849890904994
28200.0	3000.0	1943.0086688141903	0.0	0	241.3262880321381	2143.008668814193	1	0	2	2.0268551598201965
29200.0	3000.0	1843.0086688141882	0.0	0	425.4775605289069	2043.0086688141855	1	0	2	2.034520805572212
30200.0	3000.0	1743.0086688141846	0.0	0	147.1672755931977	1943.0086688141819	1	0	2	2.042128162452031
32299.40253116702	6000.0	643.6061376471686	0.0	0	0.0	1943.0086688141819	1	0	1	2.0444485456235357
32950.9082348529	2000.0	992.1004339612934	0.0	0	0.0	1943.0086688141855	1	0	1	0.7403711488472613
33649.74106898754	2000.0	1293.267599826654	0.0	0	0.0	1943.0086688141891	1	0	1	1.8389834375153709
34382.746527893985	2000.0	1560.2621409202068	0.0	0	0.0	1943.0086688141891	1	0	1	1.8389834375153709
35200.0	2000.0	1743.0086688141942	0.0	0	108.24445303891116	1943.0086688141891	1	0	1	1.8389834375153709
36200.0	2000.0	1743.0086688141946	0.0	0	400.7760892979204	1943.0086688141891	1	0	1	1.8389834375153709
37200.0	2000.0	1743.0086688141985	0.0	0	493.41075265382096	1943.0086688141891	1	0	1	1.8389834375153709
38200.0	2000.0	1743.008668814195	0.0	0	415.0186766866318	1943.0086688141891	1	0	1	1.8389834375153709
39200.0	2000.0	1743.0086688141987	0.0	0	418.95528117968206	1943.0086688141891	1	0	1	1.8389834375153709
40200.0	2000.0	1643.0086688141976	0.0	0	213.16322729731473	1843.0086688141819	1	0	2	1.443283006146294
41200.0	3000.0	1643.0086688142023	0.0	0	399.46282936628995	1843.0086688141819	1	0	1	1.6453572863167976
42200.0	2000.0	1643.0086688142087	0.0	0	391.34131425358646	1843.0086688141819	1	0	1	1.4398921782086331
43200.0	3000.0	1643.0086688142112	0.0	0	184.7464495839522	1843.0086688141819	1	0	1	1.8453572863167977
44200.0	2000.0	1643.008668814211	0.0	0	135.7247252962261	1843.0086688141819	1	0	1	1.4398921782086331
45200.0	2000.0	1543.0086688142057	0.0	0	366.64836140422995	1743.0086688141673	1	0	2	1.4490569260413042
46200.0	3000.0	1543.0086688141973	0.0	0	356.1037387770193	1743.0086688141673	1	0	1	1.6511424176269478
47200.0	3000.0	1543.0086688141953	0.0	0	344.6000934169788	1743.0086688141746	1	0	1	2.256607525735112
48200.0	3000.0	1543.0086688141935	0.0	0	89.95770094492036	1743.0086688141746	1	0	1	2.256607525735112
49200.0	3000.0	1543.0086688141844	0.0	0	243.3550589703591	1743.0086688141746	1	0	1	2.256607525735112
50200.0	3000.0	1543.0086688141896	0.0	0	292.2463869365529	1743.0086688141746	1	0	1	2.256607525735112
51200.0	3000.0	1543.0086688141973	0.0	0	39.63267907193949	1743.0086688141746	1	0	1	2.256607525735112
52200.0	2000.0	1543.0086688141905	0.0	0	531.7410426995048	1743.0086688141746	1	0	1	1.445677309518783
53200.0	3000.0	1543.008668814186	0.0	0	286.05357969814213	1743.0086688141746	1	0	1	1.8511424176269475
54200.0	3000.0	1543.0086688141905	0.0	0	38.218371164475684	1743.0086688141746	1	0	1	2.256607525735112
55244.31921156275	3000.0	1498.6894572514448	0.0	0	0.0	1743.0086688141746	1	0	1	2.256607525735112
56209.70229303294	3000.0	1533.3063757812586	0.0	0	0.0	1743.0086688141746	1	0	1	2.256607525735112
57200.0	2000.0	1543.0086688142028	0.0	0	420.0943609891401	1743.0086688141746	1	0	1	1.445677309518783
58200.0	2000.0	1543.0086688142014	0.0	0	448.195512405975	1743.0086688141746	1	0	1	1.8511424176269475
59233.31332446849	2000.0	1509.695344345718	0.0	0	0.0	1743.0086688141819	1	0	1	1.851142417626947
60200.0	2000.0	1543.008668814208	0.0	0	283.36304307090904	1743.0086688141819	1	0	1	1.851142417626947
61200.0	2000.0	1543.0086688142055	0.0	0	239.16043962940603	1743.0086688141746	1	0	1	1.8511424176269475
62200.0	2000.0	1543.0086688142023	0.0	0	87.17704245539062	1743.0086688141673	1	0	1	1.8511424176269478
63200.0	2000.0	1543.0086688142069	0.0	0	552.8740517581464	1743.0086688141746	1	0	1	1.8511424176269475
64200.0	2000.0	1543.0086688142067	0.0	0	339.0377102469647	1743.0086688141746	1	0	1	1.8511424176269475
65200.0	2000.0	1543.0086688142053	0.0	0	453.5492822026499	1743.0086688141746	1	0	1	1.8511424176269475
66200.0	3000.0	1543.0086688142012	0.0	0	406.1959055175539	1743.0086688141673	1	0	1	1.851142417626948
67200.0	3000.0	1543.008668814198	0.0	0	315.5639583051234	1743.0086688141746	1	0	1	2.256607525735112
68200.0	3000.0	1543.0086688142087	0.0	0	274.44081607584667	1743.0086688141746	1	0	1	2.256607525735112
69200.0	3000.0	1543.008668814217	0.0	0	266.07879162437166	1743.0086688141746	1	0	1	2.256607525735112
70299.84833709784	3000.0	1443.160331716368	0.0	0	0.0	1743.0086688141746	1	0	1	2.256607525735112
71200.0	2000.0	1543.0086688142085	0.0	0	331.1233124104183	1743.0086688141891	1	0	1	1.445677309518782
72200.0	2000.0	1543.00866881419	0.0	0	420.2383083604218	1743.0086688141746	1	0	1	1.8511424176269475
73200.0	2000.0	1543.0086688141866	0.0	0	257.0712364388892	1743.0086688141746	1	0	1	1.8511424176269475
74200.0	3000.0	1543.0086688141769	0.0	0	146.01946473921998	1743.0086688141746	1	0	1	1.8511424176269475
75200.0	3000.0	1543.008668814161	0.0	0	66.88883253913082	1743.0086688141746	1	0	1	2.256607525735112
76200.0	6000.0	1543.008668814182	0.0	0	41.61471895544673	1743.0086688141746	1	0	1	2.256607525735112
78222.0393062747	6000.0	520.9693625394716	0.0	0	0.0	1743.0086688141746	1	0	1	2.9497547062950566
78748.89722831637	2000.0	994.1114404978052	0.0	0	0.0	1743.0086688141746	1	0	1	0.7525301289588379
79202.99820368801	2000.0	1540.0104651261627	0.0	0	0.0	1743.0086688141746	1	0	1	1.8511424176269475
80200.0	3000.0	1543.0086688141698	0.0	0	380.5984653102787	1743.0086688141746	1	0	1	1.8511424176269475
81200.0	3000.0	1543.008668814163	0.0	0	48.66362270909303	1743.0086688141891	1	0	1	2.2566075257351113
82200.0	3000.0	1543.0086688141605	0.0	0	74.57168832296156	1743.0086688141891	1	0	1	2.2566075257351113
83200.0	3000.0	1543.0086688141478	0.0	0	200.88062205359165	1743.0086688141746	1	0	1	2.256607525735112
84200.0	3000.0	1543.0086688141544	0.0	0	261.7921847287362	1743.0086688141746	1	0	1	2.256607525735112
85200.0	2000.0	1543.0086688141587	0.0	0	294.55682319450716	1743.0086688141746	1	0	1	1.445677309518783
86200.0	3000.0	1543.0086688141696	0.0	0	324.8654312599392	1743.0086688141746	1	0	1	1.8511424176269475
87575.65988118426	3000.0	1167.3487876299168	0.0	0	0.0	1743.0086688141746	1	0	1	2.256607525735112
88566.61740683514	2000.0	1176.3912619790335	0.0	0	0.0	1743.00866881416	1	0	1	1.4456773095187834
89324.65974525765	2000.0	1418.3489235565214	0.0	0	0.0	1743.00866881416	1	0	1	1.851142417626948
90200.0	2000.0	1543.008668814188	0.0	0	417.3547782358073	1743.00866881416	1	0	1	1.851142417626948
91200.0	2000.0	1543.0086688141953	0.0	0	426.53197604458546	1743.00866881416	1	0	1	1.851142417626948
92200.0	2000.0	1543.0086688141803	0.0	0	377.2051472873718	1743.00866881416	1	0	1	1.851142417626948
93200.0	3000.0	1543.0086688141862	0.0	0	286.0969988359575	1743.0086688141455	1	0	1	1.851142417626949
94200.0	3000.0	1543.0086688141814	0.0	0	226.6414375007298	1743.0086688141455	1	0	1	2.256607525735114
95782.0528448822	6000.0	960.9558239319708	0.0	0	0.0	1743.008668814131	1	0	1	2.256607525735115
96326.32687670698	2000.0	1416.6817921071909	0.0	0	0.0	1743.008668814131	1	0	1	0.7525301289588402
97200.0	2000.0	1543.0086688141778	0.0	0	417.5526433842315	1743.0086688141164	1	0	1	1.8511424176269506
98200.0	2000.0	1543.0086688141619	0.0	0	475.30754387407796	1743.0086688141164	1	0	1	1.8511424176269506
99200.0	2000.0	1543.0086688141557	0.0	0	384.7806894334208	1743.0086688141164	1	0	1	1.8511424176269506
100200.0	2000.0	1543.0086688141525	0.0	0	386.0513518837688	1743.0086688141018	1	0	1	1.8511424176269515
101200.0	2000.0	1543.0086688141512	0.0	0	48.17366472494905	1743.0086688141018	1	0	1	1.8511424176269515
102200.0	3000.0	1443.0086688141519	0.0	0	401.2142124102684	1643.0086688141018	1	0	2	1.454458584712054
103200.0	2000.0	1443.008668814154	0.0	0	212.98869702398952	1643.0086688141018	1	0	1	1.2509265790291484
104200.0	2000.0	1443.0086688141532	0.0	0	517.6801528919459	1643.0086688141018	1	0	1	1.8563916871373132
105200.0	3000.0	1443.0086688141564	0.0	0	98.385231735243	1643.0086688141018	1	0	1	1.8563916871373134
106586.37715573715	6000.0	1056.6315130770051	0.0	0	0.0	1643.0086688141018	1	0	1	2.2618567952454773
107200.0	2000.0	1443.008668814164	0.0	0	175.7652922378038	1643.0086688141018	1	0	1	0.7577793984692035
108200.0	2000.0	1443.0086688141655	0.0	0	423.6516764412663	1643.0086688141018	1	0	1	1.8563916871373132
109200.0	3000.0	1443.0086688141569	0.0	0	406.41219684247335	1643.0086688141018	1	0	1	1.8563916871373134
110200.0	3000.0	1443.0086688141675	0.0	0	244.32573715638136	1643.0086688141018	1	0	1	2.261856795245478
111495.20672394233	6000.0	1147.801944871825	0.0	0	0.0	1643.0086688141018	1	0	1	2.2618567952454773
112398.93731517144	3000.0	1244.0713536427154	0.0	0	0.0	1643.0086688141018	1	0	1	1.568709614685533
113200.0	2000.0	1443.008668814162	0.0	0	127.23822103328712	1643.0086688141018	1	0	1	1.4509265790291486
114200.0	2000.0	1443.008668814152	0.0	0	561.0638541588123	1643.0086688141018	1	0	1	1.8563916871373132
115200.0	2000.0	1443.0086688141582	0.0	0	346.03262260297197	1643.0086688141018	1	0	1	1.8563916871373132
116200.0	2000.0	1443.0086688141464	0.0	0	456.2721038994059	1643.0086688140873	1	0	1	1.8563916871373136
117200.0	6000.0	1443.0086688141555	0.0	0	216.90840665214637	1643.0086688140873	1	0	1	1.856391687137314
118382.90202572354	6000.0	1260.1066430906153	0.0	0	0.0	1643.0086688141018	1	0	1	2.9550039758054227
119200.0	2000.0	1443.0086688141346	0.0	0	212.01243742156657	1643.0086688141018	1	0	1	0.7577793984692035
120200.0	3000.0	1443.0086688141432	0.0	0	69.06626537862758	1643.0086688140873	1	0	1	1.8563916871373138
121286.07952305018	3000.0	1356.929145763966	0.0	0	0.0	1643.0086688140873	1	0	1	2.2618567952454787
122200.0	3000.0	1443.0086688141507	0.0	0	298.145043955592	1643.0086688140873	1	0	1	2.2618567952454787
123200.0	2000.0	1443.0086688141616	0.0	0	610.203684827924	1643.0086688140873	1	0	1	1.450926579029149
124200.0	3000.0	1443.0086688141687	0.0	0	508.2361023748672	1643.0086688141018	1	0	1	1.8563916871373134
125200.0	3000.0	1443.0086688141705	0.0	0	255.15332101080276	1643.0086688141018	1	0	1	2.261856795245478
126200.0	3000.0	1443.008668814179	0.0	0	41.594640069277375	1643.0086688141164	1	0	1	2.2618567952454773
127200.0	3000.0	1443.0086688141748	0.0	0	205.30780791174038	1643.0086688141164	1	0	1	2.2618567952454773
128200.0	3000.0	1443.0086688141635	0.0	0	227.481288699375	1643.0086688141164	1	0	1	2.2618567952454773
129200.0	3000.0	1443.0086688141828	0.0	0	56.95290377746278	1643.0086688141164	1	0	1	2.2618567952454773
130200.0	3000.0	1443.0086688141757	0.0	0	62.17622135326383	1643.0086688141018	1	0	1	2.261856795245478
131200.0	3000.0	1443.0086688141762	0.0	0	139.85655458184192	1643.0086688141018	1	0	1	2.261856795245478
132200.0	3000.0	1443.008668814212	0.0	0	265.0370731186995	1643.0086688141455	1	0	1	2.261856795245477
133200.0	3000.0	1443.0086688142092	0.0	0	30.971014687413117	1643.0086688141455	1	0	1	2.2618567952454756
134200.0	2000.0	1443.0086688141816	0.0	0	202.43786110691144	1643.0086688141455	1	0	1	1.4509265790291463
135200.0	2000.0	1443.008668814177	0.0	0	144.66589573962847	1643.0086688141455	1	0	1	1.856391687137311
136200.0	2000.0	1443.008668814159	0.0	0	315.56612578747445	1643.0086688141455	1	0	1	1.856391687137311
137200.0	2000.0	1443.0086688141578	0.0	0	458.0677397623076	1643.0086688141164	1	0	1	1.8563916871373123
138200.0	2000.0	1443.0086688141264	0.0	0	632.3217729819298	1643.0086688141164	1	0	1	1.8563916871373123
139200.0	3000.0	1443.0086688141132	0.0	0	222.81868725368986	1643.0086688141164	1	0	1	1.8563916871373125
140200.0	3000.0	1443.0086688141107	0.0	0	3.3819865508703515	1643.0086688141164	1	0	1	2.2618567952454773
141200.0	3000.0	1443.0086688140968	0.0	0	139.67854280467145	1643.0086688141164	1	0	1	2.2618567952454773
142200.0	2000.0	1443.0086688141216	0.0	0	148.48134945239872	1643.0086688141164	1	0	1	1.4509265790291477
143200.0	2000.0	1443.0086688141155	0.0	0	399.05067720485386	1643.0086688140873	1	0	1	1.8563916871373136
144200.0	2000.0	1443.0086688141362	0.0	0	406.3612552433915	1643.0086688141164	1	0	1	1.8563916871373123
145200.0	2000.0	1443.008668814126	0.0	0	376.9583463840827	1643.0086688141164	1	0	1	1.8563916871373123
146200.0	2000.0	1443.0086688141387	0.0	0	369.77037650637794	1643.0086688141164	1	0	1	1.8563916871373123
147200.0	2000.0	1443.0086688141369	0.0	0	458.7813149605354	1643.0086688141164	1	0	1	1.8563916871373123
148200.0	2000.0	1443.008668814161	0.0	0	351.43489884986775	1643.0086688141164	1	0	1	1.8563916871373123
149200.0	2000.0	1443.0086688141578	0.0	0	132.73270981328096	1643.0086688141164	1	0	1	1.8563916871373123
150200.0	2000.0	1443.0086688141405	0.0	0	367.73686886089854	1643.0086688141164	1	0	1	1.8563916871373123
151200.0	2000.0	1443.0086688141764	0.0	0	142.17949087588931	1643.0086688141164	1	0	1	1.8563916871373123
152200.0	2000.0	1443.008668814196	0.0	0	237.69886295459582	1643.0086688141164	1	0	1	1.8563916871373123
153200.0	2000.0	1443.0086688142226	0.0	0	365.1608659174817	1643.0086688141455	1	0	1	1.856391687137311
154200.0	2000.0	1443.0086688142271	0.0	0	344.28592061263043	1643.0086688141746	1	0	1	1.8563916871373107
155200.0	2000.0	1443.0086688141744	0.0	0	198.7560430034937	1643.0086688141746	1	0	1	1.8563916871373096
156396.4866005396	2000.0	1246.5220682745803	0.0	0	0.0	1643.0086688141746	1	0	1	1.8563916871373096
157200.0	2000.0	1443.0086688142019	0.0	0	43.81271099601872	1643.0086688141455	1	0	1	1.85639168713731
158200.0	2000.0	1443.008668814211	0.0	0	140.99369383006706	1643.0086688141746	1	0	1	1.8563916871373096
159200.0	2000.0	1443.0086688142253	0.0	0	198.4022083109885	1643.0086688142037	1	0	1	1.8563916871373092
160200.0	2000.0	1443.0086688141878	0.0	0	108.5658375431376	1643.0086688141746	1	0	1	1.8563916871373083
161200.0	2000.0	1443.0086688141598	0.0	0	199.1206012793118	1643.0086688141746	1	0	1	1.8563916871373096
162200.0	2000.0	1443.0086688141798	0.0	0	337.7765392760339	1643.0086688141455	1	0	1	1.856391687137311
163200.0	2000.0	1443.0086688141741	0.0	0	460.33772873383714	1643.0086688141455	1	0	1	1.856391687137311
164200.0	2000.0	1443.0086688141564	0.0	0	477.0239683606196	1643.0086688141164	1	0	1	1.8563916871373112
165200.0	2000.0	1443.0086688141562	0.0	0	74.3928368515335	1643.0086688141164	1	0	1	1.8563916871373112
166200.0	2000.0	1443.0086688141616	0.0	0	34.053877437341725	1643.0086688140873	1	0	1	1.8563916871373127
167200.0	2000.0	1443.008668814179	0.0	0	239.75874570015003	1643.0086688141164	1	0	1	1.8563916871373123
168200.0	2000.0	1443.0086688141894	0.0	0	498.5653084584046	1643.0086688141164	1	0	1	1.8563916871373123
169200.0	2000.0	1443.0086688141953	0.0	0	527.241060974251	1643.0086688141455	1	0	1	1.856391687137312
170200.0	2000.0	1443.008668814147	0.0	0	94.98387332286802	1643.0086688141455	1	0	1	1.856391687137311
171200.0	3000.0	1443.0086688140993	0.0	0	352.29789776937105	1643.0086688141164	1	0	1	1.8563916871373114
172200.0	2000.0	1443.0086688141148	0.0	0	360.19013497195556	1643.0086688141164	1	0	1	1.4509265790291477
173200.0	2000.0	1443.0086688141178	0.0	0	552.986713578488	1643.0086688141164	1	0	1	1.8563916871373123
174200.0	3000.0	1443.0086688141114	0.0	0	225.36895407669363	1643.0086688140873	1	0	1	1.8563916871373127
175200.0	3000.0	1443.0086688141146	0.0	0	151.82962961649173	1643.0086688141164	1	0	1	2.2618567952454782
176320.6101462263	3000.0	1322.3985225877889	0.0	0	0.0	1643.0086688140873	1	0	1	2.2618567952454787
177200.0	2000.0	1443.0086688140718	0.0	0	163.49255647536484	1643.0086688140582	1	0	1	1.4509265790291495
178200.0	3000.0	1443.00866881409	0.0	0	285.1663346232963	1643.0086688140582	1	0	1	1.8563916871373154
179200.0	3000.0	1443.008668814097	0.0	0	115.2455123779364	1643.0086688140582	1	0	1	2.26185679524548
180389.95324227854	3000.0	1253.0554265355495	0.0	0	0.0	1643.0086688140582	1	0	1	2.26185679524548
181244.84827048253	2000.0	1398.1603983315392	0.0	0	0.0	1643.008668814029	1	0	1	1.4509265790291515
182200.0	2000.0	1443.0086688140939	0.0	0	432.2105493923882	1643.008668814029	1	0	1	1.8563916871373167
183200.0	2000.0	1443.0086688141246	0.0	0	319.2461790854577	1643.008668814029	1	0	1	1.8563916871373167
184200.0	2000.0	1443.0086688141503	0.0	0	167.95779067336116	1643.008668814029	1	0	1	1.8563916871373167
185200.0	2000.0	1443.0086688141396	0.0	0	456.05952030132175	1643.008668814029	1	0	1	1.8563916871373167
186200.0	2000.0	1443.0086688141344	0.0	0	444.3056794340664	1643.008668814029	1	0	1	1.8563916871373167
187200.0	2000.0	1443.0086688141394	0.0	0	370.71136381826364	1643.008668814	1	0	1	1.8563916871373172
188200.0	2000.0	1443.0086688141448	0.0	0	118.30045880901162	1643.008668814029	1	0	1	1.8563916871373167
189200.0	2000.0	1443.0086688141198	0.0	0	421.36431952693965	1643.008668814	1	0	1	1.856391687137318
190200.0	2000.0	1443.0086688141396	0.0	0	404.8800216008676	1643.008668814	1	0	1	1.856391687137318
191200.0	2000.0	1443.0086688141457	0.0	0	555.8705818909511	1643.008668814029	1	0	1	1.8563916871373178
192200.0	2000.0	1443.0086688141212	0.0	0	191.7297503130685	1643.008668814029	1	0	1	1.8563916871373167
193200.0	2000.0	1443.0086688141414	0.0	0	143.84081479813904	1643.0086688140582	1	0	1	1.8563916871373154
194200.0	2000.0	1443.008668814128	0.0	0	388.07219379165326	1643.0086688140582	1	0	1	1.8563916871373154
195200.0	2000.0	1443.008668814104	0.0	0	493.1281201351376	1643.008668814029	1	0	1	1.8563916871373156
196200.0	3000.0	1443.0086688141312	0.0	0	258.21668276403216	1643.008668814029	1	0	1	1.856391687137317
197200.0	3000.0	1443.008668814108	0.0	0	131.42108666343847	1643.008668814029	1	0	1	2.2618567952454818
198200.0	3000.0	1443.0086688140827	0.0	0	10.339402758516371	1643.008668814	1	0	1	2.261856795245482
199200.0	3000.0	1443.008668814101	0.0	0	409.68991491684574	1643.008668814	1	0	1	2.261856795245483
200200.0	3000.0	1443.008668814139	0.0	0	215.58508156987955	1643.008668814029	1	0	1	2.2618567952454818
201200.0	2000.0	1443.0086688141607	0.0	0	509.3030550770927	1643.0086688140582	1	0	1	1.4509265790291508
202200.0	3000.0	1443.0086688141685	0.0	0	241.96116209359025	1643.0086688140582	1	0	1	1.8563916871373154
203200.0	3000.0	1443.0086688141648	0.0	0	54.992391372972634	1643.0086688140582	1	0	1	2.26185679524548
204264.24408712654	3000.0	1378.7645816876027	0.0	0	0.0	1643.0086688140582	1	0	1	2.26185679524548
205200.0	2000.0	1443.0086688141346	0.0	0	303.9380623931065	1643.0086688140582	1	0	1	1.4509265790291508
206200.0	2000.0	1443.0086688141726	0.0	0	326.92948872363195	1643.0086688141164	1	0	1	1.8563916871373134
207200.0	2000.0	1443.0086688141553	0.0	0	395.4317664226983	1643.0086688140873	1	0	1	1.8563916871373127
208200.0	2000.0	1443.0086688141419	0.0	0	268.18004381182254	1643.0086688140582	1	0	1	1.8563916871373154
209200.0	2000.0	1443.008668814157	0.0	0	184.39485887176124	1643.0086688140873	1	0	1	1.8563916871373136
210200.0	2000.0	1443.0086688141457	0.0	0	302.6859021447599	1643.0086688140873	1	0	1	1.8563916871373136
211200.0	2000.0	1443.0086688141203	0.0	0	140.06931108320714	1643.0086688140582	1	0	1	1.8563916871373154
212200.0	2000.0	1443.0086688141148	0.0	0	315.97965564843616	1643.0086688140873	1	0	1	1.8563916871373136
213200.0	2000.0	1443.00866881409	0.0	0	209.0745554624591	1643.0086688140582	1	0	1	1.856391687137314
214200.0	2000.0	1443.0086688140957	0.0	0	418.5382323534577	1643.0086688140582	1	0	1	1.8563916871373154
215200.0	2000.0	1443.0086688140789	0.0	0	609.7109100176895	1643.008668814029	1	0	1	1.8563916871373167
216200.0	3000.0	1443.0086688140907	0.0	0	281.33019265229814	1643.008668814029	1	0	1	1.856391687137317
218410.47227132827	6000.0	232.53639748582037	0.0	0	0.0	1643.008668814	1	0	1	2.261856795245483
218998.83118360682	2000.0	714.2540240741425	70.0765388668697	0	0.0	1713.0852076808806	1	0	1	0.33369556187081506
219532.33691779277	2000.0	1180.7482898882208	0.0	0	0.0	1713.0852076808806	1	0	1	1.8527670837401429
220273.81078629443	2000.0	1439.2744213865553	0.0	0	0.0	1713.0852076808806	1	0	1	1.8527670837401429
221200.0	2000.0	1513.0852076810036	0.0	0	106.77209305664292	1713.0852076808806	1	0	1	1.8527670837401429
222200.0	2000.0	1513.0852076809972	0.0	0	528.6263488941186	1713.0852076808515	1	0	1	1.8527670837401442
223200.0	2000.0	1513.085207680982	0.0	0	578.7319144242792	1713.0852076808806	1	0	1	1.8527670837401438
224200.0	3000.0	1513.0852076809965	0.0	0	147.02194630142185	1713.0852076809097	1	0	1	1.8527670837401413
225200.0	3000.0	1413.0852076810102	0.0	0	464.6158044934273	1613.0852076809097	1	0	2	1.8613934529480418
226706.45308031343	6000.0	906.6321273675675	0.0	0	0.0	1613.0852076809097	1	0	1	2.063330712515326
227200.0	2000.0	1413.0852076809686	0.0	0	6.15451055279118	1613.0852076808806	1	0	1	0.7592533157390532
228200.0	2000.0	1413.085207680954	0.0	0	381.4976258549141	1613.0852076809097	1	0	1	1.857865604407161
229200.0	2000.0	1413.0852076809676	0.0	0	418.17972165122046	1613.0852076809097	1	0	1	1.857865604407161
230200.0	3000.0	1413.0852076810065	0.0	0	151.65155349316774	1613.0852076809097	1	0	1	1.8578656044071626
231200.0	3000.0	1413.0852076810156	0.0	0	325.0400338874897	1613.0852076809097	1	0	1	2.263330712515326
232200.0	3000.0	1413.0852076809813	0.0	0	143.12939754180843	1613.0852076809097	1	0	1	2.263330712515326
233200.0	3000.0	1413.085207681022	0.0	0	23.038283646048512	1613.0852076809388	1	0	1	2.263330712515325
234200.0	2000.0	1413.0852076810174	0.0	0	261.4129323309462	1613.0852076809097	1	0	1	1.4524004962989965
235200.0	2000.0	1413.085207681013	0.0	0	469.5161854129983	1613.0852076809097	1	0	1	1.857865604407161
236763.15916678848	3000.0	849.9260408925602	0.0	0	0.0	1613.0852076809097	1	0	1	1.8578656044071613
237487.7670071122	2000.0	1125.3182005688127	0.0	0	0.0	1613.0852076808806	1	0	1	1.4524004962989983
238215.04706526955	2000.0	1398.038142411478	0.0	0	0.0	1613.0852076808806	1	0	1	1.8578656044071629
239200.0	2000.0	1413.0852076810147	0.0	0	633.4617321951373	1613.0852076808806	1	0	1	1.8578656044071629
240200.0	2000.0	1413.0852076810047	0.0	0	270.38182233122643	1613.0852076808806	1	0	1	1.8578656044071629
241200.0	2000.0	1413.0852076810008	0.0	0	177.21192255307687	1613.0852076809097	1	0	1	1.857865604407161
242200.0	2000.0	1413.0852076810334	0.0	0	539.5810019488563	1613.0852076809097	1	0	1	1.857865604407161
243200.0	3000.0	1413.085207681052	0.0	0	140.10350166331045	1613.0852076809097	1	0	1	1.8578656044071613
244200.0	3000.0	1413.0852076810434	0.0	0	307.15508281448274	1613.0852076808806	1	0	1	2.2633307125153275
245200.0	2000.0	1413.0852076810581	0.0	0	385.36563181941165	1613.0852076808806	1	0	1	1.4524004962989983
246200.0	3000.0	1413.0852076810606	0.0	0	78.77444840868702	1613.0852076808806	1	0	1	1.857865604407163
247200.0	3000.0	1413.0852076810443	0.0	0	146.80364540938172	1613.0852076808515	1	0	1	2.263330712515328
248200.0	3000.0	1413.085207681048	0.0	0	90.35898792682565	1613.0852076808515	1	0	1	2.2633307125153292
249200.0	2000.0	1413.0852076810643	0.0	0	260.71874138343264	1613.0852076808515	1	0	1	1.4524004962989996
250200.0	2000.0	1413.085207681064	0.0	0	265.1081583642517	1613.0852076808515	1	0	1	1.8578656044071642
251200.0	2000.0	1413.085207681061	0.0	0	480.3860687444103	1613.0852076808806	1	0	1	1.857865604407164
252333.47472595266	3000.0	1279.6104817283945	0.0	0	0.0	1613.0852076808806	1	0	1	1.857865604407163
253200.0	2000.0	1413.0852076810388	0.0	0	319.5407693864254	1613.0852076808515	1	0	1	1.4524004962989996
254200.0	2000.0	1413.0852076810525	0.0	0	569.0203038761101	1613.0852076808515	1	0	1	1.8578656044071642
255200.0	2000.0	1413.0852076810795	0.0	0	528.5677553543646	1613.0852076808806	1	0	1	1.8578656044071629
256200.0	3000.0	1413.085207681075	0.0	0	428.68596577458084	1613.0852076808806	1	0	1	1.857865604407163
257200.0	3000.0	1413.085207681073	0.0	0	321.24952672599466	1613.0852076808806	1	0	1	2.2633307125153275
258200.0	3000.0	1413.08520768106	0.0	0	412.04459258707357	1613.0852076808515	1	0	1	2.263330712515328
259200.0	3000.0	1413.0852076810513	0.0	0	220.12185162655078	1613.0852076808224	1	0	1	2.2633307125153292
260445.17951671936	6000.0	1167.905690961685	0.0	0	0.0	1613.0852076808224	1	0	1	2.26333071251533
261381.42293639554	3000.0	1231.6622712855014	0.0	0	0.0	1613.0852076808224	1	0	1	1.5701835319553854
262200.0	2000.0	1413.0852076810327	0.0	0	247.34258550431696	1613.0852076808224	1	0	1	1.452400496299001
263200.0	2000.0	1413.0852076810136	0.0	0	308.80587937671226	1613.0852076808224	1	0	1	1.8578656044071646
264200.0	2000.0	1413.085207680963	0.0	0	257.03742333396804	1613.0852076808224	1	0	1	1.8578656044071655
265200.0	3000.0	1413.0852076809147	0.0	0	389.1405241714092	1613.0852076808224	1	0	1	1.8578656044071657
266369.94359102607	6000.0	1243.1416166548736	0.0	0	0.0	1613.0852076808224	1	0	1	2.26333071251533
267200.0	2000.0	1413.085207680918	0.0	0	240.79576773941517	1613.0852076807641	1	0	1	0.7592533157390587
268200.0	3000.0	1413.0852076809385	0.0	0	385.218525706674	1613.0852076807641	1	0	1	1.8578656044071686
269200.6558410561	3000.0	1412.4293666249123	0.0	0	0.0	1613.0852076808224	1	0	1	2.2633307125153306
270200.0	2000.0	1413.0852076808876	0.0	0	287.66679782932624	1613.085207680706	1	0	1	1.4524004962990045
271200.0	2000.0	1413.0852076809083	0.0	0	376.2109470486175	1613.085207680706	1	0	1	1.8578656044071713
272200.0	3000.0	1413.0852076808796	0.0	0	77.81973833596567	1613.085207680706	1	0	1	1.8578656044071713
273565.85825981916	6000.0	1047.2269478616909	0.0	0	0.0	1613.085207680706	1	0	1	2.2633307125153364
274200.0	2000.0	1413.0852076807964	0.0	0	29.657218188163824	1613.0852076807641	1	0	1	0.75925331573906
275200.0	2000.0	1413.0852076808408	0.0	0	368.494740599941	1613.0852076807641	1	0	1	1.8578656044071684
276200.0	3000.0	1413.0852076808235	0.0	0	100.18542008445365	1613.0852076808224	1	0	1	1.8578656044071657
277200.0	3000.0	1413.085207680881	0.0	0	452.91662365663797	1613.0852076808806	1	0	1	2.2633307125153297
278200.0	3000.0	1413.085207680796	0.0	0	74.32491818646668	1613.0852076807641	1	0	1	2.263330712515331
279200.0	3000.0	1413.085207680725	0.0	0	246.24431320343865	1613.085207680706	1	0	1	2.263330712515336
280200.0	3000.0	1413.0852076806589	0.0	0	246.31848674995126	1613.085207680706	1	0	1	2.263330712515336
281200.0	3000.0	1413.085207680617	0.0	0	334.0129097382305	1613.085207680706	1	0	1	2.263330712515336
282200.0	3000.0	1413.0852076806118	0.0	0	15.507852847280446	1613.085207680706	1	0	1	2.263330712515336
283200.0	2000.0	1413.0852076806111	0.0	0	184.92671075696126	1613.0852076807641	1	0	1	1.452400496299006
284200.0	2000.0	1413.0852076806493	0.0	0	295.01641746459063	1613.085207680706	1	0	1	1.8578656044071713
285200.0	2000.0	1413.0852076806993	0.0	0	472.38226508523803	1613.085207680706	1	0	1	1.8578656044071713
286200.0	2000.0	1413.0852076807453	0.0	0	208.29112837690627	1613.085207680706	1	0	1	1.8578656044071713
287200.0	2000.0	1413.085207680749	0.0	0	370.4626026788028	1613.085207680706	1	0	1	1.8578656044071713
288200.0	3000.0	1413.0852076807619	0.0	0	453.61036562739173	1613.085207680706	1	0	1	1.8578656044071713
289200.0	3000.0	1413.0852076807303	0.0	0	58.40038885024842	1613.085207680706	1	0	1	2.263330712515336
290200.0	3000.0	1413.0852076806777	0.0	0	201.1188972077216	1613.085207680706	1	0	1	2.263330712515336
291200.0	2000.0	1413.0852076807264	0.0	0	456.7528515116428	1613.0852076806477	1	0	1	1.4524004962990071
292200.0	2000.0	1413.08520768065	0.0	0	486.9159157939721	1613.0852076805895	1	0	1	1.8578656044071746
293200.0	3000.0	1413.0852076806732	0.0	0	14.025632203381974	1613.0852076805313	1	0	1	1.85786560440718
294275.9715960872	3000.0	1337.11361159349	0.0	0	0.0	1613.0852076805313	1	0	1	2.2633307125153443
295200.0	2000.0	1413.085207680718	0.0	0	17.313913450401742	1613.0852076805313	1	0	1	1.4524004962990151
296200.0	2000.0	1413.0852076807655	0.0	0	446.7527549499064	1613.0852076805895	1	0	1	1.857865604407177
297200.0	2000.0	1413.0852076807769	0.0	0	334.06169791839784	1613.0852076805895	1	0	1	1.857865604407177
298200.0	2000.0	1413.0852076808364	0.0	0	131.55042072210927	1613.0852076806477	1	0	1	1.8578656044071764
299200.0	2000.0	1413.085207680867	0.0	0	329.3911124560982	1613.085207680706	1	0	1	1.8578656044071713
300200.0	2000.0	1413.0852076808508	0.0	0	384.8567666577874	1613.0852076806477	1	0	1	1.857865604407174
3.14	2.84	1.22	2.1	2.84	2.97	2.92	3.05	3.39	3.8	3.64	2.37	2.47	3.15	4.38	3.79	2.81	4.12	3.52	3.76	3.88	4.29	3.46	3.41	4.56	4.33	3.85	2.59	3.29	2.47	2.84	3.06	3.54	3.07	2.79	3.21	4.09	3.86	3.34	2.37	3.82	4.47	3.66	3.65	3.41	4.8	3.79	3.39	4.78	3.76	3.89	3.73	3.26	3.72	2.4	3.22	2.99	2.73	3.68	3.05	3.31	4.46	4.89	4.25	3.37	3.28	2.98	3.08	3.29	4.98	3.09	5.47	3.35	3.75	3.88	4.15	4.09	3.82	4.07	3.38	3.13	5.09	3.01	1.55	2.83	4.56	2.88	3.31	4.01	4.31	4.03	3.17	3.89	3.52	3.9	2.88	2.64	4.31	3.46	3.67	4.43	4.38	4.18	4.01	4.25	4.36	5.16	4.84	2.8	3.45	3.38	4.92	6.26	4.0	4.15	4.1	3.57	4.0	4.44	5.19	3.68	4.45	4.04	4.68	4.2	4.29	3.73	5.0	3.15	3.44	2.78	3.92	2.9	4.39	4.41	3.71	3.66	3.02	4.56	3.13	3.81	2.69	3.93	2.92	3.22	3.27	3.14	2.64	2.72	4.31	3.14	2.84	1.22	2.1	2.84	2.97	2.92	3.05	3.39	3.8	3.64	2.37	2.47	3.15	4.38	3.79	2.81	4.12	3.52	3.76	3.88	4.29	3.46	3.41	4.56	4.33	3.85	2.59	3.29	2.47	2.84	3.06	3.54	3.07	2.79	3.21	4.09	3.86	3.34	2.37	3.82	4.47	3.66	3.65	3.41	4.8	3.79	3.39	4.78	3.76	3.89	3.73	3.26	3.72	2.4	3.22	2.99	2.73	3.68	3.05	3.31	4.46	4.89	4.25	3.37	3.28	2.98	3.08	3.29	4.98	3.09	5.47	3.35	3.75	3.88	4.15	4.09	3.82	4.07	3.38	3.13	5.09	3.01	1.55	2.83	4.56	2.88	3.31	4.01	4.31	4.03	3.17	3.89	3.52	3.9	2.88	2.64	4.31	3.46	3.67	4.43	4.38	4.18	4.01	4.25	4.36	5.16	4.84	2.8	3.45	3.38	4.92	6.26	4.0	4.15	4.1	3.57	4.0	4.44	5.19	3.68	4.45	4.04	4.68	4.2	4.29	3.73	5.0	3.15	3.44	2.78	3.92	2.9	4.39	4.41	3.71	3.66	3.02	4.56	3.13	3.81	2.69	3.93	2.92	3.22	3.27	3.14	2.64	2.72	4.31
1.0	2.0	3.0	4.0	5.0	6.0	7.0	8.0	9.0	10.0	11.0	12.0	13.0	14.0	15.0	16.0	17.0	18.0	19.0	20.0	21.0	22.0	23.0	24.0	25.0	26.0	27.0	28.0	29.0	30.0	31.0	32.0	33.0	34.0	35.0	36.0	37.0	38.0	39.0	40.0	41.0	42.0	43.0	44.0	45.0	46.0	47.0	48.0	49.0	50.0	51.0	52.0	53.0	54.0	55.0	56.0	57.0	58.0	59.0	60.0	61.0	62.0	63.0	64.0	65.0	66.0	67.0	68.0	69.0	70.0	71.0	72.0	73.0	74.0	75.0	76.0	77.0	78.0	79.0	80.0	81.0	82.0	83.0	84.0	85.0	86.0	87.0	88.0	89.0	90.0	91.0	92.0	93.0	94.0	95.0	96.0	97.0	98.0	99.0	100.0	101.0	102.0	103.0	104.0	105.0	106.0	107.0	108.0	109.0	110.0	111.0	112.0	113.0	114.0	115.0	116.0	117.0	118.0	119.0	120.0	121.0	122.0	123.0	124.0	125.0	126.0	127.0	128.0	129.0	130.0	131.0	132.0	133.0	134.0	135.0	136.0	137.0	138.0	139.0	140.0	141.0	142.0	143.0	144.0	145.0	146.0	147.0	148.0	149.0	149.0	150.0	151.0	152.0	153.0	154.0	155.0	156.0	157.0	158.0	159.0	160.0	161.0	162.0	163.0	164.0	165.0	166.0	167.0	168.0	169.0	170.0	171.0	172.0	173.0	174.0	175.0	176.0	177.0	178.0	179.0	180.0	181.0	182.0	183.0	184.0	185.0	186.0	187.0	188.0	189.0	190.0	191.0	192.0	193.0	194.0	195.0	196.0	197.0	198.0	199.0	200.0	201.0	202.0	203.0	204.0	205.0	206.0	207.0	208.0	209.0	210.0	211.0	212.0	213.0	214.0	215.0	216.0	217.0	218.0	219.0	220.0	221.0	222.0	223.0	224.0	225.0	226.0	227.0	228.0	229.0	230.0	231.0	232.0	233.0	234.0	235.0	236.0	237.0	238.0	239.0	240.0	241.0	242.0	243.0	244.0	245.0	246.0	247.0	248.0	249.0	250.0	251.0	252.0	253.0	254.0	255.0	256.0	257.0	258.0	259.0	260.0	261.0	262.0	263.0	264.0	265.0	266.0	267.0	268.0	269.0	270.0	271.0	272.0	273.0	274.0	275.0	276.0	277.0	278.0	279.0	280.0	281.0	282.0	283.0	284.0	285.0	286.0	287.0	288.0	289.0	290.0	291.0	292.0	293.0	294.0	295.0	296.0	297.0	298.0	298.0
4036.8460896125616
