2341.6088431224425	500.0	2000.0	74.75097583280748	0	0.0	2341.6088431224425	1	0	1	-0.5381139811117284
3200.0	6000.0	2141.6088431224425	0.0	0	363.95131932650656	2341.6088431224425	1	0	1	0.4202107536543248
4273.161269324012	6000.0	2068.44757379843	0.0	0	0.0	2341.6088431224425	1	0	1	2.905117403442325
5200.0	6000.0	2141.608843122441	0.0	0	48.196188797016475	2341.608843122442	1	0	1	2.905117403442325
6200.0	6000.0	2141.6088431224416	0.0	0	191.90862619128166	2341.608843122442	1	0	1	2.905117403442325
7200.0	6000.0	2141.608843122441	0.0	0	75.04185883344962	2341.6088431224416	1	0	1	2.9051174034423255
8200.0	6000.0	2141.608843122442	0.0	0	432.6645326119724	2341.6088431224416	1	0	1	2.9051174034423255
9200.0	6000.0	2141.6088431224416	0.0	0	417.163293269954	2341.6088431224407	1	0	1	2.9051174034423255
10200.0	6000.0	2141.6088431224416	0.0	0	109.9809074476434	2341.6088431224407	1	0	1	2.9051174034423255
12038.73307099235	6000.0	1302.8757721300913	0.0	0	0.0	2341.6088431224416	1	0	1	2.9051174034423255
13034.4725909741	6000.0	1307.1362521483438	0.0	0	0.0	2341.6088431224416	1	0	1	2.9051174034423255
13372.068172376345	2000.0	1969.5406707460997	0.0	0	0.0	2341.6088431224416	1	0	1	0.707892826106106
14297.541900499116	6000.0	2044.066942623326	0.0	0	0.0	2341.6088431224416	1	0	1	1.806505114774216
15200.0	6000.0	2141.6088431224402	0.0	0	442.2891022032418	2341.6088431224416	1	0	1	2.9051174034423255
16200.0	6000.0	2141.6088431224402	0.0	0	455.92845853723884	2341.6088431224416	1	0	1	2.9051174034423255
17200.0	6000.0	2141.6088431224393	0.0	0	214.3610852996826	2341.6088431224416	1	0	1	2.9051174034423255
18200.0	6000.0	2141.6088431224402	0.0	0	368.21443165540404	2341.6088431224434	1	0	1	2.905117403442325
19200.0	6000.0	2141.6088431224393	0.0	0	356.79201512540385	2341.6088431224416	1	0	1	2.9051174034423255
20200.0	6000.0	2141.608843122442	0.0	0	140.10095770720727	2341.6088431224416	1	0	1	2.9051174034423255
21200.0	6000.0	2141.608843122444	0.0	0	234.2258674129116	2341.608843122438	1	0	1	2.9051174034423255
22200.0	6000.0	2141.608843122445	0.0	0	204.99530734044674	2341.608843122438	1	0	1	2.9051174034423255
23200.0	6000.0	2141.6088431224434	0.0	0	378.070620508468	2341.608843122438	1	0	1	2.9051174034423255
24200.0	6000.0	2141.6088431224453	0.0	0	134.29315689543728	2341.608843122438	1	0	1	2.9051174034423255
25200.0	6000.0	2141.608843122445	0.0	0	310.01579514511104	2341.608843122438	1	0	1	2.9051174034423255
26567.519300901964	6000.0	1774.0895422204835	0.0	0	0.0	2341.608843122438	1	0	1	2.9051174034423255
27577.09681425243	6000.0	1764.512028870018	0.0	0	0.0	2341.608843122438	1	0	1	2.9051174034423255
28235.849910478057	6000.0	2105.758932644391	0.0	0	0.0	2341.608843122438	1	0	1	2.9051174034423255
29200.0	6000.0	2141.6088431224553	0.0	0	198.6940405790083	2341.608843122438	1	0	1	2.9051174034423255
30200.0	6000.0	2141.6088431224543	0.0	0	432.24830216952614	2341.6088431224343	1	0	1	2.905117403442326
31200.0	6000.0	2141.6088431224566	0.0	0	152.7424772756458	2341.608843122438	1	0	1	2.9051174034423255
32200.0	6000.0	2141.608843122458	0.0	0	254.81414822288207	2341.608843122438	1	0	1	2.9051174034423255
33200.0	6000.0	2141.60884312246	0.0	0	116.38898805277859	2341.608843122438	1	0	1	2.9051174034423255
34200.0	6000.0	2141.608843122456	0.0	0	250.89867699211754	2341.608843122438	1	0	1	2.9051174034423255
35200.0	6000.0	2141.6088431224516	0.0	0	516.7185979110945	2341.6088431224343	1	0	1	2.9051174034423255
36200.0	6000.0	2141.608843122449	0.0	0	146.39151555163699	2341.608843122427	1	0	1	2.9051174034423264
37221.46420207409	6000.0	2120.1446410483622	0.0	0	0.0	2341.6088431224343	1	0	1	2.905117403442326
38200.0	6000.0	2141.6088431224525	0.0	0	467.04279233259876	2341.6088431224343	1	0	1	2.905117403442326
39322.26359629288	6000.0	2019.3452468295775	0.0	0	0.0	2341.6088431224416	1	0	1	2.9051174034423255
40496.32502949277	6000.0	1845.2838136296925	0.0	0	0.0	2341.6088431224416	1	0	1	2.9051174034423255
41274.03190838315	6000.0	2067.576934739318	0.0	0	0.0	2341.6088431224416	1	0	1	2.9051174034423255
42200.0	6000.0	2141.6088431224666	0.0	0	236.06992614622868	2341.6088431224416	1	0	1	2.9051174034423255
43200.0	6000.0	2141.6088431224653	0.0	0	9.747642402355268	2341.6088431224416	1	0	1	2.9051174034423255
44200.0	6000.0	2141.608843122469	0.0	0	216.4135086694514	2341.6088431224416	1	0	1	2.9051174034423255
45200.0	6000.0	2141.608843122468	0.0	0	330.57114289477613	2341.6088431224416	1	0	1	2.9051174034423255
46200.0	6000.0	2141.6088431224616	0.0	0	164.85269189554674	2341.6088431224416	1	0	1	2.9051174034423255
47422.02681239584	6000.0	1919.5820307266217	0.0	0	0.0	2341.608843122449	1	0	1	2.9051174034423246
48326.93603730179	6000.0	2014.6728058206659	0.0	0	0.0	2341.6088431224416	1	0	1	2.9051174034423255
49364.48999064048	6000.0	1977.1188524819777	0.0	0	0.0	2341.608843122449	1	0	1	2.9051174034423246
50200.0	6000.0	2141.6088431224503	0.0	0	239.8670696941408	2341.608843122449	1	0	1	2.9051174034423246
51367.279856917514	6000.0	1974.3289862049407	0.0	0	0.0	2341.608843122449	1	0	1	2.9051174034423246
52200.0	6000.0	2141.608843122455	0.0	0	340.60441290487506	2341.608843122449	1	0	1	2.9051174034423246
53200.0	6000.0	2141.6088431224653	0.0	0	54.48661463413009	2341.608843122449	1	0	1	2.9051174034423246
54200.0	6000.0	2141.608843122471	0.0	0	341.30902316035645	2341.608843122449	1	0	1	2.9051174034423246
55200.0	6000.0	2141.6088431224716	0.0	0	39.81614652937424	2341.608843122449	1	0	1	2.9051174034423246
56200.0	6000.0	2141.6088431224707	0.0	0	44.64439399272669	2341.608843122449	1	0	1	2.9051174034423246
57200.0	6000.0	2141.6088431224725	0.0	0	518.2806258379787	2341.608843122449	1	0	1	2.9051174034423246
58200.0	6000.0	2141.6088431224757	0.0	0	365.74358949508314	2341.608843122449	1	0	1	2.9051174034423246
59200.0	6000.0	2141.6088431224803	0.0	0	219.60600899687415	2341.608843122449	1	0	1	2.9051174034423246
60200.0	6000.0	2141.60884312248	0.0	0	171.92286904652428	2341.608843122449	1	0	1	2.9051174034423246
61200.0	6000.0	2141.608843122476	0.0	0	81.28457358625019	2341.608843122449	1	0	1	2.9051174034423246
62200.0	6000.0	2141.608843122475	0.0	0	355.59891197166144	2341.608843122449	1	0	1	2.9051174034423246
63200.0	6000.0	2141.6088431224684	0.0	0	73.84966926635389	2341.608843122449	1	0	1	2.9051174034423246
64200.0	6000.0	2141.6088431224716	0.0	0	261.88013109780877	2341.608843122449	1	0	1	2.9051174034423246
65200.0	6000.0	2141.608843122475	0.0	0	259.2987273075123	2341.608843122449	1	0	1	2.9051174034423246
66200.0	6000.0	2141.608843122482	0.0	0	166.79381587008538	2341.608843122449	1	0	1	2.9051174034423237
67536.72352021573	6000.0	1804.8853229067365	0.0	0	0.0	2341.6088431224416	1	0	1	2.9051174034423246
68436.28623074738	6000.0	1905.322612375072	0.0	0	0.0	2341.6088431224343	1	0	1	2.905117403442326
69235.77109988098	6000.0	2105.8377432414686	0.0	0	0.0	2341.6088431224343	1	0	1	2.905117403442326
70200.0	6000.0	2141.608843122444	0.0	0	216.86746453696105	2341.6088431224343	1	0	1	2.905117403442326
71200.0	6000.0	2141.6088431224334	0.0	0	301.5435179963679	2341.6088431224343	1	0	1	2.905117403442326
72200.0	6000.0	2141.608843122435	0.0	0	408.199784112061	2341.6088431224343	1	0	1	2.905117403442326
73200.0	6000.0	2141.60884312243	0.0	0	90.90095624422247	2341.6088431224343	1	0	1	2.905117403442326
74326.24618263205	6000.0	2015.3626604903714	0.0	0	0.0	2341.6088431224343	1	0	1	2.905117403442326
75200.0	6000.0	2141.6088431224216	0.0	0	123.51742538913095	2341.6088431224343	1	0	1	2.905117403442326
76200.0	6000.0	2141.6088431224284	0.0	0	422.8052878954477	2341.6088431224343	1	0	1	2.905117403442326
77200.0	6000.0	2141.608843122424	0.0	0	489.442604588985	2341.6088431224343	1	0	1	2.905117403442326
78200.0	6000.0	2141.6088431224125	0.0	0	463.53371553335455	2341.6088431224343	1	0	1	2.905117403442326
79200.0	6000.0	2141.6088431223966	0.0	0	439.9428486071556	2341.6088431224343	1	0	1	2.905117403442326
80200.0	6000.0	2141.6088431224057	0.0	0	297.79637301925686	2341.6088431224343	1	0	1	2.905117403442326
81290.13151035324	6000.0	2051.477332769163	0.0	0	0.0	2341.6088431224343	1	0	1	2.905117403442326
82200.0	6000.0	2141.6088431223966	0.0	0	222.05884522057022	2341.6088431224343	1	0	1	2.905117403442326
83200.0	6000.0	2141.608843122408	0.0	0	110.49071452986391	2341.6088431224343	1	0	1	2.905117403442326
84301.5006904481	6000.0	2040.1081526743026	0.0	0	0.0	2341.6088431224343	1	0	1	2.905117403442326
85393.2847661667	6000.0	1948.3240769557021	0.0	0	0.0	2341.6088431224343	1	0	1	2.905117403442326
86200.0	6000.0	2141.6088431224007	0.0	0	77.51163665013155	2341.60884312242	1	0	1	2.9051174034423273
87200.0	6000.0	2141.6088431224066	0.0	0	42.01015214130166	2341.60884312242	1	0	1	2.9051174034423273
88200.0	6000.0	2141.6088431224202	0.0	0	307.7323463744833	2341.60884312242	1	0	1	2.9051174034423273
89200.0	6000.0	2141.608843122405	0.0	0	398.6040485479025	2341.60884312242	1	0	1	2.9051174034423273
90200.0	6000.0	2141.60884312241	0.0	0	442.9545374019799	2341.60884312242	1	0	1	2.9051174034423273
91200.0	6000.0	2141.6088431224216	0.0	0	195.31031578584225	2341.6088431224343	1	0	1	2.905117403442326
92200.0	6000.0	2141.6088431224202	0.0	0	268.76697634288576	2341.6088431224343	1	0	1	2.905117403442326
93200.0	6000.0	2141.6088431224143	0.0	0	437.22733678805525	2341.6088431224343	1	0	1	2.905117403442326
94200.0	6000.0	2141.608843122405	0.0	0	473.86272692242346	2341.6088431224343	1	0	1	2.905117403442326
95200.0	6000.0	2141.608843122407	0.0	0	478.87181493685057	2341.60884312242	1	0	1	2.9051174034423273
96200.0	6000.0	2141.608843122409	0.0	0	545.8556375070766	2341.6088431224343	1	0	1	2.905117403442326
97200.0	6000.0	2141.6088431224134	0.0	0	331.54721007408807	2341.6088431224343	1	0	1	2.905117403442326
98200.0	6000.0	2141.6088431224143	0.0	0	551.4318353583512	2341.6088431224343	1	0	1	2.905117403442326
99200.0	6000.0	2141.6088431224025	0.0	0	152.14671247533988	2341.6088431224343	1	0	1	2.905117403442326
100200.0	6000.0	2141.6088431223907	0.0	0	266.86320920533035	2341.6088431224343	1	0	1	2.905117403442326
101508.30250893063	6000.0	1833.306334191754	0.0	0	0.0	2341.6088431224343	1	0	1	2.905117403442326
102353.34058379286	6000.0	1988.2682593295197	0.0	0	0.0	2341.60884312242	1	0	1	2.9051174034423273
103200.0	6000.0	2141.608843122378	0.0	0	152.80584583396558	2341.6088431224343	1	0	1	2.905117403442326
104200.0	6000.0	2141.6088431223734	0.0	0	469.3869968207873	2341.6088431224343	1	0	1	2.905117403442326
105200.0	6000.0	2141.6088431223598	0.0	0	215.58086836086295	2341.60884312242	1	0	1	2.9051174034423273
106200.0	6000.0	2141.608843122375	0.0	0	480.2825476602593	2341.60884312242	1	0	1	2.9051174034423273
107200.0	6000.0	2141.6088431223616	0.0	0	338.36717052668973	2341.60884312242	1	0	1	2.9051174034423273
108200.0	6000.0	2141.6088431223775	0.0	0	382.1315885680815	2341.6088431224343	1	0	1	2.905117403442326
109200.0	6000.0	2141.608843122375	0.0	0	117.09986187057802	2341.6088431224343	1	0	1	2.905117403442326
110200.0	6000.0	2141.6088431223907	0.0	0	287.44879800031777	2341.608843122449	1	0	1	2.9051174034423246
111200.0	6000.0	2141.6088431223798	0.0	0	344.3431812020135	2341.608843122449	1	0	1	2.9051174034423246
112200.0	6000.0	2141.6088431223775	0.0	0	450.4266887159174	2341.608843122449	1	0	1	2.9051174034423246
113200.0	6000.0	2141.60884312237	0.0	0	307.1048946957453	2341.6088431224343	1	0	1	2.905117403442326
114200.0	6000.0	2141.6088431223607	0.0	0	274.3247557452705	2341.6088431224343	1	0	1	2.905117403442326
115200.0	6000.0	2141.6088431223616	0.0	0	545.0539055990521	2341.6088431224343	1	0	1	2.905117403442326
116200.0	6000.0	2141.608843122362	0.0	0	251.07398781923985	2341.6088431224343	1	0	1	2.905117403442326
117200.0	6000.0	2141.6088431223616	0.0	0	506.83443970287044	2341.6088431224343	1	0	1	2.905117403442326
118200.0	6000.0	2141.608843122361	0.0	0	546.5697880480147	2341.6088431224343	1	0	1	2.905117403442326
119200.0	6000.0	2141.6088431223534	0.0	0	278.0304114059545	2341.6088431224343	1	0	1	2.905117403442326
120200.0	6000.0	2141.6088431223625	0.0	0	125.64032164838864	2341.6088431224343	1	0	1	2.905117403442326
121377.2038329292	6000.0	1964.405010193166	0.0	0	0.0	2341.6088431224343	1	0	1	2.905117403442326
122593.41317930131	6000.0	1748.1956638210518	0.0	0	0.0	2341.60884312242	1	0	1	2.9051174034423273
123407.88896483413	6000.0	1933.7198782882272	0.0	0	0.0	2341.60884312242	1	0	1	2.9051174034423273
124200.0	6000.0	2141.6088431223557	0.0	0	318.8329957090755	2341.60884312242	1	0	1	2.9051174034423273
125200.0	6000.0	2141.6088431223498	0.0	0	231.0049346080341	2341.60884312242	1	0	1	2.9051174034423273
126200.0	6000.0	2141.6088431223598	0.0	0	18.267870755546028	2341.60884312242	1	0	1	2.9051174034423273
127200.0	6000.0	2141.6088431223498	0.0	0	291.4723991091887	2341.60884312242	1	0	1	2.9051174034423273
128325.8990078088	6000.0	2015.7098353135664	0.0	0	0.0	2341.60884312242	1	0	1	2.9051174034423273
129200.0	6000.0	2141.608843122354	0.0	0	25.799634236405836	2341.6088431224052	1	0	1	2.905117403442329
130200.0	6000.0	2141.60884312235	0.0	0	443.78129801036266	2341.6088431224052	1	0	1	2.905117403442329
131200.0	6000.0	2141.6088431223366	0.0	0	466.5664804230328	2341.6088431224052	1	0	1	2.905117403442329
132200.0	6000.0	2141.6088431223557	0.0	0	360.26544894312974	2341.60884312242	1	0	1	2.905117403442328
133200.0	6000.0	2141.6088431223634	0.0	0	119.43218871110003	2341.6088431224052	1	0	1	2.905117403442328
134200.0	6000.0	2141.6088431223525	0.0	0	289.6030275466328	2341.6088431224052	1	0	1	2.905117403442329
135733.25981794647	6000.0	1608.3490251758458	0.0	0	0.0	2341.608843122376	1	0	1	2.9051174034423317
136392.56749659695	6000.0	1949.0413465253696	0.0	0	0.0	2341.608843122376	1	0	1	2.9051174034423317
137366.5678641234	6000.0	1975.0409789989383	0.0	0	0.0	2341.608843122376	1	0	1	2.9051174034423317
138200.0	6000.0	2141.6088431223416	0.0	0	196.15169523094664	2341.608843122376	1	0	1	2.9051174034423317
139200.0	6000.0	2141.6088431223448	0.0	0	419.1599938607542	2341.608843122347	1	0	1	2.9051174034423344
140200.0	6000.0	2141.6088431223325	0.0	0	275.26641690166434	2341.608843122347	1	0	1	2.9051174034423344
141200.0	6000.0	2141.608843122308	0.0	0	397.6037736124417	2341.608843122347	1	0	1	2.9051174034423344
142200.0	6000.0	2141.6088431222734	0.0	0	392.7550277066475	2341.608843122318	1	0	1	2.905117403442337
143200.0	6000.0	2141.608843122292	0.0	0	346.19037104176823	2341.608843122318	1	0	1	2.905117403442337
144415.42140179157	6000.0	1926.1874413307369	0.0	0	0.0	2341.608843122318	1	0	1	2.905117403442337
145411.9104761504	6000.0	1929.6983669718854	0.0	0	0.0	2341.608843122289	1	0	1	2.9051174034423397
146220.70320173033	6000.0	2120.9056413919707	0.0	0	0.0	2341.608843122289	1	0	1	2.9051174034423397
147200.0	6000.0	2141.6088431222925	0.0	0	458.0405966907856	2341.608843122289	1	0	1	2.9051174034423397
148200.0	6000.0	2141.608843122289	0.0	0	216.82258871101658	2341.608843122318	1	0	1	2.905117403442337
149200.0	6000.0	2141.6088431222615	0.0	0	263.47420211005374	2341.608843122318	1	0	1	2.905117403442337
150200.0	6000.0	2141.6088431222547	0.0	0	399.1135261504387	2341.608843122318	1	0	1	2.905117403442337
151200.0	6000.0	2141.608843122235	0.0	0	368.4211361768248	2341.608843122318	1	0	1	2.905117403442337
152200.0	6000.0	2141.6088431221906	0.0	0	593.0512571955624	2341.608843122318	1	0	1	2.905117403442337
153408.10193029855	6000.0	1933.5069128236346	0.0	0	0.0	2341.608843122318	1	0	1	2.905117403442337
154329.9960706548	6000.0	2011.6127724673845	0.0	0	0.0	2341.608843122318	1	0	1	2.905117403442337
155249.5660103777	6000.0	2092.0428327445043	0.0	0	0.0	2341.608843122289	1	0	1	2.9051174034423397
156254.51384520272	6000.0	2087.0949979194656	0.0	0	0.0	2341.6088431222597	1	0	1	2.9051174034423433
157200.0	6000.0	2141.60884312217	0.0	0	302.76291065700934	2341.6088431222597	1	0	1	2.9051174034423433
158200.0	6000.0	2141.6088431221833	0.0	0	310.65989899248234	2341.6088431222597	1	0	1	2.9051174034423433
159902.03004801803	6000.0	1439.5787951041689	0.0	0	0.0	2341.6088431222597	1	0	1	2.9051174034423433
160427.7067473194	2000.0	1913.902095802785	0.0	0	0.0	2341.6088431222597	1	0	1	0.7078928261061238
161699.25242373103	6000.0	1642.3564193911768	0.0	0	0.0	2341.6088431222597	1	0	1	1.8065051147742337
162916.3460743271	6000.0	1425.2627687950862	0.0	0	0.0	2341.6088431222597	1	0	1	2.9051174034423433
163555.2746568366	6000.0	1786.3341862855636	0.0	0	0.0	2341.6088431222597	1	0	1	2.9051174034423433
164200.0	6000.0	2141.6088431221788	0.0	0	186.15985166697646	2341.6088431222597	1	0	1	2.9051174034423433
165200.0	6000.0	2141.6088431221788	0.0	0	334.97715273234644	2341.6088431222597	1	0	1	2.9051174034423433
166200.0	6000.0	2141.608843122137	0.0	0	415.3739220165007	2341.6088431222597	1	0	1	2.9051174034423433
167200.0	6000.0	2141.6088431221588	0.0	0	419.24498068130924	2341.608843122289	1	0	1	2.9051174034423397
168200.0	6000.0	2141.60884312216	0.0	0	490.7362967210938	2341.608843122289	1	0	1	2.9051174034423397
169200.0	6000.0	2141.6088431221733	0.0	0	211.59743834627443	2341.608843122289	1	0	1	2.9051174034423397
170200.0	6000.0	2141.608843122168	0.0	0	87.5516917661007	2341.608843122289	1	0	1	2.9051174034423397
171200.0	6000.0	2141.608843122157	0.0	0	15.643088702025125	2341.6088431222597	1	0	1	2.9051174034423433
172232.23374131013	6000.0	2109.3751018120124	0.0	0	0.0	2341.6088431222597	1	0	1	2.9051174034423433
173200.0	6000.0	2141.6088431221324	0.0	0	219.94405984057812	2341.6088431222597	1	0	1	2.9051174034423433
174200.0	6000.0	2141.6088431221415	0.0	0	454.27047078861506	2341.6088431222597	1	0	1	2.9051174034423433
175200.0	6000.0	2141.60884312215	0.0	0	2.990517401980469	2341.6088431222597	1	0	1	2.9051174034423433
176285.55905994622	6000.0	2056.0497831759317	0.0	0	0.0	2341.6088431222597	1	0	1	2.9051174034423433
177200.0	6000.0	2141.608843122185	0.0	0	209.04085040578502	2341.6088431222597	1	0	1	2.9051174034423433
178200.0	6000.0	2141.608843122168	0.0	0	291.0908356884029	2341.6088431222597	1	0	1	2.9051174034423433
179200.0	6000.0	2141.608843122154	0.0	0	328.97721355746035	2341.6088431222597	1	0	1	2.9051174034423433
180374.76881308228	6000.0	1966.8400300398894	0.0	0	0.0	2341.608843122289	1	0	1	2.9051174034423415
181200.0	6000.0	2141.608843122186	0.0	0	87.30302889022278	2341.608843122289	1	0	1	2.9051174034423397
182200.0	6000.0	2141.608843122206	0.0	0	37.925621657428565	2341.608843122318	1	0	1	2.905117403442337
183200.0	6000.0	2141.6088431221915	0.0	0	216.85093902464723	2341.608843122318	1	0	1	2.905117403442337
184200.0	6000.0	2141.608843122188	0.0	0	386.82426480404683	2341.608843122318	1	0	1	2.905117403442337
185200.0	6000.0	2141.6088431221833	0.0	0	354.3974782945006	2341.608843122318	1	0	1	2.905117403442337
186200.0	6000.0	2141.608843122171	0.0	0	262.20634197682375	2341.608843122318	1	0	1	2.905117403442337
187200.0	6000.0	2141.6088431222033	0.0	0	408.583098363335	2341.608843122318	1	0	1	2.905117403442337
188200.0	6000.0	2141.608843122198	0.0	0	237.11409896577243	2341.608843122318	1	0	1	2.905117403442337
189222.24815547155	6000.0	2119.360687650653	0.0	0	0.0	2341.608843122318	1	0	1	2.905117403442337
190200.0	6000.0	2141.6088431221838	0.0	0	320.31329288962297	2341.608843122318	1	0	1	2.905117403442337
191293.59793216284	6000.0	2048.010910959315	0.0	0	0.0	2341.608843122318	1	0	1	2.905117403442337
192262.1348530623	6000.0	2079.4739900598224	0.0	0	0.0	2341.608843122318	1	0	1	2.905117403442337
193200.0	6000.0	2141.608843122127	0.0	0	341.9991999529884	2341.608843122347	1	0	1	2.9051174034423344
194200.0	6000.0	2141.6088431220837	0.0	0	405.4993794501934	2341.608843122347	1	0	1	2.9051174034423344
195200.0	6000.0	2141.6088431220933	0.0	0	168.37690252184984	2341.608843122347	1	0	1	2.9051174034423344
196318.50510303842	6000.0	2023.103740083644	0.0	0	0.0	2341.608843122347	1	0	1	2.9051174034423344
197215.49066559234	6000.0	2126.118177529729	0.0	0	0.0	2341.608843122347	1	0	1	2.9051174034423344
198362.2569541045	6000.0	1979.3518890176088	0.0	0	0.0	2341.608843122347	1	0	1	2.9051174034423344
199200.0	6000.0	2141.6088431221015	0.0	0	8.096488468872849	2341.608843122347	1	0	1	2.9051174034423344
200223.90312539286	6000.0	2117.7057177292118	0.0	0	0.0	2341.608843122318	1	0	1	2.905117403442337
201200.0	6000.0	2141.608843122067	0.0	0	516.1925997993967	2341.608843122289	1	0	1	2.9051174034423397
202200.0	6000.0	2141.60884312208	0.0	0	256.82631913456134	2341.608843122289	1	0	1	2.9051174034423397
203200.0	6000.0	2141.6088431220733	0.0	0	233.66217063661315	2341.608843122289	1	0	1	2.9051174034423397
204200.0	6000.0	2141.608843122098	0.0	0	342.0118324998184	2341.608843122289	1	0	1	2.9051174034423397
205200.0	6000.0	2141.6088431221283	0.0	0	404.83246021112427	2341.608843122289	1	0	1	2.9051174034423397
206200.0	6000.0	2141.608843122097	0.0	0	375.4798693958728	2341.608843122289	1	0	1	2.9051174034423397
207200.0	6000.0	2141.6088431220896	0.0	0	448.0626942149247	2341.608843122318	1	0	1	2.905117403442337
208200.0	6000.0	2141.608843122073	0.0	0	418.2451732317568	2341.608843122318	1	0	1	2.905117403442337
209200.0	6000.0	2141.608843122065	0.0	0	51.783624383446295	2341.608843122318	1	0	1	2.905117403442337
210298.96390392978	6000.0	2042.6449391923204	0.0	0	0.0	2341.608843122318	1	0	1	2.905117403442337
211200.0	6000.0	2141.608843122072	0.0	0	111.94539730323595	2341.608843122318	1	0	1	2.905117403442337
212200.0	6000.0	2141.6088431220987	0.0	0	77.85838013730245	2341.608843122318	1	0	1	2.905117403442337
213200.0	6000.0	2141.608843122105	0.0	0	261.07891385632684	2341.608843122318	1	0	1	2.905117403442337
214200.0	6000.0	2141.608843122147	0.0	0	363.9976158378995	2341.608843122318	1	0	1	2.905117403442337
215200.0	6000.0	2141.6088431221287	0.0	0	322.19766141701257	2341.608843122318	1	0	1	2.905117403442337
216230.00325126463	6000.0	2111.605591857511	0.0	0	0.0	2341.608843122347	1	0	1	2.9051174034423344
217234.72593113384	6000.0	2106.8829119883085	0.0	0	0.0	2341.608843122347	1	0	1	2.9051174034423344
218200.0	6000.0	2141.6088431221438	0.0	0	204.93266478404985	2341.608843122347	1	0	1	2.9051174034423344
219389.81945285335	6000.0	1951.7893902688106	0.0	0	0.0	2341.608843122347	1	0	1	2.9051174034423344
220200.0	6000.0	2141.6088431221733	0.0	0	161.67502872328623	2341.608843122376	1	0	1	2.9051174034423317
221200.0	6000.0	2141.6088431221897	0.0	0	364.8098042087513	2341.6088431224052	1	0	1	2.905117403442329
222311.54053322633	6000.0	2030.0683098958252	0.0	0	0.0	2341.6088431224052	1	0	1	2.905117403442329
223419.446893748	6000.0	1922.161949374159	0.0	0	0.0	2341.608843122376	1	0	1	2.905117403442331
224200.0	6000.0	2141.6088431221906	0.0	0	110.66132579775876	2341.608843122376	1	0	1	2.9051174034423317
225200.0	6000.0	2141.608843122208	0.0	0	337.7141258660704	2341.608843122376	1	0	1	2.9051174034423317
226200.0	6000.0	2141.6088431222215	0.0	0	545.6261497704545	2341.608843122376	1	0	1	2.9051174034423317
227200.0	6000.0	2141.6088431222315	0.0	0	528.2425462324172	2341.608843122376	1	0	1	2.9051174034423317
228200.0	6000.0	2141.608843122249	0.0	0	486.1130563382758	2341.608843122376	1	0	1	2.9051174034423317
229200.0	6000.0	2141.6088431222556	0.0	0	455.0905335350835	2341.608843122376	1	0	1	2.9051174034423317
230500.5160477881	6000.0	1841.0927953341113	0.0	0	0.0	2341.608843122347	1	0	1	2.9051174034423335
231200.0	6000.0	2141.6088431222215	0.0	0	106.10982833331218	2341.608843122347	1	0	1	2.9051174034423344
232200.0	6000.0	2141.608843122238	0.0	0	189.96674615415395	2341.608843122347	1	0	1	2.9051174034423344
233200.0	6000.0	2141.6088431222543	0.0	0	186.75341289368225	2341.608843122318	1	0	1	2.905117403442337
234200.0	6000.0	2141.6088431222497	0.0	0	128.21378703723894	2341.608843122318	1	0	1	2.905117403442337
235200.0	6000.0	2141.608843122245	0.0	0	239.374870217609	2341.608843122318	1	0	1	2.905117403442337
236200.0	6000.0	2141.608843122244	0.0	0	129.80613810408977	2341.608843122318	1	0	1	2.905117403442337
237200.0	6000.0	2141.6088431222274	0.0	0	503.5342704314389	2341.608843122318	1	0	1	2.905117403442337
238200.0	6000.0	2141.608843122233	0.0	0	326.4362858959066	2341.608843122318	1	0	1	2.905117403442337
239200.0	6000.0	2141.6088431222524	0.0	0	482.6281205191626	2341.608843122318	1	0	1	2.905117403442337
240200.0	6000.0	2141.6088431222806	0.0	0	345.6122079517809	2341.608843122318	1	0	1	2.905117403442337
241200.0	6000.0	2141.608843122278	0.0	0	351.8133646119095	2341.608843122318	1	0	1	2.905117403442337
242200.0	6000.0	2141.608843122257	0.0	0	451.7607855068636	2341.608843122318	1	0	1	2.905117403442337
243200.0	6000.0	2141.608843122248	0.0	0	154.35289478721097	2341.608843122289	1	0	1	2.9051174034423397
244200.0	6000.0	2141.608843122248	0.0	0	151.32692416882492	2341.6088431222597	1	0	1	2.9051174034423433
245200.0	6000.0	2141.6088431222706	0.0	0	559.6396094269585	2341.6088431222597	1	0	1	2.9051174034423433
246200.0	6000.0	2141.6088431222765	0.0	0	434.8564407788799	2341.6088431222597	1	0	1	2.9051174034423433
247200.0	6000.0	2141.608843122317	0.0	0	449.89622831667657	2341.6088431222597	1	0	1	2.9051174034423433
248200.0	6000.0	2141.608843122314	0.0	0	360.199514790962	2341.6088431222306	1	0	1	2.905117403442346
249200.0	6000.0	2141.608843122326	0.0	0	361.662951945269	2341.6088431222015	1	0	1	2.9051174034423486
250215.65534541025	6000.0	2125.953497712056	0.0	0	0.0	2341.6088431221724	1	0	1	2.9051174034423495
251200.0	6000.0	2141.6088431222806	0.0	0	161.03085934260162	2341.6088431221724	1	0	1	2.9051174034423517
252200.0	6000.0	2141.608843122239	0.0	0	258.43684663943714	2341.6088431221433	1	0	1	2.9051174034423544
253200.0	6000.0	2141.6088431222465	0.0	0	591.3650011522404	2341.6088431221433	1	0	1	2.9051174034423544
254200.0	6000.0	2141.608843122246	0.0	0	340.6480496104341	2341.6088431221433	1	0	1	2.9051174034423544
255200.0	6000.0	2141.608843122283	0.0	0	260.7924365148938	2341.6088431221433	1	0	1	2.9051174034423544
256200.0	6000.0	2141.6088431222715	0.0	0	360.31062883581035	2341.6088431221433	1	0	1	2.9051174034423544
257200.0	6000.0	2141.6088431222756	0.0	0	160.7835895086173	2341.6088431221724	1	0	1	2.9051174034423517
258200.0	6000.0	2141.608843122261	0.0	0	296.655569897237	2341.6088431221724	1	0	1	2.9051174034423517
259200.0	6000.0	2141.608843122241	0.0	0	383.77782937756274	2341.6088431221724	1	0	1	2.9051174034423517
260200.0	6000.0	2141.6088431222506	0.0	0	34.72553911927389	2341.6088431221433	1	0	1	2.9051174034423544
261200.0	6000.0	2141.6088431222406	0.0	0	378.36376046491205	2341.6088431221433	1	0	1	2.9051174034423544
262200.0	6000.0	2141.6088431222315	0.0	0	183.77411348451278	2341.6088431221433	1	0	1	2.9051174034423544
263200.0	6000.0	2141.6088431222693	0.0	0	444.32833596499404	2341.6088431221724	1	0	1	2.9051174034423544
264200.0	6000.0	2141.608843122235	0.0	0	368.7346901903511	2341.608843122114	1	0	1	2.905117403442354
265200.0	6000.0	2141.608843122275	0.0	0	256.03638033074094	2341.6088431221433	1	0	1	2.9051174034423544
266200.0	6000.0	2141.608843122317	0.0	0	369.71498777344823	2341.6088431221433	1	0	1	2.9051174034423544
267200.0	6000.0	2141.608843122363	0.0	0	633.5343769960455	2341.6088431222015	1	0	1	2.9051174034423486
268200.0	6000.0	2141.608843122333	0.0	0	310.448050998908	2341.6088431221433	1	0	1	2.9051174034423544
269200.0	6000.0	2141.608843122285	0.0	0	156.94459055858897	2341.608843122085	1	0	1	2.90511740344236
270200.0	6000.0	2141.6088431223434	0.0	0	157.0057467686711	2341.608843122085	1	0	1	2.90511740344236
271430.14737109485	6000.0	1911.4614720274853	0.0	0	0.0	2341.608843122085	1	0	1	2.90511740344236
272200.0	6000.0	2141.608843122261	0.0	0	108.64737955009332	2341.608843122027	1	0	1	2.905117403442366
273200.0	6000.0	2141.608843122238	0.0	0	479.0199442707235	2341.608843122027	1	0	1	2.905117403442366
274200.0	6000.0	2141.6088431222156	0.0	0	409.6878944209311	2341.608843122027	1	0	1	2.905117403442366
275231.4897589908	6000.0	2110.1190841313555	0.0	0	0.0	2341.608843122085	1	0	1	2.90511740344236
276200.0	6000.0	2141.6088431221824	0.0	0	122.1691843768931	2341.608843122085	1	0	1	2.90511740344236
277200.0	6000.0	2141.608843122139	0.0	0	291.48630265751854	2341.608843122085	1	0	1	2.90511740344236
278200.0	6000.0	2141.6088431221765	0.0	0	323.27781942283036	2341.608843122085	1	0	1	2.90511740344236
279200.0	6000.0	2141.608843122137	0.0	0	294.8104640037054	2341.608843122027	1	0	1	2.905117403442366
280200.0	6000.0	2141.6088431220933	0.0	0	105.37202136713313	2341.608843122027	1	0	1	2.905117403442366
281200.0	6000.0	2141.608843122081	0.0	0	260.55519228224875	2341.608843122027	1	0	1	2.905117403442366
282200.0	6000.0	2141.6088431220896	0.0	0	221.94090597168542	2341.608843122027	1	0	1	2.905117403442366
283300.60090981034	6000.0	2041.0079333117774	0.0	0	0.0	2341.608843122027	1	0	1	2.905117403442366
284646.26509052864	6000.0	1695.3437525934828	0.0	0	0.0	2341.608843122027	1	0	1	2.905117403442366
285521.5726394568	6000.0	1820.0362036653719	0.0	0	0.0	2341.608843122027	1	0	1	2.905117403442366
286331.10496237857	6000.0	2010.5038807435812	0.0	0	0.0	2341.6088431219687	1	0	1	2.9051174034423686
287200.0	6000.0	2141.608843122186	0.0	0	147.4087231590529	2341.6088431219687	1	0	1	2.9051174034423717
288200.0	6000.0	2141.6088431222315	0.0	0	395.64603252569214	2341.608843122027	1	0	1	2.905117403442366
289200.0	6000.0	2141.608843122293	0.0	0	334.2289914326975	2341.608843122027	1	0	1	2.905117403442366
290200.0	6000.0	2141.608843122331	0.0	0	277.3137931054225	2341.608843122027	1	0	1	2.905117403442366
291200.0	6000.0	2141.608843122353	0.0	0	433.91473787708674	2341.608843122027	1	0	1	2.905117403442366
292200.0	6000.0	2141.608843122335	0.0	0	367.91756113729207	2341.6088431219687	1	0	1	2.9051174034423717
293200.0	6000.0	2141.608843122332	0.0	0	113.95222486392595	2341.6088431219687	1	0	1	2.9051174034423717
294252.5380592611	6000.0	2089.0707838611843	0.0	0	0.0	2341.6088431219105	1	0	1	2.905117403442377
295200.0	6000.0	2141.6088431222543	0.0	0	64.11012089374708	2341.6088431219105	1	0	1	2.905117403442377
296200.0	6000.0	2141.608843122236	0.0	0	361.2496876362129	2341.6088431219105	1	0	1	2.905117403442377
297200.0	6000.0	2141.608843122296	0.0	0	66.17804806720233	2341.6088431219105	1	0	1	2.905117403442377
298200.0	6000.0	2141.608843122297	0.0	0	350.61370135407196	2341.6088431219105	1	0	1	2.905117403442377
299200.0	6000.0	2141.608843122235	0.0	0	137.9158992911107	2341.6088431219105	1	0	1	2.905117403442377
300200.0	6000.0	2141.608843122305	0.0	0	490.16865102003794	2341.6088431219105	1	0	1	2.905117403442377
12.5	5.31	7.96	8.76	7.58	10.7	10.1	5.92	2.68	6.31	5.09	6.74	12.8	10.6	9.44	9.34	12.9	7.16	8.69	7.77	7.61	8.6	11.0	5.09	5.29	9.46	9.85	8.34	7.0	8.39	8.04	9.16	10.5	7.32	6.96	13.5	7.29	6.06	8.73	7.22	7.39	10.3	7.98	7.97	5.91	6.17	5.62	8.11	6.39	10.8	7.23	9.78	8.22	7.87	11.0	11.2	8.68	8.46	7.32	7.39	7.62	11.2	8.57	6.92	6.52	5.31	9.07	6.48	8.69	9.6	7.14	6.28	10.6	8.63	12.2	13.0	10.7	8.77	5.26	8.6	8.17	6.8	7.46	7.85	6.86	11.7	12.7	9.96	8.87	9.79	8.79	9.97	9.59	11.6	11.0	11.3	9.46	8.12	5.71	7.96	10.0	13.9	9.57	10.7	9.02	7.95	8.6	9.81	7.21	8.86	8.95	9.9	10.7	10.6	12.3	14.5	11.2	7.16	7.22	4.84	7.72	12.0	8.83	6.95	8.72	7.04	7.62	9.48	9.14	7.7	7.32	6.49	4.03	7.67	6.27	9.07	9.53	7.54	10.7	14.0	10.2	5.91	5.61	7.02	10.1	7.25	9.81	8.46	10.8	8.66	12.5	5.31	7.96	8.76	7.58	10.7	10.1	5.92	2.68	6.31	5.09	6.74	12.8	10.6	9.44	9.34	12.9	7.16	8.69	7.77	7.61	8.6	11.0	5.09	5.29	9.46	9.85	8.34	7.0	8.39	8.04	9.16	10.5	7.32	6.96	13.5	7.29	6.06	8.73	7.22	7.39	10.3	7.98	7.97	5.91	6.17	5.62	8.11	6.39	10.8	7.23	9.78	8.22	7.87	11.0	11.2	8.68	8.46	7.32	7.39	7.62	11.2	8.57	6.92	6.52	5.31	9.07	6.48	8.69	9.6	7.14	6.28	10.6	8.63	12.2	13.0	10.7	8.77	5.26	8.6	8.17	6.8	7.46	7.85	6.86	11.7	12.7	9.96	8.87	9.79	8.79	9.97	9.59	11.6	11.0	11.3	9.46	8.12	5.71	7.96	10.0	13.9	9.57	10.7	9.02	7.95	8.6	9.81	7.21	8.86	8.95	9.9	10.7	10.6	12.3	14.5	11.2	7.16	7.22	4.84	7.72	12.0	8.83	6.95	8.72	7.04	7.62	9.48	9.14	7.7	7.32	6.49	4.03	7.67	6.27	9.07	9.53	7.54	10.7	14.0	10.2	5.91	5.61	7.02	10.1	7.25	9.81	8.46	10.8	8.66	12.5	5.31	7.96
1.0	2.0	3.0	4.0	5.0	6.0	7.0	8.0	9.0	10.0	11.0	12.0	13.0	14.0	15.0	16.0	17.0	18.0	19.0	20.0	21.0	22.0	23.0	24.0	25.0	26.0	27.0	28.0	29.0	30.0	31.0	32.0	33.0	34.0	35.0	36.0	37.0	38.0	39.0	40.0	41.0	42.0	43.0	44.0	45.0	46.0	47.0	48.0	49.0	50.0	51.0	52.0	53.0	54.0	55.0	56.0	57.0	58.0	59.0	60.0	61.0	62.0	63.0	64.0	65.0	66.0	67.0	68.0	69.0	70.0	71.0	72.0	73.0	74.0	75.0	76.0	77.0	78.0	79.0	80.0	81.0	82.0	83.0	84.0	85.0	86.0	87.0	88.0	89.0	90.0	91.0	92.0	93.0	94.0	95.0	96.0	97.0	98.0	99.0	100.0	101.0	102.0	103.0	104.0	105.0	106.0	107.0	108.0	109.0	110.0	111.0	112.0	113.0	114.0	115.0	116.0	117.0	118.0	119.0	120.0	121.0	122.0	123.0	124.0	125.0	126.0	127.0	128.0	129.0	130.0	131.0	132.0	133.0	134.0	135.0	136.0	137.0	138.0	139.0	140.0	141.0	142.0	143.0	144.0	145.0	146.0	147.0	148.0	149.0	149.0	150.0	151.0	152.0	153.0	154.0	155.0	156.0	157.0	158.0	159.0	160.0	161.0	162.0	163.0	164.0	165.0	166.0	167.0	168.0	169.0	170.0	171.0	172.0	173.0	174.0	175.0	176.0	177.0	178.0	179.0	180.0	181.0	182.0	183.0	184.0	185.0	186.0	187.0	188.0	189.0	190.0	191.0	192.0	193.0	194.0	195.0	196.0	197.0	198.0	199.0	200.0	201.0	202.0	203.0	204.0	205.0	206.0	207.0	208.0	209.0	210.0	211.0	212.0	213.0	214.0	215.0	216.0	217.0	218.0	219.0	220.0	221.0	222.0	223.0	224.0	225.0	226.0	227.0	228.0	229.0	230.0	231.0	232.0	233.0	234.0	235.0	236.0	237.0	238.0	239.0	240.0	241.0	242.0	243.0	244.0	245.0	246.0	247.0	248.0	249.0	250.0	251.0	252.0	253.0	254.0	255.0	256.0	257.0	258.0	259.0	260.0	261.0	262.0	263.0	264.0	265.0	266.0	267.0	268.0	269.0	270.0	271.0	272.0	273.0	274.0	275.0	276.0	277.0	278.0	279.0	280.0	281.0	282.0	283.0	284.0	285.0	286.0	287.0	288.0	289.0	290.0	291.0	292.0	293.0	294.0	295.0	296.0	297.0	298.0	298.0	299.0	300.0	301.0
2209.1570681916382
