3830.43128807566	500.0	2000.0	74.39266215530553	0	0.0	3830.43128807566	1	0	1	-0.8428786330041302
4111.297686674475	3000.0	2719.133601401186	0.0	0	0.0	3830.4312880756606	1	0	1	0.11064928367996762
4728.257065727524	6000.0	3102.1742223481365	0.0	0	0.0	3830.43128807566	1	0	1	1.9024087529080227
5782.697526448404	6000.0	3047.7337616272557	0.0	0	0.0	3830.4312880756597	1	0	1	2.595555933467968
6498.9650191901865	6000.0	3331.4662688854733	0.0	0	0.0	3830.4312880756597	1	0	1	2.595555933467968
7329.301091862472	6000.0	3501.1301962131874	0.0	0	0.0	3830.4312880756597	1	0	1	2.595555933467968
8351.67353447547	6000.0	3478.757753600188	0.0	0	0.0	3830.431288075659	1	0	1	2.595555933467968
9200.0	6000.0	3630.4312880756597	0.0	0	225.6354848665287	3830.4312880756597	1	0	1	2.595555933467968
10200.0	6000.0	3630.431288075658	0.0	0	428.66382770564815	3830.431288075657	1	0	1	2.5955559334679688
11200.0	6000.0	3630.4312880756597	0.0	0	72.17581861651888	3830.4312880756597	1	0	1	2.5955559334679683
12449.783321898502	6000.0	3380.647966177159	0.0	0	0.0	3830.4312880756606	1	0	1	2.595555933467968
13212.810636931687	6000.0	3617.6206511439736	0.0	0	0.0	3830.4312880756606	1	0	1	2.595555933467968
14200.0	6000.0	3630.4312880756584	0.0	0	187.93524614544185	3830.4312880756606	1	0	1	2.595555933467968
15200.0	6000.0	3630.431288075657	0.0	0	481.3164129985835	3830.431288075659	1	0	1	2.5955559334679683
16200.0	6000.0	3630.4312880756606	0.0	0	87.02177235546333	3830.4312880756606	1	0	1	2.595555933467968
17200.0	6000.0	3630.4312880756593	0.0	0	270.5380481245047	3830.431288075657	1	0	1	2.595555933467968
18200.0	6000.0	3630.4312880756593	0.0	0	462.7832165648688	3830.431288075657	1	0	1	2.5955559334679696
19200.0	6000.0	3630.4312880756565	0.0	0	377.52165286558375	3830.4312880756534	1	0	1	2.595555933467969
20200.0	6000.0	3630.4312880756593	0.0	0	473.74337056353033	3830.431288075655	1	0	1	2.59555593346797
21200.0	6000.0	3630.4312880756597	0.0	0	536.977372131736	3830.431288075655	1	0	1	2.5955559334679696
22200.0	6000.0	3630.431288075658	0.0	0	531.6140384276587	3830.431288075655	1	0	1	2.5955559334679696
23200.0	6000.0	3630.431288075658	0.0	0	347.5871265819842	3830.431288075655	1	0	1	2.5955559334679696
24200.0	6000.0	3630.431288075654	0.0	0	446.94682919370825	3830.431288075655	1	0	1	2.5955559334679696
25277.31319092181	6000.0	3553.1180971538447	0.0	0	0.0	3830.431288075655	1	0	1	2.5955559334679696
26218.260732762585	6000.0	3612.1705553130714	0.0	0	0.0	3830.431288075655	1	0	1	2.5955559334679696
27200.0	6000.0	3630.431288075659	0.0	0	45.93420585585409	3830.431288075655	1	0	1	2.5955559334679696
28200.0	6000.0	3630.431288075657	0.0	0	385.54252172482666	3830.431288075655	1	0	1	2.5955559334679696
29200.0	6000.0	3630.4312880756565	0.0	0	345.5136557207952	3830.431288075655	1	0	1	2.5955559334679696
30200.0	6000.0	3630.4312880756584	0.0	0	464.7541152638005	3830.431288075655	1	0	1	2.5955559334679696
31200.0	6000.0	3630.431288075659	0.0	0	347.9730789121604	3830.431288075655	1	0	1	2.5955559334679696
32200.0	6000.0	3630.431288075655	0.0	0	98.814836589263	3830.431288075655	1	0	1	2.5955559334679696
33200.0	6000.0	3630.4312880756515	0.0	0	150.09188997424644	3830.431288075655	1	0	1	2.595555933467969
34200.0	6000.0	3630.4312880756547	0.0	0	381.9771147233405	3830.431288075659	1	0	1	2.595555933467968
35200.0	6000.0	3630.4312880756565	0.0	0	509.6153141616014	3830.431288075655	1	0	1	2.595555933467969
36200.0	6000.0	3630.431288075662	0.0	0	316.23946334470384	3830.4312880756625	1	0	1	2.595555933467968
37200.0	6000.0	3630.4312880756606	0.0	0	246.12701113611547	3830.4312880756625	1	0	1	2.595555933467967
38260.19761330672	6000.0	3570.2336747689415	0.0	0	0.0	3830.4312880756625	1	0	1	2.595555933467967
39207.743036677944	6000.0	3622.688251397722	0.0	0	0.0	3830.4312880756625	1	0	1	2.595555933467967
40200.0	6000.0	3630.4312880756706	0.0	0	37.871730260230834	3830.4312880756697	1	0	1	2.595555933467964
41200.0	6000.0	3630.43128807567	0.0	0	401.6924801797868	3830.4312880756697	1	0	1	2.595555933467964
42200.0	6000.0	3630.431288075666	0.0	0	29.348923048717552	3830.4312880756697	1	0	1	2.595555933467964
43200.0	6000.0	3630.4312880756725	0.0	0	278.96634619068936	3830.4312880756697	1	0	1	2.595555933467964
44200.0	6000.0	3630.4312880756656	0.0	0	178.47452820121543	3830.4312880756697	1	0	1	2.595555933467964
45200.0	6000.0	3630.4312880756656	0.0	0	8.58682525621407	3830.4312880756697	1	0	1	2.595555933467964
46200.0	6000.0	3630.4312880756625	0.0	0	268.62188007608347	3830.4312880756697	1	0	1	2.595555933467964
47200.0	6000.0	3630.431288075666	0.0	0	215.51229503250943	3830.4312880756697	1	0	1	2.595555933467964
48200.0	6000.0	3630.431288075667	0.0	0	335.2602968372157	3830.431288075677	1	0	1	2.5955559334679617
49200.0	6000.0	3630.4312880756625	0.0	0	513.7830074849771	3830.431288075677	1	0	1	2.5955559334679617
50200.0	6000.0	3630.4312880756584	0.0	0	457.0518319173789	3830.431288075677	1	0	1	2.5955559334679617
51200.0	6000.0	3630.4312880756565	0.0	0	393.5233010027878	3830.431288075677	1	0	1	2.5955559334679617
52200.0	6000.0	3630.431288075657	0.0	0	213.36053965068277	3830.4312880756843	1	0	1	2.595555933467959
53200.0	6000.0	3630.4312880756597	0.0	0	487.6590590721389	3830.4312880756843	1	0	1	2.595555933467959
54200.0	6000.0	3630.4312880756515	0.0	0	279.3465492337782	3830.4312880756843	1	0	1	2.595555933467959
55200.0	6000.0	3630.4312880756493	0.0	0	553.9736134247287	3830.4312880756843	1	0	1	2.595555933467959
56200.0	6000.0	3630.4312880756465	0.0	0	458.8914482077962	3830.4312880756843	1	0	1	2.595555933467959
57200.0	6000.0	3630.431288075644	0.0	0	235.71984076416265	3830.4312880756843	1	0	1	2.595555933467959
58200.0	6000.0	3630.431288075648	0.0	0	246.1569283312565	3830.4312880756843	1	0	1	2.595555933467959
59384.40935874729	6000.0	3446.0219293283576	0.0	0	0.0	3830.4312880756843	1	0	1	2.595555933467959
60516.81075747694	6000.0	3313.620530598711	0.0	0	0.0	3830.4312880756916	1	0	1	2.5955559334679563
61200.0	6000.0	3630.431288075642	0.0	0	167.36509245447814	3830.4312880756916	1	0	1	2.5955559334679563
62200.0	6000.0	3630.431288075648	0.0	0	346.61513505687617	3830.4312880756916	1	0	1	2.5955559334679563
63200.0	6000.0	3630.431288075649	0.0	0	369.22377751177555	3830.4312880756916	1	0	1	2.5955559334679563
64200.0	6000.0	3630.4312880756543	0.0	0	99.01525760021468	3830.4312880756916	1	0	1	2.5955559334679563
65200.0	6000.0	3630.4312880756543	0.0	0	47.70224822964519	3830.4312880756916	1	0	1	2.5955559334679563
66200.0	6000.0	3630.4312880756443	0.0	0	268.66076625479036	3830.431288075677	1	0	1	2.595555933467959
67200.0	6000.0	3630.4312880756574	0.0	0	359.13036603575165	3830.431288075699	1	0	1	2.595555933467957
68200.0	6000.0	3630.4312880756556	0.0	0	500.76851107543916	3830.431288075699	1	0	1	2.595555933467952
69200.0	6000.0	3630.431288075652	0.0	0	357.7817770133406	3830.431288075699	1	0	1	2.5955559334679537
70200.0	6000.0	3630.431288075654	0.0	0	387.1837898146041	3830.431288075706	1	0	1	2.5955559334679505
71200.0	6000.0	3630.431288075654	0.0	0	157.25779411038093	3830.431288075706	1	0	1	2.5955559334679505
72200.0	6000.0	3630.431288075652	0.0	0	240.12714940907608	3830.431288075706	1	0	1	2.5955559334679505
73200.0	6000.0	3630.4312880756665	0.0	0	268.35573566630774	3830.4312880757207	1	0	1	2.5955559334679457
74200.0	6000.0	3630.431288075646	0.0	0	394.41401885235973	3830.4312880757207	1	0	1	2.5955559334679457
75200.0	6000.0	3630.4312880756584	0.0	0	264.0949184031633	3830.431288075735	1	0	1	2.5955559334679403
76200.0	6000.0	3630.4312880756665	0.0	0	295.1310550352064	3830.4312880757498	1	0	1	2.5955559334679346
77200.0	6000.0	3630.4312880756697	0.0	0	347.694092633159	3830.4312880757498	1	0	1	2.5955559334679346
78200.0	6000.0	3630.431288075671	0.0	0	522.745645834817	3830.4312880757498	1	0	1	2.5955559334679346
79200.0	6000.0	3630.4312880756706	0.0	0	417.7641506988293	3830.431288075735	1	0	1	2.5955559334679403
80200.0	6000.0	3630.431288075676	0.0	0	493.3350262396416	3830.431288075735	1	0	1	2.5955559334679403
81200.0	6000.0	3630.431288075666	0.0	0	312.5351458998921	3830.431288075735	1	0	1	2.5955559334679403
82200.0	6000.0	3630.4312880756825	0.0	0	210.9603307536745	3830.431288075735	1	0	1	2.5955559334679403
83200.0	6000.0	3630.43128807569	0.0	0	392.07094366889214	3830.4312880757207	1	0	1	2.5955559334679457
84200.0	6000.0	3630.4312880756843	0.0	0	447.0150495810376	3830.4312880757207	1	0	1	2.5955559334679457
85200.0	6000.0	3630.431288075688	0.0	0	314.39553993540176	3830.431288075706	1	0	1	2.5955559334679505
86200.0	6000.0	3630.431288075685	0.0	0	379.7380209882831	3830.4312880756916	1	0	1	2.5955559334679563
87200.0	6000.0	3630.4312880756884	0.0	0	290.6765625272965	3830.431288075706	1	0	1	2.5955559334679505
88200.0	6000.0	3630.4312880756834	0.0	0	208.35929987997224	3830.431288075706	1	0	1	2.5955559334679505
89200.0	6000.0	3630.431288075675	0.0	0	561.0519025649119	3830.431288075706	1	0	1	2.5955559334679505
90200.0	6000.0	3630.431288075674	0.0	0	289.5717947126104	3830.431288075706	1	0	1	2.5955559334679505
91383.86643979588	6000.0	3446.564848279785	0.0	0	0.0	3830.4312880756916	1	0	1	2.5955559334679563
92200.0	6000.0	3630.4312880756615	0.0	0	86.37990013495437	3830.4312880756916	1	0	1	2.5955559334679563
93200.0	6000.0	3630.4312880756543	0.0	0	338.51285185806046	3830.431288075677	1	0	1	2.5955559334679617
94200.0	6000.0	3630.4312880756406	0.0	0	240.14382449105324	3830.431288075677	1	0	1	2.5955559334679617
95200.0	6000.0	3630.431288075643	0.0	0	462.60168387016165	3830.4312880756625	1	0	1	2.595555933467967
96200.0	6000.0	3630.431288075634	0.0	0	291.7342353490967	3830.4312880756625	1	0	1	2.595555933467967
97200.0	6000.0	3630.431288075637	0.0	0	88.54127308160241	3830.4312880756625	1	0	1	2.595555933467967
98200.0	6000.0	3630.4312880756265	0.0	0	104.88631467193773	3830.431288075648	1	0	1	2.5955559334679723
99200.0	6000.0	3630.4312880756474	0.0	0	313.62854191396036	3830.4312880756625	1	0	1	2.595555933467967
100200.0	6000.0	3630.4312880756506	0.0	0	465.3570174944907	3830.4312880756625	1	0	1	2.595555933467967
101200.0	6000.0	3630.4312880756397	0.0	0	150.299257149396	3830.4312880756625	1	0	1	2.595555933467967
102200.0	6000.0	3630.431288075653	0.0	0	259.30427123681875	3830.431288075677	1	0	1	2.5955559334679617
103200.0	6000.0	3630.4312880756447	0.0	0	248.42796122863365	3830.431288075677	1	0	1	2.5955559334679617
104200.0	6000.0	3630.4312880756447	0.0	0	249.90575483125576	3830.4312880756625	1	0	1	2.595555933467967
105200.0	6000.0	3630.431288075665	0.0	0	132.2422093574569	3830.431288075677	1	0	1	2.5955559334679617
106200.0	6000.0	3630.431288075672	0.0	0	274.39087432058295	3830.4312880756625	1	0	1	2.595555933467967
107200.0	6000.0	3630.4312880756725	0.0	0	311.8964883103763	3830.4312880756625	1	0	1	2.595555933467967
108233.92345588614	6000.0	3596.5078321895253	0.0	0	0.0	3830.431288075648	1	0	1	2.5955559334679723
109200.0	6000.0	3630.431288075672	0.0	0	254.02817260510346	3830.431288075648	1	0	1	2.5955559334679723
110200.0	6000.0	3630.4312880756884	0.0	0	350.43477477377746	3830.431288075648	1	0	1	2.5955559334679723
111200.0	6000.0	3630.4312880757	0.0	0	13.55758362992492	3830.431288075648	1	0	1	2.5955559334679723
112200.0	6000.0	3630.4312880757084	0.0	0	269.83236097963527	3830.431288075648	1	0	1	2.5955559334679723
113200.0	6000.0	3630.4312880757047	0.0	0	343.29973460135807	3830.431288075648	1	0	1	2.5955559334679723
114200.0	6000.0	3630.4312880756993	0.0	0	238.20139147558075	3830.431288075648	1	0	1	2.5955559334679723
115200.0	6000.0	3630.4312880757143	0.0	0	161.48430508130696	3830.431288075648	1	0	1	2.5955559334679723
116200.0	6000.0	3630.4312880756956	0.0	0	225.3495410849282	3830.431288075648	1	0	1	2.5955559334679723
117200.0	6000.0	3630.4312880757025	0.0	0	199.934537642519	3830.431288075648	1	0	1	2.5955559334679723
118200.0	6000.0	3630.431288075717	0.0	0	429.74638073590177	3830.431288075648	1	0	1	2.5955559334679723
119200.0	6000.0	3630.431288075713	0.0	0	620.3244857639365	3830.431288075648	1	0	1	2.5955559334679723
120200.0	6000.0	3630.4312880757143	0.0	0	306.5975553650205	3830.431288075648	1	0	1	2.5955559334679723
121200.0	6000.0	3630.431288075704	0.0	0	437.48771741992095	3830.4312880756333	1	0	1	2.5955559334679776
122200.0	6000.0	3630.4312880757006	0.0	0	318.4732020959782	3830.4312880756333	1	0	1	2.5955559334679776
123200.0	6000.0	3630.4312880757093	0.0	0	444.13423775725823	3830.4312880756333	1	0	1	2.5955559334679776
124200.0	6000.0	3630.43128807571	0.0	0	316.6044314830506	3830.431288075648	1	0	1	2.5955559334679723
125200.0	6000.0	3630.4312880757325	0.0	0	287.4864248110098	3830.431288075648	1	0	1	2.5955559334679723
126417.45815671602	6000.0	3412.97313135972	0.0	0	0.0	3830.431288075648	1	0	1	2.5955559334679723
127200.0	6000.0	3630.4312880757375	0.0	0	123.08568586937326	3830.431288075648	1	0	1	2.5955559334679723
128200.0	6000.0	3630.431288075737	0.0	0	149.39883755045594	3830.431288075648	1	0	1	2.5955559334679723
129215.69158979559	6000.0	3614.7396982801465	0.0	0	0.0	3830.431288075648	1	0	1	2.5955559334679723
130200.0	6000.0	3630.431288075749	0.0	0	388.44906507609994	3830.431288075648	1	0	1	2.5955559334679723
131200.0	6000.0	3630.4312880757507	0.0	0	566.1907275741978	3830.431288075648	1	0	1	2.5955559334679723
132200.0	6000.0	3630.4312880757125	0.0	0	397.7624183835287	3830.4312880756042	1	0	1	2.5955559334679816
133205.9144733863	6000.0	3624.5168146893984	0.0	0	123.75829272519331	3830.4312880755897	1	0	1	2.5955559334679896
134200.0	6000.0	3630.4312880757116	0.0	0	9.28691335581243	3830.4312880755897	1	0	1	2.5955559334679905
135200.0	6000.0	3630.4312880757348	0.0	0	571.4719576551288	3830.4312880756333	1	0	1	2.5955559334679847
136200.0	6000.0	3630.431288075718	0.0	0	403.66067342695897	3830.4312880756042	1	0	1	2.5955559334679883
137200.0	6000.0	3630.4312880757284	0.0	0	467.7593424509687	3830.4312880756042	1	0	1	2.5955559334679883
138200.0	6000.0	3630.43128807572	0.0	0	195.7579767118441	3830.431288075575	1	0	1	2.595555933467999
139242.19412909728	6000.0	3588.2371589784216	0.0	0	0.0	3830.431288075575	1	0	1	2.595555933467999
140200.0	6000.0	3630.4312880757184	0.0	0	344.8610382594343	3830.431288075575	1	0	1	2.595555933467999
141200.0	6000.0	3630.4312880757197	0.0	0	333.8031042383809	3830.431288075575	1	0	1	2.595555933467999
142200.0	6000.0	3630.431288075724	0.0	0	248.9443088803382	3830.431288075575	1	0	1	2.595555933467999
143232.46111796692	6000.0	3597.970170108835	0.0	0	0.0	3830.431288075575	1	0	1	2.595555933467999
144200.0	6000.0	3630.4312880757825	0.0	0	50.26427434277139	3830.4312880756042	1	0	1	2.5955559334679883
145200.0	6000.0	3630.4312880757716	0.0	0	226.79627825852367	3830.4312880756042	1	0	1	2.5955559334679883
146200.0	6000.0	3630.431288075747	0.0	0	328.2700975589687	3830.4312880756042	1	0	1	2.5955559334679883
147200.0	6000.0	3630.4312880757743	0.0	0	467.16498390739434	3830.4312880756042	1	0	1	2.5955559334679883
148200.0	6000.0	3630.4312880757784	0.0	0	395.31835568949464	3830.4312880756042	1	0	1	2.5955559334679883
149200.0	6000.0	3630.431288075785	0.0	0	164.88084149578935	3830.4312880756042	1	0	1	2.5955559334679883
150200.0	6000.0	3630.431288075803	0.0	0	599.7417311711179	3830.4312880756042	1	0	1	2.5955559334679883
151200.0	6000.0	3630.4312880757643	0.0	0	371.9738050965243	3830.4312880756042	1	0	1	2.5955559334679883
152200.0	6000.0	3630.431288075753	0.0	0	385.1852132496424	3830.4312880756042	1	0	1	2.5955559334679883
153200.0	6000.0	3630.4312880757525	0.0	0	585.5551951749367	3830.4312880756042	1	0	1	2.5955559334679883
154200.0	6000.0	3630.431288075761	0.0	0	459.40088183476473	3830.4312880756333	1	0	1	2.5955559334679776
155200.0	6000.0	3630.4312880757598	0.0	0	258.7871640994854	3830.4312880756333	1	0	1	2.5955559334679776
156200.0	6000.0	3630.4312880757807	0.0	0	354.62754142525955	3830.4312880756625	1	0	1	2.595555933467967
157278.3405967428	6000.0	3552.0906913329754	0.0	0	0.0	3830.4312880756625	1	0	1	2.595555933467967
158200.0	6000.0	3630.4312880757943	0.0	0	66.98836203949759	3830.4312880756625	1	0	1	2.595555933467967
159200.0	6000.0	3630.4312880757934	0.0	0	499.6197543143644	3830.4312880756625	1	0	1	2.595555933467967
160200.0	6000.0	3630.4312880757943	0.0	0	347.17827100053546	3830.4312880756916	1	0	1	2.5955559334679563
161200.0	6000.0	3630.431288075794	0.0	0	38.12156445035362	3830.4312880756916	1	0	1	2.5955559334679563
162352.0927906234	6000.0	3478.338497452404	0.0	0	0.0	3830.4312880756916	1	0	1	2.5955559334679563
163200.0	6000.0	3630.431288075797	0.0	0	280.48565409879666	3830.4312880756625	1	0	1	2.595555933467967
164200.0	6000.0	3630.43128807578	0.0	0	464.74930314699304	3830.4312880756625	1	0	1	2.595555933467967
165200.0	6000.0	3630.431288075759	0.0	0	158.24355556510272	3830.4312880756333	1	0	1	2.595555933467976
166200.0	6000.0	3630.4312880757866	0.0	0	317.687373046414	3830.4312880756625	1	0	1	2.595555933467967
167200.0	6000.0	3630.4312880757843	0.0	0	381.66293409635546	3830.4312880756625	1	0	1	2.595555933467967
168200.0	6000.0	3630.431288075769	0.0	0	379.8004444350663	3830.4312880756625	1	0	1	2.595555933467967
169200.0	6000.0	3630.4312880757693	0.0	0	272.28961733708275	3830.4312880756625	1	0	1	2.595555933467967
170200.0	6000.0	3630.431288075763	0.0	0	372.2693289585586	3830.4312880756333	1	0	1	2.595555933467973
171200.0	6000.0	3630.4312880757457	0.0	0	495.6451964871958	3830.4312880756625	1	0	1	2.595555933467967
172200.0	6000.0	3630.4312880757675	0.0	0	203.3533161719388	3830.4312880757207	1	0	1	2.59555593346795
173200.0	6000.0	3630.4312880757934	0.0	0	146.21331884371466	3830.4312880757498	1	0	1	2.595555933467937
174200.0	6000.0	3630.431288075774	0.0	0	88.49249253142625	3830.4312880757207	1	0	1	2.5955559334679412
175249.53171354104	6000.0	3580.899574534744	0.0	0	0.0	3830.4312880757207	1	0	1	2.5955559334679457
176200.0	6000.0	3630.4312880758275	0.0	0	87.72734482280794	3830.4312880757207	1	0	1	2.5955559334679457
177210.2138322271	6000.0	3620.217455848721	0.0	0	0.0	3830.4312880757207	1	0	1	2.5955559334679457
178200.0	6000.0	3630.4312880758234	0.0	0	184.54035700831446	3830.4312880756916	1	0	1	2.5955559334679563
179200.0	6000.0	3630.431288075823	0.0	0	455.5507040526718	3830.4312880756916	1	0	1	2.5955559334679563
180200.0	6000.0	3630.4312880758275	0.0	0	338.30357685976196	3830.4312880756916	1	0	1	2.5955559334679563
181200.0	6000.0	3630.431288075841	0.0	0	115.72915134127834	3830.4312880756916	1	0	1	2.5955559334679563
182200.0	6000.0	3630.4312880758544	0.0	0	6.028858659323305	3830.4312880757207	1	0	1	2.5955559334679457
183200.0	6000.0	3630.431288075881	0.0	0	432.58691806768184	3830.4312880757207	1	0	1	2.5955559334679457
184200.0	6000.0	3630.431288075892	0.0	0	355.89687542713364	3830.4312880757207	1	0	1	2.5955559334679457
185200.0	6000.0	3630.4312880759	0.0	0	289.73868554999353	3830.4312880757207	1	0	1	2.5955559334679457
186200.0	6000.0	3630.4312880758853	0.0	0	340.99211939939414	3830.4312880757207	1	0	1	2.5955559334679457
187200.0	6000.0	3630.431288075858	0.0	0	163.8332942862471	3830.4312880757207	1	0	1	2.5955559334679457
188200.0	6000.0	3630.431288075837	0.0	0	142.00481164368102	3830.4312880757207	1	0	1	2.5955559334679457
189200.0	6000.0	3630.4312880758316	0.0	0	19.168782194086816	3830.4312880757207	1	0	1	2.5955559334679457
190200.0	6000.0	3630.431288075813	0.0	0	182.78214432834648	3830.4312880756916	1	0	1	2.5955559334679545
191200.0	6000.0	3630.4312880758057	0.0	0	380.0879977129807	3830.4312880756916	1	0	1	2.5955559334679563
192200.0	6000.0	3630.4312880757993	0.0	0	302.9873125150043	3830.4312880756625	1	0	1	2.5955559334679625
193200.0	6000.0	3630.431288075774	0.0	0	47.94210017644218	3830.4312880756333	1	0	1	2.5955559334679776
194200.0	6000.0	3630.4312880757693	0.0	0	155.17462348812842	3830.4312880756333	1	0	1	2.5955559334679776
195200.0	6000.0	3630.431288075766	0.0	0	275.33951932605123	3830.4312880756333	1	0	1	2.5955559334679776
196200.0	6000.0	3630.431288075768	0.0	0	355.01292457949603	3830.4312880756333	1	0	1	2.5955559334679776
197200.0	6000.0	3630.4312880757716	0.0	0	405.12134304922074	3830.4312880756333	1	0	1	2.5955559334679776
198200.0	6000.0	3630.4312880758057	0.0	0	435.80532909711474	3830.4312880756333	1	0	1	2.5955559334679776
199200.0	6000.0	3630.4312880757643	0.0	0	341.3231061399274	3830.4312880756333	1	0	1	2.5955559334679776
200200.0	6000.0	3630.4312880757643	0.0	0	137.2664984189032	3830.4312880756333	1	0	1	2.5955559334679776
201200.0	6000.0	3630.4312880757543	0.0	0	180.5294514556881	3830.4312880756333	1	0	1	2.5955559334679776
202200.0	6000.0	3630.4312880757525	0.0	0	552.8803838383465	3830.4312880756333	1	0	1	2.5955559334679776
203200.0	6000.0	3630.4312880757707	0.0	0	468.07269185732	3830.4312880756625	1	0	1	2.595555933467967
204200.0	6000.0	3630.4312880757575	0.0	0	430.7355114934908	3830.4312880756625	1	0	1	2.595555933467967
205200.0	6000.0	3630.4312880757484	0.0	0	524.1594032183639	3830.4312880756333	1	0	1	2.5955559334679776
206200.0	6000.0	3630.4312880757298	0.0	0	269.78613102127565	3830.4312880756333	1	0	1	2.5955559334679776
207200.0	6000.0	3630.43128807573	0.0	0	87.24903081502998	3830.4312880756333	1	0	1	2.5955559334679776
208200.0	6000.0	3630.431288075718	0.0	0	15.230876223766245	3830.4312880756333	1	0	1	2.5955559334679776
209412.18471237534	6000.0	3418.246575700339	0.0	0	0.0	3830.4312880756042	1	0	1	2.5955559334679883
210200.0	6000.0	3630.4312880756734	0.0	0	102.5914998165972	3830.4312880756333	1	0	1	2.5955559334679776
211200.0	6000.0	3630.431288075653	0.0	0	470.3031419198378	3830.4312880756333	1	0	1	2.5955559334679776
212200.0	6000.0	3630.4312880756647	0.0	0	311.83577362273354	3830.4312880756333	1	0	1	2.5955559334679776
213200.0	6000.0	3630.4312880756424	0.0	0	218.09000192346866	3830.4312880756042	1	0	1	2.5955559334679883
214200.0	6000.0	3630.431288075649	0.0	0	139.44190388388233	3830.4312880756042	1	0	1	2.5955559334679883
215200.0	6000.0	3630.431288075657	0.0	0	341.91592818981735	3830.4312880756625	1	0	1	2.5955559334679714
216200.0	6000.0	3630.4312880756247	0.0	0	377.23498720445787	3830.4312880756333	1	0	1	2.5955559334679776
217200.0	6000.0	3630.431288075638	0.0	0	387.9011220165121	3830.4312880756333	1	0	1	2.5955559334679776
218200.0	6000.0	3630.431288075666	0.0	0	359.61950677464483	3830.4312880756333	1	0	1	2.5955559334679776
219200.0	6000.0	3630.431288075666	0.0	0	522.7068359037512	3830.4312880756333	1	0	1	2.5955559334679776
220200.0	6000.0	3630.4312880756393	0.0	0	429.8331680481788	3830.4312880756333	1	0	1	2.5955559334679776
221200.0	6000.0	3630.4312880756165	0.0	0	372.9434686480963	3830.4312880756333	1	0	1	2.5955559334679776
222200.0	6000.0	3630.4312880756374	0.0	0	318.7628657766909	3830.4312880756625	1	0	1	2.5955559334679714
223200.0	6000.0	3630.431288075626	0.0	0	120.26334559152019	3830.4312880756625	1	0	1	2.595555933467967
224200.0	6000.0	3630.431288075672	0.0	0	201.2246472420229	3830.4312880756625	1	0	1	2.595555933467967
225200.0	6000.0	3630.431288075667	0.0	0	208.41090795898344	3830.4312880756625	1	0	1	2.595555933467967
226200.0	6000.0	3630.431288075666	0.0	0	472.9179544702638	3830.4312880756625	1	0	1	2.595555933467967
227200.0	6000.0	3630.43128807567	0.0	0	396.02619097149	3830.4312880756916	1	0	1	2.5955559334679563
228200.0	6000.0	3630.431288075638	0.0	0	474.36164489542716	3830.4312880756916	1	0	1	2.5955559334679563
229200.0	6000.0	3630.431288075599	0.0	0	401.1049056322663	3830.4312880756916	1	0	1	2.5955559334679563
230200.0	6000.0	3630.431288075596	0.0	0	348.57562975832843	3830.4312880756916	1	0	1	2.5955559334679563
231200.0	6000.0	3630.431288075593	0.0	0	51.138847589085344	3830.4312880756916	1	0	1	2.5955559334679563
232200.0	6000.0	3630.431288075605	0.0	0	200.66370979478233	3830.4312880756916	1	0	1	2.5955559334679563
233200.0	6000.0	3630.431288075647	0.0	0	245.7679160494008	3830.4312880756916	1	0	1	2.5955559334679563
234200.0	6000.0	3630.4312880756593	0.0	0	121.32834498072043	3830.4312880756916	1	0	1	2.5955559334679563
235200.0	6000.0	3630.4312880756643	0.0	0	307.353390246426	3830.4312880756916	1	0	1	2.5955559334679563
236200.0	6000.0	3630.4312880756893	0.0	0	371.494933676644	3830.4312880756916	1	0	1	2.5955559334679563
237200.0	6000.0	3630.4312880757125	0.0	0	334.87325805658475	3830.4312880756916	1	0	1	2.5955559334679563
238200.0	6000.0	3630.431288075715	0.0	0	403.0189944849699	3830.4312880756916	1	0	1	2.5955559334679563
239200.0	6000.0	3630.4312880757197	0.0	0	281.75727396059665	3830.4312880756916	1	0	1	2.5955559334679563
240200.0	6000.0	3630.431288075715	0.0	0	4.064333956572227	3830.4312880756625	1	0	1	2.5955559334679643
241335.43659813234	6000.0	3494.994689943347	0.0	0	0.0	3830.4312880756625	1	0	1	2.595555933467967
242317.57803713463	6000.0	3512.8532509410616	0.0	0	0.0	3830.4312880756916	1	0	1	2.5955559334679563
243200.0	6000.0	3630.431288075678	0.0	0	224.31792084954213	3830.4312880756625	1	0	1	2.595555933467967
244200.0	6000.0	3630.431288075683	0.0	0	421.0251565464714	3830.4312880756625	1	0	1	2.595555933467967
245200.0	6000.0	3630.431288075678	0.0	0	496.1644574587408	3830.4312880756916	1	0	1	2.5955559334679563
246200.0	6000.0	3630.4312880756465	0.0	0	177.6672376994684	3830.4312880756625	1	0	1	2.5955559334679625
247200.0	6000.0	3630.431288075663	0.0	0	346.2131397004705	3830.4312880756333	1	0	1	2.5955559334679776
248200.0	6000.0	3630.431288075659	0.0	0	394.8945742691867	3830.4312880756333	1	0	1	2.5955559334679776
249200.0	6000.0	3630.43128807564	0.0	0	471.83051064578467	3830.4312880756333	1	0	1	2.5955559334679776
250200.0	6000.0	3630.4312880756534	0.0	0	199.79288512453786	3830.4312880756333	1	0	1	2.5955559334679776
251200.0	6000.0	3630.431288075667	0.0	0	165.81723908116692	3830.4312880756625	1	0	1	2.5955559334679714
252200.0	6000.0	3630.4312880756697	0.0	0	325.4149062282231	3830.4312880756333	1	0	1	2.595555933467973
253200.0	6000.0	3630.431288075687	0.0	0	340.42638831288787	3830.4312880756333	1	0	1	2.5955559334679776
254200.0	6000.0	3630.4312880756765	0.0	0	72.23724161626888	3830.4312880756042	1	0	1	2.5955559334679883
255200.0	6000.0	3630.431288075674	0.0	0	507.79437883675564	3830.4312880756042	1	0	1	2.5955559334679883
256200.0	6000.0	3630.431288075717	0.0	0	309.6590737347433	3830.4312880756333	1	0	1	2.5955559334679776
257200.0	6000.0	3630.4312880757548	0.0	0	198.7834327123128	3830.4312880756333	1	0	1	2.5955559334679776
258200.0	6000.0	3630.43128807575	0.0	0	221.3191491070611	3830.4312880756333	1	0	1	2.5955559334679776
259308.687258841	6000.0	3521.7440292347683	0.0	0	0.0	3830.4312880756333	1	0	1	2.5955559334679776
260200.0	6000.0	3630.4312880757834	0.0	0	3.7674147647048812	3830.4312880756625	1	0	1	2.595555933467967
261200.0	6000.0	3630.4312880757743	0.0	0	197.17279472053633	3830.4312880756625	1	0	1	2.595555933467967
262200.0	6000.0	3630.4312880757925	0.0	0	480.98195617832243	3830.4312880756625	1	0	1	2.595555933467967
263200.0	6000.0	3630.4312880758407	0.0	0	236.8198871447239	3830.4312880757207	1	0	1	2.595555933467952
264200.0	6000.0	3630.4312880758475	0.0	0	449.5566640354227	3830.4312880757498	1	0	1	2.5955559334679323
265200.0	6000.0	3630.431288075831	0.0	0	273.6771568603581	3830.4312880757498	1	0	1	2.595555933467928
266200.0	6000.0	3630.4312880758757	0.0	0	153.795069157728	3830.431288075808	1	0	1	2.59555593346792
267200.0	6000.0	3630.4312880759044	0.0	0	487.6911423870479	3830.431288075808	1	0	1	2.5955559334679137
268200.0	6000.0	3630.4312880758803	0.0	0	620.4403000085731	3830.431288075808	1	0	1	2.5955559334679137
269200.0	6000.0	3630.431288075892	0.0	0	303.56345230247825	3830.431288075866	1	0	1	2.595555933467892
270200.0	6000.0	3630.4312880758903	0.0	0	283.8372972321813	3830.431288075866	1	0	1	2.595555933467892
271200.0	6000.0	3630.4312880759335	0.0	0	340.15579382597934	3830.431288075866	1	0	1	2.595555933467892
272200.0	6000.0	3630.4312880759135	0.0	0	213.29458996310132	3830.431288075866	1	0	1	2.595555933467892
273200.0	6000.0	3630.431288075855	0.0	0	331.8153509963886	3830.431288075866	1	0	1	2.595555933467892
274200.0	6000.0	3630.4312880758484	0.0	0	288.0441203889204	3830.431288075808	1	0	1	2.595555933467905
275200.0	6000.0	3630.431288075834	0.0	0	82.52561655786121	3830.4312880757498	1	0	1	2.59555593346793
276244.08536269167	6000.0	3586.3459253841324	0.0	0	0.0	3830.4312880757498	1	0	1	2.5955559334679346
277200.0	6000.0	3630.4312880757793	0.0	0	215.44101695425343	3830.4312880757498	1	0	1	2.5955559334679346
278200.0	6000.0	3630.4312880757784	0.0	0	5.6307512380881235	3830.4312880757498	1	0	1	2.5955559334679346
279200.0	6000.0	3630.4312880757725	0.0	0	199.2472959573497	3830.4312880757498	1	0	1	2.5955559334679346
280200.0	6000.0	3630.4312880758107	0.0	0	491.05852745170705	3830.4312880757498	1	0	1	2.5955559334679346
281200.0	6000.0	3630.431288075743	0.0	0	585.9838003717014	3830.4312880756916	1	0	1	2.5955559334679563
282200.0	6000.0	3630.431288075807	0.0	0	301.241833463253	3830.4312880756916	1	0	1	2.5955559334679563
283200.0	6000.0	3630.431288075774	0.0	0	126.03786061023129	3830.4312880756333	1	0	1	2.5955559334679776
284200.0	6000.0	3630.431288075744	0.0	0	567.3418480561813	3830.4312880756333	1	0	1	2.5955559334679776
285200.0	6000.0	3630.4312880757157	0.0	0	238.61562676692847	3830.4312880756333	1	0	1	2.5955559334679776
286200.0	6000.0	3630.4312880757634	0.0	0	114.1398237713147	3830.4312880756333	1	0	1	2.5955559334679776
287247.17991332704	6000.0	3583.2513747487174	0.0	0	0.0	3830.4312880756333	1	0	1	2.5955559334679776
288200.0	6000.0	3630.4312880758	0.0	0	172.2926049734233	3830.4312880756333	1	0	1	2.5955559334679776
289200.0	6000.0	3630.431288075795	0.0	0	103.8087123525329	3830.4312880756916	1	0	1	2.595555933467965
290200.0	6000.0	3630.4312880758303	0.0	0	41.7575074864435	3830.4312880756916	1	0	1	2.5955559334679563
291200.0	6000.0	3630.4312880758475	0.0	0	355.8357938559493	3830.4312880756916	1	0	1	2.5955559334679563
292324.73054589285	6000.0	3505.700742183069	0.0	0	0.0	3830.4312880756916	1	0	1	2.5955559334679563
293390.18893592217	6000.0	3440.242352153775	0.0	0	0.0	3830.4312880756916	1	0	1	2.5955559334679563
294200.0	6000.0	3630.431288075941	0.0	0	120.46414906857535	3830.4312880756916	1	0	1	2.5955559334679563
295200.0	6000.0	3630.431288075926	0.0	0	152.0196001973818	3830.4312880756333	1	0	1	2.595555933467973
296200.0	6000.0	3630.4312880759353	0.0	0	331.3149971073144	3830.4312880756333	1	0	1	2.5955559334679776
297200.0	6000.0	3630.431288075905	0.0	0	15.23735822137678	3830.4312880756333	1	0	1	2.5955559334679776
298200.0	6000.0	3630.4312880759503	0.0	0	341.01321363437455	3830.4312880756916	1	0	1	2.5955559334679563
299200.0	6000.0	3630.43128807592	0.0	0	601.7946631136001	3830.4312880756916	1	0	1	2.5955559334679563
300200.0	6000.0	3630.431288075938	0.0	0	441.08909622911597	3830.4312880756333	1	0	1	2.5955559334679776
11.1	6.79	7.53	6.65	6.58	10.0	9.67	6.13	4.83	8.19	10.2	8.44	9.26	10.5	11.5	11.5	10.3	12.6	10.3	8.77	8.56	5.87	7.63	8.76	6.66	10.3	8.4	8.06	6.86	9.46	13.8	11.8	8.26	9.37	6.05	6.04	8.94	8.0	8.0	8.75	9.31	7.07	7.76	11.8	13.7	10.7	8.53	8.9	11.0	10.2	9.93	13.6	10.1	6.29	9.88	4.76	7.84	10.4	8.8	9.19	7.61	8.71	12.3	9.9	12.0	10.6	8.99	9.81	9.88	9.72	9.31	8.45	11.5	11.4	12.2	13.9	8.79	9.14	7.91	9.64	8.17	10.3	11.0	8.21	10.7	11.8	6.42	7.04	7.18	8.26	10.5	10.1	9.26	6.64	11.7	9.71	7.07	9.86	9.0	10.1	7.38	9.33	10.4	5.4	8.19	8.44	5.73	8.47	12.7	10.0	11.5	6.93	8.43	8.41	13.4	12.5	8.44	10.5	9.6	7.22	8.2	6.74	6.38	8.02	7.87	7.96	13.4	12.5	11.0	4.33	11.3	10.9	9.23	9.03	5.62	9.67	7.01	10.2	5.15	8.55	7.3	9.1	9.64	9.64	6.97	12.3	15.1	9.24	14.8	9.51	11.1	6.79	7.53	6.65	6.58	10.0	9.67	6.13	4.83	8.19	10.2	8.44	9.26	10.5	11.5	11.5	10.3	12.6	10.3	8.77	8.56	5.87	7.63	8.76	6.66	10.3	8.4	8.06	6.86	9.46	13.8	11.8	8.26	9.37	6.05	6.04	8.94	8.0	8.0	8.75	9.31	7.07	7.76	11.8	13.7	10.7	8.53	8.9	11.0	10.2	9.93	13.6	10.1	6.29	9.88	4.76	7.84	10.4	8.8	9.19	7.61	8.71	12.3	9.9	12.0	10.6	8.99	9.81	9.88	9.72	9.31	8.45	11.5	11.4	12.2	13.9	8.79	9.14	7.91	9.64	8.17	10.3	11.0	8.21	10.7	11.8	6.42	7.04	7.18	8.26	10.5	10.1	9.26	6.64	11.7	9.71	7.07	9.86	9.0	10.1	7.38	9.33	10.4	5.4	8.19	8.44	5.73	8.47	12.7	10.0	11.5	6.93	8.43	8.41	13.4	12.5	8.44	10.5	9.6	7.22	8.2	6.74	6.38	8.02	7.87	7.96	13.4	12.5	11.0	4.33	11.3	10.9	9.23	9.03	5.62	9.67	7.01	10.2	5.15	8.55	7.3	9.1	9.64	9.64	6.97	12.3	15.1	9.24	14.8	9.51	11.1	6.79	7.53
1.0	2.0	3.0	4.0	5.0	6.0	7.0	8.0	9.0	10.0	11.0	12.0	13.0	14.0	15.0	16.0	17.0	18.0	19.0	20.0	21.0	22.0	23.0	24.0	25.0	26.0	27.0	28.0	29.0	30.0	31.0	32.0	33.0	34.0	35.0	36.0	37.0	38.0	39.0	40.0	41.0	42.0	43.0	44.0	45.0	46.0	47.0	48.0	49.0	50.0	51.0	52.0	53.0	54.0	55.0	56.0	57.0	58.0	59.0	60.0	61.0	62.0	63.0	64.0	65.0	66.0	67.0	68.0	69.0	70.0	71.0	72.0	73.0	74.0	75.0	76.0	77.0	78.0	79.0	80.0	81.0	82.0	83.0	84.0	85.0	86.0	87.0	88.0	89.0	90.0	91.0	92.0	93.0	94.0	95.0	96.0	97.0	98.0	99.0	100.0	101.0	102.0	103.0	104.0	105.0	106.0	107.0	108.0	109.0	110.0	111.0	112.0	113.0	114.0	115.0	116.0	117.0	118.0	119.0	120.0	121.0	122.0	123.0	124.0	125.0	126.0	127.0	128.0	129.0	130.0	131.0	132.0	133.0	134.0	135.0	136.0	137.0	138.0	139.0	140.0	141.0	142.0	143.0	144.0	145.0	146.0	147.0	148.0	149.0	149.0	150.0	151.0	152.0	153.0	154.0	155.0	156.0	157.0	158.0	159.0	160.0	161.0	162.0	163.0	164.0	165.0	166.0	167.0	168.0	169.0	170.0	171.0	172.0	173.0	174.0	175.0	176.0	177.0	178.0	179.0	180.0	181.0	182.0	183.0	184.0	185.0	186.0	187.0	188.0	189.0	190.0	191.0	192.0	193.0	194.0	195.0	196.0	197.0	198.0	199.0	200.0	201.0	202.0	203.0	204.0	205.0	206.0	207.0	208.0	209.0	210.0	211.0	212.0	213.0	214.0	215.0	216.0	217.0	218.0	219.0	220.0	221.0	222.0	223.0	224.0	225.0	226.0	227.0	228.0	229.0	230.0	231.0	232.0	233.0	234.0	235.0	236.0	237.0	238.0	239.0	240.0	241.0	242.0	243.0	244.0	245.0	246.0	247.0	248.0	249.0	250.0	251.0	252.0	253.0	254.0	255.0	256.0	257.0	258.0	259.0	260.0	261.0	262.0	263.0	264.0	265.0	266.0	267.0	268.0	269.0	270.0	271.0	272.0	273.0	274.0	275.0	276.0	277.0	278.0	279.0	280.0	281.0	282.0	283.0	284.0	285.0	286.0	287.0	288.0	289.0	290.0	291.0	292.0	293.0	294.0	295.0	296.0	297.0	298.0	298.0	299.0	300.0	301.0
3688.475880268622
