4640.833198546653	300.0	2000.0	137.28016372117938	0	0.0	4640.833198546653	1	0	1	-1.613628641335656
5101.059025969042	2000.0	2539.774172577612	0.0	0	0.0	4640.833198546653	1	0	1	-0.8076125163709094
5955.202559987221	3000.0	2600.2162851576163	0.0	0	0.0	4555.418845144837	1	0	2	0.7304209100767902
6700.01506541158	3000.0	2780.922529190822	0.0	0	0.0	4480.937594602401	1	0	2	1.3833049373850805
7545.8265962449805	3000.0	2850.529845274081	0.0	0	0.0	4396.35644151906	1	0	2	1.4313526267024306
8212.810434303417	3000.0	3116.8476234098	0.0	0	0.0	4329.658057713216	1	0	2	1.4699480984252449
8858.045095160243	3000.0	3407.089496467291	0.0	0	0.0	4265.134591627534	1	0	2	1.5030962014321156
9577.179760650624	3000.0	3616.0413644278724	0.0	0	0.0	4193.221125078496	1	0	2	1.539627015763973
10496.889180049815	3000.0	3604.361003088766	0.0	0	0.0	4101.250183138579	1	0	2	1.5818735238986097
11200.0	3000.0	3830.9391011435637	0.0	0	127.74887190488153	4030.939101143562	1	0	2	1.6117464707221185
12200.0	3000.0	3730.9391011435637	0.0	0	261.7162456295646	3930.939101143562	1	0	2	1.6489230037232294
13200.0	3000.0	3630.9391011435623	0.0	0	49.214876821642974	3830.939101143562	1	0	2	1.6917453332029186
14200.0	3000.0	3530.939101143562	0.0	0	165.47765728338163	3730.9391011435637	1	0	2	1.7260857745710345
15370.58143690337	3000.0	3243.299520549854	0.0	0	0.0	3613.880957453228	1	0	2	1.7645078866749244
16203.41726015065	3000.0	3327.180114977844	0.0	0	0.0	3530.5973751284982	1	0	2	1.7937191569563076
17200.0	3000.0	3230.9391011435646	0.0	0	126.07136329350396	3430.939101143569	1	0	2	1.8193881868934298
18286.712077992994	3000.0	3035.555815351267	0.0	0	0.0	3322.2678933442676	1	0	2	1.8488925789936588
19260.0807661084	3000.0	2964.8502584243206	0.0	0	0.0	3224.931024532727	1	0	2	1.872352027872603
20200.0	3000.0	2930.9391011435628	0.0	0	166.19795038205848	3130.9391011435728	1	0	2	1.8912157719082248
21716.271658908325	3000.0	2263.040276344409	0.0	0	0.0	2979.311935252739	1	0	2	1.918586767240075
22821.789669465346	2000.0	2157.5222657873896	0.0	0	0.0	2979.311935252739	1	0	1	1.1155455382955575
23498.439885696902	2000.0	2480.872049555835	0.0	0	0.0	2979.3119352527356	1	0	1	1.7210106464037227
24200.0	3000.0	2709.1559238224254	0.0	0	144.822040157047	2909.155923822429	1	0	2	1.3286627729622527
25200.0	3000.0	2609.155923822427	0.0	0	183.16151229275783	2809.1559238224254	1	0	2	1.9489723263181358
26200.0	3000.0	2509.155923822428	0.0	0	357.98696864526937	2709.1559238224254	1	0	2	1.9637342519438223
28112.555399186756	6000.0	1596.6005246356708	0.0	0	0.0	2709.1559238224254	1	0	1	1.9689290638873873
28787.340121432095	3000.0	1854.3373301657982	0.0	0	0.0	2641.677451597894	1	0	2	1.082484291553283
29640.71702324497	3000.0	1915.622738171628	0.0	0	0.0	2556.3397614166024	1	0	2	1.9858628316238938
30327.956774042712	3000.0	2159.659012294116	0.0	0	0.0	2487.615786336828	1	0	2	1.9947677326303408
31310.8188370549	3000.0	2078.5107429807113	0.0	0	0.0	2389.32958003561	1	0	2	2.0045271467321886
32200.0	3000.0	2100.4114637411053	0.0	0	181.7407519072549	2300.411463741104	1	0	2	2.012992809371926
33200.0	3000.0	2000.4114637411071	0.0	0	45.101846032062895	2200.411463741111	1	0	2	2.022504044126875
34200.0	3000.0	1900.4114637411083	0.0	0	106.00744607015076	2100.411463741115	1	0	2	2.030479350173373
35200.0	3000.0	1800.4114637411003	0.0	0	352.7630998549139	2000.411463741104	1	0	2	2.037758351566617
36200.0	3000.0	1700.411463741102	0.0	0	418.74821395007893	1900.4114637411112	1	0	2	2.0447500716314253
37204.27864189343	3000.0	1595.704957658325	0.0	0	0.0	1799.983599551757	1	0	2	2.0516549897824645
38200.0	3000.0	1599.9835995517549	0.0	0	162.65873096051655	1799.983599551757	1	0	1	2.053380413723827
39200.0	2000.0	1599.9835995517496	0.0	0	499.5146980536738	1799.983599551757	1	0	1	1.442450197507498
40200.0	2000.0	1599.983599551751	0.0	0	154.31625100343808	1799.983599551757	1	0	1	1.8479153056156625
41200.0	2000.0	1599.9835995517467	0.0	0	458.5080633405305	1799.983599551757	1	0	1	1.8479153056156625
42200.0	3000.0	1499.9835995517567	0.0	0	274.0815202173544	1699.9835995517642	1	0	2	1.4515269417215917
43259.929628909114	3000.0	1440.0539706426484	0.0	0	0.0	1699.9835995517642	1	0	1	2.0589287807523533
44200.0	2000.0	1499.9835995517635	0.0	0	417.77978198019264	1699.983599551757	1	0	1	1.4479985645360247
45200.0	2000.0	1499.9835995517658	0.0	0	510.68726289791084	1699.983599551757	1	0	1	1.8534636726441893
46260.39411134531	3000.0	1439.589488206465	0.0	0	0.0	1699.983599551757	1	0	1	1.8534636726441895
47200.0	2000.0	1499.9835995517751	0.0	0	65.23406517699914	1699.983599551757	1	0	1	1.4479985645360247
48200.0	2000.0	1499.9835995517722	0.0	0	248.30323357274756	1699.983599551757	1	0	1	1.8534636726441893
49200.0	2000.0	1499.9835995517708	0.0	0	375.7024496428203	1699.983599551757	1	0	1	1.8534636726441893
50200.0	2000.0	1499.9835995517692	0.0	0	175.09291712551203	1699.983599551757	1	0	1	1.8534636726441893
51200.0	2000.0	1499.9835995517756	0.0	0	502.23827633992914	1699.983599551757	1	0	1	1.8534636726441893
52200.0	2000.0	1499.983599551781	0.0	0	366.1601136593963	1699.983599551757	1	0	1	1.8534636726441893
53287.13765497861	3000.0	1412.8459445731703	0.0	0	0.0	1699.983599551757	1	0	1	1.8534636726441895
54200.0	2000.0	1499.9835995517865	0.0	0	205.32650271266903	1699.9835995517642	1	0	1	1.4479985645360243
55276.69016568623	2000.0	1423.2934338655527	0.0	0	0.0	1699.9835995517642	1	0	1	1.8534636726441889
56200.0	2000.0	1499.9835995517856	0.0	0	255.43707437088597	1699.9835995517642	1	0	1	1.8534636726441889
57200.0	2000.0	1499.9835995517933	0.0	0	417.39777626589785	1699.9835995517642	1	0	1	1.8534636726441889
58200.0	2000.0	1499.9835995517967	0.0	0	368.1284224425108	1699.9835995517715	1	0	1	1.8534636726441887
59200.0	3000.0	1499.9835995518	0.0	0	299.5274725534982	1699.9835995517715	1	0	1	1.8534636726441889
60200.0	3000.0	1499.9835995517997	0.0	0	379.93540967684385	1699.9835995517715	1	0	1	2.2589287807523535
61200.0	3000.0	1499.9835995517951	0.0	0	271.8188824163517	1699.9835995517715	1	0	1	2.2589287807523535
62200.0	3000.0	1499.9835995517908	0.0	0	300.3711181917606	1699.9835995517715	1	0	1	2.2589287807523535
63448.05868700954	6000.0	1251.924912542245	0.0	0	0.0	1699.9835995517715	1	0	1	2.2589287807523535
64200.0	2000.0	1499.9835995517878	0.0	0	234.62239551165112	1699.9835995517788	1	0	1	0.7548513839760786
65200.0	2000.0	1499.9835995517833	0.0	0	94.83259741614893	1699.9835995517715	1	0	1	1.8534636726441887
66200.0	2000.0	1499.9835995517872	0.0	0	282.08760066462855	1699.9835995517788	1	0	1	1.8534636726441884
67200.0	2000.0	1499.9835995517833	0.0	0	402.1283506218315	1699.9835995517715	1	0	1	1.8534636726441884
68200.0	2000.0	1499.9835995517697	0.0	0	452.4751347640122	1699.9835995517788	1	0	1	1.8534636726441884
69200.0	3000.0	1499.983599551758	0.0	0	243.72229848451389	1699.9835995517788	1	0	1	1.8534636726441884
70200.0	3000.0	1499.9835995517512	0.0	0	256.41546534886584	1699.9835995517788	1	0	1	2.258928780752353
71200.0	3000.0	1499.9835995517521	0.0	0	202.48452986546909	1699.9835995517788	1	0	1	2.258928780752353
72463.69098106684	3000.0	1236.2926184849061	0.0	0	0.0	1699.9835995517788	1	0	1	2.258928780752353
73200.0	2000.0	1499.983599551738	0.0	0	148.64038011338562	1699.9835995517788	1	0	1	1.4479985645360238
74200.0	2000.0	1499.9835995517305	0.0	0	236.24319212410774	1699.9835995517788	1	0	1	1.8534636726441884
75200.0	2000.0	1499.9835995517358	0.0	0	614.5704523329623	1699.9835995517788	1	0	1	1.8534636726441884
76200.0	3000.0	1499.9835995517312	0.0	0	428.17756208986975	1699.9835995517788	1	0	1	1.8534636726441884
77200.0	3000.0	1499.9835995517114	0.0	0	380.89135905340663	1699.9835995517788	1	0	1	2.258928780752353
78814.87112374415	6000.0	885.1124758075641	0.0	0	0.0	1699.9835995517642	1	0	1	2.258928780752354
79200.0	2000.0	1499.9835995517021	0.0	0	27.82416615342663	1699.9835995517642	1	0	1	0.7548513839760793
80200.0	3000.0	1499.9835995516964	0.0	0	326.8205973474978	1699.9835995517496	1	0	1	1.8534636726441898
81200.0	3000.0	1499.9835995516883	0.0	0	67.05208978471637	1699.9835995517496	1	0	1	2.2589287807523544
83184.56603489109	6000.0	515.4175646605894	0.0	0	0.0	1699.9835995517642	1	0	1	2.258928780752354
83894.6651219269	2000.0	805.3184776247607	0.0	0	0.0	1699.9835995517642	1	0	1	0.7548513839760793
84686.40704350195	2000.0	1013.5765560497069	0.0	0	0.0	1699.9835995517788	1	0	1	1.8534636726441884
85441.22289101622	2000.0	1258.7607085354396	0.0	0	0.0	1699.9835995517642	1	0	1	1.8534636726441889
86200.0	2000.0	1499.9835995516537	0.0	0	77.2888291982963	1699.9835995517642	1	0	1	1.8534636726441889
87200.0	2000.0	1499.9835995516394	0.0	0	260.22761617250217	1699.9835995517642	1	0	1	1.8534636726441889
88200.0	2000.0	1499.9835995516557	0.0	0	372.1053634119744	1699.9835995517642	1	0	1	1.8534636726441889
89200.0	2000.0	1499.9835995516696	0.0	0	81.0810597143136	1699.9835995517642	1	0	1	1.8534636726441889
90200.0	2000.0	1499.983599551673	0.0	0	206.9554729641677	1699.9835995517642	1	0	1	1.8534636726441889
91200.0	2000.0	1499.9835995516796	0.0	0	489.50139656008105	1699.9835995517642	1	0	1	1.8534636726441889
92200.0	2000.0	1499.9835995516971	0.0	0	441.1947485860437	1699.9835995517642	1	0	1	1.8534636726441889
93200.0	2000.0	1499.9835995516864	0.0	0	339.1145053295186	1699.9835995517642	1	0	1	1.8534636726441889
94200.0	2000.0	1499.9835995516628	0.0	0	534.1712414931826	1699.9835995517642	1	0	1	1.8534636726441889
95200.0	3000.0	1499.983599551659	0.0	0	255.99239925942675	1699.9835995517642	1	0	1	1.853463672644189
96559.96179611221	6000.0	1140.0218034394454	0.0	0	0.0	1699.9835995517642	1	0	1	2.258928780752354
97324.6552983657	2000.0	1375.3283011859435	0.0	0	0.0	1699.9835995517642	1	0	1	0.7548513839760793
98200.0	2000.0	1499.9835995516385	0.0	0	335.55708949727705	1699.9835995517642	1	0	1	1.8534636726441889
99200.0	2000.0	1499.9835995516426	0.0	0	262.80228537041694	1699.9835995517642	1	0	1	1.8534636726441889
100200.0	2000.0	1499.983599551651	0.0	0	365.5743411835574	1699.9835995517788	1	0	1	1.8534636726441884
101200.0	2000.0	1499.9835995516464	0.0	0	340.14754636418365	1699.9835995517788	1	0	1	1.8534636726441884
102200.0	3000.0	1399.983599551669	0.0	0	156.64884758001426	1599.9835995517933	1	0	2	1.4569509151379885
103606.50532282384	3000.0	993.4782767278294	0.0	0	0.0	1599.9835995517933	1	0	1	2.0639626316743245
104200.0	2000.0	1399.98359955168	0.0	0	151.11479397724906	1599.9835995517933	1	0	1	1.4530324154579954
105200.0	2000.0	1399.9835995516855	0.0	0	162.0907823604939	1599.9835995517933	1	0	1	1.85849752356616
106200.0	2000.0	1399.983599551674	0.0	0	317.8528898980876	1599.9835995517933	1	0	1	1.85849752356616
107200.0	2000.0	1399.9835995516667	0.0	0	141.47184680012288	1599.9835995517933	1	0	1	1.85849752356616
108200.0	2000.0	1399.9835995516855	0.0	0	185.78905594757816	1599.9835995517933	1	0	1	1.85849752356616
109200.0	2000.0	1399.9835995516698	0.0	0	388.2386538777646	1599.9835995517788	1	0	1	1.8584975235661605
110200.0	2000.0	1399.9835995516794	0.0	0	542.0446058132075	1599.9835995517788	1	0	1	1.8584975235661605
111200.0	2000.0	1399.983599551668	0.0	0	351.6814895045536	1599.9835995517788	1	0	1	1.8584975235661605
112200.0	2000.0	1399.9835995516473	0.0	0	326.21086374807055	1599.9835995517788	1	0	1	1.8584975235661605
113200.0	2000.0	1399.9835995516435	0.0	0	502.213925354401	1599.9835995517788	1	0	1	1.8584975235661605
114200.0	2000.0	1399.983599551648	0.0	0	568.3885682496184	1599.9835995517788	1	0	1	1.8584975235661605
115200.0	2000.0	1399.9835995516407	0.0	0	570.7809797200898	1599.9835995517788	1	0	1	1.8584975235661605
116200.0	2000.0	1399.9835995516564	0.0	0	451.3210433103959	1599.9835995517788	1	0	1	1.8584975235661605
117200.0	3000.0	1399.9835995516569	0.0	0	46.67244634882081	1599.9835995517788	1	0	1	1.8584975235661607
118200.0	2000.0	1399.9835995516664	0.0	0	297.6944586630998	1599.9835995517788	1	0	1	1.4530324154579959
119200.0	2000.0	1399.9835995516514	0.0	0	397.8871004377288	1599.9835995517788	1	0	1	1.8584975235661605
120200.0	2000.0	1399.9835995516546	0.0	0	413.8703062149143	1599.9835995517788	1	0	1	1.8584975235661605
121200.0	2000.0	1399.9835995516587	0.0	0	281.2659671267611	1599.9835995517788	1	0	1	1.8584975235661605
122200.0	3000.0	1399.9835995516562	0.0	0	414.9604052542127	1599.9835995517642	1	0	1	1.8584975235661612
123200.0	2000.0	1399.9835995516519	0.0	0	440.9978510726942	1599.9835995517642	1	0	1	1.4530324154579963
124200.0	3000.0	1399.983599551634	0.0	0	129.87680336492485	1599.9835995517642	1	0	1	1.8584975235661612
125200.0	2000.0	1399.9835995516323	0.0	0	326.4954809084011	1599.9835995517496	1	0	1	1.4530324154579972
126200.0	2000.0	1399.9835995516207	0.0	0	475.55016872698616	1599.983599551735	1	0	1	1.8584975235661627
127200.0	2000.0	1399.98359955162	0.0	0	437.87971540520084	1599.983599551735	1	0	1	1.8584975235661627
128200.0	2000.0	1399.983599551619	0.0	0	483.4245135203673	1599.9835995517205	1	0	1	1.8584975235661632
129200.0	3000.0	1399.9835995516232	0.0	0	213.58427808441047	1599.983599551735	1	0	1	1.858497523566163
131132.50232086642	6000.0	467.4812786851943	0.0	0	0.0	1599.983599551735	1	0	1	2.263962631674328
131530.1824076744	2000.0	1069.801191877239	0.0	0	0.0	1599.9835995517642	1	0	1	0.759885234898052
132223.42020777654	2000.0	1376.563391775076	0.0	0	0.0	1599.9835995517205	1	0	1	1.8584975235661627
133200.0	2000.0	1399.9835995516385	0.0	0	490.00393931378494	1599.9835995517205	1	0	1	1.8584975235661632
134200.0	2000.0	1399.98359955165	0.0	0	350.02610782481497	1599.9835995517205	1	0	1	1.8584975235661632
135200.0	2000.0	1399.9835995516485	0.0	0	623.1595396423945	1599.9835995517205	1	0	1	1.8584975235661632
137414.28169952627	6000.0	200.0	14.298099974628204	0	0.0	1614.2816995263565	1	0	1	1.7725709173071578
138107.71539773417	2000.0	652.0740515314687	145.50774973936205	0	0.0	1759.7894492657215	1	0	1	-0.12144836440553364
138949.18470777594	2000.0	810.6047414896719	0.0	0	0.0	1759.7894492657215	1	0	1	1.8502104226987484
139688.742326394	2000.0	1071.0471228716035	0.0	0	0.0	1759.7894492656924	1	0	1	1.85021042269875
140200.0	2000.0	1559.7894492655935	0.0	0	29.478239286108874	1759.7894492656924	1	0	1	1.85021042269875
141200.0	2000.0	1559.7894492655716	0.0	0	233.13939686861704	1759.7894492656924	1	0	1	1.85021042269875
142200.0	2000.0	1559.789449265585	0.0	0	351.53751226409804	1759.7894492656924	1	0	1	1.85021042269875
143200.0	2000.0	1559.7894492655964	0.0	0	309.4235990384186	1759.7894492656924	1	0	1	1.85021042269875
144200.0	2000.0	1559.7894492655946	0.0	0	403.2746955775074	1759.7894492656924	1	0	1	1.85021042269875
146574.03049632898	6000.0	200.0	14.241047063348248	0	0.0	1774.0304963290691	1	0	1	1.764603550831847
147325.1598926244	2000.0	618.318332204128	169.4477284995085	0	0.0	1943.4782248285774	1	0	1	-0.2763466285391849
148082.05470178107	2000.0	861.4235230474325	0.0	0	0.0	1943.4782248285774	1	0	1	1.8389520311259755
148611.88355753146	2000.0	1331.5946672970429	0.0	0	0.0	1943.4782248285774	1	0	1	1.8389520311259755
149352.4980334209	2000.0	1590.980191407589	0.0	0	0.0	1943.4782248285774	1	0	1	1.8389520311259755
150395.8486720869	2000.0	1547.6295527415753	0.0	0	0.0	1943.4782248285774	1	0	1	1.8389520311259755
151200.0	2000.0	1743.4782248284694	0.0	0	120.48682374294731	1943.4782248286065	1	0	1	1.8389520311259735
152200.0	2000.0	1743.4782248284587	0.0	0	459.7518903448945	1943.4782248286065	1	0	1	1.8389520311259735
153200.0	2000.0	1743.47822482847	0.0	0	508.5882417173707	1943.4782248286065	1	0	1	1.8389520311259735
154200.0	3000.0	1643.4782248284712	0.0	0	9.129370172362542	1843.4782248285774	1	0	2	1.4436053401237119
155200.0	3000.0	1543.4782248284587	0.0	0	119.29865577779128	1743.4782248285774	1	0	2	2.054789560908873
156207.53345772857	3000.0	1535.9447670998738	0.0	0	0.0	1743.4782248285774	1	0	1	2.0565816530466647
157200.0	3000.0	1543.4782248284223	0.0	0	457.02430906696827	1743.4782248285774	1	0	1	2.256581653046665
158206.08810350366	3000.0	1537.390121324771	0.0	0	0.0	1743.4782248286065	1	0	1	2.2565816530466636
159200.0	2000.0	1543.4782248284293	0.0	0	239.8080349198135	1743.4782248286356	1	0	1	1.4456514368303324
160200.0	2000.0	1543.47822482843	0.0	0	517.9001071331732	1743.4782248286065	1	0	1	1.8511165449384985
161200.0	3000.0	1543.4782248284314	0.0	0	222.19556919159368	1743.4782248286065	1	0	1	1.8511165449384988
162200.0	2000.0	1543.4782248284632	0.0	0	471.72315660709864	1743.4782248286356	1	0	1	1.4456514368303324
163200.0	3000.0	1543.47822482848	0.0	0	330.5568306770583	1743.4782248286065	1	0	1	1.8511165449384988
164200.0	2000.0	1543.4782248284594	0.0	0	121.12589982530335	1743.4782248285774	1	0	1	1.4456514368303355
165200.0	2000.0	1543.4782248284698	0.0	0	355.27316914332914	1743.4782248285774	1	0	1	1.8511165449385
166200.0	2000.0	1543.4782248284878	0.0	0	547.7679113232007	1743.4782248285774	1	0	1	1.8511165449385
167200.0	2000.0	1543.478224828475	0.0	0	327.6939230050775	1743.4782248286065	1	0	1	1.8511165449384985
168200.0	3000.0	1543.478224828458	0.0	0	11.534325483371504	1743.4782248286065	1	0	1	1.8511165449384988
169200.0	2000.0	1543.478224828433	0.0	0	535.6151366973936	1743.4782248286065	1	0	1	1.445651436830334
170200.0	2000.0	1543.4782248284298	0.0	0	203.8127477184753	1743.4782248286356	1	0	1	1.851116544938497
171200.0	2000.0	1543.478224828418	0.0	0	255.81215226091444	1743.4782248286356	1	0	1	1.851116544938497
172200.0	2000.0	1543.478224828427	0.0	0	61.78319330266095	1743.4782248286647	1	0	1	1.8511165449384954
173200.0	2000.0	1543.4782248284203	0.0	0	382.3192278291681	1743.4782248286647	1	0	1	1.8511165449384954
174200.0	2000.0	1543.47822482841	0.0	0	604.8010200779245	1743.4782248286356	1	0	1	1.851116544938497
175200.0	2000.0	1543.478224828398	0.0	0	621.9205707393994	1743.4782248286356	1	0	1	1.851116544938497
176307.60458197762	3000.0	1435.873642850766	0.0	0	0.0	1743.4782248286356	1	0	1	1.8511165449384972
177200.0	2000.0	1543.47822482841	0.0	0	352.5819180760009	1743.4782248286065	1	0	1	1.445651436830334
178200.0	2000.0	1543.4782248283816	0.0	0	362.7594113300438	1743.4782248285774	1	0	1	1.8511165449385
179200.0	2000.0	1543.4782248283843	0.0	0	386.22045959933894	1743.4782248285774	1	0	1	1.8511165449385
180244.34185986058	3000.0	1499.1363649678365	0.0	0	0.0	1743.4782248285774	1	0	1	1.8511165449385003
181200.0	3000.0	1543.4782248283916	0.0	0	252.96218324417714	1743.4782248285774	1	0	1	2.256581653046665
182200.0	3000.0	1543.4782248283652	0.0	0	205.27676539684762	1743.4782248285483	1	0	1	2.2565816530466662
183260.99969744385	3000.0	1482.4785273845337	0.0	0	0.0	1743.4782248285483	1	0	1	2.2565816530466662
184200.0	2000.0	1543.4782248283789	0.0	0	304.0763649105793	1743.4782248285483	1	0	1	1.445651436830337
185200.0	2000.0	1543.4782248283416	0.0	0	551.5660110923345	1743.4782248285192	1	0	1	1.8511165449385034
186200.0	3000.0	1543.4782248283166	0.0	0	116.27209925971692	1743.4782248285192	1	0	1	1.8511165449385034
187200.0	2000.0	1543.478224828347	0.0	0	357.0133297034772	1743.4782248285192	1	0	1	1.4456514368303388
188200.0	2000.0	1543.4782248283366	0.0	0	484.70598477090243	1743.4782248285192	1	0	1	1.8511165449385034
189200.0	2000.0	1543.478224828345	0.0	0	391.98853008585866	1743.4782248285192	1	0	1	1.8511165449385034
190200.0	2000.0	1543.4782248283561	0.0	0	308.98123987793224	1743.47822482849	1	0	1	1.851116544938505
191200.0	2000.0	1543.4782248283807	0.0	0	432.59005080888164	1743.47822482849	1	0	1	1.851116544938505
192200.0	3000.0	1543.478224828378	0.0	0	93.09430274603073	1743.47822482849	1	0	1	1.8511165449385052
193200.0	3000.0	1543.4782248283689	0.0	0	196.84299874296994	1743.47822482849	1	0	1	2.25658165304667
194200.0	2000.0	1543.478224828361	0.0	0	348.61035296102636	1743.4782248285192	1	0	1	1.4456514368303388
195200.0	2000.0	1543.4782248283607	0.0	0	564.1915614102327	1743.4782248285192	1	0	1	1.8511165449385034
196273.23811826576	3000.0	1470.2401065626252	0.0	0	0.0	1743.4782248285192	1	0	1	1.8511165449385034
197200.0	2000.0	1543.4782248283823	0.0	0	106.37641544613871	1743.4782248285192	1	0	1	1.4456514368303388
198200.0	2000.0	1543.478224828381	0.0	0	420.50013022567146	1743.4782248285192	1	0	1	1.8511165449385034
199200.0	2000.0	1543.4782248283693	0.0	0	20.94983974902425	1743.47822482849	1	0	1	1.851116544938505
200200.0	2000.0	1543.4782248283668	0.0	0	191.06216748521547	1743.47822482849	1	0	1	1.851116544938505
201200.0	2000.0	1543.4782248283811	0.0	0	493.2949091178016	1743.47822482849	1	0	1	1.851116544938505
202200.0	3000.0	1543.4782248283893	0.0	0	244.90557715616887	1743.47822482849	1	0	1	1.8511165449385052
203200.0	2000.0	1543.4782248283566	0.0	0	504.59521516479435	1743.478224828461	1	0	1	1.4456514368303421
204200.0	2000.0	1543.4782248283896	0.0	0	57.90902650594944	1743.47822482849	1	0	1	1.851116544938505
205200.0	2000.0	1543.4782248283793	0.0	0	120.11442979556159	1743.47822482849	1	0	1	1.851116544938505
206200.0	2000.0	1543.4782248284027	0.0	0	273.01194966057665	1743.47822482849	1	0	1	1.851116544938505
207200.0	3000.0	1543.4782248284148	0.0	0	327.5438869422651	1743.47822482849	1	0	1	1.8511165449385052
208200.0	2000.0	1543.4782248283939	0.0	0	410.01882162177935	1743.478224828461	1	0	1	1.4456514368303421
209200.0	3000.0	1543.4782248284014	0.0	0	295.3243274013803	1743.478224828461	1	0	1	1.851116544938507
210200.0	3000.0	1543.478224828435	0.0	0	86.42486872774316	1743.478224828461	1	0	1	2.2565816530466716
211200.0	3000.0	1543.4782248284473	0.0	0	493.160786814522	1743.478224828461	1	0	1	2.2565816530466716
212754.7645822495	6000.0	988.7136425789101	0.0	0	0.0	1743.47822482849	1	0	1	2.25658165304667
213543.33462994915	2000.0	1200.1435948792353	0.0	0	0.0	1743.4782248284318	1	0	1	0.7525042562703974
214707.1923870669	2000.0	1036.285837761491	0.0	0	0.0	1743.4782248284318	1	0	1	1.851116544938508
215311.58262155924	2000.0	1431.8956032691658	0.0	0	0.0	1743.4782248284318	1	0	1	1.851116544938508
216200.0	2000.0	1543.4782248283868	0.0	0	342.2878387036617	1743.4782248284318	1	0	1	1.851116544938508
217200.0	2000.0	1543.4782248284034	0.0	0	513.3400653378922	1743.4782248284318	1	0	1	1.851116544938508
218200.0	3000.0	1543.478224828395	0.0	0	292.65989563564654	1743.4782248284318	1	0	1	1.8511165449385083
219200.0	3000.0	1543.4782248283832	0.0	0	30.251060874958057	1743.478224828461	1	0	1	2.2565816530466716
220200.0	3000.0	1543.4782248283932	0.0	0	184.87022166277166	1743.478224828461	1	0	1	2.2565816530466716
221436.60517452186	3000.0	1306.8730503065656	0.0	0	0.0	1743.478224828461	1	0	1	2.2565816530466716
222200.0	2000.0	1543.478224828456	0.0	0	237.08945356952609	1743.478224828461	1	0	1	1.4456514368303421
223200.0	3000.0	1543.4782248284662	0.0	0	71.97184616603772	1743.478224828461	1	0	1	1.851116544938507
224200.0	2000.0	1543.4782248284591	0.0	0	377.4869833511184	1743.47822482849	1	0	1	1.4456514368303404
225200.0	3000.0	1543.478224828476	0.0	0	38.68811712830211	1743.47822482849	1	0	1	1.8511165449385052
226200.0	3000.0	1543.4782248284912	0.0	0	229.03610796306748	1743.47822482849	1	0	1	2.25658165304667
227763.25090879106	6000.0	980.2273160374323	0.0	0	0.0	1743.47822482849	1	0	1	2.25658165304667
228200.0	2000.0	1543.4782248284748	0.0	0	143.5182135955838	1743.478224828461	1	0	1	0.7525042562703971
229200.0	3000.0	1543.4782248285017	0.0	0	440.14182005557814	1743.478224828461	1	0	1	1.851116544938507
230200.0	3000.0	1543.4782248285194	0.0	0	176.9716872582212	1743.478224828461	1	0	1	2.2565816530466716
231634.52813829164	6000.0	1108.9500865368757	0.0	0	0.0	1743.4782248284318	1	0	1	2.256581653046672
232200.0	2000.0	1543.4782248285444	0.0	0	70.43743252928834	1743.4782248284318	1	0	1	0.7525042562703985
233200.0	2000.0	1543.47822482856	0.0	0	544.7774800110201	1743.4782248284318	1	0	1	1.851116544938508
234216.72414868564	2000.0	1526.754076142945	0.0	0	0.0	1743.4782248284318	1	0	1	1.851116544938508
235200.0	2000.0	1543.4782248285944	0.0	0	383.2921938284999	1743.4782248284318	1	0	1	1.851116544938508
236200.0	2000.0	1543.478224828575	0.0	0	250.39548807605752	1743.4782248284318	1	0	1	1.851116544938508
237200.0	2000.0	1543.478224828572	0.0	0	230.47002254769905	1743.4782248284318	1	0	1	1.851116544938508
238634.41016580447	3000.0	1109.0680590241263	0.0	0	0.0	1743.478224828461	1	0	1	1.851116544938507
239361.4527412794	2000.0	1382.0254835491878	0.0	0	0.0	1743.478224828461	1	0	1	1.4456514368303421
240307.22894247528	2000.0	1436.2492823533187	0.0	0	0.0	1743.4782248284318	1	0	1	1.851116544938508
241200.0	2000.0	1543.4782248285871	0.0	0	136.13406894204672	1743.4782248284318	1	0	1	1.851116544938508
242200.0	2000.0	1543.4782248285678	0.0	0	402.8019401692727	1743.4782248284318	1	0	1	1.851116544938508
243200.0	2000.0	1543.4782248285628	0.0	0	576.4585363271472	1743.478224828461	1	0	1	1.8511165449385067
244200.0	3000.0	1543.4782248286174	0.0	0	474.3902073906793	1743.47822482849	1	0	1	1.8511165449385052
245200.0	3000.0	1543.4782248285876	0.0	0	402.8755009935994	1743.47822482849	1	0	1	2.25658165304667
246200.0	3000.0	1543.4782248285967	0.0	0	15.586204441526206	1743.4782248285192	1	0	1	2.256581653046668
247200.0	3000.0	1543.4782248286	0.0	0	55.443401256925426	1743.4782248285192	1	0	1	2.256581653046668
248381.51724199648	3000.0	1361.9609828321443	0.0	0	0.0	1743.47822482849	1	0	1	2.25658165304667
249200.0	2000.0	1543.4782248285946	0.0	0	286.87157502165064	1743.47822482849	1	0	1	1.4456514368303404
250200.0	2000.0	1543.478224828589	0.0	0	393.88587945129257	1743.47822482849	1	0	1	1.851116544938505
251200.0	3000.0	1543.4782248285985	0.0	0	208.52822087917593	1743.47822482849	1	0	1	1.8511165449385052
252639.91840290042	3000.0	1103.5598219281983	0.0	0	0.0	1743.4782248285483	1	0	1	2.256581653046667
253243.58734502693	2000.0	1499.8908798016962	0.0	0	0.0	1743.4782248285483	1	0	1	1.445651436830337
254200.0	2000.0	1543.4782248286567	0.0	0	247.23046919418266	1743.4782248285483	1	0	1	1.8511165449385016
255200.0	2000.0	1543.478224828635	0.0	0	318.42743391919066	1743.4782248285483	1	0	1	1.8511165449385016
256200.0	2000.0	1543.478224828624	0.0	0	295.01199157588417	1743.4782248285483	1	0	1	1.8511165449385016
257524.5360139828	2000.0	1218.9422108458239	0.0	0	0.0	1743.4782248285192	1	0	1	1.8511165449385034
258200.0	2000.0	1543.4782248286676	0.0	0	199.16256686340785	1743.4782248285483	1	0	1	1.8511165449385016
259200.0	2000.0	1543.4782248286713	0.0	0	406.99013794536586	1743.4782248285774	1	0	1	1.8511165449385
260200.0	2000.0	1543.4782248286763	0.0	0	204.90132828170317	1743.4782248285774	1	0	1	1.8511165449385
261200.0	2000.0	1543.4782248286722	0.0	0	441.42295350373024	1743.4782248286065	1	0	1	1.8511165449384985
262200.0	2000.0	1543.4782248286444	0.0	0	234.83989449602086	1743.4782248286065	1	0	1	1.8511165449384985
263200.0	3000.0	1543.4782248286806	0.0	0	356.45135664672125	1743.4782248286647	1	0	1	1.8511165449384979
264200.0	3000.0	1543.4782248286258	0.0	0	76.03452130360529	1743.4782248286647	1	0	1	2.25658165304666
265200.0	2000.0	1543.4782248285946	0.0	0	437.69811982352985	1743.4782248286647	1	0	1	1.4456514368303308
266215.57080392295	3000.0	1527.9074209056157	0.0	0	0.0	1743.478224828723	1	0	1	1.8511165449384923
267200.0	2000.0	1543.4782248286099	0.0	0	447.6047098800773	1743.478224828723	1	0	1	1.4456514368303277
268200.0	2000.0	1543.4782248285655	0.0	0	136.0565813604626	1743.478224828723	1	0	1	1.8511165449384923
269200.0	2000.0	1543.4782248285364	0.0	0	105.29382594575873	1743.478224828723	1	0	1	1.8511165449384923
270200.0	2000.0	1543.478224828549	0.0	0	282.40720217558555	1743.478224828723	1	0	1	1.8511165449384923
271200.0	2000.0	1543.4782248285671	0.0	0	487.9758841553121	1743.4782248286647	1	0	1	1.8511165449384954
272200.0	3000.0	1543.4782248285671	0.0	0	224.92441605916247	1743.4782248286647	1	0	1	1.8511165449384954
273200.0	2000.0	1543.4782248285617	0.0	0	381.37042151147034	1743.4782248286647	1	0	1	1.4456514368303308
274200.0	2000.0	1543.4782248285924	0.0	0	32.60941823513713	1743.478224828723	1	0	1	1.8511165449384923
275200.0	2000.0	1543.47822482866	0.0	0	389.85855930496473	1743.478224828723	1	0	1	1.8511165449384923
276200.0	2000.0	1543.478224828684	0.0	0	525.9567808625288	1743.478224828723	1	0	1	1.8511165449384923
277200.0	2000.0	1543.4782248287584	0.0	0	565.6865420090035	1743.478224828781	1	0	1	1.851116544938489
278200.0	3000.0	1543.478224828747	0.0	0	342.29788943903986	1743.478224828781	1	0	1	1.8511165449384892
279975.4213932896	6000.0	768.0568315391712	0.0	0	0.0	1743.478224828781	1	0	1	2.256581653046654
280442.5007937611	2000.0	1300.977431067591	0.0	0	0.0	1743.478224828781	1	0	1	0.7525042562703793
281200.0	2000.0	1543.4782248287402	0.0	0	46.323235751944594	1743.478224828781	1	0	1	1.851116544938489
282200.0	3000.0	1543.4782248288109	0.0	0	245.534662241349	1743.478224828781	1	0	1	1.8511165449384892
283200.0	2000.0	1543.4782248288202	0.0	0	271.71318633132614	1743.478224828723	1	0	1	1.4456514368303277
284200.0	3000.0	1543.4782248287756	0.0	0	212.31177016498987	1743.478224828781	1	0	1	1.8511165449384892
286511.131650168	6000.0	232.34657466076504	0.0	0	0.0	1743.478224828723	1	0	1	2.2565816530466543
287284.393228436	2000.0	640.9084899091822	181.82349351645308	0	0.0	1925.3017183451448	1	0	1	-0.3493958174146232
288004.99661828	2000.0	920.3051000651923	0.0	0	0.0	1925.3017183451448	1	0	1	1.8401574323522047
288477.1817667582	2000.0	1448.1199515870164	0.0	0	0.0	1925.3017183451448	1	0	1	1.8401574323522047
289200.0	2000.0	1725.301718345216	0.0	0	329.72668009623885	1925.3017183451448	1	0	1	1.8401574323522047
290238.9289873402	3000.0	1686.372731004997	0.0	0	0.0	1925.3017183451448	1	0	1	1.8401574323522047
291200.0	2000.0	1725.3017183451454	0.0	0	480.9146285885945	1925.3017183451448	1	0	1	1.4346923242440401
292200.0	2000.0	1725.3017183451552	0.0	0	141.73918596399017	1925.3017183451448	1	0	1	1.8401574323522047
293200.0	2000.0	1725.3017183451784	0.0	0	380.3264045845717	1925.3017183451448	1	0	1	1.8401574323522047
294214.7303375102	3000.0	1609.098347083977	0.0	0	0.0	1823.828684594133	1	0	2	1.4448817362928317
295200.0	2000.0	1623.8286845940966	0.0	0	315.1323710163706	1823.8286845940747	1	0	1	1.2410457024686732
296200.0	2000.0	1623.8286845940725	0.0	0	354.3798764453386	1823.8286845940747	1	0	1	1.846510810576838
297429.73155445076	3000.0	1271.123974698241	0.0	0	0.0	1700.855529149063	1	0	2	1.4517729440860647
298200.0	2000.0	1500.8555291490288	0.0	0	136.5132798468694	1700.855529149063	1	0	1	1.2479524809543006
299200.0	2000.0	1500.8555291489665	0.0	0	71.53086248558247	1700.8555291490047	1	0	1	1.853417589062469
300200.0	2000.0	1500.855529148969	0.0	0	186.11649696558015	1700.8555291490047	1	0	1	1.853417589062469
3.75	3.75	4.25	5.54	3.32	2.92	4.24	3.06	3.96	3.83	1.82	3.81	3.12	3.54	3.74	3.28	2.54	2.17	2.73	4.48	3.52	4.85	3.48	3.73	3.72	3.73	3.76	4.1	3.76	3.43	3.75	4.67	3.44	3.02	3.38	3.1	3.39	4.37	3.46	3.09	3.87	3.61	2.99	3.41	3.22	2.44	3.6	4.41	3.29	3.31	2.39	3.19	4.05	3.45	3.9	3.73	3.86	5.8	3.6	3.3	1.81	3.61	4.1	4.63	4.01	4.08	3.7	2.9	3.93	3.41	4.54	3.82	4.55	3.79	5.54	4.29	4.47	3.09	3.64	3.63	2.2	2.83	3.13	3.83	2.5	3.19	3.01	3.38	3.67	4.52	4.71	4.3	3.65	3.87	3.3	3.39	3.75	4.17	1.96	3.89	2.7	2.97	2.68	1.76	3.29	3.66	3.35	3.17	3.72	3.96	3.43	4.27	3.49	3.59	2.48	3.14	3.96	4.05	3.52	3.26	2.17	3.57	4.01	3.98	4.85	2.99	4.63	3.73	3.97	3.74	5.17	3.06	3.81	2.15	3.44	4.1	3.21	3.49	2.69	4.73	3.41	2.9	3.46	2.87	3.43	2.15	3.51	3.3	3.86	2.42	3.75	3.75	4.25	5.54	3.32	2.92	4.24	3.06	3.96	3.83	1.82	3.81	3.12	3.54	3.74	3.28	2.54	2.17	2.73	4.48	3.52	4.85	3.48	3.73	3.72	3.73	3.76	4.1	3.76	3.43	3.75	4.67	3.44	3.02	3.38	3.1	3.39	4.37	3.46	3.09	3.87	3.61	2.99	3.41	3.22	2.44	3.6	4.41	3.29	3.31	2.39	3.19	4.05	3.45	3.9	3.73	3.86	5.8	3.6	3.3	1.81	3.61	4.1	4.63	4.01	4.08	3.7	2.9	3.93	3.41	4.54	3.82	4.55	3.79	5.54	4.29	4.47	3.09	3.64	3.63	2.2	2.83	3.13	3.83	2.5	3.19	3.01	3.38	3.67	4.52	4.71	4.3	3.65	3.87	3.3	3.39	3.75	4.17	1.96	3.89	2.7	2.97	2.68	1.76	3.29	3.66	3.35	3.17	3.72	3.96	3.43	4.27	3.49	3.59	2.48	3.14	3.96	4.05	3.52	3.26	2.17	3.57	4.01	3.98	4.85	2.99	4.63	3.73	3.97	3.74	5.17	3.06	3.81	2.15	3.44	4.1	3.21	3.49	2.69	4.73	3.41	2.9	3.46	2.87	3.43	2.15	3.51	3.3	3.86	2.42
1.0	2.0	3.0	4.0	5.0	6.0	7.0	8.0	9.0	10.0	11.0	12.0	13.0	14.0	15.0	16.0	17.0	18.0	19.0	20.0	21.0	22.0	23.0	24.0	25.0	26.0	27.0	28.0	29.0	30.0	31.0	32.0	33.0	34.0	35.0	36.0	37.0	38.0	39.0	40.0	41.0	42.0	43.0	44.0	45.0	46.0	47.0	48.0	49.0	50.0	51.0	52.0	53.0	54.0	55.0	56.0	57.0	58.0	59.0	60.0	61.0	62.0	63.0	64.0	65.0	66.0	67.0	68.0	69.0	70.0	71.0	72.0	73.0	74.0	75.0	76.0	77.0	78.0	79.0	80.0	81.0	82.0	83.0	84.0	85.0	86.0	87.0	88.0	89.0	90.0	91.0	92.0	93.0	94.0	95.0	96.0	97.0	98.0	99.0	100.0	101.0	102.0	103.0	104.0	105.0	106.0	107.0	108.0	109.0	110.0	111.0	112.0	113.0	114.0	115.0	116.0	117.0	118.0	119.0	120.0	121.0	122.0	123.0	124.0	125.0	126.0	127.0	128.0	129.0	130.0	131.0	132.0	133.0	134.0	135.0	136.0	137.0	138.0	139.0	140.0	141.0	142.0	143.0	144.0	145.0	146.0	147.0	148.0	149.0	149.0	150.0	151.0	152.0	153.0	154.0	155.0	156.0	157.0	158.0	159.0	160.0	161.0	162.0	163.0	164.0	165.0	166.0	167.0	168.0	169.0	170.0	171.0	172.0	173.0	174.0	175.0	176.0	177.0	178.0	179.0	180.0	181.0	182.0	183.0	184.0	185.0	186.0	187.0	188.0	189.0	190.0	191.0	192.0	193.0	194.0	195.0	196.0	197.0	198.0	199.0	200.0	201.0	202.0	203.0	204.0	205.0	206.0	207.0	208.0	209.0	210.0	211.0	212.0	213.0	214.0	215.0	216.0	217.0	218.0	219.0	220.0	221.0	222.0	223.0	224.0	225.0	226.0	227.0	228.0	229.0	230.0	231.0	232.0	233.0	234.0	235.0	236.0	237.0	238.0	239.0	240.0	241.0	242.0	243.0	244.0	245.0	246.0	247.0	248.0	249.0	250.0	251.0	252.0	253.0	254.0	255.0	256.0	257.0	258.0	259.0	260.0	261.0	262.0	263.0	264.0	265.0	266.0	267.0	268.0	269.0	270.0	271.0	272.0	273.0	274.0	275.0	276.0	277.0	278.0	279.0	280.0	281.0	282.0	283.0	284.0	285.0	286.0	287.0	288.0	289.0	290.0	291.0	292.0	293.0	294.0	295.0	296.0	297.0	298.0	298.0
4389.077729083045
