3053.2521687143817	500.0	2000.0	151.64524719885992	0	0.0	3053.2521687143817	1	0	1	-1.0943355545451101
3521.28498548017	2000.0	2531.967183234213	0.0	0	0.0	3053.2521687143817	1	0	1	0.32115434279052235
4200.0	3000.0	2785.3806672624	0.0	0	96.64187877799486	2985.3806672623987	1	0	2	1.315939948121616
5408.6778512204255	6000.0	2576.702816041974	0.0	0	0.0	2985.380667262398	1	0	1	1.9253964927511844
6613.462570132992	6000.0	2371.918097129407	0.0	0	0.0	2985.3806672623978	1	0	1	2.8185436733111295
7420.178286757656	6000.0	2565.202380504743	0.0	0	0.0	2985.3806672623978	1	0	1	2.8185436733111295
8200.0	6000.0	2785.3806672623987	0.0	0	96.26368592455674	2985.3806672623978	1	0	1	2.8185436733111295
9324.54937793059	6000.0	2660.8312893318075	0.0	0	0.0	2985.3806672623978	1	0	1	2.8185436733111295
10553.259662202889	6000.0	2432.12100505951	0.0	0	0.0	2985.3806672623978	1	0	1	2.818543673311129
11474.665099884221	6000.0	2510.7155673781763	0.0	0	0.0	2985.3806672623978	1	0	1	2.8185436733111295
12884.545504351861	6000.0	2100.8351629105364	0.0	0	0.0	2985.380667262396	1	0	1	2.8185436733111304
13869.460731002586	6000.0	2115.919936259812	0.0	0	0.0	2985.380667262394	1	0	1	2.8185436733111304
15192.461219441911	6000.0	1792.9194478204859	0.0	0	0.0	2985.380667262394	1	0	1	2.8185436733111304
16375.654869936196	6000.0	1609.725797326203	0.0	0	0.0	2985.380667262394	1	0	1	2.8185436733111304
16838.21875322796	3000.0	2100.905525705257	0.0	0	0.0	2939.124278933212	1	0	2	1.038374293253172
17415.95468799712	3000.0	2465.3959974591808	0.0	0	0.0	2881.3506854562947	1	0	2	1.9407198069943958
18406.970583246308	6000.0	2474.3801022099956	0.0	0	0.0	2881.3506854562947	1	0	1	1.9430975446020264
19200.0	6000.0	2681.350685456306	0.0	0	13.108005864123697	2881.3506854562966	1	0	1	2.8362447251619716
20200.0	6000.0	2681.3506854563084	0.0	0	330.2075015649898	2881.3506854562947	1	0	1	2.8362447251619716
21200.0	6000.0	2681.3506854563097	0.0	0	317.28635996540834	2881.3506854562947	1	0	1	2.8362447251619716
22200.0	6000.0	2681.350685456307	0.0	0	239.78402456012554	2881.3506854562947	1	0	1	2.8362447251619716
23314.474169456968	6000.0	2566.87651599934	0.0	0	0.0	2881.3506854562947	1	0	1	2.8362447251619716
24349.27410254606	6000.0	2532.076582910246	0.0	0	0.0	2881.3506854562947	1	0	1	2.8362447251619716
25580.094886792715	6000.0	2301.255798663584	0.0	0	0.0	2881.3506854562947	1	0	1	2.8362447251619716
26409.1734737948	6000.0	2472.177211661498	0.0	0	0.0	2881.3506854562947	1	0	1	2.8362447251619716
27684.350563883694	6000.0	2197.000121572602	0.0	0	0.0	2881.3506854562947	1	0	1	2.8362447251619716
28378.31086266562	6000.0	2503.039822790674	0.0	0	0.0	2881.3506854562984	1	0	1	2.836244725161971
29200.0	6000.0	2681.350685456293	0.0	0	51.13723006985674	2881.3506854562984	1	0	1	2.836244725161971
30200.0	6000.0	2681.3506854562957	0.0	0	182.999325697092	2881.3506854562984	1	0	1	2.836244725161971
31200.0	6000.0	2681.3506854562975	0.0	0	133.43122084040078	2881.3506854562984	1	0	1	2.836244725161971
32200.0	6000.0	2681.350685456299	0.0	0	81.20847068227158	2881.3506854562984	1	0	1	2.836244725161971
33200.0	6000.0	2681.350685456309	0.0	0	244.90436913426674	2881.3506854563057	1	0	1	2.8362447251619702
34200.0	6000.0	2681.3506854563107	0.0	0	251.4365350880762	2881.350685456313	1	0	1	2.8362447251619693
35377.96285896168	6000.0	2503.387826494631	0.0	0	0.0	2881.3506854563093	1	0	1	2.836244725161969
36349.05413078294	6000.0	2532.2965546733703	0.0	0	0.0	2881.350685456302	1	0	1	2.8362447251619702
37597.681076804045	6000.0	2283.6696086522716	0.0	0	0.0	2881.350685456302	1	0	1	2.8362447251619702
38701.12337593616	6000.0	2180.2273095201595	0.0	0	0.0	2881.3506854562875	1	0	1	2.836244725161972
39800.63608189376	6000.0	2080.714603562548	0.0	0	0.0	2881.3506854562875	1	0	1	2.836244725161973
40461.855974421764	6000.0	2419.4947110345474	0.0	0	0.0	2881.3506854562875	1	0	1	2.836244725161973
41900.935725862946	6000.0	1980.4149595933643	0.0	0	0.0	2881.3506854562875	1	0	1	2.836244725161973
42446.91296229303	3000.0	2379.8399995202785	0.0	0	0.0	2826.752961813283	1	0	2	1.056396885885582
43579.63654435614	6000.0	2247.116417457171	0.0	0	0.0	2826.7529618132903	1	0	1	1.9517356276301983
44448.31920333794	6000.0	2378.433758475375	0.0	0	0.0	2826.7529618132976	1	0	1	2.8448828081901425
45425.632551642906	6000.0	2401.12041017041	0.0	0	0.0	2826.7529618132903	1	0	1	2.8448828081901434
46631.657220708046	6000.0	2195.0957411052705	0.0	0	0.0	2826.7529618132903	1	0	1	2.8448828081901434
47493.554865830534	6000.0	2333.1980959827847	0.0	0	0.0	2826.7529618132903	1	0	1	2.8448828081901434
48233.663759281204	6000.0	2593.0892025321273	0.0	0	0.0	2826.7529618132903	1	0	1	2.8448828081901434
49354.607164322064	6000.0	2472.145797491262	0.0	0	0.0	2826.7529618132903	1	0	1	2.8448828081901434
50428.397871885136	6000.0	2398.355089928191	0.0	0	0.0	2826.7529618132903	1	0	1	2.8448828081901434
51994.48456031247	6000.0	1832.2684015008547	0.0	0	0.0	2826.7529618132903	1	0	1	2.8448828081901434
52660.919580856054	3000.0	2099.1898789029087	0.0	0	0.0	2760.1094597589326	1	0	2	1.0661358414382804
53200.0	3000.0	2506.2014178445597	0.0	0	5.80024919812422	2706.2014178445243	1	0	2	1.967387349975903
54200.0	6000.0	2506.201417844559	0.0	0	181.71395483734523	2706.2014178445243	1	0	1	1.9693373928907159
55200.0	6000.0	2506.201417844554	0.0	0	111.90751931051636	2706.2014178445243	1	0	1	2.862484573450661
56200.0	6000.0	2506.2014178445493	0.0	0	216.4388714714878	2706.2014178445243	1	0	1	2.862484573450661
57444.879885632996	6000.0	2261.321532211562	0.0	0	0.0	2706.2014178445315	1	0	1	2.8624845734506597
59351.87630591103	6000.0	1354.3251119335273	0.0	0	0.0	2706.2014178445315	1	0	1	2.8624845734506597
60314.34766969593	3000.0	1295.6066117701262	0.0	0	0.0	2609.954281466038	1	0	2	1.0853728101394065
60932.69046971283	2000.0	1677.2638117532424	0.0	0	0.0	2609.954281466038	1	0	1	1.1711133170158088
61687.91055451044	3000.0	1846.5217184758712	0.0	0	0.0	2534.432272986276	1	0	2	1.3834703024622788
62501.934563361836	3000.0	1951.0953087393382	0.0	0	0.0	2453.0298721011422	1	0	2	1.9980216765696253
63200.0	3000.0	2183.2233284373588	0.0	0	81.01334674079408	2383.2233284373215	1	0	2	2.0058520607992616
64200.0	6000.0	2183.223328437364	0.0	0	71.48064939856704	2383.2233284373215	1	0	1	2.007811246386493
65200.0	6000.0	2183.2233284373638	0.0	0	244.97560429437726	2383.2233284373287	1	0	1	2.900958426946438
66389.20186779213	6000.0	1994.0214606452153	0.0	0	0.0	2383.223328437307	1	0	1	2.900958426946439
67200.0	6000.0	2183.2233284373333	0.0	0	161.65206446903176	2383.2233284372996	1	0	1	2.9009584269464406
68200.0	6000.0	2183.223328437328	0.0	0	329.3416786389862	2383.2233284372924	1	0	1	2.9009584269464406
69200.0	6000.0	2183.2233284373183	0.0	0	356.48747956099396	2383.2233284372924	1	0	1	2.900958426946441
70200.0	6000.0	2183.2233284373237	0.0	0	352.1687093796354	2383.2233284372924	1	0	1	2.900958426946441
71200.0	6000.0	2183.2233284373365	0.0	0	380.56329853432544	2383.2233284372924	1	0	1	2.900958426946441
72200.0	6000.0	2183.223328437338	0.0	0	104.92996879307611	2383.2233284372924	1	0	1	2.900958426946441
73403.12846240847	6000.0	1980.0948660288634	0.0	0	0.0	2383.223328437278	1	0	1	2.900958426946443
74369.6858694996	6000.0	2013.5374589377268	0.0	0	0.0	2383.223328437278	1	0	1	2.900958426946443
75325.89036830199	6000.0	2057.3329601353457	0.0	0	0.0	2383.223328437278	1	0	1	2.900958426946443
76272.33741083446	6000.0	2110.885917602881	0.0	0	0.0	2383.223328437278	1	0	1	2.900958426946443
77731.85804852819	6000.0	1651.3652799091492	0.0	0	0.0	2383.223328437278	1	0	1	2.900958426946443
78247.52762808139	3000.0	2084.128742400627	0.0	0	0.0	2331.6563704819564	1	0	2	1.1186158980417744
79200.0	6000.0	2131.6563704820296	0.0	0	196.95279698778177	2331.6563704819564	1	0	1	2.0129407714717584
80319.05526347249	6000.0	2012.6011070095399	0.0	0	0.0	2331.6563704819564	1	0	1	2.9060879520317036
81244.06075930635	6000.0	2087.5956111756936	0.0	0	0.0	2331.656370481971	1	0	1	2.906087952031702
82436.05459047307	6000.0	1895.601780008972	0.0	0	0.0	2331.656370481971	1	0	1	2.906087952031702
83200.0	3000.0	2055.2618295293287	0.0	0	59.9690599830501	2255.2618295292486	1	0	2	1.125174681463304
84200.0	6000.0	2055.261829529345	0.0	0	98.91880121440045	2255.2618295292486	1	0	1	2.0200924182297166
85200.0	6000.0	2055.2618295293355	0.0	0	88.57165334088495	2255.2618295292486	1	0	1	2.913239598789662
86496.37039728959	6000.0	1758.8914322397586	0.0	0	0.0	2255.261829529263	1	0	1	2.9132395987896604
87461.92836067206	6000.0	1793.3334688572947	0.0	0	0.0	2255.261829529263	1	0	1	2.9132395987896604
88200.0	6000.0	2055.261829529354	0.0	0	119.90840380218287	2255.261829529263	1	0	1	2.9132395987896604
89200.0	6000.0	2055.2618295293632	0.0	0	318.60639410054137	2255.261829529263	1	0	1	2.9132395987896604
90200.0	6000.0	2055.2618295293614	0.0	0	361.57461114710895	2255.2618295292486	1	0	1	2.913239598789662
91278.61521120889	6000.0	1976.6466183204673	0.0	0	0.0	2255.261829529263	1	0	1	2.9132395987896604
92201.07056172071	6000.0	2054.1912678086455	0.0	0	0.0	2255.2618295292777	1	0	1	2.913239598789659
93200.0	6000.0	2055.2618295293487	0.0	0	287.78750014108664	2255.2618295292777	1	0	1	2.913239598789659
94244.88304086852	6000.0	2010.3787886608425	0.0	0	0.0	2255.2618295292777	1	0	1	2.913239598789659
95200.0	6000.0	2055.261829529368	0.0	0	1.2981183513038559	2255.2618295292777	1	0	1	2.913239598789659
96200.0	6000.0	2055.2618295293687	0.0	0	136.81724498067342	2255.2618295292923	1	0	1	2.913239598789658
97273.74670882647	6000.0	1981.5151207028862	0.0	0	0.0	2255.2618295292777	1	0	1	2.913239598789659
98563.40981339687	6000.0	1691.8520161325027	0.0	0	0.0	2255.2618295292777	1	0	1	2.913239598789659
99414.37618563723	6000.0	1840.8856438921284	0.0	0	0.0	2255.2618295292777	1	0	1	2.913239598789659
100382.77253310877	6000.0	1872.4892964205953	0.0	0	0.0	2255.261829529263	1	0	1	2.9132395987896604
101581.39297168357	6000.0	1673.8688578457932	0.0	0	0.0	2255.261829529263	1	0	1	2.9132395987896604
102509.83742901501	6000.0	1745.4244005143437	0.0	0	0.0	2255.2618295292486	1	0	1	2.913239598789662
103659.6997699157	6000.0	1595.562059613654	0.0	0	0.0	2255.261829529234	1	0	1	2.913239598789663
104467.62021611059	6000.0	1787.6416134187778	0.0	0	0.0	2255.261829529234	1	0	1	2.913239598789663
105594.80474135914	6000.0	1660.4570881702307	0.0	0	0.0	2255.261829529234	1	0	1	2.913239598789663
106647.8159334375	6000.0	1607.4458960918691	0.0	0	0.0	2255.261829529234	1	0	1	2.913239598789663
107612.37463840902	6000.0	1642.887191120351	0.0	0	0.0	2255.261829529234	1	0	1	2.913239598789663
108313.07607071842	6000.0	1942.1857588109522	0.0	0	0.0	2255.261829529234	1	0	1	2.913239598789663
109200.0	6000.0	2055.2618295293787	0.0	0	66.2725368894753	2255.261829529234	1	0	1	2.913239598789663
110200.0	6000.0	2055.261829529384	0.0	0	28.181066189703415	2255.2618295292486	1	0	1	2.913239598789662
111200.0	6000.0	2055.261829529395	0.0	0	353.7933994767809	2255.2618295292486	1	0	1	2.913239598789662
112200.0	6000.0	2055.26182952942	0.0	0	302.85103946477466	2255.2618295292486	1	0	1	2.913239598789662
113200.0	6000.0	2055.261829529428	0.0	0	35.037032625303254	2255.2618295292486	1	0	1	2.913239598789662
114390.49932997976	6000.0	1864.7624995496576	0.0	0	0.0	2255.2618295292486	1	0	1	2.913239598789662
115468.7354539462	6000.0	1786.5263755832257	0.0	0	0.0	2255.2618295292486	1	0	1	2.913239598789662
116352.98816852536	6000.0	1902.2736610040595	0.0	0	0.0	2255.2618295292486	1	0	1	2.913239598789662
117200.0	6000.0	2055.2618295294255	0.0	0	98.47924193172366	2255.2618295292486	1	0	1	2.913239598789662
118200.0	6000.0	2055.2618295294196	0.0	0	273.43562771432335	2255.2618295292486	1	0	1	2.913239598789662
119200.0	6000.0	2055.261829529422	0.0	0	79.5665974917647	2255.2618295292486	1	0	1	2.913239598789662
120332.37703145453	6000.0	1922.884798074889	0.0	0	0.0	2255.2618295292486	1	0	1	2.913239598789662
121200.0	6000.0	2055.2618295294187	0.0	0	24.422934588379576	2255.2618295292486	1	0	1	2.913239598789662
122393.97760114947	6000.0	1861.284228379952	0.0	0	0.0	2255.2618295292486	1	0	1	2.913239598789662
123520.81646973999	6000.0	1734.4453597894383	0.0	0	0.0	2255.2618295292486	1	0	1	2.913239598789662
124409.7391547217	6000.0	1845.5226748077437	0.0	0	0.0	2255.2618295292486	1	0	1	2.913239598789662
125200.0	6000.0	2055.261829529452	0.0	0	2.2373458407528233	2255.2618295292486	1	0	1	2.913239598789662
126662.70276032193	6000.0	1592.5590692075245	0.0	0	0.0	2255.2618295292486	1	0	1	2.913239598789662
127773.63145669676	6000.0	1481.6303728326957	0.0	0	0.0	2255.2618295292486	1	0	1	2.913239598789662
129121.79677289423	6000.0	1133.465056635217	0.0	0	0.0	2255.2618295292486	1	0	1	2.913239598789662
129639.0688239265	2000.0	1616.1930056029494	0.0	0	0.0	2255.2618295292486	1	0	1	0.7160150214534428
130200.0	3000.0	1999.1687119220987	0.0	0	125.52349646372022	2199.168711921884	1	0	2	1.4177979089793589
131200.0	6000.0	1999.1687119221124	0.0	0	169.7591789913713	2199.1687119218986	1	0	1	2.025021640106681
132319.5937604662	6000.0	1879.574951455929	0.0	0	0.0	2199.168711921913	1	0	1	2.9181688206666254
133489.01558804925	6000.0	1710.1531238728862	0.0	0	0.0	2199.1687119219278	1	0	1	2.918168820666623
134354.49880227257	6000.0	1844.6699096495777	0.0	0	0.0	2199.1687119219278	1	0	1	2.918168820666623
135200.0	6000.0	1999.1687119221697	0.0	0	118.37421321420697	2199.1687119219278	1	0	1	2.918168820666623
136200.0	6000.0	1999.1687119221851	0.0	0	25.757877093856223	2199.168711921957	1	0	1	2.9181688206666205
137419.59513819384	6000.0	1779.5735737283574	0.0	0	0.0	2199.168711921957	1	0	1	2.9181688206666205
138570.75223962625	6000.0	1628.41647229592	0.0	0	0.0	2199.168711921957	1	0	1	2.9181688206666205
139357.0288412083	6000.0	1842.1398707138892	0.0	0	0.0	2199.168711921986	1	0	1	2.9181688206666183
140304.83630558092	6000.0	1894.3324063412751	0.0	0	0.0	2199.168711921986	1	0	1	2.9181688206666183
141200.0	6000.0	1999.1687119221624	0.0	0	59.76664317000541	2199.168711921986	1	0	1	2.9181688206666183
142461.8546574111	6000.0	1737.314054511059	0.0	0	0.0	2199.168711922015	1	0	1	2.9181688206666156
143200.0	3000.0	1925.3541776632899	0.0	0	20.99003284086939	2125.354177663161	1	0	2	1.136586047648827
144200.0	6000.0	1925.3541776632635	0.0	0	197.37046996343997	2125.354177663161	1	0	1	2.031117948068424
145200.0	6000.0	1925.3541776632735	0.0	0	293.50569206135697	2125.354177663161	1	0	1	2.924265128628369
146424.5122954811	6000.0	1700.841882182162	0.0	0	0.0	2125.354177663161	1	0	1	2.924265128628369
147423.85652858767	6000.0	1701.4976490756094	0.0	0	0.0	2125.354177663161	1	0	1	2.924265128628369
148432.77918950852	6000.0	1692.574988154769	0.0	0	0.0	2125.354177663161	1	0	1	2.924265128628369
149218.64369908252	6000.0	1906.7104785808003	0.0	0	0.0	2125.354177663161	1	0	1	2.924265128628369
150200.0	6000.0	1925.3541776632976	0.0	0	74.56115460779984	2125.354177663161	1	0	1	2.924265128628369
151200.0	6000.0	1925.3541776632756	0.0	0	356.8138009397662	2125.354177663161	1	0	1	2.924265128628369
152200.0	6000.0	1925.3541776632853	0.0	0	212.34250962673104	2125.354177663161	1	0	1	2.924265128628369
153466.44944166485	6000.0	1658.904735998463	0.0	0	0.0	2125.35417766319	1	0	1	2.924265128628367
154552.11330390407	6000.0	1573.2408737592086	0.0	0	0.0	2125.35417766319	1	0	1	2.9242651286283667
155983.24162223798	6000.0	1142.1125554252617	0.0	0	0.0	2125.354177663161	1	0	1	2.9242651286283676
156925.58387555665	6000.0	1199.7703021065854	0.0	0	0.0	2125.354177663161	1	0	1	2.924265128628369
158186.3187571816	6000.0	939.0354204816417	0.0	0	0.0	2125.354177663161	1	0	1	2.924265128628369
158584.51222800236	2000.0	1540.8419496608608	0.0	0	0.0	2125.354177663161	1	0	1	0.7270405512921494
159200.0	3000.0	1925.3541776632087	0.0	0	230.58133208449	2125.354177663132	1	0	1	1.8256528399602616
160216.54596072558	6000.0	1908.8082169376148	0.0	0	0.0	2125.3541776631027	1	0	1	2.2311179480684284
161200.0	6000.0	1925.3541776632042	0.0	0	203.79566481523216	2125.3541776631027	1	0	1	2.9242651286283734
162200.0	6000.0	1925.3541776631996	0.0	0	156.0248174353037	2125.3541776631027	1	0	1	2.9242651286283734
163236.03075498116	6000.0	1889.3234226820582	0.0	0	0.0	2125.354177663132	1	0	1	2.924265128628372
164528.9497992631	6000.0	1596.4043784001174	0.0	0	0.0	2125.354177663132	1	0	1	2.924265128628371
165508.7412841162	6000.0	1616.612893547012	0.0	0	0.0	2125.354177663132	1	0	1	2.924265128628371
166500.97223836966	6000.0	1624.3819392935611	0.0	0	0.0	2125.354177663132	1	0	1	2.924265128628371
167515.21719709324	6000.0	1610.1369805699717	0.0	0	0.0	2125.354177663132	1	0	1	2.924265128628371
168412.1859279158	6000.0	1713.1682497473887	0.0	0	0.0	2125.354177663132	1	0	1	2.924265128628371
169265.88582269114	6000.0	1859.4683549720658	0.0	0	0.0	2125.354177663132	1	0	1	2.9242651286283707
170319.2403200674	6000.0	1806.1138575958253	0.0	0	0.0	2125.354177663132	1	0	1	2.924265128628371
171255.81188827008	6000.0	1869.542289393163	0.0	0	0.0	2125.354177663161	1	0	1	2.924265128628369
172360.09556961563	6000.0	1765.2586080476203	0.0	0	0.0	2125.35417766319	1	0	1	2.9242651286283676
173528.2761044872	6000.0	1597.0780731760158	0.0	0	0.0	2125.35417766319	1	0	1	2.9242651286283667
174625.0220391094	6000.0	1500.3321385537943	0.0	0	0.0	2125.354177663161	1	0	1	2.924265128628369
175674.9114535387	6000.0	1450.4427241245	0.0	0	0.0	2125.354177663161	1	0	1	2.924265128628369
176555.30343299606	6000.0	1570.0507446671395	0.0	0	0.0	2125.35417766319	1	0	1	2.9242651286283667
177358.05857287807	6000.0	1767.2956047851258	0.0	0	0.0	2125.35417766319	1	0	1	2.9242651286283667
178200.0	6000.0	1925.3541776632087	0.0	0	43.40237414272269	2125.35417766319	1	0	1	2.9242651286283667
179541.23464768354	6000.0	1584.1195299796836	0.0	0	0.0	2125.35417766319	1	0	1	2.9242651286283667
180617.7818116178	6000.0	1507.5723660454266	0.0	0	0.0	2125.35417766319	1	0	1	2.9242651286283667
181356.43860817121	6000.0	1768.9155694920105	0.0	0	0.0	2125.35417766319	1	0	1	2.9242651286283667
182267.10240206623	6000.0	1858.2517755969825	0.0	0	0.0	2125.35417766319	1	0	1	2.9242651286283667
183200.0	6000.0	1925.3541776631876	0.0	0	98.59753037587507	2125.35417766319	1	0	1	2.9242651286283667
184200.0	6000.0	1925.3541776632162	0.0	0	293.1580207593215	2125.354177663219	1	0	1	2.924265128628366
185200.0	6000.0	1925.3541776632132	0.0	0	155.47564370391774	2125.354177663219	1	0	1	2.924265128628364
186200.0	6000.0	1925.3541776632499	0.0	0	93.55623699905118	2125.354177663219	1	0	1	2.924265128628364
187404.10972935436	6000.0	1721.2444483089153	0.0	0	0.0	2125.3541776632483	1	0	1	2.9242651286283614
188246.18652391955	6000.0	1879.1676537437193	0.0	0	0.0	2125.3541776632774	1	0	1	2.9242651286283596
189200.0	6000.0	1925.3541776632885	0.0	0	65.6145313786692	2125.3541776632774	1	0	1	2.9242651286283596
190554.36738270603	6000.0	1570.9867949572806	0.0	0	0.0	2125.3541776632774	1	0	1	2.9242651286283596
191379.83801704636	3000.0	1745.5161606169404	0.0	0	0.0	2125.3541776632774	1	0	1	1.5379707675084697
192690.70779036608	6000.0	1434.6463872972054	0.0	0	0.0	2125.3541776632483	1	0	1	2.231117948068417
193509.32335847057	6000.0	1616.0308191927277	0.0	0	0.0	2125.3541776632483	1	0	1	2.9242651286283614
194606.0566652066	6000.0	1519.29751245673	0.0	0	0.0	2125.3541776632483	1	0	1	2.9242651286283614
195420.89185047915	6000.0	1704.4623271841674	0.0	0	0.0	2125.3541776632774	1	0	1	2.9242651286283596
196253.35341052568	6000.0	1872.0007671376225	0.0	0	0.0	2125.3541776632774	1	0	1	2.9242651286283596
197200.0	6000.0	1925.3541776633156	0.0	0	166.25562754526618	2125.3541776632774	1	0	1	2.9242651286283596
198200.0	6000.0	1925.3541776632885	0.0	0	7.201039200619562	2125.3541776632774	1	0	1	2.9242651286283596
199273.82311223928	6000.0	1851.53106542401	0.0	0	0.0	2125.3541776633065	1	0	1	2.924265128628358
200512.28110972105	6000.0	1613.0730679422727	0.0	0	0.0	2125.3541776633356	1	0	1	2.924265128628355
201565.00663987698	6000.0	1560.3475377863329	0.0	0	0.0	2125.3541776633065	1	0	1	2.924265128628357
202204.6955986927	3000.0	1856.689683089027	0.0	0	0.0	2061.385281781695	1	0	2	1.1417642107054777
203200.0	6000.0	1861.385281781717	0.0	0	122.92247323566698	2061.385281781695	1	0	1	2.036063034707976
204200.0	6000.0	1861.3852817817267	0.0	0	200.2031535319984	2061.385281781695	1	0	1	2.929210215267921
205200.0	6000.0	1861.385281781696	0.0	0	106.59142597127357	2061.385281781695	1	0	1	2.929210215267921
206444.2286151799	6000.0	1617.1566666017675	0.0	0	0.0	2061.385281781666	1	0	1	2.9292102152679234
208142.4825237495	6000.0	918.9027580322013	0.0	0	0.0	2061.385281781666	1	0	1	2.9292102152679234
208666.30772505858	2000.0	1395.0775567231478	0.0	0	0.0	2061.385281781666	1	0	1	0.7319856379317039
209331.12970451874	2000.0	1730.2555772629994	0.0	0	0.0	2061.385281781666	1	0	1	1.8305979265998134
210200.0	2000.0	1861.3852817817299	0.0	0	208.45377522156923	2061.385281781695	1	0	1	1.8305979265998111
211200.0	3000.0	1761.3852817817494	0.0	0	401.58862734024297	1961.385281781695	1	0	2	1.4351108660581506
212332.08486492134	6000.0	1629.3004168604114	0.0	0	0.0	1961.385281781666	1	0	1	2.04320872985937
213200.0	6000.0	1761.3852817817638	0.0	0	263.53966738068266	1961.385281781666	1	0	1	2.9363559104193158
214342.64206170206	6000.0	1618.7432200796923	0.0	0	0.0	1961.385281781666	1	0	1	2.9363559104193158
215312.61955764782	6000.0	1648.7657241339202	0.0	0	0.0	1961.3852817816369	1	0	1	2.9363559104193175
216275.2946421465	6000.0	1686.0906396352384	0.0	0	0.0	1961.3852817816078	1	0	1	2.9363559104193198
217200.0	6000.0	1761.3852817817212	0.0	0	382.30671203660313	1961.3852817815787	1	0	1	2.936355910419322
218200.0	6000.0	1761.3852817817333	0.0	0	269.2987467823259	1961.3852817815496	1	0	1	2.9363559104193238
219200.0	6000.0	1761.385281781742	0.0	0	56.604561651853146	1961.3852817815787	1	0	1	2.936355910419322
220200.0	6000.0	1761.3852817817672	0.0	0	486.18170039364486	1961.3852817815787	1	0	1	2.936355910419322
221200.0	6000.0	1761.3852817817367	0.0	0	104.68295841338113	1961.3852817815787	1	0	1	2.936355910419322
222200.0	6000.0	1761.385281781736	0.0	0	57.87121492589358	1961.3852817815787	1	0	1	2.936355910419322
223200.0	6000.0	1761.385281781755	0.0	0	163.9503532256058	1961.3852817815787	1	0	1	2.936355910419322
224272.6736550645	6000.0	1688.7116267172782	0.0	0	0.0	1961.3852817815787	1	0	1	2.936355910419322
225666.25103878698	6000.0	1295.1342429947656	0.0	0	0.0	1961.3852817815496	1	0	1	2.9363559104193238
227045.83911788664	6000.0	915.5461638951381	0.0	0	0.0	1961.3852817815787	1	0	1	2.936355910419323
227600.73524539787	3000.0	1360.6500363839373	0.0	0	0.0	1961.3852817815787	1	0	1	1.550061549299432
228200.0	3000.0	1761.3852817818215	0.0	0	131.90432086613146	1961.3852817816078	1	0	1	2.243208729859375
229200.0	6000.0	1761.38528178185	0.0	0	227.24770181631902	1961.3852817816078	1	0	1	2.243208729859375
230200.0	6000.0	1761.3852817818647	0.0	0	7.16616250295192	1961.3852817816369	1	0	1	2.9363559104193175
231738.8842989174	6000.0	1222.5009828644825	0.0	0	0.0	1961.3852817816369	1	0	1	2.9363559104193175
232200.0	3000.0	1761.3852817818706	0.0	0	9.218887250375701	1961.3852817816369	1	0	1	1.550061549299428
233204.80008928932	6000.0	1756.5851924925878	0.0	0	0.0	1961.3852817816369	1	0	1	2.2432087298593726
234200.0	6000.0	1761.3852817818913	0.0	0	101.28733463349636	1961.3852817816078	1	0	1	2.936355910419319
235337.5627519581	6000.0	1623.822529823775	0.0	0	0.0	1961.3852817816078	1	0	1	2.9363559104193198
236435.54832561972	6000.0	1525.8369561621332	0.0	0	0.0	1961.3852817816369	1	0	1	2.9363559104193175
237200.0	6000.0	1761.3852817818229	0.0	0	36.551752259081695	1961.3852817816369	1	0	1	2.9363559104193175
238200.0	6000.0	1761.3852817818265	0.0	0	196.1685186997056	1961.3852817816369	1	0	1	2.9363559104193175
239200.0	6000.0	1761.3852817818163	0.0	0	21.293320258933818	1961.3852817816078	1	0	1	2.9363559104193198
240337.12322177817	6000.0	1624.2620600036419	0.0	0	0.0	1961.3852817816078	1	0	1	2.9363559104193198
241284.29555988536	6000.0	1677.0897218964567	0.0	0	0.0	1961.3852817816369	1	0	1	2.936355910419318
242319.56280886286	6000.0	1641.8224729189344	0.0	0	0.0	1961.3852817816078	1	0	1	2.9363559104193193
243440.59965845282	6000.0	1520.7856233289729	0.0	0	0.0	1961.3852817816078	1	0	1	2.9363559104193198
244421.80555352682	6000.0	1539.5797282549727	0.0	0	0.0	1961.3852817816078	1	0	1	2.9363559104193198
245200.0	6000.0	1761.3852817817894	0.0	0	110.41458724450786	1961.3852817816369	1	0	1	2.9363559104193184
246200.0	6000.0	1761.385281781806	0.0	0	251.5704244833032	1961.385281781666	1	0	1	2.9363559104193158
247311.67581968824	6000.0	1649.7094620935418	0.0	0	0.0	1961.385281781666	1	0	1	2.9363559104193158
248200.0	6000.0	1761.3852817817508	0.0	0	20.84367451700382	1961.3852817816369	1	0	1	2.9363559104193175
249200.0	6000.0	1761.3852817817192	0.0	0	27.70590037209331	1961.3852817816078	1	0	1	2.9363559104193198
250314.27241791275	6000.0	1647.112863868973	0.0	0	0.0	1961.3852817816078	1	0	1	2.9363559104193198
251200.0	6000.0	1761.3852817817562	0.0	0	211.88460572229815	1961.3852817815787	1	0	1	2.936355910419321
252200.0	6000.0	1761.3852817817733	0.0	0	282.53634142538067	1961.3852817815787	1	0	1	2.936355910419322
253415.88736811676	6000.0	1545.497913665018	0.0	0	0.0	1961.3852817816078	1	0	1	2.9363559104193198
254221.86453221776	6000.0	1739.5207495639697	0.0	0	0.0	1961.3852817815496	1	0	1	2.9363559104193233
255337.99452874134	6000.0	1623.3907530404067	0.0	0	0.0	1961.3852817815205	1	0	1	2.936355910419326
256290.5049526858	6000.0	1670.8803290959606	0.0	0	0.0	1961.3852817815205	1	0	1	2.936355910419326
257244.75897059526	6000.0	1716.6263111864691	0.0	0	0.0	1961.3852817815205	1	0	1	2.936355910419326
258250.40552871165	6000.0	1710.979753070078	0.0	0	0.0	1961.3852817814914	1	0	1	2.9363559104193278
259300.25889283812	6000.0	1661.126388943601	0.0	0	0.0	1961.3852817815205	1	0	1	2.9363559104193264
260361.28401044203	6000.0	1600.1012713396756	0.0	0	0.0	1961.3852817815205	1	0	1	2.936355910419326
261200.0	6000.0	1761.385281781672	0.0	0	249.4749377631524	1961.3852817815205	1	0	1	2.936355910419326
262200.0	6000.0	1761.3852817816658	0.0	0	186.89220996474614	1961.3852817815496	1	0	1	2.936355910419325
263498.8565091852	6000.0	1462.5287725964658	0.0	0	0.0	1961.3852817815787	1	0	1	2.936355910419322
264612.9700703377	6000.0	1348.4152114440071	0.0	0	0.0	1961.3852817815496	1	0	1	2.9363559104193238
265221.3453704949	6000.0	1740.0399112868538	0.0	0	0.0	1961.3852817815496	1	0	1	2.9363559104193238
266200.0	6000.0	1761.3852817817885	0.0	0	340.72691064490937	1961.3852817815496	1	0	1	2.9363559104193238
267200.0	6000.0	1761.3852817818085	0.0	0	442.80239922599867	1961.3852817815496	1	0	1	2.9363559104193238
268200.0	6000.0	1761.3852817818195	0.0	0	123.88706944650039	1961.3852817814914	1	0	1	2.9363559104193278
269335.58163715387	6000.0	1625.8036446279227	0.0	0	0.0	1961.385281781375	1	0	1	2.9363559104193353
270200.0	6000.0	1761.38528178168	0.0	0	18.114159624907188	1961.3852817813167	1	0	1	2.9363559104193397
271566.8676782375	6000.0	1394.5176035442134	0.0	0	0.0	1961.3852817813167	1	0	1	2.9363559104193397
272200.0	3000.0	1761.3852817817108	0.0	0	73.21728356287349	1961.385281781375	1	0	1	1.5500615492994458
273348.6715289391	6000.0	1612.713752842657	0.0	0	0.0	1961.385281781375	1	0	1	2.243208729859391
274803.61222507176	6000.0	1157.7730567099668	0.0	0	0.0	1961.385281781375	1	0	1	2.936355910419336
275518.1372117958	3000.0	1443.2480699860498	0.0	0	0.0	1961.385281781375	1	0	1	1.5500615492994458
276727.60713484307	6000.0	1233.7781469387908	0.0	0	0.0	1961.385281781375	1	0	1	2.243208729859391
277838.14064556273	6000.0	1123.24463621917	0.0	0	0.0	1961.3852817814332	1	0	1	2.9363559104193353
278200.0	2000.0	1761.3852817819002	0.0	0	6.542051922646351	1961.3852817814332	1	0	1	0.7391313330831125
279200.0	3000.0	1761.3852817818731	0.0	0	393.9837071535294	1961.3852817814914	1	0	1	1.8377436217512182
280208.1352973127	6000.0	1753.2499844691613	0.0	0	0.0	1961.3852817815496	1	0	1	2.243208729859379
281200.0	6000.0	1761.385281781878	0.0	0	16.640444450313225	1961.3852817815496	1	0	1	2.9363559104193238
282266.21879485727	6000.0	1695.166486924575	0.0	0	0.0	1961.3852817815496	1	0	1	2.9363559104193238
283419.7428314018	6000.0	1541.64245037999	0.0	0	0.0	1961.3852817815496	1	0	1	2.9363559104193238
284409.3556773002	6000.0	1552.0296044816466	0.0	0	0.0	1961.3852817816078	1	0	1	2.9363559104193198
285467.1258301135	6000.0	1494.2594516683937	0.0	0	0.0	1961.3852817816078	1	0	1	2.9363559104193198
287086.33329156396	6000.0	875.0519902179414	0.0	0	0.0	1961.3852817815496	1	0	1	2.9363559104193238
287520.24321064574	3000.0	1441.1420711361573	0.0	0	0.0	1961.3852817815496	1	0	1	1.5500615492994338
288200.0	3000.0	1761.3852817818633	0.0	0	202.30765460198745	1961.3852817814914	1	0	1	2.243208729859383
289200.0	6000.0	1761.3852817818226	0.0	0	31.51890400442062	1961.3852817814332	1	0	1	2.243208729859385
290207.7212225942	6000.0	1753.6640591875437	0.0	0	0.0	1961.385281781375	1	0	1	2.936355910419336
291560.99444927153	6000.0	1400.3908325101681	0.0	0	0.0	1961.385281781375	1	0	1	2.936355910419336
292200.0	3000.0	1761.3852817817144	0.0	0	31.197187318233773	1961.3852817814332	1	0	1	1.550061549299442
293200.0	6000.0	1761.3852817817115	0.0	0	123.8193904022337	1961.3852817814332	1	0	1	2.2432087298593864
294200.0	6000.0	1761.3852817817883	0.0	0	7.9388082844088785	1961.3852817814332	1	0	1	2.9363559104193317
295328.87615147425	6000.0	1632.5091303075615	0.0	0	0.0	1961.3852817814332	1	0	1	2.9363559104193317
296356.5257486977	6000.0	1604.859533084129	0.0	0	0.0	1961.3852817814332	1	0	1	2.9363559104193317
297601.6548167725	6000.0	1359.730465009285	0.0	0	0.0	1961.385281781375	1	0	1	2.936355910419336
298342.86508639075	6000.0	1618.5201953909916	0.0	0	0.0	1961.385281781375	1	0	1	2.936355910419336
299320.99199102004	6000.0	1640.3932907616372	0.0	0	0.0	1961.3852817813167	1	0	1	2.9363559104193397
300200.0	6000.0	1761.385281781626	0.0	0	36.871104949736036	1961.3852817812585	1	0	1	2.9363559104193437
5.78	5.71	6.2	5.2	8.03	4.76	5.81	6.73	5.93	5.41	7.54	4.64	6.28	5.09	5.78	6.29	7.91	7.23	6.06	6.8	4.93	6.71	6.23	6.17	5.39	7.41	5.79	5.91	7.63	6.54	7.32	6.26	6.49	6.52	4.45	6.52	6.01	7.3	3.75	5.13	6.5	9.36	6.32	6.14	6.74	6.95	5.87	5.0	5.07	4.07	5.33	7.4	6.87	7.01	4.82	2.88	4.85	3.5	4.63	5.34	8.21	6.42	5.58	7.22	7.84	12.9	8.19	9.83	9.22	5.49	6.63	7.91	6.01	4.66	3.85	6.59	5.85	6.04	4.55	4.19	7.0	5.51	5.87	5.97	7.01	10.0	8.17	8.12	5.6	6.87	6.67	5.35	7.71	6.78	4.3	6.79	8.55	5.79	6.35	8.03	6.3	6.2	5.42	8.6	8.48	6.97	6.01	6.95	7.75	8.26	6.07	5.64	7.6	9.06	12.5	5.98	6.65	5.82	6.49	5.2	6.26	6.58	4.99	5.73	6.65	4.65	4.59	5.73	7.1	6.07	7.1	6.92	8.54	5.44	4.31	5.99	6.35	5.61	6.12	4.43	6.94	7.16	6.65	5.58	7.41	5.19	6.89	7.27	8.43	5.27	5.78	5.71	6.2	5.2	8.03	4.76	5.81	6.73	5.93	5.41	7.54	4.64	6.28	5.09	5.78	6.29	7.91	7.23	6.06	6.8	4.93	6.71	6.23	6.17	5.39	7.41	5.79	5.91	7.63	6.54	7.32	6.26	6.49	6.52	4.45	6.52	6.01	7.3	3.75	5.13	6.5	9.36	6.32	6.14	6.74	6.95	5.87	5.0	5.07	4.07	5.33	7.4	6.87	7.01	4.82	2.88	4.85	3.5	4.63	5.34	8.21	6.42	5.58	7.22	7.84	12.9	8.19	9.83	9.22	5.49	6.63	7.91	6.01	4.66	3.85	6.59	5.85	6.04	4.55	4.19	7.0	5.51	5.87	5.97	7.01	10.0	8.17	8.12	5.6	6.87	6.67	5.35	7.71	6.78	4.3	6.79	8.55	5.79	6.35	8.03	6.3	6.2	5.42	8.6	8.48	6.97	6.01	6.95	7.75	8.26	6.07	5.64	7.6	9.06	12.5	5.98	6.65	5.82	6.49	5.2	6.26	6.58	4.99	5.73	6.65	4.65	4.59	5.73	7.1	6.07	7.1	6.92	8.54	5.44	4.31	5.99	6.35	5.61	6.12	4.43	6.94	7.16	6.65	5.58	7.41	5.19	6.89	7.27	8.43	5.27	5.78	5.71
1.0	2.0	3.0	4.0	5.0	6.0	7.0	8.0	9.0	10.0	11.0	12.0	13.0	14.0	15.0	16.0	17.0	18.0	19.0	20.0	21.0	22.0	23.0	24.0	25.0	26.0	27.0	28.0	29.0	30.0	31.0	32.0	33.0	34.0	35.0	36.0	37.0	38.0	39.0	40.0	41.0	42.0	43.0	44.0	45.0	46.0	47.0	48.0	49.0	50.0	51.0	52.0	53.0	54.0	55.0	56.0	57.0	58.0	59.0	60.0	61.0	62.0	63.0	64.0	65.0	66.0	67.0	68.0	69.0	70.0	71.0	72.0	73.0	74.0	75.0	76.0	77.0	78.0	79.0	80.0	81.0	82.0	83.0	84.0	85.0	86.0	87.0	88.0	89.0	90.0	91.0	92.0	93.0	94.0	95.0	96.0	97.0	98.0	99.0	100.0	101.0	102.0	103.0	104.0	105.0	106.0	107.0	108.0	109.0	110.0	111.0	112.0	113.0	114.0	115.0	116.0	117.0	118.0	119.0	120.0	121.0	122.0	123.0	124.0	125.0	126.0	127.0	128.0	129.0	130.0	131.0	132.0	133.0	134.0	135.0	136.0	137.0	138.0	139.0	140.0	141.0	142.0	143.0	144.0	145.0	146.0	147.0	148.0	149.0	149.0	150.0	151.0	152.0	153.0	154.0	155.0	156.0	157.0	158.0	159.0	160.0	161.0	162.0	163.0	164.0	165.0	166.0	167.0	168.0	169.0	170.0	171.0	172.0	173.0	174.0	175.0	176.0	177.0	178.0	179.0	180.0	181.0	182.0	183.0	184.0	185.0	186.0	187.0	188.0	189.0	190.0	191.0	192.0	193.0	194.0	195.0	196.0	197.0	198.0	199.0	200.0	201.0	202.0	203.0	204.0	205.0	206.0	207.0	208.0	209.0	210.0	211.0	212.0	213.0	214.0	215.0	216.0	217.0	218.0	219.0	220.0	221.0	222.0	223.0	224.0	225.0	226.0	227.0	228.0	229.0	230.0	231.0	232.0	233.0	234.0	235.0	236.0	237.0	238.0	239.0	240.0	241.0	242.0	243.0	244.0	245.0	246.0	247.0	248.0	249.0	250.0	251.0	252.0	253.0	254.0	255.0	256.0	257.0	258.0	259.0	260.0	261.0	262.0	263.0	264.0	265.0	266.0	267.0	268.0	269.0	270.0	271.0	272.0	273.0	274.0	275.0	276.0	277.0	278.0	279.0	280.0	281.0	282.0	283.0	284.0	285.0	286.0	287.0	288.0	289.0	290.0	291.0	292.0	293.0	294.0	295.0	296.0	297.0	298.0	298.0	299.0	300.0
2831.6700069031135
