4354.154999295027	300.0	2000.0	81.98865599177515	0	0.0	4354.154999295027	1	0	1	-1.1219812063060293
4657.626138339659	2000.0	2666.181747050906	0.0	0	0.0	4323.8078853905645	1	0	2	-1.0244634797554197
5125.2211574942985	3000.0	3151.827225980802	0.0	0	0.0	4277.0483834751	1	0	2	1.0952462110483057
5601.091229659587	3000.0	3628.3701465989843	0.0	0	0.0	4229.461376258572	1	0	2	1.5243185785542186
6632.577142977361	6000.0	3596.8842332812096	0.0	0	0.0	4229.461376258572	1	0	1	1.5305741511981452
7318.089630311431	6000.0	3911.3717459471386	0.0	0	0.0	4229.46137625857	1	0	1	2.423721331758091
8200.0	6000.0	4029.4613762585695	0.0	0	89.5940502448293	4229.46137625857	1	0	1	2.4237213317580912
9200.0	6000.0	4029.4613762585686	0.0	0	143.8475431576935	4229.461376258569	1	0	1	2.4237213317580917
10200.0	6000.0	4029.461376258566	0.0	0	154.43363712837163	4229.461376258566	1	0	1	2.4237213317580926
11200.0	6000.0	4029.461376258567	0.0	0	365.1955397635702	4229.461376258568	1	0	1	2.4237213317580926
12200.0	6000.0	4029.461376258567	0.0	0	343.8981916462999	4229.461376258568	1	0	1	2.423721331758092
13200.0	6000.0	4029.461376258566	0.0	0	426.37604138232564	4229.461376258569	1	0	1	2.4237213317580917
14200.0	6000.0	4029.4613762585664	0.0	0	20.80050196396587	4229.46137625857	1	0	1	2.4237213317580912
15255.946161548567	6000.0	3973.515214709998	0.0	0	0.0	4229.46137625857	1	0	1	2.4237213317580912
16200.0	6000.0	4029.461376258563	0.0	0	184.770468641731	4229.461376258569	1	0	1	2.4237213317580917
17200.0	6000.0	4029.461376258563	0.0	0	486.2854721163203	4229.461376258569	1	0	1	2.4237213317580926
18536.160051902367	6000.0	3693.301324356197	0.0	0	0.0	4229.461376258569	1	0	1	2.4237213317580926
19303.85882147961	6000.0	3925.6025547789527	0.0	0	0.0	4229.46137625857	1	0	1	2.423721331758091
20200.0	6000.0	4029.461376258565	0.0	0	259.2121957274576	4229.46137625857	1	0	1	2.423721331758091
21200.0	6000.0	4029.461376258565	0.0	0	398.76032813480924	4229.461376258569	1	0	1	2.4237213317580917
22200.0	6000.0	4029.461376258565	0.0	0	379.7868876078319	4229.461376258569	1	0	1	2.4237213317580917
23200.0	6000.0	4029.4613762585705	0.0	0	341.3817541518474	4229.461376258569	1	0	1	2.4237213317580917
24200.0	6000.0	4029.461376258565	0.0	0	584.2430626945643	4229.461376258569	1	0	1	2.4237213317580917
25200.0	6000.0	4029.461376258567	0.0	0	231.18457615297666	4229.461376258569	1	0	1	2.4237213317580917
26200.0	6000.0	4029.461376258567	0.0	0	444.1640629270951	4229.461376258569	1	0	1	2.4237213317580917
27200.0	6000.0	4029.461376258564	0.0	0	106.53422331464753	4229.461376258569	1	0	1	2.4237213317580917
28369.666783597495	6000.0	3859.794592661069	0.0	0	0.0	4229.461376258569	1	0	1	2.4237213317580917
29310.776681025374	6000.0	3918.6846952331916	0.0	0	0.0	4229.461376258569	1	0	1	2.4237213317580917
30266.172054359267	6000.0	3963.289321899302	0.0	0	0.0	4229.461376258569	1	0	1	2.4237213317580917
31200.0	6000.0	4029.4613762585695	0.0	0	271.8050348256984	4229.461376258569	1	0	1	2.4237213317580917
32200.0	6000.0	4029.4613762585695	0.0	0	147.981476502664	4229.461376258572	1	0	1	2.4237213317580903
33200.0	6000.0	4029.461376258573	0.0	0	542.5442391644901	4229.461376258572	1	0	1	2.4237213317580912
34200.0	6000.0	4029.4613762585777	0.0	0	441.9254852538579	4229.46137625858	1	0	1	2.423721331758087
35200.0	6000.0	4029.4613762585823	0.0	0	459.8337860685133	4229.461376258583	1	0	1	2.423721331758085
36200.0	6000.0	4029.4613762585905	0.0	0	487.0450404173098	4229.4613762585905	1	0	1	2.4237213317580832
37200.0	6000.0	4029.4613762585877	0.0	0	554.2107888337414	4229.461376258587	1	0	1	2.423721331758082
38200.0	6000.0	4029.4613762585814	0.0	0	294.03751648173056	4229.46137625858	1	0	1	2.423721331758087
39200.0	6000.0	4029.461376258585	0.0	0	123.29471585253486	4229.46137625858	1	0	1	2.423721331758087
40200.0	6000.0	4029.461376258595	0.0	0	356.4151341143297	4229.461376258587	1	0	1	2.423721331758083
41200.0	6000.0	4029.4613762585964	0.0	0	45.83889939214714	4229.461376258587	1	0	1	2.423721331758083
42200.0	6000.0	4029.461376258596	0.0	0	267.84533424692927	4229.46137625858	1	0	1	2.423721331758087
43200.0	6000.0	4029.4613762585996	0.0	0	117.51357408140757	4229.46137625858	1	0	1	2.423721331758087
44200.0	6000.0	4029.461376258596	0.0	0	90.29755374808883	4229.461376258572	1	0	1	2.4237213317580903
45361.53596697019	6000.0	3867.925409288408	0.0	0	0.0	4229.461376258572	1	0	1	2.4237213317580903
46200.0	6000.0	4029.461376258594	0.0	0	193.3353102604815	4229.46137625858	1	0	1	2.423721331758087
47287.531975022976	6000.0	3941.9294012356117	0.0	0	0.0	4229.46137625858	1	0	1	2.423721331758087
48200.0	6000.0	4029.4613762585896	0.0	0	73.03053021780943	4229.46137625858	1	0	1	2.423721331758087
49200.0	6000.0	4029.461376258585	0.0	0	462.00877173734625	4229.46137625858	1	0	1	2.423721331758087
50200.0	6000.0	4029.461376258583	0.0	0	421.5296527540413	4229.461376258587	1	0	1	2.423721331758083
51200.0	6000.0	4029.4613762585795	0.0	0	425.8000638360536	4229.461376258587	1	0	1	2.423721331758083
52200.0	6000.0	4029.4613762585814	0.0	0	261.81311366912996	4229.461376258587	1	0	1	2.423721331758083
53200.0	6000.0	4029.461376258575	0.0	0	273.3691643303973	4229.461376258587	1	0	1	2.423721331758083
54200.0	6000.0	4029.461376258565	0.0	0	218.49121013730473	4229.461376258587	1	0	1	2.423721331758083
55200.0	6000.0	4029.4613762585705	0.0	0	347.54581418024463	4229.461376258587	1	0	1	2.423721331758083
56200.0	6000.0	4029.4613762585695	0.0	0	35.51098541186366	4229.461376258587	1	0	1	2.423721331758083
57200.0	6000.0	4029.4613762585705	0.0	0	108.29296858526504	4229.461376258587	1	0	1	2.423721331758083
58200.0	6000.0	4029.461376258574	0.0	0	83.36670369702915	4229.461376258594	1	0	1	2.4237213317580792
59317.14154812517	6000.0	3912.3198281334144	0.0	0	0.0	4229.461376258594	1	0	1	2.4237213317580792
60323.310950817235	6000.0	3906.1504254413526	0.0	0	0.0	4229.461376258594	1	0	1	2.4237213317580792
61321.27304869092	6000.0	3908.1883275676637	0.0	0	0.0	4229.461376258587	1	0	1	2.423721331758083
62326.36992592026	6000.0	3903.0914503383274	0.0	0	0.0	4229.461376258587	1	0	1	2.423721331758083
63200.0	6000.0	4029.461376258595	0.0	0	126.96566207542492	4229.461376258587	1	0	1	2.423721331758083
64200.0	6000.0	4029.4613762585905	0.0	0	271.7288770971136	4229.461376258587	1	0	1	2.423721331758083
65200.0	6000.0	4029.461376258593	0.0	0	526.9944736443649	4229.461376258594	1	0	1	2.4237213317580792
66200.0	6000.0	4029.461376258587	0.0	0	300.7911199811206	4229.461376258587	1	0	1	2.4237213317580837
67200.0	6000.0	4029.4613762585795	0.0	0	194.07899617873773	4229.46137625858	1	0	1	2.423721331758085
68200.0	6000.0	4029.4613762585777	0.0	0	284.99057613807963	4229.461376258572	1	0	1	2.4237213317580903
69200.0	6000.0	4029.461376258583	0.0	0	206.99020347489568	4229.46137625858	1	0	1	2.423721331758091
70200.0	6000.0	4029.4613762585996	0.0	0	381.366466594307	4229.46137625858	1	0	1	2.423721331758086
71200.0	6000.0	4029.461376258603	0.0	0	524.1714860639477	4229.46137625858	1	0	1	2.423721331758087
72200.0	6000.0	4029.4613762585855	0.0	0	56.01321411486424	4229.461376258565	1	0	1	2.4237213317580935
73200.0	6000.0	4029.461376258585	0.0	0	459.64673017611494	4229.461376258565	1	0	1	2.4237213317580935
74200.0	6000.0	4029.4613762585795	0.0	0	157.711115378901	4229.461376258565	1	0	1	2.4237213317580935
75200.0	6000.0	4029.461376258585	0.0	0	231.32783035915054	4229.46137625855	1	0	1	2.423721331758101
76200.0	6000.0	4029.4613762585805	0.0	0	292.37676724616904	4229.46137625855	1	0	1	2.423721331758101
77552.4204553584	6000.0	3677.040920900181	0.0	0	0.0	4229.46137625855	1	0	1	2.423721331758101
78609.09663855363	6000.0	3620.3647377049565	0.0	0	0.0	4229.46137625855	1	0	1	2.423721331758101
79410.7802484393	6000.0	3818.681127819276	0.0	0	0.0	4229.46137625855	1	0	1	2.423721331758101
80200.0	6000.0	4029.4613762585977	0.0	0	305.4764768009336	4229.461376258565	1	0	1	2.4237213317580935
81206.2249214127	6000.0	4023.236454845888	0.0	0	0.0	4229.461376258565	1	0	1	2.4237213317580935
82264.10012699441	6000.0	3965.3612492641673	0.0	0	0.0	4229.461376258565	1	0	1	2.4237213317580935
83200.0	6000.0	4029.461376258574	0.0	0	277.65135975083103	4229.461376258565	1	0	1	2.4237213317580935
84200.0	6000.0	4029.461376258557	0.0	0	219.47726164542837	4229.461376258565	1	0	1	2.4237213317580935
85200.0	6000.0	4029.461376258563	0.0	0	535.1498464745673	4229.461376258565	1	0	1	2.4237213317580935
86200.0	6000.0	4029.461376258554	0.0	0	509.2390879254672	4229.46137625858	1	0	1	2.423721331758087
87703.66489274146	6000.0	3525.7964835170897	0.0	0	0.0	4229.46137625858	1	0	1	2.423721331758087
88572.16736361115	6000.0	3657.2940126473936	0.0	0	0.0	4229.46137625858	1	0	1	2.423721331758087
89467.54353239332	6000.0	3761.917843865222	0.0	0	0.0	4229.461376258565	1	0	1	2.4237213317580935
90277.39035598843	6000.0	3952.0710202701025	0.0	0	0.0	4229.461376258565	1	0	1	2.4237213317580935
91377.58215378405	6000.0	3851.87922247448	0.0	0	0.0	4229.46137625855	1	0	1	2.423721331758101
92200.0	3000.0	3947.2195916369483	0.0	0	320.07963208385627	4147.219591636967	1	0	2	0.6610626051233726
93200.0	6000.0	3947.2195916369424	0.0	0	451.61743772956834	4147.219591636967	1	0	1	1.5702884831957158
94243.18538525066	6000.0	3904.0342063862827	0.0	0	0.0	4147.219591636967	1	0	1	2.4634356637556607
95449.29882491691	6000.0	3697.9207667200353	0.0	0	0.0	4147.219591636967	1	0	1	2.4634356637556607
96200.0	6000.0	3947.219591636952	0.0	0	83.77103372433339	4147.219591636967	1	0	1	2.4634356637556607
97238.58540446844	6000.0	3908.6341871685177	0.0	0	0.0	4147.219591636982	1	0	1	2.463435663755654
98200.0	6000.0	3947.2195916369637	0.0	0	269.50247910236067	4147.219591636982	1	0	1	2.463435663755654
99200.0	6000.0	3947.219591636951	0.0	0	72.47093343584856	4147.219591636967	1	0	1	2.4634356637556607
100200.0	6000.0	3947.2195916369537	0.0	0	447.22468588879565	4147.219591636967	1	0	1	2.4634356637556607
101200.0	6000.0	3947.2195916369633	0.0	0	259.35682674180134	4147.219591636967	1	0	1	2.4634356637556607
102200.0	6000.0	3947.219591636961	0.0	0	307.13297815095575	4147.219591636967	1	0	1	2.4634356637556607
103279.64253023527	6000.0	3867.577061401694	0.0	0	0.0	4147.219591636967	1	0	1	2.4634356637556607
104200.0	6000.0	3947.2195916369633	0.0	0	112.55454528228438	4147.219591636967	1	0	1	2.4634356637556607
105322.03549409314	6000.0	3825.1840975438245	0.0	0	0.0	4147.219591636967	1	0	1	2.4634356637556607
106200.0	6000.0	3947.2195916369606	0.0	0	93.64563491196895	4147.219591636967	1	0	1	2.4634356637556607
107200.0	6000.0	3947.219591636962	0.0	0	243.22792557663342	4147.219591636953	1	0	1	2.463435663755668
108200.0	6000.0	3947.219591636942	0.0	0	462.9575530354341	4147.219591636938	1	0	1	2.4634356637556745
109200.0	6000.0	3947.2195916369483	0.0	0	192.74741043594258	4147.219591636938	1	0	1	2.4634356637556745
110200.0	6000.0	3947.2195916369474	0.0	0	345.168022266138	4147.219591636938	1	0	1	2.4634356637556745
111200.0	6000.0	3947.2195916369346	0.0	0	355.302989998323	4147.219591636938	1	0	1	2.4634356637556745
112200.0	6000.0	3947.2195916369246	0.0	0	107.04535883782955	4147.219591636938	1	0	1	2.4634356637556745
113233.40017100482	6000.0	3913.819420632108	0.0	0	0.0	4147.219591636938	1	0	1	2.4634356637556745
114200.0	6000.0	3947.219591636926	0.0	0	163.75248206486867	4147.219591636938	1	0	1	2.4634356637556745
115200.0	6000.0	3947.219591636915	0.0	0	358.8549264601461	4147.219591636938	1	0	1	2.4634356637556745
116200.0	6000.0	3947.219591636919	0.0	0	358.75326127995504	4147.219591636938	1	0	1	2.4634356637556745
117200.0	6000.0	3947.2195916369087	0.0	0	85.26237273402512	4147.219591636938	1	0	1	2.4634356637556745
118394.12911778266	6000.0	3753.0904738542476	0.0	0	0.0	4147.219591636938	1	0	1	2.4634356637556745
119413.85818317693	6000.0	3733.361408459976	0.0	0	0.0	4147.219591636938	1	0	1	2.4634356637556745
120200.0	6000.0	3947.219591636903	0.0	0	134.23206191475037	4147.219591636938	1	0	1	2.4634356637556745
121200.0	6000.0	3947.2195916369087	0.0	0	328.12726372337784	4147.219591636938	1	0	1	2.4634356637556745
122200.0	6000.0	3947.219591636903	0.0	0	438.60239124888903	4147.219591636938	1	0	1	2.4634356637556745
123200.0	6000.0	3947.219591636898	0.0	0	540.3632410861173	4147.219591636938	1	0	1	2.4634356637556745
124287.10181597628	6000.0	3860.117775660637	0.0	0	0.0	4147.219591636953	1	0	1	2.463435663755668
125271.94550286452	6000.0	3875.2740887723994	0.0	0	0.0	4147.219591636953	1	0	1	2.463435663755668
126200.0	6000.0	3947.2195916369305	0.0	0	181.2303403909027	4147.219591636938	1	0	1	2.4634356637556745
127200.0	6000.0	3947.2195916369296	0.0	0	378.6685793893557	4147.219591636924	1	0	1	2.463435663755681
128200.0	6000.0	3947.219591636947	0.0	0	377.3251817336568	4147.219591636924	1	0	1	2.463435663755681
129200.0	6000.0	3947.2195916369474	0.0	0	253.12361076363595	4147.219591636909	1	0	1	2.4634356637556882
130200.0	6000.0	3947.219591636939	0.0	0	539.044106689631	4147.219591636909	1	0	1	2.4634356637556882
131200.0	6000.0	3947.219591636938	0.0	0	127.85289687752083	4147.219591636895	1	0	1	2.4634356637556896
132200.0	6000.0	3947.2195916369733	0.0	0	395.9956607725471	4147.219591636924	1	0	1	2.4634356637556896
133200.0	6000.0	3947.219591636964	0.0	0	268.5993256046204	4147.219591636895	1	0	1	2.463435663755691
134200.0	6000.0	3947.2195916369596	0.0	0	308.30146462711855	4147.219591636895	1	0	1	2.4634356637557007
135200.0	6000.0	3947.2195916369665	0.0	0	513.6194863598794	4147.219591636909	1	0	1	2.4634356637556856
136386.407545659	6000.0	3760.812045977972	0.0	0	0.0	4147.219591636909	1	0	1	2.4634356637556882
137470.79991675637	6000.0	3676.419674880591	0.0	0	0.0	4147.219591636909	1	0	1	2.4634356637556882
138260.54018064874	6000.0	3886.67941098824	0.0	0	0.0	4147.219591636909	1	0	1	2.4634356637556882
139200.0	6000.0	3947.2195916369906	0.0	0	307.3061409127258	4147.219591636909	1	0	1	2.4634356637556882
140200.0	6000.0	3947.2195916369924	0.0	0	594.8770304929058	4147.219591636909	1	0	1	2.4634356637556882
141207.53381298078	6000.0	3939.685778656245	0.0	0	0.0	4147.219591636938	1	0	1	2.4634356637556745
142200.0	6000.0	3947.219591636989	0.0	0	114.62128773520817	4147.219591636909	1	0	1	2.4634356637556882
143200.0	6000.0	3947.2195916369697	0.0	0	498.6069921194867	4147.219591636909	1	0	1	2.4634356637556882
144200.0	6000.0	3947.219591636946	0.0	0	586.8230444254586	4147.219591636909	1	0	1	2.4634356637556882
145200.0	6000.0	3947.2195916369446	0.0	0	230.08532422824646	4147.21959163688	1	0	1	2.463435663755702
146200.0	6000.0	3947.219591636956	0.0	0	317.79365900633275	4147.219591636909	1	0	1	2.4634356637556882
147200.0	6000.0	3947.2195916369565	0.0	0	468.75911914461176	4147.219591636909	1	0	1	2.4634356637556882
148200.0	6000.0	3947.2195916369483	0.0	0	209.68372096857638	4147.219591636909	1	0	1	2.4634356637556882
149200.0	6000.0	3947.2195916369583	0.0	0	169.31843778348411	4147.219591636909	1	0	1	2.4634356637556882
150200.0	6000.0	3947.219591636934	0.0	0	159.71829081093892	4147.219591636909	1	0	1	2.4634356637556882
151200.0	6000.0	3947.2195916369315	0.0	0	380.77803123317426	4147.219591636909	1	0	1	2.4634356637556882
152200.0	6000.0	3947.2195916369124	0.0	0	264.558015393035	4147.219591636909	1	0	1	2.4634356637556882
153200.0	6000.0	3947.2195916369164	0.0	0	400.03854485420743	4147.219591636909	1	0	1	2.4634356637556882
154304.19048780878	6000.0	3843.0291038281093	0.0	0	0.0	4147.219591636909	1	0	1	2.4634356637556882
155200.0	6000.0	3947.2195916369183	0.0	0	284.4458956622984	4147.219591636909	1	0	1	2.4634356637556882
156200.0	6000.0	3947.2195916369387	0.0	0	280.71553127179504	4147.219591636938	1	0	1	2.4634356637556745
157200.0	6000.0	3947.2195916369706	0.0	0	557.5310629318992	4147.219591636938	1	0	1	2.4634356637556745
158200.0	6000.0	3947.2195916369524	0.0	0	293.8891700600507	4147.219591636938	1	0	1	2.4634356637556745
159200.0	6000.0	3947.2195916369487	0.0	0	111.81428504944779	4147.219591636909	1	0	1	2.4634356637556882
160200.0	6000.0	3947.2195916369537	0.0	0	332.6331379864423	4147.219591636909	1	0	1	2.4634356637556882
161200.0	6000.0	3947.2195916369724	0.0	0	121.03465478552971	4147.219591636938	1	0	1	2.4634356637556745
162200.0	6000.0	3947.219591636967	0.0	0	521.3852465583768	4147.219591636938	1	0	1	2.4634356637556745
163200.0	6000.0	3947.219591636962	0.0	0	315.1530521331879	4147.219591636938	1	0	1	2.4634356637556745
164380.69943406113	6000.0	3766.520157575792	0.0	0	0.0	4147.219591636938	1	0	1	2.4634356637556745
165209.67552032584	6000.0	3937.544071311081	0.0	0	0.0	4147.219591636967	1	0	1	2.463435663755672
166200.0	6000.0	3947.2195916369324	0.0	0	269.20429788692854	4147.219591636967	1	0	1	2.4634356637556607
167200.0	6000.0	3947.2195916369683	0.0	0	164.81388161479845	4147.2195916369965	1	0	1	2.4634356637556474
168200.0	6000.0	3947.2195916369687	0.0	0	177.999826156185	4147.219591637026	1	0	1	2.4634356637556336
169200.0	6000.0	3947.21959163697	0.0	0	533.2918244776374	4147.219591637026	1	0	1	2.4634356637556336
170200.0	6000.0	3947.219591636996	0.0	0	353.5153450688813	4147.219591637055	1	0	1	2.46343566375562
171200.0	6000.0	3947.21959163699	0.0	0	230.4039442341018	4147.219591637055	1	0	1	2.46343566375562
172200.0	6000.0	3947.219591637017	0.0	0	398.91603657076485	4147.219591637084	1	0	1	2.463435663755606
173200.0	6000.0	3947.2195916370147	0.0	0	604.1789410062775	4147.219591637084	1	0	1	2.463435663755606
174200.0	6000.0	3947.219591637029	0.0	0	486.66804644919466	4147.219591637113	1	0	1	2.4634356637555928
175200.0	6000.0	3947.219591637014	0.0	0	129.04565079137683	4147.219591637113	1	0	1	2.4634356637555928
176200.0	6000.0	3947.2195916370024	0.0	0	335.8038100815902	4147.219591637113	1	0	1	2.4634356637555928
177277.98963431292	6000.0	3869.2299573240844	0.0	0	0.0	4147.219591637113	1	0	1	2.4634356637555928
178276.1589405646	6000.0	3871.0606510723946	0.0	0	0.0	4147.219591637113	1	0	1	2.4634356637555928
179200.0	6000.0	3947.2195916369824	0.0	0	301.33341715531424	4147.219591637113	1	0	1	2.4634356637555928
180200.0	6000.0	3947.219591636978	0.0	0	431.61476466676686	4147.219591637113	1	0	1	2.4634356637555928
181200.0	6000.0	3947.2195916369915	0.0	0	330.25890827164403	4147.219591637113	1	0	1	2.4634356637555928
182200.0	6000.0	3947.219591637017	0.0	0	544.8223669622384	4147.219591637142	1	0	1	2.4634356637555794
183200.0	6000.0	3947.219591637013	0.0	0	395.18160195159726	4147.219591637142	1	0	1	2.4634356637555794
184200.0	6000.0	3947.219591636993	0.0	0	300.6060196853068	4147.219591637142	1	0	1	2.4634356637555794
185200.0	6000.0	3947.219591636999	0.0	0	465.84128696800326	4147.219591637113	1	0	1	2.4634356637555928
186200.0	6000.0	3947.219591636995	0.0	0	489.24606718632276	4147.219591637084	1	0	1	2.463435663755606
187200.0	6000.0	3947.2195916369737	0.0	0	27.067543811310316	4147.219591637084	1	0	1	2.463435663755606
188200.0	6000.0	3947.2195916369965	0.0	0	138.67289407615317	4147.219591637084	1	0	1	2.463435663755606
189200.0	6000.0	3947.2195916370088	0.0	0	203.26348597108154	4147.219591637084	1	0	1	2.463435663755606
190230.97968741562	6000.0	3916.2399042213833	0.0	0	0.0	4147.219591637084	1	0	1	2.463435663755606
191200.0	6000.0	3947.2195916369756	0.0	0	280.04599923911155	4147.219591637113	1	0	1	2.4634356637555928
192202.11749221917	6000.0	3945.1020994177816	0.0	0	0.0	4147.219591637084	1	0	1	2.4634356637555954
193200.0	6000.0	3947.2195916369487	0.0	0	170.68145342275966	4147.219591637084	1	0	1	2.463435663755606
194200.0	6000.0	3947.2195916369524	0.0	0	162.61584973573918	4147.219591637084	1	0	1	2.463435663755606
195200.0	6000.0	3947.2195916369583	0.0	0	153.71972512174398	4147.219591637084	1	0	1	2.463435663755606
196200.0	6000.0	3947.219591636938	0.0	0	79.6681203856424	4147.219591637084	1	0	1	2.463435663755606
197200.0	6000.0	3947.219591636951	0.0	0	335.3267407025851	4147.219591637084	1	0	1	2.463435663755606
198200.0	6000.0	3947.21959163694	0.0	0	188.40988250233931	4147.219591637084	1	0	1	2.463435663755606
199200.0	6000.0	3947.2195916369233	0.0	0	367.9906920592475	4147.219591637084	1	0	1	2.463435663755606
200200.0	6000.0	3947.219591636904	0.0	0	371.20510726972134	4147.219591637084	1	0	1	2.463435663755606
201200.0	6000.0	3947.219591636909	0.0	0	228.31881313273334	4147.219591637084	1	0	1	2.463435663755606
202200.0	6000.0	3947.219591636921	0.0	0	136.18882475429564	4147.219591637113	1	0	1	2.4634356637555928
203200.0	6000.0	3947.219591636894	0.0	0	411.4557676950935	4147.219591637113	1	0	1	2.4634356637555928
204200.0	6000.0	3947.2195916369246	0.0	0	172.9006939015526	4147.219591637142	1	0	1	2.4634356637555794
205200.0	6000.0	3947.219591636921	0.0	0	13.667369382281322	4147.219591637142	1	0	1	2.4634356637555794
206208.5392237601	6000.0	3938.6803678768256	0.0	0	0.0	4147.219591637113	1	0	1	2.463435663755582
207261.91743673524	6000.0	3885.3021549016935	0.0	0	0.0	4147.219591637142	1	0	1	2.46343566375559
208386.2000211728	6000.0	3761.019570464132	0.0	0	0.0	4147.219591637171	1	0	1	2.4634356637555657
209232.41091142638	6000.0	3914.8086802105586	0.0	0	0.0	4147.219591637171	1	0	1	2.4634356637555657
210436.25815216036	6000.0	3710.9614394765886	0.0	0	0.0	4147.219591637171	1	0	1	2.4634356637555657
211389.36678565122	6000.0	3757.852805985739	0.0	0	0.0	4147.219591637171	1	0	1	2.4634356637555657
212200.0	6000.0	3947.2195916369706	0.0	0	97.40471855655778	4147.219591637142	1	0	1	2.4634356637555794
213213.3444230258	6000.0	3933.875168611176	0.0	0	0.0	4147.219591637084	1	0	1	2.4634356637555954
214200.0	6000.0	3947.219591636961	0.0	0	260.4515325429966	4147.219591637084	1	0	1	2.463435663755606
215200.0	6000.0	3947.219591636965	0.0	0	379.22136206089635	4147.219591637084	1	0	1	2.463435663755606
216200.0	6000.0	3947.2195916369583	0.0	0	333.88848950789543	4147.219591637055	1	0	1	2.46343566375562
217200.0	6000.0	3947.219591636954	0.0	0	299.68184115659096	4147.219591637055	1	0	1	2.46343566375562
218200.0	6000.0	3947.219591636912	0.0	0	198.83583309719688	4147.219591637055	1	0	1	2.46343566375562
219200.0	6000.0	3947.2195916368914	0.0	0	137.33338820983772	4147.219591637055	1	0	1	2.46343566375562
220200.0	6000.0	3947.2195916368896	0.0	0	344.15263473129016	4147.219591637055	1	0	1	2.46343566375562
221200.0	6000.0	3947.219591636897	0.0	0	136.61675361933885	4147.219591637055	1	0	1	2.46343566375562
222200.0	6000.0	3947.219591636906	0.0	0	442.7683622743061	4147.219591637055	1	0	1	2.46343566375562
223200.0	6000.0	3947.219591636915	0.0	0	129.36606459287577	4147.219591637084	1	0	1	2.463435663755606
224200.0	6000.0	3947.219591636918	0.0	0	33.17164671435603	4147.219591637084	1	0	1	2.463435663755606
225200.0	6000.0	3947.2195916369146	0.0	0	428.1068761788774	4147.219591637084	1	0	1	2.463435663755606
226629.5597127327	6000.0	3517.6598789042146	0.0	0	0.0	4147.219591637084	1	0	1	2.463435663755606
227516.15642579106	6000.0	3631.063165845864	0.0	0	0.0	4147.219591637084	1	0	1	2.463435663755606
228319.97705449903	6000.0	3827.2425371379195	0.0	0	0.0	4147.219591637084	1	0	1	2.463435663755606
229200.0	6000.0	3947.219591636973	0.0	0	124.57890289032366	4147.219591637084	1	0	1	2.463435663755606
230200.0	6000.0	3947.2195916369624	0.0	0	204.6980558130599	4147.219591637084	1	0	1	2.463435663755606
231200.0	6000.0	3947.2195916369524	0.0	0	73.73652160295751	4147.219591637084	1	0	1	2.463435663755606
232200.0	6000.0	3947.219591636969	0.0	0	344.65621596269193	4147.219591637055	1	0	1	2.46343566375562
233200.0	6000.0	3947.219591636985	0.0	0	308.00133942830143	4147.219591637084	1	0	1	2.463435663755606
234200.0	6000.0	3947.2195916369956	0.0	0	417.2886394400266	4147.219591637084	1	0	1	2.463435663755606
235200.0	6000.0	3947.2195916369815	0.0	0	418.6822188460501	4147.219591637084	1	0	1	2.463435663755606
236586.7776537668	6000.0	3560.441937870193	0.0	0	0.0	4147.219591637084	1	0	1	2.463435663755606
237768.79697699702	6000.0	3378.4226146399906	0.0	0	0.0	4147.219591637084	1	0	1	2.463435663755606
238600.10132154214	6000.0	3547.1182700948834	0.0	0	0.0	4147.219591637084	1	0	1	2.463435663755606
239801.92836839295	6000.0	3345.291223244063	0.0	0	0.0	4147.219591637055	1	0	1	2.463435663755617
240575.31417792384	6000.0	3571.905413713163	0.0	0	0.0	4147.219591637026	1	0	1	2.4634356637556336
241200.0	3000.0	3884.751009429397	0.0	0	47.30341011585551	4084.7510094294266	1	0	2	0.697779293727226
242200.0	6000.0	3884.7510094294234	0.0	0	431.5067734341428	4084.7510094294266	1	0	1	1.5989063739023979
243444.10333607567	6000.0	3640.64767335373	0.0	0	0.0	4084.7510094294266	1	0	1	2.492053554462343
244550.9652813288	6000.0	3533.785728100614	0.0	0	0.0	4084.7510094294266	1	0	1	2.492053554462343
245200.0	6000.0	3884.751009429398	0.0	0	11.491629069874762	4084.7510094294266	1	0	1	2.492053554462343
246200.0	6000.0	3884.7510094294034	0.0	0	219.47911900858162	4084.7510094294266	1	0	1	2.492053554462343
247200.0	6000.0	3884.7510094294175	0.0	0	418.710553361394	4084.7510094294266	1	0	1	2.492053554462343
248327.06756985097	6000.0	3757.683439578464	0.0	0	0.0	4084.7510094294266	1	0	1	2.492053554462343
249200.0	6000.0	3884.7510094294366	0.0	0	121.14234322533594	4084.7510094294266	1	0	1	2.492053554462343
250200.0	6000.0	3884.7510094294053	0.0	0	369.5621846447466	4084.7510094294266	1	0	1	2.492053554462343
251200.0	6000.0	3884.7510094294244	0.0	0	261.46174637644435	4084.7510094294266	1	0	1	2.492053554462343
252200.0	6000.0	3884.7510094294403	0.0	0	224.7482397762651	4084.7510094294266	1	0	1	2.492053554462343
253200.0	6000.0	3884.7510094294457	0.0	0	338.05340149081894	4084.7510094294266	1	0	1	2.492053554462343
254376.17137745445	6000.0	3708.5796319749975	0.0	0	0.0	4084.7510094293975	1	0	1	2.4920535544623483
255243.34051020636	6000.0	3841.410499223084	0.0	0	0.0	4084.7510094293975	1	0	1	2.4920535544623563
256243.65788525608	6000.0	3841.093124173369	0.0	0	0.0	4084.7510094293684	1	0	1	2.492053554462369
257200.0	6000.0	3884.751009429444	0.0	0	130.90912909712642	4084.7510094293684	1	0	1	2.492053554462369
258200.0	6000.0	3884.75100942947	0.0	0	227.73837008708506	4084.7510094293684	1	0	1	2.492053554462369
259200.0	6000.0	3884.751009429481	0.0	0	31.186373751435895	4084.7510094293975	1	0	1	2.4920535544623563
260200.0	6000.0	3884.7510094294958	0.0	0	520.2564982760232	4084.7510094294266	1	0	1	2.492053554462343
261257.8857689082	6000.0	3826.8652405212865	0.0	0	0.0	4084.7510094293975	1	0	1	2.4920535544623563
262361.4534244635	6000.0	3723.2975849659247	0.0	0	0.0	4084.7510094293393	1	0	1	2.492053554462364
263200.0	6000.0	3884.751009429365	0.0	0	196.50589744589524	4084.751009429281	1	0	1	2.4920535544623847
264200.0	6000.0	3884.7510094293907	0.0	0	278.6033368133358	4084.75100942931	1	0	1	2.4920535544624083
265200.0	6000.0	3884.7510094294425	0.0	0	377.2256782021723	4084.7510094293684	1	0	1	2.49205355446238
266200.0	6000.0	3884.751009429398	0.0	0	152.77450346417027	4084.7510094293393	1	0	1	2.4920535544623768
267200.0	6000.0	3884.7510094293684	0.0	0	173.0451924034278	4084.7510094293393	1	0	1	2.492053554462382
268332.62236329436	6000.0	3752.128646135005	0.0	0	0.0	4084.7510094293393	1	0	1	2.492053554462382
269200.0	6000.0	3884.751009429384	0.0	0	22.69974614685634	4084.7510094293393	1	0	1	2.492053554462382
270200.0	6000.0	3884.751009429389	0.0	0	175.31536698160926	4084.7510094293393	1	0	1	2.492053554462382
271200.0	6000.0	3884.7510094293793	0.0	0	597.1329220532789	4084.751009429281	1	0	1	2.4920535544624083
272200.0	6000.0	3884.7510094293702	0.0	0	364.55434013251215	4084.751009429281	1	0	1	2.4920535544624083
273211.18261496077	6000.0	3873.5683944686184	0.0	0	0.0	4084.751009429281	1	0	1	2.4920535544624083
274200.0	6000.0	3884.7510094293325	0.0	0	265.5150681863306	4084.751009429281	1	0	1	2.4920535544624083
275200.0	6000.0	3884.7510094293816	0.0	0	220.31320012937067	4084.7510094293393	1	0	1	2.492053554462382
276200.0	6000.0	3884.7510094293916	0.0	0	205.94960629404522	4084.7510094293393	1	0	1	2.492053554462382
277200.0	6000.0	3884.7510094294225	0.0	0	460.72197719092946	4084.7510094293393	1	0	1	2.492053554462382
278200.0	6000.0	3884.7510094294503	0.0	0	263.11148248577956	4084.7510094293393	1	0	1	2.492053554462382
279200.0	6000.0	3884.7510094293957	0.0	0	397.43647320888704	4084.751009429281	1	0	1	2.4920535544624083
280200.0	6000.0	3884.751009429396	0.0	0	72.39603518915828	4084.751009429223	1	0	1	2.4920535544624345
281200.0	6000.0	3884.751009429401	0.0	0	107.19921289669583	4084.751009429281	1	0	1	2.4920535544624083
282200.0	6000.0	3884.7510094294194	0.0	0	374.4967416372965	4084.751009429281	1	0	1	2.4920535544624083
283200.0	6000.0	3884.751009429409	0.0	0	348.4696143633919	4084.751009429281	1	0	1	2.4920535544624083
284200.0	6000.0	3884.7510094294266	0.0	0	515.2747761009377	4084.7510094293393	1	0	1	2.492053554462382
285200.0	6000.0	3884.751009429408	0.0	0	156.10966229403857	4084.751009429281	1	0	1	2.4920535544624083
286250.9277318628	6000.0	3833.8232775666797	0.0	0	0.0	4084.7510094293393	1	0	1	2.492053554462382
287200.0	6000.0	3884.75100942956	0.0	0	299.2112511130399	4084.7510094293975	1	0	1	2.4920535544623563
288200.0	6000.0	3884.751009429564	0.0	0	118.30073586088838	4084.7510094293975	1	0	1	2.4920535544623563
289200.0	6000.0	3884.751009429529	0.0	0	514.5839315043413	4084.7510094293393	1	0	1	2.492053554462382
290200.0	6000.0	3884.751009429523	0.0	0	107.70335398631869	4084.7510094293393	1	0	1	2.492053554462382
291200.0	6000.0	3884.7510094295267	0.0	0	79.68949675466865	4084.7510094293975	1	0	1	2.4920535544623563
292200.0	6000.0	3884.751009429532	0.0	0	472.44440040388145	4084.7510094293975	1	0	1	2.4920535544623563
293200.0	6000.0	3884.75100942952	0.0	0	522.3327905336628	4084.7510094293975	1	0	1	2.4920535544623563
294200.0	6000.0	3884.7510094295144	0.0	0	551.0395633128937	4084.7510094293975	1	0	1	2.4920535544623563
295200.0	6000.0	3884.7510094295394	0.0	0	526.9830162068829	4084.7510094293975	1	0	1	2.4920535544623563
296200.0	6000.0	3884.7510094295326	0.0	0	383.82047994760796	4084.7510094293393	1	0	1	2.492053554462382
297208.36307625734	6000.0	3876.387933172161	0.0	0	0.0	4084.7510094293393	1	0	1	2.492053554462382
298200.0	6000.0	3884.751009429472	0.0	0	352.38663439365337	4084.751009429281	1	0	1	2.4920535544624083
299239.7671286436	6000.0	3844.983880785891	0.0	0	0.0	4084.7510094293393	1	0	1	2.492053554462403
300200.0	6000.0	3884.751009429488	0.0	0	68.8112976673292	4084.7510094293393	1	0	1	2.492053554462382
6.61	7.96	8.25	10.3	8.07	7.1	8.05	9.33	12.4	7.59	6.1	9.48	10.7	5.44	7.66	10.4	9.26	10.5	12.7	16.7	9.7	9.2	8.92	6.41	5.98	7.96	8.69	9.22	13.5	11.8	9.93	11.3	13.7	8.18	8.31	8.02	5.71	7.06	6.96	7.11	6.3	8.61	6.87	9.66	9.6	12.1	10.3	9.48	8.38	8.72	8.48	8.32	6.92	7.19	6.52	7.39	6.05	7.8	6.63	6.73	10.2	7.69	7.97	8.09	9.55	9.13	10.9	8.53	11.9	6.7	6.8	8.46	4.81	5.91	7.15	10.0	7.55	7.02	8.88	7.65	10.8	10.7	4.22	6.86	6.73	5.86	4.84	6.78	10.7	5.35	5.98	8.66	7.49	8.27	5.83	10.2	10.6	11.0	6.79	7.16	6.45	7.77	7.96	9.29	9.24	7.89	10.7	6.73	6.51	8.0	8.56	11.8	6.94	6.89	5.93	8.12	10.1	12.5	12.6	7.29	6.59	7.75	8.58	10.4	9.2	10.9	8.18	7.89	11.7	12.1	11.4	6.67	7.09	9.36	8.79	14.1	7.94	7.38	9.49	15.8	10.5	10.4	11.5	6.87	7.66	6.44	7.7	10.8	8.91	10.8	6.61	7.96	8.25	10.3	8.07	7.1	8.05	9.33	12.4	7.59	6.1	9.48	10.7	5.44	7.66	10.4	9.26	10.5	12.7	16.7	9.7	9.2	8.92	6.41	5.98	7.96	8.69	9.22	13.5	11.8	9.93	11.3	13.7	8.18	8.31	8.02	5.71	7.06	6.96	7.11	6.3	8.61	6.87	9.66	9.6	12.1	10.3	9.48	8.38	8.72	8.48	8.32	6.92	7.19	6.52	7.39	6.05	7.8	6.63	6.73	10.2	7.69	7.97	8.09	9.55	9.13	10.9	8.53	11.9	6.7	6.8	8.46	4.81	5.91	7.15	10.0	7.55	7.02	8.88	7.65	10.8	10.7	4.22	6.86	6.73	5.86	4.84	6.78	10.7	5.35	5.98	8.66	7.49	8.27	5.83	10.2	10.6	11.0	6.79	7.16	6.45	7.77	7.96	9.29	9.24	7.89	10.7	6.73	6.51	8.0	8.56	11.8	6.94	6.89	5.93	8.12	10.1	12.5	12.6	7.29	6.59	7.75	8.58	10.4	9.2	10.9	8.18	7.89	11.7	12.1	11.4	6.67	7.09	9.36	8.79	14.1	7.94	7.38	9.49	15.8	10.5	10.4	11.5	6.87	7.66	6.44	7.7	10.8	8.91	10.8	6.61	7.96
1.0	2.0	3.0	4.0	5.0	6.0	7.0	8.0	9.0	10.0	11.0	12.0	13.0	14.0	15.0	16.0	17.0	18.0	19.0	20.0	21.0	22.0	23.0	24.0	25.0	26.0	27.0	28.0	29.0	30.0	31.0	32.0	33.0	34.0	35.0	36.0	37.0	38.0	39.0	40.0	41.0	42.0	43.0	44.0	45.0	46.0	47.0	48.0	49.0	50.0	51.0	52.0	53.0	54.0	55.0	56.0	57.0	58.0	59.0	60.0	61.0	62.0	63.0	64.0	65.0	66.0	67.0	68.0	69.0	70.0	71.0	72.0	73.0	74.0	75.0	76.0	77.0	78.0	79.0	80.0	81.0	82.0	83.0	84.0	85.0	86.0	87.0	88.0	89.0	90.0	91.0	92.0	93.0	94.0	95.0	96.0	97.0	98.0	99.0	100.0	101.0	102.0	103.0	104.0	105.0	106.0	107.0	108.0	109.0	110.0	111.0	112.0	113.0	114.0	115.0	116.0	117.0	118.0	119.0	120.0	121.0	122.0	123.0	124.0	125.0	126.0	127.0	128.0	129.0	130.0	131.0	132.0	133.0	134.0	135.0	136.0	137.0	138.0	139.0	140.0	141.0	142.0	143.0	144.0	145.0	146.0	147.0	148.0	149.0	149.0	150.0	151.0	152.0	153.0	154.0	155.0	156.0	157.0	158.0	159.0	160.0	161.0	162.0	163.0	164.0	165.0	166.0	167.0	168.0	169.0	170.0	171.0	172.0	173.0	174.0	175.0	176.0	177.0	178.0	179.0	180.0	181.0	182.0	183.0	184.0	185.0	186.0	187.0	188.0	189.0	190.0	191.0	192.0	193.0	194.0	195.0	196.0	197.0	198.0	199.0	200.0	201.0	202.0	203.0	204.0	205.0	206.0	207.0	208.0	209.0	210.0	211.0	212.0	213.0	214.0	215.0	216.0	217.0	218.0	219.0	220.0	221.0	222.0	223.0	224.0	225.0	226.0	227.0	228.0	229.0	230.0	231.0	232.0	233.0	234.0	235.0	236.0	237.0	238.0	239.0	240.0	241.0	242.0	243.0	244.0	245.0	246.0	247.0	248.0	249.0	250.0	251.0	252.0	253.0	254.0	255.0	256.0	257.0	258.0	259.0	260.0	261.0	262.0	263.0	264.0	265.0	266.0	267.0	268.0	269.0	270.0	271.0	272.0	273.0	274.0	275.0	276.0	277.0	278.0	279.0	280.0	281.0	282.0	283.0	284.0	285.0	286.0	287.0	288.0	289.0	290.0	291.0	292.0	293.0	294.0	295.0	296.0	297.0	298.0	298.0	299.0	300.0
4179.540010106464
