2651.1106305167505	300.0	2000.0	137.2078519811572	0	0.0	2651.1106305167505	1	0	1	-0.9456544084968214
3200.0	2000.0	2451.1106305167505	0.0	0	84.33425896215522	2651.1106305167505	1	0	1	-0.12583571542327243
4200.0	3000.0	2351.1106305167505	0.0	0	28.02465044782366	2551.11063051675	1	0	2	1.380600752795586
5200.0	3000.0	2251.1106305167505	0.0	0	352.00898422890805	2451.1106305167496	1	0	2	1.9964451746110066
6200.0	3000.0	2151.1106305167505	0.0	0	56.021449512927575	2351.1106305167505	1	0	2	2.0080885800035966
7200.0	3000.0	2051.11063051675	0.0	0	235.11191874084489	2251.1106305167496	1	0	2	2.017252081147217
8200.0	3000.0	1951.1106305167484	0.0	0	334.33315689155916	2151.1106305167486	1	0	2	2.025932324142093
9558.767180452167	3000.0	1456.4667320193648	0.0	0	0.0	2015.2339124715327	1	0	2	2.036857885998496
10391.61138187523	2000.0	1540.3381104539947	0.0	0	0.0	1931.949492329224	1	0	2	1.2328375376178569
11200.0	2000.0	1731.9494923292239	0.0	0	371.8943711442844	1931.949492329226	1	0	1	1.6397190293127353
12200.0	2000.0	1731.949492329224	0.0	0	405.3136082599758	1931.949492329226	1	0	1	1.8397190293127355
13200.0	3000.0	1631.9494923292254	0.0	0	70.0327819219583	1831.949492329226	1	0	2	1.4440177625895476
14200.0	3000.0	1531.949492329224	0.0	0	78.67271637238446	1731.949492329224	1	0	2	2.055670371858219
15279.374435075006	3000.0	1452.5750572542202	0.0	0	0.0	1731.949492329224	1	0	1	2.057213487586486
16200.0	2000.0	1531.9494923292268	0.0	0	311.3368488647884	1731.949492329224	1	0	1	1.4462832713701563
17200.0	2000.0	1531.9494923292282	0.0	0	317.2694469827038	1731.949492329226	1	0	1	1.8517483794783207
18200.0	2000.0	1531.9494923292282	0.0	0	413.69573327761464	1731.9494923292295	1	0	1	1.8517483794783207
19200.0	3000.0	1531.9494923292293	0.0	0	149.34365484404407	1731.9494923292295	1	0	1	1.851748379478321
20200.0	3000.0	1531.9494923292314	0.0	0	370.8746832996803	1731.9494923292295	1	0	1	2.2572134875864855
21200.0	3000.0	1531.94949232923	0.0	0	156.4676542255329	1731.9494923292295	1	0	1	2.2572134875864855
23006.867083638666	6000.0	725.0824086905652	0.0	0	0.0	1731.9494923292295	1	0	1	2.2572134875864855
23526.228986167313	2000.0	1205.7205061619188	0.0	0	0.0	1731.9494923292295	1	0	1	0.7531360908102112
24200.0	2000.0	1531.9494923292307	0.0	0	45.12109419641274	1731.9494923292332	1	0	1	1.8517483794783205
25284.846271571616	3000.0	1447.1032207576172	0.0	0	0.0	1731.9494923292332	1	0	1	1.8517483794783205
26200.0	2000.0	1531.949492329234	0.0	0	246.7024830589762	1731.9494923292295	1	0	1	1.446283271370156
27200.0	2000.0	1531.9494923292314	0.0	0	247.9259735929445	1731.9494923292295	1	0	1	1.8517483794783207
28200.0	3000.0	1531.9494923292323	0.0	0	231.60682931631527	1731.9494923292295	1	0	1	1.851748379478321
29200.0	3000.0	1531.9494923292348	0.0	0	382.17974663740097	1731.9494923292295	1	0	1	2.2572134875864855
30200.0	3000.0	1531.949492329232	0.0	0	226.9859103490162	1731.9494923292295	1	0	1	2.2572134875864855
32108.25636316941	6000.0	623.6931291598225	0.0	0	0.0	1731.9494923292295	1	0	1	2.2572134875864855
32494.6307967197	2000.0	1237.318695609537	0.0	0	0.0	1731.9494923292295	1	0	1	0.7531360908102112
33200.0	2000.0	1531.949492329239	0.0	0	181.08462406149192	1731.9494923292332	1	0	1	1.8517483794783205
34200.0	2000.0	1531.949492329242	0.0	0	514.8161236370506	1731.9494923292368	1	0	1	1.8517483794783205
35200.0	3000.0	1531.9494923292466	0.0	0	125.66546360834764	1731.9494923292368	1	0	1	1.8517483794783205
36200.0	2000.0	1531.9494923292505	0.0	0	302.2054038544302	1731.9494923292368	1	0	1	1.4462832713701559
37200.0	2000.0	1531.9494923292498	0.0	0	401.34419302191236	1731.9494923292368	1	0	1	1.8517483794783205
38200.0	3000.0	1531.949492329249	0.0	0	177.54850001170416	1731.949492329244	1	0	1	1.85174837947832
39200.0	3000.0	1531.9494923292452	0.0	0	383.48699306859635	1731.9494923292368	1	0	1	2.257213487586485
40200.0	3000.0	1531.9494923292511	0.0	0	264.55404024273594	1731.9494923292368	1	0	1	2.257213487586485
41200.0	3000.0	1431.9494923292505	0.0	0	208.22266731711716	1631.9494923292368	1	0	2	1.8606276049902333
42312.66158735271	3000.0	1319.2879049765324	0.0	0	0.0	1631.9494923292295	1	0	1	2.062406544701444
43200.0	2000.0	1431.9494923292395	0.0	0	244.09589214064908	1631.9494923292295	1	0	1	1.451476328485115
44200.0	3000.0	1431.9494923292436	0.0	0	297.6601246608261	1631.9494923292295	1	0	1	1.8569414365932797
45200.0	3000.0	1431.9494923292464	0.0	0	267.58539288467	1631.9494923292295	1	0	1	2.2624065447014443
47190.78719263185	6000.0	441.1622996973997	0.0	0	0.0	1631.9494923292223	1	0	1	2.2624065447014443
47665.33232914566	2000.0	966.6171631835826	0.0	0	0.0	1631.9494923292223	1	0	1	0.7583291479251703
48220.67667049894	2000.0	1411.2728218303055	0.0	0	0.0	1631.9494923292223	1	0	1	1.85694143659328
49200.0	3000.0	1431.9494923292566	0.0	0	167.96729078094359	1631.9494923292295	1	0	1	1.8569414365932797
50200.0	3000.0	1431.9494923292514	0.0	0	266.58654475182266	1631.9494923292295	1	0	1	2.2624065447014443
51200.0	3000.0	1431.949492329244	0.0	0	44.34431743402092	1631.9494923292295	1	0	1	2.2624065447014443
52229.2285158402	3000.0	1402.7209764890442	0.0	0	0.0	1631.9494923292295	1	0	1	2.2624065447014443
53200.0	2000.0	1431.9494923292498	0.0	0	295.04505360214534	1631.9494923292295	1	0	1	1.451476328485115
54200.0	2000.0	1431.949492329249	0.0	0	205.2845796805559	1631.9494923292295	1	0	1	1.8569414365932797
55200.0	2000.0	1431.9494923292527	0.0	0	479.5319997276456	1631.9494923292295	1	0	1	1.8569414365932797
56200.0	3000.0	1431.9494923292602	0.0	0	51.682128500629915	1631.9494923292295	1	0	1	1.8569414365932797
57200.0	2000.0	1431.949492329253	0.0	0	196.39830261051247	1631.9494923292295	1	0	1	1.451476328485115
58200.0	2000.0	1431.949492329251	0.0	0	348.35314715281856	1631.9494923292295	1	0	1	1.8569414365932797
59200.0	2000.0	1431.9494923292434	0.0	0	414.50777388346614	1631.9494923292295	1	0	1	1.8569414365932797
60200.0	2000.0	1431.9494923292405	0.0	0	555.1507977510701	1631.9494923292295	1	0	1	1.8569414365932797
61200.0	2000.0	1431.9494923292439	0.0	0	489.7347823740056	1631.9494923292295	1	0	1	1.8569414365932797
62200.0	2000.0	1431.9494923292502	0.0	0	188.44214782510244	1631.9494923292295	1	0	1	1.8569414365932797
63200.0	2000.0	1431.949492329244	0.0	0	471.2317146327259	1631.9494923292295	1	0	1	1.8569414365932797
64200.0	2000.0	1431.9494923292405	0.0	0	349.93798077057727	1631.9494923292295	1	0	1	1.8569414365932797
65200.0	2000.0	1431.949492329236	0.0	0	314.7411064987173	1631.9494923292295	1	0	1	1.8569414365932797
66518.53064810352	3000.0	1113.418844225706	0.0	0	0.0	1631.9494923292295	1	0	1	1.8569414365932797
67231.51692832519	2000.0	1400.4325640040267	0.0	0	0.0	1631.9494923292223	1	0	1	1.451476328485115
68200.0	2000.0	1431.9494923292239	0.0	0	154.5725276723242	1631.9494923292223	1	0	1	1.85694143659328
69200.0	2000.0	1431.9494923292198	0.0	0	294.5733513660671	1631.9494923292223	1	0	1	1.85694143659328
70200.0	2000.0	1431.949492329213	0.0	0	451.4874356957298	1631.9494923292223	1	0	1	1.85694143659328
71200.0	2000.0	1431.9494923292025	0.0	0	412.4177447509719	1631.9494923292077	1	0	1	1.8569414365932806
72200.0	2000.0	1431.9494923291982	0.0	0	461.84220420886413	1631.9494923292077	1	0	1	1.8569414365932806
73200.0	2000.0	1431.9494923292027	0.0	0	541.8931993531587	1631.9494923292223	1	0	1	1.85694143659328
74200.0	3000.0	1431.9494923292134	0.0	0	251.93446510964714	1631.9494923292223	1	0	1	1.8569414365932801
75200.0	2000.0	1431.9494923292211	0.0	0	501.01160172661184	1631.9494923292368	1	0	1	1.4514763284851147
76200.0	2000.0	1431.9494923292254	0.0	0	305.1577221326588	1631.9494923292368	1	0	1	1.8569414365932793
77200.0	2000.0	1431.9494923292236	0.0	0	244.68269242803217	1631.9494923292514	1	0	1	1.8569414365932784
78200.0	2000.0	1431.949492329224	0.0	0	372.22925425946596	1631.9494923292514	1	0	1	1.8569414365932784
79200.0	2000.0	1431.9494923292295	0.0	0	526.6249667756347	1631.9494923292514	1	0	1	1.8569414365932784
80200.0	2000.0	1431.9494923292439	0.0	0	404.48630828123714	1631.9494923292514	1	0	1	1.8569414365932784
81200.0	3000.0	1431.9494923292445	0.0	0	94.365876394324	1631.9494923292514	1	0	1	1.8569414365932786
82200.0	3000.0	1431.9494923292468	0.0	0	208.1711131939228	1631.9494923292514	1	0	1	2.2624065447014434
83200.0	2000.0	1431.9494923292605	0.0	0	439.17529543617275	1631.9494923292514	1	0	1	1.4514763284851138
84200.0	3000.0	1431.9494923292648	0.0	0	65.7142913738353	1631.9494923292514	1	0	1	1.8569414365932786
85200.0	3000.0	1431.9494923292732	0.0	0	363.26938408361457	1631.9494923292514	1	0	1	2.2624065447014434
86283.58555340634	3000.0	1348.3639389229184	0.0	0	0.0	1631.9494923292514	1	0	1	2.2624065447014434
87200.0	2000.0	1431.949492329259	0.0	0	291.2045745202922	1631.9494923292514	1	0	1	1.4514763284851138
88200.0	2000.0	1431.9494923292593	0.0	0	505.6716575116152	1631.9494923292514	1	0	1	1.8569414365932784
89200.0	2000.0	1431.9494923292514	0.0	0	252.05730676837265	1631.9494923292514	1	0	1	1.8569414365932784
90200.0	2000.0	1431.9494923292496	0.0	0	568.1368305243086	1631.9494923292514	1	0	1	1.8569414365932784
91200.0	3000.0	1431.9494923292452	0.0	0	185.7410521778511	1631.9494923292514	1	0	1	1.8569414365932786
92200.0	3000.0	1431.949492329239	0.0	0	143.05096553418844	1631.9494923292514	1	0	1	2.2624065447014434
93200.0	3000.0	1431.949492329259	0.0	0	210.70838361803908	1631.9494923292514	1	0	1	2.2624065447014434
94466.09899687297	6000.0	1165.850495456281	0.0	0	0.0	1631.9494923292514	1	0	1	2.2624065447014434
95200.0	3000.0	1431.9494923292557	0.0	0	55.42831597881741	1631.9494923292514	1	0	1	1.5692593641414982
96443.53830307463	6000.0	1188.4111892546348	0.0	0	0.0	1631.9494923292514	1	0	1	2.2624065447014434
97216.04359083192	3000.0	1415.9059014973307	0.0	0	0.0	1631.949492329266	1	0	1	1.5692593641414976
98200.0	2000.0	1431.9494923292539	0.0	0	450.2960700038093	1631.949492329266	1	0	1	1.451476328485113
99200.0	2000.0	1431.949492329256	0.0	0	176.55680211030995	1631.949492329266	1	0	1	1.8569414365932777
100200.0	2000.0	1431.9494923292552	0.0	0	153.52096981200157	1631.949492329266	1	0	1	1.8569414365932777
101200.0	2000.0	1431.9494923292693	0.0	0	517.808322775265	1631.949492329266	1	0	1	1.8569414365932777
102200.0	2000.0	1431.9494923292734	0.0	0	476.1578620382934	1631.949492329266	1	0	1	1.8569414365932777
103200.0	2000.0	1431.9494923292646	0.0	0	513.367076148963	1631.949492329266	1	0	1	1.8569414365932777
104200.0	3000.0	1431.9494923292764	0.0	0	176.38534929895832	1631.9494923292514	1	0	1	1.8569414365932786
105211.5910550435	3000.0	1420.358437285788	0.0	0	0.0	1631.9494923292368	1	0	1	2.2624065447014443
106200.0	2000.0	1431.9494923292748	0.0	0	194.5622652858583	1631.9494923292368	1	0	1	1.4514763284851147
107200.0	3000.0	1431.949492329269	0.0	0	5.04310647843522	1631.9494923292368	1	0	1	1.8569414365932795
108200.0	3000.0	1431.9494923292846	0.0	0	65.66866981193016	1631.9494923292368	1	0	1	2.2624065447014443
109200.0	2000.0	1431.9494923292891	0.0	0	337.4735399756755	1631.9494923292368	1	0	1	1.4514763284851147
110200.0	2000.0	1431.9494923292677	0.0	0	481.00643084655167	1631.9494923292223	1	0	1	1.85694143659328
111200.0	2000.0	1431.949492329271	0.0	0	406.4786788376514	1631.9494923292223	1	0	1	1.85694143659328
112316.41938786177	3000.0	1315.530104467517	0.0	0	0.0	1631.9494923292368	1	0	1	1.8569414365932795
113200.0	2000.0	1431.9494923292857	0.0	0	150.5264738083788	1631.9494923292514	1	0	1	1.4514763284851138
114200.0	2000.0	1431.949492329276	0.0	0	491.81107279646676	1631.9494923292514	1	0	1	1.8569414365932784
115200.0	3000.0	1431.9494923292718	0.0	0	274.6242536743666	1631.9494923292368	1	0	1	1.8569414365932795
116264.072115771	3000.0	1367.877376558267	0.0	0	0.0	1631.9494923292223	1	0	1	2.2624065447014448
117200.0	2000.0	1431.949492329279	0.0	0	250.78988757915795	1631.9494923292368	1	0	1	1.4514763284851147
118200.0	2000.0	1431.949492329298	0.0	0	427.87019357885583	1631.9494923292368	1	0	1	1.8569414365932793
119239.91867846232	3000.0	1392.030813866991	0.0	0	0.0	1631.9494923292368	1	0	1	1.8569414365932795
120200.0	2000.0	1431.9494923293178	0.0	0	442.3827969789272	1631.9494923292514	1	0	1	1.4514763284851138
121200.0	3000.0	1431.9494923293287	0.0	0	219.76637262810254	1631.9494923292368	1	0	1	1.8569414365932795
123153.69640900234	6000.0	478.25308332698086	0.0	0	0.0	1631.9494923292368	1	0	1	2.262406544701444
123716.65359809704	2000.0	915.2958942322916	0.0	0	0.0	1631.9494923292368	1	0	1	0.7583291479251697
124200.0	2000.0	1431.9494923293385	0.0	0	14.489877698477358	1631.9494923292368	1	0	1	1.8569414365932793
125200.0	2000.0	1431.9494923293564	0.0	0	349.2011686692422	1631.9494923292368	1	0	1	1.8569414365932793
126200.0	2000.0	1431.9494923293669	0.0	0	437.2060572929913	1631.9494923292514	1	0	1	1.8569414365932784
127200.0	2000.0	1431.9494923293726	0.0	0	161.32928384179831	1631.9494923292514	1	0	1	1.8569414365932784
128340.16001987044	3000.0	1291.7894724589319	0.0	0	0.0	1631.9494923292514	1	0	1	1.8569414365932786
129200.0	2000.0	1431.9494923293696	0.0	0	375.5683961660834	1631.9494923292368	1	0	1	1.4514763284851147
130200.0	2000.0	1431.9494923293723	0.0	0	391.90328407679044	1631.9494923292368	1	0	1	1.8569414365932793
131200.0	2000.0	1431.9494923293776	0.0	0	513.2900241194438	1631.9494923292368	1	0	1	1.8569414365932793
132200.0	2000.0	1431.9494923293798	0.0	0	266.2499688179523	1631.9494923292223	1	0	1	1.8569414365932793
133200.0	2000.0	1431.949492329351	0.0	0	364.1530575605575	1631.9494923292077	1	0	1	1.8569414365932806
134200.0	3000.0	1431.9494923293546	0.0	0	108.12670481423265	1631.9494923292077	1	0	1	1.8569414365932808
135200.0	3000.0	1431.9494923293505	0.0	0	68.45821684753173	1631.9494923291786	1	0	1	2.262406544701447
136200.0	3000.0	1431.9494923293444	0.0	0	213.6267593089433	1631.9494923291786	1	0	1	2.262406544701447
137610.4767179219	6000.0	1021.4727744074484	0.0	0	0.0	1631.9494923291786	1	0	1	2.262406544701447
138284.34092932747	3000.0	1347.6085630018463	0.0	0	0.0	1631.9494923291786	1	0	1	1.569259364141502
139200.0	3000.0	1431.9494923293246	0.0	0	183.74605604511453	1631.9494923291786	1	0	1	2.262406544701447
140200.0	3000.0	1431.9494923293043	0.0	0	229.96266471379204	1631.9494923291786	1	0	1	2.262406544701447
141200.0	2000.0	1431.9494923293103	0.0	0	364.9994965134538	1631.9494923291786	1	0	1	1.4514763284851175
142200.0	3000.0	1431.9494923293316	0.0	0	350.4868489469809	1631.9494923291786	1	0	1	1.8569414365932824
143200.0	3000.0	1431.9494923293573	0.0	0	191.07649101753486	1631.9494923291786	1	0	1	2.262406544701447
144878.02983321907	6000.0	753.9196591102593	0.0	0	0.0	1631.9494923291786	1	0	1	2.262406544701447
145752.51300876774	2000.0	879.4364835615781	0.0	0	0.0	1631.9494923291786	1	0	1	0.7583291479251725
146343.7098227761	2000.0	1288.239669553216	0.0	0	0.0	1631.9494923291786	1	0	1	1.8569414365932821
147200.0	2000.0	1431.9494923292934	0.0	0	400.5301355008269	1631.9494923291786	1	0	1	1.8569414365932821
148200.0	2000.0	1431.9494923293041	0.0	0	149.0846854665142	1631.9494923292077	1	0	1	1.8569414365932806
149200.0	2000.0	1431.9494923293307	0.0	0	113.01378927283804	1631.9494923292077	1	0	1	1.8569414365932806
150200.0	2000.0	1431.9494923293491	0.0	0	212.69768947409466	1631.9494923292077	1	0	1	1.8569414365932806
151200.0	2000.0	1431.9494923293819	0.0	0	475.3511987165548	1631.9494923292077	1	0	1	1.8569414365932806
152200.0	2000.0	1431.9494923293678	0.0	0	351.058826117689	1631.9494923292077	1	0	1	1.8569414365932806
153200.0	2000.0	1431.949492329375	0.0	0	470.33698005307815	1631.9494923292077	1	0	1	1.8569414365932806
154200.0	3000.0	1431.949492329406	0.0	0	83.44281422093627	1631.9494923292077	1	0	1	1.8569414365932808
155200.0	3000.0	1431.9494923294133	0.0	0	314.49350965651684	1631.9494923292077	1	0	1	2.2624065447014456
156200.0	2000.0	1431.949492329438	0.0	0	379.2505317364412	1631.9494923292077	1	0	1	1.451476328485116
157200.0	2000.0	1431.9494923294378	0.0	0	509.93448415223975	1631.9494923292077	1	0	1	1.8569414365932806
158200.0	2000.0	1431.9494923294194	0.0	0	405.614357210201	1631.9494923292077	1	0	1	1.8569414365932806
159200.0	2000.0	1431.949492329415	0.0	0	121.19117897760589	1631.9494923291786	1	0	1	1.8569414365932821
160200.0	2000.0	1431.9494923293917	0.0	0	452.3341704001941	1631.9494923291786	1	0	1	1.8569414365932821
161200.0	3000.0	1431.9494923294073	0.0	0	138.21609148633434	1631.9494923291786	1	0	1	1.8569414365932824
162200.0	3000.0	1431.9494923294083	0.0	0	193.3937135298329	1631.9494923291786	1	0	1	2.262406544701447
163200.0	2000.0	1431.9494923294124	0.0	0	206.9554167421884	1631.9494923291786	1	0	1	1.4514763284851175
164200.0	2000.0	1431.9494923293953	0.0	0	273.29867921196274	1631.9494923291495	1	0	1	1.8569414365932835
165200.0	2000.0	1431.9494923293996	0.0	0	385.8826242061041	1631.9494923291495	1	0	1	1.8569414365932835
166200.5287322683	3000.0	1431.4207600610928	0.0	0	0.0	1631.9494923291495	1	0	1	1.8569414365932837
167200.0	2000.0	1431.9494923294249	0.0	0	229.0643466329784	1631.9494923291204	1	0	1	1.4514763284851202
168200.0	2000.0	1431.9494923294178	0.0	0	559.2451775583613	1631.9494923291204	1	0	1	1.8569414365932848
169200.0	2000.0	1431.9494923294467	0.0	0	373.11048471039976	1631.9494923291204	1	0	1	1.8569414365932848
170200.0	3000.0	1431.9494923294653	0.0	0	153.84750867664116	1631.9494923290913	1	0	1	1.8569414365932864
171570.7203145697	6000.0	1061.2291777597645	0.0	0	0.0	1631.9494923290913	1	0	1	2.2624065447014514
172200.0	2000.0	1431.9494923294676	0.0	0	102.85865286309854	1631.9494923290913	1	0	1	0.7583291479251767
173200.0	2000.0	1431.9494923294803	0.0	0	401.215646242752	1631.9494923291204	1	0	1	1.8569414365932848
174200.0	3000.0	1431.9494923294753	0.0	0	251.51424601799226	1631.9494923291204	1	0	1	1.856941436593285
175200.0	2000.0	1431.9494923294912	0.0	0	411.3130556263204	1631.9494923291204	1	0	1	1.4514763284851202
176200.0	2000.0	1431.9494923295126	0.0	0	431.11424314021133	1631.9494923291204	1	0	1	1.8569414365932848
177200.0	3000.0	1431.9494923295213	0.0	0	315.88690791869885	1631.9494923291204	1	0	1	1.856941436593285
178200.0	3000.0	1431.9494923295092	0.0	0	475.3597272298939	1631.9494923290913	1	0	1	2.262406544701451
179908.74211734752	6000.0	723.2073749820023	0.0	0	0.0	1631.9494923290913	1	0	1	2.2624065447014514
180467.1771142224	2000.0	1164.7723781071195	0.0	0	0.0	1631.9494923290913	1	0	1	0.7583291479251767
181200.0	2000.0	1431.9494923295226	0.0	0	243.59186552945175	1631.9494923290913	1	0	1	1.8569414365932864
182200.0	3000.0	1431.9494923295097	0.0	0	254.1366121696774	1631.9494923290913	1	0	1	1.8569414365932864
183200.0	2000.0	1431.949492329504	0.0	0	391.5649855072552	1631.9494923290913	1	0	1	1.4514763284851218
184239.3261518544	3000.0	1392.6233404751497	0.0	0	0.0	1631.9494923290913	1	0	1	1.8569414365932864
185200.0	2000.0	1431.949492329562	0.0	0	365.33087284263456	1631.9494923290622	1	0	1	1.4514763284851233
186200.0	2000.0	1431.9494923295797	0.0	0	400.65083232105826	1631.949492329033	1	0	1	1.8569414365932893
187200.0	3000.0	1431.949492329594	0.0	0	234.85134103969904	1631.949492329004	1	0	1	1.8569414365932908
188200.0	3000.0	1431.949492329576	0.0	0	217.8350399346673	1631.9494923289749	1	0	1	2.2624065447014567
189200.0	3000.0	1431.949492329557	0.0	0	302.6657432957145	1631.9494923289749	1	0	1	2.2624065447014567
190200.0	3000.0	1431.9494923295686	0.0	0	118.44194673089078	1631.9494923289749	1	0	1	2.2624065447014567
191597.4874785687	3000.0	1034.4620137608567	0.0	0	0.0	1631.9494923289458	1	0	1	2.262406544701458
192274.80063514799	2000.0	1357.1488571815794	0.0	0	0.0	1631.9494923289458	1	0	1	1.4514763284851289
193200.0	2000.0	1431.9494923295606	0.0	0	328.9515815762861	1631.9494923289167	1	0	1	1.8569414365932952
194200.0	2000.0	1431.9494923295567	0.0	0	553.9770015276445	1631.9494923289167	1	0	1	1.8569414365932952
195200.0	3000.0	1431.949492329564	0.0	0	217.4601221047633	1631.9494923289167	1	0	1	1.8569414365932952
196533.17634003318	6000.0	1098.7731522964011	0.0	0	0.0	1631.9494923289167	1	0	1	2.2624065447014594
197200.0	2000.0	1431.9494923295656	0.0	0	215.0577854985895	1631.9494923289167	1	0	1	0.7583291479251855
198200.0	3000.0	1431.9494923295556	0.0	0	79.37072913587326	1631.9494923289167	1	0	1	1.8569414365932952
199200.0	3000.0	1431.9494923295642	0.0	0	169.0848641313205	1631.9494923289167	1	0	1	2.26240654470146
200200.0	3000.0	1431.9494923295717	0.0	0	290.78395180180087	1631.9494923289167	1	0	1	2.26240654470146
201440.4847334965	3000.0	1191.4647588330522	0.0	0	0.0	1631.9494923289167	1	0	1	2.26240654470146
202200.0	2000.0	1431.949492329564	0.0	0	278.01488432238693	1631.9494923288876	1	0	1	1.451476328485132
203200.0	2000.0	1431.9494923295865	0.0	0	534.6015427949897	1631.9494923288876	1	0	1	1.8569414365932966
204200.0	2000.0	1431.9494923295595	0.0	0	528.1829326455772	1631.9494923288585	1	0	1	1.856941436593298
205200.0	2000.0	1431.9494923295902	0.0	0	544.0789929682214	1631.9494923288585	1	0	1	1.856941436593298
206235.2245023067	2000.0	1396.7249900229124	0.0	0	0.0	1631.9494923288876	1	0	1	1.8569414365932966
207200.0	2000.0	1431.949492329589	0.0	0	303.9482173261058	1631.9494923288876	1	0	1	1.8569414365932966
208200.0	2000.0	1431.949492329616	0.0	0	298.58420205296716	1631.9494923288876	1	0	1	1.8569414365932966
209200.0	2000.0	1431.949492329629	0.0	0	448.64900847463286	1631.9494923289167	1	0	1	1.8569414365932952
210200.0	2000.0	1431.9494923296418	0.0	0	501.4609898624185	1631.9494923289167	1	0	1	1.8569414365932952
211200.0	2000.0	1431.9494923296213	0.0	0	462.64029865249177	1631.9494923289167	1	0	1	1.8569414365932952
212200.0	2000.0	1431.9494923296609	0.0	0	181.47602056124015	1631.9494923289167	1	0	1	1.8569414365932952
213200.0	2000.0	1431.94949232966	0.0	0	477.00261893190327	1631.9494923289167	1	0	1	1.8569414365932952
214200.0	2000.0	1431.9494923296397	0.0	0	513.8538358226942	1631.9494923289167	1	0	1	1.8569414365932952
215200.0	2000.0	1431.9494923296415	0.0	0	292.16874373698374	1631.9494923289167	1	0	1	1.8569414365932952
216200.0	2000.0	1431.9494923296445	0.0	0	390.71690463955747	1631.9494923289167	1	0	1	1.8569414365932952
217200.0	2000.0	1431.949492329665	0.0	0	505.39358630936476	1631.9494923289167	1	0	1	1.8569414365932952
218200.0	2000.0	1431.9494923296506	0.0	0	301.45097024115967	1631.9494923289167	1	0	1	1.8569414365932952
219200.0	2000.0	1431.9494923296743	0.0	0	559.1132473171747	1631.9494923289167	1	0	1	1.8569414365932952
220308.396035782	3000.0	1323.5534565476796	0.0	0	0.0	1631.9494923289458	1	0	1	1.8569414365932937
221200.0	2000.0	1431.9494923296938	0.0	0	5.618633111007512	1631.9494923289458	1	0	1	1.4514763284851289
222200.0	2000.0	1431.9494923297152	0.0	0	352.34399485660833	1631.9494923289458	1	0	1	1.8569414365932935
223200.0	2000.0	1431.9494923297393	0.0	0	548.2577261659026	1631.9494923289458	1	0	1	1.8569414365932935
224200.0	2000.0	1431.949492329712	0.0	0	543.7495705817128	1631.9494923289458	1	0	1	1.8569414365932935
225200.0	2000.0	1431.9494923297439	0.0	0	231.82647421694128	1631.9494923289458	1	0	1	1.8569414365932935
226200.0	2000.0	1431.949492329755	0.0	0	153.46371197648114	1631.9494923289458	1	0	1	1.8569414365932935
227200.0	2000.0	1431.9494923297398	0.0	0	208.4045665372687	1631.9494923289458	1	0	1	1.8569414365932935
228200.0	2000.0	1431.949492329763	0.0	0	582.8617793144076	1631.9494923289458	1	0	1	1.8569414365932935
229200.0	2000.0	1431.9494923297614	0.0	0	358.94670750934165	1631.9494923289458	1	0	1	1.8569414365932935
230200.0	3000.0	1431.9494923297266	0.0	0	308.43445989183965	1631.9494923289458	1	0	1	1.8569414365932937
231200.0	2000.0	1431.949492329717	0.0	0	341.5901198244828	1631.9494923289458	1	0	1	1.4514763284851289
232200.0	2000.0	1431.9494923297148	0.0	0	463.2194852193643	1631.9494923289458	1	0	1	1.8569414365932935
233219.37713942115	3000.0	1412.5723529085608	0.0	0	0.0	1631.9494923289167	1	0	1	1.8569414365932952
234200.0	2000.0	1431.949492329697	0.0	0	565.5271651375224	1631.9494923289458	1	0	1	1.4514763284851289
235200.0	2000.0	1431.949492329705	0.0	0	244.83263528722455	1631.9494923289749	1	0	1	1.8569414365932921
236200.0	2000.0	1431.9494923297177	0.0	0	513.0893986148876	1631.9494923289749	1	0	1	1.8569414365932921
237200.0	2000.0	1431.9494923297157	0.0	0	183.50956007209606	1631.9494923289458	1	0	1	1.8569414365932935
238200.0	2000.0	1431.9494923297332	0.0	0	344.24980534473434	1631.9494923289749	1	0	1	1.8569414365932921
239200.0	3000.0	1431.9494923297195	0.0	0	335.58750645647524	1631.949492329004	1	0	1	1.8569414365932908
240200.0	3000.0	1431.9494923297375	0.0	0	362.68315003512544	1631.949492329004	1	0	1	2.2624065447014554
241200.0	2000.0	1431.9494923297427	0.0	0	547.4875540500216	1631.949492329033	1	0	1	1.4514763284851246
242200.0	3000.0	1431.949492329737	0.0	0	419.4249652987346	1631.949492329033	1	0	1	1.8569414365932895
243200.0	3000.0	1431.9494923297252	0.0	0	287.5343094842974	1631.949492329033	1	0	1	2.262406544701454
244200.0	3000.0	1431.9494923297063	0.0	0	283.9232892015716	1631.949492329033	1	0	1	2.262406544701454
245413.0493071398	6000.0	1218.9001851898606	0.0	0	0.0	1631.949492329033	1	0	1	2.262406544701454
246643.59773692838	6000.0	988.3517554013115	0.0	0	0.0	1631.9494923290622	1	0	1	2.955553725261398
247200.0	2000.0	1431.9494923297038	0.0	0	37.387106957728975	1631.9494923290622	1	0	1	0.7583291479251782
248200.0	2000.0	1431.9494923296984	0.0	0	331.97516765404725	1631.949492329033	1	0	1	1.8569414365932893
249200.0	2000.0	1431.9494923297125	0.0	0	267.7466391574417	1631.949492329033	1	0	1	1.8569414365932893
250200.0	2000.0	1431.9494923296973	0.0	0	443.8343688278401	1631.949492329033	1	0	1	1.8569414365932893
251200.0	2000.0	1431.9494923296577	0.0	0	226.56278606399428	1631.949492329033	1	0	1	1.8569414365932893
252200.0	2000.0	1431.949492329661	0.0	0	367.5739417556324	1631.949492329033	1	0	1	1.8569414365932893
253200.0	3000.0	1431.9494923296754	0.0	0	271.40604857984	1631.949492329033	1	0	1	1.8569414365932895
254200.0	3000.0	1431.9494923296825	0.0	0	47.37553596790531	1631.949492329033	1	0	1	2.262406544701454
255360.9402579029	3000.0	1271.0092344267946	0.0	0	0.0	1631.949492329004	1	0	1	2.2624065447014554
256200.0	2000.0	1431.9494923297116	0.0	0	278.082145573193	1631.949492329004	1	0	1	1.4514763284851262
257200.0	2000.0	1431.9494923296973	0.0	0	577.2865887259832	1631.949492329004	1	0	1	1.8569414365932908
258200.0	2000.0	1431.9494923296884	0.0	0	309.27001432783436	1631.949492329004	1	0	1	1.8569414365932908
259200.0	3000.0	1431.949492329693	0.0	0	170.38653898439952	1631.949492329033	1	0	1	1.8569414365932895
260216.44105159582	3000.0	1415.5084407338552	0.0	0	0.0	1631.9494923290622	1	0	1	2.2624065447014527
261200.0	2000.0	1431.9494923296347	0.0	0	192.30690099464846	1631.949492329033	1	0	1	1.4514763284851246
262200.0	2000.0	1431.9494923296363	0.0	0	467.65912910964107	1631.949492329033	1	0	1	1.8569414365932893
263200.0	2000.0	1431.949492329637	0.0	0	593.6177429636591	1631.949492329033	1	0	1	1.8569414365932895
264200.0	2000.0	1431.9494923296293	0.0	0	447.05846870993264	1631.949492329033	1	0	1	1.8569414365932888
265200.0	3000.0	1431.9494923296504	0.0	0	260.5939238011488	1631.949492329033	1	0	1	1.8569414365932895
266200.0	3000.0	1431.9494923296763	0.0	0	145.35521298041567	1631.949492329033	1	0	1	2.262406544701454
267200.0	3000.0	1431.9494923296404	0.0	0	181.55898120551137	1631.949492329033	1	0	1	2.262406544701454
268200.0	3000.0	1431.94949232967	0.0	0	191.84302501997445	1631.9494923290913	1	0	1	2.262406544701451
269200.0	2000.0	1431.9494923296756	0.0	0	517.266026331461	1631.9494923290913	1	0	1	1.4514763284851218
270200.0	3000.0	1431.9494923296395	0.0	0	246.12352147587808	1631.9494923290913	1	0	1	1.8569414365932864
271755.3846184707	6000.0	876.5648738589737	0.0	0	0.0	1631.9494923290913	1	0	1	2.2624065447014514
272430.94078381656	2000.0	1201.0087085131008	0.0	0	0.0	1631.9494923290913	1	0	1	0.7583291479251767
273200.0	2000.0	1431.9494923296463	0.0	0	389.31350883550476	1631.9494923291495	1	0	1	1.8569414365932835
274200.0	2000.0	1431.9494923296547	0.0	0	540.8347390018753	1631.9494923291495	1	0	1	1.8569414365932835
275200.0	2000.0	1431.9494923297289	0.0	0	479.2661367355613	1631.9494923292077	1	0	1	1.8569414365932806
276200.0	2000.0	1431.949492329663	0.0	0	497.16285423078807	1631.949492329266	1	0	1	1.8569414365932777
277200.0	2000.0	1431.9494923296631	0.0	0	411.14019524032483	1631.949492329266	1	0	1	1.8569414365932777
278200.0	2000.0	1431.9494923296857	0.0	0	346.923899231595	1631.949492329266	1	0	1	1.8569414365932777
279200.0	2000.0	1431.9494923297389	0.0	0	223.48576844047057	1631.949492329266	1	0	1	1.8569414365932777
280200.0	2000.0	1431.949492329744	0.0	0	290.78053775208537	1631.949492329266	1	0	1	1.8569414365932777
281200.0	2000.0	1431.9494923297348	0.0	0	358.1723187335301	1631.949492329266	1	0	1	1.8569414365932777
282200.0	2000.0	1431.9494923297038	0.0	0	344.99239390611183	1631.949492329266	1	0	1	1.8569414365932777
283200.0	3000.0	1431.949492329679	0.0	0	93.87452001066413	1631.949492329266	1	0	1	1.856941436593278
284200.0	3000.0	1431.949492329655	0.0	0	92.20795085356804	1631.9494923292077	1	0	1	2.2624065447014456
285200.0	3000.0	1431.9494923296338	0.0	0	340.68180577625753	1631.9494923292077	1	0	1	2.2624065447014456
286200.0	3000.0	1431.9494923296322	0.0	0	110.21435881394427	1631.9494923291495	1	0	1	2.2624065447014483
287513.61825276294	6000.0	1118.3312395666785	0.0	0	0.0	1631.9494923292077	1	0	1	2.262406544701445
288238.47951980645	3000.0	1393.469972523173	0.0	0	0.0	1631.9494923292077	1	0	1	1.5692593641415005
289200.0	3000.0	1431.949492329621	0.0	0	245.1025315580191	1631.9494923292077	1	0	1	2.2624065447014456
290200.0	2000.0	1431.9494923295808	0.0	0	529.7910762107931	1631.949492329266	1	0	1	1.451476328485113
291200.0	3000.0	1431.9494923295524	0.0	0	15.909387218940537	1631.949492329266	1	0	1	1.856941436593278
292200.0	3000.0	1431.9494923295815	0.0	0	108.14970775000984	1631.949492329266	1	0	1	2.2624065447014425
293200.0	3000.0	1431.9494923295113	0.0	0	132.87440149113536	1631.9494923293241	1	0	1	2.26240654470144
294200.0	2000.0	1431.9494923294717	0.0	0	20.79974791209679	1631.9494923293241	1	0	1	1.4514763284851102
295200.0	2000.0	1431.9494923294687	0.0	0	18.639066662814002	1631.9494923293241	1	0	1	1.8569414365932748
296200.0	2000.0	1431.949492329479	0.0	0	294.09031165752094	1631.949492329266	1	0	1	1.8569414365932777
297200.0	2000.0	1431.9494923294787	0.0	0	325.0520232281997	1631.949492329266	1	0	1	1.8569414365932777
298200.0	2000.0	1431.9494923295113	0.0	0	167.16918105923105	1631.949492329266	1	0	1	1.8569414365932777
299200.0	2000.0	1431.9494923295085	0.0	0	371.3333027588087	1631.949492329266	1	0	1	1.8569414365932777
300200.0	2000.0	1431.949492329528	0.0	0	492.1319643993047	1631.9494923293241	1	0	1	1.8569414365932748
3.81	3.92	4.1	3.41	3.38	3.82	2.68	2.84	4.41	4.58	3.26	3.61	3.72	4.12	3.27	3.58	3.85	4.4	4.69	3.83	3.98	4.34	3.52	3.41	3.71	4.24	4.95	4.38	3.65	4.89	3.08	3.98	2.84	3.29	4.89	3.63	3.76	4.17	4.26	2.27	3.92	4.53	5.25	4.09	3.57	4.8	4.43	4.55	4.26	2.47	3.25	3.42	4.53	3.66	1.98	3.16	3.78	3.58	3.79	3.38	2.87	3.32	4.31	2.62	3.14	3.36	3.8	3.51	3.56	3.03	3.7	3.46	3.57	3.56	2.13	3.81	3.79	3.81	4.02	3.15	4.32	3.8	3.89	3.66	3.46	3.43	3.76	4.22	3.51	4.21	4.67	3.9	4.89	5.29	3.98	2.99	2.33	3.17	3.49	3.59	4.58	4.7	3.7	3.41	4.2	3.38	4.04	3.53	3.73	3.2	3.39	4.32	4.0	3.53	3.44	4.02	3.73	4.34	5.21	3.46	3.54	4.29	3.8	3.46	3.28	3.64	3.78	3.35	3.43	3.5	4.71	4.17	4.11	4.83	4.47	5.36	4.87	3.41	3.97	3.97	4.36	3.06	2.66	2.65	3.72	2.61	2.77	3.66	3.43	5.07	3.81	3.92	4.1	3.41	3.38	3.82	2.68	2.84	4.41	4.58	3.26	3.61	3.72	4.12	3.27	3.58	3.85	4.4	4.69	3.83	3.98	4.34	3.52	3.41	3.71	4.24	4.95	4.38	3.65	4.89	3.08	3.98	2.84	3.29	4.89	3.63	3.76	4.17	4.26	2.27	3.92	4.53	5.25	4.09	3.57	4.8	4.43	4.55	4.26	2.47	3.25	3.42	4.53	3.66	1.98	3.16	3.78	3.58	3.79	3.38	2.87	3.32	4.31	2.62	3.14	3.36	3.8	3.51	3.56	3.03	3.7	3.46	3.57	3.56	2.13	3.81	3.79	3.81	4.02	3.15	4.32	3.8	3.89	3.66	3.46	3.43	3.76	4.22	3.51	4.21	4.67	3.9	4.89	5.29	3.98	2.99	2.33	3.17	3.49	3.59	4.58	4.7	3.7	3.41	4.2	3.38	4.04	3.53	3.73	3.2	3.39	4.32	4.0	3.53	3.44	4.02	3.73	4.34	5.21	3.46	3.54	4.29	3.8	3.46	3.28	3.64	3.78	3.35	3.43	3.5	4.71	4.17	4.11	4.83	4.47	5.36	4.87	3.41	3.97	3.97	4.36	3.06	2.66	2.65	3.72	2.61	2.77	3.66	3.43	5.07	3.81	3.92
1.0	2.0	3.0	4.0	5.0	6.0	7.0	8.0	9.0	10.0	11.0	12.0	13.0	14.0	15.0	16.0	17.0	18.0	19.0	20.0	21.0	22.0	23.0	24.0	25.0	26.0	27.0	28.0	29.0	30.0	31.0	32.0	33.0	34.0	35.0	36.0	37.0	38.0	39.0	40.0	41.0	42.0	43.0	44.0	45.0	46.0	47.0	48.0	49.0	50.0	51.0	52.0	53.0	54.0	55.0	56.0	57.0	58.0	59.0	60.0	61.0	62.0	63.0	64.0	65.0	66.0	67.0	68.0	69.0	70.0	71.0	72.0	73.0	74.0	75.0	76.0	77.0	78.0	79.0	80.0	81.0	82.0	83.0	84.0	85.0	86.0	87.0	88.0	89.0	90.0	91.0	92.0	93.0	94.0	95.0	96.0	97.0	98.0	99.0	100.0	101.0	102.0	103.0	104.0	105.0	106.0	107.0	108.0	109.0	110.0	111.0	112.0	113.0	114.0	115.0	116.0	117.0	118.0	119.0	120.0	121.0	122.0	123.0	124.0	125.0	126.0	127.0	128.0	129.0	130.0	131.0	132.0	133.0	134.0	135.0	136.0	137.0	138.0	139.0	140.0	141.0	142.0	143.0	144.0	145.0	146.0	147.0	148.0	149.0	149.0	150.0	151.0	152.0	153.0	154.0	155.0	156.0	157.0	158.0	159.0	160.0	161.0	162.0	163.0	164.0	165.0	166.0	167.0	168.0	169.0	170.0	171.0	172.0	173.0	174.0	175.0	176.0	177.0	178.0	179.0	180.0	181.0	182.0	183.0	184.0	185.0	186.0	187.0	188.0	189.0	190.0	191.0	192.0	193.0	194.0	195.0	196.0	197.0	198.0	199.0	200.0	201.0	202.0	203.0	204.0	205.0	206.0	207.0	208.0	209.0	210.0	211.0	212.0	213.0	214.0	215.0	216.0	217.0	218.0	219.0	220.0	221.0	222.0	223.0	224.0	225.0	226.0	227.0	228.0	229.0	230.0	231.0	232.0	233.0	234.0	235.0	236.0	237.0	238.0	239.0	240.0	241.0	242.0	243.0	244.0	245.0	246.0	247.0	248.0	249.0	250.0	251.0	252.0	253.0	254.0	255.0	256.0	257.0	258.0	259.0	260.0	261.0	262.0	263.0	264.0	265.0	266.0	267.0	268.0	269.0	270.0	271.0	272.0	273.0	274.0	275.0	276.0	277.0	278.0	279.0	280.0	281.0	282.0	283.0	284.0	285.0	286.0	287.0	288.0	289.0	290.0	291.0	292.0	293.0	294.0	295.0	296.0	297.0	298.0	298.0	299.0	300.0
2400.5186975556535
