5296.802984141913	300.0	2000.0	135.43886978672762	0	0.0	5296.802984141913	1	0	1	-2.1035558762465896
6058.106637693289	2000.0	2162.5659810934867	0.0	0	0.0	5220.672618786775	1	0	2	-1.6637788554534338
6816.477930306933	3000.0	2328.3575592184784	0.0	0	0.0	5144.8354895254115	1	0	2	0.49715472312451237
7575.424148168902	3000.0	2493.516719570313	0.0	0	0.0	5068.940867739216	1	0	2	0.9653029751535808
8436.444301558264	3000.0	2546.394550842015	0.0	0	0.0	4982.838852400279	1	0	2	1.0306500129863165
9185.887689293071	3000.0	2722.0068243337255	0.0	0	0.0	4907.894513626798	1	0	2	1.0932902655764214
10258.1980566083	3000.0	2542.465420286973	0.0	0	0.0	4800.663476895274	1	0	2	1.1684211414938543
10970.927483423673	3000.0	2758.463050790063	0.0	0	0.0	4729.390534213736	1	0	2	1.2232026659595001
12048.857448304803	3000.0	2572.7400894208213	0.0	0	0.0	4621.5975377256245	1	0	2	1.2876535753181706
13009.35448387753	3000.0	2516.193350290822	0.0	0	0.0	4525.547834168352	1	0	2	1.352920665371204
13815.472969130242	3000.0	2629.463016512839	0.0	0	0.0	4444.935985643082	1	0	2	1.4034781872895652
14893.59887246131	3000.0	2443.5245228486638	0.0	0	0.0	4337.123395309976	1	0	2	1.4601579298356482
15798.99368028806	3000.0	2447.5902342392405	0.0	0	0.0	4246.583914527302	1	0	2	1.510535541699406
16503.142705514267	3000.0	2673.026306490414	0.0	0	0.0	4176.169012004682	1	0	2	1.5477283687879053
17300.81049898344	3000.0	2795.5917336743255	0.0	0	0.0	4096.402232657765	1	0	2	1.5857707260761091
17752.821166837333	3000.0	3298.379999035041	0.0	0	0.0	4051.201165872377	1	0	2	1.6086849678093413
18560.29695119492	3000.0	3410.1566362416997	0.0	0	0.0	3970.453587436621	1	0	2	1.638387094961903
19407.83000545707	3000.0	3477.8702765533367	0.0	0	0.0	3885.700282010408	1	0	2	1.6750164999908366
20200.0	3000.0	3606.483282556107	0.0	0	237.87450629041632	3806.4832825561134	1	0	2	1.6999437536214264
21200.0	3000.0	3506.483282556112	0.0	0	465.48669351731587	3706.483282556117	1	0	2	1.7326095304815716
22200.0	3000.0	3406.4832825561134	0.0	0	300.91145498681	3606.483282556117	1	0	2	1.7663108241905943
23228.22891915371	3000.0	3275.431471487029	0.0	0	0.0	3503.66039064074	1	0	2	1.8017246335058372
24200.0	3000.0	3206.4832825561093	0.0	0	355.9964522688351	3406.4832825561098	1	0	2	1.824339135748985
25799.479428694132	6000.0	2607.003853861974	0.0	0	0.0	3406.4832825561098	1	0	1	1.8342482226985006
26826.086560546762	3000.0	2477.736008824084	0.0	0	0.0	3303.822569370852	1	0	2	0.959735969983272
28034.965239731268	3000.0	2147.9694617211244	0.0	0	0.0	3182.9347014523955	1	0	2	1.8802263348785182
28613.263328187488	3000.0	2511.841564419285	0.0	0	0.0	3125.1048926067815	1	0	2	1.8958117506439687
29649.792987197932	3000.0	2371.658939507799	0.0	0	0.0	3021.4519267057367	1	0	2	1.913953869856502
30786.934375210585	3000.0	2120.803412693882	0.0	0	0.0	2907.7377879044725	1	0	2	1.9329901577507265
32003.20511747478	3000.0	1782.9055962032708	0.0	0	0.0	2786.1107136780593	1	0	2	1.9528388532639354
32689.007427700843	2000.0	2028.5230549546031	0.0	0	0.0	2717.5304826554566	1	0	2	1.1542416807184401
33608.58404221557	3000.0	2016.9887789884076	0.0	0	0.0	2625.572821203983	1	0	2	1.571751960811554
34340.99684850464	3000.0	2211.334692070427	0.0	0	0.0	2552.3315405750727	1	0	2	1.986505627468888
35306.05913289859	3000.0	2149.7661792370814	0.0	0	0.0	2455.8253121356756	1	0	2	1.9976795103693157
36200.0	3000.0	2166.431225425523	0.0	0	315.74134113487526	2366.4312254255274	1	0	2	2.0059933409546082
37200.0	3000.0	2066.431225425518	0.0	0	457.1135121029438	2266.43122542552	1	0	2	2.0154147836953604
38389.04662226065	6000.0	1877.384603164881	0.0	0	0.0	2266.4312254255274	1	0	1	2.019078998097508
40173.24301103314	6000.0	1093.1882143923913	0.0	0	0.0	2266.4312254255346	1	0	1	2.912226178657453
40950.26643682352	2000.0	1316.1647886020091	0.0	0	0.0	2266.4312254255346	1	0	1	0.7150016013212332
41472.31135987885	2000.0	1794.1198655466865	0.0	0	0.0	2266.4312254255274	1	0	1	1.8136138899893433
42318.15989784344	3000.0	1863.6864737856354	0.0	0	0.0	2181.8463716290717	1	0	2	1.4192356444413081
43243.77471928517	3000.0	1845.5101701997396	0.0	0	0.0	2089.2848894849085	1	0	2	2.0321580700219783
44200.0	3000.0	1793.662361413417	0.0	0	135.08595925462578	1993.6623614134223	1	0	2	2.0385292709558684
45206.3602406957	2000.0	1787.3021207177146	0.0	0	0.0	1993.6623614134223	1	0	1	1.2300469237973486
46346.828688583104	3000.0	1532.78682804157	0.0	0	0.0	1879.6155166246826	1	0	2	1.4411563492833055
47212.56728506246	3000.0	1580.4743719142734	0.0	0	0.0	1793.0416569767403	1	0	2	2.052466329250912
48200.0	2000.0	1593.0416569767358	0.0	0	391.2257085685487	1793.0416569767403	1	0	1	1.242853013597625
49200.0	2000.0	1593.0416569767337	0.0	0	85.77656774888601	1793.0416569767403	1	0	1	1.8483181217057898
50200.0	3000.0	1493.0416569767376	0.0	0	296.8412294902082	1693.0416569767476	1	0	2	1.4519038622914737
51260.1923929804	3000.0	1432.8492639963324	0.0	0	0.0	1693.0416569767476	1	0	1	2.059294287343426
52200.0	2000.0	1493.0416569767365	0.0	0	374.7808417677006	1693.0416569767476	1	0	1	1.4483640711270969
53200.0	2000.0	1493.0416569767374	0.0	0	430.57509957889124	1693.0416569767476	1	0	1	1.8538291792352615
54200.0	3000.0	1493.041656976734	0.0	0	85.4361813593423	1693.0416569767476	1	0	1	1.8538291792352617
55200.0	2000.0	1493.041656976734	0.0	0	359.30289547514985	1693.0416569767476	1	0	1	1.4483640711270969
56200.0	3000.0	1493.0416569767383	0.0	0	279.4964955856485	1693.0416569767476	1	0	1	1.8538291792352617
57898.37772228057	6000.0	794.6639346961621	0.0	0	0.0	1693.0416569767403	1	0	1	2.259294287343427
58629.073035697555	2000.0	1063.9686212791794	0.0	0	0.0	1693.0416569767403	1	0	1	0.7552168905671522
59213.067471197704	2000.0	1479.9741857790257	0.0	0	0.0	1693.0416569767403	1	0	1	1.853829179235262
60200.0	2000.0	1493.0416569767303	0.0	0	290.14328870399186	1693.0416569767403	1	0	1	1.853829179235262
61213.26542698189	2000.0	1479.7762299948392	0.0	0	0.0	1693.0416569767403	1	0	1	1.853829179235262
62200.0	2000.0	1493.0416569767328	0.0	0	399.5297282578831	1693.0416569767476	1	0	1	1.8538291792352615
63200.0	2000.0	1493.0416569767349	0.0	0	113.62771828394034	1693.0416569767476	1	0	1	1.8538291792352615
64200.0	2000.0	1493.041656976736	0.0	0	543.2153281888459	1693.0416569767476	1	0	1	1.8538291792352615
65200.0	2000.0	1493.041656976739	0.0	0	541.1506818405906	1693.0416569767476	1	0	1	1.8538291792352615
66200.0	2000.0	1493.0416569767422	0.0	0	349.48585560463835	1693.0416569767476	1	0	1	1.8538291792352617
67200.0	2000.0	1493.0416569767467	0.0	0	203.60885172702547	1693.0416569767622	1	0	1	1.8538291792352615
68206.3032899623	3000.0	1486.7383670144336	0.0	0	0.0	1693.041656976755	1	0	1	1.853829179235261
69200.0	2000.0	1493.0416569767328	0.0	0	300.44111204626097	1693.041656976755	1	0	1	1.4483640711270964
70248.77716817743	2000.0	1444.2644887993208	0.0	0	0.0	1693.041656976755	1	0	1	1.853829179235261
71200.0	2000.0	1493.0416569767733	0.0	0	424.92208027117886	1693.041656976755	1	0	1	1.853829179235261
72200.0	2000.0	1493.041656976779	0.0	0	574.6301816753839	1693.0416569767403	1	0	1	1.853829179235262
73200.0	2000.0	1493.0416569767883	0.0	0	342.9629541022732	1693.0416569767403	1	0	1	1.853829179235262
74200.0	2000.0	1493.0416569767908	0.0	0	458.79173554253066	1693.0416569767403	1	0	1	1.853829179235262
75200.0	2000.0	1493.0416569767954	0.0	0	140.74233745830134	1693.0416569767403	1	0	1	1.853829179235262
76200.0	2000.0	1493.041656976782	0.0	0	382.4704805806832	1693.0416569767403	1	0	1	1.853829179235262
77200.0	2000.0	1493.0416569767908	0.0	0	316.1253754118661	1693.0416569767403	1	0	1	1.853829179235262
78200.0	2000.0	1493.041656976794	0.0	0	197.81263238786778	1693.0416569767403	1	0	1	1.853829179235262
79200.0	2000.0	1493.0416569767913	0.0	0	484.12324048244045	1693.0416569767403	1	0	1	1.853829179235262
80200.0	2000.0	1493.0416569768	0.0	0	452.44744833283767	1693.0416569767258	1	0	1	1.8538291792352626
81200.0	2000.0	1493.0416569767926	0.0	0	379.7250754431152	1693.0416569767258	1	0	1	1.8538291792352626
82200.0	2000.0	1493.0416569767735	0.0	0	451.4484870143351	1693.0416569767258	1	0	1	1.8538291792352626
83200.0	3000.0	1493.0416569767713	0.0	0	183.88244865664456	1693.0416569767403	1	0	1	1.853829179235262
84200.0	3000.0	1493.0416569767738	0.0	0	172.45661940803984	1693.0416569767403	1	0	1	2.2592942873434265
85200.0	3000.0	1493.0416569767578	0.0	0	323.85904855783156	1693.0416569767403	1	0	1	2.2592942873434265
86200.0	2000.0	1493.0416569767615	0.0	0	40.01734866021434	1693.0416569767403	1	0	1	1.4483640711270973
87200.0	2000.0	1493.0416569767604	0.0	0	128.0439464361698	1693.0416569767403	1	0	1	1.853829179235262
88200.0	2000.0	1493.041656976758	0.0	0	91.77719457441708	1693.0416569767403	1	0	1	1.853829179235262
89200.0	2000.0	1493.041656976763	0.0	0	435.38948719365	1693.0416569767403	1	0	1	1.853829179235262
90200.0	2000.0	1493.04165697676	0.0	0	288.648633092409	1693.0416569767403	1	0	1	1.853829179235262
91200.0	2000.0	1493.0416569767506	0.0	0	209.8678947488952	1693.0416569767403	1	0	1	1.853829179235262
92200.0	2000.0	1493.041656976754	0.0	0	280.8436596053507	1693.0416569767258	1	0	1	1.8538291792352626
93200.0	3000.0	1493.0416569767656	0.0	0	152.14539781058556	1693.0416569767258	1	0	1	1.8538291792352628
94200.0	2000.0	1493.0416569767776	0.0	0	437.53259756848274	1693.0416569767258	1	0	1	1.448364071127098
95200.0	2000.0	1493.0416569767824	0.0	0	468.86773945204914	1693.0416569767258	1	0	1	1.8538291792352626
96200.0	3000.0	1393.0416569767733	0.0	0	284.5108944520762	1593.0416569767403	1	0	2	1.4570586616133545
97376.4345971031	6000.0	1216.6070598736876	0.0	0	0.0	1593.0416569767403	1	0	1	2.0642941970678503
98200.0	2000.0	1393.0416569767692	0.0	0	54.32322520681191	1593.0416569767258	1	0	1	0.7602168002915763
99200.0	3000.0	1393.041656976773	0.0	0	439.3658811672358	1593.0416569767403	1	0	1	1.8588290889596855
100200.0	3000.0	1393.0416569767724	0.0	0	58.07353005546611	1593.0416569767403	1	0	1	2.26429419706785
101200.0	2000.0	1393.0416569767526	0.0	0	130.8401872916147	1593.0416569767403	1	0	1	1.4533639808515209
102200.0	2000.0	1393.041656976733	0.0	0	416.27187484235037	1593.0416569767403	1	0	1	1.8588290889596855
103200.0	2000.0	1393.0416569767199	0.0	0	424.6549980394775	1593.0416569767403	1	0	1	1.8588290889596855
104200.0	2000.0	1393.0416569767199	0.0	0	322.34968110556656	1593.041656976755	1	0	1	1.8588290889596846
105200.0	3000.0	1393.0416569767228	0.0	0	351.3902918853564	1593.041656976755	1	0	1	1.8588290889596846
106266.0224840225	3000.0	1327.0191729542225	0.0	0	0.0	1593.041656976755	1	0	1	2.264294197067849
107200.0	2000.0	1393.0416569767106	0.0	0	305.4544649298041	1593.041656976755	1	0	1	1.45336398085152
108200.0	2000.0	1393.04165697671	0.0	0	456.21813307375123	1593.041656976755	1	0	1	1.8588290889596846
109200.0	3000.0	1393.0416569767094	0.0	0	30.59378134655708	1593.0416569767694	1	0	1	1.8588290889596841
110200.0	3000.0	1393.0416569767037	0.0	0	197.72702012684022	1593.0416569767694	1	0	1	2.2642941970678487
111200.0	3000.0	1393.0416569766833	0.0	0	346.92717118347355	1593.0416569767694	1	0	1	2.2642941970678487
112200.0	2000.0	1393.041656976682	0.0	0	427.90187797584804	1593.0416569767694	1	0	1	1.4533639808515193
113200.0	2000.0	1393.0416569766635	0.0	0	236.0456344494305	1593.0416569767694	1	0	1	1.858829088959684
114511.17321853952	2000.0	1081.8684384371577	0.0	0	0.0	1593.0416569767694	1	0	1	1.858829088959684
115200.0	2000.0	1393.041656976679	0.0	0	30.95642222301103	1593.0416569767694	1	0	1	1.858829088959684
116200.0	2000.0	1393.0416569766812	0.0	0	467.9939450173406	1593.0416569767694	1	0	1	1.858829088959684
117200.0	2000.0	1393.0416569766787	0.0	0	354.77617626493156	1593.0416569767694	1	0	1	1.858829088959684
118200.0	2000.0	1393.0416569766774	0.0	0	474.29054562569945	1593.0416569767694	1	0	1	1.858829088959684
119200.0	3000.0	1393.0416569766753	0.0	0	266.53800338984	1593.0416569767694	1	0	1	1.8588290889596841
120200.0	3000.0	1393.0416569766714	0.0	0	246.6409317375801	1593.041656976784	1	0	1	2.2642941970678483
121200.0	2000.0	1393.041656976665	0.0	0	538.4166532288509	1593.041656976784	1	0	1	1.4533639808515189
122200.0	2000.0	1393.0416569766653	0.0	0	506.0545242335502	1593.0416569767694	1	0	1	1.858829088959684
123200.0	3000.0	1393.0416569766655	0.0	0	92.7859827469074	1593.0416569767694	1	0	1	1.8588290889596841
124200.0	3000.0	1393.0416569766687	0.0	0	333.23833053867565	1593.0416569767694	1	0	1	2.2642941970678487
125200.0	2000.0	1393.0416569766542	0.0	0	23.607431992670172	1593.0416569767694	1	0	1	1.4533639808515193
126200.0	2000.0	1393.041656976655	0.0	0	278.67504690549686	1593.041656976755	1	0	1	1.8588290889596846
127200.0	3000.0	1393.0416569766521	0.0	0	496.86592365053366	1593.041656976755	1	0	1	1.8588290889596846
128200.0	2000.0	1393.0416569766464	0.0	0	342.677042325784	1593.041656976755	1	0	1	1.45336398085152
129200.0	2000.0	1393.0416569766403	0.0	0	286.3737993710238	1593.041656976755	1	0	1	1.8588290889596846
130200.0	3000.0	1393.0416569766428	0.0	0	136.26601882997784	1593.041656976755	1	0	1	1.8588290889596846
131200.0	2000.0	1393.041656976643	0.0	0	338.62915770572727	1593.041656976755	1	0	1	1.45336398085152
132200.0	2000.0	1393.041656976652	0.0	0	254.90786759002367	1593.041656976755	1	0	1	1.8588290889596841
133200.0	2000.0	1393.041656976657	0.0	0	249.58045907359337	1593.0416569767403	1	0	1	1.8588290889596855
134200.0	2000.0	1393.041656976664	0.0	0	399.1854971247376	1593.0416569767403	1	0	1	1.8588290889596855
135200.0	2000.0	1393.041656976667	0.0	0	344.4188161455095	1593.0416569767694	1	0	1	1.858829088959685
136200.0	2000.0	1393.0416569766564	0.0	0	340.9200385392469	1593.0416569767694	1	0	1	1.858829088959684
137200.0	3000.0	1393.0416569766753	0.0	0	147.16724714662996	1593.0416569767694	1	0	1	1.8588290889596841
138200.0	3000.0	1393.041656976688	0.0	0	480.65694425138645	1593.0416569767694	1	0	1	2.2642941970678487
139200.0	3000.0	1393.0416569766674	0.0	0	271.00106868118746	1593.0416569767694	1	0	1	2.2642941970678487
140200.0	3000.0	1393.0416569766871	0.0	0	341.17671973319375	1593.0416569767694	1	0	1	2.2642941970678487
141200.0	3000.0	1393.041656976673	0.0	0	88.06157074199291	1593.0416569767985	1	0	1	2.2642941970678474
142542.31355029062	6000.0	1050.7281066860623	0.0	0	0.0	1593.0416569767985	1	0	1	2.264294197067847
143237.71425624794	2000.0	1355.3274007287255	0.0	0	0.0	1593.0416569767694	1	0	1	0.7602168002915743
144200.0	2000.0	1393.041656976656	0.0	0	454.8905591899238	1593.0416569767403	1	0	1	1.8588290889596855
145200.0	3000.0	1393.0416569766296	0.0	0	557.9860483296216	1593.0416569767403	1	0	1	1.8588290889596855
147061.7083683725	6000.0	531.3332886041421	0.0	0	0.0	1593.0416569767403	1	0	1	2.2642941970678505
147553.67485353627	2000.0	1039.3668034403568	0.0	0	0.0	1593.0416569767403	1	0	1	0.7602168002915757
148332.29280657452	2000.0	1260.7488504020941	0.0	0	0.0	1593.0416569767403	1	0	1	1.8588290889596855
149200.0	2000.0	1393.0416569766076	0.0	0	142.90911890906864	1593.0416569767403	1	0	1	1.8588290889596855
150200.0	2000.0	1393.0416569766176	0.0	0	511.80375392510905	1593.0416569767403	1	0	1	1.8588290889596855
151200.0	2000.0	1393.0416569766255	0.0	0	575.1586980519933	1593.0416569767403	1	0	1	1.8588290889596855
152200.0	3000.0	1393.041656976596	0.0	0	160.0866317175969	1593.0416569767403	1	0	1	1.8588290889596855
153200.0	3000.0	1393.0416569766169	0.0	0	107.80781330348691	1593.0416569767403	1	0	1	2.26429419706785
154200.0	2000.0	1393.0416569766257	0.0	0	318.9743974044395	1593.0416569767403	1	0	1	1.4533639808515209
155200.0	2000.0	1393.041656976623	0.0	0	340.1802888814709	1593.0416569767403	1	0	1	1.8588290889596855
156200.0	2000.0	1393.0416569766007	0.0	0	390.847584625677	1593.0416569767403	1	0	1	1.8588290889596855
157200.0	3000.0	1393.0416569765985	0.0	0	109.61524022527738	1593.0416569767403	1	0	1	1.8588290889596855
158200.0	3000.0	1393.0416569766026	0.0	0	358.6388222571404	1593.0416569767403	1	0	1	2.26429419706785
159200.0	2000.0	1393.0416569766035	0.0	0	565.841281367786	1593.0416569766821	1	0	1	1.4533639808515224
160200.0	2000.0	1393.0416569766182	0.0	0	470.08021369509515	1593.0416569766821	1	0	1	1.8588290889596881
161200.0	2000.0	1393.0416569766421	0.0	0	538.339126530569	1593.0416569766821	1	0	1	1.8588290889596892
162200.0	2000.0	1393.0416569766483	0.0	0	330.57547805216745	1593.0416569766821	1	0	1	1.8588290889596881
163200.0	2000.0	1393.041656976659	0.0	0	405.7180595078971	1593.0416569766821	1	0	1	1.8588290889596881
164200.0	2000.0	1393.041656976662	0.0	0	304.0437363749661	1593.0416569766821	1	0	1	1.8588290889596881
165200.0	3000.0	1393.0416569766655	0.0	0	311.5035624843149	1593.041656976653	1	0	1	1.8588290889596886
166200.0	3000.0	1393.0416569766296	0.0	0	369.36394362556166	1593.041656976653	1	0	1	2.264294197067854
167200.0	3000.0	1393.041656976664	0.0	0	251.98274538016994	1593.0416569766821	1	0	1	2.2642941970678527
168200.0	3000.0	1393.0416569766674	0.0	0	133.4965526929882	1593.0416569767112	1	0	1	2.2642941970678514
169200.0	6000.0	1393.0416569766492	0.0	0	139.5912824763218	1593.0416569767112	1	0	1	2.2642941970678514
170229.45447827585	6000.0	1363.587178700777	0.0	0	0.0	1593.0416569767112	1	0	1	2.9574413776277964
171200.0	3000.0	1393.041656976616	0.0	0	207.12096219850355	1593.0416569767112	1	0	1	1.5711470165079064
172224.19163742583	3000.0	1368.8500195507918	0.0	0	0.0	1593.0416569767112	1	0	1	2.2642941970678514
173200.0	6000.0	1393.0416569766032	0.0	0	81.5599432620802	1593.0416569767112	1	0	1	2.2642941970678514
174948.73246825297	6000.0	644.3091887236612	0.0	0	0.0	1593.0416569767403	1	0	1	2.957441377627795
175552.3205191491	2000.0	1040.7211378275351	0.0	0	0.0	1593.0416569767694	1	0	1	0.7602168002915743
176269.80899250324	2000.0	1323.2326644733973	0.0	0	0.0	1593.0416569767694	1	0	1	1.858829088959684
177200.0	2000.0	1393.041656976642	0.0	0	378.86678559551365	1593.0416569767985	1	0	1	1.8588290889596837
178200.0	2000.0	1393.0416569766546	0.0	0	492.0931505711633	1593.0416569768277	1	0	1	1.8588290889596812
179200.0	2000.0	1393.0416569766712	0.0	0	391.601281290903	1593.0416569768568	1	0	1	1.858829088959681
180200.0	2000.0	1393.0416569766437	0.0	0	156.03079929226078	1593.0416569768277	1	0	1	1.8588290889596812
181200.0	2000.0	1393.0416569766332	0.0	0	187.69189168716548	1593.0416569768277	1	0	1	1.8588290889596812
182200.0	2000.0	1393.0416569766126	0.0	0	416.7749572636385	1593.0416569768277	1	0	1	1.8588290889596812
183200.0	2000.0	1393.0416569766167	0.0	0	382.8640845234331	1593.0416569768568	1	0	1	1.858829088959681
184200.0	2000.0	1393.0416569766312	0.0	0	282.50890794498264	1593.0416569768859	1	0	1	1.8588290889596784
185200.0	2000.0	1393.0416569765869	0.0	0	575.9245629654324	1593.0416569768859	1	0	1	1.8588290889596784
186200.0	3000.0	1393.0416569765598	0.0	0	585.8637876406428	1593.0416569768568	1	0	1	1.85882908895968
187772.10371690438	6000.0	820.9379400721515	0.0	0	0.0	1593.0416569768568	1	0	1	2.2642941970678443
188406.2841428418	2000.0	1186.757514134731	0.0	0	0.0	1593.0416569768568	1	0	1	0.7602168002915702
189200.0	2000.0	1393.0416569765164	0.0	0	337.8406165080087	1593.0416569768568	1	0	1	1.8588290889596797
190200.0	2000.0	1393.0416569765257	0.0	0	223.83351164290798	1593.0416569768277	1	0	1	1.8588290889596812
191200.0	2000.0	1393.0416569765239	0.0	0	563.4597767395608	1593.0416569768277	1	0	1	1.8588290889596812
192200.0	2000.0	1393.041656976519	0.0	0	539.1051061696198	1593.0416569768277	1	0	1	1.8588290889596812
193200.0	3000.0	1393.0416569765325	0.0	0	21.48933685600059	1593.0416569768568	1	0	1	1.858829088959681
194241.4500585348	2000.0	1351.5915984417604	0.0	0	0.0	1593.0416569768568	1	0	1	1.453363980851515
195200.0	2000.0	1393.0416569765848	0.0	0	259.1037388460536	1593.0416569768568	1	0	1	1.8588290889596797
196200.0	2000.0	1393.0416569765991	0.0	0	515.6096178970474	1593.0416569768568	1	0	1	1.8588290889596797
197200.0	2000.0	1393.0416569765796	0.0	0	327.6363069921499	1593.0416569768277	1	0	1	1.8588290889596812
198200.0	2000.0	1393.0416569765891	0.0	0	39.08977174208849	1593.0416569768277	1	0	1	1.8588290889596812
199200.0	2000.0	1393.0416569766073	0.0	0	356.9896214061009	1593.0416569768277	1	0	1	1.8588290889596812
200200.0	2000.0	1393.04165697664	0.0	0	386.81948752785684	1593.0416569768277	1	0	1	1.8588290889596812
201200.0	2000.0	1393.0416569766398	0.0	0	475.40748571653967	1593.0416569768277	1	0	1	1.8588290889596812
202200.0	3000.0	1393.0416569766455	0.0	0	395.734039567149	1593.0416569768277	1	0	1	1.8588290889596815
203200.0	2000.0	1393.04165697665	0.0	0	377.6126794173906	1593.0416569768277	1	0	1	1.4533639808515166
204200.0	2000.0	1393.0416569766599	0.0	0	368.05021998862503	1593.0416569768277	1	0	1	1.8588290889596812
205200.0	2000.0	1393.0416569766642	0.0	0	574.3550129726063	1593.0416569768277	1	0	1	1.8588290889596812
206200.0	2000.0	1393.041656976674	0.0	0	632.4206672514847	1593.0416569768277	1	0	1	1.8588290889596812
207200.0	3000.0	1393.041656976679	0.0	0	320.2999684421229	1593.0416569768277	1	0	1	1.8588290889596815
208200.0	2000.0	1393.0416569766749	0.0	0	195.51121484028408	1593.0416569767985	1	0	1	1.453363980851518
209200.0	3000.0	1393.0416569767015	0.0	0	131.46305427126936	1593.0416569767985	1	0	1	1.8588290889596828
210200.0	2000.0	1393.0416569766567	0.0	0	227.05651107389713	1593.0416569767694	1	0	1	1.4533639808515182
211200.0	2000.0	1393.0416569766542	0.0	0	246.57734504080145	1593.0416569767694	1	0	1	1.858829088959684
212200.0	2000.0	1393.041656976676	0.0	0	340.9043016259384	1593.0416569767694	1	0	1	1.858829088959684
213200.0	2000.0	1393.041656976705	0.0	0	517.4089977310796	1593.0416569767985	1	0	1	1.8588290889596826
214200.0	2000.0	1393.0416569766996	0.0	0	335.1002301883418	1593.0416569767694	1	0	1	1.858829088959684
215200.0	2000.0	1393.0416569767476	0.0	0	427.3583499476663	1593.0416569767985	1	0	1	1.8588290889596837
216200.0	2000.0	1393.0416569767538	0.0	0	542.7700960019138	1593.0416569767985	1	0	1	1.8588290889596826
217200.0	2000.0	1393.0416569767995	0.0	0	350.2926848073839	1593.0416569767985	1	0	1	1.8588290889596826
218200.0	2000.0	1393.0416569767597	0.0	0	316.93261689617066	1593.0416569767694	1	0	1	1.8588290889596828
219200.0	2000.0	1393.0416569767394	0.0	0	35.07521859300323	1593.0416569767694	1	0	1	1.858829088959684
220200.0	2000.0	1393.0416569767474	0.0	0	186.5402537935588	1593.0416569767403	1	0	1	1.8588290889596841
221200.0	2000.0	1393.041656976743	0.0	0	426.57363167215954	1593.0416569767112	1	0	1	1.8588290889596857
222200.0	2000.0	1393.0416569767606	0.0	0	310.0462587893999	1593.0416569766821	1	0	1	1.858829088959687
223200.0	2000.0	1393.041656976753	0.0	0	532.3303084107756	1593.041656976653	1	0	1	1.8588290889596895
224200.0	2000.0	1393.0416569767656	0.0	0	255.2353622012015	1593.041656976624	1	0	1	1.85882908895969
225200.0	2000.0	1393.0416569767683	0.0	0	391.7781900408154	1593.041656976624	1	0	1	1.8588290889596908
226200.0	2000.0	1393.0416569767622	0.0	0	467.66088611408486	1593.0416569765657	1	0	1	1.8588290889596926
227200.0	2000.0	1393.0416569767785	0.0	0	117.00061954394914	1593.0416569765657	1	0	1	1.8588290889596937
228200.0	2000.0	1393.0416569767958	0.0	0	331.46154779495555	1593.0416569765657	1	0	1	1.8588290889596937
229200.0	2000.0	1393.0416569768024	0.0	0	385.84419834718574	1593.0416569765657	1	0	1	1.8588290889596937
230200.0	2000.0	1393.041656976848	0.0	0	383.14579420458176	1593.041656976624	1	0	1	1.8588290889596921
231200.0	2000.0	1393.0416569768379	0.0	0	425.3968426484498	1593.041656976624	1	0	1	1.8588290889596908
232200.0	2000.0	1393.0416569768458	0.0	0	372.67418227449525	1593.041656976624	1	0	1	1.8588290889596908
233200.0	3000.0	1393.0416569768208	0.0	0	394.8875647854293	1593.041656976624	1	0	1	1.858829088959691
234200.0	3000.0	1393.0416569768402	0.0	0	215.57374745898414	1593.0416569765948	1	0	1	2.264294197067856
235200.0	2000.0	1393.0416569768033	0.0	0	134.98344163797447	1593.0416569765948	1	0	1	1.4533639808515277
236200.0	2000.0	1393.0416569768242	0.0	0	174.74388817840372	1593.0416569765657	1	0	1	1.8588290889596926
237200.0	2000.0	1393.041656976798	0.0	0	59.04238146811258	1593.0416569765657	1	0	1	1.8588290889596937
238200.0	2000.0	1393.0416569767747	0.0	0	471.20794348587515	1593.0416569765366	1	0	1	1.858829088959694
239200.0	2000.0	1393.0416569767722	0.0	0	319.9250503075309	1593.0416569765366	1	0	1	1.858829088959695
240200.0	2000.0	1393.0416569767733	0.0	0	185.14529141693492	1593.0416569765657	1	0	1	1.8588290889596937
241200.0	2000.0	1393.0416569767956	0.0	0	236.06913305839407	1593.0416569765657	1	0	1	1.8588290889596937
242200.0	2000.0	1393.0416569767744	0.0	0	401.7901698294445	1593.0416569765657	1	0	1	1.8588290889596937
243200.0	2000.0	1393.0416569767715	0.0	0	350.0008519376279	1593.0416569765366	1	0	1	1.858829088959695
244200.0	2000.0	1393.0416569767638	0.0	0	424.2537750391348	1593.0416569765366	1	0	1	1.858829088959695
245200.0	3000.0	1393.0416569767467	0.0	0	267.53622342197923	1593.0416569765366	1	0	1	1.8588290889596952
246458.49790697495	6000.0	1134.5437500018	0.0	0	0.0	1593.0416569765366	1	0	1	2.26429419706786
247200.0	2000.0	1393.0416569767388	0.0	0	180.4488495394762	1593.0416569765366	1	0	1	0.7602168002915854
248200.0	2000.0	1393.0416569767262	0.0	0	512.0732690263831	1593.0416569765366	1	0	1	1.858829088959695
249200.0	3000.0	1393.0416569767572	0.0	0	330.2057345290086	1593.0416569765366	1	0	1	1.8588290889596952
250200.0	2000.0	1393.0416569767403	0.0	0	363.36499699470005	1593.0416569765366	1	0	1	1.4533639808515304
251200.0	2000.0	1393.041656976747	0.0	0	572.3178027489048	1593.0416569765366	1	0	1	1.858829088959695
252200.0	2000.0	1393.0416569767408	0.0	0	555.6274639299663	1593.0416569765366	1	0	1	1.858829088959695
253200.0	3000.0	1393.0416569767294	0.0	0	296.96736220660387	1593.0416569765075	1	0	1	1.8588290889596966
254200.0	3000.0	1393.041656976732	0.0	0	381.81985773632186	1593.0416569765075	1	0	1	2.264294197067861
255342.99148428146	3000.0	1250.050172695253	0.0	0	0.0	1593.0416569765075	1	0	1	2.264294197067861
256200.0	2000.0	1393.0416569767065	0.0	0	192.01248590441537	1593.0416569765075	1	0	1	1.453363980851532
257200.0	2000.0	1393.0416569766994	0.0	0	366.79952236494864	1593.0416569765075	1	0	1	1.8588290889596966
258200.0	3000.0	1393.0416569766799	0.0	0	172.02290882641682	1593.0416569764784	1	0	1	1.858829088959697
259200.0	3000.0	1393.0416569766767	0.0	0	197.0587711095286	1593.0416569764493	1	0	1	2.264294197067864
260200.0	3000.0	1393.0416569766803	0.0	0	336.1989180582168	1593.0416569765075	1	0	1	2.2642941970678625
261200.0	2000.0	1393.0416569766667	0.0	0	232.30027195237926	1593.0416569765075	1	0	1	1.453363980851532
262200.0	2000.0	1393.0416569766676	0.0	0	371.98737592587713	1593.0416569765075	1	0	1	1.8588290889596966
263226.6536456128	2000.0	1366.3880113637713	0.0	0	0.0	1593.0416569764202	1	0	1	1.8588290889596983
264200.0	2000.0	1393.0416569765373	0.0	0	205.4038491139654	1593.041656976391	1	0	1	1.8588290889597014
265200.0	2000.0	1393.0416569764395	0.0	0	393.93674994667526	1593.041656976333	1	0	1	1.8588290889597048
266200.0	2000.0	1393.041656976437	0.0	0	414.86374490271555	1593.041656976333	1	0	1	1.8588290889597048
267200.0	2000.0	1393.0416569765146	0.0	0	302.59682114212774	1593.041656976333	1	0	1	1.8588290889597048
268200.0	3000.0	1393.041656976546	0.0	0	223.83339120377786	1593.041656976333	1	0	1	1.858829088959705
269200.0	2000.0	1393.0416569765746	0.0	0	382.9535357611603	1593.041656976391	1	0	1	1.4533639808515373
270200.0	2000.0	1393.0416569765714	0.0	0	489.80584831535816	1593.041656976391	1	0	1	1.858829088959702
271200.0	3000.0	1393.041656976539	0.0	0	232.6060699504451	1593.041656976391	1	0	1	1.8588290889597021
272200.0	2000.0	1393.0416569765491	0.0	0	450.207482401398	1593.0416569764493	1	0	1	1.4533639808515346
273200.0	2000.0	1393.0416569765962	0.0	0	625.3784760317067	1593.0416569764493	1	0	1	1.858829088959697
274607.23043695407	3000.0	985.8112200224884	0.0	0	0.0	1593.0416569765075	1	0	1	1.8588290889596966
275241.9959489701	2000.0	1351.0457080064966	0.0	0	0.0	1593.0416569765657	1	0	1	1.453363980851529
276200.0	3000.0	1393.0416569765785	0.0	0	268.11258143367013	1593.041656976624	1	0	1	1.8588290889596932
277200.0	2000.0	1393.0416569765862	0.0	0	390.5959552814602	1593.041656976624	1	0	1	1.4533639808515284
278200.0	2000.0	1393.041656976582	0.0	0	511.6964397202246	1593.041656976624	1	0	1	1.8588290889596908
279200.0	2000.0	1393.0416569766423	0.0	0	315.0818662084057	1593.0416569765657	1	0	1	1.8588290889596937
280200.0	2000.0	1393.0416569766567	0.0	0	282.8720429104287	1593.0416569765657	1	0	1	1.8588290889596937
281200.0	2000.0	1393.0416569766764	0.0	0	545.3322320167208	1593.041656976624	1	0	1	1.858829088959693
282200.0	2000.0	1393.0416569766614	0.0	0	253.93266188760754	1593.0416569765657	1	0	1	1.8588290889596937
283200.0	2000.0	1393.0416569767522	0.0	0	284.1404394043493	1593.0416569765657	1	0	1	1.8588290889596937
284200.0	2000.0	1393.041656976743	0.0	0	187.06116942310473	1593.0416569765657	1	0	1	1.858829088959696
285200.0	2000.0	1393.041656976794	0.0	0	461.43001453444595	1593.041656976624	1	0	1	1.858829088959693
286200.0	2000.0	1393.041656976854	0.0	0	430.0204080726835	1593.041656976624	1	0	1	1.8588290889596886
287200.0	3000.0	1393.0416569768859	0.0	0	186.46556542161852	1593.041656976624	1	0	1	1.858829088959691
288200.0	3000.0	1393.041656976898	0.0	0	179.1282074159244	1593.0416569765657	1	0	1	2.2642941970678563
289200.0	3000.0	1393.041656976961	0.0	0	100.66914142650785	1593.0416569765075	1	0	1	2.264294197067861
290200.0	3000.0	1393.0416569769304	0.0	0	47.988303017104045	1593.0416569765075	1	0	1	2.264294197067861
291636.3318183067	6000.0	956.7098386701903	0.0	0	0.0	1593.0416569765075	1	0	1	2.2642941970678607
292200.0	2000.0	1393.041656976838	0.0	0	35.575821674836334	1593.0416569765657	1	0	1	0.760216800291584
293200.0	2000.0	1393.0416569768436	0.0	0	606.053584295616	1593.0416569765075	1	0	1	1.8588290889596943
294200.0	3000.0	1393.0416569767578	0.0	0	291.5758157679811	1593.0416569764493	1	0	1	1.8588290889596972
295200.0	3000.0	1393.041656976734	0.0	0	217.0274302402977	1593.041656976391	1	0	1	2.264294197067867
296200.0	3000.0	1393.0416569767144	0.0	0	192.09162862517405	1593.041656976391	1	0	1	2.264294197067867
297301.98007050884	3000.0	1291.0615864678155	0.0	0	0.0	1593.041656976391	1	0	1	2.264294197067867
298200.0	2000.0	1393.0416569766685	0.0	0	425.9292838493129	1593.041656976391	1	0	1	1.4533639808515373
299200.0	2000.0	1393.0416569767297	0.0	0	452.1450823797495	1593.041656976391	1	0	1	1.858829088959702
300200.0	2000.0	1393.041656976777	0.0	0	556.5950327352039	1593.041656976391	1	0	1	1.858829088959702
2.98	4.16	4.12	3.76	3.58	4.12	3.61	3.93	2.9	3.6	4.69	4.02	5.25	3.59	5.51	5.57	4.19	3.51	5.79	5.13	3.56	3.09	2.88	3.97	4.09	3.06	3.24	4.0	4.11	2.93	4.01	6.31	4.26	4.81	3.86	3.6	3.88	4.18	4.26	1.99	3.6	3.59	3.05	2.68	3.79	3.36	3.24	4.76	2.91	3.42	4.09	5.31	4.07	3.36	3.76	2.43	2.94	2.73	3.59	3.88	3.6	3.44	3.64	3.35	2.36	2.97	4.12	3.54	3.43	3.1	3.41	3.49	2.79	3.16	3.1	2.66	4.41	3.29	5.22	3.95	2.54	3.07	2.76	3.16	3.24	2.03	3.43	4.68	3.39	3.65	4.7	5.38	3.08	4.29	4.09	2.92	3.63	3.85	3.63	4.65	3.41	3.61	4.29	4.05	4.47	3.9	3.15	3.19	1.69	2.63	3.86	2.69	3.17	4.61	3.46	3.48	4.52	3.46	4.82	2.56	2.77	5.87	2.79	3.63	3.61	3.04	3.46	3.73	3.13	2.99	3.64	4.62	4.58	3.34	4.33	4.1	5.15	2.88	4.29	5.73	4.23	4.05	3.16	3.72	3.7	3.82	4.4	3.39	3.46	2.26	2.98	4.16	4.12	3.76	3.58	4.12	3.61	3.93	2.9	3.6	4.69	4.02	5.25	3.59	5.51	5.57	4.19	3.51	5.79	5.13	3.56	3.09	2.88	3.97	4.09	3.06	3.24	4.0	4.11	2.93	4.01	6.31	4.26	4.81	3.86	3.6	3.88	4.18	4.26	1.99	3.6	3.59	3.05	2.68	3.79	3.36	3.24	4.76	2.91	3.42	4.09	5.31	4.07	3.36	3.76	2.43	2.94	2.73	3.59	3.88	3.6	3.44	3.64	3.35	2.36	2.97	4.12	3.54	3.43	3.1	3.41	3.49	2.79	3.16	3.1	2.66	4.41	3.29	5.22	3.95	2.54	3.07	2.76	3.16	3.24	2.03	3.43	4.68	3.39	3.65	4.7	5.38	3.08	4.29	4.09	2.92	3.63	3.85	3.63	4.65	3.41	3.61	4.29	4.05	4.47	3.9	3.15	3.19	1.69	2.63	3.86	2.69	3.17	4.61	3.46	3.48	4.52	3.46	4.82	2.56	2.77	5.87	2.79	3.63	3.61	3.04	3.46	3.73	3.13	2.99	3.64	4.62	4.58	3.34	4.33	4.1	5.15	2.88	4.29	5.73	4.23	4.05	3.16	3.72	3.7	3.82	4.4	3.39
1.0	2.0	3.0	4.0	5.0	6.0	7.0	8.0	9.0	10.0	11.0	12.0	13.0	14.0	15.0	16.0	17.0	18.0	19.0	20.0	21.0	22.0	23.0	24.0	25.0	26.0	27.0	28.0	29.0	30.0	31.0	32.0	33.0	34.0	35.0	36.0	37.0	38.0	39.0	40.0	41.0	42.0	43.0	44.0	45.0	46.0	47.0	48.0	49.0	50.0	51.0	52.0	53.0	54.0	55.0	56.0	57.0	58.0	59.0	60.0	61.0	62.0	63.0	64.0	65.0	66.0	67.0	68.0	69.0	70.0	71.0	72.0	73.0	74.0	75.0	76.0	77.0	78.0	79.0	80.0	81.0	82.0	83.0	84.0	85.0	86.0	87.0	88.0	89.0	90.0	91.0	92.0	93.0	94.0	95.0	96.0	97.0	98.0	99.0	100.0	101.0	102.0	103.0	104.0	105.0	106.0	107.0	108.0	109.0	110.0	111.0	112.0	113.0	114.0	115.0	116.0	117.0	118.0	119.0	120.0	121.0	122.0	123.0	124.0	125.0	126.0	127.0	128.0	129.0	130.0	131.0	132.0	133.0	134.0	135.0	136.0	137.0	138.0	139.0	140.0	141.0	142.0	143.0	144.0	145.0	146.0	147.0	148.0	149.0	149.0	150.0	151.0	152.0	153.0	154.0	155.0	156.0	157.0	158.0	159.0	160.0	161.0	162.0	163.0	164.0	165.0	166.0	167.0	168.0	169.0	170.0	171.0	172.0	173.0	174.0	175.0	176.0	177.0	178.0	179.0	180.0	181.0	182.0	183.0	184.0	185.0	186.0	187.0	188.0	189.0	190.0	191.0	192.0	193.0	194.0	195.0	196.0	197.0	198.0	199.0	200.0	201.0	202.0	203.0	204.0	205.0	206.0	207.0	208.0	209.0	210.0	211.0	212.0	213.0	214.0	215.0	216.0	217.0	218.0	219.0	220.0	221.0	222.0	223.0	224.0	225.0	226.0	227.0	228.0	229.0	230.0	231.0	232.0	233.0	234.0	235.0	236.0	237.0	238.0	239.0	240.0	241.0	242.0	243.0	244.0	245.0	246.0	247.0	248.0	249.0	250.0	251.0	252.0	253.0	254.0	255.0	256.0	257.0	258.0	259.0	260.0	261.0	262.0	263.0	264.0	265.0	266.0	267.0	268.0	269.0	270.0	271.0	272.0	273.0	274.0	275.0	276.0	277.0	278.0	279.0	280.0	281.0	282.0	283.0	284.0	285.0	286.0	287.0	288.0	289.0	290.0	291.0	292.0	293.0	294.0	295.0	296.0	297.0
5032.714780561606
