2938.989934177074	300.0	2000.0	87.37004288836461	0	0.0	2938.989934177074	1	0	1	-0.6909506736382768
3459.546896762106	2000.0	2479.443037414968	0.0	0	0.0	2938.989934177073	1	0	1	-0.16908754943254328
4200.0	3000.0	2664.944623853285	0.0	0	62.23347957979695	2864.9446238532837	1	0	2	1.3365337357930978
5595.784032273556	3000.0	2129.582188352373	0.0	0	0.0	2725.3662206259273	1	0	2	1.960717884616094
6200.0	2000.0	2464.944623853284	0.0	0	61.74492702507905	2664.944623853283	1	0	2	1.1617146990435938
7200.0	3000.0	2364.9446238532823	0.0	0	25.788223919475968	2564.944623853281	1	0	2	1.5787099388490726
8200.0	3000.0	2264.944623853282	0.0	0	277.15239124957225	2464.944623853281	1	0	2	1.9949621750274844
9200.0	3000.0	2164.944623853283	0.0	0	36.736716370218346	2364.944623853281	1	0	2	2.0069448003168073
10200.0	3000.0	2064.9446238532837	0.0	0	254.59903456550637	2264.944623853282	1	0	2	2.0160188575034033
11394.062406718078	3000.0	1751.475976463396	0.0	0	0.0	2145.5383831814725	1	0	2	2.026908048543704
12493.484760655581	3000.0	1542.111387132144	0.0	0	0.0	2035.5961477877245	1	0	2	2.035918755968913
13200.0	2000.0	1764.944623853285	0.0	0	179.85412861190161	1964.9446238532837	1	0	2	1.230122728122189
14200.0	2000.0	1764.944623853285	0.0	0	41.729817055045714	1964.9446238532855	1	0	1	1.6375009299600076
15200.0	2000.0	1664.9446238532853	0.0	0	234.37627424221137	1864.9446238532855	1	0	2	1.4417825372497883
16200.0	2000.0	1664.9446238532844	0.0	0	156.2022166782972	1864.9446238532855	1	0	1	1.6440114579463128
17200.0	2000.0	1664.9446238532869	0.0	0	320.50092949556347	1864.9446238532873	1	0	1	1.844011457946313
18200.0	2000.0	1664.9446238532882	0.0	0	375.99818572256845	1864.944623853291	1	0	1	1.844011457946313
19200.0	2000.0	1664.9446238532855	0.0	0	82.70574604313879	1864.9446238532873	1	0	1	1.844011457946313
20337.109385244257	2000.0	1527.8352386090287	0.0	0	0.0	1864.944623853291	1	0	1	1.8440114579463127
21200.0	2000.0	1664.9446238532842	0.0	0	7.781739154383104	1864.944623853291	1	0	1	1.8440114579463127
22200.0	3000.0	1664.9446238532837	0.0	0	168.42274916663519	1864.944623853291	1	0	1	1.844011457946313
23200.0	3000.0	1664.9446238532835	0.0	0	319.3862793031476	1864.944623853291	1	0	1	2.2494765660544775
24200.0	3000.0	1664.9446238532805	0.0	0	158.87095793935077	1864.944623853291	1	0	1	2.2494765660544775
25787.70592611789	6000.0	1077.2386977353917	0.0	0	0.0	1864.944623853291	1	0	1	2.2494765660544775
26451.547272014715	2000.0	1413.3973518385694	0.0	0	0.0	1864.9446238532946	1	0	1	0.7453991692782027
27200.0	2000.0	1664.9446238532823	0.0	0	213.07860675981283	1864.944623853291	1	0	1	1.8440114579463127
28200.0	3000.0	1664.9446238532812	0.0	0	180.56064584364503	1864.944623853291	1	0	1	1.844011457946313
29200.0	3000.0	1664.9446238532853	0.0	0	33.2365087167891	1864.944623853291	1	0	1	2.2494765660544775
30200.0	2000.0	1664.9446238532823	0.0	0	115.59980232655289	1864.944623853291	1	0	1	1.438546349838148
31259.18119750064	2000.0	1605.763426352644	0.0	0	0.0	1864.944623853291	1	0	1	1.8440114579463127
32200.0	2000.0	1664.9446238532807	0.0	0	377.87217239331585	1864.944623853291	1	0	1	1.8440114579463127
33200.0	3000.0	1564.9446238532828	0.0	0	295.66762895736247	1764.944623853291	1	0	2	1.447741339481843
34200.0	2000.0	1564.9446238532828	0.0	0	432.4685041395933	1764.9446238532946	1	0	1	1.2444559342786032
35200.0	2000.0	1564.9446238532794	0.0	0	256.4631768359104	1764.944623853291	1	0	1	1.849921042386768
36200.0	2000.0	1564.9446238532773	0.0	0	516.731159245719	1764.944623853291	1	0	1	1.849921042386768
37200.0	3000.0	1564.9446238532796	0.0	0	52.393360865768045	1764.944623853291	1	0	1	1.849921042386768
38200.0	2000.0	1564.9446238532782	0.0	0	218.16141595735826	1764.9446238532837	1	0	1	1.4444559342786039
39200.0	2000.0	1564.9446238532819	0.0	0	462.3918319836812	1764.944623853291	1	0	1	1.849921042386768
40200.0	2000.0	1564.9446238532837	0.0	0	495.20118076490326	1764.944623853291	1	0	1	1.849921042386768
41200.0	2000.0	1564.9446238532762	0.0	0	508.1364394335251	1764.9446238532837	1	0	1	1.8499210423867685
42200.0	3000.0	1564.944623853274	0.0	0	390.1145434828286	1764.9446238532837	1	0	1	1.8499210423867687
43563.643396952575	6000.0	1201.3012269007065	0.0	0	0.0	1764.9446238532837	1	0	1	2.2553861504949326
44200.0	2000.0	1564.9446238532878	0.0	0	34.86164497464051	1764.944623853291	1	0	1	0.7513087537186584
45200.0	2000.0	1564.9446238532873	0.0	0	238.10669896953186	1764.944623853291	1	0	1	1.849921042386768
46200.0	3000.0	1564.9446238532823	0.0	0	7.250484274351038	1764.944623853291	1	0	1	1.849921042386768
47200.0	2000.0	1564.9446238532835	0.0	0	491.2779055866122	1764.944623853291	1	0	1	1.4444559342786034
48200.0	2000.0	1564.9446238532767	0.0	0	462.79213764626184	1764.9446238532837	1	0	1	1.8499210423867685
49200.0	3000.0	1464.9446238532719	0.0	0	379.5511151123137	1664.9446238532837	1	0	2	1.4532974497584925
50200.0	3000.0	1464.9446238532678	0.0	0	377.73553819975496	1664.9446238532837	1	0	1	2.0607486733359526
51200.0	2000.0	1464.9446238532607	0.0	0	460.32264735768695	1664.9446238532764	1	0	1	1.4498184571196235
52462.62667842742	3000.0	1202.3179454258416	0.0	0	0.0	1664.9446238532764	1	0	1	1.8552835652277884
53200.0	2000.0	1464.9446238532605	0.0	0	177.89651105496887	1664.9446238532764	1	0	1	1.4498184571196235
54200.0	2000.0	1464.9446238532685	0.0	0	473.21080903942493	1664.9446238532837	1	0	1	1.855283565227788
55200.0	2000.0	1464.9446238532707	0.0	0	350.3923417442202	1664.9446238532764	1	0	1	1.8552835652277881
56200.0	2000.0	1464.9446238532691	0.0	0	326.44865772891353	1664.9446238532691	1	0	1	1.8552835652277886
57200.0	2000.0	1464.9446238532705	0.0	0	456.1467606590668	1664.9446238532691	1	0	1	1.8552835652277886
58200.0	3000.0	1364.9446238532719	0.0	0	445.82038994250615	1564.9446238532837	1	0	2	1.4582975664318467
59200.0	2000.0	1364.9446238532653	0.0	0	358.5074571385194	1564.9446238532837	1	0	1	1.2546832543514377
60200.0	2000.0	1364.944623853267	0.0	0	532.3284564722271	1564.9446238532837	1	0	1	1.8601483624596025
61387.468955974095	3000.0	1177.4756678791764	0.0	0	0.0	1564.9446238532837	1	0	1	1.8601483624596025
62200.0	2000.0	1364.9446238532669	0.0	0	154.72926890756935	1564.9446238532837	1	0	1	1.4546832543514379
63200.0	2000.0	1364.9446238532705	0.0	0	376.85454703389405	1564.9446238532837	1	0	1	1.8601483624596025
64200.0	2000.0	1364.9446238532678	0.0	0	274.4319041049166	1564.9446238532837	1	0	1	1.8601483624596025
65200.0	2000.0	1364.9446238532653	0.0	0	483.56017403002625	1564.944623853291	1	0	1	1.860148362459602
66932.06500061323	6000.0	632.8796232400447	0.0	0	0.0	1564.9446238533055	1	0	1	1.8601483624596018
67266.90247449162	2000.0	1298.0421493616616	0.0	0	0.0	1564.9446238533128	1	0	1	0.7615360737914915
68200.0	2000.0	1364.9446238532876	0.0	0	472.5514238300966	1564.9446238533128	1	0	1	1.8601483624596011
69200.0	2000.0	1364.944623853291	0.0	0	323.6432083624386	1564.9446238532983	1	0	1	1.8601483624596018
70200.0	3000.0	1364.9446238532948	0.0	0	79.21194964676397	1564.9446238532983	1	0	1	1.860148362459602
71200.0	2000.0	1364.9446238532912	0.0	0	222.8218725998886	1564.9446238533128	1	0	1	1.4546832543514365
72200.0	2000.0	1364.9446238532917	0.0	0	240.8682988382934	1564.9446238533128	1	0	1	1.8601483624596011
73200.0	2000.0	1364.9446238533067	0.0	0	499.33994217886357	1564.9446238533128	1	0	1	1.8601483624596011
74200.0	2000.0	1364.9446238533005	0.0	0	389.23193854249257	1564.9446238532983	1	0	1	1.8601483624596018
75200.0	3000.0	1364.9446238533012	0.0	0	339.859096958171	1564.9446238532983	1	0	1	1.860148362459602
76200.0	3000.0	1364.944623853308	0.0	0	181.54136705817655	1564.9446238533128	1	0	1	2.2656134705677657
77200.0	2000.0	1364.9446238533096	0.0	0	460.7393532682763	1564.9446238533128	1	0	1	1.4546832543514365
78200.0	2000.0	1364.9446238533155	0.0	0	69.25675859724288	1564.9446238533128	1	0	1	1.8601483624596011
79200.0	2000.0	1364.9446238533033	0.0	0	354.6045670672611	1564.9446238532983	1	0	1	1.8601483624596018
80200.0	2000.0	1364.944623853317	0.0	0	342.1369053296221	1564.9446238532983	1	0	1	1.8601483624596018
81200.0	2000.0	1364.9446238533246	0.0	0	450.1980725502799	1564.9446238532983	1	0	1	1.8601483624596018
82200.0	3000.0	1364.9446238533121	0.0	0	416.7263783067756	1564.9446238532837	1	0	1	1.8601483624596025
83200.0	2000.0	1364.944623853295	0.0	0	284.49214981471596	1564.9446238532837	1	0	1	1.4546832543514379
84200.0	2000.0	1364.9446238532928	0.0	0	468.18086357317225	1564.9446238532691	1	0	1	1.8601483624596034
85200.0	3000.0	1364.944623853297	0.0	0	390.17944736960635	1564.9446238532691	1	0	1	1.8601483624596034
86200.0	2000.0	1364.9446238533078	0.0	0	234.97105413135432	1564.9446238532691	1	0	1	1.4546832543514387
87200.0	2000.0	1364.9446238533174	0.0	0	272.16180909211107	1564.9446238532837	1	0	1	1.8601483624596025
88200.0	3000.0	1364.9446238533096	0.0	0	290.22862999362405	1564.9446238532837	1	0	1	1.8601483624596025
89200.0	3000.0	1364.9446238533208	0.0	0	296.3355026481877	1564.9446238532837	1	0	1	2.265613470567767
90200.0	2000.0	1364.9446238533324	0.0	0	477.5601309107151	1564.9446238532837	1	0	1	1.4546832543514379
91200.0	3000.0	1364.9446238533274	0.0	0	41.32233324967092	1564.9446238532691	1	0	1	1.8601483624596034
92200.0	3000.0	1364.944623853317	0.0	0	369.40770767608774	1564.9446238532691	1	0	1	2.265613470567768
93200.0	2000.0	1364.944623853309	0.0	0	208.9014146362606	1564.9446238532691	1	0	1	1.4546832543514387
94200.0	2000.0	1364.9446238533062	0.0	0	400.94484368867415	1564.9446238532691	1	0	1	1.8601483624596034
95200.0	3000.0	1364.9446238533171	0.0	0	320.6775945197296	1564.9446238532691	1	0	1	1.8601483624596034
96200.0	3000.0	1364.944623853322	0.0	0	359.1828375792684	1564.9446238532691	1	0	1	2.265613470567768
97200.0	3000.0	1364.944623853327	0.0	0	230.25051043536223	1564.9446238532691	1	0	1	2.265613470567768
98200.0	3000.0	1364.9446238533073	0.0	0	69.1229671065812	1564.9446238532546	1	0	1	2.2656134705677684
99200.0	3000.0	1364.94462385332	0.0	0	437.93700842477847	1564.9446238532546	1	0	1	2.2656134705677684
100200.0	3000.0	1364.9446238533185	0.0	0	201.7853106919647	1564.9446238532546	1	0	1	2.2656134705677684
101200.0	2000.0	1364.9446238533064	0.0	0	233.18738953597494	1564.9446238532691	1	0	1	1.4546832543514387
102200.0	3000.0	1364.9446238533021	0.0	0	250.4529700685962	1564.9446238532691	1	0	1	1.8601483624596034
103200.0	2000.0	1364.9446238533108	0.0	0	186.87059229277656	1564.9446238532691	1	0	1	1.4546832543514387
104200.0	2000.0	1364.9446238533214	0.0	0	340.5895658653026	1564.9446238532691	1	0	1	1.8601483624596034
105200.0	2000.0	1364.944623853311	0.0	0	443.2993970868265	1564.9446238532546	1	0	1	1.8601483624596038
106200.0	2000.0	1364.9446238533005	0.0	0	142.5335179615795	1564.94462385324	1	0	1	1.8601483624596047
107200.0	2000.0	1364.9446238532958	0.0	0	539.2304444636975	1564.94462385324	1	0	1	1.8601483624596047
108200.0	2000.0	1364.9446238532805	0.0	0	336.48168804941815	1564.94462385324	1	0	1	1.8601483624596047
109200.0	2000.0	1364.9446238532848	0.0	0	398.46564472303726	1564.9446238532546	1	0	1	1.8601483624596038
110297.19187536958	3000.0	1267.75274848369	0.0	0	0.0	1564.94462385324	1	0	1	1.8601483624596047
111200.0	2000.0	1364.9446238532682	0.0	0	339.2876315442845	1564.94462385324	1	0	1	1.45468325435144
112200.0	3000.0	1364.9446238532673	0.0	0	407.9335577625752	1564.94462385324	1	0	1	1.8601483624596047
113200.0	3000.0	1364.94462385327	0.0	0	434.3383640405664	1564.9446238532255	1	0	1	2.2656134705677697
114200.0	3000.0	1364.944623853248	0.0	0	177.31709170226532	1564.9446238532255	1	0	1	2.2656134705677697
116265.87006442959	6000.0	299.0745594236554	0.0	0	0.0	1564.9446238532255	1	0	1	2.2656134705677697
116795.17348145002	2000.0	769.7711424032237	0.0	0	0.0	1564.9446238532255	1	0	1	0.7615360737914956
117524.0628698175	2000.0	1040.8817540357463	0.0	0	0.0	1564.9446238532255	1	0	1	1.8601483624596051
118200.0	2000.0	1364.9446238532414	0.0	0	25.719513437870773	1564.9446238532255	1	0	1	1.8601483624596051
119200.0	2000.0	1364.9446238532444	0.0	0	411.82713528577005	1564.94462385324	1	0	1	1.8601483624596047
120200.0	2000.0	1364.9446238532587	0.0	0	526.3181719836575	1564.94462385324	1	0	1	1.8601483624596047
121200.0	2000.0	1364.9446238532546	0.0	0	524.9230319312628	1564.94462385324	1	0	1	1.8601483624596047
122200.0	3000.0	1364.9446238532403	0.0	0	334.7410496919183	1564.94462385324	1	0	1	1.8601483624596047
123200.0	3000.0	1364.9446238532348	0.0	0	284.5959538607858	1564.94462385324	1	0	1	2.2656134705677693
124200.0	2000.0	1364.9446238532335	0.0	0	438.3220246700075	1564.9446238532255	1	0	1	1.4546832543514405
125200.0	2000.0	1364.9446238532398	0.0	0	560.8315364829759	1564.94462385324	1	0	1	1.8601483624596047
126200.0	2000.0	1364.9446238532314	0.0	0	543.6969010500616	1564.94462385324	1	0	1	1.8601483624596047
127200.0	3000.0	1364.9446238532405	0.0	0	171.00297994840366	1564.94462385324	1	0	1	1.8601483624596047
128200.0	3000.0	1364.9446238532475	0.0	0	378.10481768836326	1564.94462385324	1	0	1	2.2656134705677693
129200.0	3000.0	1364.9446238532444	0.0	0	175.77704646655184	1564.9446238532255	1	0	1	2.2656134705677697
130200.0	2000.0	1364.9446238532394	0.0	0	554.9464531059057	1564.9446238532255	1	0	1	1.4546832543514405
131200.0	2000.0	1364.9446238532405	0.0	0	465.091625703717	1564.94462385324	1	0	1	1.8601483624596047
132200.0	2000.0	1364.9446238532248	0.0	0	415.60170451537124	1564.944623853211	1	0	1	1.8601483624596056
133200.0	2000.0	1364.9446238532266	0.0	0	511.8103872020729	1564.9446238531964	1	0	1	1.860148362459606
134200.0	3000.0	1364.9446238532405	0.0	0	93.9820870818221	1564.9446238532255	1	0	1	1.8601483624596058
135200.0	2000.0	1364.9446238532291	0.0	0	408.39290398027515	1564.9446238531964	1	0	1	1.4546832543514419
136200.0	2000.0	1364.9446238532596	0.0	0	101.95732895162655	1564.9446238532255	1	0	1	1.8601483624596051
137200.0	2000.0	1364.944623853233	0.0	0	336.0865660721611	1564.9446238532255	1	0	1	1.8601483624596051
138200.0	2000.0	1364.9446238532341	0.0	0	542.7590082040988	1564.9446238532255	1	0	1	1.8601483624596051
139222.68558253162	3000.0	1342.2590413216003	0.0	0	0.0	1564.9446238532255	1	0	1	1.8601483624596054
140200.0	2000.0	1364.9446238532144	0.0	0	361.61934301329893	1564.9446238532255	1	0	1	1.4546832543514405
141200.0	3000.0	1364.9446238532107	0.0	0	204.02967549077584	1564.9446238532255	1	0	1	1.8601483624596054
142200.0	2000.0	1364.94462385321	0.0	0	520.2674314489705	1564.9446238532255	1	0	1	1.4546832543514405
143200.0	2000.0	1364.9446238532307	0.0	0	415.93550664710347	1564.9446238531964	1	0	1	1.8601483624596065
144200.0	2000.0	1364.9446238531996	0.0	0	319.3296275283792	1564.9446238531673	1	0	1	1.860148362459608
145200.0	3000.0	1364.9446238532078	0.0	0	200.27421935542952	1564.9446238531673	1	0	1	1.8601483624596082
146200.0	3000.0	1364.944623853222	0.0	0	192.31353910869802	1564.9446238531673	1	0	1	2.265613470567773
147200.0	3000.0	1364.9446238532119	0.0	0	96.09059893310769	1564.9446238531673	1	0	1	2.265613470567773
148200.0	2000.0	1364.944623853214	0.0	0	373.72610713521135	1564.9446238531673	1	0	1	1.4546832543514434
149200.0	2000.0	1364.9446238532412	0.0	0	409.32110223712516	1564.9446238531673	1	0	1	1.860148362459608
150200.0	3000.0	1364.9446238532248	0.0	0	161.88561968531576	1564.9446238531673	1	0	1	1.8601483624596082
151200.0	2000.0	1364.9446238532073	0.0	0	134.65925210836576	1564.9446238531382	1	0	1	1.4546832543514445
152200.0	2000.0	1364.9446238531916	0.0	0	262.7614793573739	1564.944623853109	1	0	1	1.8601483624596105
153200.0	2000.0	1364.9446238532198	0.0	0	355.98090454837075	1564.9446238531382	1	0	1	1.8601483624596091
154200.0	2000.0	1364.9446238532585	0.0	0	416.45403964299476	1564.9446238531382	1	0	1	1.8601483624596091
155200.0	2000.0	1364.9446238532587	0.0	0	275.4285946266609	1564.9446238531673	1	0	1	1.8601483624596085
156200.0	2000.0	1364.9446238532882	0.0	0	521.7817788762914	1564.9446238531673	1	0	1	1.860148362459608
157200.0	2000.0	1364.944623853238	0.0	0	549.9082578470698	1564.9446238531673	1	0	1	1.860148362459608
158200.0	2000.0	1364.9446238532396	0.0	0	294.3800085026014	1564.9446238531673	1	0	1	1.860148362459608
159200.0	2000.0	1364.9446238532153	0.0	0	230.8555445310194	1564.9446238531673	1	0	1	1.860148362459608
160200.0	2000.0	1364.9446238532146	0.0	0	447.17445567881805	1564.9446238531673	1	0	1	1.860148362459608
161200.0	2000.0	1364.9446238532266	0.0	0	391.47376764414366	1564.9446238531673	1	0	1	1.860148362459608
162200.0	2000.0	1364.9446238532453	0.0	0	162.76343089036527	1564.9446238531382	1	0	1	1.8601483624596091
163200.0	2000.0	1364.9446238532673	0.0	0	187.22326828792575	1564.9446238531673	1	0	1	1.860148362459608
164200.0	2000.0	1364.9446238532169	0.0	0	342.4271631310694	1564.9446238531673	1	0	1	1.860148362459608
165200.0	2000.0	1364.9446238532041	0.0	0	257.4772063107521	1564.9446238531964	1	0	1	1.860148362459607
166200.0	2000.0	1364.9446238532278	0.0	0	386.90987870524987	1564.9446238531964	1	0	1	1.8601483624596065
167200.0	2000.0	1364.9446238532287	0.0	0	358.7219962394156	1564.9446238531964	1	0	1	1.8601483624596065
168200.0	2000.0	1364.9446238532414	0.0	0	196.48011086357292	1564.9446238531673	1	0	1	1.860148362459608
169540.36214658272	2000.0	1024.582477270517	0.0	0	0.0	1564.9446238531382	1	0	1	1.8601483624596091
170299.1228258414	2000.0	1265.821798011864	0.0	0	0.0	1564.9446238531382	1	0	1	1.8601483624596091
171200.0	2000.0	1364.9446238532482	0.0	0	422.9637676575512	1564.9446238531382	1	0	1	1.8601483624596091
172200.0	2000.0	1364.9446238532414	0.0	0	485.84534305427223	1564.9446238531382	1	0	1	1.8601483624596091
173200.0	3000.0	1364.9446238532219	0.0	0	210.49582900170935	1564.9446238531382	1	0	1	1.8601483624596091
174806.80157477307	6000.0	758.1430490801235	0.0	0	0.0	1564.9446238531382	1	0	1	2.2656134705677737
175354.18131173353	2000.0	1210.763312119648	0.0	0	0.0	1564.944623853109	1	0	1	0.7615360737915009
176200.0	2000.0	1364.944623853209	0.0	0	384.86549186432967	1564.944623853109	1	0	1	1.8601483624596105
177200.0	2000.0	1364.944623853194	0.0	0	555.3435677199741	1564.94462385308	1	0	1	1.8601483624596118
178200.0	2000.0	1364.9446238531934	0.0	0	495.53872196853627	1564.94462385308	1	0	1	1.8601483624596118
179200.0	2000.0	1364.944623853158	0.0	0	4.677322182920761	1564.944623853109	1	0	1	1.860148362459611
180200.0	2000.0	1364.9446238531323	0.0	0	188.65120670662145	1564.944623853109	1	0	1	1.8601483624596105
181200.0	2000.0	1364.9446238531036	0.0	0	317.1573299925076	1564.944623853109	1	0	1	1.8601483624596105
182200.0	2000.0	1364.9446238530768	0.0	0	481.68452253134456	1564.944623853109	1	0	1	1.8601483624596105
183200.0	2000.0	1364.944623853074	0.0	0	185.6408388435084	1564.944623853109	1	0	1	1.8601483624596105
184200.0	2000.0	1364.9446238530793	0.0	0	232.8265410818567	1564.944623853109	1	0	1	1.8601483624596105
185200.0	2000.0	1364.9446238530727	0.0	0	324.67256046264083	1564.944623853109	1	0	1	1.8601483624596105
186200.0	3000.0	1364.944623853083	0.0	0	309.770776826801	1564.944623853109	1	0	1	1.8601483624596107
187200.0	2000.0	1364.9446238530647	0.0	0	307.08607730738004	1564.944623853109	1	0	1	1.4546832543514459
188200.0	2000.0	1364.9446238530668	0.0	0	381.41797545406735	1564.94462385308	1	0	1	1.8601483624596118
189200.0	2000.0	1364.9446238530418	0.0	0	429.74710618625977	1564.944623853109	1	0	1	1.8601483624596105
190200.0	2000.0	1364.9446238530331	0.0	0	384.1984658774745	1564.94462385308	1	0	1	1.8601483624596118
191200.0	3000.0	1364.944623853016	0.0	0	117.97447922910214	1564.9446238530509	1	0	1	1.8601483624596133
192900.40030275463	6000.0	664.544321098377	0.0	0	0.0	1564.9446238530509	1	0	1	2.265613470567778
193736.08058457862	2000.0	828.8640392743735	0.0	0	0.0	1564.9446238530218	1	0	1	0.761536073791505
194200.0	2000.0	1364.9446238529713	0.0	0	19.389251878194045	1564.9446238529927	1	0	1	1.860148362459616
195200.0	2000.0	1364.944623852945	0.0	0	519.4956997298868	1564.9446238530218	1	0	1	1.8601483624596147
196200.0	2000.0	1364.9446238529374	0.0	0	285.269030791329	1564.9446238530218	1	0	1	1.8601483624596147
197200.0	2000.0	1364.9446238529495	0.0	0	386.9040772167791	1564.9446238530218	1	0	1	1.8601483624596147
198200.0	3000.0	1364.944623852975	0.0	0	335.55130072304746	1564.9446238530218	1	0	1	1.860148362459615
199200.0	3000.0	1364.9446238529954	0.0	0	218.86548278323608	1564.9446238530218	1	0	1	2.2656134705677795
200200.0	3000.0	1364.9446238529863	0.0	0	272.0252319057472	1564.9446238530218	1	0	1	2.2656134705677795
201200.0	2000.0	1364.9446238529788	0.0	0	276.77711189791444	1564.9446238530218	1	0	1	1.45468325435145
202200.0	2000.0	1364.9446238529663	0.0	0	362.20593676620047	1564.9446238529927	1	0	1	1.860148362459616
203200.0	2000.0	1364.9446238529763	0.0	0	257.05577144320705	1564.9446238529927	1	0	1	1.860148362459616
204200.0	2000.0	1364.9446238529897	0.0	0	484.32975530135445	1564.9446238530218	1	0	1	1.8601483624596147
205200.0	2000.0	1364.9446238530184	0.0	0	229.35737929865718	1564.9446238530218	1	0	1	1.8601483624596147
206200.0	2000.0	1364.9446238530147	0.0	0	185.58912866626633	1564.9446238529927	1	0	1	1.860148362459616
207200.0	2000.0	1364.944623853038	0.0	0	543.6120279841707	1564.9446238529927	1	0	1	1.860148362459616
208200.0	2000.0	1364.9446238530534	0.0	0	529.1328507794533	1564.9446238529927	1	0	1	1.860148362459616
209200.0	2000.0	1364.944623853057	0.0	0	376.82284829969285	1564.9446238529927	1	0	1	1.860148362459616
210251.32171841283	3000.0	1313.6229054402415	0.0	0	0.0	1564.9446238529927	1	0	1	1.8601483624596162
211200.0	2000.0	1364.9446238530682	0.0	0	183.85422040178673	1564.9446238530218	1	0	1	1.4546832543514503
212200.0	2000.0	1364.9446238531057	0.0	0	405.18907934083836	1564.9446238530218	1	0	1	1.8601483624596147
213200.0	2000.0	1364.9446238531266	0.0	0	179.14619948138716	1564.9446238530218	1	0	1	1.8601483624596147
214200.0	2000.0	1364.9446238531198	0.0	0	376.1713004219346	1564.9446238530218	1	0	1	1.8601483624596147
215200.0	3000.0	1364.9446238531375	0.0	0	115.6618007006764	1564.9446238530218	1	0	1	1.860148362459615
216200.0	2000.0	1364.9446238531627	0.0	0	289.96467471669894	1564.9446238530218	1	0	1	1.45468325435145
217426.5330821383	6000.0	1138.4115417148348	0.0	0	0.0	1564.9446238530218	1	0	1	1.8601483624596147
218200.0	2000.0	1364.944623853135	0.0	0	172.7395037121023	1564.9446238530218	1	0	1	0.761536073791505
219200.0	2000.0	1364.944623853155	0.0	0	520.3654998847342	1564.9446238530218	1	0	1	1.8601483624596147
220200.0	2000.0	1364.9446238531757	0.0	0	273.96425483949133	1564.9446238529927	1	0	1	1.860148362459616
221200.0	2000.0	1364.9446238531934	0.0	0	203.5201899589738	1564.9446238530218	1	0	1	1.8601483624596153
222200.0	2000.0	1364.9446238531632	0.0	0	346.0671079811291	1564.9446238530218	1	0	1	1.8601483624596147
223200.0	3000.0	1364.9446238531714	0.0	0	230.0345186854247	1564.9446238530509	1	0	1	1.8601483624596138
224200.0	2000.0	1364.9446238531784	0.0	0	296.4413375275908	1564.9446238530509	1	0	1	1.4546832543514485
225200.0	2000.0	1364.9446238531577	0.0	0	345.4363952902495	1564.9446238530509	1	0	1	1.8601483624596131
226200.0	2000.0	1364.9446238531866	0.0	0	280.77365476300474	1564.9446238530509	1	0	1	1.8601483624596131
227200.0	2000.0	1364.9446238531991	0.0	0	221.65888780666864	1564.9446238530509	1	0	1	1.8601483624596131
228200.0	2000.0	1364.9446238531839	0.0	0	559.38709210651	1564.9446238530509	1	0	1	1.8601483624596131
229200.0	2000.0	1364.9446238531584	0.0	0	499.6097049685195	1564.9446238530509	1	0	1	1.8601483624596131
230200.0	2000.0	1364.9446238531523	0.0	0	321.03546997293597	1564.9446238530509	1	0	1	1.8601483624596131
231200.0	3000.0	1364.9446238531318	0.0	0	182.2575028372521	1564.9446238530218	1	0	1	1.860148362459615
232200.0	2000.0	1364.9446238531214	0.0	0	505.6965151904733	1564.9446238530218	1	0	1	1.45468325435145
233200.0	2000.0	1364.944623853123	0.0	0	265.28266564398655	1564.9446238530218	1	0	1	1.8601483624596147
235454.3804576219	6000.0	200.0	89.43583376883021	0	0.0	1654.3804576217663	1	0	1	1.3226677241977909
235958.88619996954	2000.0	776.4523986637486	80.9581410113565	0	0.0	1735.3385986331268	1	0	1	0.26720223845125807
236398.26453394917	2000.0	1337.0740646841234	0.0	0	0.0	1735.3385986331268	1	0	1	1.8515633731875067
237200.0	2000.0	1535.3385986332823	0.0	0	166.7993231706787	1735.3385986330977	1	0	1	1.8515633731875083
238200.0	3000.0	1535.338598633265	0.0	0	141.6154169026704	1735.3385986330686	1	0	1	1.8515633731875099
239200.0	3000.0	1535.338598633263	0.0	0	48.394884392939275	1735.3385986330686	1	0	1	2.2570284812956745
240221.93238372589	3000.0	1513.4062149073943	0.0	0	0.0	1735.3385986330686	1	0	1	2.2570284812956745
241328.6442574083	3000.0	1406.6943412249882	0.0	0	0.0	1735.3385986330977	1	0	1	2.257028481295673
242200.0	2000.0	1535.338598633286	0.0	0	352.4579308908724	1735.3385986330686	1	0	1	1.4460982650793452
243200.0	2000.0	1535.3385986332871	0.0	0	260.654848205304	1735.3385986330977	1	0	1	1.8515633731875083
244200.0	3000.0	1435.338598633306	0.0	0	255.6820908311347	1635.3385986331268	1	0	2	1.4549755223752163
245200.0	3000.0	1435.3385986332987	0.0	0	238.79797363179387	1635.3385986331268	1	0	1	2.0622387023074493
246200.0	3000.0	1435.3385986333014	0.0	0	226.57143414765596	1635.3385986331268	1	0	1	2.2622387023074495
247200.0	3000.0	1435.338598633321	0.0	0	60.644774540589424	1635.3385986331268	1	0	1	2.2622387023074495
248200.0	3000.0	1435.3385986333296	0.0	0	353.0849529572588	1635.338598633156	1	0	1	2.262238702307448
249200.0	3000.0	1435.338598633324	0.0	0	287.11160089075565	1635.3385986331268	1	0	1	2.2622387023074495
250200.0	2000.0	1435.33859863336	0.0	0	277.6166192140954	1635.338598633156	1	0	1	1.451308486091119
251507.74423838654	3000.0	1127.5943602467855	0.0	0	0.0	1635.3385986330977	1	0	1	1.8567735941992862
252200.0	2000.0	1435.3385986333435	0.0	0	101.2698278761527	1635.3385986330977	1	0	1	1.4513084860911216
253200.0	2000.0	1435.338598633355	0.0	0	612.8356015912723	1635.3385986330977	1	0	1	1.8567735941992862
254200.0	2000.0	1435.3385986333674	0.0	0	389.535629452439	1635.3385986330977	1	0	1	1.8567735941992862
255200.0	2000.0	1435.3385986333806	0.0	0	163.20269693247974	1635.3385986330686	1	0	1	1.8567735941992876
256200.0	3000.0	1435.3385986334056	0.0	0	123.61063042434398	1635.3385986330686	1	0	1	1.8567735941992882
257200.0	2000.0	1435.3385986334235	0.0	0	365.9789935289591	1635.3385986330686	1	0	1	1.4513084860911234
258200.0	2000.0	1435.3385986334363	0.0	0	424.1530312334362	1635.3385986330686	1	0	1	1.856773594199288
259228.28412760943	3000.0	1407.054471024023	0.0	0	0.0	1635.3385986330686	1	0	1	1.8567735941992882
260200.0	2000.0	1435.338598633442	0.0	0	322.8641134270583	1635.3385986330686	1	0	1	1.4513084860911234
261736.98414077182	6000.0	898.354457861612	0.0	0	0.0	1635.3385986330395	1	0	1	1.8567735941992893
262200.0	2000.0	1435.3385986334115	0.0	0	9.954068571794778	1635.3385986330104	1	0	1	0.75816130553118
263200.0	2000.0	1435.3385986334424	0.0	0	472.3207682654029	1635.3385986330686	1	0	1	1.8567735941992893
264200.0	3000.0	1435.3385986334288	0.0	0	97.82896519597853	1635.3385986330686	1	0	1	1.856773594199288
265200.0	2000.0	1435.3385986334326	0.0	0	416.77429121837486	1635.3385986330686	1	0	1	1.4513084860911234
266255.9695512595	3000.0	1379.3690473738864	0.0	0	0.0	1635.3385986330686	1	0	1	1.8567735941992882
267200.0	2000.0	1435.3385986333717	0.0	0	238.040350633848	1635.3385986330686	1	0	1	1.4513084860911234
268200.0	2000.0	1435.3385986334115	0.0	0	283.6331002045772	1635.3385986331268	1	0	1	1.856773594199285
269200.0	3000.0	1435.3385986334251	0.0	0	365.9801254388876	1635.338598633185	1	0	1	1.8567735941992822
270200.0	2000.0	1435.3385986334279	0.0	0	337.36033564276295	1635.338598633185	1	0	1	1.4513084860911176
271200.0	3000.0	1435.3385986334733	0.0	0	186.66987400501966	1635.338598633185	1	0	1	1.8567735941992822
272200.0	3000.0	1435.338598633455	0.0	0	64.82652006670833	1635.3385986331268	1	0	1	2.2622387023074495
273200.0	2000.0	1435.338598633473	0.0	0	198.2909988038009	1635.3385986331268	1	0	1	1.4513084860911203
274200.0	3000.0	1435.3385986334297	0.0	0	323.56899390515173	1635.3385986331268	1	0	1	1.8567735941992851
275200.0	2000.0	1435.3385986334602	0.0	0	488.72054320649477	1635.3385986330686	1	0	1	1.4513084860911234
276200.0	3000.0	1435.33859863351	0.0	0	132.86470650159754	1635.3385986330686	1	0	1	1.8567735941992882
277200.0	3000.0	1435.338598633513	0.0	0	141.54749033699045	1635.3385986330686	1	0	1	2.2622387023074517
278200.0	3000.0	1435.3385986335538	0.0	0	151.91824893880403	1635.3385986330686	1	0	1	2.2622387023074526
279200.0	3000.0	1435.3385986335768	0.0	0	149.52685406373348	1635.3385986330104	1	0	1	2.2622387023074544
280200.0	2000.0	1435.3385986335459	0.0	0	336.96775708312634	1635.3385986329522	1	0	1	1.451308486091129
281200.0	2000.0	1435.3385986335222	0.0	0	442.1892375405878	1635.3385986329522	1	0	1	1.8567735941992936
282200.0	2000.0	1435.3385986335352	0.0	0	293.2182490535779	1635.338598632894	1	0	1	1.8567735941992967
283200.0	3000.0	1435.3385986335272	0.0	0	177.2707882001414	1635.338598632894	1	0	1	1.8567735941992969
284200.0	3000.0	1435.3385986335584	0.0	0	20.491452239162754	1635.338598632894	1	0	1	2.2622387023074615
285200.0	2000.0	1435.3385986335402	0.0	0	136.66533364920178	1635.338598632894	1	0	1	1.451308486091132
286200.0	2000.0	1435.338598633588	0.0	0	310.1170619893819	1635.3385986329522	1	0	1	1.8567735941992936
287200.0	2000.0	1435.3385986335716	0.0	0	229.34490428044228	1635.3385986329522	1	0	1	1.8567735941992936
288200.0	2000.0	1435.3385986335447	0.0	0	480.76080215134425	1635.3385986329522	1	0	1	1.8567735941992936
289200.0	2000.0	1435.3385986335543	0.0	0	496.3643418722204	1635.3385986329522	1	0	1	1.8567735941992936
290200.0	3000.0	1435.338598633525	0.0	0	100.85738074616529	1635.3385986330104	1	0	1	1.856773594199292
291200.0	2000.0	1435.338598633555	0.0	0	251.94378407625481	1635.3385986330104	1	0	1	1.451308486091126
292200.0	2000.0	1435.338598633522	0.0	0	488.70332646521274	1635.3385986330104	1	0	1	1.8567735941992907
293200.0	2000.0	1435.3385986334927	0.0	0	531.1362841752125	1635.3385986330104	1	0	1	1.8567735941992907
294200.0	3000.0	1435.3385986335127	0.0	0	308.58363407163415	1635.3385986330104	1	0	1	1.8567735941992909
295200.0	3000.0	1435.3385986335513	0.0	0	136.98142062005354	1635.3385986330104	1	0	1	2.2622387023074557
297039.46128816536	6000.0	595.877310468179	0.0	0	0.0	1635.3385986330104	1	0	1	2.2622387023074553
297557.29896549723	2000.0	1078.0396331362524	0.0	0	0.0	1635.3385986330104	1	0	1	0.7581613055311811
298200.0	2000.0	1435.3385986334429	0.0	0	188.09997358632972	1635.3385986330686	1	0	1	1.856773594199288
299200.0	2000.0	1435.3385986334517	0.0	0	579.2427418372245	1635.3385986330686	1	0	1	1.856773594199288
300200.0	2000.0	1435.3385986334938	0.0	0	316.80461561563425	1635.3385986330686	1	0	1	1.856773594199288
4.26	3.08	2.2	3.83	3.74	2.97	3.02	3.5	3.17	3.26	2.84	2.63	2.99	3.39	2.72	2.87	2.88	1.46	4.49	4.4	3.89	4.24	3.5	3.64	4.38	3.5	3.01	2.21	2.59	4.84	3.32	3.45	3.13	4.18	3.5	2.8	3.17	3.8	4.17	4.94	3.85	3.15	3.86	3.76	3.26	3.83	4.12	3.72	3.53	3.1	3.79	3.14	2.77	2.64	4.01	4.14	3.14	3.79	2.71	3.95	3.42	3.27	4.6	3.41	5.27	3.65	4.01	3.32	3.44	2.91	4.36	3.89	3.79	3.44	2.27	3.88	3.46	3.7	4.7	3.72	3.13	4.69	3.46	2.95	3.98	4.59	3.94	3.96	4.03	3.27	3.08	4.25	4.63	3.89	3.89	3.92	4.69	2.91	4.34	2.27	4.6	3.57	2.46	3.68	3.58	3.3	4.12	3.31	5.29	4.6	4.3	4.52	3.06	3.76	3.29	3.59	4.2	3.54	4.27	3.97	3.3	3.75	3.63	4.75	4.22	4.0	3.7	3.5	3.46	3.58	4.26	3.73	2.58	2.68	3.29	4.44	2.99	4.41	3.73	3.3	3.35	3.96	4.08	4.37	3.21	3.56	4.78	3.72	2.43	4.07	4.26	3.08	2.2	3.83	3.74	2.97	3.02	3.5	3.17	3.26	2.84	2.63	2.99	3.39	2.72	2.87	2.88	1.46	4.49	4.4	3.89	4.24	3.5	3.64	4.38	3.5	3.01	2.21	2.59	4.84	3.32	3.45	3.13	4.18	3.5	2.8	3.17	3.8	4.17	4.94	3.85	3.15	3.86	3.76	3.26	3.83	4.12	3.72	3.53	3.1	3.79	3.14	2.77	2.64	4.01	4.14	3.14	3.79	2.71	3.95	3.42	3.27	4.6	3.41	5.27	3.65	4.01	3.32	3.44	2.91	4.36	3.89	3.79	3.44	2.27	3.88	3.46	3.7	4.7	3.72	3.13	4.69	3.46	2.95	3.98	4.59	3.94	3.96	4.03	3.27	3.08	4.25	4.63	3.89	3.89	3.92	4.69	2.91	4.34	2.27	4.6	3.57	2.46	3.68	3.58	3.3	4.12	3.31	5.29	4.6	4.3	4.52	3.06	3.76	3.29	3.59	4.2	3.54	4.27	3.97	3.3	3.75	3.63	4.75	4.22	4.0	3.7	3.5	3.46	3.58	4.26	3.73	2.58	2.68	3.29	4.44	2.99	4.41	3.73	3.3	3.35	3.96	4.08	4.37	3.21	3.56	4.78	3.72	2.43	4.07	4.26
1.0	2.0	3.0	4.0	5.0	6.0	7.0	8.0	9.0	10.0	11.0	12.0	13.0	14.0	15.0	16.0	17.0	18.0	19.0	20.0	21.0	22.0	23.0	24.0	25.0	26.0	27.0	28.0	29.0	30.0	31.0	32.0	33.0	34.0	35.0	36.0	37.0	38.0	39.0	40.0	41.0	42.0	43.0	44.0	45.0	46.0	47.0	48.0	49.0	50.0	51.0	52.0	53.0	54.0	55.0	56.0	57.0	58.0	59.0	60.0	61.0	62.0	63.0	64.0	65.0	66.0	67.0	68.0	69.0	70.0	71.0	72.0	73.0	74.0	75.0	76.0	77.0	78.0	79.0	80.0	81.0	82.0	83.0	84.0	85.0	86.0	87.0	88.0	89.0	90.0	91.0	92.0	93.0	94.0	95.0	96.0	97.0	98.0	99.0	100.0	101.0	102.0	103.0	104.0	105.0	106.0	107.0	108.0	109.0	110.0	111.0	112.0	113.0	114.0	115.0	116.0	117.0	118.0	119.0	120.0	121.0	122.0	123.0	124.0	125.0	126.0	127.0	128.0	129.0	130.0	131.0	132.0	133.0	134.0	135.0	136.0	137.0	138.0	139.0	140.0	141.0	142.0	143.0	144.0	145.0	146.0	147.0	148.0	149.0	149.0	150.0	151.0	152.0	153.0	154.0	155.0	156.0	157.0	158.0	159.0	160.0	161.0	162.0	163.0	164.0	165.0	166.0	167.0	168.0	169.0	170.0	171.0	172.0	173.0	174.0	175.0	176.0	177.0	178.0	179.0	180.0	181.0	182.0	183.0	184.0	185.0	186.0	187.0	188.0	189.0	190.0	191.0	192.0	193.0	194.0	195.0	196.0	197.0	198.0	199.0	200.0	201.0	202.0	203.0	204.0	205.0	206.0	207.0	208.0	209.0	210.0	211.0	212.0	213.0	214.0	215.0	216.0	217.0	218.0	219.0	220.0	221.0	222.0	223.0	224.0	225.0	226.0	227.0	228.0	229.0	230.0	231.0	232.0	233.0	234.0	235.0	236.0	237.0	238.0	239.0	240.0	241.0	242.0	243.0	244.0	245.0	246.0	247.0	248.0	249.0	250.0	251.0	252.0	253.0	254.0	255.0	256.0	257.0	258.0	259.0	260.0	261.0	262.0	263.0	264.0	265.0	266.0	267.0	268.0	269.0	270.0	271.0	272.0	273.0	274.0	275.0	276.0	277.0	278.0	279.0	280.0	281.0	282.0	283.0	284.0	285.0	286.0	287.0	288.0	289.0	290.0	291.0	292.0	293.0	294.0	295.0	296.0	297.0	298.0	298.0	299.0
2753.29570882001
