3599.4324730462613	300.0	2000.0	78.00782571238483	0	0.0	3599.4324730462613	1	0	1	-0.7874118076650258
3893.888973721833	2000.0	2705.5434993244285	0.0	0	0.0	3599.432473046261	1	0	1	-0.32262722722516746
4682.562399704391	6000.0	2916.87007334187	0.0	0	0.0	3599.432473046261	1	0	1	1.574492757660714
5356.569664597492	6000.0	3242.8628084487705	0.0	0	0.0	3599.4324730462627	1	0	1	2.6731050463288235
6200.0	6000.0	3399.432473046263	0.0	0	378.4878242611521	3599.432473046263	1	0	1	2.673105046328823
7200.0	6000.0	3399.4324730462617	0.0	0	530.8870714514796	3599.4324730462617	1	0	1	2.673105046328823
8200.0	6000.0	3399.432473046261	0.0	0	166.0073292696652	3599.4324730462613	1	0	1	2.6731050463288235
9200.0	6000.0	3399.432473046263	0.0	0	262.79172132641725	3599.432473046265	1	0	1	2.673105046328823
10289.665138037564	6000.0	3309.7673350086993	0.0	0	0.0	3599.432473046266	1	0	1	2.6731050463288226
11200.0	6000.0	3399.4324730462654	0.0	0	165.9784505955613	3599.4324730462686	1	0	1	2.6731050463288217
12200.0	6000.0	3399.4324730462654	0.0	0	412.2784340888775	3599.4324730462686	1	0	1	2.6731050463288213
13200.0	6000.0	3399.4324730462663	0.0	0	33.96262971979377	3599.4324730462686	1	0	1	2.6731050463288213
14200.0	6000.0	3399.432473046268	0.0	0	308.14813377721293	3599.4324730462686	1	0	1	2.6731050463288213
15200.0	6000.0	3399.4324730462677	0.0	0	37.010893335636865	3599.4324730462686	1	0	1	2.6731050463288213
16282.281572913784	6000.0	3317.150900132486	0.0	0	0.0	3599.4324730462686	1	0	1	2.6731050463288213
17200.0	6000.0	3399.43247304627	0.0	0	139.99326179361378	3599.4324730462704	1	0	1	2.6731050463288213
18200.0	6000.0	3399.4324730462704	0.0	0	303.82562747220436	3599.4324730462704	1	0	1	2.673105046328821
19200.0	6000.0	3399.4324730462713	0.0	0	278.3648779711875	3599.432473046272	1	0	1	2.673105046328821
20200.0	6000.0	3399.432473046269	0.0	0	420.948453092602	3599.4324730462686	1	0	1	2.673105046328821
21214.18810898825	6000.0	3385.244364058018	0.0	0	0.0	3599.4324730462686	1	0	1	2.6731050463288213
22200.0	6000.0	3399.432473046275	0.0	0	382.93287603672434	3599.4324730462686	1	0	1	2.6731050463288213
23200.0	6000.0	3399.4324730462754	0.0	0	193.29874243370432	3599.4324730462686	1	0	1	2.6731050463288213
24200.0	6000.0	3399.4324730462768	0.0	0	397.70869304957523	3599.4324730462686	1	0	1	2.6731050463288213
25200.0	6000.0	3399.432473046276	0.0	0	121.43934980835911	3599.4324730462686	1	0	1	2.6731050463288213
26200.0	6000.0	3399.432473046273	0.0	0	83.300311951185	3599.4324730462686	1	0	1	2.6731050463288213
27200.0	6000.0	3399.432473046272	0.0	0	190.5949172532637	3599.4324730462686	1	0	1	2.6731050463288213
28200.0	6000.0	3399.4324730462763	0.0	0	302.0765627367655	3599.4324730462686	1	0	1	2.6731050463288213
29200.0	6000.0	3399.432473046281	0.0	0	31.758718121491256	3599.4324730462686	1	0	1	2.6731050463288213
30200.0	6000.0	3399.43247304628	0.0	0	434.0686023850394	3599.4324730462686	1	0	1	2.6731050463288213
31200.0	6000.0	3399.43247304628	0.0	0	375.57472267495905	3599.4324730462686	1	0	1	2.6731050463288213
32478.661925417502	6000.0	3120.7705476287792	0.0	0	0.0	3599.4324730462686	1	0	1	2.6731050463288213
33580.37084116789	6000.0	3019.06163187839	0.0	0	0.0	3599.4324730462686	1	0	1	2.673105046328821
34200.0	3000.0	3337.4695571630705	0.0	0	114.99859533835115	3537.469557163058	1	0	2	0.8985850325364391
35200.0	6000.0	3337.4695571630737	0.0	0	260.3594931810876	3537.469557163062	1	0	1	1.7983674353731025
36200.0	6000.0	3337.469557163076	0.0	0	333.5355983703921	3537.4695571630655	1	0	1	2.6915146159330465
37200.0	6000.0	3337.4695571630737	0.0	0	281.98787396964326	3537.4695571630655	1	0	1	2.691514615933046
38200.0	6000.0	3337.4695571630687	0.0	0	102.36661042940977	3537.469557163058	1	0	1	2.6915146159330483
39200.0	6000.0	3337.4695571630687	0.0	0	216.7792062962326	3537.469557163058	1	0	1	2.6915146159330483
40200.0	6000.0	3337.4695571630623	0.0	0	149.3578988507652	3537.4695571630655	1	0	1	2.691514615933046
41200.0	6000.0	3337.4695571630623	0.0	0	176.35673375102488	3537.4695571630655	1	0	1	2.691514615933046
42200.0	6000.0	3337.4695571630537	0.0	0	86.12892269547592	3537.4695571630655	1	0	1	2.691514615933046
43200.0	6000.0	3337.4695571630514	0.0	0	265.6689638227035	3537.469557163058	1	0	1	2.6915146159330483
44200.0	6000.0	3337.4695571630477	0.0	0	284.5251729182273	3537.469557163051	1	0	1	2.69151461593305
45200.0	6000.0	3337.469557163052	0.0	0	283.5280278956707	3537.469557163051	1	0	1	2.69151461593305
46200.0	6000.0	3337.4695571630573	0.0	0	300.28268682429916	3537.469557163051	1	0	1	2.69151461593305
47200.0	6000.0	3337.4695571630577	0.0	0	465.51218046424765	3537.469557163051	1	0	1	2.69151461593305
48483.586750905924	6000.0	3053.8828062571324	0.0	0	0.0	3537.469557163051	1	0	1	2.69151461593305
49562.93285168296	6000.0	2974.536705480096	0.0	0	0.0	3537.469557163051	1	0	1	2.69151461593305
50200.0	3000.0	3273.762842331349	0.0	0	88.7437020852376	3473.7628423313363	1	0	2	0.9172903044490156
51200.0	6000.0	3273.7628423313513	0.0	0	225.55097474041395	3473.7628423313363	1	0	1	1.8163187689497733
52200.0	6000.0	3273.762842331355	0.0	0	467.2987856349282	3473.7628423313363	1	0	1	2.7094659495097186
53200.0	6000.0	3273.7628423313545	0.0	0	278.0517666018568	3473.7628423313363	1	0	1	2.7094659495097186
54359.29312718945	6000.0	3114.4697151419114	0.0	0	0.0	3473.7628423313436	1	0	1	2.709465949509717
55634.37123286221	6000.0	2839.391609469144	0.0	0	0.0	3473.7628423313436	1	0	1	2.709465949509717
56200.0	3000.0	3217.199965617579	0.0	0	107.67635388163035	3417.199965617576	1	0	2	0.9332146848232503
57200.0	6000.0	3217.199965617575	0.0	0	99.69873464963894	3417.199965617576	1	0	1	1.8314611140439783
58216.8996744444	6000.0	3200.3002911731674	0.0	0	0.0	3417.199965617576	1	0	1	2.7246082946039234
59200.0	6000.0	3217.199965617568	0.0	0	361.495766433276	3417.199965617576	1	0	1	2.7246082946039234
60500.31516811583	6000.0	2916.8847975017366	0.0	0	0.0	3417.199965617576	1	0	1	2.7246082946039234
61622.79227244479	6000.0	2794.4076931727677	0.0	0	0.0	3417.199965617576	1	0	1	2.7246082946039234
62311.37110710722	6000.0	3105.8288585103473	0.0	0	0.0	3417.199965617583	1	0	1	2.7246082946039216
63343.794791783046	6000.0	3073.4051738345192	0.0	0	0.0	3417.199965617583	1	0	1	2.7246082946039216
64552.557562849994	6000.0	2864.6424027675716	0.0	0	0.0	3417.199965617576	1	0	1	2.7246082946039234
65258.67122756026	6000.0	3158.5287380572986	0.0	0	0.0	3417.199965617576	1	0	1	2.7246082946039234
66200.0	6000.0	3217.199965617577	0.0	0	144.48590631691332	3417.1999656175904	1	0	1	2.7246082946039207
67200.0	6000.0	3217.1999656175717	0.0	0	391.76167739105585	3417.199965617583	1	0	1	2.724608294603919
68200.0	6000.0	3217.1999656175776	0.0	0	249.36658485610678	3417.1999656175904	1	0	1	2.7246082946039216
69453.77144248408	6000.0	2963.428523133502	0.0	0	0.0	3417.199965617605	1	0	1	2.7246082946039167
70200.0	6000.0	3217.199965617592	0.0	0	212.6393852223846	3417.1999656175904	1	0	1	2.72460829460392
71200.0	6000.0	3217.1999656175867	0.0	0	320.86585788911907	3417.1999656175904	1	0	1	2.72460829460392
72200.0	6000.0	3217.199965617595	0.0	0	278.63741578873305	3417.199965617576	1	0	1	2.7246082946039234
73200.0	6000.0	3217.1999656176017	0.0	0	386.0193910769449	3417.199965617576	1	0	1	2.7246082946039234
74200.0	6000.0	3217.199965617615	0.0	0	533.7818055577227	3417.1999656175904	1	0	1	2.72460829460392
75200.0	6000.0	3217.199965617597	0.0	0	454.3425230069115	3417.1999656175904	1	0	1	2.72460829460392
76200.0	6000.0	3217.1999656175944	0.0	0	77.7722671925003	3417.199965617576	1	0	1	2.7246082946039234
77493.45297016758	6000.0	2923.7469954500266	0.0	0	0.0	3417.199965617576	1	0	1	2.7246082946039234
78289.59756708446	6000.0	3127.6023985331476	0.0	0	0.0	3417.199965617576	1	0	1	2.7246082946039234
79200.0	6000.0	3217.1999656176026	0.0	0	214.69449430675013	3417.199965617576	1	0	1	2.7246082946039234
80366.69230763776	6000.0	3050.5076579798433	0.0	0	0.0	3417.1999656175904	1	0	1	2.72460829460392
81932.60700164226	6000.0	2484.5929639753526	0.0	0	0.0	3417.1999656175904	1	0	1	2.72460829460392
82550.27875390754	6000.0	2866.9212117100856	0.0	0	0.0	3417.199965617605	1	0	1	2.724608294603916
83200.0	6000.0	3217.1999656176195	0.0	0	135.85530121468764	3417.1999656175904	1	0	1	2.72460829460392
84200.0	6000.0	3217.199965617605	0.0	0	283.67748808526085	3417.1999656175904	1	0	1	2.72460829460392
85200.0	6000.0	3217.1999656176126	0.0	0	281.54774330870714	3417.199965617576	1	0	1	2.7246082946039234
86200.0	6000.0	3217.1999656176254	0.0	0	265.98335011194285	3417.199965617576	1	0	1	2.7246082946039234
87200.0	6000.0	3217.199965617628	0.0	0	511.26928705321916	3417.199965617576	1	0	1	2.7246082946039234
88200.0	6000.0	3217.1999656176376	0.0	0	440.9273655573925	3417.199965617576	1	0	1	2.7246082946039234
89255.60069451269	6000.0	3161.599271104962	0.0	0	0.0	3417.1999656175904	1	0	1	2.72460829460392
90257.69321597788	6000.0	3159.5067496397564	0.0	0	0.0	3417.1999656175904	1	0	1	2.72460829460392
91200.0	6000.0	3217.199965617623	0.0	0	36.90754761388234	3417.1999656175904	1	0	1	2.72460829460392
92217.31550696307	6000.0	3199.8844586545533	0.0	0	0.0	3417.1999656175904	1	0	1	2.72460829460392
93200.0	6000.0	3217.1999656176304	0.0	0	129.53797050885623	3417.1999656175904	1	0	1	2.72460829460392
94200.0	6000.0	3217.1999656176263	0.0	0	8.549414872948546	3417.1999656175904	1	0	1	2.72460829460392
95200.0	6000.0	3217.1999656176245	0.0	0	141.14653927208565	3417.1999656175904	1	0	1	2.72460829460392
96200.0	6000.0	3217.19996561762	0.0	0	247.21182730526198	3417.1999656175904	1	0	1	2.72460829460392
97200.0	6000.0	3217.1999656175963	0.0	0	263.6838016171969	3417.199965617576	1	0	1	2.7246082946039234
98783.5605954562	6000.0	2633.6393701613815	0.0	0	0.0	3417.1999656175612	1	0	1	2.7246082946039274
99598.88910776844	6000.0	2818.3108578491356	0.0	0	0.0	3417.1999656175612	1	0	1	2.7246082946039274
100530.5141169207	6000.0	2886.685848696869	0.0	0	0.0	3417.1999656175612	1	0	1	2.7246082946039274
101200.0	6000.0	3217.199965617573	0.0	0	130.3068720829906	3417.1999656175612	1	0	1	2.7246082946039274
102200.0	6000.0	3217.1999656175612	0.0	0	92.29931092217157	3417.1999656175612	1	0	1	2.7246082946039274
103200.0	6000.0	3217.1999656175576	0.0	0	245.74862746050349	3417.1999656175612	1	0	1	2.7246082946039274
104200.0	6000.0	3217.199965617553	0.0	0	341.2161424016231	3417.1999656175467	1	0	1	2.7246082946039314
105200.0	6000.0	3217.199965617562	0.0	0	226.83710649122077	3417.1999656175467	1	0	1	2.7246082946039314
106200.0	6000.0	3217.1999656175612	0.0	0	182.58648960238497	3417.1999656175467	1	0	1	2.7246082946039314
107200.0	6000.0	3217.1999656175703	0.0	0	2.849018980632536	3417.1999656175467	1	0	1	2.7246082946039314
108840.0035097385	6000.0	2577.1964558790787	0.0	0	0.0	3417.1999656175612	1	0	1	2.7246082946039274
110080.13859265952	6000.0	2337.0613729580446	0.0	0	0.0	3417.1999656175612	1	0	1	2.7246082946039274
110759.45499821275	3000.0	2589.813326849484	0.0	0	0.0	3349.268325062236	1	0	2	0.9513754616170403
111439.62722351082	3000.0	2841.623879021611	0.0	0	0.0	3281.2511025324347	1	0	2	1.8607882484400218
112472.20586809289	6000.0	2809.045234439551	0.0	0	0.0	3281.2511025324347	1	0	1	1.864971386729554
113466.4482787855	6000.0	2814.8028237469457	0.0	0	0.0	3281.2511025324493	1	0	1	2.758118567289496
114288.08490200865	6000.0	2993.166200523779	0.0	0	0.0	3281.2511025324493	1	0	1	2.758118567289496
115450.05386948564	6000.0	2831.197233046791	0.0	0	0.0	3281.2511025324493	1	0	1	2.758118567289496
116230.00598412892	6000.0	3051.2451184035012	0.0	0	0.0	3281.2511025324493	1	0	1	2.758118567289496
117200.0	6000.0	3081.251102532419	0.0	0	155.03202210762538	3281.2511025324493	1	0	1	2.758118567289496
118200.0	6000.0	3081.251102532422	0.0	0	338.34925473615294	3281.2511025324347	1	0	1	2.7581185672894994
119200.0	6000.0	3081.251102532433	0.0	0	283.1751397834596	3281.2511025324347	1	0	1	2.7581185672894994
120200.0	6000.0	3081.2511025324384	0.0	0	151.32518417837855	3281.2511025324347	1	0	1	2.7581185672894994
121200.0	6000.0	3081.2511025324466	0.0	0	54.27691203347058	3281.2511025324347	1	0	1	2.7581185672894994
122200.0	6000.0	3081.251102532432	0.0	0	232.4356351889728	3281.25110253242	1	0	1	2.7581185672895026
123200.0	6000.0	3081.2511025324275	0.0	0	291.71659055356577	3281.25110253242	1	0	1	2.7581185672895026
124200.0	6000.0	3081.251102532433	0.0	0	359.32924976224604	3281.25110253242	1	0	1	2.7581185672895026
125200.0	6000.0	3081.2511025324247	0.0	0	365.592983306502	3281.25110253242	1	0	1	2.7581185672895026
126200.0	6000.0	3081.251102532425	0.0	0	278.9465395137231	3281.25110253242	1	0	1	2.7581185672895026
127200.0	6000.0	3081.2511025324234	0.0	0	402.76451140095014	3281.2511025324056	1	0	1	2.7581185672895057
128200.0	6000.0	3081.251102532421	0.0	0	203.29584836443246	3281.2511025324056	1	0	1	2.7581185672895057
129200.0	6000.0	3081.25110253241	0.0	0	484.79401320317993	3281.2511025324056	1	0	1	2.7581185672895057
130200.0	6000.0	3081.2511025324075	0.0	0	393.6898824427917	3281.2511025324056	1	0	1	2.7581185672895057
131499.14785799952	6000.0	2782.1032445328997	0.0	0	0.0	3281.25110253242	1	0	1	2.7581185672895043
132586.42748532034	6000.0	2694.82361721207	0.0	0	0.0	3281.2511025324056	1	0	1	2.7581185672895074
133200.0	6000.0	3081.2511025323706	0.0	0	23.246241753484355	3281.251102532362	1	0	1	2.758118567289512
134200.0	6000.0	3081.2511025324006	0.0	0	453.65930086831213	3281.251102532391	1	0	1	2.7581185672895128
135200.0	6000.0	3081.2511025323947	0.0	0	396.87011853136937	3281.2511025323765	1	0	1	2.7581185672895128
136283.1371705161	6000.0	2998.113932016311	0.0	0	0.0	3281.2511025323765	1	0	1	2.7581185672895128
137200.0	6000.0	3081.2511025324366	0.0	0	3.020730676187668	3281.2511025323765	1	0	1	2.7581185672895128
138200.0	6000.0	3081.2511025324034	0.0	0	464.8695236634521	3281.2511025323765	1	0	1	2.7581185672895128
139200.0	6000.0	3081.251102532414	0.0	0	145.944848687388	3281.2511025323765	1	0	1	2.7581185672895128
140200.0	6000.0	3081.251102532371	0.0	0	119.77961876726476	3281.2511025323765	1	0	1	2.7581185672895128
141200.0	6000.0	3081.2511025323984	0.0	0	456.2975136480818	3281.2511025323765	1	0	1	2.7581185672895128
142200.0	6000.0	3081.251102532408	0.0	0	320.40502642991487	3281.2511025324056	1	0	1	2.7581185672895057
143200.0	6000.0	3081.2511025324025	0.0	0	418.0644345919718	3281.2511025324056	1	0	1	2.7581185672895057
144225.50503448205	6000.0	3055.7460680503295	0.0	0	0.0	3281.2511025324056	1	0	1	2.7581185672895057
145200.0	6000.0	3081.251102532367	0.0	0	259.0051161952142	3281.2511025324056	1	0	1	2.7581185672895057
146200.0	6000.0	3081.2511025323706	0.0	0	437.44883963130997	3281.2511025323765	1	0	1	2.7581185672895128
147200.0	6000.0	3081.251102532377	0.0	0	425.42752703273436	3281.2511025324056	1	0	1	2.7581185672895057
148200.0	6000.0	3081.251102532381	0.0	0	217.5837023165368	3281.2511025324056	1	0	1	2.7581185672895057
149200.0	6000.0	3081.251102532409	0.0	0	119.24775520685944	3281.2511025324056	1	0	1	2.7581185672895057
150200.0	6000.0	3081.2511025324434	0.0	0	389.75371537177125	3281.2511025324056	1	0	1	2.7581185672895057
151200.0	6000.0	3081.251102532453	0.0	0	292.56428974709706	3281.2511025324056	1	0	1	2.7581185672895057
152200.0	6000.0	3081.2511025324325	0.0	0	56.73051528545329	3281.2511025324056	1	0	1	2.7581185672895057
153200.0	6000.0	3081.2511025324507	0.0	0	17.716003515437478	3281.2511025324056	1	0	1	2.7581185672895057
154200.0	6000.0	3081.25110253242	0.0	0	219.70732873794623	3281.2511025324056	1	0	1	2.7581185672895057
155200.0	6000.0	3081.251102532406	0.0	0	337.14570245248615	3281.2511025323765	1	0	1	2.7581185672895128
156200.0	6000.0	3081.251102532407	0.0	0	595.6760654127575	3281.2511025323765	1	0	1	2.7581185672895128
157200.0	6000.0	3081.2511025324193	0.0	0	388.8532635649317	3281.2511025323765	1	0	1	2.7581185672895128
158200.0	6000.0	3081.2511025324116	0.0	0	215.5008472786285	3281.2511025323765	1	0	1	2.7581185672895128
159351.26408398474	6000.0	2929.9870185476993	0.0	0	0.0	3281.2511025323474	1	0	1	2.75811856728952
160200.0	6000.0	3081.2511025324034	0.0	0	238.59692429366987	3281.2511025323474	1	0	1	2.75811856728952
161200.0	6000.0	3081.2511025324166	0.0	0	17.690383366018068	3281.2511025323474	1	0	1	2.75811856728952
162200.0	6000.0	3081.251102532403	0.0	0	52.16066122017219	3281.2511025323474	1	0	1	2.75811856728952
163200.0	6000.0	3081.2511025324015	0.0	0	273.80554389892495	3281.2511025323474	1	0	1	2.75811856728952
164200.0	6000.0	3081.2511025324097	0.0	0	40.67442055323045	3281.2511025323474	1	0	1	2.75811856728952
165456.86618477738	6000.0	2824.3849177550665	0.0	0	0.0	3281.2511025323765	1	0	1	2.758118567289518
166251.2609290782	6000.0	3029.990173454232	0.0	0	0.0	3281.2511025323765	1	0	1	2.7581185672895128
167200.0	6000.0	3081.251102532432	0.0	0	396.29039688326884	3281.2511025323474	1	0	1	2.75811856728952
168200.0	6000.0	3081.251102532402	0.0	0	279.7905727196776	3281.2511025323474	1	0	1	2.75811856728952
169200.0	6000.0	3081.251102532435	0.0	0	300.51272959981	3281.2511025323474	1	0	1	2.75811856728952
170200.0	6000.0	3081.2511025324065	0.0	0	291.8036590310512	3281.2511025323183	1	0	1	2.7581185672895265
171200.0	6000.0	3081.2511025324375	0.0	0	141.13927085933392	3281.2511025323183	1	0	1	2.7581185672895265
172200.0	6000.0	3081.251102532425	0.0	0	352.0728265836369	3281.2511025323183	1	0	1	2.7581185672895265
173200.0	6000.0	3081.251102532409	0.0	0	307.29566480297945	3281.251102532289	1	0	1	2.758118567289533
174200.0	6000.0	3081.251102532416	0.0	0	346.9344568476663	3281.2511025323183	1	0	1	2.7581185672895265
175262.58460277235	6000.0	3018.6664997600633	0.0	0	0.0	3281.251102532289	1	0	1	2.758118567289533
176200.0	6000.0	3081.2511025324206	0.0	0	173.6689787643263	3281.251102532289	1	0	1	2.758118567289533
177200.0	6000.0	3081.2511025324216	0.0	0	429.11702380276984	3281.251102532289	1	0	1	2.758118567289533
178200.0	6000.0	3081.2511025324466	0.0	0	36.26484984206036	3281.251102532289	1	0	1	2.758118567289533
179200.0	6000.0	3081.251102532426	0.0	0	204.86024007061496	3281.25110253226	1	0	1	2.75811856728954
180200.0	6000.0	3081.251102532455	0.0	0	159.28561087677372	3281.25110253226	1	0	1	2.75811856728954
181378.94242508424	6000.0	2902.3086774482135	0.0	0	0.0	3281.25110253226	1	0	1	2.75811856728954
182691.32088356264	6000.0	2589.930218969807	0.0	0	0.0	3281.251102532231	1	0	1	2.758118567289544
183460.39877368812	6000.0	2820.85232884432	0.0	0	0.0	3281.251102532231	1	0	1	2.7581185672895465
184200.0	6000.0	3081.251102532457	0.0	0	86.22968239834881	3281.251102532231	1	0	1	2.7581185672895465
185200.0	6000.0	3081.2511025324425	0.0	0	333.14109132884187	3281.251102532231	1	0	1	2.7581185672895465
186200.0	6000.0	3081.25110253245	0.0	0	95.28070542798378	3281.251102532231	1	0	1	2.7581185672895465
187200.0	6000.0	3081.2511025324307	0.0	0	351.83502094002324	3281.25110253226	1	0	1	2.75811856728954
188200.0	6000.0	3081.2511025324534	0.0	0	389.1593546345539	3281.25110253226	1	0	1	2.75811856728954
189200.0	6000.0	3081.2511025324216	0.0	0	280.3641636703396	3281.251102532231	1	0	1	2.7581185672895465
190200.0	6000.0	3081.251102532423	0.0	0	140.65327901614364	3281.251102532231	1	0	1	2.7581185672895465
191200.0	6000.0	3081.2511025324625	0.0	0	91.03112873501959	3281.25110253226	1	0	1	2.75811856728954
192200.0	6000.0	3081.2511025324875	0.0	0	261.62384515756276	3281.25110253226	1	0	1	2.75811856728954
193200.0	6000.0	3081.2511025324748	0.0	0	426.1124065616168	3281.251102532289	1	0	1	2.758118567289533
194200.0	6000.0	3081.25110253247	0.0	0	496.8285972705344	3281.25110253226	1	0	1	2.7581185672895385
195200.0	6000.0	3081.251102532479	0.0	0	301.66441566872527	3281.25110253226	1	0	1	2.75811856728954
196200.0	6000.0	3081.2511025324748	0.0	0	454.1579348494124	3281.25110253226	1	0	1	2.75811856728954
197864.81768187296	6000.0	2416.433420659522	0.0	0	0.0	3281.251102532289	1	0	1	2.758118567289536
198998.32383062746	6000.0	2282.9272719050123	0.0	0	0.0	3281.251102532289	1	0	1	2.758118567289533
200106.9777304787	6000.0	2174.273372053758	0.0	0	0.0	3281.2511025323183	1	0	1	2.7581185672895265
200982.1527243747	6000.0	2299.098378157794	0.0	0	0.0	3281.2511025323183	1	0	1	2.7581185672895265
201435.48328999573	6000.0	2845.767812536778	0.0	0	0.0	3281.2511025323183	1	0	1	2.7581185672895265
202200.0	6000.0	3081.2511025324757	0.0	0	26.798550413775956	3281.2511025323183	1	0	1	2.7581185672895265
203705.7581081151	6000.0	2575.4929944173755	0.0	0	0.0	3281.2511025323183	1	0	1	2.7581185672895265
204804.89364779866	6000.0	2476.357454733824	0.0	0	0.0	3281.2511025323183	1	0	1	2.7581185672895265
206243.13096510398	6000.0	2038.1201374284717	0.0	0	0.0	3281.2511025323183	1	0	1	2.7581185672895265
206700.33468228544	3000.0	2535.196048528891	0.0	0	0.0	3235.5307308142073	1	0	2	0.9802600205932372
207200.0	3000.0	2985.564199042835	0.0	0	146.66530894034076	3185.5641990427393	1	0	2	1.882027410852718
208240.2828820954	6000.0	2945.281316947469	0.0	0	0.0	3185.5641990427685	1	0	1	1.886279348895663
209200.0	6000.0	2985.5641990428676	0.0	0	0.858322077721823	3185.5641990427685	1	0	1	2.779426529455608
210431.4116022071	6000.0	2754.15259683576	0.0	0	0.0	3185.5641990427685	1	0	1	2.779426529455608
211213.87302072239	6000.0	2971.6911783205005	0.0	0	0.0	3185.5641990427685	1	0	1	2.779426529455608
212270.0454270446	6000.0	2915.5187719982737	0.0	0	0.0	3185.5641990427976	1	0	1	2.779426529455602
213200.0	6000.0	2985.5641990428785	0.0	0	225.81488194601843	3185.5641990427976	1	0	1	2.779426529455602
214266.8132988367	6000.0	2918.75090020618	0.0	0	0.0	3185.5641990428267	1	0	1	2.7794265294555958
215200.0	6000.0	2985.5641990428485	0.0	0	280.03775200009113	3185.5641990427976	1	0	1	2.779426529455602
216200.0	6000.0	2985.5641990428367	0.0	0	283.58797201755806	3185.5641990427976	1	0	1	2.779426529455602
217200.0	6000.0	2985.5641990428667	0.0	0	188.32766780399834	3185.5641990428267	1	0	1	2.7794265294555958
218375.18291948756	6000.0	2810.381279555298	0.0	0	0.0	3185.5641990428267	1	0	1	2.7794265294555958
219200.0	6000.0	2985.5641990428403	0.0	0	95.17617211994366	3185.5641990428267	1	0	1	2.7794265294555958
220200.0	6000.0	2985.564199042841	0.0	0	522.2403425712837	3185.5641990428267	1	0	1	2.7794265294555958
221200.0	6000.0	2985.5641990428717	0.0	0	265.4762481992075	3185.5641990428267	1	0	1	2.7794265294555958
222200.0	6000.0	2985.5641990428744	0.0	0	384.84935729097924	3185.5641990427976	1	0	1	2.779426529455602
223200.0	6000.0	2985.5641990428753	0.0	0	508.61300531588495	3185.5641990428267	1	0	1	2.7794265294555967
224200.0	6000.0	2985.56419904289	0.0	0	92.19823549568537	3185.5641990428267	1	0	1	2.7794265294555958
225200.0	6000.0	2985.5641990428608	0.0	0	352.5453560396272	3185.5641990428267	1	0	1	2.7794265294555958
226545.14551195301	6000.0	2640.4186870898398	0.0	0	0.0	3185.5641990428558	1	0	1	2.7794265294555895
227386.15763400588	6000.0	2799.406565036989	0.0	0	0.0	3185.5641990428558	1	0	1	2.7794265294555895
228200.0	6000.0	2985.564199042912	0.0	0	179.13731886193273	3185.564199042885	1	0	1	2.7794265294555838
229200.0	6000.0	2985.564199042937	0.0	0	277.1731166006066	3185.564199042914	1	0	1	2.779426529455577
230387.75719962205	6000.0	2797.806999420867	0.0	0	0.0	3185.564199042885	1	0	1	2.7794265294555838
231311.5503815311	6000.0	2874.0138175118263	0.0	0	0.0	3185.564199042914	1	0	1	2.779426529455577
232200.0	6000.0	2985.564199042915	0.0	0	266.8008607485681	3185.564199042885	1	0	1	2.7794265294555838
233200.0	6000.0	2985.564199042911	0.0	0	264.1664349366911	3185.564199042885	1	0	1	2.7794265294555838
234200.0	6000.0	2985.564199042891	0.0	0	164.65198028672603	3185.564199042885	1	0	1	2.7794265294555838
235200.0	6000.0	2985.5641990428885	0.0	0	331.8635556528461	3185.5641990428558	1	0	1	2.7794265294555895
236200.0	6000.0	2985.564199042904	0.0	0	303.57950124755735	3185.5641990428267	1	0	1	2.7794265294555958
237200.0	6000.0	2985.564199042883	0.0	0	429.1161952758848	3185.5641990428267	1	0	1	2.7794265294555958
238322.30146887634	6000.0	2863.2627301665493	0.0	0	0.0	3185.5641990428267	1	0	1	2.7794265294555958
239537.0631644416	6000.0	2648.501034601313	0.0	0	0.0	3185.564199042885	1	0	1	2.7794265294555887
240649.48477356782	6000.0	2536.0794254751286	0.0	0	0.0	3185.564199042885	1	0	1	2.7794265294555838
241550.15252001976	6000.0	2635.411679023205	0.0	0	0.0	3185.564199042885	1	0	1	2.7794265294555838
242306.72420652496	6000.0	2878.839992518031	0.0	0	0.0	3185.564199042914	1	0	1	2.779426529455577
243200.0	6000.0	2985.564199043001	0.0	0	255.1478329929232	3185.564199042914	1	0	1	2.779426529455577
244200.0	6000.0	2985.564199042983	0.0	0	270.16332817747025	3185.564199042914	1	0	1	2.779426529455577
245200.0	6000.0	2985.564199042977	0.0	0	423.58938026227406	3185.564199042914	1	0	1	2.779426529455577
246200.0	6000.0	2985.5641990429804	0.0	0	312.54535809284425	3185.564199042914	1	0	1	2.779426529455577
247200.0	6000.0	2985.564199042983	0.0	0	61.4364765706996	3185.564199042885	1	0	1	2.7794265294555838
248245.41003597362	6000.0	2940.154163069373	0.0	0	0.0	3185.564199042914	1	0	1	2.779426529455577
249200.0	6000.0	2985.564199043012	0.0	0	270.53665908938274	3185.564199042943	1	0	1	2.779426529455571
250200.0	6000.0	2985.5641990430117	0.0	0	421.3991593134415	3185.564199042943	1	0	1	2.779426529455571
251219.23080270147	6000.0	2966.3333963415516	0.0	0	0.0	3185.564199042943	1	0	1	2.779426529455571
252200.0	6000.0	2985.5641990430163	0.0	0	234.9919211656379	3185.564199042943	1	0	1	2.779426529455571
253200.0	6000.0	2985.5641990430013	0.0	0	38.0403026836575	3185.564199042943	1	0	1	2.779426529455571
254200.0	6000.0	2985.564199043015	0.0	0	113.68589603688451	3185.564199042943	1	0	1	2.779426529455571
255200.0	6000.0	2985.5641990430013	0.0	0	377.37573208170943	3185.564199042943	1	0	1	2.779426529455571
256200.0	6000.0	2985.5641990430004	0.0	0	361.7338089167315	3185.564199042943	1	0	1	2.779426529455571
257906.33140140897	6000.0	2279.2327976340025	0.0	0	0.0	3185.564199042943	1	0	1	2.779426529455571
258950.55473695812	6000.0	2235.0094620848527	0.0	0	0.0	3185.564199042943	1	0	1	2.779426529455571
259698.00045612323	3000.0	2412.819171003214	0.0	0	0.0	3110.819627126446	1	0	2	1.0045166897419258
260436.9898994511	3000.0	2599.93078334261	0.0	0	0.0	3036.9206827936578	1	0	2	1.9123668179523903
261687.50023131532	6000.0	2349.4204514783546	0.0	0	0.0	3036.9206827936287	1	0	1	1.9159876881052933
262646.63097049523	6000.0	2390.2897122984127	0.0	0	0.0	3036.9206827936287	1	0	1	2.809134868665242
263268.41751809436	6000.0	2768.5031646993193	0.0	0	0.0	3036.920682793687	1	0	1	2.809134868665228
264267.24136779725	6000.0	2769.6793149964215	0.0	0	0.0	3036.920682793687	1	0	1	2.8091348686652298
265200.0	6000.0	2836.9206827936596	0.0	0	143.3455327617703	3036.920682793716	1	0	1	2.8091348686652298
266200.0	6000.0	2836.9206827936437	0.0	0	408.9629030082724	3036.920682793716	1	0	1	2.8091348686652218
267200.0	6000.0	2836.9206827936437	0.0	0	205.17497261089738	3036.920682793716	1	0	1	2.8091348686652218
268200.0	6000.0	2836.920682793676	0.0	0	186.7251568628708	3036.920682793716	1	0	1	2.8091348686652218
269200.0	6000.0	2836.920682793681	0.0	0	170.0077679749229	3036.920682793716	1	0	1	2.8091348686652218
270271.88846047845	6000.0	2765.0322223152616	0.0	0	0.0	3036.920682793774	1	0	1	2.809134868665211
271277.72350255976	6000.0	2759.19718023396	0.0	0	0.0	3036.920682793774	1	0	1	2.809134868665211
272200.0	6000.0	2836.9206827937287	0.0	0	122.13960212701932	3036.920682793774	1	0	1	2.809134868665211
273200.0	6000.0	2836.9206827937155	0.0	0	420.6237116373959	3036.9206827938324	1	0	1	2.8091348686652
274200.0	6000.0	2836.9206827937487	0.0	0	446.65196405141614	3036.920682793774	1	0	1	2.809134868665211
275200.0	6000.0	2836.920682793764	0.0	0	90.93209170730552	3036.9206827938324	1	0	1	2.8091348686652
276200.0	6000.0	2836.920682793773	0.0	0	72.72551007510629	3036.9206827938324	1	0	1	2.8091348686652
277200.0	6000.0	2836.920682793715	0.0	0	274.6278232327895	3036.9206827938324	1	0	1	2.8091348686652
278200.0	6000.0	2836.9206827937887	0.0	0	531.232437069295	3036.9206827938906	1	0	1	2.809134868665189
279200.0	6000.0	2836.9206827937596	0.0	0	561.5335217889515	3036.9206827938324	1	0	1	2.809134868665198
280687.16806027375	6000.0	2349.7526225199904	0.0	0	0.0	3036.9206827938324	1	0	1	2.8091348686652
281780.99102799845	6000.0	2255.9296547952813	0.0	0	0.0	3036.9206827938906	1	0	1	2.809134868665189
282403.6865853255	6000.0	2633.234097468215	0.0	0	0.0	3036.9206827938906	1	0	1	2.809134868665189
283200.0	6000.0	2836.9206827936805	0.0	0	225.88987185317092	3036.9206827938324	1	0	1	2.8091348686652
284200.0	6000.0	2836.9206827936932	0.0	0	340.36932350567076	3036.9206827938324	1	0	1	2.8091348686652
285237.3916452175	6000.0	2799.5290375761824	0.0	0	0.0	3036.920682793774	1	0	1	2.809134868665211
286200.0	6000.0	2836.9206827936932	0.0	0	47.46950619900599	3036.920682793774	1	0	1	2.809134868665211
287200.0	6000.0	2836.920682793719	0.0	0	193.7586611790466	3036.920682793774	1	0	1	2.809134868665211
288200.0	6000.0	2836.9206827936828	0.0	0	228.14437897218158	3036.920682793774	1	0	1	2.809134868665211
289200.0	6000.0	2836.9206827936514	0.0	0	391.68284505506745	3036.920682793716	1	0	1	2.8091348686652218
290200.0	6000.0	2836.920682793652	0.0	0	384.21994428738253	3036.920682793716	1	0	1	2.8091348686652218
291200.0	6000.0	2836.9206827936837	0.0	0	464.89039878948824	3036.920682793716	1	0	1	2.8091348686652218
292200.0	6000.0	2836.9206827936573	0.0	0	44.01586030732142	3036.920682793716	1	0	1	2.8091348686652218
293200.0	6000.0	2836.9206827936564	0.0	0	35.4325983406743	3036.920682793716	1	0	1	2.8091348686652218
294200.0	6000.0	2836.9206827936973	0.0	0	267.4528882666491	3036.920682793716	1	0	1	2.8091348686652218
295200.0	6000.0	2836.9206827937123	0.0	0	343.3674127535196	3036.920682793716	1	0	1	2.8091348686652218
296200.0	6000.0	2836.9206827936923	0.0	0	107.43965671060141	3036.9206827936578	1	0	1	2.809134868665233
297200.0	6000.0	2836.920682793702	0.0	0	223.73716544313356	3036.9206827936578	1	0	1	2.809134868665233
298253.90163562977	6000.0	2783.0190471639175	0.0	0	0.0	3036.9206827936578	1	0	1	2.809134868665233
299200.0	6000.0	2836.920682793675	0.0	0	432.1804931223742	3036.9206827935996	1	0	1	2.8091348686652435
300200.0	6000.0	2836.9206827937096	0.0	0	256.2198567309533	3036.9206827936578	1	0	1	2.809134868665233
7.44	8.32	12.9	11.1	9.12	7.31	5.32	8.24	7.82	6.86	10.4	6.45	5.61	8.4	9.57	6.26	8.92	6.15	9.67	8.78	11.7	8.34	7.55	10.3	7.47	7.83	9.28	6.04	6.36	5.38	8.29	9.35	11.6	8.72	9.19	8.97	8.11	6.94	9.16	10.1	11.1	10.7	11.0	7.53	3.81	5.64	6.64	7.76	10.4	6.65	4.73	5.73	6.53	4.65	8.55	7.33	6.13	5.75	8.5	7.15	6.68	7.34	6.52	9.58	8.1	4.97	9.34	9.83	10.3	9.36	10.6	8.53	8.21	5.07	5.91	7.56	5.69	4.12	7.11	10.6	8.33	10.5	8.19	11.0	8.24	5.51	6.66	6.04	6.15	8.21	7.96	10.0	10.7	7.49	4.38	5.95	7.49	10.0	6.96	9.05	7.41	7.91	10.2	6.02	4.07	5.13	5.43	5.62	6.05	6.75	8.36	5.12	6.87	8.88	7.18	8.05	7.82	6.3	6.21	9.13	11.3	11.1	6.71	9.64	10.9	12.0	10.6	4.65	3.74	8.7	8.46	10.5	5.25	8.99	10.1	6.3	8.68	11.9	12.2	6.72	7.89	9.96	8.2	8.12	7.9	8.05	10.3	9.29	6.83	10.1	7.44	8.32	12.9	11.1	9.12	7.31	5.32	8.24	7.82	6.86	10.4	6.45	5.61	8.4	9.57	6.26	8.92	6.15	9.67	8.78	11.7	8.34	7.55	10.3	7.47	7.83	9.28	6.04	6.36	5.38	8.29	9.35	11.6	8.72	9.19	8.97	8.11	6.94	9.16	10.1	11.1	10.7	11.0	7.53	3.81	5.64	6.64	7.76	10.4	6.65	4.73	5.73	6.53	4.65	8.55	7.33	6.13	5.75	8.5	7.15	6.68	7.34	6.52	9.58	8.1	4.97	9.34	9.83	10.3	9.36	10.6	8.53	8.21	5.07	5.91	7.56	5.69	4.12	7.11	10.6	8.33	10.5	8.19	11.0	8.24	5.51	6.66	6.04	6.15	8.21	7.96	10.0	10.7	7.49	4.38	5.95	7.49	10.0	6.96	9.05	7.41	7.91	10.2	6.02	4.07	5.13	5.43	5.62	6.05	6.75	8.36	5.12	6.87	8.88	7.18	8.05	7.82	6.3	6.21	9.13	11.3	11.1	6.71	9.64	10.9	12.0	10.6	4.65	3.74	8.7	8.46	10.5	5.25	8.99	10.1	6.3	8.68	11.9	12.2	6.72	7.89	9.96	8.2	8.12	7.9	8.05	10.3	9.29	6.83	10.1	7.44	8.32
1.0	2.0	3.0	4.0	5.0	6.0	7.0	8.0	9.0	10.0	11.0	12.0	13.0	14.0	15.0	16.0	17.0	18.0	19.0	20.0	21.0	22.0	23.0	24.0	25.0	26.0	27.0	28.0	29.0	30.0	31.0	32.0	33.0	34.0	35.0	36.0	37.0	38.0	39.0	40.0	41.0	42.0	43.0	44.0	45.0	46.0	47.0	48.0	49.0	50.0	51.0	52.0	53.0	54.0	55.0	56.0	57.0	58.0	59.0	60.0	61.0	62.0	63.0	64.0	65.0	66.0	67.0	68.0	69.0	70.0	71.0	72.0	73.0	74.0	75.0	76.0	77.0	78.0	79.0	80.0	81.0	82.0	83.0	84.0	85.0	86.0	87.0	88.0	89.0	90.0	91.0	92.0	93.0	94.0	95.0	96.0	97.0	98.0	99.0	100.0	101.0	102.0	103.0	104.0	105.0	106.0	107.0	108.0	109.0	110.0	111.0	112.0	113.0	114.0	115.0	116.0	117.0	118.0	119.0	120.0	121.0	122.0	123.0	124.0	125.0	126.0	127.0	128.0	129.0	130.0	131.0	132.0	133.0	134.0	135.0	136.0	137.0	138.0	139.0	140.0	141.0	142.0	143.0	144.0	145.0	146.0	147.0	148.0	149.0	149.0	150.0	151.0	152.0	153.0	154.0	155.0	156.0	157.0	158.0	159.0	160.0	161.0	162.0	163.0	164.0	165.0	166.0	167.0	168.0	169.0	170.0	171.0	172.0	173.0	174.0	175.0	176.0	177.0	178.0	179.0	180.0	181.0	182.0	183.0	184.0	185.0	186.0	187.0	188.0	189.0	190.0	191.0	192.0	193.0	194.0	195.0	196.0	197.0	198.0	199.0	200.0	201.0	202.0	203.0	204.0	205.0	206.0	207.0	208.0	209.0	210.0	211.0	212.0	213.0	214.0	215.0	216.0	217.0	218.0	219.0	220.0	221.0	222.0	223.0	224.0	225.0	226.0	227.0	228.0	229.0	230.0	231.0	232.0	233.0	234.0	235.0	236.0	237.0	238.0	239.0	240.0	241.0	242.0	243.0	244.0	245.0	246.0	247.0	248.0	249.0	250.0	251.0	252.0	253.0	254.0	255.0	256.0	257.0	258.0	259.0	260.0	261.0	262.0	263.0	264.0	265.0	266.0	267.0	268.0	269.0	270.0	271.0	272.0	273.0	274.0	275.0	276.0	277.0	278.0	279.0	280.0	281.0	282.0	283.0	284.0	285.0	286.0	287.0	288.0	289.0	290.0	291.0	292.0	293.0	294.0	295.0	296.0	297.0	298.0	298.0	299.0	300.0
3448.7970493087278
