2618.4175912209553	500.0	2000.0	112.42846745156766	0	0.0	2618.4175912209553	1	0	1	-0.7934337905808316
3795.9918564886602	6000.0	1822.4257347322948	0.0	0	0.0	2618.417591220955	1	0	1	0.3892119381091088
5182.024707271002	6000.0	1436.3928839499533	0.0	0	0.0	2618.417591220955	1	0	1	2.874118587897109
5694.057221206554	3000.0	1873.1571186208466	0.0	0	0.0	2567.214339827399	1	0	2	1.092830179468409
6303.211001223789	3000.0	2203.0879606018875	0.0	0	0.0	2506.2989618256747	1	0	2	1.992816935989415
7224.5110972484645	6000.0	2281.7878645772125	0.0	0	0.0	2506.2989618256743	1	0	1	1.9945076351430888
8200.0	6000.0	2306.2989618256765	0.0	0	289.61112670527746	2506.2989618256743	1	0	1	2.887654815703034
9200.0	6000.0	2306.2989618256747	0.0	0	176.0861201676944	2506.2989618256724	1	0	1	2.887654815703034
10200.0	6000.0	2306.298961825673	0.0	0	164.79508290290687	2506.2989618256706	1	0	1	2.887654815703034
11200.0	6000.0	2306.2989618256734	0.0	0	235.02240667598744	2506.2989618256724	1	0	1	2.887654815703034
12200.0	6000.0	2306.2989618256734	0.0	0	20.21969870969042	2506.2989618256724	1	0	1	2.887654815703034
13856.268366846682	6000.0	1650.030594978993	0.0	0	0.0	2506.2989618256743	1	0	1	2.887654815703034
14691.400209076704	6000.0	1814.8987527489717	0.0	0	0.0	2506.2989618256743	1	0	1	2.887654815703034
15837.133535963703	6000.0	1669.1654258619753	0.0	0	0.0	2506.2989618256743	1	0	1	2.887654815703034
16721.26914249744	6000.0	1785.029819328237	0.0	0	0.0	2506.2989618256743	1	0	1	2.887654815703034
18220.64435904515	6000.0	1285.6546027805257	0.0	0	0.0	2506.2989618256724	1	0	1	2.887654815703034
18901.55141172636	3000.0	1536.6568448311973	0.0	0	0.0	2438.2082565575547	1	0	2	1.107226447413384
19391.290267800767	3000.0	1997.9441031493513	0.0	0	0.0	2389.234370950111	1	0	2	2.0059564772777008
20313.944040141298	6000.0	2075.2903308088216	0.0	0	0.0	2389.234370950111	1	0	1	2.0071968185860993
21299.109859532233	6000.0	2090.1245114178873	0.0	0	0.0	2389.234370950111	1	0	1	2.9003439991460445
22200.0	6000.0	2189.234370950123	0.0	0	2.2933007359461044	2389.234370950111	1	0	1	2.9003439991460445
23200.0	6000.0	2189.2343709501274	0.0	0	158.88034362765393	2389.234370950111	1	0	1	2.9003439991460445
24200.0	6000.0	2189.234370950126	0.0	0	294.90336610137456	2389.234370950111	1	0	1	2.9003439991460445
25200.0	6000.0	2189.234370950123	0.0	0	255.02326376513156	2389.234370950111	1	0	1	2.9003439991460445
26357.152419753176	6000.0	2032.081951196946	0.0	0	0.0	2389.2343709501147	1	0	1	2.9003439991460445
27200.0	6000.0	2189.234370950122	0.0	0	52.92416728772514	2389.2343709501147	1	0	1	2.9003439991460445
28200.0	6000.0	2189.234370950123	0.0	0	149.19862743669364	2389.2343709501147	1	0	1	2.9003439991460445
29200.0	6000.0	2189.234370950122	0.0	0	177.53166836273158	2389.2343709501147	1	0	1	2.9003439991460445
30200.0	6000.0	2189.234370950119	0.0	0	59.89710710572399	2389.2343709501147	1	0	1	2.9003439991460445
31200.0	6000.0	2189.2343709501197	0.0	0	238.29995301475356	2389.2343709501147	1	0	1	2.9003439991460445
32200.0	6000.0	2189.2343709501206	0.0	0	256.73424887832516	2389.2343709501147	1	0	1	2.9003439991460445
33200.0	6000.0	2189.2343709501197	0.0	0	139.36127276788466	2389.234370950111	1	0	1	2.9003439991460445
34200.0	6000.0	2189.234370950122	0.0	0	208.2329561035367	2389.2343709501074	1	0	1	2.9003439991460445
35200.0	6000.0	2189.2343709501247	0.0	0	473.81250683380495	2389.2343709501147	1	0	1	2.900343999146045
36200.0	6000.0	2189.2343709501265	0.0	0	141.67421300946444	2389.2343709501147	1	0	1	2.9003439991460445
37579.236447765594	6000.0	1809.9979231845282	0.0	0	0.0	2389.2343709501147	1	0	1	2.9003439991460445
38730.23978450404	6000.0	1658.9945864460738	0.0	0	0.0	2389.234370950122	1	0	1	2.9003439991460436
39708.342432147365	6000.0	1680.891938802746	0.0	0	0.0	2389.234370950122	1	0	1	2.9003439991460436
40775.571562125166	6000.0	1613.6628088249379	0.0	0	0.0	2389.2343709501147	1	0	1	2.9003439991460445
41757.14484117916	6000.0	1632.0895297709378	0.0	0	0.0	2389.2343709501147	1	0	1	2.9003439991460445
42793.326284672934	6000.0	1595.9080862771575	0.0	0	0.0	2389.2343709501147	1	0	1	2.9003439991460445
43625.94660690001	6000.0	1763.287764050081	0.0	0	0.0	2389.2343709501147	1	0	1	2.9003439991460445
44627.47903302224	6000.0	1761.7553379278543	0.0	0	0.0	2389.2343709501147	1	0	1	2.9003439991460445
45518.0186326875	6000.0	1871.215738262596	0.0	0	0.0	2389.2343709501147	1	0	1	2.9003439991460445
46283.11195184714	6000.0	2106.1224191029523	0.0	0	0.0	2389.2343709501147	1	0	1	2.9003439991460445
47200.0	6000.0	2189.234370950096	0.0	0	78.19407835402671	2389.2343709501147	1	0	1	2.9003439991460445
48200.0	6000.0	2189.234370950097	0.0	0	291.63097390664916	2389.2343709501147	1	0	1	2.9003439991460445
49450.37838629255	6000.0	1938.855984657551	0.0	0	0.0	2389.234370950122	1	0	1	2.9003439991460436
50200.0	6000.0	2189.2343709500956	0.0	0	11.652808249396912	2389.234370950122	1	0	1	2.9003439991460436
51570.81048819517	6000.0	1818.4238827549177	0.0	0	0.0	2389.234370950122	1	0	1	2.9003439991460436
52366.06067035542	6000.0	2023.1737005946677	0.0	0	0.0	2389.234370950122	1	0	1	2.9003439991460436
53807.46455813354	6000.0	1581.7698128165534	0.0	0	0.0	2389.234370950122	1	0	1	2.9003439991460436
54752.34663216267	6000.0	1636.8877387874181	0.0	0	0.0	2389.234370950122	1	0	1	2.9003439991460436
56063.55539669353	6000.0	1325.6789742565545	0.0	0	0.0	2389.234370950122	1	0	1	2.9003439991460436
56554.80771318382	3000.0	1785.3014261172361	0.0	0	0.0	2340.1091393010865	1	0	2	1.1180097274236342
57200.0	6000.0	2140.109139301056	0.0	0	37.769547313560906	2340.1091393010865	1	0	1	2.012117059308922
58200.0	6000.0	2140.1091393010497	0.0	0	333.71889486820874	2340.1091393010865	1	0	1	2.9052642398688673
59332.03465126073	6000.0	2008.0744880403277	0.0	0	0.0	2340.1091393010793	1	0	1	2.9052642398688677
60354.19345278585	6000.0	1985.9156865152102	0.0	0	0.0	2340.1091393010793	1	0	1	2.9052642398688677
61634.2460083256	6000.0	1705.8631309754564	0.0	0	0.0	2340.1091393010793	1	0	1	2.9052642398688677
62276.85171844484	3000.0	1998.99684984429	0.0	0	0.0	2275.848568289155	1	0	2	1.1235802719057209
63200.0	3000.0	1983.5337401336155	0.0	0	456.69491617169115	2183.533740133629	1	0	2	2.0231074122405652
64516.4783083432	6000.0	1667.0554317904189	0.0	0	0.0	2183.533740133629	1	0	1	2.026349134333013
65794.14696779153	6000.0	1389.3867723420954	0.0	0	0.0	2183.5337401336365	1	0	1	2.919496314892958
67051.323273563	6000.0	1132.21046657062	0.0	0	0.0	2183.5337401336365	1	0	1	2.9194963148929576
67785.35107107638	6000.0	1398.1826690572432	0.0	0	0.0	2183.533740133629	1	0	1	2.9194963148929576
69318.84504272608	6000.0	864.6886974075348	0.0	0	0.0	2183.533740133629	1	0	1	2.919496314892958
69706.70117110945	2000.0	1476.8325690241732	0.0	0	0.0	2183.533740133629	1	0	1	0.7222717375567387
70535.51654327914	6000.0	1648.0171968544728	0.0	0	0.0	2183.533740133629	1	0	1	1.8208840262248485
71200.0	6000.0	1983.5337401336214	0.0	0	177.01625396807503	2183.533740133629	1	0	1	2.919496314892958
72200.0	6000.0	1983.5337401336205	0.0	0	242.42647970592952	2183.533740133629	1	0	1	2.919496314892958
73572.53852061843	6000.0	1610.9952195151789	0.0	0	0.0	2183.533740133629	1	0	1	2.919496314892958
74795.2417932314	6000.0	1388.2919469022067	0.0	0	0.0	2183.533740133629	1	0	1	2.919496314892958
75665.8349955308	6000.0	1517.6987446028202	0.0	0	0.0	2183.533740133629	1	0	1	2.919496314892958
76579.55266957346	6000.0	1603.9810705601396	0.0	0	0.0	2183.533740133629	1	0	1	2.919496314892958
77503.61407126841	6000.0	1679.9196688651862	0.0	0	0.0	2183.533740133629	1	0	1	2.919496314892958
78801.19648278161	6000.0	1382.3372573519832	0.0	0	0.0	2183.533740133629	1	0	1	2.919496314892958
79529.3330043226	2000.0	1654.200735810987	0.0	0	0.0	2183.533740133629	1	0	1	0.7222717375567387
80416.58670808231	2000.0	1766.9470320512794	0.0	0	0.0	2183.533740133629	1	0	1	1.8208840262248482
81200.0	2000.0	1905.1924109418194	0.0	0	322.6444402110501	2105.192410941876	1	0	2	1.4246175721115635
82200.0	6000.0	1905.1924109418253	0.0	0	16.611642982272315	2105.1924109418906	1	0	1	1.6272443456054073
83200.0	6000.0	1905.192410941815	0.0	0	255.88211822022276	2105.192410941905	1	0	1	2.925856634273516
84417.61705540352	6000.0	1687.5753555382867	0.0	0	0.0	2105.1924109418906	1	0	1	2.925856634273517
85739.3063359142	6000.0	1365.8860750276292	0.0	0	0.0	2105.1924109418906	1	0	1	2.925856634273517
87403.9876301194	6000.0	701.2047808224277	0.0	0	0.0	2105.1924109418906	1	0	1	2.925856634273517
87690.16544943853	2000.0	1415.0269615032914	0.0	0	0.0	2105.1924109418906	1	0	1	0.7286320569372976
88259.81993015746	3000.0	1845.3724807843598	0.0	0	0.0	2105.1924109418906	1	0	1	1.8272443456054073
89319.98897789083	6000.0	1785.2034330509955	0.0	0	0.0	2105.1924109418906	1	0	1	2.2327094537135723
90341.57540907763	6000.0	1763.617001864178	0.0	0	0.0	2105.1924109418906	1	0	1	2.925856634273517
91405.75090930934	6000.0	1699.4415016324774	0.0	0	0.0	2105.192410941905	1	0	1	2.925856634273516
92305.48425450963	6000.0	1799.7081564321722	0.0	0	0.0	2105.192410941905	1	0	1	2.925856634273516
93870.29912495788	6000.0	1234.8932859839235	0.0	0	0.0	2105.192410941905	1	0	1	2.925856634273516
94447.61475059392	3000.0	1599.8460977842744	0.0	0	0.0	2047.460848378294	1	0	2	1.1428072794991153
95675.94625123593	6000.0	1371.5145971422567	0.0	0	0.0	2047.460848378294	1	0	1	2.0370997515864175
96450.32048711798	6000.0	1597.140361260208	0.0	0	0.0	2047.4608483783086	1	0	1	2.9302469321463613
97506.18925479334	6000.0	1541.2715935848362	0.0	0	0.0	2047.4608483783086	1	0	1	2.9302469321463613
98501.14113735607	6000.0	1546.3197110221204	0.0	0	0.0	2047.4608483783086	1	0	1	2.9302469321463613
99240.4634148431	3000.0	1806.9974335350967	0.0	0	0.0	2047.4608483783086	1	0	1	1.5439525710264717
100200.0	3000.0	1751.5071898625051	0.0	0	192.3736356487061	1951.5071898625902	1	0	2	1.8416315356022268
101200.0	6000.0	1751.507189862491	0.0	0	290.16418356084614	1951.5071898625902	1	0	1	2.043877909626169
102302.85716504233	6000.0	1648.6500248201648	0.0	0	0.0	1951.5071898625902	1	0	1	2.9370250901861144
103262.38733446058	6000.0	1689.1198554019195	0.0	0	0.0	1951.5071898625902	1	0	1	2.9370250901861144
104544.75582873565	6000.0	1406.7513611268428	0.0	0	0.0	1951.5071898626047	1	0	1	2.937025090186114
105778.57272985895	6000.0	1172.934460003546	0.0	0	0.0	1951.5071898625902	1	0	1	2.9370250901861144
107019.21778151892	6000.0	932.2894083435717	0.0	0	0.0	1951.5071898625902	1	0	1	2.9370250901861144
107365.7419349059	2000.0	1585.7652549565798	0.0	0	0.0	1951.5071898625902	1	0	1	0.7398005128498955
108206.90445280712	3000.0	1744.6027370553606	0.0	0	0.0	1951.5071898625756	1	0	1	1.8384128015180061
109325.24008138185	6000.0	1626.2671084806357	0.0	0	0.0	1951.5071898625756	1	0	1	2.2438779096261707
110200.0	6000.0	1751.5071898624963	0.0	0	83.632013332317	1951.5071898625756	1	0	1	2.9370250901861157
111507.40769511601	6000.0	1444.0994947464985	0.0	0	0.0	1951.5071898625756	1	0	1	2.9370250901861157
112663.73894719617	6000.0	1287.7682426663296	0.0	0	0.0	1951.5071898625756	1	0	1	2.9370250901861157
113220.77235349937	2000.0	1730.7348363631097	0.0	0	0.0	1951.5071898625756	1	0	1	0.7398005128498963
114200.0	3000.0	1751.5071898624697	0.0	0	207.66800644194882	1951.5071898625756	1	0	1	1.8384128015180061
115256.2318017238	6000.0	1695.2753881386752	0.0	0	0.0	1951.5071898625756	1	0	1	2.2438779096261707
116200.0	6000.0	1751.507189862477	0.0	0	83.3046471876587	1951.5071898625756	1	0	1	2.9370250901861157
117200.0	6000.0	1751.5071898624687	0.0	0	258.0561623818794	1951.5071898625756	1	0	1	2.9370250901861157
118212.31804753939	6000.0	1739.189142323085	0.0	0	0.0	1951.5071898625756	1	0	1	2.9370250901861157
119200.0	6000.0	1751.507189862471	0.0	0	53.09040063068096	1951.5071898625756	1	0	1	2.9370250901861157
120601.31723168615	6000.0	1350.1899581763275	0.0	0	0.0	1951.5071898625756	1	0	1	2.9370250901861157
121604.02936274325	6000.0	1347.4778271192185	0.0	0	0.0	1951.5071898625756	1	0	1	2.9370250901861157
122464.84388613763	6000.0	1486.663303724835	0.0	0	0.0	1951.5071898625756	1	0	1	2.9370250901861157
123200.0	6000.0	1751.5071898624733	0.0	0	203.90405123379605	1951.507189862561	1	0	1	2.9370250901861166
124490.64119107225	6000.0	1460.8659987902204	0.0	0	0.0	1951.507189862561	1	0	1	2.9370250901861166
125506.80527449319	6000.0	1444.7019153692768	0.0	0	0.0	1951.507189862561	1	0	1	2.9370250901861166
126400.79823862428	6000.0	1550.7089512381933	0.0	0	0.0	1951.507189862561	1	0	1	2.9370250901861166
127200.0	6000.0	1751.507189862484	0.0	0	44.592821642625495	1951.507189862561	1	0	1	2.9370250901861166
128200.0	6000.0	1751.5071898624908	0.0	0	299.61113483332156	1951.5071898625756	1	0	1	2.9370250901861157
129200.0	6000.0	1751.5071898624874	0.0	0	194.32452898070915	1951.507189862561	1	0	1	2.9370250901861166
130200.0	6000.0	1751.507189862503	0.0	0	201.6824405438383	1951.5071898625756	1	0	1	2.9370250901861157
131463.95175307797	6000.0	1487.5554367845214	0.0	0	0.0	1951.5071898625756	1	0	1	2.9370250901861152
132783.37547379336	6000.0	1168.1317160691476	0.0	0	0.0	1951.5071898625902	1	0	1	2.937025090186115
133909.7181989496	6000.0	1041.7889909129055	0.0	0	0.0	1951.5071898626047	1	0	1	2.937025090186114
134660.46557773865	3000.0	1291.0416121238388	0.0	0	0.0	1951.5071898626047	1	0	1	1.5507307290662238
135278.8740589379	3000.0	1672.6331309246214	0.0	0	0.0	1951.5071898626047	1	0	1	2.243877909626169
136344.1019865579	6000.0	1607.405203304595	0.0	0	0.0	1951.5071898626047	1	0	1	2.243877909626169
137274.3956370148	6000.0	1677.1115528476678	0.0	0	0.0	1951.5071898626047	1	0	1	2.937025090186114
138200.0	6000.0	1751.5071898624617	0.0	0	234.08617520116968	1951.5071898626047	1	0	1	2.937025090186114
139200.0	6000.0	1751.5071898624556	0.0	0	210.55668236644124	1951.5071898626047	1	0	1	2.937025090186114
140861.4424192555	6000.0	1090.064770606973	0.0	0	0.0	1951.5071898626047	1	0	1	2.937025090186114
141385.5520832713	3000.0	1565.9551065911953	0.0	0	0.0	1951.5071898626047	1	0	1	1.5507307290662238
142200.0	6000.0	1751.5071898624947	0.0	0	30.171528489125194	1951.5071898626338	1	0	1	2.2438779096261667
143778.43965264477	6000.0	1173.0675372177457	0.0	0	0.0	1951.5071898626338	1	0	1	2.9370250901861117
144450.64208404004	2000.0	1500.8651058224693	0.0	0	0.0	1951.5071898626338	1	0	1	0.7398005128498925
145200.0	2000.0	1751.507189862505	0.0	0	347.7383023937	1951.507189862663	1	0	1	1.8384128015180001
146594.44884130335	6000.0	1357.0583485591671	0.0	0	0.0	1951.507189862692	1	0	1	1.8384128015179981
147307.65673144595	3000.0	1643.8504584165494	0.0	0	0.0	1951.507189862692	1	0	1	1.550730729066218
148202.44423502943	6000.0	1749.0629548330844	0.0	0	0.0	1951.507189862692	1	0	1	2.2438779096261627
149200.0	6000.0	1751.5071898625242	0.0	0	269.7030635375413	1951.5071898627211	1	0	1	2.9370250901861055
150200.0	6000.0	1751.5071898625476	0.0	0	112.33945035230136	1951.5071898627211	1	0	1	2.9370250901861055
151247.6564041378	6000.0	1703.8507857247723	0.0	0	0.0	1951.5071898627502	1	0	1	2.937025090186104
152200.0	6000.0	1751.507189862569	0.0	0	59.96275955956662	1951.5071898627502	1	0	1	2.937025090186104
153712.04300133992	6000.0	1239.4641885226192	0.0	0	0.0	1951.5071898627502	1	0	1	2.937025090186104
154451.0471439743	3000.0	1500.460045888198	0.0	0	0.0	1951.5071898627502	1	0	1	1.5507307290662142
155200.0	3000.0	1751.507189862505	0.0	0	214.66213404838345	1951.5071898627502	1	0	1	2.243877909626159
156265.149600283	6000.0	1686.3575895794802	0.0	0	0.0	1951.5071898627211	1	0	1	2.2438779096261605
157223.70517689883	6000.0	1727.8020129636789	0.0	0	0.0	1951.5071898627211	1	0	1	2.9370250901861055
158200.0	6000.0	1751.5071898624803	0.0	0	106.59609699787688	1951.507189862692	1	0	1	2.9370250901861077
159200.0	6000.0	1751.5071898624753	0.0	0	350.90643388580065	1951.507189862692	1	0	1	2.9370250901861077
160287.6718150428	6000.0	1663.835374819703	0.0	0	0.0	1951.507189862692	1	0	1	2.9370250901861077
161702.8587952013	6000.0	1248.6483946612016	0.0	0	0.0	1951.507189862692	1	0	1	2.9370250901861077
162324.4286176323	2000.0	1627.0785722301941	0.0	0	0.0	1951.5071898627211	1	0	1	0.7398005128498866
163200.0	3000.0	1663.950051625727	0.0	0	204.10342924296856	1863.9500516259286	1	0	2	1.4421373132409858
164200.0	6000.0	1663.9500516257178	0.0	0	190.2765187570767	1863.9500516259286	1	0	1	2.0495382066035956
165576.46046890502	6000.0	1287.4895827207122	0.0	0	0.0	1863.9500516259577	1	0	1	2.9426853871635403
166949.61207145653	6000.0	914.3379801692172	0.0	0	0.0	1863.9500516259577	1	0	1	2.942685387163539
167474.11532920058	2000.0	1389.8347224251722	0.0	0	0.0	1863.9500516259577	1	0	1	0.7454608098273199
168200.0	3000.0	1663.9500516257178	0.0	0	215.59410763758933	1863.9500516259577	1	0	1	1.8440730984954294
169200.0	6000.0	1663.9500516257103	0.0	0	99.43712796206819	1863.9500516259577	1	0	1	2.249538206603594
170200.0	6000.0	1663.950051625705	0.0	0	54.18383664256544	1863.9500516259868	1	0	1	2.9426853871635372
171200.0	6000.0	1663.9500516257199	0.0	0	359.6723370125692	1863.9500516259868	1	0	1	2.9426853871635372
172212.75541730045	6000.0	1651.1946343253003	0.0	0	0.0	1863.9500516259868	1	0	1	2.9426853871635372
173200.0	6000.0	1663.9500516257415	0.0	0	144.3572076895507	1863.9500516259868	1	0	1	2.9426853871635372
174382.74254527868	6000.0	1481.207506347075	0.0	0	0.0	1863.9500516259868	1	0	1	2.9426853871635372
175200.0	6000.0	1663.9500516257701	0.0	0	13.546742175123654	1863.9500516259868	1	0	1	2.9426853871635372
176200.0	6000.0	1663.9500516257824	0.0	0	162.08952022800804	1863.9500516259868	1	0	1	2.9426853871635372
177200.0	6000.0	1663.9500516258047	0.0	0	121.4243909578945	1863.9500516259868	1	0	1	2.9426853871635372
178475.74940644464	6000.0	1388.2006451811963	0.0	0	0.0	1863.9500516259868	1	0	1	2.9426853871635372
179233.20380770872	6000.0	1630.7462439171263	0.0	0	0.0	1863.9500516259868	1	0	1	2.9426853871635372
180286.11173167248	6000.0	1577.8383199533814	0.0	0	0.0	1863.9500516259868	1	0	1	2.9426853871635372
181200.0	6000.0	1663.9500516258754	0.0	0	48.49913585203467	1863.9500516259868	1	0	1	2.9426853871635372
182242.27278157315	6000.0	1621.6772700527358	0.0	0	0.0	1863.950051626016	1	0	1	2.9426853871635354
183273.8909549784	6000.0	1590.0590966475118	0.0	0	0.0	1863.950051626016	1	0	1	2.9426853871635354
184200.0	6000.0	1663.9500516259036	0.0	0	271.3979618519952	1863.950051626016	1	0	1	2.9426853871635354
185200.0	6000.0	1663.95005162591	0.0	0	314.5910747125745	1863.950051626016	1	0	1	2.9426853871635354
186529.43201352647	6000.0	1334.5180380994557	0.0	0	0.0	1863.950051626016	1	0	1	2.9426853871635354
188115.4492807018	6000.0	748.5007709241443	0.0	0	0.0	1863.950051626045	1	0	1	2.942685387163534
188666.34521208145	3000.0	1197.604839544513	0.0	0	0.0	1863.9500516260741	1	0	1	1.5563910260436424
189200.0	2000.0	1663.9500516259507	0.0	0	66.41765883844346	1863.9500516260741	1	0	1	1.4386079903872577
190460.90703784328	6000.0	1403.043013782673	0.0	0	0.0	1863.950051626045	1	0	1	1.8440730984954226
191311.84393627095	6000.0	1552.1061153550197	0.0	0	0.0	1863.950051626045	1	0	1	2.942685387163534
192440.02747487003	6000.0	1423.9225767559572	0.0	0	0.0	1863.9500516260741	1	0	1	2.9426853871635332
193595.49710294636	6000.0	1268.4529486796098	0.0	0	0.0	1863.9500516260741	1	0	1	2.9426853871635315
194350.88895066854	6000.0	1513.0611009574113	0.0	0	0.0	1863.950051626045	1	0	1	2.942685387163534
195204.93444538733	6000.0	1659.0156062385977	0.0	0	0.0	1863.950051626045	1	0	1	2.942685387163534
196200.0	6000.0	1663.950051625945	0.0	0	301.34234667677083	1863.950051626045	1	0	1	2.942685387163534
197200.0	6000.0	1663.9500516259045	0.0	0	161.00121996877715	1863.950051626016	1	0	1	2.9426853871635354
198200.0	6000.0	1663.9500516259334	0.0	0	42.95260123259504	1863.950051626016	1	0	1	2.9426853871635354
199200.0	6000.0	1663.9500516259063	0.0	0	122.33169778704178	1863.950051626016	1	0	1	2.9426853871635354
200334.62324071006	6000.0	1529.326810915859	0.0	0	0.0	1863.950051626016	1	0	1	2.9426853871635354
201200.0	6000.0	1663.9500516259084	0.0	0	114.18806864647195	1863.950051626016	1	0	1	2.9426853871635354
202401.45356973377	6000.0	1462.4964818921321	0.0	0	0.0	1863.950051626016	1	0	1	2.9426853871635354
203441.26472403322	6000.0	1422.6853275927037	0.0	0	0.0	1863.950051626045	1	0	1	2.942685387163535
204622.96400026054	6000.0	1240.9860513653782	0.0	0	0.0	1863.9500516260741	1	0	1	2.9426853871635332
205761.26634754302	6000.0	1102.6837040829241	0.0	0	0.0	1863.9500516261032	1	0	1	2.942685387163531
206388.0387016247	6000.0	1475.9113500012438	0.0	0	0.0	1863.9500516261032	1	0	1	2.94268538716353
207200.0	6000.0	1663.950051625948	0.0	0	102.76253849864588	1863.9500516261032	1	0	1	2.94268538716353
208335.3236229715	6000.0	1528.626428654423	0.0	0	0.0	1863.9500516261323	1	0	1	2.9426853871635283
209927.4859735459	6000.0	936.4640780800212	0.0	0	0.0	1863.9500516261032	1	0	1	2.94268538716353
210345.72608416376	2000.0	1518.2239674621787	0.0	0	0.0	1863.9500516261323	1	0	1	0.7454608098273091
211200.0	3000.0	1663.9500516259322	0.0	0	198.48575064589386	1863.9500516261323	1	0	1	1.8440730984954188
212200.0	3000.0	1663.950051625889	0.0	0	555.4223461271904	1863.9500516261323	1	0	1	2.2495382066035834
213304.8716388498	6000.0	1559.0784127760644	0.0	0	0.0	1863.9500516261323	1	0	1	2.2495382066035834
214200.0	3000.0	1663.9500516258604	0.0	0	192.46261206275085	1863.9500516261032	1	0	1	1.5563910260436402
215470.91766817457	6000.0	1393.0323834512842	0.0	0	0.0	1863.9500516261032	1	0	1	2.249538206603585
216217.2380735872	6000.0	1646.7119780386654	0.0	0	0.0	1863.9500516261032	1	0	1	2.94268538716353
217285.55672467762	6000.0	1578.3933269482459	0.0	0	0.0	1863.9500516260741	1	0	1	2.9426853871635315
218669.2255902393	6000.0	1194.724461386563	0.0	0	0.0	1863.950051626045	1	0	1	2.942685387163534
219474.28474524416	6000.0	1389.6653063817282	0.0	0	0.0	1863.9500516260741	1	0	1	2.9426853871635315
220200.0	6000.0	1663.950051625904	0.0	0	203.9783802149759	1863.9500516260741	1	0	1	2.9426853871635315
221200.0	6000.0	1663.950051625889	0.0	0	291.45392308864393	1863.950051626045	1	0	1	2.942685387163534
222200.0	6000.0	1663.9500516258718	0.0	0	7.556501136685256	1863.950051626016	1	0	1	2.9426853871635354
223470.00494038127	6000.0	1393.945111244596	0.0	0	0.0	1863.9500516259868	1	0	1	2.9426853871635372
224414.18344005657	6000.0	1449.7666115692753	0.0	0	0.0	1863.950051626016	1	0	1	2.9426853871635354
225726.94828445432	6000.0	1137.0017671715275	0.0	0	0.0	1863.950051626045	1	0	1	2.942685387163535
226277.3280219657	2000.0	1586.6220296601682	0.0	0	0.0	1863.950051626016	1	0	1	0.7454608098273161
227225.8752735156	6000.0	1638.0747781102687	0.0	0	0.0	1863.950051626016	1	0	1	1.8440730984954259
228722.95122959258	6000.0	1140.998822033287	0.0	0	0.0	1863.950051626016	1	0	1	2.9426853871635354
229356.4753902947	2000.0	1507.4746613311547	0.0	0	0.0	1863.950051626016	1	0	1	0.7454608098273161
230200.0	2000.0	1663.9500516259072	0.0	0	443.0493603592622	1863.950051626016	1	0	1	1.8440730984954257
231200.0	6000.0	1663.9500516258904	0.0	0	129.5022585814877	1863.950051626045	1	0	1	1.8440730984954243
232200.0	6000.0	1663.950051625868	0.0	0	15.406449787667952	1863.950051626045	1	0	1	2.942685387163534
233200.0	6000.0	1663.950051625885	0.0	0	237.37251220617327	1863.9500516260741	1	0	1	2.9426853871635315
234522.19056649838	6000.0	1341.759485127498	0.0	0	0.0	1863.9500516260741	1	0	1	2.9426853871635315
235594.6398758644	6000.0	1269.310175761465	0.0	0	0.0	1863.9500516260741	1	0	1	2.9426853871635332
236200.0	2000.0	1663.9500516258558	0.0	0	119.6008246949059	1863.9500516260741	1	0	1	0.7454608098273127
237200.0	3000.0	1663.9500516258556	0.0	0	400.1514703408757	1863.9500516260741	1	0	1	1.8440730984954223
238280.56100735927	6000.0	1583.3890442665727	0.0	0	0.0	1863.9500516260741	1	0	1	2.249538206603587
239200.0	6000.0	1663.9500516258802	0.0	0	117.29463947526529	1863.9500516260741	1	0	1	2.9426853871635315
240200.0	6000.0	1663.9500516259113	0.0	0	87.46163349389099	1863.9500516261032	1	0	1	2.94268538716353
241633.52234815795	6000.0	1230.4277034679658	0.0	0	0.0	1863.9500516261032	1	0	1	2.94268538716353
242200.0	2000.0	1663.9500516259488	0.0	0	92.4535285588936	1863.9500516261032	1	0	1	0.7454608098273108
243200.0	2000.0	1663.9500516259043	0.0	0	648.6217835749558	1863.9500516260741	1	0	1	1.8440730984954223
244200.0	6000.0	1663.9500516258925	0.0	0	155.00869794079335	1863.9500516260741	1	0	1	1.8440730984954221
245342.29132919162	6000.0	1521.658722434237	0.0	0	0.0	1863.9500516260741	1	0	1	2.9426853871635315
246454.95236517288	6000.0	1408.9976864529265	0.0	0	0.0	1863.9500516260741	1	0	1	2.9426853871635315
247238.9004856969	6000.0	1625.0495659289295	0.0	0	0.0	1863.9500516260741	1	0	1	2.9426853871635315
248269.69162000195	6000.0	1594.2584316239272	0.0	0	0.0	1863.9500516260741	1	0	1	2.9426853871635315
249200.0	3000.0	1663.9500516259056	0.0	0	301.9902445668995	1863.9500516261032	1	0	1	1.5563910260436402
250200.0	6000.0	1663.9500516259175	0.0	0	89.38411230652127	1863.9500516261323	1	0	1	2.2495382066035834
251391.2208951109	6000.0	1472.729156515027	0.0	0	0.0	1863.9500516261323	1	0	1	2.9426853871635283
252232.88172725667	6000.0	1631.0683243692247	0.0	0	0.0	1863.9500516261032	1	0	1	2.94268538716353
253474.67018581444	6000.0	1389.2798658114448	0.0	0	0.0	1863.9500516261032	1	0	1	2.94268538716353
254503.3304784121	6000.0	1360.61957321381	0.0	0	0.0	1863.9500516261032	1	0	1	2.94268538716353
255390.73069692473	6000.0	1473.2193547011805	0.0	0	0.0	1863.9500516261032	1	0	1	2.94268538716353
256374.2832459118	6000.0	1489.6668057141148	0.0	0	0.0	1863.9500516260741	1	0	1	2.9426853871635315
257200.0	3000.0	1663.9500516259454	0.0	0	245.33442739606835	1863.9500516260741	1	0	1	1.556391026043642
258356.80498721503	6000.0	1507.1450644108975	0.0	0	0.0	1863.9500516260741	1	0	1	2.249538206603587
259337.56253373105	6000.0	1526.3875178948588	0.0	0	0.0	1863.9500516261032	1	0	1	2.94268538716353
260578.14559532047	6000.0	1285.8044563054493	0.0	0	0.0	1863.9500516260741	1	0	1	2.9426853871635315
261746.23313841247	6000.0	1117.7169132134477	0.0	0	0.0	1863.9500516260741	1	0	1	2.9426853871635315
262343.5670512149	2000.0	1520.3830004109877	0.0	0	0.0	1863.950051626045	1	0	1	0.7454608098273141
263200.0	3000.0	1663.9500516259184	0.0	0	211.51150528190192	1863.950051626016	1	0	1	1.8440730984954246
264200.0	6000.0	1663.9500516259168	0.0	0	117.37039764039218	1863.950051626016	1	0	1	2.2495382066035914
265200.0	6000.0	1663.9500516258533	0.0	0	152.0018254208262	1863.950051626016	1	0	1	2.9426853871635354
266200.0	6000.0	1663.9500516258124	0.0	0	338.1324000445311	1863.9500516259577	1	0	1	2.942685387163539
267430.71838050184	6000.0	1433.2316711239564	0.0	0	0.0	1863.9500516259577	1	0	1	2.942685387163539
268592.8888257468	6000.0	1271.0612258790381	0.0	0	0.0	1863.9500516259577	1	0	1	2.942685387163539
269844.5870958301	6000.0	1019.362955795687	0.0	0	0.0	1863.9500516259577	1	0	1	2.942685387163539
270366.6704005997	2000.0	1497.2796510261003	0.0	0	0.0	1863.9500516259577	1	0	1	0.7454608098273199
271200.0	6000.0	1663.9500516258227	0.0	0	92.54405136685818	1863.9500516259577	1	0	1	1.8440730984954294
272200.0	6000.0	1663.9500516258531	0.0	0	245.61862427613232	1863.9500516259577	1	0	1	2.942685387163539
273200.0	6000.0	1663.9500516258265	0.0	0	96.83001802384388	1863.9500516259577	1	0	1	2.942685387163539
274200.0	6000.0	1663.9500516257917	0.0	0	233.21821564278798	1863.9500516259577	1	0	1	2.942685387163539
275200.0	6000.0	1663.9500516258126	0.0	0	190.1340115343337	1863.9500516258995	1	0	1	2.942685387163543
276200.0	6000.0	1663.9500516257576	0.0	0	393.38992053701077	1863.9500516258995	1	0	1	2.942685387163543
277200.0	6000.0	1663.950051625794	0.0	0	279.55497984273825	1863.9500516258995	1	0	1	2.942685387163543
278200.0	6000.0	1663.9500516257517	0.0	0	117.75099540298106	1863.9500516259577	1	0	1	2.942685387163539
279200.0	6000.0	1663.9500516257983	0.0	0	369.86217113310704	1863.950051626016	1	0	1	2.9426853871635354
280251.8349080038	6000.0	1612.1151436220118	0.0	0	0.0	1863.950051626016	1	0	1	2.9426853871635354
281200.0	6000.0	1663.9500516258586	0.0	0	123.53303114528535	1863.950051626016	1	0	1	2.9426853871635354
282200.0	6000.0	1663.9500516258513	0.0	0	178.20033274963498	1863.9500516259577	1	0	1	2.942685387163539
283358.0621996416	6000.0	1505.8878519843302	0.0	0	0.0	1863.9500516259577	1	0	1	2.942685387163539
284271.3138574877	6000.0	1592.6361941382386	0.0	0	0.0	1863.9500516259577	1	0	1	2.942685387163539
285512.99660328566	6000.0	1350.9534483402	0.0	0	0.0	1863.9500516258995	1	0	1	2.9426853871635394
286200.0	6000.0	1663.950051625867	0.0	0	32.68456595932366	1863.9500516259577	1	0	1	2.942685387163539
287230.77312648	6000.0	1633.17692514585	0.0	0	0.0	1863.9500516259577	1	0	1	2.942685387163539
288241.27866038645	6000.0	1622.6713912394525	0.0	0	0.0	1863.950051626016	1	0	1	2.9426853871635354
289798.9838764533	6000.0	1064.966175172611	0.0	0	0.0	1863.950051626016	1	0	1	2.9426853871635354
290248.34048598935	3000.0	1615.609565636606	0.0	0	0.0	1863.9500516259577	1	0	1	1.556391026043649
291566.97276635404	6000.0	1296.977285271867	0.0	0	0.0	1863.9500516258995	1	0	1	2.249538206603595
292268.24774568196	3000.0	1595.7023059439339	0.0	0	0.0	1863.9500516258995	1	0	1	1.556391026043653
294399.75866501045	6000.0	464.1913866154416	0.0	0	0.0	1863.9500516258413	1	0	1	2.249538206603601
294728.74214768765	2000.0	1135.2079039382093	0.0	0	0.0	1863.950051625783	1	0	1	0.7454608098273305
295204.54386578023	2000.0	1659.406185845611	0.0	0	0.0	1863.950051625783	1	0	1	1.84407309849544
296200.0	6000.0	1663.9500516258604	0.0	0	88.33347815211164	1863.950051625783	1	0	1	1.8440730984954405
297200.0	6000.0	1663.9500516258431	0.0	0	20.404687840433326	1863.950051625783	1	0	1	2.94268538716355
298200.0	6000.0	1663.950051625864	0.0	0	470.75688591238577	1863.9500516257249	1	0	1	2.942685387163553
299200.0	6000.0	1663.9500516258354	0.0	0	218.89925464213593	1863.9500516257249	1	0	1	2.942685387163553
300200.0	6000.0	1663.95005162585	0.0	0	207.81821279396536	1863.9500516257249	1	0	1	2.942685387163553
7.19	5.15	4.1	5.58	7.25	7.18	9.63	6.49	6.44	5.97	4.01	5.07	7.55	5.56	6.17	4.49	5.55	6.88	7.18	8.17	6.75	7.77	5.66	5.56	7.04	7.34	5.4	7.7	7.58	5.77	7.44	7.3	10.2	7.61	4.02	4.1	6.12	6.12	6.49	7.43	7.4	6.35	6.24	7.39	8.27	6.56	6.38	6.8	4.43	6.95	5.44	6.27	5.36	5.79	8.02	7.69	6.42	4.6	5.35	4.24	6.6	4.07	6.15	5.21	7.6	5.41	5.1	7.04	10.4	10.5	4.56	5.75	6.58	5.7	4.87	5.88	3.46	2.86	6.04	8.38	7.77	6.06	5.55	5.05	4.31	7.39	6.01	5.55	5.1	6.23	3.71	7.19	5.58	6.19	4.48	6.14	4.1	5.09	8.18	5.37	6.02	5.33	5.92	6.9	4.83	4.7	6.55	5.95	5.35	5.63	4.04	4.85	7.21	8.66	7.04	5.65	5.75	4.84	5.36	8.23	8.44	4.88	7.25	9.05	9.68	6.36	8.09	8.24	5.83	6.59	5.24	5.18	5.95	6.32	7.07	6.75	6.97	4.03	6.1	6.08	5.48	2.33	4.54	5.77	5.2	7.61	11.1	7.94	7.63	9.81	7.19	5.15	4.1	5.58	7.25	7.18	9.63	6.49	6.44	5.97	4.01	5.07	7.55	5.56	6.17	4.49	5.55	6.88	7.18	8.17	6.75	7.77	5.66	5.56	7.04	7.34	5.4	7.7	7.58	5.77	7.44	7.3	10.2	7.61	4.02	4.1	6.12	6.12	6.49	7.43	7.4	6.35	6.24	7.39	8.27	6.56	6.38	6.8	4.43	6.95	5.44	6.27	5.36	5.79	8.02	7.69	6.42	4.6	5.35	4.24	6.6	4.07	6.15	5.21	7.6	5.41	5.1	7.04	10.4	10.5	4.56	5.75	6.58	5.7	4.87	5.88	3.46	2.86	6.04	8.38	7.77	6.06	5.55	5.05	4.31	7.39	6.01	5.55	5.1	6.23	3.71	7.19	5.58	6.19	4.48	6.14	4.1	5.09	8.18	5.37	6.02	5.33	5.92	6.9	4.83	4.7	6.55	5.95	5.35	5.63	4.04	4.85	7.21	8.66	7.04	5.65	5.75	4.84	5.36	8.23	8.44	4.88	7.25	9.05	9.68	6.36	8.09	8.24	5.83	6.59	5.24	5.18	5.95	6.32	7.07	6.75	6.97	4.03	6.1	6.08	5.48	2.33	4.54	5.77	5.2	7.61	11.1	7.94	7.63	9.81	7.19	5.15
1.0	2.0	3.0	4.0	5.0	6.0	7.0	8.0	9.0	10.0	11.0	12.0	13.0	14.0	15.0	16.0	17.0	18.0	19.0	20.0	21.0	22.0	23.0	24.0	25.0	26.0	27.0	28.0	29.0	30.0	31.0	32.0	33.0	34.0	35.0	36.0	37.0	38.0	39.0	40.0	41.0	42.0	43.0	44.0	45.0	46.0	47.0	48.0	49.0	50.0	51.0	52.0	53.0	54.0	55.0	56.0	57.0	58.0	59.0	60.0	61.0	62.0	63.0	64.0	65.0	66.0	67.0	68.0	69.0	70.0	71.0	72.0	73.0	74.0	75.0	76.0	77.0	78.0	79.0	80.0	81.0	82.0	83.0	84.0	85.0	86.0	87.0	88.0	89.0	90.0	91.0	92.0	93.0	94.0	95.0	96.0	97.0	98.0	99.0	100.0	101.0	102.0	103.0	104.0	105.0	106.0	107.0	108.0	109.0	110.0	111.0	112.0	113.0	114.0	115.0	116.0	117.0	118.0	119.0	120.0	121.0	122.0	123.0	124.0	125.0	126.0	127.0	128.0	129.0	130.0	131.0	132.0	133.0	134.0	135.0	136.0	137.0	138.0	139.0	140.0	141.0	142.0	143.0	144.0	145.0	146.0	147.0	148.0	149.0	149.0	150.0	151.0	152.0	153.0	154.0	155.0	156.0	157.0	158.0	159.0	160.0	161.0	162.0	163.0	164.0	165.0	166.0	167.0	168.0	169.0	170.0	171.0	172.0	173.0	174.0	175.0	176.0	177.0	178.0	179.0	180.0	181.0	182.0	183.0	184.0	185.0	186.0	187.0	188.0	189.0	190.0	191.0	192.0	193.0	194.0	195.0	196.0	197.0	198.0	199.0	200.0	201.0	202.0	203.0	204.0	205.0	206.0	207.0	208.0	209.0	210.0	211.0	212.0	213.0	214.0	215.0	216.0	217.0	218.0	219.0	220.0	221.0	222.0	223.0	224.0	225.0	226.0	227.0	228.0	229.0	230.0	231.0	232.0	233.0	234.0	235.0	236.0	237.0	238.0	239.0	240.0	241.0	242.0	243.0	244.0	245.0	246.0	247.0	248.0	249.0	250.0	251.0	252.0	253.0	254.0	255.0	256.0	257.0	258.0	259.0	260.0	261.0	262.0	263.0	264.0	265.0	266.0	267.0	268.0	269.0	270.0	271.0	272.0	273.0	274.0	275.0	276.0	277.0	278.0	279.0	280.0	281.0	282.0	283.0	284.0	285.0	286.0	287.0	288.0	289.0	290.0	291.0	292.0	293.0	294.0	295.0	296.0	297.0	298.0	298.0	299.0	300.0
2429.0896639496673
