5829.217537466609	300.0	2000.0	62.560028617073336	0	0.0	5829.217537466609	1	0	1	-2.186111009283045
6314.595722788579	3000.0	2466.083996145833	0.0	0	0.0	5780.679718934412	1	0	2	-2.183401701479242
6803.634787051735	3000.0	2928.1410254563625	0.0	0	0.0	5731.775812508097	1	0	2	0.36797303163460116
7285.808114072333	3000.0	3397.750365733705	0.0	0	0.0	5683.558479806039	1	0	2	0.4151706432089164
7697.812215482406	3000.0	3944.5458541826265	0.0	0	0.0	5642.3580696650315	1	0	2	0.4568666858076117
8469.471911591743	6000.0	4172.886158073289	0.0	0	0.0	5642.3580696650315	1	0	1	0.46635355472187845
9019.707945699825	6000.0	4622.650123965206	0.0	0	0.0	5642.3580696650315	1	0	1	1.3595007352818236
9803.69584687692	6000.0	4838.662222788112	0.0	0	0.0	5642.358069665032	1	0	1	1.3595007352818231
10239.024000020549	6000.0	5403.334069644486	0.0	0	0.0	5642.358069665034	1	0	1	1.359500735281822
11200.0	6000.0	5442.358069665033	0.0	0	248.77986866646097	5642.358069665033	1	0	1	1.3595007352818218
12531.656009611257	6000.0	5110.702060053776	0.0	0	0.0	5642.358069665033	1	0	1	1.3595007352818218
14218.786576185701	6000.0	4423.571493479334	0.0	0	0.0	5642.358069665033	1	0	1	1.3595007352818218
15350.900394908984	6000.0	4291.457674756051	0.0	0	0.0	5642.358069665033	1	0	1	1.3595007352818218
16124.21507734406	3000.0	4440.811524077467	0.0	0	0.0	5565.026601421523	1	0	2	-0.37399577953332847
16791.578084643064	3000.0	4706.712216048563	0.0	0	0.0	5498.290300691624	1	0	2	0.592169564142966
17294.820654050425	3000.0	5153.14538970047	0.0	0	0.0	5447.966043750892	1	0	2	0.6391590612176496
18200.0	3000.0	5157.448109155938	0.0	0	398.55600611713453	5357.448109155932	1	0	2	0.7008532911646923
19200.0	6000.0	5157.448109155939	0.0	0	156.56733867284856	5357.448109155932	1	0	1	0.7337959495657937
20202.345016877265	6000.0	5155.103092278672	0.0	0	0.0	5357.44810915593	1	0	1	1.6269431301257389
21467.974912596495	6000.0	4889.47319655944	0.0	0	0.0	5357.448109155928	1	0	1	1.6269431301257407
22369.02218032103	6000.0	4988.425928834903	0.0	0	0.0	5357.448109155928	1	0	1	1.6269431301257415
23229.967692217528	6000.0	5127.480416938405	0.0	0	0.0	5357.448109155925	1	0	1	1.6269431301257444
24200.0	6000.0	5157.448109155932	0.0	0	192.829566322569	5357.448109155925	1	0	1	1.6269431301257444
25200.0	6000.0	5157.448109155935	0.0	0	147.0549137830967	5357.448109155925	1	0	1	1.6269431301257444
26269.165455359784	6000.0	5088.282653796149	0.0	0	0.0	5357.448109155928	1	0	1	1.6269431301257415
27200.0	6000.0	5157.448109155932	0.0	0	97.7746300891522	5357.448109155928	1	0	1	1.6269431301257415
28593.440960874123	6000.0	4764.007148281804	0.0	0	0.0	5357.448109155928	1	0	1	1.6269431301257415
29593.494797957883	6000.0	4763.95331119804	0.0	0	0.0	5357.448109155928	1	0	1	1.6269431301257415
30943.830294201147	6000.0	4413.617814954776	0.0	0	0.0	5357.448109155928	1	0	1	1.6269431301257415
31546.275934754132	3000.0	4750.927610346487	0.0	0	0.0	5297.203545100627	1	0	2	-0.11868605659372106
32288.719286789878	3000.0	4934.239923107161	0.0	0	0.0	5222.959209897046	1	0	2	0.8369478597077291
33200.0	3000.0	4931.831138576018	0.0	0	331.97787080198395	5131.831138576028	1	0	2	0.9005483126963377
34200.0	3000.0	4831.831138576024	0.0	0	383.5962787443277	5031.831138576039	1	0	2	0.981294247198456
35233.48714166576	6000.0	4798.343996910255	0.0	0	0.0	5031.831138576028	1	0	1	1.011493036077426
36200.0	6000.0	4831.83113857602	0.0	0	128.51437503341003	5031.831138576028	1	0	1	1.9046402166373766
37200.0	6000.0	4831.831138576025	0.0	0	11.020575285787345	5031.831138576035	1	0	1	1.9046402166373733
38200.0	6000.0	4831.831138576026	0.0	0	67.56875315980142	5031.831138576032	1	0	1	1.904640216637374
39315.26202767155	6000.0	4716.569110904468	0.0	0	0.0	5031.831138576032	1	0	1	1.904640216637374
40366.23449941509	6000.0	4665.596639160933	0.0	0	0.0	5031.831138576032	1	0	1	1.904640216637374
41496.59103543989	6000.0	4535.240103136135	0.0	0	0.0	5031.831138576032	1	0	1	1.904640216637374
42560.293369611885	6000.0	4471.537768964134	0.0	0	0.0	5031.831138576024	1	0	1	1.9046402166373793
43605.22877919299	6000.0	4426.602359383025	0.0	0	0.0	5031.831138576024	1	0	1	1.9046402166373793
44200.0	3000.0	4772.354016495321	0.0	0	186.06294658513798	4972.35401649533	1	0	2	0.14692854222481833
45200.0	3000.0	4672.354016495315	0.0	0	509.19625592385273	4872.354016495323	1	0	2	1.1043549664793693
46200.0	3000.0	4572.354016495324	0.0	0	558.1794794182933	4772.35401649533	1	0	2	1.1782369352845274
47200.0	6000.0	4572.35401649532	0.0	0	17.169780143995013	4772.35401649533	1	0	1	1.2061007887244386
48584.43971996282	6000.0	4187.914296532501	0.0	0	0.0	4772.35401649533	1	0	1	2.099247969284384
49347.466006052855	6000.0	4424.888010442464	0.0	0	0.0	4772.354016495323	1	0	1	2.0992479692843893
50545.34531391427	6000.0	4227.008702581053	0.0	0	0.0	4772.354016495323	1	0	1	2.0992479692843893
51876.966244680705	6000.0	3895.387771814619	0.0	0	0.0	4772.354016495323	1	0	1	2.0992479692843893
52534.81592990435	3000.0	4171.7531180686055	0.0	0	0.0	4706.569047972953	1	0	2	0.34727264306827876
53200.0	3000.0	4440.050640963387	0.0	0	70.23465690545709	4640.050640963382	1	0	2	1.2818923504460833
54200.0	3000.0	4340.050640963394	0.0	0	650.4357418044601	4540.0506409633745	1	0	2	1.3336443339077544
55410.68807051787	6000.0	4129.362570445516	0.0	0	0.0	4540.050640963367	1	0	1	1.3585753026633194
56411.777436771976	6000.0	4128.273204191413	0.0	0	0.0	4540.05064096336	1	0	1	2.251722483223269
57364.45177615772	6000.0	4175.598864805661	0.0	0	0.0	4540.05064096336	1	0	1	2.251722483223269
58763.490613254515	6000.0	3776.5600277088674	0.0	0	0.0	4540.05064096336	1	0	1	2.251722483223269
59362.541473626174	3000.0	4117.604081300051	0.0	0	0.0	4480.1455549261955	1	0	2	0.4926581413940413
60560.634187759955	6000.0	3919.5113671662693	0.0	0	0.0	4480.145554926203	1	0	1	1.394543769180561
61200.0	3000.0	4216.20897370222	0.0	0	20.71990472037578	4416.208973702203	1	0	2	0.528406957679544
62636.02329542253	6000.0	3780.1856782796885	0.0	0	0.0	4416.208973702211	1	0	1	1.4314385851202442
63373.59425858981	3000.0	3968.8576187956883	0.0	0	0.0	4342.451877385487	1	0	2	0.569266298997219
64200.0	3000.0	4059.811303244479	0.0	0	205.0878901348624	4259.811303244467	1	0	2	1.500673100407292
65200.0	3000.0	3959.8113032444844	0.0	0	445.830021235146	4159.81130324446	1	0	2	1.5459108857408397
66200.0	6000.0	3959.811303244485	0.0	0	53.50424969490268	4159.81130324446	1	0	1	1.5643596765347263
67200.0	6000.0	3959.8113032444853	0.0	0	137.8053926191351	4159.81130324446	1	0	1	2.457506857094669
68200.0	6000.0	3959.811303244483	0.0	0	180.07517377530166	4159.81130324446	1	0	1	2.4575068570946694
69646.6354928241	6000.0	3513.175810420379	0.0	0	0.0	4159.81130324446	1	0	1	2.457506857094673
70937.90874143422	6000.0	3221.9025618102733	0.0	0	0.0	4159.811303244453	1	0	1	2.457506857094675
71734.54278116136	3000.0	3345.6051181104212	0.0	0	0.0	4080.147899271731	1	0	2	0.7001763620000572
72200.0	3000.0	3833.602177387924	0.0	0	133.44233756905305	4033.6021773878892	1	0	2	1.6133716944198726
73200.0	3000.0	3733.6021773879233	0.0	0	612.6982272961759	3933.6021773878892	1	0	2	1.646513056343057
74200.0	6000.0	3733.6021773879042	0.0	0	301.76987161474244	3933.6021773878892	1	0	1	1.6628518682499065
75921.171462288	6000.0	3012.430715099905	0.0	0	0.0	3933.6021773878892	1	0	1	2.5559990488098516
76917.1070233853	6000.0	3016.495154002593	0.0	0	0.0	3933.6021773878892	1	0	1	2.5559990488098516
77463.67097632907	3000.0	3415.2748057644494	0.0	0	0.0	3878.945782093506	1	0	2	0.7857384581991004
78200.0	3000.0	3605.312879726418	0.0	0	271.1755238918413	3805.312879726407	1	0	2	1.700678674981395
79200.0	3000.0	3505.3128797264153	0.0	0	518.2830561595474	3705.312879726407	1	0	2	1.7330327726386519
80200.0	3000.0	3405.3128797264094	0.0	0	592.8640159891365	3605.312879726407	1	0	2	1.7657355530375745
81272.70712911565	6000.0	3332.6057506107627	0.0	0	0.0	3605.312879726407	1	0	1	1.778160672194352
82468.63744241804	6000.0	3136.6754373083418	0.0	0	0.0	3605.3128797263926	1	0	1	2.6713078527543015
83510.11780390127	6000.0	3095.195075825106	0.0	0	0.0	3605.3128797263926	1	0	1	2.6713078527543015
84635.01120613956	6000.0	2970.3016735868064	0.0	0	0.0	3605.312879726378	1	0	1	2.671307852754306
85332.23474724517	6000.0	3273.0781324811996	0.0	0	0.0	3605.312879726378	1	0	1	2.671307852754306
86200.0	6000.0	3405.312879726363	0.0	0	41.29239102744032	3605.312879726378	1	0	1	2.671307852754306
87258.15201361511	6000.0	3347.1608661112596	0.0	0	0.0	3605.312879726378	1	0	1	2.671307852754306
88398.5921621143	6000.0	3206.7207176120755	0.0	0	0.0	3605.312879726378	1	0	1	2.671307852754306
89827.15051032265	6000.0	2778.162369403728	0.0	0	0.0	3605.312879726378	1	0	1	2.671307852754306
90569.96040482937	3000.0	2961.0714854463286	0.0	0	0.0	3531.0318902756844	1	0	2	0.9014600083624759
91200.0	3000.0	3268.0279307586275	0.0	0	60.409238715292304	3468.0279307586316	1	0	2	1.8125323932310922
92200.0	6000.0	3268.027930758626	0.0	0	303.9093048384675	3468.0279307586316	1	0	1	1.8178876147150955
93243.7425026244	6000.0	3224.2854281342184	0.0	0	0.0	3468.027930758617	1	0	1	2.7110347952750447
94200.0	6000.0	3268.027930758635	0.0	0	165.3012711074698	3468.027930758617	1	0	1	2.7110347952750447
95580.53243904698	6000.0	2887.4954917116706	0.0	0	0.0	3468.027930758617	1	0	1	2.7110347952750447
96491.17215226965	6000.0	2976.8557784890195	0.0	0	0.0	3468.027930758617	1	0	1	2.7110347952750447
97712.3341498242	6000.0	2755.693780934463	0.0	0	0.0	3468.027930758617	1	0	1	2.7110347952750447
98289.16426523653	3000.0	3121.180653980884	0.0	0	0.0	3410.344919217372	1	0	2	0.9362925993144322
99200.0	3000.0	3119.2613457410644	0.0	0	489.47525734762894	3319.2613457410334	1	0	2	1.8466608791479966
100200.0	6000.0	3119.261345741048	0.0	0	157.88680663383275	3319.2613457410334	1	0	1	1.8559974384094495
101518.73357172616	6000.0	2800.527774014892	0.0	0	0.0	3319.2613457410334	1	0	1	2.7491446189693947
102684.99072532645	6000.0	2634.270620414597	0.0	0	0.0	3319.2613457410334	1	0	1	2.7491446189693947
104008.4559224576	6000.0	2310.8054232834556	0.0	0	0.0	3319.2613457410334	1	0	1	2.7491446189693947
104575.20262387805	3000.0	2687.3840517209346	0.0	0	0.0	3262.58667559897	1	0	2	0.9730032782754279
105200.0	3000.0	3000.106937986797	0.0	0	148.86470947535418	3200.1069379867695	1	0	2	1.8782209339371583
106360.50199889106	6000.0	2839.6049390957155	0.0	0	0.0	3200.1069379867695	1	0	1	1.883155766022043
107234.52798767557	6000.0	2965.5789503112155	0.0	0	0.0	3200.1069379867695	1	0	1	2.776302946581988
108214.96767341073	6000.0	2985.139264576047	0.0	0	0.0	3200.1069379867695	1	0	1	2.776302946581988
109208.32448087205	6000.0	2991.782457114738	0.0	0	0.0	3200.1069379867695	1	0	1	2.776302946581988
110447.35725277729	6000.0	2752.7496852095096	0.0	0	0.0	3200.1069379867695	1	0	1	2.776302946581988
111243.70486025253	6000.0	2956.402077734263	0.0	0	0.0	3200.106937986784	1	0	1	2.776302946581985
112256.67295775138	6000.0	2943.4339802354234	0.0	0	0.0	3200.106937986784	1	0	1	2.776302946581985
113200.0	6000.0	3000.1069379867927	0.0	0	54.99931164769805	3200.106937986784	1	0	1	2.776302946581985
114200.0	6000.0	3000.106937986794	0.0	0	23.303024972454295	3200.106937986784	1	0	1	2.776302946581985
115200.0	6000.0	3000.1069379867977	0.0	0	151.30509132471343	3200.106937986784	1	0	1	2.776302946581985
116200.0	6000.0	3000.1069379868177	0.0	0	278.9876976739761	3200.1069379867986	1	0	1	2.776302946581982
117200.0	6000.0	3000.1069379868272	0.0	0	462.7133067846007	3200.1069379867986	1	0	1	2.776302946581982
118200.0	6000.0	3000.1069379868154	0.0	0	298.1366992574185	3200.1069379867986	1	0	1	2.776302946581982
119200.0	6000.0	3000.106937986821	0.0	0	159.78845201326476	3200.1069379867986	1	0	1	2.776302946581982
120200.0	6000.0	3000.1069379868127	0.0	0	111.21530833908764	3200.1069379867986	1	0	1	2.776302946581982
121459.71729990859	6000.0	2740.389638078228	0.0	0	0.0	3200.1069379867986	1	0	1	2.776302946581982
122914.19632412416	6000.0	2285.910613862672	0.0	0	0.0	3200.1069379867986	1	0	1	2.776302946581982
123500.49324990199	3000.0	2640.983995507069	0.0	0	0.0	3141.477245409027	1	0	2	0.9992291884471178
124494.33630279725	6000.0	2647.140942611798	0.0	0	0.0	3141.4772454090125	1	0	1	1.895505851337381
125621.28806882423	6000.0	2520.1891765848254	0.0	0	0.0	3141.4772454090125	1	0	1	2.788653031897326
126744.70796638813	6000.0	2396.7692790209167	0.0	0	0.0	3141.477245408998	1	0	1	2.7886530318973293
127200.0	3000.0	2895.948042047861	0.0	0	17.51078768708976	3095.9480420478067	1	0	2	1.009007772320263
128200.0	6000.0	2895.948042047856	0.0	0	195.59813838363334	3095.9480420478067	1	0	1	1.9046610918978484
129200.0	6000.0	2895.948042047858	0.0	0	33.91349580558017	3095.9480420478067	1	0	1	2.7978082724577935
130321.43610359756	6000.0	2774.511938450295	0.0	0	0.0	3095.9480420478067	1	0	1	2.7978082724577935
131200.0	6000.0	2895.948042047855	0.0	0	106.78621512968675	3095.9480420478067	1	0	1	2.7978082724577935
132200.0	6000.0	2895.9480420478403	0.0	0	60.168420118890936	3095.948042047792	1	0	1	2.797808272457793
133336.14041146985	6000.0	2759.8076305780087	0.0	0	0.0	3095.9480420478358	1	0	1	2.7978082724577913
134238.40072898506	6000.0	2857.5473130627834	0.0	0	0.0	3095.948042047792	1	0	1	2.797808272457792
135275.10101566662	6000.0	2820.8470263812137	0.0	0	0.0	3095.948042047763	1	0	1	2.7978082724578024
136862.159203257	6000.0	2233.7888387908424	0.0	0	0.0	3095.948042047763	1	0	1	2.7978082724578024
138797.11283455943	6000.0	1298.8352074884406	0.0	0	0.0	3095.948042047763	1	0	1	2.7978082724578024
139288.80195538717	2000.0	1757.977174577928	0.0	0	0.0	3046.779129964998	1	0	2	0.20789650346151745
140051.833808652	3000.0	1918.6421359865856	0.0	0	0.0	2970.475944638485	1	0	2	1.5190322567271541
140787.68619417123	3000.0	2109.2045119154027	0.0	0	0.0	2896.8907060865313	1	0	2	1.9372894517959067
141497.29948760394	3000.0	2328.6298891394076	0.0	0	0.0	2825.929376743268	1	0	2	1.9492856257610056
142200.0	3000.0	2555.6593255037596	0.0	0	160.56295435730135	2755.659325503686	1	0	2	1.958654859858335
143472.6323565452	6000.0	2283.026968958558	0.0	0	0.0	2755.659325503715	1	0	1	1.9623524633623295
145125.6516297614	6000.0	1630.007695742312	0.0	0	0.0	2755.659325503744	1	0	1	2.85549964392227
145793.87924962337	3000.0	1894.9573138941553	0.0	0	0.0	2688.836563517514	1	0	2	1.07663423830121
146597.71159403402	6000.0	2091.1249694834905	0.0	0	0.0	2688.836563517514	1	0	1	1.9717147975398135
147605.1772783189	6000.0	2083.6592851986197	0.0	0	0.0	2688.836563517485	1	0	1	2.8648619780997633
148601.02470685306	6000.0	2087.8118566644644	0.0	0	0.0	2688.836563517485	1	0	1	2.8648619780997633
150033.3610694847	6000.0	1655.4754940327882	0.0	0	0.0	2688.836563517485	1	0	1	2.8648619780997633
151306.65454957235	6000.0	1382.1820139451236	0.0	0	0.0	2688.836563517485	1	0	1	2.8648619780997633
152154.1742705354	6000.0	1534.6622929820912	0.0	0	0.0	2688.836563517485	1	0	1	2.8648619780997633
152958.44854169872	6000.0	1730.388021818803	0.0	0	0.0	2688.836563517514	1	0	1	2.864861978099759
154113.9769603211	6000.0	1574.8596031964044	0.0	0	0.0	2688.836563517514	1	0	1	2.864861978099759
155123.5580631629	6000.0	1565.2785003545996	0.0	0	0.0	2688.836563517514	1	0	1	2.864861978099759
155856.51383181984	6000.0	1832.322731697638	0.0	0	0.0	2688.836563517514	1	0	1	2.864861978099759
156629.31922557365	6000.0	2059.5173379438656	0.0	0	0.0	2688.836563517514	1	0	1	2.864861978099759
157407.05444907869	6000.0	2281.782114438845	0.0	0	0.0	2688.836563517514	1	0	1	2.864861978099759
158200.0	6000.0	2488.8365635175414	0.0	0	219.41779557667905	2688.836563517514	1	0	1	2.864861978099759
159200.0	6000.0	2488.8365635175255	0.0	0	236.4819383583672	2688.836563517514	1	0	1	2.864861978099759
160200.0	6000.0	2488.8365635175155	0.0	0	316.2225383609766	2688.836563517485	1	0	1	2.8648619780997633
161436.77919397186	6000.0	2252.0573695456956	0.0	0	0.0	2688.836563517514	1	0	1	2.864861978099759
163313.4089170732	6000.0	1375.427646444365	0.0	0	0.0	2688.8365635175433	1	0	1	2.864861978099755
164431.8201408335	6000.0	1257.0164226840366	0.0	0	0.0	2688.836563517514	1	0	1	2.864861978099759
165004.41532440466	3000.0	1627.1617207557538	0.0	0	0.0	2631.577045160404	1	0	2	1.0841760183080218
165806.84455209246	3000.0	1744.4895702991585	0.0	0	0.0	2551.3341223916213	1	0	2	1.9872123658737433
166700.47526325972	6000.0	1850.8588591319117	0.0	0	0.0	2551.3341223916213	1	0	1	1.9892409030051628
167548.65661453246	6000.0	2002.67750785918	0.0	0	0.0	2551.3341223916213	1	0	1	2.882388083565108
168514.09276458272	6000.0	2037.2413578088774	0.0	0	0.0	2551.3341223916213	1	0	1	2.882388083565108
170054.97964349555	6000.0	1496.3544788960396	0.0	0	0.0	2551.3341223916505	1	0	1	2.8823880835651057
171174.69046428936	6000.0	1376.643658102235	0.0	0	0.0	2551.3341223916213	1	0	1	2.8823880835651075
171606.49373124138	3000.0	1901.6600644550338	0.0	0	0.0	2508.1537956964166	1	0	2	1.0998984847091666
172200.0	3000.0	2248.8031688205406	0.0	0	3.9386028191365767	2448.8031688205665	1	0	2	1.999143662720352
173200.0	6000.0	2248.8031688205724	0.0	0	219.58035762459622	2448.8031688205374	1	0	1	2.0009151589870715
174200.0	6000.0	2248.803168820556	0.0	0	55.740441436646506	2448.8031688205374	1	0	1	2.8940623395470166
175200.0	6000.0	2248.803168820543	0.0	0	115.96816296834731	2448.8031688205083	1	0	1	2.8940623395470197
176280.79844356017	6000.0	2168.004725260337	0.0	0	0.0	2448.80316882045	1	0	1	2.894062339547025
177558.5934098714	6000.0	1890.2097589491173	0.0	0	0.0	2448.80316882045	1	0	1	2.894062339547026
179243.56829853443	6000.0	1205.2348702860766	0.0	0	0.0	2448.803168820479	1	0	1	2.8940623395470233
179693.0707336464	2000.0	1710.782191662928	0.0	0	0.0	2403.8529253093	1	0	2	0.3003884398920427
180296.03036218885	3000.0	2047.5266002662524	0.0	0	0.0	2343.556962455099	1	0	2	1.6048430492988066
181390.9168027371	6000.0	1952.6401597179934	0.0	0	0.0	2343.55696245507	1	0	1	2.011779169405093
182200.0	3000.0	2062.6486427287946	0.0	0	287.66632631234825	2262.6486427287455	1	0	2	1.123346347082249
183342.84184176294	6000.0	1919.8068009658448	0.0	0	0.0	2262.6486427287455	1	0	1	2.0194234082471705
184298.25845216122	6000.0	1964.3901905675687	0.0	0	0.0	2262.6486427287164	1	0	1	2.9125705888071183
185277.4974593522	6000.0	1985.1511833766	0.0	0	0.0	2262.6486427287164	1	0	1	2.9125705888071183
186241.34819624445	6000.0	2021.3004464843623	0.0	0	0.0	2262.6486427287164	1	0	1	2.9125705888071183
187402.67645993957	6000.0	1859.9721827892208	0.0	0	0.0	2262.6486427286873	1	0	1	2.9125705888071214
188689.01566146288	6000.0	1573.6329812659228	0.0	0	0.0	2262.6486427287164	1	0	1	2.9125705888071183
189493.72811426682	6000.0	1768.9205284620039	0.0	0	0.0	2262.6486427287164	1	0	1	2.9125705888071183
190515.50639323602	6000.0	1747.142249492815	0.0	0	0.0	2262.6486427287164	1	0	1	2.9125705888071183
191871.07174810136	6000.0	1391.5768946275093	0.0	0	0.0	2262.6486427287164	1	0	1	2.9125705888071183
193087.34033106902	6000.0	1175.3083116598173	0.0	0	0.0	2262.6486427287164	1	0	1	2.9125705888071183
193661.9988316007	3000.0	1543.1839610749173	0.0	0	0.0	2205.182792675507	1	0	2	1.130164550931293
194796.08827225925	6000.0	1409.094520416361	0.0	0	0.0	2205.1827926754777	1	0	1	2.0245057021770414
195897.8095684052	6000.0	1307.3732242703811	0.0	0	0.0	2205.1827926754777	1	0	1	2.9176528827369888
196825.75951406723	6000.0	1379.423278608367	0.0	0	0.0	2205.182792675507	1	0	1	2.917652882736986
197416.47813622552	3000.0	1788.7046564500774	0.0	0	0.0	2205.1827926754777	1	0	1	1.5313585216170988
198379.54269604397	6000.0	1825.6400966316246	0.0	0	0.0	2205.1827926754486	1	0	1	2.2245057021770465
199234.45243157152	6000.0	1970.7303611040506	0.0	0	0.0	2205.1827926754486	1	0	1	2.9176528827369914
200259.81844234388	6000.0	1945.3643503316723	0.0	0	0.0	2205.1827926754486	1	0	1	2.9176528827369914
201322.97519423172	6000.0	1882.2075984438081	0.0	0	0.0	2205.1827926754486	1	0	1	2.9176528827369914
202392.67770565985	6000.0	1812.5050870156442	0.0	0	0.0	2205.1827926754486	1	0	1	2.9176528827369914
203200.0	6000.0	2005.1827926755136	0.0	0	173.22541691060178	2205.1827926754486	1	0	1	2.9176528827369914
204336.40157869513	6000.0	1868.7812139803711	0.0	0	0.0	2205.1827926754195	1	0	1	2.9176528827369936
205592.05442083674	6000.0	1613.1283718387735	0.0	0	0.0	2205.1827926754195	1	0	1	2.9176528827369936
206465.6005966886	6000.0	1739.582195986917	0.0	0	0.0	2205.1827926754195	1	0	1	2.9176528827369936
207598.88798882265	6000.0	1606.2948038528784	0.0	0	0.0	2205.1827926754486	1	0	1	2.9176528827369914
208200.0	3000.0	2005.1827926755427	0.0	0	159.90134010466863	2205.1827926754486	1	0	1	1.5313585216171013
209200.0	6000.0	2005.182792675524	0.0	0	50.94507280900143	2205.1827926754486	1	0	1	2.2245057021770465
210507.94682688816	6000.0	1697.2359657873865	0.0	0	0.0	2205.1827926754777	1	0	1	2.9176528827369888
211454.8434278261	6000.0	1750.3393648494148	0.0	0	0.0	2205.1827926754777	1	0	1	2.9176528827369888
212618.71781050466	6000.0	1586.4649821708513	0.0	0	0.0	2205.1827926754777	1	0	1	2.9176528827369888
213200.0	3000.0	1947.0545737260097	0.0	0	204.54317598449416	2147.054573725967	1	0	2	1.1342072795672034
214200.0	6000.0	1947.0545737260218	0.0	0	370.55578854796477	2147.054573725967	1	0	1	2.029370241203741
215200.0	6000.0	1947.0545737260209	0.0	0	284.6115552118572	2147.054573725967	1	0	1	2.9225174217636862
216200.0	6000.0	1947.0545737260347	0.0	0	146.08126469701529	2147.054573725967	1	0	1	2.9225174217636862
217200.0	6000.0	1947.0545737260632	0.0	0	16.090197179612005	2147.0545737259963	1	0	1	2.9225174217636836
218527.61070589724	6000.0	1619.4438678288157	0.0	0	0.0	2147.0545737259963	1	0	1	2.9225174217636836
219686.86421762104	6000.0	1460.1903561050256	0.0	0	0.0	2147.0545737259963	1	0	1	2.9225174217636836
220832.00139516065	6000.0	1315.0531785654082	0.0	0	0.0	2147.0545737259963	1	0	1	2.9225174217636853
221573.96549451182	6000.0	1573.0890792142463	0.0	0	0.0	2147.0545737259963	1	0	1	2.9225174217636836
222538.14181003897	6000.0	1608.9127636870926	0.0	0	0.0	2147.0545737259963	1	0	1	2.9225174217636836
223422.90978069595	6000.0	1724.1447930300994	0.0	0	0.0	2147.0545737259963	1	0	1	2.9225174217636836
224482.75515004346	6000.0	1664.299423682538	0.0	0	0.0	2147.0545737259963	1	0	1	2.9225174217636836
225997.73146717862	6000.0	1149.323106547396	0.0	0	0.0	2147.0545737259963	1	0	1	2.9225174217636836
226608.1053416735	3000.0	1477.9118446030009	0.0	0	0.0	2086.0171862764983	1	0	2	1.1398901972220286
227226.93582934304	3000.0	1859.0813569334882	0.0	0	0.0	2086.0171862764983	1	0	1	2.0341947678036867
228200.0	6000.0	1886.0171862765437	0.0	0	136.02168632223038	2086.0171862764983	1	0	1	2.2341947678036864
229200.0	6000.0	1886.0171862765212	0.0	0	75.64291663898621	2086.0171862764983	1	0	1	2.9273419483636314
230200.0	6000.0	1886.0171862764967	0.0	0	193.63621744667762	2086.0171862764983	1	0	1	2.9273419483636314
231361.24127277316	6000.0	1724.775913503352	0.0	0	0.0	2086.017186276469	1	0	1	2.9273419483636336
232200.0	6000.0	1886.0171862765255	0.0	0	112.52890725358156	2086.0171862764983	1	0	1	2.9273419483636314
233405.2776125102	6000.0	1680.739573766306	0.0	0	0.0	2086.0171862764983	1	0	1	2.9273419483636314
234234.08657719838	6000.0	1851.9306090781085	0.0	0	0.0	2086.0171862764983	1	0	1	2.9273419483636314
235293.1323820815	6000.0	1792.884804194985	0.0	0	0.0	2086.0171862765274	1	0	1	2.927341948363629
236480.61979587702	6000.0	1605.3973903994738	0.0	0	0.0	2086.0171862765274	1	0	1	2.927341948363629
237554.92363779392	6000.0	1531.0935484825807	0.0	0	0.0	2086.0171862765274	1	0	1	2.927341948363629
238578.16387061402	6000.0	1507.8533156624596	0.0	0	0.0	2086.0171862765274	1	0	1	2.927341948363629
239663.4175673606	6000.0	1422.5996189159182	0.0	0	0.0	2086.0171862765274	1	0	1	2.927341948363629
240698.25832018055	6000.0	1387.7588660959593	0.0	0	0.0	2086.0171862765565	1	0	1	2.927341948363627
241496.3381475994	6000.0	1589.679038677139	0.0	0	0.0	2086.0171862765565	1	0	1	2.927341948363627
242687.5685351396	6000.0	1398.4486511369412	0.0	0	0.0	2086.0171862765274	1	0	1	2.927341948363629
243857.82096434003	6000.0	1228.1962219365444	0.0	0	0.0	2086.0171862765565	1	0	1	2.9273419483636287
245455.66816280014	6000.0	630.3490234764286	0.0	0	0.0	2086.0171862765565	1	0	1	2.9273419483636274
245817.6765021638	2000.0	1268.3406841127369	0.0	0	0.0	2086.0171862765274	1	0	1	0.7301173710274091
246381.89017741586	2000.0	1704.1270088606846	0.0	0	0.0	2086.0171862765274	1	0	1	1.8287296596955196
247200.0	3000.0	1804.206204018175	0.0	0	344.2986916821974	2004.2062040181481	1	0	2	1.432352373637846
248200.0	6000.0	1804.2062040181822	0.0	0	66.59839316437137	2004.2062040181772	1	0	1	2.0402329707042903
249200.0	6000.0	1804.2062040181738	0.0	0	272.40493809475447	2004.2062040181772	1	0	1	2.933380151264235
250550.6493969572	6000.0	1453.5568070609577	0.0	0	0.0	2004.2062040181481	1	0	1	2.9333801512642372
251749.0818521117	6000.0	1255.1243519064496	0.0	0	0.0	2004.2062040181481	1	0	1	2.9333801512642372
252616.7246692143	6000.0	1387.481534803858	0.0	0	0.0	2004.2062040181772	1	0	1	2.933380151264235
253779.6587420126	6000.0	1224.547462005555	0.0	0	0.0	2004.2062040182063	1	0	1	2.933380151264233
254423.74466203735	3000.0	1580.4615419808126	0.0	0	0.0	2004.2062040182063	1	0	1	1.547085790144343
255359.87623929424	6000.0	1644.3299647239485	0.0	0	0.0	2004.2062040182063	1	0	1	2.240232970704288
256244.12149037962	6000.0	1760.0847136385894	0.0	0	0.0	2004.2062040182063	1	0	1	2.933380151264233
257857.36341488248	6000.0	1146.8427891357107	0.0	0	0.0	2004.2062040182354	1	0	1	2.933380151264231
258527.78678688328	3000.0	1476.4194171349125	0.0	0	0.0	2004.2062040182354	1	0	1	1.5470857901443409
259200.0	3000.0	1804.206204018232	0.0	0	158.28219311044086	2004.2062040182354	1	0	1	2.240232970704286
260200.0	6000.0	1804.2062040182125	0.0	0	102.65651040905504	2004.2062040182063	1	0	1	2.240232970704288
261200.0	6000.0	1804.2062040182138	0.0	0	36.52386036494863	2004.2062040182063	1	0	1	2.933380151264233
262219.6767339176	6000.0	1784.5294701005967	0.0	0	0.0	2004.2062040181772	1	0	1	2.9333801512642332
263383.3624057506	6000.0	1620.8437982676012	0.0	0	0.0	2004.2062040182063	1	0	1	2.933380151264232
264251.7170197517	6000.0	1752.4891842664333	0.0	0	0.0	2004.2062040181481	1	0	1	2.933380151264235
265200.0	6000.0	1804.2062040181481	0.0	0	313.07233458483825	2004.2062040181481	1	0	1	2.9333801512642372
266200.0	6000.0	1804.2062040180779	0.0	0	500.26054313848726	2004.2062040181481	1	0	1	2.9333801512642372
267200.0	6000.0	1804.206204018063	0.0	0	318.8553540382418	2004.2062040182063	1	0	1	2.933380151264233
268200.0	6000.0	1804.2062040181202	0.0	0	108.4295649859123	2004.2062040182063	1	0	1	2.933380151264233
269355.35951419995	6000.0	1648.846689818186	0.0	0	0.0	2004.2062040182063	1	0	1	2.933380151264233
270313.61624607263	6000.0	1690.5899579455245	0.0	0	0.0	2004.2062040182063	1	0	1	2.933380151264233
271372.94751660374	6000.0	1631.258687414438	0.0	0	0.0	2004.2062040182063	1	0	1	2.933380151264233
272349.8278731156	6000.0	1654.378330902518	0.0	0	0.0	2004.2062040182063	1	0	1	2.933380151264233
273465.69211247464	6000.0	1538.514091543497	0.0	0	0.0	2004.2062040182063	1	0	1	2.933380151264233
274424.09170170414	6000.0	1580.114502314058	0.0	0	0.0	2004.2062040182063	1	0	1	2.933380151264233
275731.7498445567	6000.0	1272.456359461514	0.0	0	0.0	2004.2062040181481	1	0	1	2.9333801512642337
276529.22142679413	6000.0	1474.9847772240578	0.0	0	0.0	2004.2062040181481	1	0	1	2.9333801512642372
277200.0	6000.0	1804.2062040181254	0.0	0	30.897688045166433	2004.2062040182063	1	0	1	2.933380151264233
278366.2328318954	6000.0	1637.9733721226814	0.0	0	0.0	2004.2062040182063	1	0	1	2.933380151264233
279325.36119636125	6000.0	1678.8450076568702	0.0	0	0.0	2004.2062040182645	1	0	1	2.933380151264229
280401.83253381815	6000.0	1602.3736701999749	0.0	0	0.0	2004.2062040182645	1	0	1	2.933380151264229
281327.34317220066	6000.0	1676.863031817487	0.0	0	0.0	2004.2062040182063	1	0	1	2.933380151264233
282331.16600566794	6000.0	1673.0401983502152	0.0	0	0.0	2004.2062040182063	1	0	1	2.933380151264233
283636.75262885046	6000.0	1367.4535751675887	0.0	0	0.0	2004.2062040182063	1	0	1	2.933380151264233
284749.2546646392	6000.0	1254.951539378925	0.0	0	0.0	2004.2062040182063	1	0	1	2.933380151264233
285372.0734020587	3000.0	1632.1328019593861	0.0	0	0.0	2004.2062040181481	1	0	1	1.5470857901443473
286649.40665218874	6000.0	1354.7995518293355	0.0	0	0.0	2004.2062040181481	1	0	1	2.2402329707042923
287711.7928581663	3000.0	1292.4133458518227	0.0	0	0.0	2004.2062040182063	1	0	1	1.547085790144343
288217.50973215466	2000.0	1786.6964718635083	0.0	0	0.0	2004.2062040182063	1	0	1	1.4293027544879586
289350.2356660298	6000.0	1653.9705379884297	0.0	0	0.0	2004.2062040182063	1	0	1	1.8347678625961232
290200.0	3000.0	1719.2297706212144	0.0	0	259.10962598916376	1919.2297706212848	1	0	2	1.150682496828289
291200.0	3000.0	1719.2297706212396	0.0	0	415.87263348378474	1919.2297706212848	1	0	1	2.046020515195438
292200.0	6000.0	1719.2297706212617	0.0	0	138.68168052425608	1919.2297706212848	1	0	1	2.246020515195438
293853.0747489895	6000.0	1066.1550216317557	0.0	0	0.0	1919.229770621343	1	0	1	2.9391676957553825
294520.54193507764	3000.0	1398.6878355436704	0.0	0	0.0	1919.229770621343	1	0	1	1.5528733346354895
295200.0	3000.0	1719.2297706212748	0.0	0	237.77031825575978	1919.229770621343	1	0	1	2.2460205151954344
296200.0	6000.0	1719.2297706212325	0.0	0	121.80911038594786	1919.229770621343	1	0	1	2.2460205151954344
297200.0	6000.0	1719.2297706212205	0.0	0	245.25066763878567	1919.2297706214013	1	0	1	2.9391676957553754
298411.90928464296	6000.0	1507.3204859782934	0.0	0	0.0	1919.2297706214013	1	0	1	2.9391676957553754
299778.08501186286	6000.0	1141.144758758353	0.0	0	0.0	1919.2297706214013	1	0	1	2.9391676957553754
300576.2939923155	6000.0	1342.9357783057035	0.0	0	0.0	1919.2297706214013	1	0	1	2.9391676957553754
8.21	8.18	9.36	9.43	11.4	7.61	5.21	3.17	5.82	5.75	4.24	7.3	8.0	5.5	4.74	6.58	5.71	6.51	5.36	6.35	5.6	5.35	5.33	4.62	3.89	5.29	4.97	5.68	6.32	8.09	6.02	6.17	7.33	5.92	7.61	4.43	5.68	4.75	6.81	5.54	6.46	6.07	5.13	6.51	5.51	4.82	5.13	7.1	8.38	5.66	4.83	7.51	4.31	6.24	5.29	5.17	5.03	4.48	7.29	7.98	7.14	5.41	6.51	5.1	5.02	4.77	8.05	7.26	6.53	4.3	4.33	5.87	6.8	7.37	7.48	6.23	6.35	7.22	6.5	7.14	7.73	5.62	5.47	5.72	5.33	6.07	7.81	6.52	6.96	4.98	5.02	4.76	6.21	6.64	5.51	5.43	5.4	6.43	4.69	5.54	7.74	5.27	4.74	4.44	6.92	8.93	5.79	7.26	5.69	7.7	11.9	9.64	5.68	6.67	5.82	5.24	4.76	6.94	6.99	5.4	4.91	8.66	8.38	5.85	5.19	6.72	6.48	5.66	6.28	4.86	5.29	5.24	2.84	5.36	5.4	5.1	5.46	5.69	4.39	4.95	6.85	7.05	6.29	5.4	6.0	6.83	9.48	4.73	7.11	6.49	8.21	8.18	9.36	9.43	11.4	7.61	5.21	3.17	5.82	5.75	4.24	7.3	8.0	5.5	4.74	6.58	5.71	6.51	5.36	6.35	5.6	5.35	5.33	4.62	3.89	5.29	4.97	5.68	6.32	8.09	6.02	6.17	7.33	5.92	7.61	4.43	5.68	4.75	6.81	5.54	6.46	6.07	5.13	6.51	5.51	4.82	5.13	7.1	8.38	5.66	4.83	7.51	4.31	6.24	5.29	5.17	5.03	4.48	7.29	7.98	7.14	5.41	6.51	5.1	5.02	4.77	8.05	7.26	6.53	4.3	4.33	5.87	6.8	7.37	7.48	6.23	6.35	7.22	6.5	7.14	7.73	5.62	5.47	5.72	5.33	6.07	7.81	6.52	6.96	4.98	5.02	4.76	6.21	6.64	5.51	5.43	5.4	6.43	4.69	5.54	7.74	5.27	4.74	4.44	6.92	8.93	5.79	7.26	5.69	7.7	11.9	9.64	5.68	6.67	5.82	5.24	4.76	6.94	6.99	5.4	4.91	8.66	8.38	5.85	5.19	6.72	6.48	5.66	6.28	4.86	5.29	5.24	2.84	5.36	5.4	5.1	5.46	5.69	4.39	4.95	6.85	7.05	6.29	5.4	6.0	6.83	9.48	4.73
1.0	2.0	3.0	4.0	5.0	6.0	7.0	8.0	9.0	10.0	11.0	12.0	13.0	14.0	15.0	16.0	17.0	18.0	19.0	20.0	21.0	22.0	23.0	24.0	25.0	26.0	27.0	28.0	29.0	30.0	31.0	32.0	33.0	34.0	35.0	36.0	37.0	38.0	39.0	40.0	41.0	42.0	43.0	44.0	45.0	46.0	47.0	48.0	49.0	50.0	51.0	52.0	53.0	54.0	55.0	56.0	57.0	58.0	59.0	60.0	61.0	62.0	63.0	64.0	65.0	66.0	67.0	68.0	69.0	70.0	71.0	72.0	73.0	74.0	75.0	76.0	77.0	78.0	79.0	80.0	81.0	82.0	83.0	84.0	85.0	86.0	87.0	88.0	89.0	90.0	91.0	92.0	93.0	94.0	95.0	96.0	97.0	98.0	99.0	100.0	101.0	102.0	103.0	104.0	105.0	106.0	107.0	108.0	109.0	110.0	111.0	112.0	113.0	114.0	115.0	116.0	117.0	118.0	119.0	120.0	121.0	122.0	123.0	124.0	125.0	126.0	127.0	128.0	129.0	130.0	131.0	132.0	133.0	134.0	135.0	136.0	137.0	138.0	139.0	140.0	141.0	142.0	143.0	144.0	145.0	146.0	147.0	148.0	149.0	149.0	150.0	151.0	152.0	153.0	154.0	155.0	156.0	157.0	158.0	159.0	160.0	161.0	162.0	163.0	164.0	165.0	166.0	167.0	168.0	169.0	170.0	171.0	172.0	173.0	174.0	175.0	176.0	177.0	178.0	179.0	180.0	181.0	182.0	183.0	184.0	185.0	186.0	187.0	188.0	189.0	190.0	191.0	192.0	193.0	194.0	195.0	196.0	197.0	198.0	199.0	200.0	201.0	202.0	203.0	204.0	205.0	206.0	207.0	208.0	209.0	210.0	211.0	212.0	213.0	214.0	215.0	216.0	217.0	218.0	219.0	220.0	221.0	222.0	223.0	224.0	225.0	226.0	227.0	228.0	229.0	230.0	231.0	232.0	233.0	234.0	235.0	236.0	237.0	238.0	239.0	240.0	241.0	242.0	243.0	244.0	245.0	246.0	247.0	248.0	249.0	250.0	251.0	252.0	253.0	254.0	255.0	256.0	257.0	258.0	259.0	260.0	261.0	262.0	263.0	264.0	265.0	266.0	267.0	268.0	269.0	270.0	271.0	272.0	273.0	274.0	275.0	276.0	277.0	278.0	279.0	280.0	281.0	282.0	283.0	284.0	285.0	286.0	287.0	288.0	289.0	290.0	291.0	292.0	293.0	294.0	295.0	296.0	297.0
5690.592653038685
