4226.55921554632	300.0	2000.0	132.20394494470537	0	0.0	4226.55921554632	1	0	1	-1.3508617780089807
4939.711525718094	2000.0	2286.847689828225	0.0	0	0.0	4226.559215546319	1	0	1	-0.5705693292203484
5858.144028875548	3000.0	2276.5719363550247	0.0	0	0.0	4134.715965230573	1	0	2	0.959072274054167
6790.902756379063	3000.0	2250.5373361011575	0.0	0	0.0	4041.4400924802208	1	0	2	1.606581744106156
7603.976024206238	3000.0	2356.1567414912656	0.0	0	0.0	3960.132765697504	1	0	2	1.6438864721213364
8520.622237848384	3000.0	2347.8459064849076	0.0	0	0.0	3868.4681443332893	1	0	2	1.679355673503387
9413.398019630675	3000.0	2365.792546524389	0.0	0	0.0	3779.190566155062	1	0	2	1.7132681743946245
10221.734175842666	3000.0	2476.6227746912	0.0	0	0.0	3698.3569505338655	1	0	2	1.741171291879873
10836.05599870597	3000.0	2800.8687695415656	0.0	0	0.0	3636.9247682475343	1	0	2	1.7632281469346034
11427.055273196613	3000.0	3150.7695676018593	0.0	0	0.0	3577.82484079847	1	0	2	1.782355358411622
12200.0	3000.0	3300.5303681181326	0.0	0	196.25524777656028	3500.5303681181285	1	0	2	1.8006978569515515
13200.0	3000.0	3200.5303681181317	0.0	0	94.61354406066312	3400.5303681181267	1	0	2	1.8272962542656408
14200.0	3000.0	3100.530368118133	0.0	0	93.16978724596993	3300.5303681181304	1	0	2	1.852840604312548
15200.0	3000.0	3000.530368118133	0.0	0	330.86443565673653	3200.5303681181285	1	0	2	1.8750512278205271
16200.0	3000.0	2900.530368118134	0.0	0	353.5821010597465	3100.5303681181285	1	0	2	1.8960246183059715
17200.0	3000.0	2800.5303681181344	0.0	0	102.53843748148938	3000.530368118132	1	0	2	1.9173583907236948
18200.0	3000.0	2700.5303681181335	0.0	0	278.82403293120296	2900.5303681181285	1	0	2	1.933811651414155
19200.0	3000.0	2600.5303681181344	0.0	0	272.40569976398547	2800.5303681181285	1	0	2	1.9502658423195052
20767.200991470258	6000.0	2033.3293766478762	0.0	0	0.0	2800.5303681181285	1	0	1	1.9557328401561418
23029.490545315075	6000.0	771.0398228030617	0.0	0	0.0	2800.5303681181285	1	0	1	2.848880020716087
23751.166782978766	2000.0	1049.3635851393722	0.0	0	0.0	2800.5303681181285	1	0	1	0.6516554433798677
24200.563022528688	2000.0	1599.967345589449	0.0	0	0.0	2800.530368118125	1	0	1	1.7502677320479778
24864.830125655335	2000.0	1935.700242462802	0.0	0	0.0	2800.530368118125	1	0	1	1.7502677320479778
25642.48927893952	3000.0	2080.275173850199	0.0	0	0.0	2722.76445278971	1	0	2	1.3587484161354157
26302.96062097981	3000.0	2353.756697605874	0.0	0	0.0	2656.7173185856736	1	0	2	1.9734220894016818
27306.721817653197	3000.0	2249.619381265149	0.0	0	0.0	2556.341198918337	1	0	2	1.9859722669078468
28544.93601881156	6000.0	2011.4051801067853	0.0	0	0.0	2556.341198918337	1	0	1	1.9886414608665475
29412.875597976377	3000.0	2056.6716430254855	0.0	0	0.0	2469.5472410018556	1	0	2	1.1026282748721465
30601.047396003403	3000.0	1749.6826651957567	0.0	0	0.0	2350.730061199156	1	0	2	2.0080044300530835
31358.51500685221	2000.0	1916.4682932620703	0.0	0	0.0	2274.983300114276	1	0	2	1.2058111857771932
32200.0	3000.0	1990.8348007994966	0.0	0	39.533137562506454	2190.8348007994937	1	0	2	1.6182692615070708
33200.0	3000.0	1890.8348007994962	0.0	0	277.7757223522276	2090.8348007994973	1	0	2	2.0309025528695
34200.0	3000.0	1790.8348007995053	0.0	0	307.31838758026424	1990.8348007995046	1	0	2	2.0385363131670116
35200.0	3000.0	1690.8348007995023	0.0	0	128.60757604767423	1890.8348007994864	1	0	2	2.045917689495988
36236.58566006331	6000.0	1654.2491407361883	0.0	0	0.0	1890.8348007994864	1	0	1	2.047850908427405
37766.6852608525	6000.0	1124.1495399470032	0.0	0	0.0	1890.8348007994791	1	0	1	2.9409980889873504
38687.974301687784	2000.0	1202.8604991117165	0.0	0	0.0	1890.8348007994791	1	0	1	0.743773511651131
39621.70318338539	2000.0	1269.1316174141077	0.0	0	0.0	1890.8348007994791	1	0	1	1.8423858003192406
40413.60047504746	2000.0	1477.2343257520363	0.0	0	0.0	1890.8348007994791	1	0	1	1.8423858003192406
41200.0	2000.0	1690.8348007994996	0.0	0	3.413755063760618	1890.8348007994864	1	0	1	1.8423858003192404
42200.0	2000.0	1690.8348007995035	0.0	0	481.6245631494603	1890.8348007994864	1	0	1	1.8423858003192404
43200.0	3000.0	1590.8348007994987	0.0	0	313.40382910730114	1790.8348007994937	1	0	2	1.4462274721719812
44200.0	3000.0	1590.834800799492	0.0	0	264.7117818461338	1790.8348007994864	1	0	1	2.0539107182636265
45200.0	3000.0	1590.8348007994978	0.0	0	151.8138263586079	1790.8348007994864	1	0	1	2.2539107182636267
46200.0	3000.0	1590.8348007994866	0.0	0	113.62225831655087	1790.8348007994791	1	0	1	2.253910718263627
47200.0	3000.0	1490.8348007994844	0.0	0	366.77258771736524	1690.8348007994791	1	0	2	1.8573650071414396
48200.0	2000.0	1490.8348007994848	0.0	0	283.4610514343585	1690.8348007994791	1	0	1	1.248479749922137
49200.0	3000.0	1490.8348007994928	0.0	0	139.6743749438392	1690.8348007994791	1	0	1	1.8539448580303017
50200.0	3000.0	1490.8348007994944	0.0	0	66.2499442842236	1690.8348007994791	1	0	1	2.2594099661384663
51200.0	2000.0	1490.8348007994923	0.0	0	286.8534286800714	1690.8348007994791	1	0	1	1.4484797499221371
52200.0	2000.0	1490.8348007994891	0.0	0	85.78694397529034	1690.8348007994719	1	0	1	1.853944858030302
53200.0	3000.0	1490.8348007994937	0.0	0	287.18751038293703	1690.8348007994719	1	0	1	1.8539448580303022
54200.0	3000.0	1490.834800799491	0.0	0	513.4169507842598	1690.8348007994646	1	0	1	2.2594099661384672
55200.0	3000.0	1490.8348007994914	0.0	0	41.089165863180824	1690.8348007994646	1	0	1	2.2594099661384672
56200.0	2000.0	1490.8348007994957	0.0	0	460.19009487100993	1690.8348007994646	1	0	1	1.448479749922138
57200.0	3000.0	1390.8348007994923	0.0	0	212.51292605410708	1590.8348007994646	1	0	2	1.4571662789832505
58200.0	2000.0	1390.8348007994907	0.0	0	417.6451340791318	1590.8348007994646	1	0	1	1.2534689164299857
59200.0	2000.0	1390.8348007994935	0.0	0	224.02854599679267	1590.8348007994646	1	0	1	1.8589340245381505
60200.0	3000.0	1390.8348007994953	0.0	0	211.6681542288934	1590.8348007994646	1	0	1	1.8589340245381507
61200.0	3000.0	1390.834800799489	0.0	0	408.79145822386636	1590.8348007994646	1	0	1	2.2643991326463153
62200.0	2000.0	1390.8348007994875	0.0	0	605.9407095885035	1590.8348007994646	1	0	1	1.4534689164299859
63200.0	3000.0	1390.8348007994905	0.0	0	323.3196292594366	1590.8348007994646	1	0	1	1.8589340245381507
64200.0	2000.0	1390.8348007994935	0.0	0	164.34408677475585	1590.8348007994646	1	0	1	1.4534689164299859
65200.0	2000.0	1390.834800799495	0.0	0	341.27170530209696	1590.8348007994646	1	0	1	1.8589340245381505
66200.0	2000.0	1390.834800799497	0.0	0	398.97414273301547	1590.8348007994719	1	0	1	1.8589340245381505
67200.0	2000.0	1390.8348007995007	0.0	0	462.3451522915857	1590.8348007994646	1	0	1	1.8589340245381505
68200.0	2000.0	1390.8348007995162	0.0	0	79.88977983006043	1590.8348007994646	1	0	1	1.8589340245381505
69200.0	2000.0	1390.8348007994994	0.0	0	493.56878455109836	1590.8348007994646	1	0	1	1.8589340245381505
70200.0	3000.0	1390.834800799513	0.0	0	114.84065458056284	1590.8348007994646	1	0	1	1.8589340245381507
71200.0	2000.0	1390.8348007995128	0.0	0	391.6407706426544	1590.8348007994646	1	0	1	1.4534689164299859
72200.0	2000.0	1390.83480079951	0.0	0	392.4999918905378	1590.8348007994646	1	0	1	1.8589340245381505
73200.0	2000.0	1390.8348007995048	0.0	0	67.07557741914934	1590.83480079945	1	0	1	1.8589340245381514
74200.0	2000.0	1390.8348007995073	0.0	0	113.52187438383407	1590.8348007994646	1	0	1	1.8589340245381505
75200.0	2000.0	1390.8348007994873	0.0	0	238.80971238488564	1590.8348007994646	1	0	1	1.8589340245381505
76200.0	2000.0	1390.834800799487	0.0	0	332.07692399204825	1590.8348007994646	1	0	1	1.8589340245381505
77200.0	2000.0	1390.834800799484	0.0	0	533.0420819386491	1590.83480079945	1	0	1	1.8589340245381514
78200.0	2000.0	1390.8348007994769	0.0	0	200.32252968523244	1590.83480079945	1	0	1	1.8589340245381514
79200.0	3000.0	1390.8348007994655	0.0	0	425.8067536964372	1590.83480079945	1	0	1	1.8589340245381516
80200.0	3000.0	1390.834800799461	0.0	0	217.30563425272703	1590.83480079945	1	0	1	2.264399132646316
81366.53484429633	3000.0	1224.2999565031369	0.0	0	0.0	1590.83480079945	1	0	1	2.264399132646316
82216.2871552381	2000.0	1374.5476455613652	0.0	0	0.0	1590.83480079945	1	0	1	1.4534689164299868
83200.0	2000.0	1390.8348007994723	0.0	0	288.48453779210104	1590.83480079945	1	0	1	1.8589340245381514
84200.0	2000.0	1390.8348007994805	0.0	0	581.9116307636577	1590.8348007994646	1	0	1	1.8589340245381505
85200.0	2000.0	1390.834800799473	0.0	0	456.87973252809024	1590.8348007994646	1	0	1	1.8589340245381505
86200.0	2000.0	1390.8348007994782	0.0	0	458.887605440701	1590.8348007994646	1	0	1	1.8589340245381505
87200.0	3000.0	1390.8348007994894	0.0	0	132.09641221459606	1590.8348007994646	1	0	1	1.8589340245381507
88200.0	2000.0	1390.8348007994894	0.0	0	352.04912235573283	1590.83480079945	1	0	1	1.4534689164299868
89200.0	2000.0	1390.8348007994762	0.0	0	340.65692576197034	1590.83480079945	1	0	1	1.8589340245381514
90200.0	3000.0	1390.834800799483	0.0	0	418.1001202796033	1590.83480079945	1	0	1	1.8589340245381516
91200.0	3000.0	1390.8348007994725	0.0	0	243.96735172085755	1590.8348007994355	1	0	1	2.2643991326463166
92200.0	2000.0	1390.8348007994737	0.0	0	474.43832873961946	1590.8348007994355	1	0	1	1.4534689164299874
93200.0	2000.0	1390.8348007994734	0.0	0	500.84761634119786	1590.8348007994355	1	0	1	1.858934024538152
94200.0	3000.0	1390.834800799465	0.0	0	241.35692186269443	1590.834800799421	1	0	1	1.858934024538153
95200.0	3000.0	1390.8348007994805	0.0	0	205.18948131571233	1590.834800799421	1	0	1	2.2643991326463175
96200.0	2000.0	1390.8348007994714	0.0	0	436.08835862448905	1590.834800799421	1	0	1	1.453468916429988
97200.0	2000.0	1390.8348007994807	0.0	0	213.72246218123473	1590.834800799421	1	0	1	1.8589340245381527
98200.0	2000.0	1390.8348007994591	0.0	0	416.0808779715444	1590.8348007994064	1	0	1	1.8589340245381534
99200.0	2000.0	1390.8348007994623	0.0	0	335.3180913190881	1590.8348007993918	1	0	1	1.8589340245381538
100200.0	2000.0	1390.8348007994443	0.0	0	327.8608096395619	1590.8348007993918	1	0	1	1.8589340245381538
101200.0	3000.0	1390.8348007994418	0.0	0	312.73355834725953	1590.8348007993918	1	0	1	1.858934024538154
102200.0	3000.0	1390.8348007994512	0.0	0	101.88200969605532	1590.8348007993918	1	0	1	2.264399132646319
103200.0	2000.0	1390.83480079944	0.0	0	351.89397463692876	1590.8348007993918	1	0	1	1.4534689164299892
104200.0	3000.0	1390.8348007994348	0.0	0	477.93792212173867	1590.8348007993918	1	0	1	1.858934024538154
105200.0	3000.0	1390.834800799431	0.0	0	229.52854891390598	1590.8348007993918	1	0	1	2.264399132646319
106200.0	2000.0	1390.8348007994425	0.0	0	367.2210581715917	1590.8348007993918	1	0	1	1.4534689164299892
107200.0	2000.0	1390.834800799427	0.0	0	241.09356057006516	1590.8348007993918	1	0	1	1.8589340245381538
108200.0	2000.0	1390.8348007994477	0.0	0	200.2928427067236	1590.8348007993918	1	0	1	1.8589340245381538
109200.0	3000.0	1390.8348007994498	0.0	0	430.5721770203818	1590.8348007993773	1	0	1	1.858934024538155
110200.0	3000.0	1390.8348007994268	0.0	0	305.3023136117554	1590.8348007993773	1	0	1	2.2643991326463193
111241.10624379126	6000.0	1349.7285570081674	0.0	0	0.0	1590.8348007993918	1	0	1	2.2643991326463184
112200.0	2000.0	1390.8348007994484	0.0	0	244.2817535433278	1590.8348007994064	1	0	1	0.7603217358700437
113200.0	3000.0	1390.834800799441	0.0	0	205.8219407577999	1590.8348007994064	1	0	1	1.8589340245381534
114673.61330897616	6000.0	917.2214918232828	0.0	0	0.0	1590.834800799421	1	0	1	2.2643991326463175
115200.0	2000.0	1390.834800799436	0.0	0	20.33957488418673	1590.834800799421	1	0	1	0.7603217358700431
116200.0	2000.0	1390.8348007994434	0.0	0	257.842037017821	1590.834800799421	1	0	1	1.8589340245381527
117200.0	3000.0	1390.8348007994455	0.0	0	247.48225131130312	1590.834800799421	1	0	1	1.858934024538153
118200.0	2000.0	1390.8348007994502	0.0	0	429.7730827341293	1590.8348007994355	1	0	1	1.4534689164299874
119200.0	2000.0	1390.834800799437	0.0	0	474.3965685598523	1590.8348007994355	1	0	1	1.858934024538152
120200.0	2000.0	1390.8348007994553	0.0	0	265.93311336811166	1590.8348007994355	1	0	1	1.858934024538152
121200.0	3000.0	1390.8348007994687	0.0	0	353.67183249932714	1590.8348007994355	1	0	1	1.858934024538152
122200.0	3000.0	1390.8348007994516	0.0	0	360.48291317633993	1590.8348007994355	1	0	1	2.2643991326463166
123200.0	3000.0	1390.8348007994396	0.0	0	421.8615153140854	1590.834800799421	1	0	1	2.2643991326463175
124200.0	2000.0	1390.834800799436	0.0	0	424.5015777535591	1590.834800799421	1	0	1	1.453468916429988
125238.72058560167	2000.0	1352.1142151977638	0.0	0	0.0	1590.834800799421	1	0	1	1.8589340245381527
126200.0	2000.0	1390.8348007994398	0.0	0	353.2522709513578	1590.834800799421	1	0	1	1.8589340245381527
127301.83336862439	2000.0	1289.001432175063	0.0	0	0.0	1590.8348007994064	1	0	1	1.8589340245381534
128200.0	2000.0	1390.8348007994398	0.0	0	129.2241361027991	1590.8348007994064	1	0	1	1.8589340245381534
129200.0	2000.0	1390.8348007994423	0.0	0	174.75340761023108	1590.8348007994064	1	0	1	1.8589340245381534
130200.0	2000.0	1390.8348007994434	0.0	0	179.39474114830955	1590.8348007994064	1	0	1	1.8589340245381534
131243.06592864273	2000.0	1347.768872156736	0.0	0	0.0	1590.834800799421	1	0	1	1.8589340245381532
132200.0	2000.0	1390.8348007994732	0.0	0	115.47601334389765	1590.8348007994355	1	0	1	1.858934024538153
133200.0	2000.0	1390.8348007994684	0.0	0	224.81664488784736	1590.8348007994355	1	0	1	1.858934024538152
134200.0	2000.0	1390.8348007994996	0.0	0	367.96674244711176	1590.8348007994355	1	0	1	1.858934024538152
135200.0	2000.0	1390.8348007995087	0.0	0	102.17330906324787	1590.8348007994646	1	0	1	1.8589340245381512
136200.0	2000.0	1390.83480079947	0.0	0	495.54899891780224	1590.8348007994646	1	0	1	1.8589340245381505
137200.0	2000.0	1390.834800799459	0.0	0	229.57189702120377	1590.8348007994646	1	0	1	1.8589340245381505
138200.0	2000.0	1390.8348007994866	0.0	0	192.05253769087722	1590.8348007994937	1	0	1	1.8589340245381492
139200.0	2000.0	1390.8348007995044	0.0	0	490.14927055020235	1590.8348007994937	1	0	1	1.8589340245381492
140200.0	2000.0	1390.8348007994825	0.0	0	408.1692631348851	1590.8348007994937	1	0	1	1.8589340245381492
141200.0	3000.0	1390.8348007994766	0.0	0	110.27982152669574	1590.8348007994937	1	0	1	1.8589340245381494
142200.0	2000.0	1390.834800799498	0.0	0	464.98891960669425	1590.8348007995228	1	0	1	1.4534689164299832
143200.0	2000.0	1390.834800799473	0.0	0	221.3022629507759	1590.8348007995228	1	0	1	1.8589340245381478
144200.0	3000.0	1390.8348007994632	0.0	0	340.93385292595485	1590.8348007995228	1	0	1	1.858934024538148
145200.0	2000.0	1390.834800799476	0.0	0	372.5222494743357	1590.8348007995228	1	0	1	1.4534689164299832
146200.0	2000.0	1390.8348007994914	0.0	0	575.8893199981248	1590.8348007995228	1	0	1	1.8589340245381478
147200.0	2000.0	1390.8348007994837	0.0	0	232.0719150453806	1590.8348007995228	1	0	1	1.8589340245381478
148200.0	2000.0	1390.8348007995028	0.0	0	400.39398520981194	1590.8348007995228	1	0	1	1.8589340245381478
149200.0	2000.0	1390.8348007995257	0.0	0	299.07110539547284	1590.8348007995519	1	0	1	1.8589340245381463
150200.0	2000.0	1390.8348007995187	0.0	0	382.9210832383542	1590.8348007995519	1	0	1	1.8589340245381463
151200.0	3000.0	1390.8348007995098	0.0	0	163.69752263335977	1590.8348007995228	1	0	1	1.858934024538148
152200.0	3000.0	1390.834800799515	0.0	0	338.6784354879055	1590.8348007994937	1	0	1	2.264399132646314
153200.0	3000.0	1390.8348007995125	0.0	0	299.54213227852597	1590.8348007994646	1	0	1	2.2643991326463153
154200.0	2000.0	1390.8348007995228	0.0	0	283.50665316404775	1590.8348007994355	1	0	1	1.4534689164299874
155241.41833617073	3000.0	1349.4164646287895	0.0	0	0.0	1590.8348007994355	1	0	1	1.858934024538152
156200.0	2000.0	1390.8348007994987	0.0	0	328.64190259188763	1590.8348007994355	1	0	1	1.4534689164299874
157200.0	2000.0	1390.8348007994905	0.0	0	233.11706664401572	1590.8348007994646	1	0	1	1.8589340245381505
158200.0	2000.0	1390.8348007994691	0.0	0	360.7108675269119	1590.8348007994646	1	0	1	1.8589340245381505
159200.0	3000.0	1390.8348007994625	0.0	0	116.37109826062806	1590.8348007994646	1	0	1	1.8589340245381507
160200.0	3000.0	1390.8348007994757	0.0	0	414.5537171686592	1590.8348007994646	1	0	1	2.2643991326463153
161200.0	3000.0	1390.8348007994637	0.0	0	286.21501841870486	1590.8348007994646	1	0	1	2.2643991326463153
162200.0	3000.0	1390.8348007994732	0.0	0	131.22838565168786	1590.8348007994646	1	0	1	2.2643991326463153
163309.4013486591	3000.0	1281.4334521403312	0.0	0	0.0	1590.8348007994646	1	0	1	2.2643991326463153
164200.0	2000.0	1390.8348007994339	0.0	0	194.0436559781374	1590.8348007994646	1	0	1	1.4534689164299859
165200.0	2000.0	1390.8348007994127	0.0	0	481.0599582484574	1590.8348007994355	1	0	1	1.858934024538152
166200.0	3000.0	1390.8348007993993	0.0	0	165.36673749933834	1590.8348007994355	1	0	1	1.858934024538152
167730.73242858207	6000.0	860.1023722173464	0.0	0	0.0	1590.8348007994355	1	0	1	2.264399132646316
168200.0	2000.0	1390.8348007994111	0.0	0	34.843822523311246	1590.8348007994355	1	0	1	0.7603217358700423
169200.0	2000.0	1390.8348007994143	0.0	0	447.82019909546943	1590.8348007994646	1	0	1	1.8589340245381505
170200.0	3000.0	1390.834800799421	0.0	0	310.89993776590563	1590.8348007994646	1	0	1	1.8589340245381507
171200.0	2000.0	1390.8348007994052	0.0	0	427.47020989333396	1590.8348007994646	1	0	1	1.4534689164299859
172200.0	2000.0	1390.834800799389	0.0	0	513.9157223356597	1590.8348007994646	1	0	1	1.8589340245381505
173200.0	2000.0	1390.8348007993427	0.0	0	365.5042834932392	1590.8348007994646	1	0	1	1.8589340245381505
174200.0	2000.0	1390.8348007993552	0.0	0	302.8599021754053	1590.8348007994646	1	0	1	1.8589340245381505
175243.82545863214	3000.0	1347.0093421671932	0.0	0	0.0	1590.8348007994646	1	0	1	1.8589340245381507
176200.0	2000.0	1390.8348007993595	0.0	0	261.1834424108383	1590.8348007994646	1	0	1	1.4534689164299859
177200.0	3000.0	1390.8348007993714	0.0	0	308.24923374154605	1590.8348007994646	1	0	1	1.8589340245381507
178200.0	3000.0	1390.8348007993998	0.0	0	143.3126653652871	1590.8348007994646	1	0	1	2.2643991326463153
179200.0	2000.0	1390.834800799416	0.0	0	388.8804102751019	1590.8348007994646	1	0	1	1.4534689164299859
180200.0	2000.0	1390.834800799421	0.0	0	482.9344927429338	1590.8348007994646	1	0	1	1.8589340245381505
181200.0	2000.0	1390.8348007993952	0.0	0	532.662017233728	1590.8348007994646	1	0	1	1.8589340245381505
182200.0	3000.0	1390.8348007993757	0.0	0	351.00920819246676	1590.8348007994646	1	0	1	1.8589340245381507
183859.2220846378	6000.0	731.6127161615783	0.0	0	0.0	1590.8348007994355	1	0	1	2.264399132646316
184325.0068788062	2000.0	1265.8279219931692	0.0	0	0.0	1590.8348007994064	1	0	1	0.7603217358700437
185200.0	2000.0	1390.8348007993914	0.0	0	544.652111804724	1590.8348007994064	1	0	1	1.8589340245381534
186244.95742801827	3000.0	1345.8773727811035	0.0	0	32.7584950333985	1590.8348007994064	1	0	1	1.8589340245381534
187200.0	2000.0	1390.8348007993743	0.0	0	102.95648135364172	1590.8348007994355	1	0	1	1.4534689164299874
188200.0	2000.0	1390.8348007993707	0.0	0	282.5640025615867	1590.8348007994355	1	0	1	1.858934024538152
189200.0	2000.0	1390.834800799371	0.0	0	306.3639232532005	1590.8348007994355	1	0	1	1.858934024538152
190200.0	2000.0	1390.8348007993584	0.0	0	542.6827865817177	1590.8348007994355	1	0	1	1.858934024538152
191200.0	2000.0	1390.8348007993688	0.0	0	242.86739675095305	1590.8348007994355	1	0	1	1.858934024538152
192200.0	3000.0	1390.8348007993964	0.0	0	197.37595517814043	1590.8348007994355	1	0	1	1.858934024538152
193308.39787391998	3000.0	1282.4369268794128	0.0	0	0.0	1590.8348007994646	1	0	1	2.2643991326463153
194200.0	2000.0	1390.8348007993886	0.0	0	90.45363311484107	1590.8348007994355	1	0	1	1.4534689164299874
195200.0	2000.0	1390.8348007994125	0.0	0	438.2386539884028	1590.8348007994064	1	0	1	1.8589340245381534
196200.0	3000.0	1390.8348007994225	0.0	0	379.85386370279593	1590.8348007994064	1	0	1	1.8589340245381534
197200.0	2000.0	1390.8348007993968	0.0	0	353.2812612186244	1590.8348007994064	1	0	1	1.4534689164299888
198200.0	3000.0	1390.834800799395	0.0	0	17.650808598991716	1590.8348007993773	1	0	1	1.858934024538155
199200.0	3000.0	1390.834800799422	0.0	0	193.0570508322853	1590.8348007993773	1	0	1	2.2643991326463193
200200.0	2000.0	1390.8348007994316	0.0	0	197.7559028151736	1590.8348007993773	1	0	1	1.45346891642999
201200.0	2000.0	1390.8348007994027	0.0	0	247.04521239580936	1590.8348007993773	1	0	1	1.8589340245381547
202200.0	2000.0	1390.8348007993686	0.0	0	520.3368447925604	1590.8348007993773	1	0	1	1.8589340245381547
203200.0	3000.0	1390.83480079937	0.0	0	396.47787111913203	1590.8348007993773	1	0	1	1.858934024538155
204200.0	3000.0	1390.8348007993595	0.0	0	254.2280271417112	1590.8348007993773	1	0	1	2.2643991326463193
205200.0	2000.0	1390.834800799377	0.0	0	342.76857203716645	1590.8348007994064	1	0	1	1.4534689164299888
206200.0	3000.0	1390.8348007993661	0.0	0	406.1622902051604	1590.8348007993773	1	0	1	1.858934024538155
207200.0	2000.0	1390.834800799371	0.0	0	259.34034005983267	1590.8348007993482	1	0	1	1.4534689164299914
208200.0	2000.0	1390.8348007993955	0.0	0	477.270284430444	1590.8348007993482	1	0	1	1.858934024538156
209200.0	3000.0	1390.8348007993823	0.0	0	331.30758052828605	1590.8348007993482	1	0	1	1.8589340245381563
210200.0	3000.0	1390.834800799362	0.0	0	46.60364035170642	1590.8348007993482	1	0	1	2.2643991326463206
211200.0	3000.0	1390.83480079939	0.0	0	207.44694078998873	1590.8348007993773	1	0	1	2.2643991326463193
212275.63063552516	3000.0	1315.2041652742316	0.0	0	0.0	1590.8348007994064	1	0	1	2.264399132646318
213200.0	2000.0	1390.834800799392	0.0	0	25.09552271940629	1590.8348007994064	1	0	1	1.4534689164299888
214200.0	2000.0	1390.8348007994052	0.0	0	329.21212295017904	1590.8348007994064	1	0	1	1.8589340245381534
215200.0	2000.0	1390.8348007994084	0.0	0	555.1395243769512	1590.8348007994064	1	0	1	1.8589340245381534
216200.0	2000.0	1390.8348007994066	0.0	0	231.09500906971516	1590.8348007994064	1	0	1	1.8589340245381534
217200.0	2000.0	1390.8348007994332	0.0	0	148.3382777060615	1590.8348007994064	1	0	1	1.8589340245381534
218200.0	2000.0	1390.834800799437	0.0	0	415.39993040871923	1590.8348007993773	1	0	1	1.8589340245381547
219200.0	3000.0	1390.834800799441	0.0	0	301.8202789792849	1590.8348007993773	1	0	1	1.858934024538155
220200.0	2000.0	1390.834800799444	0.0	0	346.18279987803544	1590.8348007993773	1	0	1	1.45346891642999
221200.0	2000.0	1390.834800799431	0.0	0	477.7974165645719	1590.8348007993482	1	0	1	1.858934024538156
222200.0	2000.0	1390.8348007994546	0.0	0	369.5805759654322	1590.8348007993482	1	0	1	1.858934024538156
223200.0	2000.0	1390.8348007994457	0.0	0	86.21543426651624	1590.834800799319	1	0	1	1.8589340245381574
224200.0	2000.0	1390.834800799447	0.0	0	435.1692513177113	1590.834800799319	1	0	1	1.8589340245381574
225200.0	2000.0	1390.8348007994443	0.0	0	487.1383052774181	1590.834800799319	1	0	1	1.8589340245381574
226200.0	3000.0	1390.834800799439	0.0	0	45.19097382813925	1590.834800799319	1	0	1	1.8589340245381576
227200.0	2000.0	1390.8348007994296	0.0	0	270.4648230118619	1590.83480079929	1	0	1	1.4534689164299943
228200.0	3000.0	1390.8348007994502	0.0	0	199.0643420885317	1590.83480079929	1	0	1	1.8589340245381591
229232.92841928962	3000.0	1357.9063815098152	0.0	0	0.0	1590.83480079929	1	0	1	2.2643991326463238
230200.0	2000.0	1390.8348007994457	0.0	0	394.795471237303	1590.834800799319	1	0	1	1.4534689164299928
231248.64205298887	2000.0	1342.192747810589	0.0	0	0.0	1590.83480079929	1	0	1	1.8589340245381585
232200.0	2000.0	1390.834800799453	0.0	0	118.83904319655267	1590.83480079929	1	0	1	1.858934024538159
233200.0	3000.0	1390.8348007994678	0.0	0	130.13001123900176	1590.834800799319	1	0	1	1.8589340245381576
234200.0	2000.0	1390.8348007994819	0.0	0	331.64525733157643	1590.834800799319	1	0	1	1.4534689164299928
235200.0	2000.0	1390.8348007994782	0.0	0	562.9354707611492	1590.834800799319	1	0	1	1.8589340245381574
236200.0	3000.0	1390.8348007994898	0.0	0	202.0056224889704	1590.834800799319	1	0	1	1.8589340245381576
237200.0	2000.0	1390.8348007994991	0.0	0	461.8856130538916	1590.83480079929	1	0	1	1.4534689164299943
238200.0	2000.0	1390.8348007995305	0.0	0	294.0269242679642	1590.83480079929	1	0	1	1.858934024538159
239200.0	3000.0	1390.8348007995164	0.0	0	205.10711783717852	1590.83480079929	1	0	1	1.8589340245381591
241325.749637715	6000.0	265.08516308451186	0.0	0	0.0	1590.83480079929	1	0	1	2.2643991326463233
242017.73201190447	2000.0	643.6080271918297	70.50523829676996	0	0.0	1661.3400390961033	1	0	1	0.33382356689323406
242560.02239113802	2000.0	1101.3176479582914	0.0	0	0.0	1661.3400390961033	1	0	1	1.855467285341962
243200.0	2000.0	1461.340039096319	0.0	0	184.0560311365698	1661.3400390961033	1	0	1	1.855467285341962
244200.0	2000.0	1461.340039096307	0.0	0	440.90315105984337	1661.3400390960742	1	0	1	1.8554672853419638
245200.0	2000.0	1461.3400390962938	0.0	0	110.83956462077913	1661.3400390961033	1	0	1	1.855467285341963
246200.0	2000.0	1461.340039096274	0.0	0	505.4366531498381	1661.3400390960742	1	0	1	1.8554672853419638
247200.0	2000.0	1461.3400390962872	0.0	0	294.1418637802126	1661.3400390960742	1	0	1	1.8554672853419638
248200.0	2000.0	1461.340039096254	0.0	0	68.90959697443759	1661.3400390960742	1	0	1	1.8554672853419638
249200.0	2000.0	1461.3400390962738	0.0	0	449.88159972956055	1661.3400390960742	1	0	1	1.8554672853419638
250200.0	2000.0	1461.3400390962447	0.0	0	417.6857284445141	1661.3400390960742	1	0	1	1.8554672853419638
251200.0	2000.0	1461.340039096259	0.0	0	577.2855823268765	1661.3400390960742	1	0	1	1.8554672853419638
252200.0	2000.0	1461.3400390962747	0.0	0	428.8934792955697	1661.340039096045	1	0	1	1.8554672853419651
253200.0	3000.0	1461.340039096283	0.0	0	393.71839318066486	1661.340039096045	1	0	1	1.8554672853419654
254200.0	3000.0	1461.340039096274	0.0	0	242.84406974707963	1661.340039096045	1	0	1	2.2609323934501298
255200.0	2000.0	1461.3400390962488	0.0	0	207.39305221987888	1661.340039096045	1	0	1	1.4500021772338005
256200.0	3000.0	1461.340039096258	0.0	0	114.71064665829181	1661.340039096045	1	0	1	1.8554672853419654
257200.0	2000.0	1461.3400390962865	0.0	0	313.5115180008288	1661.3400390960742	1	0	1	1.4500021772337992
258200.0	2000.0	1461.3400390962695	0.0	0	481.33623654738767	1661.3400390961033	1	0	1	1.855467285341962
259200.0	3000.0	1461.3400390962943	0.0	0	359.3554366847384	1661.3400390961033	1	0	1	1.8554672853419623
260901.7856841793	6000.0	759.5543549169956	0.0	0	0.0	1661.3400390961615	1	0	1	2.2609323934501244
261376.96974582376	2000.0	1284.3702932725578	0.0	0	0.0	1661.3400390961615	1	0	1	0.7568549966738497
262200.0	2000.0	1461.3400390963075	0.0	0	446.8819246197236	1661.3400390961324	1	0	1	1.8554672853419607
263200.0	2000.0	1461.3400390963452	0.0	0	590.6028582600411	1661.3400390961906	1	0	1	1.8554672853419591
264200.0	2000.0	1461.340039096304	0.0	0	178.76494867354631	1661.3400390961324	1	0	1	1.8554672853419605
265200.0	2000.0	1461.3400390963607	0.0	0	181.3682731964509	1661.3400390961324	1	0	1	1.8554672853419607
266200.0	3000.0	1361.3400390963266	0.0	0	136.4162403261289	1561.3400390961324	1	0	2	1.458813608521978
267200.0	3000.0	1361.3400390963832	0.0	0	386.1083270426607	1561.3400390961906	1	0	1	2.0657801165763585
268200.0	2000.0	1361.3400390963377	0.0	0	261.09851158660604	1561.3400390961906	1	0	1	1.4548499003600295
269200.0	2000.0	1361.3400390963734	0.0	0	338.45898235269124	1561.3400390961906	1	0	1	1.860315008468194
270232.06563552225	3000.0	1329.2744035741496	0.0	0	0.0	1561.3400390961324	1	0	1	1.8603150084681959
271200.0	3000.0	1361.3400390964457	0.0	0	187.79007296741474	1561.3400390961324	1	0	1	2.265780116576362
272200.0	3000.0	1361.3400390964948	0.0	0	102.70098872069502	1561.3400390961324	1	0	1	2.265780116576362
273200.0	2000.0	1361.340039096502	0.0	0	352.4336039593909	1561.3400390961324	1	0	1	1.4548499003600321
274200.0	2000.0	1361.340039096567	0.0	0	259.6974916764302	1561.3400390961906	1	0	1	1.860315008468194
275200.0	2000.0	1361.3400390965553	0.0	0	283.9054660577676	1561.3400390961906	1	0	1	1.860315008468194
276329.10002502333	2000.0	1232.2400140731888	0.0	0	0.0	1561.3400390961906	1	0	1	1.860315008468194
277200.0	2000.0	1361.340039096567	0.0	0	222.56933222187217	1561.3400390962488	1	0	1	1.8603150084681914
278200.0	2000.0	1361.340039096589	0.0	0	256.03568647272186	1561.3400390962488	1	0	1	1.8603150084681914
279200.0	2000.0	1361.3400390965544	0.0	0	187.5105992689496	1561.3400390962488	1	0	1	1.8603150084681914
280200.0	2000.0	1361.340039096523	0.0	0	216.80234684090829	1561.3400390961906	1	0	1	1.860315008468194
281200.0	2000.0	1361.3400390965444	0.0	0	43.981439364783	1561.3400390961906	1	0	1	1.860315008468194
282200.0	2000.0	1361.3400390965612	0.0	0	239.25823166494956	1561.3400390961906	1	0	1	1.860315008468194
283200.0	2000.0	1361.3400390965594	0.0	0	205.7135612090351	1561.3400390961906	1	0	1	1.860315008468194
284200.0	2000.0	1361.3400390965664	0.0	0	123.4912458837498	1561.3400390962488	1	0	1	1.8603150084681932
285200.0	2000.0	1361.3400390966106	0.0	0	344.78669497114606	1561.3400390961906	1	0	1	1.860315008468194
286200.0	2000.0	1361.3400390965917	0.0	0	298.8343399060541	1561.3400390961906	1	0	1	1.860315008468194
287200.0	2000.0	1361.3400390965812	0.0	0	346.1620286327088	1561.3400390961906	1	0	1	1.860315008468194
288200.0	2000.0	1361.340039096601	0.0	0	373.3810314015718	1561.3400390961906	1	0	1	1.860315008468194
289200.0	2000.0	1361.3400390965824	0.0	0	257.16616010665894	1561.3400390961906	1	0	1	1.860315008468194
290200.0	3000.0	1361.3400390966278	0.0	0	306.4657896014396	1561.3400390962488	1	0	1	1.8603150084681914
291200.0	2000.0	1361.340039096612	0.0	0	280.15168811538024	1561.3400390962488	1	0	1	1.4548499003600268
292200.0	2000.0	1361.3400390965787	0.0	0	301.30639352154685	1561.3400390962488	1	0	1	1.8603150084681914
293200.0	2000.0	1361.3400390965337	0.0	0	460.1149815195822	1561.3400390961906	1	0	1	1.860315008468194
294200.0	2000.0	1361.3400390965724	0.0	0	286.24055521178525	1561.3400390961906	1	0	1	1.860315008468194
295200.0	2000.0	1361.3400390965362	0.0	0	388.87134437286295	1561.3400390961906	1	0	1	1.860315008468194
296200.0	2000.0	1361.3400390965262	0.0	0	126.2527736001648	1561.3400390961906	1	0	1	1.860315008468194
297200.0	2000.0	1361.340039096522	0.0	0	276.82195738644805	1561.3400390961324	1	0	1	1.8603150084681968
298200.0	2000.0	1361.340039096476	0.0	0	419.5811656775768	1561.3400390960742	1	0	1	1.8603150084681994
299200.0	2000.0	1361.3400390964625	0.0	0	523.195782563882	1561.340039096016	1	0	1	1.860315008468202
300200.0	3000.0	1361.3400390964694	0.0	0	72.45497586973943	1561.340039096016	1	0	1	1.8603150084682023
3.81	3.97	3.94	3.64	3.86	4.39	3.82	4.73	3.9	3.57	3.83	4.02	3.58	5.39	3.41	4.73	4.95	3.13	3.5	3.45	3.79	4.21	3.28	4.8	3.58	2.72	3.17	3.93	4.8	4.61	3.71	4.85	4.62	2.05	2.37	2.66	3.65	3.1	4.03	3.8	3.48	3.12	4.61	3.3	4.23	3.92	3.49	2.66	3.94	4.86	4.08	2.73	4.77	3.26	3.43	4.22	4.01	4.29	4.05	2.65	2.4	4.01	3.95	2.59	3.45	4.08	3.41	3.08	2.77	2.81	2.84	3.64	4.21	3.21	5.17	3.76	3.49	2.31	2.4	4.71	3.43	4.1	3.79	3.22	3.42	4.3	4.52	2.97	3.41	4.19	4.61	3.15	3.2	2.95	2.63	3.5	4.24	4.22	3.39	4.73	3.96	2.92	3.46	2.95	3.87	4.61	5.34	3.49	4.46	4.66	2.9	3.19	4.8	4.19	3.08	3.71	3.67	4.67	4.56	3.17	2.51	3.41	1.99	3.44	2.95	3.29	2.83	2.41	3.41	2.8	2.65	3.48	3.3	3.35	3.7	3.35	4.49	3.59	3.19	3.7	2.94	4.14	3.1	3.26	3.73	3.19	4.25	4.69	4.0	3.71	3.81	3.97	3.94	3.64	3.86	4.39	3.82	4.73	3.9	3.57	3.83	4.02	3.58	5.39	3.41	4.73	4.95	3.13	3.5	3.45	3.79	4.21	3.28	4.8	3.58	2.72	3.17	3.93	4.8	4.61	3.71	4.85	4.62	2.05	2.37	2.66	3.65	3.1	4.03	3.8	3.48	3.12	4.61	3.3	4.23	3.92	3.49	2.66	3.94	4.86	4.08	2.73	4.77	3.26	3.43	4.22	4.01	4.29	4.05	2.65	2.4	4.01	3.95	2.59	3.45	4.08	3.41	3.08	2.77	2.81	2.84	3.64	4.21	3.21	5.17	3.76	3.49	2.31	2.4	4.71	3.43	4.1	3.79	3.22	3.42	4.3	4.52	2.97	3.41	4.19	4.61	3.15	3.2	2.95	2.63	3.5	4.24	4.22	3.39	4.73	3.96	2.92	3.46	2.95	3.87	4.61	5.34	3.49	4.46	4.66	2.9	3.19	4.8	4.19	3.08	3.71	3.67	4.67	4.56	3.17	2.51	3.41	1.99	3.44	2.95	3.29	2.83	2.41	3.41	2.8	2.65	3.48	3.3	3.35	3.7	3.35	4.49	3.59	3.19	3.7	2.94	4.14	3.1	3.26	3.73	3.19	4.25	4.69	4.0	3.71
1.0	2.0	3.0	4.0	5.0	6.0	7.0	8.0	9.0	10.0	11.0	12.0	13.0	14.0	15.0	16.0	17.0	18.0	19.0	20.0	21.0	22.0	23.0	24.0	25.0	26.0	27.0	28.0	29.0	30.0	31.0	32.0	33.0	34.0	35.0	36.0	37.0	38.0	39.0	40.0	41.0	42.0	43.0	44.0	45.0	46.0	47.0	48.0	49.0	50.0	51.0	52.0	53.0	54.0	55.0	56.0	57.0	58.0	59.0	60.0	61.0	62.0	63.0	64.0	65.0	66.0	67.0	68.0	69.0	70.0	71.0	72.0	73.0	74.0	75.0	76.0	77.0	78.0	79.0	80.0	81.0	82.0	83.0	84.0	85.0	86.0	87.0	88.0	89.0	90.0	91.0	92.0	93.0	94.0	95.0	96.0	97.0	98.0	99.0	100.0	101.0	102.0	103.0	104.0	105.0	106.0	107.0	108.0	109.0	110.0	111.0	112.0	113.0	114.0	115.0	116.0	117.0	118.0	119.0	120.0	121.0	122.0	123.0	124.0	125.0	126.0	127.0	128.0	129.0	130.0	131.0	132.0	133.0	134.0	135.0	136.0	137.0	138.0	139.0	140.0	141.0	142.0	143.0	144.0	145.0	146.0	147.0	148.0	149.0	149.0	150.0	151.0	152.0	153.0	154.0	155.0	156.0	157.0	158.0	159.0	160.0	161.0	162.0	163.0	164.0	165.0	166.0	167.0	168.0	169.0	170.0	171.0	172.0	173.0	174.0	175.0	176.0	177.0	178.0	179.0	180.0	181.0	182.0	183.0	184.0	185.0	186.0	187.0	188.0	189.0	190.0	191.0	192.0	193.0	194.0	195.0	196.0	197.0	198.0	199.0	200.0	201.0	202.0	203.0	204.0	205.0	206.0	207.0	208.0	209.0	210.0	211.0	212.0	213.0	214.0	215.0	216.0	217.0	218.0	219.0	220.0	221.0	222.0	223.0	224.0	225.0	226.0	227.0	228.0	229.0	230.0	231.0	232.0	233.0	234.0	235.0	236.0	237.0	238.0	239.0	240.0	241.0	242.0	243.0	244.0	245.0	246.0	247.0	248.0	249.0	250.0	251.0	252.0	253.0	254.0	255.0	256.0	257.0	258.0	259.0	260.0	261.0	262.0	263.0	264.0	265.0	266.0	267.0	268.0	269.0	270.0	271.0	272.0	273.0	274.0	275.0	276.0	277.0	278.0	279.0	280.0	281.0	282.0	283.0	284.0	285.0	286.0	287.0	288.0	289.0	290.0	291.0	292.0	293.0	294.0	295.0	296.0	297.0	298.0	298.0
3976.1541463198846
