4600.233457669893	300.0	2000.0	65.26262671392729	0	0.0	4600.233457669893	1	0	1	-1.1673287858577377
4967.73874945668	2000.0	2632.494708213213	0.0	0	0.0	4600.233457669893	1	0	1	-0.7815221484188818
5328.77062993144	3000.0	3235.3596396909775	0.0	0	0.0	4564.130269622419	1	0	2	0.7330542610002067
5684.750746954543	3000.0	3843.7815109655653	0.0	0	0.0	4528.532257920109	1	0	2	1.3606601558740024
6200.0	3000.0	4277.007332615562	0.0	0	230.57928499208083	4477.0073326155625	1	0	2	1.3820364359032462
7200.0	6000.0	4277.007332615562	0.0	0	291.13960639947436	4477.007332615563	1	0	1	1.3963905592918378
8200.0	6000.0	4277.007332615562	0.0	0	281.8020777519814	4477.007332615562	1	0	1	2.2895377398517835
9200.0	6000.0	4277.007332615561	0.0	0	379.57665473306406	4477.007332615561	1	0	1	2.2895377398517835
10200.0	6000.0	4277.007332615561	0.0	0	58.654803778266796	4477.007332615562	1	0	1	2.2895377398517835
11200.0	6000.0	4277.007332615559	0.0	0	304.14283897016867	4477.00733261556	1	0	1	2.2895377398517844
12200.0	6000.0	4277.007332615558	0.0	0	518.4438001109847	4477.00733261556	1	0	1	2.2895377398517844
13200.0	6000.0	4277.007332615558	0.0	0	579.9898744884522	4477.007332615558	1	0	1	2.2895377398517853
14200.0	6000.0	4277.007332615559	0.0	0	462.94088967039715	4477.007332615558	1	0	1	2.2895377398517858
15200.0	6000.0	4277.0073326155625	0.0	0	74.99793747323565	4477.00733261556	1	0	1	2.2895377398517844
16200.0	6000.0	4277.00733261556	0.0	0	227.62392870604708	4477.00733261556	1	0	1	2.2895377398517844
17200.0	6000.0	4277.007332615557	0.0	0	413.67789182214983	4477.007332615558	1	0	1	2.2895377398517844
18200.0	6000.0	4277.007332615558	0.0	0	146.29766914344873	4477.007332615556	1	0	1	2.289537739851786
19200.0	6000.0	4277.007332615561	0.0	0	232.11861184480222	4477.007332615558	1	0	1	2.2895377398517858
20200.0	6000.0	4277.007332615561	0.0	0	409.4004690397451	4477.007332615556	1	0	1	2.289537739851786
21200.0	6000.0	4277.007332615561	0.0	0	562.1853743502143	4477.007332615558	1	0	1	2.289537739851786
22200.0	6000.0	4277.007332615564	0.0	0	371.8748484696189	4477.007332615558	1	0	1	2.2895377398517858
23209.62083205725	6000.0	4267.38650055831	0.0	0	0.0	4477.007332615558	1	0	1	2.2895377398517858
24200.0	6000.0	4277.007332615559	0.0	0	271.9679796953242	4477.007332615558	1	0	1	2.2895377398517858
25372.924962415964	6000.0	4104.082370199594	0.0	0	0.0	4477.007332615558	1	0	1	2.2895377398517858
26493.722747830092	6000.0	3983.2845847854674	0.0	0	0.0	4477.007332615558	1	0	1	2.2895377398517858
27200.0	6000.0	4277.007332615559	0.0	0	182.30580850960177	4477.007332615554	1	0	1	2.289537739851788
28200.0	6000.0	4277.00733261556	0.0	0	366.7666371731211	4477.007332615558	1	0	1	2.2895377398517858
29200.0	6000.0	4277.0073326155625	0.0	0	481.6023255254877	4477.007332615562	1	0	1	2.2895377398517835
30200.0	6000.0	4277.007332615567	0.0	0	502.6563245359357	4477.007332615565	1	0	1	2.2895377398517818
31200.0	6000.0	4277.007332615566	0.0	0	189.56980993143952	4477.007332615562	1	0	1	2.2895377398517835
32200.0	6000.0	4277.007332615563	0.0	0	285.90638467408644	4477.007332615562	1	0	1	2.2895377398517835
33200.0	6000.0	4277.007332615568	0.0	0	315.6032716116606	4477.007332615569	1	0	1	2.289537739851781
34200.0	6000.0	4277.007332615568	0.0	0	530.548377660125	4477.007332615565	1	0	1	2.2895377398517796
35200.0	6000.0	4277.007332615563	0.0	0	179.46967455328559	4477.007332615565	1	0	1	2.289537739851781
36200.0	6000.0	4277.007332615568	0.0	0	254.05140292327997	4477.007332615569	1	0	1	2.2895377398517813
37200.0	6000.0	4277.007332615561	0.0	0	394.5640948256696	4477.007332615565	1	0	1	2.2895377398517796
38200.0	6000.0	4277.007332615571	0.0	0	416.57201067863207	4477.007332615569	1	0	1	2.289537739851779
39200.0	6000.0	4277.007332615569	0.0	0	332.53530376643903	4477.007332615562	1	0	1	2.2895377398517835
40243.62707629942	6000.0	4233.38025631615	0.0	0	0.0	4477.007332615569	1	0	1	2.289537739851779
41641.363702235554	6000.0	3835.643630380008	0.0	0	0.0	4477.007332615569	1	0	1	2.289537739851779
42219.097832601336	6000.0	4257.909500014225	0.0	0	0.0	4477.007332615569	1	0	1	2.289537739851779
43200.0	6000.0	4277.007332615562	0.0	0	277.92876139363943	4477.007332615569	1	0	1	2.289537739851779
44200.0	6000.0	4277.007332615566	0.0	0	486.92230673915765	4477.007332615576	1	0	1	2.2895377398517747
45200.0	6000.0	4277.007332615569	0.0	0	415.2894078688041	4477.007332615583	1	0	1	2.2895377398517707
46200.0	6000.0	4277.007332615569	0.0	0	413.42599824463105	4477.007332615583	1	0	1	2.2895377398517707
47200.0	6000.0	4277.007332615563	0.0	0	406.7393502865816	4477.007332615583	1	0	1	2.2895377398517707
48200.0	6000.0	4277.007332615567	0.0	0	230.6527734406991	4477.007332615583	1	0	1	2.2895377398517707
49200.0	6000.0	4277.007332615563	0.0	0	299.9517201876879	4477.007332615576	1	0	1	2.2895377398517747
50214.482707010946	6000.0	4262.524625604609	0.0	0	0.0	4477.007332615569	1	0	1	2.289537739851779
51200.0	6000.0	4277.007332615559	0.0	0	104.94905464087788	4477.007332615569	1	0	1	2.289537739851779
52200.0	6000.0	4277.0073326155525	0.0	0	267.2832631014535	4477.007332615569	1	0	1	2.289537739851779
53200.0	6000.0	4277.00733261555	0.0	0	443.140532426165	4477.007332615569	1	0	1	2.289537739851779
54200.0	6000.0	4277.007332615558	0.0	0	242.919188401851	4477.007332615569	1	0	1	2.289537739851779
55200.0	6000.0	4277.007332615557	0.0	0	241.45217461949505	4477.007332615569	1	0	1	2.289537739851779
56200.0	6000.0	4277.007332615551	0.0	0	228.61762426057976	4477.007332615569	1	0	1	2.289537739851779
57200.0	6000.0	4277.007332615553	0.0	0	469.7251046960009	4477.007332615569	1	0	1	2.289537739851779
58200.0	6000.0	4277.007332615551	0.0	0	102.73532671758585	4477.007332615562	1	0	1	2.2895377398517835
59242.548246422484	6000.0	4234.459086193074	0.0	0	0.0	4477.007332615569	1	0	1	2.289537739851779
60200.0	6000.0	4277.007332615563	0.0	0	249.3350031547816	4477.007332615569	1	0	1	2.289537739851779
61200.0	6000.0	4277.007332615562	0.0	0	551.3030617507247	4477.007332615569	1	0	1	2.289537739851779
62200.0	6000.0	4277.007332615564	0.0	0	51.59616351675504	4477.007332615569	1	0	1	2.289537739851779
63264.72029466808	6000.0	4212.287037947484	0.0	0	0.0	4477.007332615569	1	0	1	2.289537739851779
64200.0	6000.0	4277.007332615559	0.0	0	171.09110769339168	4477.007332615569	1	0	1	2.289537739851779
65200.0	6000.0	4277.007332615552	0.0	0	286.5108163913319	4477.007332615569	1	0	1	2.289537739851779
66200.0	6000.0	4277.007332615552	0.0	0	155.69747242437734	4477.007332615562	1	0	1	2.2895377398517844
67200.0	6000.0	4277.007332615554	0.0	0	447.2976844662189	4477.007332615562	1	0	1	2.2895377398517835
68200.0	6000.0	4277.00733261557	0.0	0	520.9143584436242	4477.007332615569	1	0	1	2.2895377398517835
69200.0	6000.0	4277.00733261557	0.0	0	110.40065060991037	4477.007332615569	1	0	1	2.2895377398517756
70200.0	6000.0	4277.007332615568	0.0	0	291.2790825123666	4477.007332615569	1	0	1	2.2895377398517764
71200.0	6000.0	4277.007332615572	0.0	0	403.47700087257545	4477.007332615569	1	0	1	2.289537739851779
72200.0	6000.0	4277.007332615576	0.0	0	171.2237046471855	4477.007332615569	1	0	1	2.289537739851779
73355.15537967841	6000.0	4121.8519529371515	0.0	0	0.0	4477.007332615569	1	0	1	2.289537739851779
74200.0	6000.0	4277.007332615558	0.0	0	174.9283914542466	4477.007332615569	1	0	1	2.289537739851779
75200.0	6000.0	4277.0073326155425	0.0	0	282.68347025888215	4477.007332615554	1	0	1	2.289537739851788
76200.0	6000.0	4277.007332615549	0.0	0	424.13589988723106	4477.007332615569	1	0	1	2.289537739851779
77200.0	6000.0	4277.007332615546	0.0	0	377.11780928577355	4477.007332615583	1	0	1	2.2895377398517707
78200.0	6000.0	4277.007332615547	0.0	0	377.79874423440197	4477.007332615583	1	0	1	2.2895377398517707
79200.0	6000.0	4277.0073326155525	0.0	0	5.322413120738929	4477.007332615583	1	0	1	2.2895377398517707
80200.0	6000.0	4277.007332615546	0.0	0	225.52671587506484	4477.007332615583	1	0	1	2.2895377398517707
81511.23161759226	6000.0	3965.7757150232837	0.0	0	0.0	4477.007332615583	1	0	1	2.2895377398517707
82535.21441004823	6000.0	3941.7929225673206	0.0	0	0.0	4477.007332615583	1	0	1	2.2895377398517707
83724.32846370617	6000.0	3752.6788689093855	0.0	0	0.0	4477.007332615598	1	0	1	2.2895377398517622
84758.69440893334	6000.0	3718.312923682216	0.0	0	0.0	4477.007332615598	1	0	1	2.2895377398517622
85888.01301575502	6000.0	3588.9943168605446	0.0	0	0.0	4477.007332615583	1	0	1	2.2895377398517707
86528.50231352671	6000.0	3948.505019088848	0.0	0	0.0	4477.007332615569	1	0	1	2.289537739851779
87306.60747159446	6000.0	4170.399861021106	0.0	0	0.0	4477.007332615569	1	0	1	2.289537739851779
88200.0	6000.0	4277.0073326155825	0.0	0	9.692738672281848	4477.007332615583	1	0	1	2.2895377398517707
89200.0	6000.0	4277.007332615596	0.0	0	143.0327799165825	4477.007332615583	1	0	1	2.2895377398517707
90200.0	6000.0	4277.007332615588	0.0	0	275.2242622790218	4477.007332615583	1	0	1	2.2895377398517707
91420.21458722188	6000.0	4056.792745393712	0.0	0	0.0	4477.007332615569	1	0	1	2.289537739851779
92419.33638769347	6000.0	4057.6709449221244	0.0	0	0.0	4477.007332615569	1	0	1	2.289537739851779
93472.49948424581	6000.0	4004.5078483697757	0.0	0	0.0	4477.007332615569	1	0	1	2.289537739851779
94512.61425073004	6000.0	3964.393081885544	0.0	0	0.0	4477.007332615569	1	0	1	2.289537739851779
95492.02791298958	6000.0	3984.979419625987	0.0	0	0.0	4477.007332615554	1	0	1	2.289537739851788
96263.22269945157	6000.0	4213.784633164005	0.0	0	0.0	4477.007332615554	1	0	1	2.289537739851788
97521.59507215972	6000.0	3955.4122604558474	0.0	0	0.0	4477.007332615554	1	0	1	2.289537739851788
98864.22012054027	6000.0	3612.787212075295	0.0	0	0.0	4477.007332615554	1	0	1	2.289537739851788
99701.8798208231	6000.0	3775.12751179246	0.0	0	0.0	4477.007332615554	1	0	1	2.289537739851788
100491.44539719974	6000.0	3985.561935415819	0.0	0	0.0	4477.00733261554	1	0	1	2.2895377398517964
101536.31718129803	6000.0	3940.6901513175408	0.0	0	0.0	4477.00733261554	1	0	1	2.2895377398517964
102284.13490423434	6000.0	4192.872428381215	0.0	0	0.0	4477.007332615525	1	0	1	2.2895377398518053
103499.01298691054	6000.0	3977.9943457050017	0.0	0	0.0	4477.007332615525	1	0	1	2.2895377398518053
104458.3618063267	6000.0	4018.6455262888385	0.0	0	0.0	4477.007332615511	1	0	1	2.2895377398518137
105200.0	6000.0	4277.00733261554	0.0	0	79.26821225861204	4477.007332615511	1	0	1	2.2895377398518137
106200.0	6000.0	4277.007332615542	0.0	0	120.46055470938154	4477.007332615511	1	0	1	2.2895377398518137
107320.28202260083	6000.0	4156.7253100147045	0.0	0	0.0	4477.007332615511	1	0	1	2.2895377398518137
108200.0	6000.0	4277.007332615518	0.0	0	257.2843510313978	4477.007332615511	1	0	1	2.2895377398518137
109200.0	6000.0	4277.007332615532	0.0	0	164.58581746892014	4477.007332615511	1	0	1	2.2895377398518137
110200.0	6000.0	4277.007332615539	0.0	0	97.83003501204075	4477.007332615525	1	0	1	2.2895377398518053
111200.0	6000.0	4277.007332615545	0.0	0	115.89120757469209	4477.007332615525	1	0	1	2.2895377398518053
112275.94910882821	6000.0	4201.058223787341	0.0	0	0.0	4477.007332615525	1	0	1	2.2895377398518053
113716.51739566746	6000.0	3760.489936948081	0.0	0	0.0	4477.007332615511	1	0	1	2.2895377398518137
114403.70898547418	6000.0	4073.29834714136	0.0	0	0.0	4477.007332615511	1	0	1	2.2895377398518137
115286.28877503477	6000.0	4190.718557580767	0.0	0	0.0	4477.007332615511	1	0	1	2.2895377398518137
116200.0	6000.0	4277.007332615536	0.0	0	78.81725157538312	4477.007332615496	1	0	1	2.2895377398518217
117200.0	6000.0	4277.007332615519	0.0	0	313.4434910628479	4477.007332615496	1	0	1	2.2895377398518217
118200.0	6000.0	4277.007332615531	0.0	0	529.4053056030825	4477.007332615511	1	0	1	2.2895377398518137
119200.0	6000.0	4277.007332615517	0.0	0	245.73288662251434	4477.007332615496	1	0	1	2.2895377398518217
120200.0	6000.0	4277.007332615521	0.0	0	492.1970668119902	4477.007332615496	1	0	1	2.2895377398518217
121200.0	6000.0	4277.007332615513	0.0	0	191.5593781239004	4477.007332615482	1	0	1	2.2895377398518306
122200.0	6000.0	4277.007332615526	0.0	0	163.96690772293368	4477.007332615496	1	0	1	2.2895377398518217
123200.0	6000.0	4277.007332615523	0.0	0	102.21310846232518	4477.007332615482	1	0	1	2.2895377398518306
124200.0	6000.0	4277.007332615542	0.0	0	127.0650904692884	4477.007332615482	1	0	1	2.2895377398518306
125200.0	6000.0	4277.00733261554	0.0	0	201.0343762163975	4477.007332615482	1	0	1	2.2895377398518306
126200.0	6000.0	4277.007332615549	0.0	0	221.63260369987984	4477.007332615482	1	0	1	2.2895377398518306
127200.0	6000.0	4277.007332615553	0.0	0	350.42192113786587	4477.007332615467	1	0	1	2.289537739851839
128200.0	6000.0	4277.007332615544	0.0	0	535.4940326145443	4477.007332615467	1	0	1	2.289537739851839
129200.0	6000.0	4277.007332615529	0.0	0	456.7369856142759	4477.007332615467	1	0	1	2.289537739851839
130200.0	6000.0	4277.00733261555	0.0	0	279.29955165524734	4477.007332615467	1	0	1	2.289537739851839
131341.97675886002	6000.0	4135.030573755503	0.0	0	0.0	4477.0073326154525	1	0	1	2.289537739851841
132200.0	6000.0	4277.007332615519	0.0	0	129.78938018271583	4477.007332615423	1	0	1	2.289537739851863
133200.0	6000.0	4277.007332615511	0.0	0	341.58096718695015	4477.007332615409	1	0	1	2.2895377398518666
134200.0	6000.0	4277.007332615484	0.0	0	255.73210083559388	4477.00733261538	1	0	1	2.2895377398518817
135200.0	6000.0	4277.0073326154825	0.0	0	261.84523107210407	4477.00733261538	1	0	1	2.289537739851892
136200.0	6000.0	4277.0073326155	0.0	0	297.80020478734514	4477.007332615409	1	0	1	2.289537739851875
137200.0	6000.0	4277.007332615556	0.0	0	135.5556147013558	4477.007332615409	1	0	1	2.2895377398518733
138200.0	6000.0	4277.0073326155525	0.0	0	143.37437091226457	4477.007332615409	1	0	1	2.2895377398518733
139200.0	6000.0	4277.007332615577	0.0	0	288.8461720616324	4477.007332615409	1	0	1	2.2895377398518733
140200.0	6000.0	4277.007332615549	0.0	0	166.87421855085995	4477.00733261538	1	0	1	2.28953773985189
141200.0	6000.0	4277.0073326155625	0.0	0	190.02793542400468	4477.00733261538	1	0	1	2.28953773985189
142200.0	6000.0	4277.007332615582	0.0	0	346.0992417263042	4477.00733261538	1	0	1	2.28953773985189
143200.0	6000.0	4277.007332615563	0.0	0	135.48363724627416	4477.00733261538	1	0	1	2.28953773985189
144281.2813437548	6000.0	4195.725988860777	0.0	0	0.0	4477.00733261538	1	0	1	2.28953773985189
145200.0	6000.0	4277.007332615534	0.0	0	255.88117003859952	4477.00733261538	1	0	1	2.28953773985189
146200.0	6000.0	4277.007332615526	0.0	0	144.1503637682472	4477.007332615409	1	0	1	2.2895377398518733
147200.0	6000.0	4277.00733261554	0.0	0	211.88001170160715	4477.007332615409	1	0	1	2.2895377398518733
148316.65704809382	6000.0	4160.350284521728	0.0	0	0.0	4477.007332615409	1	0	1	2.2895377398518733
149231.905707719	6000.0	4245.1016248965625	0.0	0	0.0	4477.007332615409	1	0	1	2.2895377398518733
150200.0	6000.0	4277.007332615586	0.0	0	21.813667117559817	4477.007332615409	1	0	1	2.2895377398518733
151200.0	6000.0	4277.007332615605	0.0	0	371.72835612890776	4477.007332615409	1	0	1	2.2895377398518733
152200.0	6000.0	4277.007332615628	0.0	0	76.88932930809096	4477.007332615409	1	0	1	2.2895377398518733
153272.37239318373	6000.0	4204.634939431875	0.0	0	0.0	4477.00733261538	1	0	1	2.28953773985189
154341.75183480058	6000.0	4135.255497815007	0.0	0	0.0	4477.00733261538	1	0	1	2.28953773985189
155229.76786690395	6000.0	4247.239465711642	0.0	0	0.0	4477.00733261538	1	0	1	2.28953773985189
156200.0	6000.0	4277.007332615554	0.0	0	236.80795494205086	4477.00733261538	1	0	1	2.28953773985189
157200.0	6000.0	4277.007332615522	0.0	0	353.17041212535696	4477.00733261538	1	0	1	2.28953773985189
158200.0	6000.0	4277.00733261551	0.0	0	310.4102239807253	4477.00733261538	1	0	1	2.28953773985189
159200.0	6000.0	4277.007332615519	0.0	0	225.46617120847804	4477.007332615409	1	0	1	2.2895377398518733
160200.0	6000.0	4277.007332615526	0.0	0	131.84716236888198	4477.007332615409	1	0	1	2.2895377398518733
161200.0	6000.0	4277.007332615502	0.0	0	376.275088398339	4477.007332615409	1	0	1	2.2895377398518733
162200.0	6000.0	4277.007332615485	0.0	0	651.0274175544037	4477.007332615409	1	0	1	2.2895377398518733
163200.0	6000.0	4277.007332615462	0.0	0	242.27778822914115	4477.007332615438	1	0	1	2.28953773985186
164334.97234634857	6000.0	4142.034986266877	0.0	0	0.0	4477.007332615438	1	0	1	2.2895377398518564
165200.0	6000.0	4277.007332615421	0.0	0	121.22511189582292	4477.007332615438	1	0	1	2.2895377398518564
166200.0	6000.0	4277.007332615415	0.0	0	238.68435636672075	4477.007332615467	1	0	1	2.289537739851839
167200.0	6000.0	4277.007332615424	0.0	0	211.1014091418765	4477.007332615467	1	0	1	2.289537739851839
168200.0	6000.0	4277.007332615412	0.0	0	157.16548009871622	4477.007332615438	1	0	1	2.2895377398518564
169200.0	6000.0	4277.00733261543	0.0	0	428.39211335228174	4477.007332615438	1	0	1	2.2895377398518564
170200.0	6000.0	4277.007332615409	0.0	0	402.91484844411025	4477.007332615438	1	0	1	2.2895377398518564
171200.0	6000.0	4277.007332615431	0.0	0	187.80887354517472	4477.007332615438	1	0	1	2.2895377398518564
172200.0	6000.0	4277.007332615395	0.0	0	159.53125113685383	4477.007332615438	1	0	1	2.2895377398518564
173219.66495654697	6000.0	4257.34237606844	0.0	0	0.0	4477.007332615409	1	0	1	2.2895377398518733
174200.0	6000.0	4277.007332615393	0.0	0	215.3838316608162	4477.007332615409	1	0	1	2.2895377398518733
175200.0	6000.0	4277.007332615401	0.0	0	89.1634683731827	4477.007332615409	1	0	1	2.2895377398518733
176200.0	6000.0	4277.007332615392	0.0	0	242.9867464255658	4477.007332615409	1	0	1	2.2895377398518733
177200.0	6000.0	4277.007332615427	0.0	0	528.9065753817267	4477.007332615438	1	0	1	2.28953773985186
178200.0	6000.0	4277.007332615441	0.0	0	255.08716205798555	4477.007332615438	1	0	1	2.2895377398518564
179200.0	6000.0	4277.007332615443	0.0	0	410.68021956979646	4477.007332615438	1	0	1	2.2895377398518564
180200.0	6000.0	4277.007332615434	0.0	0	517.8711642834533	4477.007332615438	1	0	1	2.2895377398518564
181200.0	6000.0	4277.0073326154325	0.0	0	479.5161346082168	4477.007332615438	1	0	1	2.2895377398518564
182200.0	6000.0	4277.007332615402	0.0	0	475.3935507570277	4477.007332615438	1	0	1	2.2895377398518564
183200.0	6000.0	4277.00733261538	0.0	0	435.2677628318488	4477.007332615438	1	0	1	2.2895377398518564
184200.0	6000.0	4277.00733261542	0.0	0	394.0234870421991	4477.007332615438	1	0	1	2.2895377398518564
185200.0	6000.0	4277.007332615414	0.0	0	167.51335913542425	4477.007332615409	1	0	1	2.2895377398518733
186200.0	6000.0	4277.007332615407	0.0	0	462.3330192643625	4477.007332615409	1	0	1	2.2895377398518733
187200.0	6000.0	4277.0073326153815	0.0	0	137.44441336975433	4477.007332615409	1	0	1	2.2895377398518733
188213.797772096	6000.0	4263.209560519361	0.0	0	0.0	4477.007332615409	1	0	1	2.2895377398518733
189222.87990320934	6000.0	4254.127429406026	0.0	0	0.0	4477.007332615409	1	0	1	2.2895377398518733
190223.96405516422	6000.0	4253.043277451174	0.0	0	0.0	4477.00733261538	1	0	1	2.28953773985189
191241.81365784883	6000.0	4235.193674766575	0.0	0	0.0	4477.00733261538	1	0	1	2.28953773985189
192200.0	6000.0	4277.007332615423	0.0	0	269.5542211191787	4477.00733261538	1	0	1	2.28953773985189
193200.0	6000.0	4277.007332615463	0.0	0	178.5805490380444	4477.00733261538	1	0	1	2.28953773985189
194200.0	6000.0	4277.007332615448	0.0	0	449.1337279381114	4477.00733261538	1	0	1	2.28953773985189
195200.0	6000.0	4277.007332615482	0.0	0	270.9518548004853	4477.00733261538	1	0	1	2.28953773985189
196200.0	6000.0	4277.007332615458	0.0	0	370.0783119374828	4477.00733261538	1	0	1	2.28953773985189
197200.0	6000.0	4277.007332615445	0.0	0	233.28686005368945	4477.00733261538	1	0	1	2.28953773985189
198200.0	6000.0	4277.007332615433	0.0	0	83.4016928053461	4477.007332615351	1	0	1	2.2895377398519074
199200.0	6000.0	4277.007332615461	0.0	0	326.3521916512982	4477.007332615351	1	0	1	2.2895377398519074
200200.0	6000.0	4277.007332615465	0.0	0	130.1583488799224	4477.007332615351	1	0	1	2.2895377398519074
201200.0	6000.0	4277.007332615493	0.0	0	192.40865164104616	4477.00733261538	1	0	1	2.28953773985189
202200.0	6000.0	4277.007332615479	0.0	0	368.49891206718166	4477.007332615351	1	0	1	2.2895377398519074
203200.0	6000.0	4277.007332615469	0.0	0	395.9785462584987	4477.0073326153215	1	0	1	2.2895377398519248
204200.0	6000.0	4277.007332615479	0.0	0	129.77631268411642	4477.0073326153215	1	0	1	2.2895377398519248
205200.0	6000.0	4277.007332615483	0.0	0	281.01780322991544	4477.0073326153215	1	0	1	2.2895377398519248
206200.0	6000.0	4277.007332615479	0.0	0	345.2058881264529	4477.007332615351	1	0	1	2.2895377398519074
207200.0	6000.0	4277.0073326155	0.0	0	231.09495812415844	4477.0073326153215	1	0	1	2.2895377398519248
208200.0	6000.0	4277.007332615477	0.0	0	187.038130790781	4477.007332615292	1	0	1	2.289537739851942
209200.0	6000.0	4277.007332615466	0.0	0	228.7076895578648	4477.007332615292	1	0	1	2.289537739851942
210200.0	6000.0	4277.007332615453	0.0	0	467.71756467741216	4477.007332615292	1	0	1	2.289537739851945
211200.0	6000.0	4277.007332615435	0.0	0	105.91042035073042	4477.007332615292	1	0	1	2.289537739851942
212200.0	6000.0	4277.007332615443	0.0	0	23.11742421516101	4477.007332615292	1	0	1	2.289537739851942
213200.0	6000.0	4277.007332615439	0.0	0	39.215438412094954	4477.0073326153215	1	0	1	2.2895377398519248
214200.0	6000.0	4277.007332615441	0.0	0	341.72922046409803	4477.007332615351	1	0	1	2.2895377398519074
215200.0	6000.0	4277.007332615437	0.0	0	200.95524787099566	4477.007332615351	1	0	1	2.2895377398519074
216200.0	6000.0	4277.00733261541	0.0	0	149.07141848187894	4477.007332615351	1	0	1	2.2895377398519074
217200.0	6000.0	4277.007332615404	0.0	0	176.06811105122324	4477.0073326153215	1	0	1	2.2895377398519248
218200.0	6000.0	4277.007332615414	0.0	0	229.06486321240664	4477.0073326153215	1	0	1	2.2895377398519248
219200.0	6000.0	4277.007332615405	0.0	0	434.6532320624392	4477.0073326153215	1	0	1	2.2895377398519248
220200.0	6000.0	4277.007332615382	0.0	0	406.1964722907578	4477.0073326153215	1	0	1	2.2895377398519283
221200.0	6000.0	4277.007332615356	0.0	0	347.77015754242893	4477.0073326153215	1	0	1	2.2895377398519248
222200.0	6000.0	4277.007332615392	0.0	0	221.57116386896814	4477.007332615351	1	0	1	2.2895377398519074
223200.0	6000.0	4277.00733261542	0.0	0	398.97640069181216	4477.007332615351	1	0	1	2.2895377398519074
224200.0	6000.0	4277.007332615418	0.0	0	569.1581272673502	4477.007332615351	1	0	1	2.2895377398519074
225200.0	6000.0	4277.007332615426	0.0	0	383.72727940109326	4477.007332615351	1	0	1	2.2895377398519074
226200.0	6000.0	4277.0073326154	0.0	0	307.1301016754296	4477.007332615351	1	0	1	2.2895377398519074
227200.0	6000.0	4277.007332615414	0.0	0	379.13840440736385	4477.0073326153215	1	0	1	2.2895377398519248
228200.0	6000.0	4277.007332615385	0.0	0	426.02108745253645	4477.0073326153215	1	0	1	2.289537739851921
229200.0	6000.0	4277.007332615389	0.0	0	68.64440753910458	4477.007332615292	1	0	1	2.289537739851942
230746.23288017366	6000.0	3730.774452441736	0.0	0	0.0	4477.007332615292	1	0	1	2.289537739851942
232087.12183812287	6000.0	3389.8854944925365	0.0	0	0.0	4477.007332615263	1	0	1	2.2895377398519585
232660.8247676299	3000.0	3758.8122720348283	0.0	0	0.0	4419.637039664638	1	0	2	0.5285274303726378
233784.7661318534	6000.0	3634.870907811354	0.0	0	0.0	4419.637039664638	1	0	1	1.4294992491006655
234741.52723087277	6000.0	3678.1098087919704	0.0	0	0.0	4419.637039664609	1	0	1	2.322646429660627
235362.2044110597	6000.0	4057.432628605025	0.0	0	0.0	4419.637039664609	1	0	1	2.322646429660627
236200.0	6000.0	4219.637039664743	0.0	0	276.46162166947033	4419.637039664609	1	0	1	2.322646429660627
237239.29732411614	6000.0	4180.33971554862	0.0	0	0.0	4419.637039664609	1	0	1	2.322646429660627
238200.0	6000.0	4219.637039664754	0.0	0	118.0653990842111	4419.637039664638	1	0	1	2.3226464296606104
239410.7620446801	6000.0	4008.87499498467	0.0	0	0.0	4419.637039664667	1	0	1	2.322646429660594
240200.0	6000.0	4219.637039664819	0.0	0	37.564933540532365	4419.637039664667	1	0	1	2.322646429660594
241200.0	6000.0	4219.637039664789	0.0	0	115.31383214087691	4419.637039664667	1	0	1	2.322646429660594
242200.0	6000.0	4219.637039664809	0.0	0	112.00015200176858	4419.637039664696	1	0	1	2.3226464296605775
243200.0	6000.0	4219.637039664814	0.0	0	75.79070321063045	4419.637039664696	1	0	1	2.3226464296605775
244348.69437600253	6000.0	4070.942663662277	0.0	0	0.0	4419.637039664696	1	0	1	2.3226464296605775
245227.0934178261	6000.0	4192.543621838706	0.0	0	0.0	4419.637039664696	1	0	1	2.3226464296605775
246218.35077307155	6000.0	4201.286266593239	0.0	0	0.0	4419.637039664696	1	0	1	2.3226464296605775
247434.5710089811	6000.0	3985.0660306836953	0.0	0	0.0	4419.637039664696	1	0	1	2.3226464296605775
248831.2590188141	6000.0	3588.3780208507187	0.0	0	0.0	4419.637039664696	1	0	1	2.3226464296605775
249622.83232708267	6000.0	3796.8047125821854	0.0	0	0.0	4419.637039664696	1	0	1	2.3226464296605775
250636.6827482295	6000.0	3782.954291435348	0.0	0	0.0	4419.637039664696	1	0	1	2.3226464296605775
251254.0770879201	6000.0	4165.5599517447645	0.0	0	0.0	4419.637039664696	1	0	1	2.3226464296605775
252200.0	6000.0	4219.637039664878	0.0	0	27.3505379021517	4419.637039664725	1	0	1	2.322646429660561
253200.0	6000.0	4219.637039664886	0.0	0	248.99139049719088	4419.637039664725	1	0	1	2.322646429660561
254200.0	6000.0	4219.6370396648645	0.0	0	174.33449546978227	4419.637039664725	1	0	1	2.322646429660561
255200.0	6000.0	4219.6370396648745	0.0	0	126.21477572395816	4419.637039664725	1	0	1	2.322646429660561
256200.0	6000.0	4219.637039664883	0.0	0	188.87376713653794	4419.637039664725	1	0	1	2.322646429660561
257200.0	6000.0	4219.637039664874	0.0	0	273.7622400735563	4419.637039664725	1	0	1	2.322646429660561
258236.2335231103	6000.0	4183.403516554571	0.0	0	0.0	4419.637039664725	1	0	1	2.322646429660561
259200.0	6000.0	4219.637039664874	0.0	0	162.28716668026755	4419.637039664725	1	0	1	2.322646429660561
260200.0	6000.0	4219.637039664851	0.0	0	2.3319040095375385	4419.637039664725	1	0	1	2.322646429660561
261433.89427700875	6000.0	3985.742762656065	0.0	0	0.0	4419.637039664667	1	0	1	2.322646429660591
262731.5855498967	6000.0	3688.0514897680905	0.0	0	0.0	4419.637039664667	1	0	1	2.322646429660594
263426.26370555355	6000.0	3993.373334111203	0.0	0	0.0	4419.637039664638	1	0	1	2.3226464296606038
264200.0	6000.0	4219.6370396647635	0.0	0	190.77544054749887	4419.637039664667	1	0	1	2.3226464296606073
265200.0	6000.0	4219.637039664701	0.0	0	260.13143824314466	4419.63703966458	1	0	1	2.322646429660627
266200.0	6000.0	4219.6370396646535	0.0	0	447.58184335392434	4419.637039664551	1	0	1	2.32264642966065
267200.0	6000.0	4219.637039664662	0.0	0	296.4810546968947	4419.637039664551	1	0	1	2.3226464296606597
268200.0	6000.0	4219.637039664656	0.0	0	442.07898709434085	4419.637039664551	1	0	1	2.3226464296606597
269200.0	6000.0	4219.63703966473	0.0	0	411.7182664545253	4419.637039664609	1	0	1	2.322646429660627
270200.0	6000.0	4219.637039664707	0.0	0	525.2321143284207	4419.637039664609	1	0	1	2.322646429660627
271529.745111879	6000.0	3889.8919277857144	0.0	0	0.0	4419.637039664609	1	0	1	2.322646429660627
272200.0	6000.0	4219.637039664717	0.0	0	101.74523687991314	4419.637039664609	1	0	1	2.322646429660627
273200.0	6000.0	4219.637039664712	0.0	0	485.7680188228842	4419.637039664609	1	0	1	2.322646429660627
274317.5509388819	6000.0	4102.0861007828125	0.0	0	0.0	4419.637039664609	1	0	1	2.322646429660627
275200.0	6000.0	4219.637039664709	0.0	0	112.51905728690326	4419.637039664609	1	0	1	2.322646429660627
276200.0	6000.0	4219.637039664762	0.0	0	427.27750692900736	4419.637039664667	1	0	1	2.322646429660594
277200.0	6000.0	4219.637039664754	0.0	0	355.4417197332368	4419.637039664609	1	0	1	2.322646429660627
278200.0	6000.0	4219.637039664726	0.0	0	369.08722834434593	4419.637039664609	1	0	1	2.3226464296606335
279200.0	6000.0	4219.637039664812	0.0	0	428.1953839311609	4419.637039664609	1	0	1	2.322646429660627
280200.0	6000.0	4219.637039664863	0.0	0	276.5057117342367	4419.637039664609	1	0	1	2.322646429660627
281200.0	6000.0	4219.637039664877	0.0	0	55.205274564854335	4419.637039664551	1	0	1	2.3226464296606597
282200.0	6000.0	4219.637039664861	0.0	0	152.59991456841817	4419.637039664551	1	0	1	2.3226464296606597
283200.0	6000.0	4219.637039664855	0.0	0	257.08693870471325	4419.637039664609	1	0	1	2.322646429660627
284200.0	6000.0	4219.637039664882	0.0	0	367.5871644052677	4419.637039664609	1	0	1	2.322646429660627
285200.0	6000.0	4219.637039664851	0.0	0	284.28865974984365	4419.637039664551	1	0	1	2.3226464296606597
286200.0	6000.0	4219.637039664868	0.0	0	128.78750889684306	4419.637039664551	1	0	1	2.3226464296606597
287200.0	6000.0	4219.637039664841	0.0	0	235.2265371303656	4419.637039664551	1	0	1	2.3226464296606597
288200.0	6000.0	4219.637039664829	0.0	0	35.367304384184536	4419.6370396644925	1	0	1	2.3226464296606926
289200.0	6000.0	4219.637039664769	0.0	0	367.99096119595924	4419.6370396644925	1	0	1	2.3226464296606926
290200.0	6000.0	4219.637039664765	0.0	0	185.46838299860246	4419.6370396644925	1	0	1	2.3226464296606926
291328.7266483588	6000.0	4090.9103913060194	0.0	0	0.0	4419.6370396644925	1	0	1	2.3226464296606926
292384.2278780829	6000.0	4035.409161581904	0.0	0	0.0	4419.6370396644925	1	0	1	2.3226464296606926
293432.5819103412	6000.0	3987.0551293235985	0.0	0	0.0	4419.6370396644925	1	0	1	2.3226464296606926
294200.0	6000.0	4219.637039664816	0.0	0	50.60384056251496	4419.6370396644925	1	0	1	2.3226464296606926
295200.0	6000.0	4219.6370396649	0.0	0	455.48355265922146	4419.6370396644925	1	0	1	2.3226464296606926
296204.33439348586	6000.0	4215.302646179038	0.0	0	0.0	4419.6370396644925	1	0	1	2.3226464296606926
297200.0	6000.0	4219.637039664918	0.0	0	47.547303471015766	4419.6370396644925	1	0	1	2.3226464296606926
298200.0	6000.0	4219.637039664922	0.0	0	49.32238492992474	4419.6370396644925	1	0	1	2.3226464296606926
299200.0	6000.0	4219.6370396648945	0.0	0	307.1646177264047	4419.637039664434	1	0	1	2.322646429660726
300200.0	6000.0	4219.637039664872	0.0	0	92.5889022257179	4419.6370396644925	1	0	1	2.3226464296606926
7.12	9.48	10.4	11.7	9.44	7.78	9.77	12.9	17.0	8.1	6.37	9.1	8.24	10.1	9.2	11.4	10.8	7.3	7.56	7.47	6.71	5.63	9.95	10.7	11.1	10.7	8.95	10.4	8.84	11.2	7.32	9.72	10.9	8.76	6.28	7.62	4.61	7.88	10.6	9.66	8.24	11.2	8.62	7.91	9.13	7.14	8.19	10.5	8.97	9.31	9.74	10.3	9.93	9.09	7.45	12.2	9.95	7.84	7.1	9.15	8.22	9.58	9.88	10.1	6.37	11.9	7.65	8.42	5.21	13.2	10.6	7.98	9.73	10.5	7.77	6.12	4.15	5.56	6.35	8.02	5.78	8.06	9.12	7.25	9.07	6.09	6.67	7.23	5.64	6.94	6.8	7.27	5.19	5.8	5.62	5.9	6.5	7.89	6.45	7.69	8.77	7.44	6.5	9.54	6.0	8.16	8.32	5.75	5.14	6.96	9.15	8.09	11.8	9.49	8.18	12.1	7.88	5.0	9.56	9.11	6.94	9.5	12.6	12.5	8.75	10.6	5.61	6.97	9.45	11.7	9.08	7.75	6.32	5.97	7.59	7.71	8.94	6.33	6.92	7.37	10.9	9.06	6.7	6.94	6.07	7.74	7.44	7.73	7.14	10.0	7.12	9.48	10.4	11.7	9.44	7.78	9.77	12.9	17.0	8.1	6.37	9.1	8.24	10.1	9.2	11.4	10.8	7.3	7.56	7.47	6.71	5.63	9.95	10.7	11.1	10.7	8.95	10.4	8.84	11.2	7.32	9.72	10.9	8.76	6.28	7.62	4.61	7.88	10.6	9.66	8.24	11.2	8.62	7.91	9.13	7.14	8.19	10.5	8.97	9.31	9.74	10.3	9.93	9.09	7.45	12.2	9.95	7.84	7.1	9.15	8.22	9.58	9.88	10.1	6.37	11.9	7.65	8.42	5.21	13.2	10.6	7.98	9.73	10.5	7.77	6.12	4.15	5.56	6.35	8.02	5.78	8.06	9.12	7.25	9.07	6.09	6.67	7.23	5.64	6.94	6.8	7.27	5.19	5.8	5.62	5.9	6.5	7.89	6.45	7.69	8.77	7.44	6.5	9.54	6.0	8.16	8.32	5.75	5.14	6.96	9.15	8.09	11.8	9.49	8.18	12.1	7.88	5.0	9.56	9.11	6.94	9.5	12.6	12.5	8.75	10.6	5.61	6.97	9.45	11.7	9.08	7.75	6.32	5.97	7.59	7.71	8.94	6.33	6.92	7.37	10.9	9.06	6.7	6.94	6.07	7.74	7.44	7.73	7.14	10.0	7.12	9.48
1.0	2.0	3.0	4.0	5.0	6.0	7.0	8.0	9.0	10.0	11.0	12.0	13.0	14.0	15.0	16.0	17.0	18.0	19.0	20.0	21.0	22.0	23.0	24.0	25.0	26.0	27.0	28.0	29.0	30.0	31.0	32.0	33.0	34.0	35.0	36.0	37.0	38.0	39.0	40.0	41.0	42.0	43.0	44.0	45.0	46.0	47.0	48.0	49.0	50.0	51.0	52.0	53.0	54.0	55.0	56.0	57.0	58.0	59.0	60.0	61.0	62.0	63.0	64.0	65.0	66.0	67.0	68.0	69.0	70.0	71.0	72.0	73.0	74.0	75.0	76.0	77.0	78.0	79.0	80.0	81.0	82.0	83.0	84.0	85.0	86.0	87.0	88.0	89.0	90.0	91.0	92.0	93.0	94.0	95.0	96.0	97.0	98.0	99.0	100.0	101.0	102.0	103.0	104.0	105.0	106.0	107.0	108.0	109.0	110.0	111.0	112.0	113.0	114.0	115.0	116.0	117.0	118.0	119.0	120.0	121.0	122.0	123.0	124.0	125.0	126.0	127.0	128.0	129.0	130.0	131.0	132.0	133.0	134.0	135.0	136.0	137.0	138.0	139.0	140.0	141.0	142.0	143.0	144.0	145.0	146.0	147.0	148.0	149.0	149.0	150.0	151.0	152.0	153.0	154.0	155.0	156.0	157.0	158.0	159.0	160.0	161.0	162.0	163.0	164.0	165.0	166.0	167.0	168.0	169.0	170.0	171.0	172.0	173.0	174.0	175.0	176.0	177.0	178.0	179.0	180.0	181.0	182.0	183.0	184.0	185.0	186.0	187.0	188.0	189.0	190.0	191.0	192.0	193.0	194.0	195.0	196.0	197.0	198.0	199.0	200.0	201.0	202.0	203.0	204.0	205.0	206.0	207.0	208.0	209.0	210.0	211.0	212.0	213.0	214.0	215.0	216.0	217.0	218.0	219.0	220.0	221.0	222.0	223.0	224.0	225.0	226.0	227.0	228.0	229.0	230.0	231.0	232.0	233.0	234.0	235.0	236.0	237.0	238.0	239.0	240.0	241.0	242.0	243.0	244.0	245.0	246.0	247.0	248.0	249.0	250.0	251.0	252.0	253.0	254.0	255.0	256.0	257.0	258.0	259.0	260.0	261.0	262.0	263.0	264.0	265.0	266.0	267.0	268.0	269.0	270.0	271.0	272.0	273.0	274.0	275.0	276.0	277.0	278.0	279.0	280.0	281.0	282.0	283.0	284.0	285.0	286.0	287.0	288.0	289.0	290.0	291.0	292.0	293.0	294.0	295.0	296.0	297.0	298.0	298.0	299.0	300.0
4456.955300557202
