5716.463862326127	300.0	2000.0	93.20787950828117	0	0.0	5716.463862326127	1	0	1	-2.251493661023294
6306.55755709841	2000.0	2350.896935750488	0.0	0	0.0	5657.454492848898	1	0	2	-2.064305368199805
7496.847768879272	3000.0	2041.5777027915406	0.0	0	0.0	5538.425471670812	1	0	2	0.13012263416854336
7935.851334030897	2000.0	2558.673781124752	0.0	0	0.0	5494.5251151556495	1	0	2	-0.21358227726849083
8876.638238918875	3000.0	2523.8081857479788	0.0	0	0.0	5400.446424666854	1	0	2	0.2611615462560537
9809.077918137584	3000.0	2498.1245386073997	0.0	0	0.0	5307.2024567449835	1	0	2	0.7615342759450705
10759.907451676434	3000.0	2452.2120517146623	0.0	0	0.0	5212.119503391097	1	0	2	0.8380219504837532
11536.176111821718	3000.0	2598.316525554848	0.0	0	0.0	5134.492637376567	1	0	2	0.9121243689146897
12323.010803581288	3000.0	2732.7983646193206	0.0	0	0.0	5055.809168200609	1	0	2	0.9759311354746802
13231.982185585584	3000.0	2732.9298444145948	0.0	0	0.0	4964.91203000018	1	0	2	1.0436252986381338
13897.565310817829	3000.0	3000.7884066591273	0.0	0	0.0	4898.3537174769535	1	0	2	1.1030797943834616
14678.533743413329	3000.0	3141.723130804076	0.0	0	0.0	4820.256874217403	1	0	2	1.1575024381538517
15483.522224786928	3000.0	3256.235801293118	0.0	0	0.0	4739.758026080042	1	0	2	1.2153674851093519
16590.835323802916	3000.0	3038.191392375531	0.0	0	0.0	4629.026716178445	1	0	2	1.2858148322848706
17135.59349023958	3000.0	3438.957409295198	0.0	0	0.0	4574.550899534775	1	0	2	1.3285431810671273
17874.403893481154	3000.0	3626.265965729467	0.0	0	0.0	4500.66985921062	1	0	2	1.369998352221922
18858.991734979147	3000.0	3543.2193400816755	0.0	0	0.0	4402.211075060821	1	0	2	1.4250702127111707
19733.65472099497	3000.0	3581.090055464263	0.0	0	0.0	4314.7447764592325	1	0	2	1.474887369776044
20691.351263939407	3000.0	3527.6238582253864	0.0	0	0.0	4218.975122164793	1	0	2	1.5224993854670301
21377.594917496703	3000.0	3772.755839312363	0.0	0	0.0	4150.350756809068	1	0	2	1.5603899588293877
22533.521733376198	3000.0	3501.2363418449218	0.0	0	0.0	4034.758075221125	1	0	2	1.607642875634197
23618.40776735004	3000.0	3307.8617044736957	0.0	0	0.0	3926.26947182374	1	0	2	1.6546267286841232
24580.107288964275	3000.0	3249.992230698038	0.0	0	0.0	3830.0995196623153	1	0	2	1.6925091970730648
25401.26755539009	3000.0	3346.715937629638	0.0	0	0.0	3747.983493019732	1	0	2	1.7244883567353946
26200.0	3000.0	3468.1102485587435	0.0	0	8.814255530549417	3668.1102485587435	1	0	2	1.752066198349027
27200.0	3000.0	3368.1102485587453	0.0	0	103.45703557991146	3568.1102485587508	1	0	2	1.77994117587397
28200.0	3000.0	3268.1102485587494	0.0	0	174.1648025697432	3468.1102485587617	1	0	2	1.8089168231261534
29200.0	3000.0	3168.110248558749	0.0	0	354.455556293633	3368.1102485587544	1	0	2	1.8343536033398935
30200.0	3000.0	3068.1102485587494	0.0	0	298.68169716421835	3268.1102485587544	1	0	2	1.859205520967071
31200.0	3000.0	2968.1102485587435	0.0	0	253.3397201779153	3168.110248558747	1	0	2	1.8824447040207093
32975.612165757535	6000.0	2192.498082801209	0.0	0	0.0	3168.110248558747	1	0	1	1.8899754088858327
33911.63324880025	3000.0	2162.8748914542202	0.0	0	0.0	3074.5081402544674	1	0	2	1.0114699976478159
34684.08177872259	3000.0	2313.1815085396565	0.0	0	0.0	2997.2632872622453	1	0	2	1.919365956903214
35744.20523256259	3000.0	2147.0457093156556	0.0	0	0.0	2891.250941878243	1	0	2	1.937032722174038
36566.96687494747	3000.0	2242.0079026922867	0.0	0	0.0	2808.974777639749	1	0	2	1.9511046537125802
37420.086042727096	3000.0	2303.576818134706	0.0	0	0.0	2723.6628608617903	1	0	2	1.9638196793205482
38669.618246540515	3000.0	1929.0913939399563	0.0	0	0.0	2598.709640480447	1	0	2	1.9794195378857042
39231.298813487636	2000.0	2311.2427702981304	0.0	0	0.0	2542.5415837857436	1	0	2	1.1776192174407485
40200.0	2000.0	2245.671465134523	0.0	0	454.0769826286705	2445.671465134503	1	0	2	1.5916482045083618
41200.0	3000.0	2145.671465134522	0.0	0	202.43422424091113	2345.671465134503	1	0	2	1.6025040827785506
42200.0	3000.0	2045.671465134528	0.0	0	343.74436921349843	2245.671465134503	1	0	2	2.0175140748740823
43200.0	3000.0	1945.6714651345321	0.0	0	206.38676496171684	2145.67146513451	1	0	2	2.026692420550302
44200.0	3000.0	1845.6714651345326	0.0	0	137.51196969269222	2045.6714651345028	1	0	2	2.03495508524896
46125.22179447043	6000.0	920.4496706641023	0.0	0	0.0	2045.6714651345028	1	0	1	2.0372319723645416
46793.01889661726	2000.0	1252.6525685172771	0.0	0	0.0	2045.6714651345028	1	0	1	0.7331545755882676
47338.827791740565	2000.0	1706.8436733939675	0.0	0	0.0	2045.6714651345028	1	0	1	1.8317668642563771
48200.0	2000.0	1845.671465134535	0.0	0	275.47858462653676	2045.6714651345028	1	0	1	1.8317668642563771
49251.98300591157	3000.0	1688.4901586317992	0.0	0	0.0	1940.4731645433276	1	0	2	1.4373087395642556
50200.0	3000.0	1740.4731645433721	0.0	0	64.08313590471516	1940.4731645433203	1	0	1	2.04461788762728
51444.02440568636	3000.0	1372.0463182883739	0.0	0	0.0	1816.070723974677	1	0	2	1.8504973249416536
52200.0	2000.0	1616.070723974732	0.0	0	199.34122374656	1816.0707239746698	1	0	1	1.2415062229387828
53220.88841150251	3000.0	1595.1823124722216	0.0	0	0.0	1816.0707239746698	1	0	1	1.8469713310469478
54200.0	3000.0	1616.0707239747287	0.0	0	177.6740506353308	1816.0707239746698	1	0	1	2.2524364391551126
55384.67328688594	3000.0	1431.397437088786	0.0	0	0.0	1816.0707239746698	1	0	1	2.2524364391551126
56200.0	2000.0	1616.0707239747217	0.0	0	52.413725420541596	1816.0707239746698	1	0	1	1.441506222938783
57200.0	2000.0	1616.0707239747207	0.0	0	453.79716378041485	1816.0707239746698	1	0	1	1.8469713310469476
58200.0	2000.0	1616.0707239747144	0.0	0	14.693407921520702	1816.0707239746698	1	0	1	1.8469713310469476
59200.0	2000.0	1616.0707239747148	0.0	0	340.56049219801935	1816.0707239746698	1	0	1	1.8469713310469476
60200.0	3000.0	1616.0707239747153	0.0	0	290.5787146120638	1816.0707239746698	1	0	1	1.8469713310469478
61200.0	2000.0	1616.0707239747132	0.0	0	543.8582914367144	1816.0707239746698	1	0	1	1.441506222938783
63596.550203198414	6000.0	219.52052077629986	0.0	0	0.0	1816.070723974677	1	0	1	1.8469713310469476
63917.82736363814	2000.0	898.2433603365739	0.0	0	0.0	1816.0707239746844	1	0	1	0.7483590423788372
64351.64247950502	2000.0	1464.4282444697053	0.0	0	0.0	1816.0707239746844	1	0	1	1.8469713310469469
65505.25161927921	6000.0	1310.8191046955058	0.0	0	0.0	1816.0707239746844	1	0	1	1.8469713310469469
66541.52998144277	3000.0	1274.5407425319538	0.0	0	0.0	1816.0707239746916	1	0	1	1.5592892585951665
67200.0	2000.0	1616.0707239747387	0.0	0	285.9058354860754	1816.0707239747062	1	0	1	1.4415062229387814
68200.0	3000.0	1616.0707239747555	0.0	0	371.7871661422978	1816.070723974728	1	0	1	1.8469713310469447
69200.0	2000.0	1616.070723974764	0.0	0	405.28903144381184	1816.070723974728	1	0	1	1.4415062229387798
70200.0	2000.0	1616.0707239747578	0.0	0	218.65508089202922	1816.070723974728	1	0	1	1.8469713310469444
71200.0	2000.0	1616.0707239747433	0.0	0	395.37255082775664	1816.070723974728	1	0	1	1.8469713310469444
72200.0	2000.0	1616.0707239747287	0.0	0	405.6688089508971	1816.070723974728	1	0	1	1.8469713310469444
73200.0	3000.0	1616.0707239747308	0.0	0	308.1031334487343	1816.070723974728	1	0	1	1.8469713310469444
74200.0	2000.0	1616.0707239747258	0.0	0	190.70053876712336	1816.070723974728	1	0	1	1.4415062229387798
75200.0	3000.0	1616.0707239747178	0.0	0	249.36062791442964	1816.070723974728	1	0	1	1.8469713310469444
76200.0	2000.0	1616.0707239747326	0.0	0	526.095023816466	1816.0707239747426	1	0	1	1.441506222938779
77200.0	2000.0	1616.070723974741	0.0	0	233.90749043936376	1816.0707239747571	1	0	1	1.8469713310469427
78200.0	2000.0	1616.0707239747335	0.0	0	345.47115296941774	1816.0707239747571	1	0	1	1.8469713310469427
79200.0	3000.0	1616.0707239747164	0.0	0	413.6887317424116	1816.0707239747426	1	0	1	1.8469713310469436
80200.0	2000.0	1616.0707239747278	0.0	0	336.3357193051488	1816.0707239747426	1	0	1	1.441506222938779
81200.0	3000.0	1516.0707239747235	0.0	0	454.87887878790207	1716.070723974728	1	0	2	1.4505291678990153
82200.0	3000.0	1516.0707239747398	0.0	0	390.2197765666933	1716.0707239747426	1	0	1	2.058072211201087
83546.27255729075	6000.0	1169.7981666839892	0.0	0	0.0	1716.0707239747426	1	0	1	2.258072211201087
84315.4302335988	3000.0	1400.6404903759162	0.0	0	0.0	1716.070723974728	1	0	1	1.5649250306411429
85200.0	2000.0	1516.0707239747262	0.0	0	392.68904301532893	1716.070723974728	1	0	1	1.4471419949847584
86200.0	3000.0	1516.0707239747292	0.0	0	288.4034424279089	1716.0707239747426	1	0	1	1.8526071030929225
87200.0	3000.0	1516.0707239747314	0.0	0	91.76120907455334	1716.0707239747426	1	0	1	2.258072211201087
88200.0	2000.0	1516.0707239747221	0.0	0	409.2123205718817	1716.0707239747571	1	0	1	1.4471419949847568
89200.0	3000.0	1516.070723974723	0.0	0	344.28754686095635	1716.0707239747571	1	0	1	1.8526071030929216
90200.0	3000.0	1516.070723974728	0.0	0	287.9523631774646	1716.0707239747571	1	0	1	2.2580722112010863
91200.0	3000.0	1516.0707239747314	0.0	0	1.0437485224247212	1716.0707239747571	1	0	1	2.2580722112010863
92200.0	3000.0	1516.0707239747271	0.0	0	126.04245905799326	1716.0707239747571	1	0	1	2.2580722112010863
93812.5524726566	6000.0	903.5182513181333	0.0	0	0.0	1716.0707239747571	1	0	1	2.2580722112010863
94200.0	2000.0	1516.0707239747294	0.0	0	79.18178704466845	1716.0707239747426	1	0	1	0.7539948144248126
95200.0	3000.0	1516.070723974741	0.0	0	354.1496732577507	1716.0707239747571	1	0	1	1.8526071030929216
96281.00687585407	3000.0	1435.0638481206959	0.0	0	0.0	1716.0707239747717	1	0	1	2.258072211201086
97200.0	2000.0	1516.0707239747742	0.0	0	475.33534980079276	1716.0707239747717	1	0	1	1.4471419949847562
98200.0	3000.0	1516.070723974793	0.0	0	372.2711944664188	1716.0707239747862	1	0	1	1.8526071030929203
99200.0	3000.0	1516.0707239748215	0.0	0	469.30177843729325	1716.0707239747862	1	0	1	2.258072211201085
100200.0	3000.0	1516.0707239748162	0.0	0	348.5666188052419	1716.0707239748008	1	0	1	2.258072211201084
101200.0	3000.0	1516.0707239748192	0.0	0	317.71380765223876	1716.0707239748153	1	0	1	2.258072211201083
103218.53287726057	6000.0	497.5378467142531	0.0	0	0.0	1716.0707239748153	1	0	1	2.258072211201083
103653.21179551836	2000.0	1062.8589284564569	0.0	0	0.0	1716.0707239748153	1	0	1	0.7539948144248088
104200.0	2000.0	1516.0707239748187	0.0	0	65.02949074310891	1716.0707239748153	1	0	1	1.8526071030929183
105200.0	2000.0	1516.070723974835	0.0	0	435.46160368429264	1716.0707239748153	1	0	1	1.8526071030929183
106200.0	2000.0	1516.0707239748253	0.0	0	455.1934007261443	1716.0707239748153	1	0	1	1.8526071030929183
107200.0	3000.0	1516.0707239748242	0.0	0	235.377824628682	1716.0707239748153	1	0	1	1.8526071030929185
108200.0	3000.0	1516.0707239748315	0.0	0	44.23261255763646	1716.0707239748153	1	0	1	2.258072211201083
109200.0	3000.0	1516.07072397483	0.0	0	195.7289698003442	1716.0707239748153	1	0	1	2.258072211201083
110200.0	3000.0	1516.070723974824	0.0	0	308.1650497255323	1716.0707239748008	1	0	1	2.258072211201084
111200.0	3000.0	1516.070723974805	0.0	0	246.89295950769156	1716.0707239748008	1	0	1	2.258072211201084
112525.69894674675	3000.0	1190.3717772280602	0.0	0	0.0	1716.0707239748008	1	0	1	2.258072211201084
113200.0	2000.0	1516.070723974819	0.0	0	91.72683234537544	1716.0707239748008	1	0	1	1.4471419949847546
114200.0	2000.0	1516.070723974819	0.0	0	506.71792027719493	1716.0707239748008	1	0	1	1.8526071030929192
115200.0	2000.0	1516.0707239748167	0.0	0	435.79586362370173	1716.0707239748153	1	0	1	1.8526071030929183
116200.0	2000.0	1516.070723974813	0.0	0	311.3697740504431	1716.0707239748153	1	0	1	1.8526071030929183
117200.0	3000.0	1516.070723974818	0.0	0	3.705812292653718	1716.0707239748153	1	0	1	1.8526071030929185
118200.0	3000.0	1516.0707239748267	0.0	0	264.22432998745353	1716.07072397483	1	0	1	2.2580722112010823
119200.0	3000.0	1516.0707239748203	0.0	0	176.4328987411718	1716.07072397483	1	0	1	2.2580722112010823
120200.0	3000.0	1516.0707239748322	0.0	0	344.4325435504579	1716.07072397483	1	0	1	2.2580722112010823
121200.0	3000.0	1516.070723974829	0.0	0	253.42611545178806	1716.07072397483	1	0	1	2.2580722112010823
122200.0	3000.0	1516.0707239748451	0.0	0	147.60319888970116	1716.0707239748444	1	0	1	2.2580722112010814
123770.27286579873	6000.0	945.7978581761151	0.0	0	0.0	1716.0707239748444	1	0	1	2.2580722112010814
124267.67587164766	2000.0	1448.3948523271984	0.0	0	0.0	1716.0707239748444	1	0	1	0.7539948144248071
125200.0	2000.0	1516.0707239748797	0.0	0	506.18161173518456	1716.0707239748444	1	0	1	1.8526071030929168
126200.0	2000.0	1516.0707239748804	0.0	0	183.837883377666	1716.0707239748444	1	0	1	1.8526071030929168
127200.0	2000.0	1516.0707239748765	0.0	0	295.46950946739526	1716.0707239748444	1	0	1	1.8526071030929168
128200.0	3000.0	1516.0707239748626	0.0	0	131.0689144882199	1716.0707239748444	1	0	1	1.8526071030929168
129200.0	3000.0	1516.070723974853	0.0	0	301.6154468648747	1716.0707239748444	1	0	1	2.2580722112010814
131023.93740374446	6000.0	692.1333202303914	0.0	0	0.0	1716.070723974859	1	0	1	2.258072211201081
131619.0871328307	2000.0	1096.9835911441578	0.0	0	0.0	1716.070723974859	1	0	1	0.7539948144248069
132200.0	2000.0	1516.0707239748442	0.0	0	137.27415440842742	1716.070723974859	1	0	1	1.8526071030929165
133200.0	3000.0	1516.0707239748526	0.0	0	432.047575239063	1716.0707239748735	1	0	1	1.8526071030929157
134200.0	3000.0	1516.0707239748654	0.0	0	235.4032006256748	1716.0707239748735	1	0	1	2.25807221120108
135943.00829046554	6000.0	773.0624335093092	0.0	0	0.0	1716.0707239748735	1	0	1	2.2580722112010796
136423.10283143577	2000.0	1292.9678925390901	0.0	0	0.0	1716.0707239748735	1	0	1	0.7539948144248056
137200.0	2000.0	1516.0707239748222	0.0	0	431.357814976247	1716.0707239748735	1	0	1	1.8526071030929154
138308.53181807263	3000.0	1407.538905902197	0.0	0	0.0	1716.0707239749026	1	0	1	1.8526071030929139
139200.0	2000.0	1516.0707239748467	0.0	0	379.1076614319463	1716.0707239749026	1	0	1	1.447141994984749
140200.0	2000.0	1516.0707239748472	0.0	0	372.3260076745646	1716.0707239749026	1	0	1	1.8526071030929137
141200.0	3000.0	1516.0707239748558	0.0	0	275.1868345627154	1716.0707239749026	1	0	1	1.8526071030929139
142200.0	3000.0	1516.070723974847	0.0	0	289.6861403573712	1716.0707239749026	1	0	1	2.2580722112010783
143200.0	2000.0	1516.070723974823	0.0	0	492.47295985691017	1716.0707239749026	1	0	1	1.447141994984749
144200.0	2000.0	1516.0707239747876	0.0	0	196.36179281171644	1716.0707239749026	1	0	1	1.8526071030929137
145200.0	3000.0	1516.0707239748228	0.0	0	214.49542009475408	1716.0707239749026	1	0	1	1.8526071030929139
146200.0	3000.0	1516.0707239748108	0.0	0	187.7233196349116	1716.0707239749026	1	0	1	2.2580722112010783
147537.39209037315	3000.0	1178.6786336016626	0.0	0	0.0	1716.0707239749026	1	0	1	2.2580722112010783
148200.0	2000.0	1516.0707239747971	0.0	0	95.44951025009505	1716.0707239748735	1	0	1	1.4471419949847508
149200.0	2000.0	1516.0707239748058	0.0	0	417.5296014796477	1716.0707239749026	1	0	1	1.8526071030929137
150200.0	2000.0	1516.0707239747849	0.0	0	401.14824420784134	1716.0707239749318	1	0	1	1.8526071030929123
151239.04903189556	3000.0	1477.0216920792382	0.0	0	0.0	1716.0707239749318	1	0	1	1.8526071030929123
152200.0	2000.0	1516.0707239748174	0.0	0	413.0359097896144	1716.0707239749318	1	0	1	1.4471419949847477
153200.0	2000.0	1516.0707239748317	0.0	0	319.1212274169957	1716.0707239749318	1	0	1	1.8526071030929123
154200.0	3000.0	1516.0707239748456	0.0	0	182.72092254430754	1716.0707239749026	1	0	1	1.8526071030929139
155200.0	3000.0	1516.0707239748638	0.0	0	120.65928249742137	1716.0707239749026	1	0	1	2.2580722112010783
156222.75213921745	3000.0	1493.3185847574393	0.0	0	0.0	1716.0707239749318	1	0	1	2.258072211201077
157200.0	2000.0	1516.0707239749042	0.0	0	517.7290312217956	1716.0707239749026	1	0	1	1.447141994984749
158200.0	3000.0	1516.0707239749333	0.0	0	414.85265079842065	1716.0707239748735	1	0	1	1.8526071030929154
159200.0	2000.0	1516.070723974934	0.0	0	518.0207528229221	1716.0707239749026	1	0	1	1.447141994984749
160311.96731573239	3000.0	1292.906676669306	0.0	0	0.0	1604.8739924016409	1	0	2	1.4567330405525831
161200.0	2000.0	1404.8739924017198	0.0	0	193.7231043491047	1604.8739924016409	1	0	1	1.25279748540019
162200.0	2000.0	1404.873992401728	0.0	0	350.91309761232696	1604.8739924016409	1	0	1	1.8582625935083548
163200.0	2000.0	1404.8739924017525	0.0	0	430.86633950358373	1604.8739924016409	1	0	1	1.8582625935083548
164200.0	2000.0	1404.87399240178	0.0	0	368.55437693875865	1604.8739924016409	1	0	1	1.8582625935083548
165200.0	3000.0	1404.873992401754	0.0	0	402.8824675332289	1604.8739924016409	1	0	1	1.8582625935083548
166200.0	2000.0	1404.8739924017543	0.0	0	480.76349900645437	1604.8739924016409	1	0	1	1.4527974854001902
167529.48173233302	6000.0	1075.3922600687395	0.0	0	0.0	1604.8739924016409	1	0	1	1.8582625935083543
168200.0	2000.0	1404.873992401774	0.0	0	252.1589512648643	1604.8739924016409	1	0	1	0.759650304840245
169200.0	3000.0	1404.873992401785	0.0	0	108.66120057355147	1604.8739924016409	1	0	1	1.8582625935083548
170200.0	3000.0	1404.873992401772	0.0	0	33.540352180280024	1604.8739924016409	1	0	1	2.2637277016165194
171200.0	2000.0	1404.8739924017848	0.0	0	340.3209011206345	1604.8739924016118	1	0	1	1.4527974854001915
172200.0	2000.0	1404.8739924017896	0.0	0	57.17232575689559	1604.8739924016118	1	0	1	1.858262593508356
173200.0	2000.0	1404.8739924017864	0.0	0	379.7663588766882	1604.8739924016118	1	0	1	1.858262593508356
174200.0	2000.0	1404.8739924018014	0.0	0	327.31644837980275	1604.8739924016118	1	0	1	1.858262593508356
175200.0	2000.0	1404.8739924018118	0.0	0	492.77918772943667	1604.8739924016118	1	0	1	1.858262593508356
176200.0	2000.0	1404.8739924018205	0.0	0	319.97760517933057	1604.8739924016118	1	0	1	1.858262593508356
177200.0	2000.0	1404.8739924018123	0.0	0	301.04523509007413	1604.8739924016409	1	0	1	1.8582625935083548
178200.0	2000.0	1404.873992401826	0.0	0	464.5163336486148	1604.8739924016409	1	0	1	1.8582625935083548
179200.0	2000.0	1404.8739924018466	0.0	0	415.03887608172954	1604.8739924016118	1	0	1	1.8582625935083559
180200.0	2000.0	1404.8739924018794	0.0	0	498.1340689038916	1604.8739924016118	1	0	1	1.858262593508356
181200.0	3000.0	1404.8739924018628	0.0	0	293.3687622608559	1604.8739924016118	1	0	1	1.858262593508356
182200.0	3000.0	1404.8739924019135	0.0	0	250.74825215621968	1604.8739924016409	1	0	1	2.2637277016165194
183200.0	2000.0	1404.8739924018912	0.0	0	401.37847405087086	1604.8739924016409	1	0	1	1.4527974854001902
184357.0352501419	3000.0	1247.8387422599938	0.0	0	0.0	1604.8739924016409	1	0	1	1.8582625935083548
185200.0	2000.0	1404.8739924019012	0.0	0	104.98534494059277	1604.8739924016409	1	0	1	1.4527974854001902
186200.0	2000.0	1404.873992401903	0.0	0	427.0914227263129	1604.8739924016409	1	0	1	1.8582625935083548
187200.0	2000.0	1404.873992401912	0.0	0	487.8637963383226	1604.8739924016409	1	0	1	1.8582625935083548
188200.0	2000.0	1404.8739924019128	0.0	0	473.2909040025552	1604.8739924016409	1	0	1	1.8582625935083548
189200.0	2000.0	1404.8739924019114	0.0	0	512.6339283483976	1604.8739924016409	1	0	1	1.8582625935083548
190200.0	3000.0	1404.873992401896	0.0	0	309.02183812620933	1604.87399240167	1	0	1	1.8582625935083534
191200.0	2000.0	1404.8739924018769	0.0	0	372.7857687228243	1604.8739924016409	1	0	1	1.4527974854001902
192200.0	2000.0	1404.8739924018764	0.0	0	526.2618348755932	1604.8739924016409	1	0	1	1.8582625935083548
193200.0	3000.0	1404.873992401862	0.0	0	77.75946079666028	1604.8739924016409	1	0	1	1.8582625935083548
194200.0	3000.0	1404.8739924018412	0.0	0	234.1166320790653	1604.8739924016409	1	0	1	2.2637277016165194
195200.0	2000.0	1404.8739924018498	0.0	0	328.2400363346969	1604.8739924016118	1	0	1	1.4527974854001915
196200.0	2000.0	1404.873992401845	0.0	0	313.5101495318813	1604.8739924016118	1	0	1	1.858262593508356
197200.0	2000.0	1404.8739924018778	0.0	0	586.0611468776478	1604.8739924016118	1	0	1	1.858262593508356
198200.0	2000.0	1404.8739924018616	0.0	0	247.40699595026672	1604.8739924016118	1	0	1	1.858262593508356
199200.0	2000.0	1404.873992401849	0.0	0	229.300276145339	1604.8739924016409	1	0	1	1.8582625935083548
200200.0	2000.0	1404.873992401858	0.0	0	431.5451432848349	1604.8739924016409	1	0	1	1.8582625935083548
201200.0	2000.0	1404.8739924018657	0.0	0	324.252668850997	1604.8739924016409	1	0	1	1.8582625935083548
202200.0	3000.0	1404.873992401875	0.0	0	6.13052880752366	1604.8739924016409	1	0	1	1.8582625935083548
203200.0	2000.0	1404.8739924018873	0.0	0	511.6699844438408	1604.87399240167	1	0	1	1.4527974854001888
204200.0	2000.0	1404.8739924019171	0.0	0	248.06597042211797	1604.87399240167	1	0	1	1.8582625935083532
205200.0	2000.0	1404.873992401954	0.0	0	486.2175490241498	1604.873992401699	1	0	1	1.8582625935083519
206200.0	2000.0	1404.873992401952	0.0	0	292.60074184430414	1604.873992401699	1	0	1	1.8582625935083519
207200.0	2000.0	1404.8739924019442	0.0	0	151.2020722385205	1604.87399240167	1	0	1	1.8582625935083532
208200.0	2000.0	1404.8739924019483	0.0	0	344.19934529290185	1604.87399240167	1	0	1	1.8582625935083532
209200.0	2000.0	1404.873992401912	0.0	0	306.3574155177921	1604.87399240167	1	0	1	1.8582625935083532
210200.0	2000.0	1404.873992401906	0.0	0	553.0002898066887	1604.8739924016409	1	0	1	1.8582625935083548
211200.0	3000.0	1404.8739924018923	0.0	0	344.6963847959705	1604.8739924016409	1	0	1	1.8582625935083543
212200.0	2000.0	1404.8739924018969	0.0	0	275.44809647178045	1604.87399240167	1	0	1	1.4527974854001886
213200.0	2000.0	1404.8739924018669	0.0	0	445.1192034970445	1604.87399240167	1	0	1	1.8582625935083532
214458.34855445306	6000.0	1146.525437948822	0.0	0	0.0	1604.873992401699	1	0	1	1.8582625935083517
215658.2727448645	3000.0	946.6012475373868	0.0	0	0.0	1604.8739924017282	1	0	1	1.57058052105657
216265.58818431376	2000.0	1339.285808088116	0.0	0	0.0	1604.8739924017282	1	0	1	1.4527974854001857
217200.0	2000.0	1404.8739924018626	0.0	0	353.2996693299501	1604.8739924017282	1	0	1	1.8582625935083503
218200.0	2000.0	1404.8739924018337	0.0	0	405.3649179103668	1604.873992401699	1	0	1	1.8582625935083519
219200.0	2000.0	1404.873992401849	0.0	0	118.83366686559748	1604.8739924017282	1	0	1	1.8582625935083503
220200.0	2000.0	1404.8739924018516	0.0	0	290.5773563183611	1604.8739924017573	1	0	1	1.858262593508349
221200.0	2000.0	1404.873992401834	0.0	0	486.66675241387566	1604.8739924017282	1	0	1	1.8582625935083503
222961.063687812	6000.0	643.8103045898386	0.0	0	0.0	1604.8739924017282	1	0	1	1.8582625935083505
223485.07260435907	2000.0	1119.8013880427602	0.0	0	0.0	1604.8739924017282	1	0	1	0.7596503048402407
224200.0	2000.0	1404.8739924018612	0.0	0	192.67634890202316	1604.8739924017282	1	0	1	1.8582625935083503
225200.0	2000.0	1404.8739924018678	0.0	0	191.44642095878953	1604.8739924017573	1	0	1	1.858262593508349
226200.0	2000.0	1404.873992401861	0.0	0	448.194215540163	1604.8739924017864	1	0	1	1.8582625935083477
227200.0	2000.0	1404.8739924018582	0.0	0	522.9139010611398	1604.8739924017864	1	0	1	1.8582625935083474
228200.0	3000.0	1404.8739924018173	0.0	0	88.93231880804524	1604.8739924018155	1	0	1	1.8582625935083463
229200.0	2000.0	1404.8739924018319	0.0	0	277.1187956632639	1604.8739924018155	1	0	1	1.4527974854001815
230200.0	2000.0	1404.8739924018396	0.0	0	427.13440513110254	1604.8739924018155	1	0	1	1.858262593508346
231200.0	3000.0	1404.8739924018062	0.0	0	443.676401760953	1604.8739924018155	1	0	1	1.8582625935083463
232200.0	3000.0	1404.8739924018112	0.0	0	445.6151930998021	1604.8739924018155	1	0	1	2.263727701616511
233200.0	3000.0	1404.8739924018043	0.0	0	377.3885566536919	1604.8739924018155	1	0	1	2.263727701616511
234200.0	2000.0	1404.8739924017846	0.0	0	507.3954320627963	1604.8739924018155	1	0	1	1.4527974854001815
235200.0	3000.0	1404.8739924018037	0.0	0	368.7776503485802	1604.8739924018155	1	0	1	1.8582625935083463
236200.0	3000.0	1404.8739924018337	0.0	0	249.62712074953015	1604.8739924018155	1	0	1	2.263727701616511
237200.0	2000.0	1404.8739924018346	0.0	0	448.9174075808842	1604.8739924017864	1	0	1	1.4527974854001828
238200.0	3000.0	1404.8739924018253	0.0	0	147.5706135109649	1604.8739924017864	1	0	1	1.8582625935083477
239543.33419645074	6000.0	1061.5397959510858	0.0	0	0.0	1604.8739924017864	1	0	1	2.263727701616511
240200.0	2000.0	1404.8739924018432	0.0	0	146.85682570116478	1604.8739924017864	1	0	1	0.7596503048402379
241200.0	2000.0	1404.8739924018591	0.0	0	598.9013958845753	1604.8739924017864	1	0	1	1.8582625935083474
242200.0	3000.0	1404.8739924018475	0.0	0	306.6973638415802	1604.8739924017864	1	0	1	1.8582625935083477
243200.0	3000.0	1404.8739924018794	0.0	0	400.9184806459525	1604.8739924017573	1	0	1	2.2637277016165136
244520.48184698433	6000.0	1084.3921454175857	0.0	0	0.0	1604.8739924017864	1	0	1	2.2637277016165123
245581.3599348061	3000.0	1023.5140575957971	0.0	0	0.0	1604.8739924018155	1	0	1	1.5705805210565669
246200.0	2000.0	1404.8739924018485	0.0	0	68.46068238603766	1604.8739924018155	1	0	1	1.4527974854001815
247200.0	2000.0	1404.8739924017982	0.0	0	433.84217835974414	1604.8739924018155	1	0	1	1.858262593508346
248200.0	3000.0	1404.8739924017996	0.0	0	410.05815199407516	1604.8739924018155	1	0	1	1.8582625935083463
249229.56879585242	3000.0	1375.3051965493949	0.0	0	0.0	1604.8739924018155	1	0	1	2.263727701616511
250200.0	3000.0	1404.873992401806	0.0	0	69.5059597780346	1604.8739924018155	1	0	1	2.263727701616511
251200.0	3000.0	1404.873992401843	0.0	0	120.87196715845494	1604.8739924018155	1	0	1	2.263727701616511
252200.0	2000.0	1404.8739924018373	0.0	0	293.4778562509455	1604.8739924018446	1	0	1	1.45279748540018
253318.08052747222	3000.0	1286.7934649296085	0.0	0	0.0	1604.8739924018446	1	0	1	1.8582625935083448
254200.0	2000.0	1404.873992401808	0.0	0	258.04199253901606	1604.8739924018155	1	0	1	1.4527974854001815
255200.0	2000.0	1404.8739924018105	0.0	0	351.9749801274447	1604.8739924018446	1	0	1	1.8582625935083446
256200.0	2000.0	1404.87399240183	0.0	0	555.6898742350459	1604.8739924018446	1	0	1	1.8582625935083446
257227.30926910276	3000.0	1377.5647232991012	0.0	0	0.0	1604.8739924018155	1	0	1	1.8582625935083463
258200.0	2000.0	1404.87399240189	0.0	0	334.65231651603244	1604.8739924018155	1	0	1	1.4527974854001815
259200.0	2000.0	1404.8739924018864	0.0	0	427.97877232619794	1604.8739924018155	1	0	1	1.858262593508346
260200.0	3000.0	1404.8739924018769	0.0	0	6.131083544460125	1604.8739924017864	1	0	1	1.8582625935083477
261342.32887570336	3000.0	1262.5451166985126	0.0	0	0.0	1604.8739924017573	1	0	1	2.2637277016165136
262200.0	2000.0	1404.8739924018719	0.0	0	356.1882443729846	1604.8739924017573	1	0	1	1.4527974854001844
263200.0	2000.0	1404.8739924019183	0.0	0	394.59307968750363	1604.8739924018155	1	0	1	1.858262593508347
264200.0	2000.0	1404.8739924018878	0.0	0	247.87230553128757	1604.8739924017573	1	0	1	1.858262593508348
265200.0	2000.0	1404.873992401906	0.0	0	306.07370851637097	1604.8739924017573	1	0	1	1.858262593508349
266200.0	2000.0	1404.8739924018764	0.0	0	549.7609173912206	1604.8739924017573	1	0	1	1.858262593508349
267200.0	3000.0	1404.8739924019376	0.0	0	187.7874277717201	1604.8739924017573	1	0	1	1.858262593508349
269003.02900417725	6000.0	601.8449882247085	0.0	0	0.0	1604.8739924018737	1	0	1	2.2637277016165087
269525.51586328744	2000.0	1079.358129114468	0.0	0	0.0	1604.8739924018737	1	0	1	0.7596503048402337
270200.0	2000.0	1404.8739924018782	0.0	0	9.271880097163375	1604.873992401932	1	0	1	1.8582625935083406
271200.0	2000.0	1404.8739924018553	0.0	0	395.8195304668625	1604.873992401932	1	0	1	1.8582625935083406
272200.0	3000.0	1404.8739924018294	0.0	0	350.0610784870805	1604.8739924018737	1	0	1	1.858262593508343
273200.0	3000.0	1404.8739924018207	0.0	0	338.9922173730447	1604.8739924018155	1	0	1	2.263727701616511
274573.31803220225	6000.0	1031.5559601994978	0.0	0	0.0	1604.8739924017573	1	0	1	2.2637277016165136
275450.00058927573	2000.0	1154.8734031259962	0.0	0	0.0	1604.8739924018155	1	0	1	0.7596503048402364
276200.0	2000.0	1404.8739924017111	0.0	0	68.03197645657929	1604.8739924018737	1	0	1	1.8582625935083432
277200.0	3000.0	1404.8739924017818	0.0	0	381.0104374596267	1604.8739924018155	1	0	1	1.8582625935083459
278200.0	3000.0	1404.8739924018607	0.0	0	284.90998007555027	1604.8739924018155	1	0	1	2.263727701616511
279579.51727102813	6000.0	1025.356721373739	0.0	0	0.0	1604.8739924018737	1	0	1	2.263727701616508
280246.01651231473	2000.0	1358.8574800871477	0.0	0	0.0	1604.8739924018737	1	0	1	0.7596503048402337
281200.0	2000.0	1404.8739924018769	0.0	0	390.34445429983316	1604.8739924018737	1	0	1	1.8582625935083432
282200.0	3000.0	1404.8739924018623	0.0	0	458.46453993342584	1604.8739924018737	1	0	1	1.8582625935083434
283300.17850254074	6000.0	1304.6954898610431	0.0	0	0.0	1604.8739924018737	1	0	1	2.263727701616508
284905.26680670935	6000.0	699.6071856924273	0.0	0	0.0	1604.8739924018155	1	0	1	2.9568748821764537
285429.8621312838	2000.0	1175.0118611180033	0.0	0	0.0	1604.8739924018155	1	0	1	0.7596503048402364
286200.0	2000.0	1404.8739924018082	0.0	0	164.24617909319932	1604.8739924018155	1	0	1	1.858262593508346
287200.0	3000.0	1404.873992401769	0.0	0	88.26990998536348	1604.8739924018155	1	0	1	1.8582625935083463
288200.0	2000.0	1404.8739924017937	0.0	0	315.69673824007623	1604.8739924018155	1	0	1	1.4527974854001815
289200.0	2000.0	1404.8739924018087	0.0	0	571.2205622413894	1604.8739924018155	1	0	1	1.858262593508346
290200.0	2000.0	1404.873992401766	0.0	0	313.79426891496405	1604.8739924018737	1	0	1	1.8582625935083432
291200.0	3000.0	1404.8739924017516	0.0	0	253.9832672724151	1604.8739924018737	1	0	1	1.8582625935083434
292200.0	2000.0	1404.8739924017937	0.0	0	330.3370972610428	1604.8739924018737	1	0	1	1.4527974854001786
293200.0	2000.0	1404.8739924017777	0.0	0	500.3993350729579	1604.8739924018737	1	0	1	1.8582625935083432
294200.0	2000.0	1404.8739924017682	0.0	0	212.72918774740538	1604.8739924018155	1	0	1	1.858262593508346
295200.0	2000.0	1404.8739924018275	0.0	0	283.46870157663943	1604.8739924018737	1	0	1	1.8582625935083432
296200.0	3000.0	1404.8739924018241	0.0	0	228.49547391169472	1604.8739924018737	1	0	1	1.858262593508343
297200.0	2000.0	1404.8739924018096	0.0	0	111.14055514812935	1604.873992401932	1	0	1	1.452797485400176
298200.0	2000.0	1404.8739924018253	0.0	0	219.51253949751845	1604.8739924018737	1	0	1	1.8582625935083432
299200.0	2000.0	1404.8739924018407	0.0	0	507.4242083351128	1604.8739924018737	1	0	1	1.8582625935083432
300200.0	3000.0	1404.8739924018153	0.0	0	154.10806856828276	1604.8739924018155	1	0	1	1.8582625935083459
3.86	2.51	5.04	3.3	4.49	3.53	4.03	2.71	3.98	4.75	3.05	5.24	4.08	4.15	4.2	3.7	2.1	2.84	4.25	3.88	3.53	3.06	3.89	3.61	3.66	4.02	4.17	3.29	4.14	3.09	3.64	3.2	3.08	2.76	4.67	3.3	3.79	3.82	4.43	3.57	3.21	3.78	3.8	3.5	3.27	3.03	4.33	3.45	3.98	2.99	3.43	2.8	2.79	4.47	3.24	4.53	2.76	3.68	5.98	5.15	2.53	4.25	3.93	3.0	2.39	3.68	5.37	2.78	3.35	3.44	3.16	2.7	4.73	3.23	3.45	5.15	5.02	4.47	3.09	4.31	3.59	2.83	4.32	4.83	3.94	3.75	4.65	4.34	5.95	4.44	3.3	4.05	4.26	4.47	3.96	4.6	3.36	3.98	3.63	3.36	3.94	4.01	3.74	3.65	3.97	4.05	2.83	3.86	2.97	3.65	3.73	3.89	4.87	4.17	4.53	3.42	5.04	4.63	4.55	3.32	3.1	4.24	4.68	5.07	3.32	4.01	4.81	5.47	5.2	4.32	4.71	4.63	3.36	3.76	3.63	4.18	3.32	3.54	3.46	3.52	3.89	2.5	3.21	3.1	5.24	2.97	3.43	4.15	4.18	3.9	3.86	2.51	5.04	3.3	4.49	3.53	4.03	2.71	3.98	4.75	3.05	5.24	4.08	4.15	4.2	3.7	2.1	2.84	4.25	3.88	3.53	3.06	3.89	3.61	3.66	4.02	4.17	3.29	4.14	3.09	3.64	3.2	3.08	2.76	4.67	3.3	3.79	3.82	4.43	3.57	3.21	3.78	3.8	3.5	3.27	3.03	4.33	3.45	3.98	2.99	3.43	2.8	2.79	4.47	3.24	4.53	2.76	3.68	5.98	5.15	2.53	4.25	3.93	3.0	2.39	3.68	5.37	2.78	3.35	3.44	3.16	2.7	4.73	3.23	3.45	5.15	5.02	4.47	3.09	4.31	3.59	2.83	4.32	4.83	3.94	3.75	4.65	4.34	5.95	4.44	3.3	4.05	4.26	4.47	3.96	4.6	3.36	3.98	3.63	3.36	3.94	4.01	3.74	3.65	3.97	4.05	2.83	3.86	2.97	3.65	3.73	3.89	4.87	4.17	4.53	3.42	5.04	4.63	4.55	3.32	3.1	4.24	4.68	5.07	3.32	4.01	4.81	5.47	5.2	4.32	4.71	4.63	3.36	3.76	3.63	4.18	3.32	3.54	3.46	3.52	3.89	2.5	3.21	3.1	5.24	2.97	3.43	4.15
1.0	2.0	3.0	4.0	5.0	6.0	7.0	8.0	9.0	10.0	11.0	12.0	13.0	14.0	15.0	16.0	17.0	18.0	19.0	20.0	21.0	22.0	23.0	24.0	25.0	26.0	27.0	28.0	29.0	30.0	31.0	32.0	33.0	34.0	35.0	36.0	37.0	38.0	39.0	40.0	41.0	42.0	43.0	44.0	45.0	46.0	47.0	48.0	49.0	50.0	51.0	52.0	53.0	54.0	55.0	56.0	57.0	58.0	59.0	60.0	61.0	62.0	63.0	64.0	65.0	66.0	67.0	68.0	69.0	70.0	71.0	72.0	73.0	74.0	75.0	76.0	77.0	78.0	79.0	80.0	81.0	82.0	83.0	84.0	85.0	86.0	87.0	88.0	89.0	90.0	91.0	92.0	93.0	94.0	95.0	96.0	97.0	98.0	99.0	100.0	101.0	102.0	103.0	104.0	105.0	106.0	107.0	108.0	109.0	110.0	111.0	112.0	113.0	114.0	115.0	116.0	117.0	118.0	119.0	120.0	121.0	122.0	123.0	124.0	125.0	126.0	127.0	128.0	129.0	130.0	131.0	132.0	133.0	134.0	135.0	136.0	137.0	138.0	139.0	140.0	141.0	142.0	143.0	144.0	145.0	146.0	147.0	148.0	149.0	149.0	150.0	151.0	152.0	153.0	154.0	155.0	156.0	157.0	158.0	159.0	160.0	161.0	162.0	163.0	164.0	165.0	166.0	167.0	168.0	169.0	170.0	171.0	172.0	173.0	174.0	175.0	176.0	177.0	178.0	179.0	180.0	181.0	182.0	183.0	184.0	185.0	186.0	187.0	188.0	189.0	190.0	191.0	192.0	193.0	194.0	195.0	196.0	197.0	198.0	199.0	200.0	201.0	202.0	203.0	204.0	205.0	206.0	207.0	208.0	209.0	210.0	211.0	212.0	213.0	214.0	215.0	216.0	217.0	218.0	219.0	220.0	221.0	222.0	223.0	224.0	225.0	226.0	227.0	228.0	229.0	230.0	231.0	232.0	233.0	234.0	235.0	236.0	237.0	238.0	239.0	240.0	241.0	242.0	243.0	244.0	245.0	246.0	247.0	248.0	249.0	250.0	251.0	252.0	253.0	254.0	255.0	256.0	257.0	258.0	259.0	260.0	261.0	262.0	263.0	264.0	265.0	266.0	267.0	268.0	269.0	270.0	271.0	272.0	273.0	274.0	275.0	276.0	277.0	278.0	279.0	280.0	281.0	282.0	283.0	284.0	285.0	286.0	287.0	288.0	289.0	290.0	291.0	292.0	293.0	294.0	295.0	296.0	297.0
5521.409576187943
