3194.643453249714	500.0	2000.0	125.51926530400985	0	0.0	3194.643453249714	1	0	1	-0.9667849304360927
3656.08818373833	3000.0	2538.5552695113843	0.0	0	0.0	3194.643453249714	1	0	1	0.29257450182416067
4537.324790444221	6000.0	2657.3186628054923	0.0	0	0.0	3194.6434532497137	1	0	1	2.0843339710522164
5593.164388830737	6000.0	2601.4790644189766	0.0	0	0.0	3194.6434532497137	1	0	1	2.777481151612161
6861.565377170894	6000.0	2333.0780760788207	0.0	0	0.0	3194.6434532497146	1	0	1	2.7774811516121605
7994.775107544601	6000.0	2199.8683457051125	0.0	0	0.0	3194.643453249715	1	0	1	2.7774811516121605
8921.379803372662	6000.0	2273.263649877054	0.0	0	0.0	3194.643453249717	1	0	1	2.77748115161216
9914.748694248352	6000.0	2279.8947590013636	0.0	0	0.0	3194.643453249717	1	0	1	2.77748115161216
10813.877288226964	6000.0	2380.766165022751	0.0	0	0.0	3194.643453249716	1	0	1	2.77748115161216
12103.056722554336	6000.0	2091.5867306953796	0.0	0	0.0	3194.643453249717	1	0	1	2.77748115161216
13314.047751596303	6000.0	1880.5957016534135	0.0	0	0.0	3194.643453249717	1	0	1	2.77748115161216
13918.405416118136	3000.0	2215.802270679398	0.0	0	0.0	3134.2076867975356	1	0	2	1.0007248073668946
15072.89316213568	6000.0	2061.3145246618515	0.0	0	0.0	3134.2076867975356	1	0	1	1.8969927455761204
15892.279332860831	6000.0	2241.9283539367007	0.0	0	0.0	3134.2076867975356	1	0	1	2.7901399261360655
16666.05961675926	6000.0	2468.1480700382735	0.0	0	0.0	3134.2076867975356	1	0	1	2.790139926136066
17252.5253912886	6000.0	2881.682295508931	0.0	0	0.0	3134.207686797534	1	0	1	2.7901399261360655
18255.916512658936	6000.0	2878.291174138598	0.0	0	0.0	3134.207686797534	1	0	1	2.790139926136066
19441.591277482017	6000.0	2692.6164093155185	0.0	0	0.0	3134.2076867975356	1	0	1	2.790139926136066
20277.811171188972	6000.0	2856.396515608561	0.0	0	0.0	3134.207686797534	1	0	1	2.790139926136066
21200.0	6000.0	2934.2076867975366	0.0	0	301.91099414764903	3134.207686797534	1	0	1	2.790139926136066
22258.21765219367	6000.0	2875.9900346038694	0.0	0	0.0	3134.207686797534	1	0	1	2.790139926136066
23392.570454626464	6000.0	2741.6372321710746	0.0	0	0.0	3134.207686797534	1	0	1	2.790139926136066
24289.22049358369	6000.0	2844.9871932138553	0.0	0	0.0	3134.2076867975375	1	0	1	2.7901399261360647
25479.60680361732	6000.0	2654.6008831802224	0.0	0	0.0	3134.2076867975375	1	0	1	2.7901399261360647
26504.54471292629	6000.0	2629.6629738712504	0.0	0	0.0	3134.207686797541	1	0	1	2.790139926136064
27681.089231361828	6000.0	2453.1184554357133	0.0	0	0.0	3134.207686797541	1	0	1	2.790139926136064
28470.61137712444	3000.0	2584.644095096839	0.0	0	0.0	3055.255472221281	1	0	2	1.015450623732582
29234.774284061506	3000.0	2744.0648974660653	0.0	0	0.0	2978.839181527568	1	0	2	1.9239521497445424
30200.0	3000.0	2682.316609933724	0.0	0	500.91942010127605	2882.316609933714	1	0	2	1.936482017601255
31200.0	6000.0	2682.3166099337254	0.0	0	220.7229355764066	2882.316609933714	1	0	1	1.9429407967591077
32215.831629998524	6000.0	2666.4849799352032	0.0	0	0.0	2882.316609933714	1	0	1	2.836087977319053
33200.0	6000.0	2682.316609933729	0.0	0	13.13746898759564	2882.3166099337177	1	0	1	2.836087977319053
34432.585938272394	6000.0	2449.7306716613402	0.0	0	0.0	2882.3166099337286	1	0	1	2.836087977319051
35349.42168250076	6000.0	2532.8949274329775	0.0	0	0.0	2882.316609933736	1	0	1	2.8360879773190506
36200.0	6000.0	2682.316609933733	0.0	0	111.38125814562954	2882.3166099337323	1	0	1	2.83608797731905
37233.03838947039	6000.0	2649.278220463343	0.0	0	0.0	2882.316609933725	1	0	1	2.836087977319051
38386.858645789456	6000.0	2495.457964144283	0.0	0	0.0	2882.316609933725	1	0	1	2.836087977319051
39405.135496793235	6000.0	2477.1811131405	0.0	0	0.0	2882.316609933725	1	0	1	2.836087977319051
40316.75134403626	6000.0	2565.5652658974745	0.0	0	0.0	2882.316609933725	1	0	1	2.836087977319051
41363.46136456322	6000.0	2518.8552453705165	0.0	0	0.0	2882.316609933725	1	0	1	2.836087977319051
43045.11762722215	6000.0	1837.1989827115906	0.0	0	0.0	2882.3166099337323	1	0	1	2.83608797731905
43563.8483937961	3000.0	2266.595139480248	0.0	0	0.0	2830.443533276346	1	0	2	1.0561322718453752
44200.0	3000.0	2566.8283726559544	0.0	0	80.90648605079332	2766.8283726559603	1	0	2	1.957799757697551
45200.0	6000.0	2566.828372655947	0.0	0	229.32643466822628	2766.8283726559603	1	0	1	1.9607302980276895
46253.94033932767	6000.0	2512.8880333282673	0.0	0	0.0	2766.8283726559603	1	0	1	2.8538774785876346
47200.0	6000.0	2566.828372655934	0.0	0	50.08092115697218	2766.828372655953	1	0	1	2.853877478587636
48200.0	6000.0	2566.828372655933	0.0	0	87.95945227130142	2766.828372655953	1	0	1	2.853877478587636
49296.572269495955	6000.0	2470.2561031599803	0.0	0	0.0	2766.8283726559675	1	0	1	2.853877478587634
50264.6407213368	6000.0	2502.1876513191305	0.0	0	0.0	2766.8283726559675	1	0	1	2.8538774785876337
51200.0	6000.0	2566.8283726559334	0.0	0	210.94304461775755	2766.828372655975	1	0	1	2.8538774785876324
52200.0	6000.0	2566.8283726559325	0.0	0	11.73159249546734	2766.828372655975	1	0	1	2.8538774785876324
53299.73262455771	6000.0	2467.09574809822	0.0	0	0.0	2766.828372655975	1	0	1	2.8538774785876324
54468.46571855432	6000.0	2298.3626541016138	0.0	0	0.0	2766.828372655975	1	0	1	2.8538774785876324
55792.42339101226	6000.0	1974.4049816436764	0.0	0	0.0	2766.828372655975	1	0	1	2.8538774785876324
57116.80581398037	6000.0	1650.0225586755673	0.0	0	0.0	2766.828372655975	1	0	1	2.8538774785876324
58320.64545439521	6000.0	1446.1829182607194	0.0	0	0.0	2766.828372655975	1	0	1	2.8538774785876324
58946.22471428785	3000.0	1758.045732378811	0.0	0	0.0	2704.2704466667055	1	0	2	1.074128998112354
59862.42945813216	6000.0	1841.840988534502	0.0	0	0.0	2704.2704466667055	1	0	1	1.9696036591589332
60968.9948455053	6000.0	1735.2756011613642	0.0	0	0.0	2704.2704466667055	1	0	1	2.8627508397188786
62056.92004655212	6000.0	1647.3504001145468	0.0	0	0.0	2704.2704466667055	1	0	1	2.8627508397188786
62590.51402344502	3000.0	2060.3970255323457	0.0	0	0.0	2650.9110489774102	1	0	2	1.081837942819314
63200.0	3000.0	2389.962451321877	0.0	0	26.072066993241606	2589.962451321917	1	0	2	1.9825589208381103
64742.61071231996	6000.0	1847.351739001929	0.0	0	0.0	2589.962451321917	1	0	1	1.9845426458186692
65557.89516024932	3000.0	1950.538846279636	0.0	0	0.0	2508.434006528987	1	0	2	1.0984583277353377
66259.93761263657	3000.0	2178.292148653657	0.0	0	0.0	2438.229761290262	1	0	2	2.000480367018459
67200.0	6000.0	2238.229761290209	0.0	0	91.26815381660708	2438.2297612902403	1	0	1	2.0020561282695537
68200.0	6000.0	2238.2297612902094	0.0	0	120.0378484310204	2438.2297612902476	1	0	1	2.8952033088294997
69769.38898538973	6000.0	1668.8407759004806	0.0	0	0.0	2438.229761290233	1	0	1	2.8952033088295
70267.11010669076	3000.0	2121.347542469346	0.0	0	0.0	2388.457649160133	1	0	2	1.112981512874391
71622.61670903329	6000.0	1765.8409401268073	0.0	0	0.0	2388.457649160133	1	0	1	2.007276409389545
72200.0	3000.0	2130.7193200634442	0.0	0	50.979711108870106	2330.7193200634647	1	0	2	1.1184038209205216
73200.0	3000.0	2030.7193200634476	0.0	0	302.08332826543483	2230.7193200634647	1	0	2	2.018992540897858
74513.84109396572	6000.0	1716.8782260977177	0.0	0	0.0	2230.7193200634647	1	0	1	2.0222816341585648
75656.21683744903	6000.0	1574.5024826144133	0.0	0	0.0	2230.7193200634792	1	0	1	2.9154288147185086
76429.93176618544	6000.0	1800.7875538780022	0.0	0	0.0	2230.7193200634792	1	0	1	2.9154288147185086
77760.88041908079	6000.0	1469.838900982654	0.0	0	0.0	2230.7193200634647	1	0	1	2.91542881471851
78663.962916206	3000.0	1566.7564038574458	0.0	0	0.0	2230.7193200634647	1	0	1	1.52913445359862
79227.08078280458	3000.0	1947.326750599006	0.0	0	0.0	2174.407533403588	1	0	2	1.826161816526133
80206.56882684736	6000.0	1967.8387065562351	0.0	0	0.0	2174.407533403588	1	0	1	2.02711486914339
81200.0	3000.0	1875.0644160883362	0.0	0	296.0326449483691	2075.064416088324	1	0	2	1.1391143169466451
82200.0	6000.0	1875.0644160883412	0.0	0	124.53423022861534	2075.064416088324	1	0	1	2.0350309717825508
83200.0	6000.0	1875.064416088335	0.0	0	1.1244913280243054	2075.0644160883094	1	0	1	2.9281781523424972
84328.44101878032	6000.0	1746.623397308027	0.0	0	0.0	2075.0644160883094	1	0	1	2.9281781523424972
85343.68720342971	6000.0	1731.3772126586425	0.0	0	0.0	2075.0644160883094	1	0	1	2.9281781523424972
86428.94234751158	6000.0	1646.1220685767812	0.0	0	0.0	2075.064416088324	1	0	1	2.928178152342496
87546.89805743238	6000.0	1528.1663586559825	0.0	0	0.0	2075.0644160883385	1	0	1	2.928178152342495
88326.7712079301	6000.0	1748.293208158275	0.0	0	0.0	2075.0644160883385	1	0	1	2.928178152342495
89277.48484959462	6000.0	1797.5795664937616	0.0	0	0.0	2075.0644160883385	1	0	1	2.928178152342495
90412.95693979923	6000.0	1662.1074762891399	0.0	0	0.0	2075.0644160883385	1	0	1	2.928178152342495
91260.9875272762	6000.0	1814.0768888121609	0.0	0	0.0	2075.064416088353	1	0	1	2.928178152342494
92200.0	6000.0	1875.0644160883655	0.0	0	53.06609112051956	2075.064416088353	1	0	1	2.928178152342494
93200.0	6000.0	1875.0644160883696	0.0	0	268.89288091477647	2075.064416088353	1	0	1	2.928178152342494
94912.04510535656	6000.0	1163.0193107318128	0.0	0	0.0	2075.0644160883676	1	0	1	2.928178152342493
95355.30598180323	3000.0	1719.7584342851542	0.0	0	0.0	2075.064416088382	1	0	1	1.541883791222602
96200.0	6000.0	1875.0644160883874	0.0	0	19.709810926011414	2075.064416088382	1	0	1	2.2350309717825465
97200.0	6000.0	1875.0644160884056	0.0	0	202.35001014721638	2075.0644160883967	1	0	1	2.9281781523424906
98733.69888812749	6000.0	1341.3655279609175	0.0	0	0.0	2075.0644160883967	1	0	1	2.9281781523424906
99875.65389000013	6000.0	1199.4105260882502	0.0	0	0.0	2075.0644160883967	1	0	1	2.9281781523424906
100901.86707120838	6000.0	1173.1973448800134	0.0	0	0.0	2075.0644160883967	1	0	1	2.9281781523424906
101706.86987991906	6000.0	1368.1945361693415	0.0	0	0.0	2075.0644160884112	1	0	1	2.9281781523424897
102485.05911898398	6000.0	1590.005297104447	0.0	0	0.0	2075.064416088426	1	0	1	2.928178152342489
103200.0	6000.0	1875.0644160884433	0.0	0	60.494164301417186	2075.064416088426	1	0	1	2.928178152342489
104541.56114726377	6000.0	1533.5032688246888	0.0	0	0.0	2075.064416088426	1	0	1	2.928178152342489
105766.72622441311	6000.0	1308.3381916753617	0.0	0	0.0	2075.0644160884403	1	0	1	2.928178152342488
106663.70561651452	6000.0	1411.3587995739567	0.0	0	0.0	2075.064416088455	1	0	1	2.9281781523424866
107719.65117023999	6000.0	1355.4132458484696	0.0	0	0.0	2075.0644160884403	1	0	1	2.928178152342488
108531.29257825005	6000.0	1543.7718378384072	0.0	0	0.0	2075.0644160884403	1	0	1	2.928178152342488
110098.34253985692	6000.0	976.7218762315316	0.0	0	0.0	2075.0644160884403	1	0	1	2.928178152342488
110722.51218907788	3000.0	1352.5522270105748	0.0	0	0.0	2075.0644160884403	1	0	1	1.5418837912225976
111258.00737626715	3000.0	1817.0570398213065	0.0	0	0.0	2075.0644160884403	1	0	1	2.2350309717825425
112495.99271931087	6000.0	1579.071696777596	0.0	0	0.0	2075.0644160884403	1	0	1	2.2350309717825425
113555.54732408866	6000.0	1519.517091999794	0.0	0	0.0	2075.064416088426	1	0	1	2.928178152342489
114200.0	3000.0	1875.0644160884622	0.0	0	60.979951208180864	2075.064416088426	1	0	1	1.5418837912225987
115402.12267069198	6000.0	1672.941745396468	0.0	0	0.0	2075.0644160884112	1	0	1	2.235030971782545
116200.0	3000.0	1875.0644160884654	0.0	0	210.5849272729829	2075.0644160884112	1	0	1	1.5418837912225998
117200.0	6000.0	1875.0644160884674	0.0	0	376.80768521493883	2075.064416088426	1	0	1	2.235030971782544
118200.0	6000.0	1875.0644160884515	0.0	0	30.870491376685095	2075.064416088426	1	0	1	2.928178152342489
119274.24004743065	6000.0	1800.8243686578005	0.0	0	0.0	2075.064416088426	1	0	1	2.928178152342489
120200.0	6000.0	1875.0644160884617	0.0	0	151.6766506153217	2075.0644160884403	1	0	1	2.928178152342488
121200.0	6000.0	1875.0644160884515	0.0	0	158.65364608887467	2075.0644160884403	1	0	1	2.928178152342488
122200.0	6000.0	1875.0644160884572	0.0	0	73.78513266333903	2075.064416088455	1	0	1	2.9281781523424866
123212.4072812169	6000.0	1862.6571348715647	0.0	0	0.0	2075.064416088455	1	0	1	2.9281781523424866
124732.39793318996	6000.0	1342.6664828985047	0.0	0	0.0	2075.064416088455	1	0	1	2.9281781523424866
125270.64546621192	3000.0	1750.5941965743345	0.0	0	0.0	2021.2396627862472	1	0	2	1.145013338185542
126200.0	3000.0	1728.3042094074272	0.0	0	254.74779439461417	1928.304209407419	1	0	2	2.043077829519814
127200.0	3000.0	1628.3042094074249	0.0	0	209.8171742373961	1828.3042094074335	1	0	2	2.049603272576843
128347.62788027311	6000.0	1480.6763291343132	0.0	0	0.0	1828.304209407448	1	0	1	2.0517086667548385
129445.0559096148	6000.0	1383.2482997926124	0.0	0	0.0	1828.304209407448	1	0	1	2.9448558473147832
130535.7477762399	6000.0	1292.5564331675077	0.0	0	0.0	1828.3042094074335	1	0	1	2.9448558473147846
131706.8125800458	6000.0	1121.4916293615947	0.0	0	0.0	1828.3042094074044	1	0	1	2.944855847314786
133001.0474905683	6000.0	827.2567188390875	0.0	0	0.0	1828.3042094073899	1	0	1	2.9448558473147877
133474.85242914266	2000.0	1353.451780264788	0.0	0	0.0	1828.3042094073899	1	0	1	0.7476312699785679
134200.0	3000.0	1628.3042094074242	0.0	0	234.06740989050013	1828.3042094073608	1	0	1	1.8462435586466792
135408.76377222175	6000.0	1419.5404371856478	0.0	0	0.0	1828.3042094073608	1	0	1	2.251708666754844
136200.0	6000.0	1628.3042094073662	0.0	0	113.20590042605181	1828.3042094073608	1	0	1	2.944855847314789
137200.0	6000.0	1628.3042094073621	0.0	0	348.32362175220624	1828.3042094073608	1	0	1	2.944855847314789
138526.60324630744	6000.0	1301.7009630999441	0.0	0	0.0	1828.3042094073608	1	0	1	2.944855847314789
139804.15220035947	6000.0	1024.1520090479248	0.0	0	0.0	1828.3042094073608	1	0	1	2.944855847314789
140286.96705381593	3000.0	1541.3371555914405	0.0	0	0.0	1828.3042094073317	1	0	1	1.5585614861949009
141200.0	6000.0	1628.3042094073776	0.0	0	147.57073640290764	1828.3042094073317	1	0	1	2.251708666754846
142200.0	6000.0	1628.3042094073603	0.0	0	100.17270625047968	1828.3042094073317	1	0	1	2.9448558473147908
143209.94025122855	6000.0	1618.3639581788125	0.0	0	0.0	1828.3042094073317	1	0	1	2.9448558473147908
144200.0	6000.0	1628.3042094073187	0.0	0	74.37991080450593	1828.3042094073317	1	0	1	2.9448558473147908
145241.1885593119	6000.0	1587.1156500954253	0.0	0	0.0	1828.3042094073317	1	0	1	2.9448558473147908
146200.0	6000.0	1628.3042094073373	0.0	0	11.37810675954097	1828.3042094073026	1	0	1	2.944855847314792
147475.11576509115	6000.0	1353.1884443162069	0.0	0	0.0	1828.3042094073026	1	0	1	2.944855847314792
148516.60721652032	6000.0	1311.6969928870387	0.0	0	0.0	1828.3042094073026	1	0	1	2.944855847314792
149200.0	3000.0	1628.3042094073373	0.0	0	73.8013800175977	1828.3042094073026	1	0	1	1.5585614861949026
150336.43645526635	6000.0	1491.86775414101	0.0	0	0.0	1828.3042094073026	1	0	1	2.2517086667548476
151679.5334184791	6000.0	1148.7707909282603	0.0	0	0.0	1828.3042094073026	1	0	1	2.944855847314792
152430.74839644678	6000.0	1397.5558129605772	0.0	0	0.0	1828.3042094073026	1	0	1	2.944855847314792
153308.94472502815	6000.0	1519.3594843791957	0.0	0	0.0	1828.3042094073026	1	0	1	2.944855847314792
154262.05505293485	6000.0	1566.249156472523	0.0	0	0.0	1828.3042094073026	1	0	1	2.944855847314792
155200.0	6000.0	1628.3042094073671	0.0	0	321.3467494561337	1828.3042094073026	1	0	1	2.944855847314792
156321.27242785777	6000.0	1507.0317815496187	0.0	0	0.0	1828.3042094073026	1	0	1	2.944855847314792
157200.0	6000.0	1628.3042094073855	0.0	0	151.81019562191796	1828.3042094073026	1	0	1	2.944855847314792
158227.71684363752	6000.0	1600.5873657698717	0.0	0	0.0	1828.3042094073026	1	0	1	2.944855847314792
159200.0	6000.0	1628.304209407392	0.0	0	41.024388353253016	1828.3042094073026	1	0	1	2.944855847314792
160592.98762216256	6000.0	1235.3165872447846	0.0	0	0.0	1828.3042094072734	1	0	1	2.944855847314793
161838.8132346092	6000.0	989.4909747981117	0.0	0	0.0	1828.3042094073026	1	0	1	2.944855847314792
162232.5925665361	2000.0	1595.7116428711954	0.0	0	0.0	1828.3042094072734	1	0	1	0.7476312699785748
163200.0	6000.0	1628.30420940723	0.0	0	94.5381225249439	1828.3042094072443	1	0	1	1.846243558646686
164200.0	6000.0	1628.3042094072794	0.0	0	19.87252768551116	1828.3042094072443	1	0	1	2.9448558473147957
165200.0	6000.0	1628.3042094072514	0.0	0	273.3319143418921	1828.3042094072443	1	0	1	2.9448558473147957
166200.0	6000.0	1628.3042094072312	0.0	0	266.3291338614945	1828.3042094072152	1	0	1	2.9448558473147974
167200.0	6000.0	1628.3042094072543	0.0	0	190.41264118728577	1828.3042094072152	1	0	1	2.9448558473147974
168663.50987793502	6000.0	1164.7943314722415	0.0	0	0.0	1828.3042094072443	1	0	1	2.9448558473147957
169398.720930592	6000.0	1429.5832788152552	0.0	0	0.0	1828.3042094072443	1	0	1	2.9448558473147957
170200.0	6000.0	1628.3042094072496	0.0	0	25.14919038885273	1828.3042094072443	1	0	1	2.9448558473147957
171200.0	6000.0	1628.3042094072225	0.0	0	305.29215051053325	1828.3042094072443	1	0	1	2.9448558473147957
172358.60197242466	6000.0	1469.7022369825977	0.0	0	0.0	1828.3042094072443	1	0	1	2.9448558473147957
173200.0	6000.0	1628.3042094072616	0.0	0	252.2925063490402	1828.3042094072443	1	0	1	2.9448558473147957
174531.32998577654	6000.0	1296.9742236307538	0.0	0	0.0	1828.3042094072443	1	0	1	2.9448558473147957
175687.05247505306	6000.0	1141.2517343542156	0.0	0	0.0	1828.3042094072152	1	0	1	2.9448558473147974
176715.41522996264	6000.0	1112.8889794446054	0.0	0	0.0	1828.3042094072152	1	0	1	2.9448558473147974
177313.97635417175	2000.0	1514.327855235516	0.0	0	0.0	1828.3042094072443	1	0	1	0.7476312699785767
178200.0	3000.0	1628.3042094072257	0.0	0	16.819394623977132	1828.3042094072443	1	0	1	1.8462435586466865
179200.0	6000.0	1628.3042094072018	0.0	0	47.03996091443696	1828.3042094072443	1	0	1	2.2517086667548507
180203.1090817287	6000.0	1625.1951276785087	0.0	0	0.0	1828.3042094072443	1	0	1	2.9448558473147957
181200.0	6000.0	1628.304209407189	0.0	0	209.00543240306433	1828.3042094072443	1	0	1	2.9448558473147957
182209.29483460097	6000.0	1619.0093748062363	0.0	0	0.0	1828.3042094072443	1	0	1	2.9448558473147957
183256.8803022658	6000.0	1571.423907141398	0.0	0	0.0	1828.3042094072152	1	0	1	2.9448558473147965
184214.24425374353	6000.0	1614.0599556636805	0.0	0	0.0	1828.3042094072152	1	0	1	2.9448558473147974
185296.39022630206	6000.0	1531.9139831051586	0.0	0	0.0	1828.3042094072152	1	0	1	2.9448558473147974
186383.6279602602	6000.0	1444.676249147008	0.0	0	0.0	1828.3042094071861	1	0	1	2.9448558473147997
187335.3298238248	6000.0	1492.9743855824076	0.0	0	0.0	1828.3042094071861	1	0	1	2.9448558473147997
188521.95466200035	6000.0	1306.3495474068495	0.0	0	0.0	1828.3042094071861	1	0	1	2.9448558473147997
189742.38522459604	6000.0	1085.9189848111569	0.0	0	0.0	1828.3042094071861	1	0	1	2.9448558473147997
190388.1286332402	3000.0	1440.175576166981	0.0	0	0.0	1828.3042094071861	1	0	1	1.5585614861949095
191671.97976089755	6000.0	1156.3244485096247	0.0	0	0.0	1828.304209407157	1	0	1	2.2517086667548565
192200.0	2000.0	1628.3042094071636	0.0	0	183.08544631756376	1828.304209407157	1	0	1	0.7476312699785818
193200.0	2000.0	1628.3042094071618	0.0	0	506.62855206098175	1828.3042094071861	1	0	1	1.8462435586466897
194200.0	6000.0	1628.3042094071786	0.0	0	39.59463735562167	1828.3042094071861	1	0	1	1.84624355864669
195200.0	6000.0	1628.3042094071563	0.0	0	306.7201433451264	1828.3042094071861	1	0	1	2.9448558473147997
196200.0	6000.0	1628.3042094071652	0.0	0	289.5422250831907	1828.3042094072152	1	0	1	2.9448558473147974
197308.34133665022	6000.0	1519.9628727569677	0.0	0	0.0	1828.3042094072152	1	0	1	2.9448558473147974
198625.8307095914	6000.0	1202.4734998158137	0.0	0	0.0	1828.3042094072152	1	0	1	2.9448558473147974
199459.83355270862	6000.0	1368.470656698543	0.0	0	0.0	1828.3042094071861	1	0	1	2.9448558473147997
200560.5144283209	6000.0	1267.7897810862405	0.0	0	0.0	1828.3042094071861	1	0	1	2.9448558473147997
201615.03513102487	6000.0	1213.2690783822472	0.0	0	0.0	1828.3042094071861	1	0	1	2.9448558473147997
202415.27768740477	6000.0	1413.0265220023307	0.0	0	0.0	1828.3042094071861	1	0	1	2.9448558473147997
203578.86049032118	6000.0	1249.4437190858994	0.0	0	0.0	1828.3042094071861	1	0	1	2.9448558473147997
204340.63332548205	3000.0	1487.6708839250216	0.0	0	0.0	1828.3042094071861	1	0	1	1.5585614861949095
205587.9072059963	6000.0	1240.3970034107995	0.0	0	0.0	1828.3042094072152	1	0	1	2.251708666754853
206837.88765445937	6000.0	990.4165549477403	0.0	0	0.0	1828.3042094072152	1	0	1	2.9448558473147974
207200.0	2000.0	1628.3042094071072	0.0	0	43.19561794164474	1828.3042094072152	1	0	1	0.7476312699785783
208200.0	3000.0	1628.3042094071277	0.0	0	426.3424869175069	1828.3042094072152	1	0	1	1.846243558646688
209316.00690942293	6000.0	1512.297299984255	0.0	0	0.0	1828.3042094072152	1	0	1	2.2517086667548525
210550.7235631065	6000.0	1277.580646300664	0.0	0	0.0	1828.3042094071861	1	0	1	2.944855847314799
211643.13466199682	6000.0	1185.1695474103535	0.0	0	0.0	1828.3042094071861	1	0	1	2.9448558473147997
212295.3614999498	3000.0	1532.9427094573875	0.0	0	0.0	1828.3042094071861	1	0	1	1.5585614861949095
213200.0	6000.0	1628.3042094071918	0.0	0	83.88768083477044	1828.3042094072152	1	0	1	2.2517086667548525
214868.56108587162	6000.0	959.7431235355612	0.0	0	0.0	1828.3042094072152	1	0	1	2.9448558473147974
215210.72596615722	2000.0	1617.5782432499245	0.0	0	0.0	1828.3042094072152	1	0	1	0.7476312699785783
216200.0	6000.0	1628.304209407182	0.0	0	26.846497883670963	1828.3042094072152	1	0	1	1.8462435586466879
217629.67281899488	6000.0	1198.6313904123176	0.0	0	0.0	1828.3042094072152	1	0	1	2.9448558473147974
218200.0	3000.0	1628.3042094071923	0.0	0	58.78978198664845	1828.3042094072152	1	0	1	1.5585614861949078
219200.0	3000.0	1628.3042094072182	0.0	0	104.49832178058568	1828.3042094072443	1	0	1	2.251708666754852
220200.0	6000.0	1628.304209407224	0.0	0	66.43012014421402	1828.3042094072443	1	0	1	2.2517086667548507
221200.0	3000.0	1628.30420940722	0.0	0	426.7825975876767	1828.3042094072734	1	0	1	1.5585614861949042
222342.30065325575	6000.0	1486.003556151488	0.0	0	0.0	1828.3042094072734	1	0	1	2.251708666754849
223621.87328019852	6000.0	1206.4309292087132	0.0	0	0.0	1828.3042094073026	1	0	1	2.944855847314793
224200.0	3000.0	1628.3042094072146	0.0	0	4.501116110855946	1828.3042094073026	1	0	1	1.5585614861949026
225200.0	6000.0	1628.3042094072248	0.0	0	251.33980413497193	1828.3042094073026	1	0	1	2.2517086667548476
226312.17398601997	6000.0	1516.1302233872616	0.0	0	0.0	1828.3042094073317	1	0	1	2.9448558473147917
228166.54934627263	6000.0	661.754863134621	0.0	0	0.0	1828.3042094073317	1	0	1	2.9448558473147908
228617.2153174549	2000.0	1211.088891952362	0.0	0	0.0	1828.3042094073317	1	0	1	0.7476312699785714
229200.0	2000.0	1628.30420940727	0.0	0	149.84371275972808	1828.3042094073317	1	0	1	1.846243558646681
230200.0	3000.0	1628.304209407287	0.0	0	391.79603703162866	1828.3042094073317	1	0	1	1.8462435586466812
231266.62150582045	6000.0	1561.682703586806	0.0	0	0.0	1828.3042094073317	1	0	1	2.251708666754846
232200.0	6000.0	1628.304209407247	0.0	0	23.323323679884197	1828.3042094073026	1	0	1	2.944855847314792
233200.0	6000.0	1628.3042094072136	0.0	0	90.0511486431642	1828.3042094073026	1	0	1	2.944855847314792
234200.0	6000.0	1628.3042094072232	0.0	0	11.834036279644351	1828.3042094073317	1	0	1	2.9448558473147908
235200.0	6000.0	1628.304209407213	0.0	0	95.39825325665879	1828.3042094073317	1	0	1	2.9448558473147908
236200.0	6000.0	1628.3042094072334	0.0	0	85.70419489848427	1828.3042094073317	1	0	1	2.9448558473147908
237200.0	6000.0	1628.3042094072266	0.0	0	139.81449965405045	1828.3042094073317	1	0	1	2.9448558473147908
238264.4958004864	6000.0	1563.808408920825	0.0	0	0.0	1828.3042094073317	1	0	1	2.9448558473147908
239200.0	6000.0	1628.3042094071757	0.0	0	75.92812461935682	1828.3042094073026	1	0	1	2.944855847314792
240241.77490448812	6000.0	1586.529304919065	0.0	0	0.0	1828.3042094073026	1	0	1	2.944855847314792
241200.0	6000.0	1628.3042094071334	0.0	0	165.25685105164303	1828.3042094073026	1	0	1	2.944855847314792
242200.0	6000.0	1628.3042094071138	0.0	0	86.53496518169413	1828.3042094072734	1	0	1	2.944855847314794
243349.23740176103	6000.0	1479.0668076460945	0.0	0	0.0	1828.3042094072734	1	0	1	2.944855847314794
244273.1476473236	6000.0	1555.1565620835056	0.0	0	0.0	1828.3042094073026	1	0	1	2.944855847314793
245288.85547392408	6000.0	1539.448735483066	0.0	0	0.0	1828.3042094073026	1	0	1	2.944855847314792
246200.0	6000.0	1628.3042094071448	0.0	0	185.48229786887532	1828.3042094073026	1	0	1	2.944855847314792
247323.80916648204	6000.0	1504.4950429250832	0.0	0	0.0	1828.3042094073026	1	0	1	2.944855847314792
248203.83441751567	6000.0	1624.469791891425	0.0	0	0.0	1828.3042094073026	1	0	1	2.944855847314792
249200.0	6000.0	1628.3042094070972	0.0	0	189.59356849754113	1828.3042094073026	1	0	1	2.944855847314792
250200.0	6000.0	1628.3042094070925	0.0	0	197.2564266792324	1828.3042094073026	1	0	1	2.944855847314792
251200.0	6000.0	1628.3042094070827	0.0	0	181.8313156592194	1828.3042094073026	1	0	1	2.944855847314792
252200.0	6000.0	1628.304209407098	0.0	0	358.638128513674	1828.3042094073317	1	0	1	2.9448558473147908
253200.0	6000.0	1628.3042094071086	0.0	0	93.40104553074343	1828.3042094073317	1	0	1	2.9448558473147908
254382.41869372304	6000.0	1445.885515684065	0.0	0	0.0	1828.3042094073317	1	0	1	2.9448558473147908
255288.43729226684	6000.0	1539.8669171402928	0.0	0	0.0	1828.3042094073317	1	0	1	2.9448558473147908
256200.0	6000.0	1628.3042094071359	0.0	0	223.79261297706398	1828.3042094073317	1	0	1	2.9448558473147908
257598.7236826345	6000.0	1229.5805267726587	0.0	0	0.0	1828.3042094073317	1	0	1	2.9448558473147908
259078.06590453858	6000.0	750.2383048685406	0.0	0	0.0	1828.3042094073026	1	0	1	2.944855847314792
259566.97464701353	2000.0	1261.3295623935749	0.0	0	0.0	1828.3042094073026	1	0	1	0.7476312699785731
260200.0	2000.0	1628.30420940711	0.0	0	158.67246981617063	1828.3042094073026	1	0	1	1.8462435586466828
261349.70378480095	6000.0	1478.6004246061561	0.0	0	0.0	1828.3042094072734	1	0	1	1.8462435586466839
262200.0	6000.0	1628.3042094070909	0.0	0	44.041258557117544	1828.3042094072443	1	0	1	2.9448558473147943
263200.0	6000.0	1628.3042094070665	0.0	0	83.39275268034544	1828.3042094072152	1	0	1	2.9448558473147965
264718.7226946196	6000.0	1109.5815147874414	0.0	0	0.0	1828.3042094072443	1	0	1	2.944855847314795
265200.0	2000.0	1628.3042094070477	0.0	0	122.7902914857259	1828.3042094073026	1	0	1	0.7476312699785731
266200.0	6000.0	1628.3042094070488	0.0	0	319.763094075548	1828.3042094073026	1	0	1	1.8462435586466828
267200.0	6000.0	1628.3042094070136	0.0	0	51.74392951891059	1828.3042094073026	1	0	1	2.944855847314792
268200.0	6000.0	1628.304209407042	0.0	0	252.74587877682643	1828.3042094073026	1	0	1	2.944855847314792
269200.0	6000.0	1628.3042094070559	0.0	0	337.4303776002489	1828.3042094073026	1	0	1	2.944855847314792
270200.0	6000.0	1628.3042094071234	0.0	0	276.5871824386413	1828.3042094073026	1	0	1	2.944855847314792
271236.91991511843	6000.0	1591.38429428867	0.0	0	0.0	1828.3042094072443	1	0	1	2.9448558473147957
272669.3178459826	6000.0	1158.9863634244898	0.0	0	0.0	1828.3042094072443	1	0	1	2.9448558473147957
273226.3672516485	3000.0	1601.9369577585985	0.0	0	0.0	1828.3042094072443	1	0	1	1.5585614861949062
274200.0	2000.0	1628.3042094071002	0.0	0	452.14478846627753	1828.3042094073026	1	0	1	1.4407784505385182
275200.0	3000.0	1528.3042094070647	0.0	0	191.2033261237666	1728.3042094073608	1	0	2	1.4500572521416357
276200.0	3000.0	1528.3042094071193	0.0	0	111.30321691348217	1728.3042094073608	1	0	1	2.057411798804176
277784.1022494667	6000.0	944.2019599403628	0.0	0	0.0	1728.3042094073608	1	0	1	2.257411798804176
278248.56989052834	3000.0	1479.7343188787117	0.0	0	0.0	1728.304209407419	1	0	1	1.5642646182442275
279306.3336956201	6000.0	1421.9705137869714	0.0	0	0.0	1728.304209407419	1	0	1	2.2574117988041724
280252.7953279534	6000.0	1475.5088814537019	0.0	0	0.0	1728.3042094074772	1	0	1	2.9505589793641143
281264.19802077557	6000.0	1464.1061886315235	0.0	0	0.0	1728.304209407419	1	0	1	2.9505589793641174
282674.3360249016	6000.0	1053.968184505462	0.0	0	0.0	1728.304209407419	1	0	1	2.9505589793641174
283283.8036342346	3000.0	1444.5005751724045	0.0	0	0.0	1728.304209407419	1	0	1	1.5642646182442275
284200.0	3000.0	1528.304209407048	0.0	0	433.80760400753934	1728.304209407419	1	0	1	2.2574117988041724
285200.0	6000.0	1528.304209407051	0.0	0	283.80761380144395	1728.3042094073608	1	0	1	2.257411798804176
286200.0	6000.0	1528.3042094070775	0.0	0	145.6903286112356	1728.304209407419	1	0	1	2.9505589793641174
287226.6787565556	6000.0	1501.6254528515074	0.0	0	0.0	1728.3042094073608	1	0	1	2.9505589793641196
288200.0	6000.0	1528.304209407048	0.0	0	94.08949800772825	1728.3042094073608	1	0	1	2.9505589793641205
289636.82173364854	6000.0	1091.4824757585366	0.0	0	0.0	1728.3042094073608	1	0	1	2.9505589793641205
290540.3776731743	6000.0	1187.9265362327785	0.0	0	0.0	1728.3042094073608	1	0	1	2.9505589793641205
291391.59287838044	6000.0	1336.7113310266232	0.0	0	0.0	1728.3042094073608	1	0	1	2.9505589793641205
292503.88969747286	6000.0	1224.414511934135	0.0	0	0.0	1728.3042094073026	1	0	1	2.9505589793641236
293365.4496388788	6000.0	1362.8545705281692	0.0	0	0.0	1728.3042094072443	1	0	1	2.9505589793641267
294273.46313407534	6000.0	1454.8410753316732	0.0	0	0.0	1728.3042094072443	1	0	1	2.9505589793641267
295725.8611559191	6000.0	1002.4430534878921	0.0	0	0.0	1728.3042094072443	1	0	1	2.9505589793641267
296200.0	2000.0	1528.304209406955	0.0	0	36.61865415633656	1728.3042094072443	1	0	1	0.7533344020279076
297200.0	6000.0	1528.3042094069447	0.0	0	17.546755042974837	1728.3042094072443	1	0	1	1.8519466906960171
298200.0	6000.0	1528.3042094068976	0.0	0	121.98252019484062	1728.3042094072443	1	0	1	2.9505589793641267
299658.4774940041	6000.0	1069.826715402748	0.0	0	0.0	1728.3042094072443	1	0	1	2.9505589793641267
300335.1359684275	3000.0	1393.1682409793304	0.0	0	0.0	1728.3042094072443	1	0	1	1.564264618244237
7.12	6.87	7.82	5.69	6.65	7.11	7.32	6.43	5.09	4.63	6.76	6.1	7.22	7.37	8.7	4.89	5.48	8.12	6.67	5.85	7.94	6.52	5.72	6.09	3.82	3.92	6.71	7.6	8.56	7.55	4.99	5.46	7.69	5.79	7.82	6.16	5.26	5.28	5.11	4.46	5.17	6.72	7.29	8.36	7.91	4.31	6.75	6.19	7.8	6.16	6.09	4.31	5.07	5.8	5.91	6.17	5.42	6.26	5.21	5.5	5.63	5.12	4.11	6.79	6.54	4.81	3.92	5.4	4.7	5.91	6.46	4.88	6.14	6.72	4.92	3.63	5.8	5.11	6.09	5.26	5.87	7.21	7.75	7.17	7.52	8.17	7.59	4.76	7.77	7.03	4.6	4.97	6.66	6.89	4.46	5.97	7.07	7.75	6.72	8.09	5.17	6.94	5.73	7.96	5.07	6.65	4.59	5.62	6.32	6.6	5.11	5.72	3.82	7.62	7.51	6.68	10.1	6.06	7.25	6.19	4.56	3.81	4.66	4.34	4.83	5.33	7.73	6.9	5.54	4.98	5.42	5.49	7.16	9.28	4.96	6.56	4.74	6.17	6.8	5.32	7.25	6.51	4.92	4.77	7.59	5.39	4.62	5.14	6.42	7.43	7.12	6.87	7.82	5.69	6.65	7.11	7.32	6.43	5.09	4.63	6.76	6.1	7.22	7.37	8.7	4.89	5.48	8.12	6.67	5.85	7.94	6.52	5.72	6.09	3.82	3.92	6.71	7.6	8.56	7.55	4.99	5.46	7.69	5.79	7.82	6.16	5.26	5.28	5.11	4.46	5.17	6.72	7.29	8.36	7.91	4.31	6.75	6.19	7.8	6.16	6.09	4.31	5.07	5.8	5.91	6.17	5.42	6.26	5.21	5.5	5.63	5.12	4.11	6.79	6.54	4.81	3.92	5.4	4.7	5.91	6.46	4.88	6.14	6.72	4.92	3.63	5.8	5.11	6.09	5.26	5.87	7.21	7.75	7.17	7.52	8.17	7.59	4.76	7.77	7.03	4.6	4.97	6.66	6.89	4.46	5.97	7.07	7.75	6.72	8.09	5.17	6.94	5.73	7.96	5.07	6.65	4.59	5.62	6.32	6.6	5.11	5.72	3.82	7.62	7.51	6.68	10.1	6.06	7.25	6.19	4.56	3.81	4.66	4.34	4.83	5.33	7.73	6.9	5.54	4.98	5.42	5.49	7.16	9.28	4.96	6.56	4.74	6.17	6.8	5.32	7.25	6.51	4.92	4.77	7.59	5.39	4.62	5.14	6.42	7.43	7.12
1.0	2.0	3.0	4.0	5.0	6.0	7.0	8.0	9.0	10.0	11.0	12.0	13.0	14.0	15.0	16.0	17.0	18.0	19.0	20.0	21.0	22.0	23.0	24.0	25.0	26.0	27.0	28.0	29.0	30.0	31.0	32.0	33.0	34.0	35.0	36.0	37.0	38.0	39.0	40.0	41.0	42.0	43.0	44.0	45.0	46.0	47.0	48.0	49.0	50.0	51.0	52.0	53.0	54.0	55.0	56.0	57.0	58.0	59.0	60.0	61.0	62.0	63.0	64.0	65.0	66.0	67.0	68.0	69.0	70.0	71.0	72.0	73.0	74.0	75.0	76.0	77.0	78.0	79.0	80.0	81.0	82.0	83.0	84.0	85.0	86.0	87.0	88.0	89.0	90.0	91.0	92.0	93.0	94.0	95.0	96.0	97.0	98.0	99.0	100.0	101.0	102.0	103.0	104.0	105.0	106.0	107.0	108.0	109.0	110.0	111.0	112.0	113.0	114.0	115.0	116.0	117.0	118.0	119.0	120.0	121.0	122.0	123.0	124.0	125.0	126.0	127.0	128.0	129.0	130.0	131.0	132.0	133.0	134.0	135.0	136.0	137.0	138.0	139.0	140.0	141.0	142.0	143.0	144.0	145.0	146.0	147.0	148.0	149.0	149.0	150.0	151.0	152.0	153.0	154.0	155.0	156.0	157.0	158.0	159.0	160.0	161.0	162.0	163.0	164.0	165.0	166.0	167.0	168.0	169.0	170.0	171.0	172.0	173.0	174.0	175.0	176.0	177.0	178.0	179.0	180.0	181.0	182.0	183.0	184.0	185.0	186.0	187.0	188.0	189.0	190.0	191.0	192.0	193.0	194.0	195.0	196.0	197.0	198.0	199.0	200.0	201.0	202.0	203.0	204.0	205.0	206.0	207.0	208.0	209.0	210.0	211.0	212.0	213.0	214.0	215.0	216.0	217.0	218.0	219.0	220.0	221.0	222.0	223.0	224.0	225.0	226.0	227.0	228.0	229.0	230.0	231.0	232.0	233.0	234.0	235.0	236.0	237.0	238.0	239.0	240.0	241.0	242.0	243.0	244.0	245.0	246.0	247.0	248.0	249.0	250.0	251.0	252.0	253.0	254.0	255.0	256.0	257.0	258.0	259.0	260.0	261.0	262.0	263.0	264.0	265.0	266.0	267.0	268.0	269.0	270.0	271.0	272.0	273.0	274.0	275.0	276.0	277.0	278.0	279.0	280.0	281.0	282.0	283.0	284.0	285.0	286.0	287.0	288.0	289.0	290.0	291.0	292.0	293.0	294.0	295.0	296.0	297.0	298.0	298.0	299.0
2996.622229924459
