4330.0311387816655	300.0	2000.0	97.577967983356	0	0.0	4330.0311387816655	1	0	1	-1.2009917236211498
5036.2798225681	3000.0	2223.126447834922	0.0	0	0.0	4259.406270403022	1	0	2	-0.9960242704053004
5515.198193001982	3000.0	2696.316240357652	0.0	0	0.0	4211.5144333596345	1	0	2	1.5334064207625373
6087.885925582247	3000.0	3066.359734519361	0.0	0	0.0	4154.245660101609	1	0	2	1.560285486167019
6364.591399646167	3000.0	3761.9837130490496	0.0	0	0.0	4126.575112695216	1	0	2	1.576982226364916
7200.0	3000.0	3843.034252659833	0.0	0	477.2368708280419	4043.0342526598333	1	0	2	1.6010250398720676
8200.0	6000.0	3843.034252659833	0.0	0	483.9263804808206	4043.0342526598333	1	0	1	1.6172923910589065
9200.0	6000.0	3843.0342526598347	0.0	0	310.085051246233	4043.0342526598342	1	0	1	2.510439571618851
10200.0	6000.0	3843.034252659837	0.0	0	108.07099256610672	4043.034252659836	1	0	1	2.510439571618851
11200.0	6000.0	3843.0342526598356	0.0	0	44.57483139591022	4043.0342526598342	1	0	1	2.510439571618851
12200.0	6000.0	3843.034252659836	0.0	0	275.52998855257647	4043.034252659835	1	0	1	2.510439571618851
13200.0	6000.0	3843.0342526598374	0.0	0	154.71230863291203	4043.034252659836	1	0	1	2.5104395716188503
14322.570870572434	6000.0	3720.4633820874037	0.0	0	0.0	4043.034252659836	1	0	1	2.5104395716188503
15359.737665634926	6000.0	3683.2965870249104	0.0	0	0.0	4043.034252659836	1	0	1	2.5104395716188503
16200.0	6000.0	3843.034252659837	0.0	0	146.4508837767371	4043.034252659836	1	0	1	2.5104395716188503
17200.0	6000.0	3843.0342526598356	0.0	0	375.947683355902	4043.034252659836	1	0	1	2.510439571618851
18200.0	6000.0	3843.0342526598342	0.0	0	486.9838662689617	4043.0342526598342	1	0	1	2.510439571618851
19200.0	6000.0	3843.0342526598315	0.0	0	186.15731863042674	4043.0342526598306	1	0	1	2.5104395716188517
20200.0	6000.0	3843.034252659828	0.0	0	328.15158593632805	4043.034252659829	1	0	1	2.5104395716188534
21200.0	6000.0	3843.034252659825	0.0	0	245.67987873567108	4043.034252659829	1	0	1	2.5104395716188534
22243.616144252763	6000.0	3799.4181084070624	0.0	0	0.0	4043.034252659829	1	0	1	2.5104395716188534
23200.0	6000.0	3843.0342526598247	0.0	0	306.4680260307432	4043.034252659825	1	0	1	2.510439571618855
24200.0	6000.0	3843.0342526598242	0.0	0	248.9338135218386	4043.034252659825	1	0	1	2.510439571618855
25200.0	6000.0	3843.034252659822	0.0	0	240.94691055155272	4043.0342526598215	1	0	1	2.5104395716188566
26200.638396226732	6000.0	3842.395856433088	0.0	0	0.0	4043.0342526598215	1	0	1	2.5104395716188566
27200.0	6000.0	3843.0342526598165	0.0	0	284.82649888480955	4043.0342526598215	1	0	1	2.5104395716188566
28200.0	6000.0	3843.0342526598133	0.0	0	431.07247003027805	4043.0342526598215	1	0	1	2.5104395716188566
29200.0	6000.0	3843.0342526598088	0.0	0	92.42818299688224	4043.034252659818	1	0	1	2.5104395716188583
30200.0	6000.0	3843.0342526598088	0.0	0	203.56982177899044	4043.034252659818	1	0	1	2.5104395716188583
31200.0	6000.0	3843.0342526598088	0.0	0	347.3041360768111	4043.034252659818	1	0	1	2.5104395716188583
32200.0	6000.0	3843.0342526598083	0.0	0	190.60554821177357	4043.0342526598142	1	0	1	2.5104395716188597
33200.0	6000.0	3843.0342526598142	0.0	0	277.590792805051	4043.0342526598215	1	0	1	2.5104395716188574
34200.0	6000.0	3843.0342526598074	0.0	0	338.3348886825552	4043.034252659818	1	0	1	2.5104395716188583
35229.40577007221	6000.0	3813.6284825876	0.0	0	0.0	4043.0342526598215	1	0	1	2.5104395716188566
36270.92663376533	6000.0	3772.1076188944808	0.0	0	0.0	4043.0342526598215	1	0	1	2.5104395716188574
37200.0	6000.0	3843.0342526598088	0.0	0	300.2412522614468	4043.034252659818	1	0	1	2.510439571618858
38200.0	6000.0	3843.0342526598065	0.0	0	521.5562235322868	4043.034252659825	1	0	1	2.510439571618855
39200.0	6000.0	3843.034252659812	0.0	0	323.53814130828687	4043.034252659825	1	0	1	2.510439571618855
40200.0	6000.0	3843.034252659814	0.0	0	242.21489924133493	4043.034252659825	1	0	1	2.510439571618855
41200.0	6000.0	3843.034252659811	0.0	0	181.18138077801996	4043.034252659825	1	0	1	2.510439571618855
42200.0	6000.0	3843.034252659811	0.0	0	17.42199332002201	4043.034252659825	1	0	1	2.510439571618855
43200.0	6000.0	3843.0342526597983	0.0	0	281.42761314296513	4043.034252659825	1	0	1	2.510439571618855
44265.58745154003	6000.0	3777.4468011197605	0.0	0	0.0	4043.034252659825	1	0	1	2.510439571618855
45200.0	6000.0	3843.0342526597915	0.0	0	255.36459945564275	4043.034252659825	1	0	1	2.510439571618855
46200.0	6000.0	3843.034252659792	0.0	0	107.11074797160109	4043.034252659825	1	0	1	2.510439571618855
47200.0	6000.0	3843.0342526597983	0.0	0	278.4966977088043	4043.034252659825	1	0	1	2.510439571618855
48340.06430387098	6000.0	3702.969948788823	0.0	0	0.0	4043.034252659825	1	0	1	2.510439571618855
49200.0	6000.0	3843.034252659801	0.0	0	23.165256723317725	4043.034252659825	1	0	1	2.510439571618855
50251.42049842078	6000.0	3791.6137542390215	0.0	0	0.0	4043.0342526598324	1	0	1	2.510439571618852
51307.84671612651	6000.0	3735.187536533296	0.0	0	0.0	4043.0342526598324	1	0	1	2.510439571618852
52200.0	6000.0	3843.034252659807	0.0	0	28.10154446154047	4043.0342526598324	1	0	1	2.510439571618852
53200.0	6000.0	3843.0342526598024	0.0	0	518.0691361958961	4043.0342526598324	1	0	1	2.510439571618852
54200.0	6000.0	3843.034252659812	0.0	0	542.6200233192139	4043.0342526598324	1	0	1	2.510439571618852
55200.0	6000.0	3843.0342526598142	0.0	0	373.48574317649036	4043.0342526598324	1	0	1	2.510439571618852
56200.0	6000.0	3843.034252659816	0.0	0	155.03993693659868	4043.0342526598324	1	0	1	2.510439571618852
57268.72010426495	6000.0	3774.3141483948607	0.0	0	0.0	4043.0342526598324	1	0	1	2.510439571618852
58200.0	6000.0	3843.0342526598038	0.0	0	91.93344927573344	4043.0342526598324	1	0	1	2.510439571618852
59200.0	6000.0	3843.0342526598056	0.0	0	263.53921785096463	4043.0342526598397	1	0	1	2.510439571618849
60200.0	6000.0	3843.034252659794	0.0	0	41.78164959863352	4043.0342526598397	1	0	1	2.510439571618849
61481.36310263878	6000.0	3561.671150021007	0.0	0	0.0	4043.0342526598397	1	0	1	2.510439571618849
62264.691393999114	6000.0	3778.3428586606824	0.0	0	0.0	4043.034252659847	1	0	1	2.5104395716188455
63245.73311342049	6000.0	3797.3011392393096	0.0	0	0.0	4043.034252659847	1	0	1	2.5104395716188455
64200.0	6000.0	3843.034252659796	0.0	0	473.45608406396786	4043.0342526598397	1	0	1	2.510439571618849
65200.0	6000.0	3843.034252659791	0.0	0	157.50085069748457	4043.0342526598324	1	0	1	2.510439571618852
66200.0	6000.0	3843.0342526598024	0.0	0	491.6750537430853	4043.034252659847	1	0	1	2.51043957161885
67200.0	6000.0	3843.0342526597988	0.0	0	70.50004157314834	4043.034252659847	1	0	1	2.5104395716188463
68200.0	6000.0	3843.0342526597956	0.0	0	558.8557631769654	4043.0342526598397	1	0	1	2.5104395716188463
69200.0	6000.0	3843.0342526597906	0.0	0	443.7087008116796	4043.0342526598397	1	0	1	2.5104395716188472
70200.0	6000.0	3843.034252659797	0.0	0	340.93816755696025	4043.0342526598397	1	0	1	2.510439571618849
71200.0	6000.0	3843.034252659796	0.0	0	252.73272448490025	4043.0342526598397	1	0	1	2.510439571618849
72200.0	6000.0	3843.0342526598024	0.0	0	234.31263301573927	4043.0342526598397	1	0	1	2.510439571618849
73200.0	6000.0	3843.034252659784	0.0	0	469.9901309806155	4043.0342526598397	1	0	1	2.510439571618849
74200.0	6000.0	3843.0342526597824	0.0	0	359.8264500583755	4043.0342526598397	1	0	1	2.510439571618849
75200.0	6000.0	3843.034252659789	0.0	0	388.99035312168417	4043.0342526598397	1	0	1	2.510439571618849
76200.0	6000.0	3843.0342526597965	0.0	0	276.48452237479796	4043.0342526598397	1	0	1	2.510439571618849
77200.0	6000.0	3843.034252659799	0.0	0	87.18756704994303	4043.0342526598397	1	0	1	2.510439571618849
78200.0	6000.0	3843.034252659801	0.0	0	354.863384331009	4043.0342526598397	1	0	1	2.510439571618849
79203.98690343973	6000.0	3839.0473492200845	0.0	0	0.0	4043.0342526598397	1	0	1	2.510439571618849
80200.0	6000.0	3843.034252659825	0.0	0	305.3552724226756	4043.0342526598397	1	0	1	2.510439571618849
81226.98705169608	6000.0	3816.047200963737	0.0	0	0.0	4043.0342526598397	1	0	1	2.510439571618849
82200.0	6000.0	3843.0342526598047	0.0	0	279.9745150913077	4043.034252659825	1	0	1	2.510439571618855
83200.0	6000.0	3843.0342526598015	0.0	0	228.5339814772451	4043.034252659825	1	0	1	2.510439571618855
84200.0	6000.0	3843.0342526598015	0.0	0	386.10486479176325	4043.034252659825	1	0	1	2.510439571618855
85200.0	6000.0	3843.0342526598033	0.0	0	330.0037358269328	4043.034252659825	1	0	1	2.510439571618855
86200.0	6000.0	3843.034252659817	0.0	0	277.9799865881505	4043.034252659825	1	0	1	2.510439571618855
87200.0	6000.0	3843.0342526598197	0.0	0	101.83932205963356	4043.034252659825	1	0	1	2.510439571618855
88200.0	6000.0	3843.0342526598097	0.0	0	50.104403625940904	4043.0342526598106	1	0	1	2.510439571618861
89200.0	6000.0	3843.0342526598097	0.0	0	370.94363603730744	4043.0342526598106	1	0	1	2.510439571618861
90200.0	6000.0	3843.0342526598083	0.0	0	269.86050419072853	4043.0342526598106	1	0	1	2.510439571618861
91200.0	6000.0	3843.0342526598156	0.0	0	310.0674154346634	4043.034252659825	1	0	1	2.510439571618855
92200.0	6000.0	3843.0342526597956	0.0	0	231.74677294763387	4043.034252659825	1	0	1	2.510439571618855
93200.0	6000.0	3843.0342526597906	0.0	0	74.05781020827999	4043.0342526598106	1	0	1	2.510439571618861
94200.0	6000.0	3843.034252659808	0.0	0	375.63009915256407	4043.0342526598106	1	0	1	2.510439571618861
95200.0	6000.0	3843.034252659821	0.0	0	299.8701385354507	4043.034252659825	1	0	1	2.510439571618855
96200.0	6000.0	3843.034252659819	0.0	0	534.487656332727	4043.034252659825	1	0	1	2.510439571618855
97200.0	6000.0	3843.034252659821	0.0	0	62.65638043865329	4043.034252659825	1	0	1	2.510439571618855
98200.0	6000.0	3843.0342526598315	0.0	0	546.0374657356733	4043.034252659825	1	0	1	2.510439571618855
99200.0	6000.0	3843.0342526598356	0.0	0	366.95150712734903	4043.034252659825	1	0	1	2.510439571618855
100200.0	6000.0	3843.034252659847	0.0	0	3.960570355906384	4043.034252659825	1	0	1	2.510439571618855
101200.0	6000.0	3843.034252659845	0.0	0	96.26720456669864	4043.034252659825	1	0	1	2.510439571618855
102223.31207812333	6000.0	3819.7221745365314	0.0	0	0.0	4043.034252659825	1	0	1	2.510439571618855
103200.0	6000.0	3843.034252659874	0.0	0	301.70963096569176	4043.034252659825	1	0	1	2.510439571618855
104200.0	6000.0	3843.0342526598856	0.0	0	236.21401944915124	4043.0342526598397	1	0	1	2.510439571618849
105200.0	6000.0	3843.034252659887	0.0	0	302.85431302466895	4043.0342526598397	1	0	1	2.510439571618849
106200.0	6000.0	3843.034252659896	0.0	0	421.78689381250297	4043.0342526598397	1	0	1	2.510439571618849
107200.0	6000.0	3843.0342526599	0.0	0	297.97620449175884	4043.0342526598542	1	0	1	2.510439571618842
108267.02302785036	6000.0	3776.0112248095525	0.0	0	0.0	4043.0342526598542	1	0	1	2.510439571618842
109200.0	6000.0	3843.03425265992	0.0	0	2.242970463456004	4043.034252659869	1	0	1	2.510439571618836
110200.0	6000.0	3843.034252659924	0.0	0	119.32012466414017	4043.034252659869	1	0	1	2.510439571618836
111200.0	6000.0	3843.034252659902	0.0	0	152.72712340170983	4043.0342526598542	1	0	1	2.510439571618842
112200.0	6000.0	3843.034252659904	0.0	0	147.78559115248208	4043.0342526598542	1	0	1	2.510439571618842
113200.0	6000.0	3843.0342526598974	0.0	0	41.67349218080926	4043.0342526598542	1	0	1	2.510439571618842
114238.50023293887	6000.0	3804.534019721028	0.0	0	0.0	4043.0342526598542	1	0	1	2.510439571618842
115200.0	6000.0	3843.034252659898	0.0	0	222.90225723650656	4043.0342526598542	1	0	1	2.510439571618842
116200.0	6000.0	3843.034252659922	0.0	0	97.02873923024163	4043.034252659869	1	0	1	2.510439571618836
117200.0	6000.0	3843.034252659912	0.0	0	104.46327515416488	4043.034252659869	1	0	1	2.510439571618836
118200.0	6000.0	3843.0342526599065	0.0	0	209.6951098793943	4043.034252659869	1	0	1	2.510439571618836
119200.0	6000.0	3843.0342526599015	0.0	0	228.51898081196123	4043.034252659869	1	0	1	2.510439571618836
120200.0	6000.0	3843.0342526598915	0.0	0	96.18405270573567	4043.034252659869	1	0	1	2.510439571618836
121200.0	6000.0	3843.0342526598806	0.0	0	397.2674896581739	4043.034252659869	1	0	1	2.510439571618836
122200.0	6000.0	3843.0342526598743	0.0	0	436.6016059386311	4043.034252659869	1	0	1	2.510439571618836
123200.0	6000.0	3843.034252659875	0.0	0	189.76833319272555	4043.034252659869	1	0	1	2.510439571618836
124271.17316573377	6000.0	3771.861086926119	0.0	0	0.0	4043.034252659869	1	0	1	2.510439571618836
125200.0	6000.0	3843.0342526598793	0.0	0	226.9848605755542	4043.034252659869	1	0	1	2.510439571618836
126200.0	6000.0	3843.034252659889	0.0	0	294.6226738687401	4043.0342526598834	1	0	1	2.5104395716188295
127200.0	6000.0	3843.034252659887	0.0	0	262.8033506323118	4043.0342526598834	1	0	1	2.5104395716188295
128201.79881451126	6000.0	3841.235438148619	0.0	0	0.0	4043.034252659898	1	0	1	2.5104395716188233
129200.0	6000.0	3843.0342526598774	0.0	0	376.97369171991886	4043.034252659898	1	0	1	2.5104395716188233
130200.0	6000.0	3843.034252659879	0.0	0	161.9612188579049	4043.034252659898	1	0	1	2.5104395716188233
131200.0	6000.0	3843.0342526598733	0.0	0	174.95481538352033	4043.0342526598834	1	0	1	2.5104395716188246
132200.0	6000.0	3843.0342526598683	0.0	0	100.61907392417197	4043.0342526598542	1	0	1	2.5104395716188384
133200.0	6000.0	3843.0342526598715	0.0	0	91.96295425051358	4043.0342526598542	1	0	1	2.510439571618842
134200.0	6000.0	3843.03425265985	0.0	0	390.3392280090193	4043.034252659825	1	0	1	2.51043957161885
135200.0	6000.0	3843.034252659862	0.0	0	251.2889556584414	4043.0342526598542	1	0	1	2.5104395716188463
136448.95528410526	6000.0	3594.07896855459	0.0	0	0.0	4043.0342526598542	1	0	1	2.510439571618842
137603.18156358972	6000.0	3439.8526890701423	0.0	0	0.0	4043.0342526598542	1	0	1	2.510439571618842
138292.88113606384	6000.0	3750.1531165960555	0.0	0	0.0	4043.0342526598542	1	0	1	2.510439571618842
139200.0	6000.0	3843.034252659896	0.0	0	399.7774767507508	4043.0342526598542	1	0	1	2.510439571618842
140200.0	6000.0	3843.0342526598856	0.0	0	434.2671801469987	4043.0342526598542	1	0	1	2.510439571618842
141200.0	6000.0	3843.0342526599243	0.0	0	185.78071335272398	4043.034252659825	1	0	1	2.510439571618855
142200.0	6000.0	3843.0342526599443	0.0	0	54.641058149776654	4043.034252659825	1	0	1	2.510439571618855
143200.0	6000.0	3843.0342526599775	0.0	0	251.06412889342755	4043.034252659825	1	0	1	2.510439571618855
144200.0	6000.0	3843.0342526599584	0.0	0	354.2771639364364	4043.034252659825	1	0	1	2.510439571618855
145200.0	6000.0	3843.0342526599725	0.0	0	77.16064580480452	4043.0342526598542	1	0	1	2.510439571618842
146200.0	6000.0	3843.034252659978	0.0	0	116.0208316926437	4043.0342526598542	1	0	1	2.510439571618842
147252.22005187516	6000.0	3790.814200784821	0.0	0	0.0	4043.034252659825	1	0	1	2.510439571618855
148335.32041895535	6000.0	3707.7138337046345	0.0	0	0.0	4043.034252659796	1	0	1	2.5104395716188677
149313.23711200125	6000.0	3729.7971406587535	0.0	0	0.0	4043.034252659796	1	0	1	2.5104395716188677
150563.94537752864	6000.0	3479.088875131365	0.0	0	0.0	4043.034252659767	1	0	1	2.51043957161888
152023.59344974905	6000.0	3019.440802910972	0.0	0	0.0	4043.034252659767	1	0	1	2.51043957161888
152758.36778970453	6000.0	3284.666462955507	0.0	0	0.0	4043.034252659796	1	0	1	2.5104395716188677
153593.26180133052	6000.0	3449.772451329521	0.0	0	0.0	4043.034252659825	1	0	1	2.510439571618855
154349.81156482676	6000.0	3693.2226878332717	0.0	0	0.0	4043.0342526598542	1	0	1	2.510439571618842
155415.55700360716	6000.0	3627.4772490528308	0.0	0	0.0	4043.0342526598542	1	0	1	2.510439571618842
156200.0	6000.0	3843.0342526599575	0.0	0	120.39083768581622	4043.034252659825	1	0	1	2.510439571618855
157200.0	6000.0	3843.0342526599616	0.0	0	410.8828320062021	4043.034252659825	1	0	1	2.510439571618855
158200.0	6000.0	3843.034252659953	0.0	0	212.739092307369	4043.0342526598542	1	0	1	2.510439571618842
159200.0	6000.0	3843.034252659937	0.0	0	335.21908488767804	4043.034252659825	1	0	1	2.510439571618855
160200.0	6000.0	3843.0342526599525	0.0	0	157.04892002552515	4043.0342526598542	1	0	1	2.510439571618842
161464.91725121293	6000.0	3578.1170014470317	0.0	0	0.0	4043.0342526598834	1	0	1	2.5104395716188295
162200.0	6000.0	3843.034252660002	0.0	0	18.425912274076836	4043.0342526599125	1	0	1	2.510439571618827
163200.0	6000.0	3843.034252660009	0.0	0	277.7865281054401	4043.0342526599125	1	0	1	2.510439571618817
164200.0	6000.0	3843.0342526600466	0.0	0	282.4336063065857	4043.0342526599416	1	0	1	2.5104395716188046
165200.0	6000.0	3843.034252660043	0.0	0	58.74368808345753	4043.0342526599416	1	0	1	2.5104395716188046
166200.0	6000.0	3843.034252660058	0.0	0	509.35971435843385	4043.0342526599416	1	0	1	2.5104395716188046
167200.0	6000.0	3843.034252660026	0.0	0	299.72989619520376	4043.0342526599416	1	0	1	2.5104395716188046
168200.0	6000.0	3843.034252660036	0.0	0	434.67084873036947	4043.0342526599416	1	0	1	2.5104395716188046
169200.0	6000.0	3843.034252660026	0.0	0	388.8724853095482	4043.0342526599416	1	0	1	2.5104395716188046
170200.0	6000.0	3843.034252660052	0.0	0	149.62418544347747	4043.0342526599125	1	0	1	2.510439571618817
171200.0	6000.0	3843.0342526600853	0.0	0	204.39076951585594	4043.0342526599125	1	0	1	2.510439571618817
172200.0	6000.0	3843.0342526601025	0.0	0	197.7152815919835	4043.0342526599416	1	0	1	2.5104395716188046
173200.0	6000.0	3843.0342526601285	0.0	0	447.7106201960996	4043.0342526599416	1	0	1	2.5104395716188046
174200.0	6000.0	3843.0342526601407	0.0	0	111.66481983559788	4043.0342526599707	1	0	1	2.510439571618792
175200.0	6000.0	3843.034252660156	0.0	0	187.71377281617606	4043.0342526599707	1	0	1	2.510439571618792
176200.0	6000.0	3843.034252660157	0.0	0	135.85531799169257	4043.0342526599998	1	0	1	2.510439571618779
177200.0	6000.0	3843.034252660132	0.0	0	293.104712427943	4043.0342526599707	1	0	1	2.510439571618792
178200.0	6000.0	3843.0342526601207	0.0	0	296.92846158874454	4043.0342526599707	1	0	1	2.510439571618792
179200.0	6000.0	3843.034252660142	0.0	0	195.26387378040818	4043.0342526599707	1	0	1	2.510439571618792
180200.0	6000.0	3843.034252660119	0.0	0	360.50968613356235	4043.0342526599416	1	0	1	2.5104395716188046
181200.0	6000.0	3843.0342526601225	0.0	0	405.39499284367776	4043.0342526599416	1	0	1	2.5104395716188046
182200.0	6000.0	3843.03425266015	0.0	0	317.28689451579703	4043.0342526599416	1	0	1	2.5104395716188046
183200.0	6000.0	3843.0342526601144	0.0	0	411.1899510792282	4043.0342526599416	1	0	1	2.5104395716188046
184200.0	6000.0	3843.0342526600953	0.0	0	80.92232283228077	4043.0342526599416	1	0	1	2.5104395716188046
185475.41954770053	6000.0	3567.614704959541	0.0	0	0.0	4043.0342526599416	1	0	1	2.5104395716188046
186200.0	6000.0	3843.03425266004	0.0	0	144.60092106848606	4043.0342526599125	1	0	1	2.510439571618817
187200.0	6000.0	3843.0342526600793	0.0	0	537.0614541566756	4043.0342526599125	1	0	1	2.510439571618817
188200.0	6000.0	3843.0342526600593	0.0	0	34.29008189338492	4043.0342526598834	1	0	1	2.5104395716188197
189200.0	6000.0	3843.034252660033	0.0	0	50.88401939722826	4043.034252659825	1	0	1	2.5104395716188446
190200.0	6000.0	3843.0342526600307	0.0	0	18.684589667071123	4043.034252659825	1	0	1	2.510439571618855
191200.0	6000.0	3843.0342526600216	0.0	0	132.81519061262952	4043.034252659825	1	0	1	2.510439571618855
192200.0	6000.0	3843.0342526600148	0.0	0	133.50030940547003	4043.0342526598542	1	0	1	2.510439571618842
193405.912647483	6000.0	3637.121605177027	0.0	0	0.0	4043.0342526598542	1	0	1	2.5104395716188472
194200.0	6000.0	3843.0342526600034	0.0	0	56.53498969224165	4043.034252659796	1	0	1	2.5104395716188574
195200.0	6000.0	3843.034252659983	0.0	0	60.64382711370126	4043.034252659796	1	0	1	2.5104395716188677
196200.0	6000.0	3843.0342526599798	0.0	0	400.402388136019	4043.034252659796	1	0	1	2.5104395716188677
197200.0	6000.0	3843.034252659954	0.0	0	55.61227796698222	4043.034252659796	1	0	1	2.5104395716188677
198444.431508931	6000.0	3598.602743728932	0.0	0	0.0	4043.034252659796	1	0	1	2.5104395716188677
199200.0	6000.0	3843.034252659928	0.0	0	16.538232262508245	4043.034252659767	1	0	1	2.5104395716188703
200483.63958868044	6000.0	3559.3946639794817	0.0	0	0.0	4043.034252659796	1	0	1	2.5104395716188725
201298.32265261488	6000.0	3744.711600045076	0.0	0	0.0	4043.034252659796	1	0	1	2.5104395716188677
202200.0	6000.0	3843.0342526599366	0.0	0	334.9327002261416	4043.034252659796	1	0	1	2.5104395716188677
203200.0	6000.0	3843.0342526599375	0.0	0	413.5215753247903	4043.034252659796	1	0	1	2.5104395716188677
204200.0	6000.0	3843.0342526599247	0.0	0	14.02481616375735	4043.034252659767	1	0	1	2.51043957161888
205200.0	6000.0	3843.0342526599206	0.0	0	401.5997192283976	4043.034252659796	1	0	1	2.5104395716188677
206272.01822690334	6000.0	3771.016025756568	0.0	0	0.0	4043.034252659796	1	0	1	2.5104395716188677
207200.0	6000.0	3843.0342526598984	0.0	0	50.42002703936305	4043.034252659767	1	0	1	2.51043957161888
208200.0	6000.0	3843.0342526599065	0.0	0	353.41589789878344	4043.034252659767	1	0	1	2.51043957161888
209365.80475212616	6000.0	3677.2295005337546	0.0	0	0.0	4043.034252659767	1	0	1	2.51043957161888
210200.0	6000.0	3843.034252659919	0.0	0	94.46865850192262	4043.034252659767	1	0	1	2.51043957161888
211416.6682735806	6000.0	3626.3659790793	0.0	0	0.0	4043.034252659767	1	0	1	2.51043957161888
212327.69815164176	6000.0	3715.3361010181598	0.0	0	0.0	4043.034252659796	1	0	1	2.5104395716188677
213200.0	6000.0	3843.034252659918	0.0	0	195.33951686686487	4043.034252659767	1	0	1	2.51043957161888
214200.0	6000.0	3843.0342526599034	0.0	0	178.29325106332544	4043.034252659738	1	0	1	2.5104395716188925
215200.0	6000.0	3843.034252659937	0.0	0	270.21494294842705	4043.034252659767	1	0	1	2.51043957161888
216200.0	6000.0	3843.0342526599343	0.0	0	198.60062955293688	4043.034252659767	1	0	1	2.51043957161888
217200.0	6000.0	3843.034252659957	0.0	0	570.3977109520638	4043.034252659796	1	0	1	2.5104395716188677
218200.0	6000.0	3843.0342526599206	0.0	0	612.2763243661902	4043.034252659796	1	0	1	2.5104395716188677
219200.0	6000.0	3843.0342526599434	0.0	0	353.01429472188465	4043.034252659796	1	0	1	2.5104395716188677
220200.0	6000.0	3843.0342526599443	0.0	0	112.69013509864453	4043.034252659825	1	0	1	2.510439571618855
221200.0	6000.0	3843.0342526599425	0.0	0	322.4850221387751	4043.034252659825	1	0	1	2.510439571618855
222200.0	6000.0	3843.0342526599675	0.0	0	366.4640637904813	4043.034252659825	1	0	1	2.510439571618855
223200.0	6000.0	3843.034252659941	0.0	0	76.3953366666683	4043.034252659825	1	0	1	2.510439571618855
224200.0	6000.0	3843.034252659915	0.0	0	324.2208936973766	4043.034252659825	1	0	1	2.510439571618855
225200.0	6000.0	3843.034252659889	0.0	0	353.364979825652	4043.034252659825	1	0	1	2.510439571618855
226200.0	6000.0	3843.034252659885	0.0	0	367.05940044898307	4043.034252659825	1	0	1	2.510439571618855
227200.0	6000.0	3843.034252659874	0.0	0	173.14076707142522	4043.034252659825	1	0	1	2.510439571618855
228200.0	6000.0	3843.034252659854	0.0	0	227.10014106091694	4043.034252659825	1	0	1	2.510439571618855
229200.0	6000.0	3843.034252659889	0.0	0	141.97267485861084	4043.0342526598542	1	0	1	2.510439571618842
230200.0	6000.0	3843.034252659905	0.0	0	250.4295085714548	4043.0342526598542	1	0	1	2.510439571618842
231200.0	6000.0	3843.034252659936	0.0	0	471.85885839379625	4043.0342526598542	1	0	1	2.510439571618842
232200.0	6000.0	3843.0342526599557	0.0	0	197.2853081114008	4043.0342526598542	1	0	1	2.510439571618842
233200.0	6000.0	3843.0342526599566	0.0	0	267.461962830479	4043.0342526598542	1	0	1	2.510439571618842
234200.0	6000.0	3843.034252659955	0.0	0	404.16450203579734	4043.0342526598542	1	0	1	2.510439571618842
235200.0	6000.0	3843.034252659903	0.0	0	462.1043184812297	4043.0342526598542	1	0	1	2.510439571618842
236200.0	6000.0	3843.0342526598893	0.0	0	326.6804009434418	4043.0342526598542	1	0	1	2.510439571618842
237200.0	6000.0	3843.034252659915	0.0	0	421.93475761348964	4043.0342526598542	1	0	1	2.510439571618842
238200.0	6000.0	3843.0342526599175	0.0	0	356.8701812074869	4043.0342526598542	1	0	1	2.510439571618842
239200.0	6000.0	3843.034252659916	0.0	0	344.0464100946847	4043.0342526598542	1	0	1	2.510439571618842
240200.0	6000.0	3843.034252659925	0.0	0	223.40647272689966	4043.0342526598542	1	0	1	2.510439571618842
241200.0	6000.0	3843.0342526599397	0.0	0	103.92859125320683	4043.034252659825	1	0	1	2.510439571618855
242254.83153227784	6000.0	3788.202720382062	0.0	0	0.0	4043.034252659825	1	0	1	2.510439571618855
243200.0	6000.0	3843.0342526598697	0.0	0	256.3000718585972	4043.034252659825	1	0	1	2.510439571618855
244200.0	6000.0	3843.0342526598643	0.0	0	358.14443853267585	4043.034252659825	1	0	1	2.510439571618855
245200.0	6000.0	3843.0342526598715	0.0	0	254.2169942180044	4043.0342526598542	1	0	1	2.510439571618842
246242.7321661661	6000.0	3800.302086493738	0.0	0	0.0	4043.0342526598542	1	0	1	2.510439571618842
247200.0	6000.0	3843.034252659819	0.0	0	287.16280611313414	4043.0342526598542	1	0	1	2.510439571618842
248200.0	6000.0	3843.0342526598406	0.0	0	430.63234287744854	4043.0342526598834	1	0	1	2.5104395716188295
249200.0	6000.0	3843.034252659845	0.0	0	332.3278212019359	4043.0342526599125	1	0	1	2.510439571618817
250200.0	6000.0	3843.0342526598515	0.0	0	168.19757666948135	4043.0342526599125	1	0	1	2.510439571618817
251276.19817389513	6000.0	3766.8360787646943	0.0	0	0.0	4043.0342526599125	1	0	1	2.510439571618817
252200.0	6000.0	3843.034252659818	0.0	0	193.99924049319816	4043.0342526598834	1	0	1	2.5104395716188295
253200.0	6000.0	3843.034252659798	0.0	0	309.2181374897482	4043.0342526598834	1	0	1	2.5104395716188295
254200.0	6000.0	3843.034252659785	0.0	0	410.3507559747668	4043.0342526598834	1	0	1	2.5104395716188295
255200.0	6000.0	3843.034252659764	0.0	0	485.9824960225378	4043.0342526598834	1	0	1	2.5104395716188295
256200.0	6000.0	3843.0342526597374	0.0	0	542.2156300974311	4043.0342526599125	1	0	1	2.510439571618817
257200.0	6000.0	3843.034252659693	0.0	0	274.3401566374814	4043.0342526598834	1	0	1	2.5104395716188295
258200.0	6000.0	3843.0342526596564	0.0	0	403.1937381652242	4043.0342526598542	1	0	1	2.510439571618842
259200.0	6000.0	3843.034252659646	0.0	0	196.19173733799835	4043.034252659825	1	0	1	2.510439571618855
260200.0	6000.0	3843.03425265964	0.0	0	267.0149162914604	4043.034252659825	1	0	1	2.510439571618855
261200.0	6000.0	3843.034252659619	0.0	0	299.9982119323686	4043.034252659825	1	0	1	2.510439571618855
262416.4762702874	6000.0	3626.5579823721873	0.0	0	0.0	4043.034252659825	1	0	1	2.510439571618855
263200.0	6000.0	3843.03425265959	0.0	0	106.73867153108586	4043.034252659825	1	0	1	2.510439571618857
264200.0	6000.0	3843.034252659604	0.0	0	409.91038621781627	4043.034252659796	1	0	1	2.5104395716188677
265300.488673263	6000.0	3742.5455793966366	0.0	0	0.0	4043.0342526598542	1	0	1	2.510439571618842
266200.0	6000.0	3843.0342526596573	0.0	0	273.77503055072157	4043.0342526598834	1	0	1	2.5104395716188477
267480.6699433289	6000.0	3562.3643093306955	0.0	0	0.0	4043.034252659825	1	0	1	2.5104395716188446
268493.11072875734	6000.0	3549.9235239022514	0.0	0	0.0	4043.0342526598834	1	0	1	2.5104395716188397
269487.00501506624	6000.0	3556.029237593334	0.0	0	0.0	4043.034252659825	1	0	1	2.510439571618855
270246.99332175084	6000.0	3796.040930908816	0.0	0	0.0	4043.034252659825	1	0	1	2.510439571618855
271200.0	6000.0	3843.0342526596405	0.0	0	145.50762281828793	4043.034252659825	1	0	1	2.510439571618855
272209.5171682876	6000.0	3833.5170843720693	0.0	0	0.0	4043.034252659767	1	0	1	2.5104395716188597
273200.0	6000.0	3843.034252659641	0.0	0	3.493258854839951	4043.034252659767	1	0	1	2.51043957161888
274200.0	6000.0	3843.03425265968	0.0	0	340.9320974665461	4043.034252659767	1	0	1	2.51043957161888
275200.0	6000.0	3843.0342526596796	0.0	0	15.61860392766539	4043.0342526597087	1	0	1	2.5104395716189054
276270.314193048	6000.0	3772.7200596117077	0.0	0	0.0	4043.0342526597087	1	0	1	2.5104395716189054
277211.41442799725	6000.0	3831.619824662438	0.0	0	0.0	4043.0342526597087	1	0	1	2.5104395716189054
278200.0	6000.0	3843.034252659753	0.0	0	394.6914309489657	4043.0342526597087	1	0	1	2.5104395716189054
279200.0	6000.0	3843.0342526597465	0.0	0	137.7479705499136	4043.0342526596505	1	0	1	2.5104395716189307
280200.0	6000.0	3843.0342526597833	0.0	0	220.89524607540807	4043.0342526596505	1	0	1	2.5104395716189307
281200.0	6000.0	3843.0342526597815	0.0	0	23.28837904939428	4043.0342526597087	1	0	1	2.510439571618926
282200.0	6000.0	3843.034252659861	0.0	0	105.23139663075563	4043.0342526597087	1	0	1	2.5104395716189054
283200.0	6000.0	3843.0342526599024	0.0	0	361.6290994823794	4043.0342526597087	1	0	1	2.5104395716189054
284200.0	6000.0	3843.0342526599516	0.0	0	393.45188959361985	4043.0342526597087	1	0	1	2.5104395716189054
285200.0	6000.0	3843.0342526600007	0.0	0	242.57359208265552	4043.0342526597087	1	0	1	2.5104395716189054
286548.9352981854	6000.0	3494.098954474597	0.0	0	0.0	4043.0342526597087	1	0	1	2.5104395716189054
287495.3329066254	6000.0	3547.7013460345784	0.0	0	0.0	4043.0342526597087	1	0	1	2.5104395716189054
288200.0	6000.0	3843.034252659994	0.0	0	156.55594616173767	4043.0342526597087	1	0	1	2.5104395716189054
289200.0	6000.0	3843.0342526600616	0.0	0	523.5938469715766	4043.0342526597087	1	0	1	2.5104395716189054
290200.0	6000.0	3843.034252660032	0.0	0	83.8925526473904	4043.0342526597087	1	0	1	2.5104395716189054
291200.0	6000.0	3843.034252659985	0.0	0	240.05943804123672	4043.0342526597087	1	0	1	2.5104395716189054
292200.0	6000.0	3843.0342526600148	0.0	0	356.66907598712714	4043.0342526597087	1	0	1	2.5104395716189054
293200.0	6000.0	3843.0342526599566	0.0	0	242.79456137301167	4043.0342526597087	1	0	1	2.5104395716189054
294200.0	6000.0	3843.034252660009	0.0	0	298.1496702792356	4043.0342526597087	1	0	1	2.5104395716189054
295200.0	6000.0	3843.034252660057	0.0	0	88.38475388573715	4043.0342526597087	1	0	1	2.5104395716189054
296200.0	6000.0	3843.034252660065	0.0	0	370.4025018198299	4043.0342526597087	1	0	1	2.5104395716189054
297200.0	6000.0	3843.0342526600675	0.0	0	239.29347628739197	4043.0342526597087	1	0	1	2.5104395716189054
298273.80106753786	6000.0	3769.233185122209	0.0	0	0.0	4043.034252659767	1	0	1	2.5104395716189005
299200.0	6000.0	3843.0342526601007	0.0	0	148.03866806643782	4043.034252659767	1	0	1	2.51043957161888
300227.9399617275	6000.0	3815.09429093265	0.0	0	0.0	4043.034252659767	1	0	1	2.51043957161888
6.0	5.92	9.57	11.6	8.25	9.27	6.99	6.34	6.46	6.53	7.48	7.73	11.4	10.8	9.06	11.3	9.45	7.11	7.6	8.36	6.71	7.84	8.18	8.99	8.97	6.45	8.82	8.77	7.04	9.35	6.45	5.31	8.75	10.3	7.96	8.44	7.82	6.64	8.04	5.34	11.1	7.85	11.7	5.53	5.72	8.03	6.3	6.06	11.6	13.3	7.45	9.12	6.93	8.87	8.06	6.85	6.39	5.88	8.16	11.7	7.46	9.19	8.17	13.3	13.2	8.61	9.17	9.19	9.43	7.68	11.1	11.0	7.97	9.48	8.36	9.29	6.15	8.87	8.64	8.41	8.5	8.78	8.99	8.29	10.4	10.0	8.32	8.2	7.82	7.96	8.43	11.0	6.97	11.3	12.5	8.1	8.02	6.95	7.88	7.59	9.67	12.1	10.2	7.44	8.02	8.56	9.29	8.95	5.83	6.95	8.46	5.56	8.95	6.02	7.75	6.73	8.0	9.1	7.7	7.46	9.41	7.54	6.51	5.05	8.14	9.7	9.61	6.82	8.77	8.04	7.71	6.5	5.6	6.66	9.59	13.8	6.34	8.78	8.69	10.3	7.23	9.13	7.59	6.8	7.26	5.85	7.47	4.46	8.69	8.7	6.0	5.92	9.57	11.6	8.25	9.27	6.99	6.34	6.46	6.53	7.48	7.73	11.4	10.8	9.06	11.3	9.45	7.11	7.6	8.36	6.71	7.84	8.18	8.99	8.97	6.45	8.82	8.77	7.04	9.35	6.45	5.31	8.75	10.3	7.96	8.44	7.82	6.64	8.04	5.34	11.1	7.85	11.7	5.53	5.72	8.03	6.3	6.06	11.6	13.3	7.45	9.12	6.93	8.87	8.06	6.85	6.39	5.88	8.16	11.7	7.46	9.19	8.17	13.3	13.2	8.61	9.17	9.19	9.43	7.68	11.1	11.0	7.97	9.48	8.36	9.29	6.15	8.87	8.64	8.41	8.5	8.78	8.99	8.29	10.4	10.0	8.32	8.2	7.82	7.96	8.43	11.0	6.97	11.3	12.5	8.1	8.02	6.95	7.88	7.59	9.67	12.1	10.2	7.44	8.02	8.56	9.29	8.95	5.83	6.95	8.46	5.56	8.95	6.02	7.75	6.73	8.0	9.1	7.7	7.46	9.41	7.54	6.51	5.05	8.14	9.7	9.61	6.82	8.77	8.04	7.71	6.5	5.6	6.66	9.59	13.8	6.34	8.78	8.69	10.3	7.23	9.13	7.59	6.8	7.26	5.85	7.47	4.46	8.69	8.7	6.0	5.92
1.0	2.0	3.0	4.0	5.0	6.0	7.0	8.0	9.0	10.0	11.0	12.0	13.0	14.0	15.0	16.0	17.0	18.0	19.0	20.0	21.0	22.0	23.0	24.0	25.0	26.0	27.0	28.0	29.0	30.0	31.0	32.0	33.0	34.0	35.0	36.0	37.0	38.0	39.0	40.0	41.0	42.0	43.0	44.0	45.0	46.0	47.0	48.0	49.0	50.0	51.0	52.0	53.0	54.0	55.0	56.0	57.0	58.0	59.0	60.0	61.0	62.0	63.0	64.0	65.0	66.0	67.0	68.0	69.0	70.0	71.0	72.0	73.0	74.0	75.0	76.0	77.0	78.0	79.0	80.0	81.0	82.0	83.0	84.0	85.0	86.0	87.0	88.0	89.0	90.0	91.0	92.0	93.0	94.0	95.0	96.0	97.0	98.0	99.0	100.0	101.0	102.0	103.0	104.0	105.0	106.0	107.0	108.0	109.0	110.0	111.0	112.0	113.0	114.0	115.0	116.0	117.0	118.0	119.0	120.0	121.0	122.0	123.0	124.0	125.0	126.0	127.0	128.0	129.0	130.0	131.0	132.0	133.0	134.0	135.0	136.0	137.0	138.0	139.0	140.0	141.0	142.0	143.0	144.0	145.0	146.0	147.0	148.0	149.0	149.0	150.0	151.0	152.0	153.0	154.0	155.0	156.0	157.0	158.0	159.0	160.0	161.0	162.0	163.0	164.0	165.0	166.0	167.0	168.0	169.0	170.0	171.0	172.0	173.0	174.0	175.0	176.0	177.0	178.0	179.0	180.0	181.0	182.0	183.0	184.0	185.0	186.0	187.0	188.0	189.0	190.0	191.0	192.0	193.0	194.0	195.0	196.0	197.0	198.0	199.0	200.0	201.0	202.0	203.0	204.0	205.0	206.0	207.0	208.0	209.0	210.0	211.0	212.0	213.0	214.0	215.0	216.0	217.0	218.0	219.0	220.0	221.0	222.0	223.0	224.0	225.0	226.0	227.0	228.0	229.0	230.0	231.0	232.0	233.0	234.0	235.0	236.0	237.0	238.0	239.0	240.0	241.0	242.0	243.0	244.0	245.0	246.0	247.0	248.0	249.0	250.0	251.0	252.0	253.0	254.0	255.0	256.0	257.0	258.0	259.0	260.0	261.0	262.0	263.0	264.0	265.0	266.0	267.0	268.0	269.0	270.0	271.0	272.0	273.0	274.0	275.0	276.0	277.0	278.0	279.0	280.0	281.0	282.0	283.0	284.0	285.0	286.0	287.0	288.0	289.0	290.0	291.0	292.0	293.0	294.0	295.0	296.0	297.0	298.0	298.0	299.0	300.0
4141.808634151009
