4174.925672902411	300.0	2000.0	72.13633274262966	0	0.0	4174.925672902411	1	0	1	-0.9734352729265181
4518.77508642551	3000.0	2621.7656451245916	0.0	0	0.0	4140.540731550102	1	0	2	-0.9328259145322225
5263.765114587083	6000.0	2876.775616963018	0.0	0	0.0	4140.540731550101	1	0	1	1.5734112213564315
5952.764843715464	6000.0	3187.7758878346367	0.0	0	0.0	4140.540731550101	1	0	1	2.466558401916377
7149.104522337669	6000.0	2991.4362092124325	0.0	0	0.0	4140.540731550101	1	0	1	2.466558401916377
7976.358127051795	6000.0	3164.182604498307	0.0	0	0.0	4140.540731550102	1	0	1	2.4665584019163767
9010.831216678283	6000.0	3129.709514871817	0.0	0	0.0	4140.540731550101	1	0	1	2.466558401916377
9819.878761678785	6000.0	3320.6619698713153	0.0	0	0.0	4140.540731550102	1	0	1	2.4665584019163767
10550.644792016501	6000.0	3589.8959395336	0.0	0	0.0	4140.540731550102	1	0	1	2.466558401916376
11345.333877005338	6000.0	3795.206854544763	0.0	0	0.0	4140.540731550102	1	0	1	2.4665584019163767
12200.0	6000.0	3940.5407315501006	0.0	0	248.05045568663627	4140.540731550102	1	0	1	2.4665584019163767
13200.0	6000.0	3940.5407315500997	0.0	0	466.8305707237032	4140.540731550102	1	0	1	2.4665584019163767
14200.0	6000.0	3940.540731550098	0.0	0	186.43173549612584	4140.540731550102	1	0	1	2.4665584019163767
15200.0	6000.0	3940.540731550099	0.0	0	453.10403393528577	4140.540731550103	1	0	1	2.4665584019163758
16200.0	6000.0	3940.5407315500993	0.0	0	89.18523123474915	4140.540731550103	1	0	1	2.4665584019163758
17200.0	6000.0	3940.540731550096	0.0	0	474.46205009703044	4140.540731550102	1	0	1	2.4665584019163767
18200.0	6000.0	3940.5407315500916	0.0	0	499.3594396227345	4140.540731550096	1	0	1	2.4665584019163784
19200.0	6000.0	3940.540731550089	0.0	0	417.2583944802791	4140.540731550094	1	0	1	2.46655840191638
20200.0	6000.0	3940.540731550085	0.0	0	94.60185792760603	4140.540731550091	1	0	1	2.466558401916381
21200.0	6000.0	3940.5407315500843	0.0	0	313.2159146414524	4140.540731550089	1	0	1	2.466558401916383
22200.0	6000.0	3940.5407315500847	0.0	0	104.28154178109253	4140.540731550089	1	0	1	2.466558401916383
23200.0	6000.0	3940.5407315500843	0.0	0	102.64087002859014	4140.5407315500925	1	0	1	2.466558401916381
24200.0	6000.0	3940.5407315500865	0.0	0	147.90280936360068	4140.5407315500925	1	0	1	2.466558401916381
25200.0	6000.0	3940.5407315500893	0.0	0	531.3601390493895	4140.5407315500925	1	0	1	2.466558401916381
26200.0	6000.0	3940.540731550092	0.0	0	365.0467862553487	4140.5407315500925	1	0	1	2.466558401916381
27200.0	6000.0	3940.5407315500865	0.0	0	381.23126959210276	4140.540731550089	1	0	1	2.466558401916383
28200.0	6000.0	3940.540731550087	0.0	0	304.2482321165953	4140.540731550089	1	0	1	2.466558401916383
29200.0	6000.0	3940.5407315500865	0.0	0	18.791131292080536	4140.5407315500925	1	0	1	2.466558401916381
30200.0	6000.0	3940.5407315500856	0.0	0	366.62898310970195	4140.5407315500925	1	0	1	2.466558401916381
31200.0	6000.0	3940.540731550085	0.0	0	200.76942347951262	4140.5407315500925	1	0	1	2.466558401916381
32200.0	6000.0	3940.540731550089	0.0	0	633.1271283283604	4140.5407315500925	1	0	1	2.466558401916381
33200.0	6000.0	3940.540731550088	0.0	0	467.3570448438368	4140.540731550089	1	0	1	2.4665584019163815
34200.0	6000.0	3940.5407315500916	0.0	0	489.2894961127604	4140.540731550096	1	0	1	2.4665584019163815
35200.0	6000.0	3940.5407315500906	0.0	0	114.37138726934063	4140.540731550096	1	0	1	2.4665584019163806
36200.0	6000.0	3940.5407315500847	0.0	0	283.9704970660241	4140.540731550089	1	0	1	2.4665584019163806
37200.0	6000.0	3940.540731550086	0.0	0	547.6195282057015	4140.5407315500925	1	0	1	2.466558401916382
38200.0	6000.0	3940.540731550079	0.0	0	487.1809380337145	4140.540731550085	1	0	1	2.4665584019163846
39200.0	6000.0	3940.540731550073	0.0	0	285.32506184570957	4140.540731550078	1	0	1	2.4665584019163878
40200.0	6000.0	3940.5407315500743	0.0	0	399.94204636004724	4140.540731550085	1	0	1	2.4665584019163846
41323.14514670353	6000.0	3817.39558484655	0.0	0	0.0	4140.540731550085	1	0	1	2.4665584019163846
42200.0	6000.0	3940.5407315500834	0.0	0	226.51397449700016	4140.540731550085	1	0	1	2.4665584019163846
43200.0	6000.0	3940.540731550084	0.0	0	320.49757523323206	4140.5407315500925	1	0	1	2.466558401916381
44200.0	6000.0	3940.5407315500906	0.0	0	322.84624178727245	4140.5407315500925	1	0	1	2.466558401916381
45200.0	6000.0	3940.5407315501006	0.0	0	66.20319564315287	4140.540731550085	1	0	1	2.4665584019163846
46200.0	6000.0	3940.540731550101	0.0	0	160.33034666984895	4140.540731550085	1	0	1	2.4665584019163846
47200.0	6000.0	3940.540731550102	0.0	0	283.1033766823166	4140.540731550085	1	0	1	2.4665584019163846
48200.0	6000.0	3940.5407315501025	0.0	0	257.74401552803465	4140.5407315500925	1	0	1	2.466558401916381
49241.59776002973	6000.0	3898.9429715203705	0.0	0	0.0	4140.5407315500925	1	0	1	2.466558401916381
50223.80306288325	6000.0	3916.737668666845	0.0	0	0.0	4140.5407315500925	1	0	1	2.466558401916381
51324.06899817047	6000.0	3816.471733379628	0.0	0	0.0	4140.5407315500925	1	0	1	2.466558401916381
52239.133352492034	6000.0	3901.407379058064	0.0	0	0.0	4140.5407315500925	1	0	1	2.466558401916381
53200.0	6000.0	3940.5407315500997	0.0	0	264.70838015035406	4140.5407315500925	1	0	1	2.466558401916381
54369.88294286487	6000.0	3770.657788685221	0.0	0	0.0	4140.5407315500925	1	0	1	2.466558401916381
55489.44572231094	6000.0	3651.0950092391504	0.0	0	0.0	4140.5407315500925	1	0	1	2.466558401916381
56411.182163069396	6000.0	3729.3585684806903	0.0	0	0.0	4140.5407315500925	1	0	1	2.466558401916381
57200.0	6000.0	3940.5407315500847	0.0	0	33.00383930363023	4140.5407315501	1	0	1	2.4665584019163775
58200.0	6000.0	3940.5407315500884	0.0	0	288.88586477099307	4140.5407315501	1	0	1	2.4665584019163775
59200.0	6000.0	3940.5407315500956	0.0	0	250.16496232857025	4140.5407315501	1	0	1	2.4665584019163775
60200.0	6000.0	3940.540731550088	0.0	0	447.3754666040404	4140.5407315501	1	0	1	2.4665584019163775
61391.75204271322	6000.0	3748.7886888368657	0.0	0	0.0	4140.5407315501	1	0	1	2.4665584019163775
62200.0	6000.0	3940.5407315500884	0.0	0	86.93459551061096	4140.540731550107	1	0	1	2.466558401916374
63200.0	6000.0	3940.540731550088	0.0	0	536.3593243071809	4140.540731550107	1	0	1	2.466558401916374
64311.11954153276	6000.0	3829.421190017328	0.0	0	0.0	4140.540731550107	1	0	1	2.466558401916374
65200.0	6000.0	3940.5407315500875	0.0	0	91.84768712551886	4140.540731550107	1	0	1	2.466558401916374
66200.0	6000.0	3940.5407315501093	0.0	0	38.21774789810297	4140.540731550136	1	0	1	2.466558401916366
67277.24009408693	6000.0	3863.30063746318	0.0	0	0.0	4140.540731550136	1	0	1	2.4665584019163616
68200.0	6000.0	3940.54073155009	0.0	0	132.73565289955877	4140.540731550122	1	0	1	2.4665584019163647
69200.0	6000.0	3940.5407315500815	0.0	0	300.0363932210457	4140.540731550107	1	0	1	2.4665584019163735
70200.0	6000.0	3940.540731550085	0.0	0	373.68912489344075	4140.540731550107	1	0	1	2.466558401916375
71200.0	6000.0	3940.5407315500775	0.0	0	281.0582813522342	4140.540731550107	1	0	1	2.466558401916374
72274.94112387166	6000.0	3865.59960767841	0.0	0	0.0	4140.5407315500925	1	0	1	2.466558401916381
73258.10139839211	6000.0	3882.4393331579504	0.0	0	0.0	4140.5407315500925	1	0	1	2.466558401916381
74235.96958144465	6000.0	3904.571150105428	0.0	0	0.0	4140.540731550078	1	0	1	2.4665584019163878
75200.0	6000.0	3940.5407315500634	0.0	0	481.62014770839596	4140.540731550078	1	0	1	2.4665584019163878
76334.48965392188	6000.0	3806.0510776281913	0.0	0	0.0	4140.540731550078	1	0	1	2.4665584019163878
77200.0	6000.0	3940.5407315500606	0.0	0	132.38876651003375	4140.5407315500925	1	0	1	2.466558401916381
78200.0	6000.0	3940.540731550064	0.0	0	259.70613069793035	4140.5407315500925	1	0	1	2.466558401916381
79200.0	6000.0	3940.5407315500775	0.0	0	90.06510245295067	4140.5407315500925	1	0	1	2.466558401916381
80200.0	6000.0	3940.5407315500943	0.0	0	106.94080896218657	4140.5407315500925	1	0	1	2.466558401916381
81200.0	6000.0	3940.5407315501025	0.0	0	131.92322883824818	4140.5407315500925	1	0	1	2.466558401916381
82200.0	6000.0	3940.540731550097	0.0	0	241.40378628436883	4140.5407315500925	1	0	1	2.466558401916381
83200.0	6000.0	3940.5407315500875	0.0	0	411.36870838092	4140.540731550107	1	0	1	2.466558401916374
84200.0	6000.0	3940.5407315500775	0.0	0	324.72186976479134	4140.540731550107	1	0	1	2.466558401916374
85287.4769283744	6000.0	3853.063803175682	0.0	0	0.0	4140.540731550122	1	0	1	2.4665584019163673
86346.57974439482	6000.0	3793.960987155246	0.0	0	0.0	4140.540731550122	1	0	1	2.4665584019163673
87200.0	6000.0	3940.540731550083	0.0	0	171.48164010843902	4140.540731550122	1	0	1	2.4665584019163673
88200.0	6000.0	3940.5407315500847	0.0	0	94.62599422787025	4140.540731550122	1	0	1	2.4665584019163673
89200.0	6000.0	3940.540731550102	0.0	0	15.416480930973194	4140.540731550122	1	0	1	2.4665584019163673
90200.0	6000.0	3940.5407315501184	0.0	0	138.84007103944896	4140.540731550122	1	0	1	2.4665584019163673
91200.0	6000.0	3940.5407315501147	0.0	0	41.15356052953575	4140.540731550122	1	0	1	2.4665584019163673
92200.0	6000.0	3940.540731550109	0.0	0	457.6972185805789	4140.540731550122	1	0	1	2.4665584019163673
93200.0	6000.0	3940.5407315501097	0.0	0	372.9453461602243	4140.540731550122	1	0	1	2.4665584019163673
94200.0	6000.0	3940.5407315501075	0.0	0	447.9135559098213	4140.540731550122	1	0	1	2.4665584019163673
95200.0	6000.0	3940.5407315500847	0.0	0	590.927093904349	4140.540731550122	1	0	1	2.4665584019163673
96200.0	6000.0	3940.5407315500825	0.0	0	419.3415089441987	4140.540731550122	1	0	1	2.4665584019163673
97200.0	6000.0	3940.540731550087	0.0	0	426.90768742484215	4140.540731550122	1	0	1	2.4665584019163673
98200.0	6000.0	3940.540731550083	0.0	0	247.04235583769332	4140.540731550122	1	0	1	2.4665584019163673
99200.0	6000.0	3940.5407315500825	0.0	0	367.75067205395317	4140.540731550136	1	0	1	2.4665584019163607
100200.0	6000.0	3940.5407315500765	0.0	0	362.543135841217	4140.540731550136	1	0	1	2.4665584019163607
101200.0	6000.0	3940.5407315500834	0.0	0	340.59418158886547	4140.540731550136	1	0	1	2.4665584019163607
102200.0	6000.0	3940.540731550082	0.0	0	355.19697802442533	4140.540731550136	1	0	1	2.4665584019163607
103385.3184949232	6000.0	3755.2222366268825	0.0	0	0.0	4140.540731550122	1	0	1	2.4665584019163673
104348.20468318221	6000.0	3792.3360483678644	0.0	0	0.0	4140.540731550107	1	0	1	2.466558401916374
105283.45382629699	6000.0	3857.0869052531116	0.0	0	0.0	4140.540731550122	1	0	1	2.4665584019163673
106200.0	6000.0	3940.5407315500956	0.0	0	117.2704359380441	4140.540731550122	1	0	1	2.4665584019163673
107200.0	6000.0	3940.540731550095	0.0	0	338.4682816439017	4140.540731550122	1	0	1	2.4665584019163673
108200.0	6000.0	3940.54073155009	0.0	0	39.855075168205076	4140.540731550122	1	0	1	2.4665584019163673
109200.0	6000.0	3940.5407315500875	0.0	0	434.637516102739	4140.540731550122	1	0	1	2.4665584019163673
110200.0	6000.0	3940.5407315500956	0.0	0	49.538136311923154	4140.540731550122	1	0	1	2.4665584019163673
111237.4670779544	6000.0	3903.0736535956953	0.0	0	0.0	4140.540731550122	1	0	1	2.4665584019163673
112200.0	6000.0	3940.540731550089	0.0	0	319.49486710289784	4140.540731550136	1	0	1	2.4665584019163607
113200.0	6000.0	3940.5407315500956	0.0	0	344.93272648773564	4140.540731550136	1	0	1	2.4665584019163607
114200.0	6000.0	3940.540731550087	0.0	0	325.93057296173356	4140.540731550136	1	0	1	2.4665584019163607
115200.0	6000.0	3940.5407315500715	0.0	0	463.60917000430345	4140.540731550122	1	0	1	2.4665584019163673
116200.0	6000.0	3940.540731550058	0.0	0	628.4779654012091	4140.540731550136	1	0	1	2.4665584019163607
117200.0	6000.0	3940.5407315500565	0.0	0	300.3651747480035	4140.540731550136	1	0	1	2.4665584019163607
118200.0	6000.0	3940.5407315500647	0.0	0	487.2551997657429	4140.540731550136	1	0	1	2.4665584019163607
119200.0	6000.0	3940.5407315500547	0.0	0	21.89089913002681	4140.540731550136	1	0	1	2.4665584019163607
120200.0	6000.0	3940.540731550056	0.0	0	353.87098710743885	4140.540731550136	1	0	1	2.4665584019163607
121200.0	6000.0	3940.540731550065	0.0	0	149.46159546781564	4140.540731550151	1	0	1	2.466558401916354
122200.0	6000.0	3940.540731550074	0.0	0	312.5708037066506	4140.540731550151	1	0	1	2.466558401916354
123200.0	6000.0	3940.5407315500916	0.0	0	294.61844195648155	4140.540731550165	1	0	1	2.4665584019163473
124200.0	6000.0	3940.540731550094	0.0	0	281.5192281980708	4140.540731550165	1	0	1	2.4665584019163473
125200.0	6000.0	3940.54073155009	0.0	0	414.0883048844116	4140.540731550165	1	0	1	2.4665584019163473
126248.406491819	6000.0	3892.1342397310805	0.0	0	0.0	4140.54073155018	1	0	1	2.4665584019163402
127200.0	6000.0	3940.5407315500806	0.0	0	167.01272625208367	4140.54073155018	1	0	1	2.4665584019163402
128200.0	6000.0	3940.540731550073	0.0	0	246.139783068822	4140.54073155018	1	0	1	2.4665584019163402
129835.36797407307	6000.0	3305.1727574769934	0.0	0	0.0	4140.540731550194	1	0	1	2.4665584019163336
130976.36756606033	6000.0	3164.1731654897208	0.0	0	0.0	4140.540731550194	1	0	1	2.4665584019163336
131849.16766401764	6000.0	3291.3730675324223	0.0	0	0.0	4140.540731550209	1	0	1	2.466558401916323
132764.4310389054	6000.0	3376.109692644678	0.0	0	0.0	4140.540731550223	1	0	1	2.4665584019163225
133366.40319302742	6000.0	3774.13753852265	0.0	0	0.0	4140.540731550209	1	0	1	2.466558401916327
134200.0	6000.0	3940.540731550091	0.0	0	271.6817070801335	4140.540731550223	1	0	1	2.466558401916321
135200.0	6000.0	3940.540731550087	0.0	0	540.8422675319016	4140.540731550223	1	0	1	2.466558401916317
136200.0	6000.0	3940.5407315500856	0.0	0	169.91319559898693	4140.540731550223	1	0	1	2.46655840191632
137337.43120026952	6000.0	3803.109531280561	0.0	0	0.0	4140.540731550223	1	0	1	2.46655840191632
138321.7845999132	6000.0	3818.756131636881	0.0	0	0.0	4140.540731550194	1	0	1	2.4665584019163336
139238.09559685874	6000.0	3902.445134691367	0.0	0	0.0	4140.540731550223	1	0	1	2.46655840191632
140200.0	6000.0	3940.5407315500934	0.0	0	229.58799432206433	4140.540731550223	1	0	1	2.46655840191632
141200.0	6000.0	3940.5407315500693	0.0	0	342.0658705205133	4140.540731550223	1	0	1	2.46655840191632
142200.0	6000.0	3940.540731550068	0.0	0	546.8205832451058	4140.540731550223	1	0	1	2.46655840191632
143200.0	6000.0	3940.5407315500784	0.0	0	350.01889998748084	4140.540731550223	1	0	1	2.46655840191632
144200.0	6000.0	3940.540731550066	0.0	0	264.89075475299614	4140.5407315502525	1	0	1	2.466558401916306
145200.0	6000.0	3940.540731550036	0.0	0	332.6951739405922	4140.5407315502525	1	0	1	2.466558401916306
146200.0	6000.0	3940.5407315500092	0.0	0	176.4640118345851	4140.5407315502525	1	0	1	2.466558401916306
147200.0	6000.0	3940.5407315500233	0.0	0	171.42037689351127	4140.5407315502525	1	0	1	2.466558401916306
148200.0	6000.0	3940.5407315500047	0.0	0	368.04716530581936	4140.5407315502525	1	0	1	2.466558401916306
149210.99591824907	6000.0	3929.544813300938	0.0	0	0.0	4140.5407315502525	1	0	1	2.466558401916306
150200.0	6000.0	3940.540731549992	0.0	0	363.06995484925574	4140.5407315502525	1	0	1	2.466558401916306
151200.0	6000.0	3940.5407315499942	0.0	0	500.7432420250261	4140.5407315502525	1	0	1	2.466558401916306
152200.0	6000.0	3940.5407315499615	0.0	0	298.281394007121	4140.5407315502525	1	0	1	2.466558401916306
153200.0	6000.0	3940.5407315499488	0.0	0	61.594056609261315	4140.5407315502525	1	0	1	2.466558401916306
154200.0	6000.0	3940.5407315499187	0.0	0	130.97019364096923	4140.5407315502525	1	0	1	2.466558401916306
155200.0	6000.0	3940.54073154994	0.0	0	152.8902611308731	4140.5407315502525	1	0	1	2.466558401916306
156200.0	6000.0	3940.540731549935	0.0	0	236.6802066838718	4140.5407315502525	1	0	1	2.466558401916306
157200.0	6000.0	3940.5407315499288	0.0	0	38.58218238435802	4140.5407315502525	1	0	1	2.466558401916306
158265.42200475256	6000.0	3875.1187267973683	0.0	0	0.0	4140.5407315502525	1	0	1	2.466558401916306
159200.0	6000.0	3940.540731549897	0.0	0	407.1208395923313	4140.5407315502525	1	0	1	2.466558401916306
160200.0	6000.0	3940.5407315499033	0.0	0	373.37701854028273	4140.540731550282	1	0	1	2.4665584019163034
161200.0	6000.0	3940.5407315498937	0.0	0	206.34188077348517	4140.540731550282	1	0	1	2.4665584019162927
162200.0	6000.0	3940.5407315498833	0.0	0	416.6335836262151	4140.540731550282	1	0	1	2.4665584019162927
163200.0	6000.0	3940.540731549873	0.0	0	202.41704656847287	4140.540731550282	1	0	1	2.4665584019162927
164200.0	6000.0	3940.540731549894	0.0	0	311.59942496739677	4140.540731550311	1	0	1	2.4665584019162794
165200.0	6000.0	3940.5407315499165	0.0	0	161.22865226547583	4140.54073155034	1	0	1	2.4665584019162656
166200.0	6000.0	3940.5407315499074	0.0	0	356.216326214344	4140.54073155034	1	0	1	2.4665584019162763
167200.0	6000.0	3940.540731549896	0.0	0	307.9744590636983	4140.54073155034	1	0	1	2.4665584019162656
168200.0	6000.0	3940.540731549933	0.0	0	291.0265722506447	4140.54073155034	1	0	1	2.4665584019162656
169200.0	6000.0	3940.540731549933	0.0	0	257.09641020634444	4140.540731550311	1	0	1	2.4665584019162683
170200.0	6000.0	3940.5407315499347	0.0	0	192.39561339557986	4140.540731550311	1	0	1	2.4665584019162794
171200.0	6000.0	3940.5407315499137	0.0	0	337.7643698041793	4140.540731550282	1	0	1	2.4665584019162927
172200.0	6000.0	3940.5407315499215	0.0	0	201.22200033796253	4140.540731550282	1	0	1	2.4665584019162927
173200.0	6000.0	3940.54073154992	0.0	0	171.2847549704602	4140.5407315502525	1	0	1	2.4665584019162954
174200.0	6000.0	3940.5407315499215	0.0	0	541.997375573148	4140.540731550282	1	0	1	2.4665584019162927
175200.0	6000.0	3940.540731549894	0.0	0	460.98198779209633	4140.540731550282	1	0	1	2.4665584019162927
176200.0	6000.0	3940.5407315498815	0.0	0	304.7006332601886	4140.540731550282	1	0	1	2.4665584019162927
177386.6279172061	6000.0	3753.91281434379	0.0	0	0.0	4140.540731550282	1	0	1	2.4665584019162927
178520.7341697619	6000.0	3619.806561787948	0.0	0	0.0	4140.540731550282	1	0	1	2.4665584019162927
179390.10058791886	6000.0	3750.440143631024	0.0	0	0.0	4140.540731550282	1	0	1	2.4665584019162927
180200.0	6000.0	3940.5407315498633	0.0	0	52.41216171297128	4140.540731550282	1	0	1	2.4665584019162927
181200.0	6000.0	3940.540731549859	0.0	0	466.1923196807911	4140.540731550311	1	0	1	2.4665584019162794
182200.0	6000.0	3940.540731549857	0.0	0	551.9951610744756	4140.540731550311	1	0	1	2.4665584019162794
183200.0	6000.0	3940.540731549885	0.0	0	176.9247358618013	4140.54073155034	1	0	1	2.4665584019162656
184200.0	6000.0	3940.54073154989	0.0	0	253.6514419518935	4140.540731550369	1	0	1	2.466558401916252
185200.0	6000.0	3940.54073154989	0.0	0	484.8969900108641	4140.54073155034	1	0	1	2.466558401916255
186200.0	6000.0	3940.5407315498546	0.0	0	454.13517208970734	4140.54073155034	1	0	1	2.4665584019162656
187200.0	6000.0	3940.540731549845	0.0	0	405.86225559332524	4140.54073155034	1	0	1	2.466558401916255
188200.0	6000.0	3940.5407315498883	0.0	0	39.13677423723857	4140.540731550369	1	0	1	2.466558401916252
189200.0	6000.0	3940.540731549897	0.0	0	461.3838506337779	4140.540731550369	1	0	1	2.466558401916252
190200.0	6000.0	3940.5407315498674	0.0	0	106.55097601129091	4140.540731550369	1	0	1	2.466558401916252
191200.0	6000.0	3940.540731549864	0.0	0	238.10010138645885	4140.540731550369	1	0	1	2.466558401916252
192200.0	6000.0	3940.540731549884	0.0	0	149.61285789354588	4140.540731550398	1	0	1	2.466558401916249
193200.0	6000.0	3940.5407315498837	0.0	0	168.23310812975978	4140.540731550427	1	0	1	2.466558401916236
194200.0	6000.0	3940.540731549865	0.0	0	113.11721748206764	4140.540731550427	1	0	1	2.466558401916225
195200.0	6000.0	3940.5407315498737	0.0	0	374.07214050740004	4140.540731550427	1	0	1	2.466558401916225
196200.0	6000.0	3940.540731549867	0.0	0	497.34438095465885	4140.540731550427	1	0	1	2.466558401916225
197200.0	6000.0	3940.540731549886	0.0	0	228.15236195595935	4140.540731550427	1	0	1	2.466558401916225
198200.0	6000.0	3940.5407315498924	0.0	0	216.57170039517223	4140.540731550427	1	0	1	2.466558401916225
199420.17367777225	6000.0	3720.367053777657	0.0	0	0.0	4140.540731550456	1	0	1	2.466558401916217
200565.78706946323	6000.0	3574.7536620866936	0.0	0	0.0	4140.540731550427	1	0	1	2.466558401916225
201649.75445970052	6000.0	3490.786271849412	0.0	0	0.0	4140.540731550427	1	0	1	2.466558401916225
202627.3352525618	6000.0	3513.2054789881313	0.0	0	0.0	4140.540731550427	1	0	1	2.466558401916225
203546.0905911107	6000.0	3594.4501404392213	0.0	0	0.0	4140.540731550427	1	0	1	2.466558401916225
204781.90153227924	6000.0	3358.639199270658	0.0	0	0.0	4140.540731550427	1	0	1	2.466558401916225
205585.68091080582	6000.0	3554.859820744035	0.0	0	0.0	4140.540731550398	1	0	1	2.4665584019162385
206200.0	6000.0	3940.540731549862	0.0	0	39.78652057572617	4140.540731550427	1	0	1	2.466558401916225
207200.0	6000.0	3940.540731549861	0.0	0	238.69252397064702	4140.540731550427	1	0	1	2.466558401916225
208200.0	6000.0	3940.540731549857	0.0	0	430.7118463368097	4140.540731550398	1	0	1	2.4665584019162385
209200.0	6000.0	3940.540731549831	0.0	0	282.8612749737513	4140.540731550398	1	0	1	2.4665584019162385
210218.8938016641	6000.0	3921.646929885747	0.0	0	0.0	4140.540731550398	1	0	1	2.4665584019162385
211219.48029896058	6000.0	3921.060432589255	0.0	0	0.0	4140.540731550427	1	0	1	2.4665584019162305
212200.0	6000.0	3940.5407315498105	0.0	0	558.9589884894667	4140.540731550456	1	0	1	2.466558401916222
213250.61665309413	6000.0	3889.924078455699	0.0	0	0.0	4140.540731550456	1	0	1	2.4665584019162194
214200.0	6000.0	3940.5407315498055	0.0	0	359.29819847634644	4140.540731550427	1	0	1	2.466558401916214
215200.0	6000.0	3940.540731549783	0.0	0	373.51912901742617	4140.540731550398	1	0	1	2.466558401916228
216200.0	6000.0	3940.540731549791	0.0	0	126.42833247111412	4140.540731550369	1	0	1	2.466558401916241
217200.0	6000.0	3940.540731549811	0.0	0	298.50080628701835	4140.540731550369	1	0	1	2.466558401916252
218200.0	6000.0	3940.5407315498205	0.0	0	358.5587912912306	4140.540731550369	1	0	1	2.466558401916252
219200.0	6000.0	3940.540731549834	0.0	0	171.87229615464457	4140.540731550398	1	0	1	2.4665584019162385
220200.0	6000.0	3940.540731549844	0.0	0	18.085283113876358	4140.540731550398	1	0	1	2.4665584019162385
221218.09973223245	6000.0	3922.440999317433	0.0	0	0.0	4140.540731550398	1	0	1	2.4665584019162385
222254.22254758212	6000.0	3886.318183967787	0.0	0	0.0	4140.540731550369	1	0	1	2.466558401916252
223200.0	6000.0	3940.5407315499046	0.0	0	126.41448250599205	4140.540731550369	1	0	1	2.466558401916252
224200.0	6000.0	3940.5407315498924	0.0	0	368.90795509141753	4140.54073155034	1	0	1	2.4665584019162656
225200.0	6000.0	3940.5407315499133	0.0	0	72.01017406166648	4140.54073155034	1	0	1	2.4665584019162656
226200.0	6000.0	3940.5407315499065	0.0	0	326.6366918925487	4140.54073155034	1	0	1	2.4665584019162656
227214.37861762702	6000.0	3926.1621139228782	0.0	0	0.0	4140.54073155034	1	0	1	2.4665584019162656
228200.52271828122	6000.0	3940.018013268682	0.0	0	0.0	4140.540731550369	1	0	1	2.466558401916252
229431.70778351495	6000.0	3708.832948034951	0.0	0	0.0	4140.540731550398	1	0	1	2.4665584019162385
230365.77840252826	6000.0	3774.76232902162	0.0	0	0.0	4140.540731550398	1	0	1	2.4665584019162385
231200.0	6000.0	3940.5407315498805	0.0	0	68.21341624530032	4140.540731550398	1	0	1	2.4665584019162385
232200.0	6000.0	3940.540731549884	0.0	0	353.6135667729832	4140.540731550427	1	0	1	2.466558401916225
233204.77434523392	6000.0	3935.766386315981	0.0	0	0.0	4140.540731550398	1	0	1	2.4665584019162305
234200.0	6000.0	3940.5407315499137	0.0	0	292.60042719964986	4140.540731550398	1	0	1	2.4665584019162385
235200.0	6000.0	3940.540731549861	0.0	0	190.1747807233478	4140.540731550369	1	0	1	2.466558401916241
236200.0	6000.0	3940.5407315498533	0.0	0	316.3224920182547	4140.540731550369	1	0	1	2.466558401916252
237200.0	6000.0	3940.5407315498633	0.0	0	311.84659087256296	4140.540731550369	1	0	1	2.466558401916252
238200.0	6000.0	3940.540731549864	0.0	0	395.998790057929	4140.540731550369	1	0	1	2.466558401916252
239210.50120405955	6000.0	3930.0395274903185	0.0	0	0.0	4140.540731550369	1	0	1	2.466558401916252
240200.0	6000.0	3940.5407315498283	0.0	0	240.2293213160301	4140.54073155034	1	0	1	2.466558401916255
241200.0	6000.0	3940.54073154983	0.0	0	265.93442259173025	4140.54073155034	1	0	1	2.4665584019162656
242200.0	6000.0	3940.540731549828	0.0	0	233.27851953543723	4140.54073155034	1	0	1	2.4665584019162656
243200.0	6000.0	3940.5407315498373	0.0	0	501.91643349902006	4140.54073155034	1	0	1	2.4665584019162656
244200.0	6000.0	3940.5407315498373	0.0	0	382.22027693106793	4140.54073155034	1	0	1	2.4665584019162656
245200.0	6000.0	3940.540731549807	0.0	0	366.71419202070683	4140.540731550369	1	0	1	2.466558401916263
246200.0	6000.0	3940.5407315497705	0.0	0	322.38858167937724	4140.540731550369	1	0	1	2.466558401916252
247200.0	6000.0	3940.5407315497578	0.0	0	382.2074503052572	4140.540731550369	1	0	1	2.466558401916252
248200.0	6000.0	3940.540731549753	0.0	0	183.92137844100944	4140.54073155034	1	0	1	2.466558401916255
249200.0	6000.0	3940.54073154973	0.0	0	184.9139823083242	4140.540731550311	1	0	1	2.4665584019162683
250200.0	6000.0	3940.540731549722	0.0	0	456.32009634477436	4140.5407315502525	1	0	1	2.4665584019162954
251200.0	6000.0	3940.5407315497223	0.0	0	197.3216563743772	4140.540731550223	1	0	1	2.46655840191632
252510.0691736823	6000.0	3630.4715578673877	0.0	0	0.0	4140.540731550194	1	0	1	2.466558401916331
253257.98515078463	6000.0	3882.5555807650558	0.0	0	0.0	4140.540731550165	1	0	1	2.466558401916342
254200.0	6000.0	3940.540731549692	0.0	0	87.1967646611738	4140.540731550165	1	0	1	2.4665584019163473
255200.0	6000.0	3940.54073154968	0.0	0	446.50746258185245	4140.540731550136	1	0	1	2.4665584019163607
256200.0	6000.0	3940.540731549674	0.0	0	193.75763871509116	4140.540731550165	1	0	1	2.4665584019163473
257200.0	6000.0	3940.5407315496645	0.0	0	302.5321920533024	4140.540731550136	1	0	1	2.46655840191635
258200.0	6000.0	3940.5407315497037	0.0	0	429.911660780519	4140.540731550136	1	0	1	2.4665584019163607
259589.26613279732	6000.0	3551.2745987523845	0.0	0	0.0	4140.540731550165	1	0	1	2.46655840191635
260355.68954215865	6000.0	3784.8511893910654	0.0	0	0.0	4140.540731550165	1	0	1	2.4665584019163473
261200.0	6000.0	3940.540731549705	0.0	0	71.22372761252336	4140.540731550136	1	0	1	2.4665584019163527
262200.0	6000.0	3940.5407315496986	0.0	0	329.0816695620597	4140.540731550136	1	0	1	2.4665584019163607
263200.0	6000.0	3940.540731549699	0.0	0	245.37837774393847	4140.540731550136	1	0	1	2.4665584019163633
264200.0	6000.0	3940.5407315497278	0.0	0	405.7921127564041	4140.540731550165	1	0	1	2.46655840191635
265200.0	6000.0	3940.5407315497196	0.0	0	674.6306675300584	4140.540731550165	1	0	1	2.4665584019163447
266200.0	6000.0	3940.540731549768	0.0	0	314.1931883158395	4140.540731550223	1	0	1	2.4665584019163225
267200.0	6000.0	3940.540731549725	0.0	0	479.76302985835355	4140.540731550194	1	0	1	2.4665584019163336
268200.0	6000.0	3940.5407315497378	0.0	0	165.01741456135642	4140.5407315502525	1	0	1	2.4665584019163282
269200.0	6000.0	3940.5407315497255	0.0	0	325.88553820410743	4140.540731550311	1	0	1	2.4665584019163007
270200.0	6000.0	3940.540731549721	0.0	0	202.67402742156992	4140.540731550311	1	0	1	2.4665584019162794
271200.0	6000.0	3940.5407315497273	0.0	0	309.5954999284586	4140.540731550311	1	0	1	2.4665584019162794
272200.0	6000.0	3940.540731549709	0.0	0	236.79600425146054	4140.540731550311	1	0	1	2.4665584019162794
273200.0	6000.0	3940.540731549681	0.0	0	245.51057703548577	4140.5407315502525	1	0	1	2.4665584019162847
274200.0	6000.0	3940.5407315496714	0.0	0	407.22863362007774	4140.5407315502525	1	0	1	2.466558401916306
275200.0	6000.0	3940.5407315496564	0.0	0	90.45995860593393	4140.5407315502525	1	0	1	2.466558401916306
276200.0	6000.0	3940.5407315496377	0.0	0	222.93804871325847	4140.5407315502525	1	0	1	2.466558401916306
277200.0	6000.0	3940.540731549662	0.0	0	271.3404325511656	4140.540731550136	1	0	1	2.466558401916339
278788.4426600219	6000.0	3352.0980715277115	0.0	0	0.0	4140.540731550078	1	0	1	2.4665584019163824
279739.15009991114	6000.0	3401.390631638485	0.0	0	0.0	4140.540731550078	1	0	1	2.4665584019163878
280646.08596328023	6000.0	3494.4547682693665	0.0	0	0.0	4140.540731550136	1	0	1	2.4665584019163607
281246.4846562231	6000.0	3894.0560753264967	0.0	0	0.0	4140.540731550136	1	0	1	2.4665584019163607
282200.0	6000.0	3940.5407315495972	0.0	0	330.97579926491017	4140.540731550078	1	0	1	2.4665584019163878
283200.0	6000.0	3940.5407315496445	0.0	0	431.52151208382566	4140.540731550136	1	0	1	2.4665584019163824
284200.0	6000.0	3940.540731549684	0.0	0	563.6857573665911	4140.540731550136	1	0	1	2.4665584019163607
285200.0	6000.0	3940.5407315496327	0.0	0	391.13096175482497	4140.540731550078	1	0	1	2.466558401916366
286249.9020251049	6000.0	3890.6387064447567	0.0	0	0.0	4140.540731550078	1	0	1	2.4665584019163878
287295.04956378625	6000.0	3845.4911677633795	0.0	0	0.0	4140.540731550078	1	0	1	2.4665584019163878
288200.0	6000.0	3940.5407315495977	0.0	0	128.02201083535329	4140.540731550078	1	0	1	2.4665584019163878
289200.0	6000.0	3940.5407315496263	0.0	0	49.667852882063016	4140.540731550078	1	0	1	2.466558401916404
290200.0	6000.0	3940.540731549559	0.0	0	521.4123012157506	4140.540731550078	1	0	1	2.4665584019163878
291200.0	6000.0	3940.540731549593	0.0	0	341.49843999935547	4140.540731550078	1	0	1	2.4665584019163878
292200.0	6000.0	3940.5407315495263	0.0	0	384.2306631351239	4140.540731550078	1	0	1	2.4665584019163878
293200.0	6000.0	3940.5407315495477	0.0	0	542.5512450102251	4140.540731550078	1	0	1	2.466558401916366
294200.0	6000.0	3940.540731549522	0.0	0	394.8088066963246	4140.540731550078	1	0	1	2.4665584019163878
295200.0	6000.0	3940.5407315495263	0.0	0	493.6549863468972	4140.540731550078	1	0	1	2.4665584019163878
296200.0	6000.0	3940.540731549456	0.0	0	145.79168993706116	4140.54073155002	1	0	1	2.466558401916393
297200.0	6000.0	3940.540731549421	0.0	0	217.14592287992127	4140.5407315499615	1	0	1	2.4665584019164206
298200.0	6000.0	3940.540731549434	0.0	0	362.759395263216	4140.5407315499615	1	0	1	2.4665584019164424
299200.0	6000.0	3940.5407315494185	0.0	0	286.6767735517351	4140.5407315499615	1	0	1	2.4665584019164424
300200.0	6000.0	3940.540731549452	0.0	0	319.94244540220825	4140.5407315499615	1	0	1	2.4665584019164424
9.05	9.49	6.56	7.34	6.2	9.23	9.45	8.91	8.7	8.92	9.06	8.2	8.75	11.0	11.2	7.16	8.09	7.59	8.33	9.27	10.7	13.7	9.02	6.44	6.38	8.42	8.58	13.6	12.4	9.74	8.1	11.4	15.3	9.74	8.13	9.83	6.27	8.86	9.41	7.72	8.36	8.72	11.7	10.5	8.46	5.72	6.08	5.55	7.53	6.15	7.34	4.66	8.94	9.61	8.78	9.06	6.23	7.08	11.6	7.22	9.02	8.93	6.42	9.38	10.6	8.05	7.39	7.24	6.27	7.48	10.1	7.19	6.75	7.33	5.65	5.33	9.11	7.63	9.09	8.0	7.73	5.5	10.7	6.82	8.0	7.95	8.09	11.0	7.74	14.4	13.3	9.86	10.0	11.2	9.7	9.05	9.57	7.84	3.61	6.17	8.68	8.86	8.91	7.03	12.4	4.76	6.34	10.1	10.5	9.01	10.1	16.0	10.3	10.1	7.21	9.81	7.98	8.26	7.1	7.98	9.21	6.86	8.82	10.7	4.78	4.33	7.37	8.51	7.48	9.5	11.3	8.99	6.9	7.61	7.63	7.78	10.1	11.5	7.67	10.4	10.6	10.4	8.39	9.56	7.96	7.41	12.0	7.37	7.91	6.05	9.05	9.49	6.56	7.34	6.2	9.23	9.45	8.91	8.7	8.92	9.06	8.2	8.75	11.0	11.2	7.16	8.09	7.59	8.33	9.27	10.7	13.7	9.02	6.44	6.38	8.42	8.58	13.6	12.4	9.74	8.1	11.4	15.3	9.74	8.13	9.83	6.27	8.86	9.41	7.72	8.36	8.72	11.7	10.5	8.46	5.72	6.08	5.55	7.53	6.15	7.34	4.66	8.94	9.61	8.78	9.06	6.23	7.08	11.6	7.22	9.02	8.93	6.42	9.38	10.6	8.05	7.39	7.24	6.27	7.48	10.1	7.19	6.75	7.33	5.65	5.33	9.11	7.63	9.09	8.0	7.73	5.5	10.7	6.82	8.0	7.95	8.09	11.0	7.74	14.4	13.3	9.86	10.0	11.2	9.7	9.05	9.57	7.84	3.61	6.17	8.68	8.86	8.91	7.03	12.4	4.76	6.34	10.1	10.5	9.01	10.1	16.0	10.3	10.1	7.21	9.81	7.98	8.26	7.1	7.98	9.21	6.86	8.82	10.7	4.78	4.33	7.37	8.51	7.48	9.5	11.3	8.99	6.9	7.61	7.63	7.78	10.1	11.5	7.67	10.4	10.6	10.4	8.39	9.56	7.96	7.41	12.0	7.37	7.91	6.05	9.05	9.49	6.56
1.0	2.0	3.0	4.0	5.0	6.0	7.0	8.0	9.0	10.0	11.0	12.0	13.0	14.0	15.0	16.0	17.0	18.0	19.0	20.0	21.0	22.0	23.0	24.0	25.0	26.0	27.0	28.0	29.0	30.0	31.0	32.0	33.0	34.0	35.0	36.0	37.0	38.0	39.0	40.0	41.0	42.0	43.0	44.0	45.0	46.0	47.0	48.0	49.0	50.0	51.0	52.0	53.0	54.0	55.0	56.0	57.0	58.0	59.0	60.0	61.0	62.0	63.0	64.0	65.0	66.0	67.0	68.0	69.0	70.0	71.0	72.0	73.0	74.0	75.0	76.0	77.0	78.0	79.0	80.0	81.0	82.0	83.0	84.0	85.0	86.0	87.0	88.0	89.0	90.0	91.0	92.0	93.0	94.0	95.0	96.0	97.0	98.0	99.0	100.0	101.0	102.0	103.0	104.0	105.0	106.0	107.0	108.0	109.0	110.0	111.0	112.0	113.0	114.0	115.0	116.0	117.0	118.0	119.0	120.0	121.0	122.0	123.0	124.0	125.0	126.0	127.0	128.0	129.0	130.0	131.0	132.0	133.0	134.0	135.0	136.0	137.0	138.0	139.0	140.0	141.0	142.0	143.0	144.0	145.0	146.0	147.0	148.0	149.0	149.0	150.0	151.0	152.0	153.0	154.0	155.0	156.0	157.0	158.0	159.0	160.0	161.0	162.0	163.0	164.0	165.0	166.0	167.0	168.0	169.0	170.0	171.0	172.0	173.0	174.0	175.0	176.0	177.0	178.0	179.0	180.0	181.0	182.0	183.0	184.0	185.0	186.0	187.0	188.0	189.0	190.0	191.0	192.0	193.0	194.0	195.0	196.0	197.0	198.0	199.0	200.0	201.0	202.0	203.0	204.0	205.0	206.0	207.0	208.0	209.0	210.0	211.0	212.0	213.0	214.0	215.0	216.0	217.0	218.0	219.0	220.0	221.0	222.0	223.0	224.0	225.0	226.0	227.0	228.0	229.0	230.0	231.0	232.0	233.0	234.0	235.0	236.0	237.0	238.0	239.0	240.0	241.0	242.0	243.0	244.0	245.0	246.0	247.0	248.0	249.0	250.0	251.0	252.0	253.0	254.0	255.0	256.0	257.0	258.0	259.0	260.0	261.0	262.0	263.0	264.0	265.0	266.0	267.0	268.0	269.0	270.0	271.0	272.0	273.0	274.0	275.0	276.0	277.0	278.0	279.0	280.0	281.0	282.0	283.0	284.0	285.0	286.0	287.0	288.0	289.0	290.0	291.0	292.0	293.0	294.0	295.0	296.0	297.0	298.0	298.0	299.0	300.0	301.0
4028.5172736890236
