3190.9106640459313	300.0	2000.0	73.68206088403366	0	0.0	3190.9106640459313	1	0	1	-0.657385477940518
3612.838038273694	2000.0	2578.0726257722376	0.0	0	0.0	3190.9106640459313	1	0	1	-0.2174494155428044
4977.67584955184	6000.0	2213.234814494092	0.0	0	0.0	3190.9106640459313	1	0	1	1.679670569343077
5482.8268466639865	3000.0	2657.568717670731	0.0	0	0.0	3140.3955643347167	1	0	2	0.9999311618657529
6426.355566892459	6000.0	2714.039997442259	0.0	0	0.0	3140.395564334717	1	0	1	1.8957277061316247
7528.820640314629	6000.0	2611.57492402009	0.0	0	0.0	3140.395564334717	1	0	1	2.7888748866915694
8602.82945161049	6000.0	2537.566112724228	0.0	0	0.0	3140.3955643347163	1	0	1	2.78887488669157
9553.482263727132	6000.0	2586.913300607587	0.0	0	0.0	3140.395564334717	1	0	1	2.78887488669157
10863.072981867936	6000.0	2277.322582466781	0.0	0	0.0	3140.3955643347144	1	0	1	2.78887488669157
12008.895187233788	6000.0	2131.50037710093	0.0	0	0.0	3140.3955643347144	1	0	1	2.7888748866915702
12999.571327860356	6000.0	2140.82423647436	0.0	0	0.0	3140.3955643347144	1	0	1	2.7888748866915702
13443.350027770693	3000.0	2652.6676665729874	0.0	0	0.0	3096.017694343678	1	0	2	1.0092533691305938
14200.0	3000.0	2820.3526971207516	0.0	0	105.1048934434657	3020.3526971207484	1	0	2	1.914492478456998
15397.810587233276	6000.0	2622.542109887476	0.0	0	0.0	3020.3526971207484	1	0	1	1.9190601625763368
16426.45765834868	6000.0	2593.8950387720683	0.0	0	0.0	3020.3526971207484	1	0	1	2.812207343136282
17364.86357746487	6000.0	2655.4891196558783	0.0	0	0.0	3020.3526971207466	1	0	1	2.812207343136283
18447.536818259458	6000.0	2572.8158788612864	0.0	0	0.0	3020.352697120743	1	0	1	2.812207343136283
19429.6506041468	6000.0	2590.702092973943	0.0	0	0.0	3020.352697120743	1	0	1	2.8122073431362833
20302.81168593235	6000.0	2717.5410111883925	0.0	0	0.0	3020.3526971207466	1	0	1	2.812207343136283
21470.597630689394	6000.0	2549.7550664313494	0.0	0	0.0	3020.352697120743	1	0	1	2.8122073431362833
22319.739771882112	6000.0	2700.6129252386268	0.0	0	0.0	3020.352697120743	1	0	1	2.8122073431362833
23200.0	6000.0	2820.352697120744	0.0	0	55.91242471974692	3020.352697120743	1	0	1	2.8122073431362833
24216.52358093148	6000.0	2803.8291161892607	0.0	0	0.0	3020.352697120743	1	0	1	2.8122073431362833
25200.0	6000.0	2820.352697120742	0.0	0	213.92980804656327	3020.3526971207466	1	0	1	2.812207343136283
26253.609704362785	6000.0	2766.7429927579587	0.0	0	0.0	3020.3526971207466	1	0	1	2.812207343136283
27499.89888298727	6000.0	2520.4538141334765	0.0	0	0.0	3020.3526971207466	1	0	1	2.812207343136283
28200.0	6000.0	2820.352697120744	0.0	0	76.79438955299338	3020.3526971207466	1	0	1	2.812207343136283
29200.0	6000.0	2820.352697120745	0.0	0	292.18709385818875	3020.3526971207466	1	0	1	2.812207343136283
30200.0	6000.0	2820.3526971207452	0.0	0	154.0230501154765	3020.352697120743	1	0	1	2.8122073431362833
31252.69164417298	6000.0	2767.6610529477653	0.0	0	0.0	3020.3526971207466	1	0	1	2.812207343136283
32806.53245580786	6000.0	2213.820241312891	0.0	0	0.0	3020.3526971207466	1	0	1	2.812207343136283
33697.500224765296	6000.0	2322.852472355453	0.0	0	0.0	3020.3526971207466	1	0	1	2.812207343136283
34604.06336158516	6000.0	2416.2893355355895	0.0	0	0.0	3020.352697120754	1	0	1	2.8122073431362815
35526.2695340195	6000.0	2494.0831631012543	0.0	0	0.0	3020.3526971207575	1	0	1	2.812207343136281
36410.601925492934	6000.0	2609.750771627826	0.0	0	0.0	3020.352697120761	1	0	1	2.8122073431362797
37803.01167311096	6000.0	2217.3410240098046	0.0	0	0.0	3020.352697120761	1	0	1	2.8122073431362797
38745.12724316547	6000.0	2275.22545395529	0.0	0	0.0	3020.352697120761	1	0	1	2.8122073431362797
40249.00913647959	6000.0	1771.3435606411738	0.0	0	0.0	3020.3526971207684	1	0	1	2.812207343136279
40920.112810638464	3000.0	2033.129519066413	0.0	0	0.0	2953.2423297048736	1	0	2	1.0348737643276804
41348.744302442945	3000.0	2561.634878081476	0.0	0	0.0	2910.379180524418	1	0	2	1.9367505267635599
42200.15971967965	6000.0	2710.219460844774	0.0	0	0.0	2910.379180524418	1	0	1	1.9383258975175337
43744.89104692856	6000.0	2165.488133595863	0.0	0	0.0	2910.3791805244255	1	0	1	2.8314730780774777
44748.1091190111	6000.0	2162.2700615133263	0.0	0	0.0	2910.3791805244255	1	0	1	2.8314730780774777
45949.63297672949	6000.0	1960.746203794933	0.0	0	0.0	2910.379180524418	1	0	1	2.8314730780774786
46913.44877529616	6000.0	1996.93040522827	0.0	0	0.0	2910.379180524418	1	0	1	2.8314730780774786
47725.83280551674	3000.0	2103.3079719856387	0.0	0	0.0	2829.1407775023617	1	0	2	1.054632305038071
48507.7033297746	3000.0	2243.2503953019896	0.0	0	0.0	2750.953725076579	1	0	2	1.9603752370383862
49691.447684482635	6000.0	2059.5060405939576	0.0	0	0.0	2750.953725076579	1	0	1	1.9630308926714384
51112.37362613492	6000.0	1638.5800989416725	0.0	0	0.0	2750.953725076579	1	0	1	2.8561780732313835
51859.13779074564	3000.0	1817.139517869876	0.0	0	0.0	2676.2773086155066	1	0	2	1.0775826576063503
52889.96939699599	3000.0	1683.2247509944962	0.0	0	0.0	2573.194147990478	1	0	2	1.9833361270967724
53559.4791204056	3000.0	1946.7640552439168	0.0	0	0.0	2506.243175649499	1	0	2	1.9925025939462733
54451.39387746945	3000.0	1965.657822473689	0.0	0	0.0	2417.0516999431056	1	0	2	2.002254561318911
55200.0	3000.0	2142.191087690083	0.0	0	97.48550725427776	2342.191087690044	1	0	2	2.009550555065126
56200.0	3000.0	2042.1910876900815	0.0	0	263.16006315671257	2242.1910876900292	1	0	2	2.018009851851956
57345.66959215304	6000.0	1896.5214955370375	0.0	0	0.0	2242.1910876900292	1	0	1	2.021264721974678
58240.031895932465	6000.0	2002.1591917576145	0.0	0	0.0	2242.191087690022	1	0	1	2.9144119025346242
59200.0	6000.0	2042.1910876900847	0.0	0	447.9891322855692	2242.1910876900292	1	0	1	2.9144119025346233
60200.21023511799	6000.0	2041.9808525720925	0.0	0	78.38192303987307	2242.1910876900292	1	0	1	2.9144119025346233
61498.75586722676	6000.0	1743.435220463325	0.0	0	0.0	2242.1910876900292	1	0	1	2.9144119025346233
62385.865359988995	6000.0	1856.3257277010885	0.0	0	0.0	2242.1910876900292	1	0	1	2.9144119025346233
63200.0	6000.0	2042.1910876900897	0.0	0	15.643978907100973	2242.1910876900365	1	0	1	2.9144119025346225
64492.32300042524	6000.0	1749.8680872648565	0.0	0	0.0	2242.1910876900365	1	0	1	2.9144119025346225
65615.85648779328	6000.0	1626.3345998968136	0.0	0	0.0	2242.1910876900365	1	0	1	2.9144119025346225
66603.986590194	6000.0	1638.2044974960938	0.0	0	0.0	2242.191087690051	1	0	1	2.9144119025346216
67557.97262989439	6000.0	1684.218457795721	0.0	0	0.0	2242.1910876900583	1	0	1	2.9144119025346216
68439.18960500971	6000.0	1803.001482680384	0.0	0	0.0	2242.191087690051	1	0	1	2.9144119025346216
69232.59630661856	6000.0	2009.594781071517	0.0	0	0.0	2242.191087690051	1	0	1	2.9144119025346216
70200.0	6000.0	2042.1910876900802	0.0	0	175.08781743342115	2242.191087690051	1	0	1	2.9144119025346216
71200.0	6000.0	2042.1910876900902	0.0	0	223.35102431358246	2242.191087690051	1	0	1	2.9144119025346216
72614.8067009268	6000.0	1627.3843867632977	0.0	0	0.0	2242.191087690051	1	0	1	2.9144119025346216
73200.0	3000.0	2042.1910876901075	0.0	0	39.5023564415751	2242.191087690051	1	0	1	1.5281175414147317
74200.0	6000.0	2042.1910876901125	0.0	0	149.40678252741054	2242.191087690051	1	0	1	2.2212647219746766
75200.0	6000.0	2042.191087690108	0.0	0	276.8920640039869	2242.191087690051	1	0	1	2.9144119025346216
76200.0	6000.0	2042.191087690121	0.0	0	441.878491861411	2242.1910876900656	1	0	1	2.9144119025346207
77296.96240543715	6000.0	1945.2286822529652	0.0	0	0.0	2242.19108769008	1	0	1	2.914411902534619
78200.0	6000.0	2042.1910876901056	0.0	0	82.69996691141569	2242.1910876900656	1	0	1	2.9144119025346207
79200.0	6000.0	2042.191087690096	0.0	0	16.574571795208612	2242.1910876900656	1	0	1	2.9144119025346207
80203.54029857389	6000.0	2038.6507891162098	0.0	0	0.0	2242.1910876900656	1	0	1	2.9144119025346207
81233.41251727556	6000.0	2008.7785704145408	0.0	0	0.0	2242.191087690051	1	0	1	2.9144119025346216
82524.81445399826	6000.0	1717.3766336918363	0.0	0	0.0	2242.191087690051	1	0	1	2.9144119025346216
83882.84976459765	6000.0	1359.341323092453	0.0	0	0.0	2242.191087690051	1	0	1	2.9144119025346216
85059.45773440378	6000.0	1182.73335328632	0.0	0	0.0	2242.1910876900365	1	0	1	2.9144119025346225
86446.77471570362	6000.0	795.4163719864667	0.0	0	0.0	2242.191087690022	1	0	1	2.9144119025346242
86778.84553281196	2000.0	1463.345554878128	0.0	0	0.0	2242.191087690022	1	0	1	0.7171873251984049
87260.29059085781	2000.0	1981.9004968322695	0.0	0	0.0	2242.191087690022	1	0	1	1.8157996138665145
88200.0	6000.0	2042.1910876900643	0.0	0	8.86780275554338	2242.191087690022	1	0	1	1.8157996138665147
89456.44917055896	6000.0	1785.7419171311	0.0	0	0.0	2242.191087690022	1	0	1	2.9144119025346242
90200.0	6000.0	2042.1910876900488	0.0	0	17.873084207822103	2242.191087690022	1	0	1	2.9144119025346242
91249.63279702411	6000.0	1992.5582906659406	0.0	0	0.0	2242.1910876900074	1	0	1	2.9144119025346256
92510.20888812112	6000.0	1731.9821995689376	0.0	0	0.0	2242.1910876900074	1	0	1	2.9144119025346256
93541.44396625561	6000.0	1700.747121434442	0.0	0	0.0	2242.191087689993	1	0	1	2.9144119025346265
94341.01591786672	6000.0	1901.175169823326	0.0	0	0.0	2242.1910876900074	1	0	1	2.9144119025346256
95325.49282942193	6000.0	1916.6982582681142	0.0	0	0.0	2242.1910876900074	1	0	1	2.9144119025346256
96385.40889760468	6000.0	1856.7821900853678	0.0	0	0.0	2242.1910876900074	1	0	1	2.9144119025346256
97509.19080356936	6000.0	1733.000284120683	0.0	0	0.0	2242.1910876900074	1	0	1	2.9144119025346256
99125.74271610055	6000.0	1116.448371589509	0.0	0	0.0	2242.1910876900074	1	0	1	2.9144119025346256
99868.2380449392	3000.0	1373.9530427508694	0.0	0	0.0	2242.191087690022	1	0	1	1.5281175414147343
100381.16179394016	3000.0	1809.7369188497987	0.0	0	0.0	2190.898712789931	1	0	2	1.8246693903529243
101561.05668411302	6000.0	1629.8420286769515	0.0	0	0.0	2190.8987127899163	1	0	1	2.025726281223786
102939.12115893373	6000.0	1251.7775538562473	0.0	0	0.0	2190.8987127899018	1	0	1	2.9188734617837326
104056.05363491549	6000.0	1134.8450778744962	0.0	0	0.0	2190.898712789887	1	0	1	2.9188734617837335
105019.24141887062	6000.0	1171.6572939193852	0.0	0	0.0	2190.898712789887	1	0	1	2.9188734617837335
105320.58537512756	3000.0	1870.313337662437	0.0	0	0.0	2190.898712789887	1	0	1	1.532579100663844
106200.0	6000.0	1990.8987127899927	0.0	0	321.17258491399116	2190.8987127899018	1	0	1	2.2257262812237877
107200.0	6000.0	1990.8987127899843	0.0	0	27.16653420891089	2190.8987127899018	1	0	1	2.9188734617837326
108200.0	6000.0	1990.8987127899773	0.0	0	262.2056846886553	2190.8987127899018	1	0	1	2.9188734617837326
109200.0	6000.0	1990.8987127899645	0.0	0	213.31581898531294	2190.8987127899018	1	0	1	2.9188734617837326
110207.59431334864	6000.0	1983.3043994413108	0.0	0	0.0	2190.8987127899018	1	0	1	2.9188734617837326
111475.4305254413	6000.0	1715.4681873486486	0.0	0	0.0	2190.898712789887	1	0	1	2.9188734617837335
112574.6246184383	6000.0	1616.2740943516328	0.0	0	0.0	2190.898712789887	1	0	1	2.9188734617837335
113362.15525105315	6000.0	1828.743461736801	0.0	0	0.0	2190.8987127899018	1	0	1	2.9188734617837326
114200.0	6000.0	1990.898712789949	0.0	0	228.2846093485423	2190.8987127899018	1	0	1	2.9188734617837326
115343.7930005758	6000.0	1847.105712214161	0.0	0	0.0	2190.8987127899018	1	0	1	2.9188734617837326
116674.0588628232	6000.0	1516.8398499667628	0.0	0	0.0	2190.8987127899018	1	0	1	2.9188734617837326
117621.07960025284	6000.0	1569.8191125371532	0.0	0	0.0	2190.8987127899018	1	0	1	2.9188734617837326
118642.46144910493	6000.0	1548.4372636850603	0.0	0	0.0	2190.8987127899018	1	0	1	2.9188734617837326
119200.0	3000.0	1935.1448577004905	0.0	0	28.216726324812043	2135.1448577004194	1	0	2	1.1361089347783526
120200.0	6000.0	1935.1448577004837	0.0	0	249.4650752574962	2135.1448577004194	1	0	1	2.0303339270988365
121200.0	6000.0	1935.1448577004899	0.0	0	233.85376069710765	2135.1448577004194	1	0	1	2.923481107658782
122219.13800745881	6000.0	1916.0068502416686	0.0	0	0.0	2135.1448577004194	1	0	1	2.923481107658782
123688.23028375932	6000.0	1446.9145739411574	0.0	0	0.0	2135.1448577004194	1	0	1	2.923481107658782
124502.26358954883	6000.0	1632.8812681516429	0.0	0	0.0	2135.1448577004194	1	0	1	2.923481107658782
125282.89113583934	6000.0	1852.2537218611515	0.0	0	0.0	2135.1448577004194	1	0	1	2.923481107658782
126556.19130297475	6000.0	1578.9535547257506	0.0	0	0.0	2135.1448577004194	1	0	1	2.923481107658782
127981.52241517778	6000.0	1153.6224425227228	0.0	0	0.0	2135.1448577004194	1	0	1	2.923481107658782
128539.937577253	3000.0	1595.2072804474976	0.0	0	0.0	2135.1448577004194	1	0	1	1.5371867465388922
129374.24948592931	3000.0	1760.8953717711868	0.0	0	0.0	2135.1448577004194	1	0	1	2.230333927098837
130402.17590180473	6000.0	1732.9689558957552	0.0	0	0.0	2135.1448577004194	1	0	1	2.2303339270988367
131723.27307139096	6000.0	1411.8717863095123	0.0	0	0.0	2135.144857700405	1	0	1	2.923481107658783
132200.0	3000.0	1935.1448577004617	0.0	0	8.337987121543847	2135.144857700405	1	0	1	1.537186746538893
133235.7795964164	6000.0	1899.3652612840824	0.0	0	0.0	2135.1448577004194	1	0	1	2.2303339270988376
134250.03619849595	6000.0	1885.1086592045474	0.0	0	0.0	2135.1448577004194	1	0	1	2.923481107658782
135627.21156561543	6000.0	1507.9332920850682	0.0	0	0.0	2135.1448577003903	1	0	1	2.923481107658784
136226.55760682293	3000.0	1908.5872508775713	0.0	0	0.0	2135.1448577003903	1	0	1	1.5371867465388944
137409.41044698606	6000.0	1725.734410714456	0.0	0	0.0	2135.1448577004194	1	0	1	2.2303339270988367
138248.0020748457	6000.0	1887.1427828548594	0.0	0	0.0	2135.1448577004194	1	0	1	2.923481107658782
139288.5706959143	6000.0	1846.5741617862873	0.0	0	0.0	2135.1448577004194	1	0	1	2.923481107658782
140200.0	6000.0	1935.1448577006124	0.0	0	277.9241926311224	2135.1448577004485	1	0	1	2.9234811076587794
141491.61344998376	6000.0	1643.5314077168189	0.0	0	0.0	2135.1448577004485	1	0	1	2.9234811076587794
142514.05126453744	6000.0	1621.093593163157	0.0	0	0.0	2135.1448577004485	1	0	1	2.9234811076587794
143528.85722022533	6000.0	1606.2876374752755	0.0	0	0.0	2135.1448577004485	1	0	1	2.9234811076587794
144475.44119511705	6000.0	1659.7036625835578	0.0	0	0.0	2135.1448577004776	1	0	1	2.9234811076587777
145481.58830826427	6000.0	1653.5565494363882	0.0	0	0.0	2135.1448577004776	1	0	1	2.9234811076587777
146200.0	6000.0	1935.144857700662	0.0	0	85.73432131361915	2135.1448577004776	1	0	1	2.9234811076587777
147268.89109503763	6000.0	1866.2537626630244	0.0	0	0.0	2135.1448577004776	1	0	1	2.9234811076587777
148344.95080308962	6000.0	1790.1940546110227	0.0	0	0.0	2135.1448577004776	1	0	1	2.9234811076587777
149394.76846678028	6000.0	1740.3763909203542	0.0	0	0.0	2135.1448577004776	1	0	1	2.9234811076587777
150494.80664607012	6000.0	1640.338211630502	0.0	0	0.0	2135.1448577004776	1	0	1	2.9234811076587777
151683.0176682308	6000.0	1452.1271894697875	0.0	0	0.0	2135.1448577004776	1	0	1	2.9234811076587777
152539.04542538594	6000.0	1596.0994323146685	0.0	0	0.0	2135.1448577005067	1	0	1	2.9234811076587746
153897.41915755812	6000.0	1237.725700142464	0.0	0	0.0	2135.1448577005067	1	0	1	2.9234811076587746
154323.49674446954	2000.0	1811.648113231044	0.0	0	0.0	2135.1448577005067	1	0	1	0.7262565303225557
155242.62629368564	6000.0	1892.5185640149612	0.0	0	0.0	2135.144857700536	1	0	1	1.824868818990664
156274.1662956375	6000.0	1860.9785620630928	0.0	0	0.0	2135.144857700536	1	0	1	2.9234811076587723
157200.0	6000.0	1935.144857700563	0.0	0	33.910495468677254	2135.144857700565	1	0	1	2.92348110765877
158200.0	6000.0	1935.144857700543	0.0	0	190.02747867984	2135.144857700594	1	0	1	2.9234811076587697
159200.0	6000.0	1935.1448577005278	0.0	0	322.02772793671465	2135.144857700594	1	0	1	2.923481107658768
160584.36939239013	6000.0	1550.775465310385	0.0	0	0.0	2135.144857700565	1	0	1	2.92348110765877
161987.2129843534	6000.0	1147.9318733471443	0.0	0	0.0	2135.144857700565	1	0	1	2.92348110765877
162688.5622507686	3000.0	1446.5826069319937	0.0	0	0.0	2135.144857700565	1	0	1	1.5371867465388804
163200.0	3000.0	1884.001082777425	0.0	0	7.778173952741781	2084.001082777395	1	0	2	1.8333475279171296
164224.0333092829	6000.0	1859.9677734945108	0.0	0	0.0	2084.001082777395	1	0	1	2.034349351639402
165287.46224499765	6000.0	1796.538837779783	0.0	0	0.0	2084.001082777424	1	0	1	2.9274965321993456
166252.4029359624	6000.0	1831.598146815043	0.0	0	0.0	2084.001082777395	1	0	1	2.927496532199347
167202.45448977596	6000.0	1881.5465930014655	0.0	0	0.0	2084.001082777395	1	0	1	2.927496532199347
168200.0	6000.0	1884.0010827774024	0.0	0	155.65922797852545	2084.001082777395	1	0	1	2.927496532199347
169200.0	6000.0	1884.0010827773865	0.0	0	54.19079101859825	2084.001082777366	1	0	1	2.927496532199349
170200.0	6000.0	1884.0010827773847	0.0	0	190.99662460180116	2084.001082777395	1	0	1	2.927496532199347
171200.0	6000.0	1884.0010827773797	0.0	0	104.74468951742165	2084.001082777395	1	0	1	2.927496532199347
172249.13071006106	6000.0	1834.8703727163252	0.0	0	0.0	2084.001082777366	1	0	1	2.927496532199349
173200.0	6000.0	1884.0010827773751	0.0	0	123.60560343333054	2084.001082777366	1	0	1	2.927496532199349
174259.97624705455	6000.0	1824.024835722807	0.0	0	0.0	2084.0010827773367	1	0	1	2.9274965321993514
175200.0	6000.0	1884.0010827773724	0.0	0	93.75785165818525	2084.001082777366	1	0	1	2.927496532199351
176218.48808739154	6000.0	1865.5129953858147	0.0	0	0.0	2084.001082777366	1	0	1	2.927496532199349
177200.0	6000.0	1884.0010827773472	0.0	0	360.4062234140001	2084.001082777366	1	0	1	2.927496532199349
178200.0	6000.0	1884.0010827773394	0.0	0	62.46022509667091	2084.001082777366	1	0	1	2.927496532199349
179200.0	6000.0	1884.0010827772978	0.0	0	430.36987409822177	2084.0010827773076	1	0	1	2.927496532199352
180585.64500373785	6000.0	1498.356079039419	0.0	0	0.0	2084.0010827773076	1	0	1	2.9274965321993536
182002.03985887129	6000.0	1081.961223905944	0.0	0	0.0	2084.0010827773076	1	0	1	2.9274965321993536
182550.92760666748	3000.0	1533.0734761097312	0.0	0	0.0	2084.0010827773076	1	0	1	1.5412021710794637
183497.28602081377	6000.0	1586.7150619634263	0.0	0	0.0	2084.0010827773076	1	0	1	2.2343493516394086
184578.40415977253	6000.0	1505.5969230046849	0.0	0	0.0	2084.0010827773076	1	0	1	2.9274965321993536
186095.5052722918	6000.0	988.4958104854504	0.0	0	0.0	2084.001082777366	1	0	1	2.927496532199351
186507.20320166147	2000.0	1576.7978811157818	0.0	0	0.0	2084.001082777366	1	0	1	0.7302719548631298
187200.0	3000.0	1814.721402943383	0.0	0	103.31778740976006	2014.7214029435418	1	0	2	1.4323915539490761
188619.35404092172	6000.0	1395.367362021654	0.0	0	0.0	2014.7214029435418	1	0	1	2.039483252501254
189307.46325149364	2000.0	1707.2581514497163	0.0	0	0.0	2014.7214029435127	1	0	1	0.7354058557249814
190200.0	3000.0	1814.7214029433555	0.0	0	17.425872513791546	2014.7214029435127	1	0	1	1.8340181443930916
191200.0	6000.0	1814.7214029433437	0.0	0	111.61024611111498	2014.7214029435127	1	0	1	2.2394832525012562
192444.93908450042	6000.0	1569.7823184429187	0.0	0	0.0	2014.7214029435418	1	0	1	2.9326304330612
193493.53707304905	6000.0	1521.1843298943384	0.0	0	0.0	2014.7214029435418	1	0	1	2.932630433061199
194905.29946649002	6000.0	1109.4219364533647	0.0	0	0.0	2014.7214029435418	1	0	1	2.932630433061199
195343.5317146071	3000.0	1671.1896883363163	0.0	0	0.0	2014.7214029435418	1	0	1	1.5463360719413093
197116.84992375266	6000.0	897.8714791907424	0.0	0	0.0	2014.7214029435127	1	0	1	2.239483252501256
197513.70757285555	2000.0	1501.0138300878539	0.0	0	0.0	2014.7214029435127	1	0	1	0.7354058557249818
198200.0	2000.0	1814.7214029433942	0.0	0	283.19817525034887	2014.7214029435127	1	0	1	1.8340181443930914
199363.47513911175	6000.0	1651.2462638316692	0.0	0	0.0	2014.7214029435127	1	0	1	1.8340181443930916
200371.4005385826	6000.0	1643.3208643608443	0.0	0	0.0	2014.7214029435127	1	0	1	2.9326304330612016
201425.3216481808	6000.0	1589.3997547625868	0.0	0	0.0	2014.7214029435127	1	0	1	2.932630433061201
202287.05979288372	3000.0	1727.6616100596718	0.0	0	0.0	2014.7214029435418	1	0	1	1.5463360719413102
203273.83324455546	3000.0	1642.210813220751	0.0	0	0.0	1916.0440577763366	1	0	2	1.8447339466391988
204533.68482425204	6000.0	1382.359233524175	0.0	0	0.0	1916.0440577763075	1	0	1	2.0462283844399725
205335.46072202496	3000.0	1580.5833357512563	0.0	0	0.0	1916.0440577762784	1	0	1	1.5530812038800297
206200.0	3000.0	1716.0440577762354	0.0	0	380.60083221338573	1916.0440577762784	1	0	1	2.246228384439975
207200.0	6000.0	1716.0440577762436	0.0	0	354.88718612480443	1916.0440577762784	1	0	1	2.2462283844399744
208200.0	6000.0	1716.0440577762406	0.0	0	338.5613391676452	1916.0440577762784	1	0	1	2.9393755649999194
209200.0	6000.0	1716.0440577762513	0.0	0	280.2541604365979	1916.0440577762492	1	0	1	2.9393755649999216
210772.39354392557	6000.0	1143.6505138507016	0.0	0	0.0	1916.0440577762492	1	0	1	2.9393755649999216
211814.93047067744	6000.0	1101.1135870988533	0.0	0	0.0	1916.0440577762492	1	0	1	2.9393755649999216
212736.6903304436	6000.0	1179.3537273326683	0.0	0	0.0	1916.0440577762201	1	0	1	2.9393755649999234
213217.11988079495	3000.0	1698.9241769812852	0.0	0	0.0	1916.044057776191	1	0	1	1.5530812038800348
214200.0	6000.0	1716.0440577762436	0.0	0	19.165329821407795	1916.044057776191	1	0	1	2.2462283844399806
215200.0	6000.0	1716.0440577762342	0.0	0	226.3966663503379	1916.044057776191	1	0	1	2.939375564999925
216245.5164646312	6000.0	1670.527593145034	0.0	0	0.0	1916.044057776191	1	0	1	2.939375564999925
217200.0	6000.0	1716.0440577762324	0.0	0	103.96465904387878	1916.044057776191	1	0	1	2.939375564999925
218209.56259130884	6000.0	1706.48146646737	0.0	0	0.0	1916.0440577762201	1	0	1	2.9393755649999243
219200.0	6000.0	1716.044057776213	0.0	0	414.7159298892657	1916.0440577762201	1	0	1	2.9393755649999234
220200.0	6000.0	1716.0440577762133	0.0	0	343.42763608446694	1916.0440577762201	1	0	1	2.9393755649999234
221292.51078731328	6000.0	1623.5332704629266	0.0	0	0.0	1916.0440577762201	1	0	1	2.9393755649999234
222200.0	2000.0	1716.0440577762042	0.0	0	263.00807684706524	1916.0440577762201	1	0	1	0.7421509876637039
223201.45426013722	6000.0	1714.5897976389904	0.0	0	0.0	1916.0440577762201	1	0	1	1.8407632763318136
224200.0	6000.0	1716.044057776188	0.0	0	251.25387168175075	1916.044057776191	1	0	1	2.939375564999925
225200.0	6000.0	1716.0440577761813	0.0	0	168.47765604392043	1916.044057776162	1	0	1	2.9393755649999256
226203.3552227241	6000.0	1712.6888350521344	0.0	0	0.0	1916.044057776162	1	0	1	2.939375564999927
227200.0	6000.0	1716.0440577762354	0.0	0	23.73371254018275	1916.044057776191	1	0	1	2.939375564999926
228200.0	6000.0	1716.04405777621	0.0	0	47.83484745735768	1916.044057776191	1	0	1	2.939375564999925
229260.68953323318	6000.0	1655.3545245430355	0.0	0	0.0	1916.044057776191	1	0	1	2.939375564999925
230200.0	6000.0	1716.044057776234	0.0	0	233.27675516108866	1916.044057776191	1	0	1	2.939375564999925
231200.0	6000.0	1716.0440577762415	0.0	0	196.3241434202646	1916.044057776191	1	0	1	2.939375564999925
232607.71522042656	6000.0	1308.3288373496598	0.0	0	0.0	1916.044057776191	1	0	1	2.939375564999925
233438.68331037243	6000.0	1477.3607474037797	0.0	0	0.0	1916.044057776191	1	0	1	2.939375564999925
234570.1840887212	6000.0	1345.859969055005	0.0	0	0.0	1916.044057776191	1	0	1	2.939375564999926
235530.09711661108	6000.0	1385.9469411651128	0.0	0	0.0	1916.044057776191	1	0	1	2.939375564999925
236433.34318205636	6000.0	1482.7008757198698	0.0	0	0.0	1916.044057776191	1	0	1	2.939375564999925
237503.0791174681	6000.0	1412.9649403081305	0.0	0	0.0	1916.0440577762201	1	0	1	2.9393755649999234
238200.0	3000.0	1716.0440577762065	0.0	0	87.26576192639186	1916.044057776191	1	0	1	1.5530812038800341
239200.0	6000.0	1716.0440577761901	0.0	0	216.97877461015014	1916.044057776191	1	0	1	2.2462283844399806
240200.0	6000.0	1716.044057776185	0.0	0	0.14882760265027173	1916.044057776191	1	0	1	2.939375564999925
241418.58758974826	6000.0	1497.4564680279339	0.0	0	0.0	1916.044057776191	1	0	1	2.939375564999925
242379.44840238077	6000.0	1536.5956553954222	0.0	0	0.0	1916.044057776162	1	0	1	2.939375564999926
243309.35674315062	6000.0	1606.6873146255416	0.0	0	0.0	1916.044057776162	1	0	1	2.939375564999927
244200.0	6000.0	1716.0440577761801	0.0	0	82.35869549092604	1916.044057776191	1	0	1	2.939375564999927
245200.0	6000.0	1716.0440577761865	0.0	0	195.55285549286054	1916.044057776191	1	0	1	2.939375564999925
246200.0	6000.0	1716.0440577761476	0.0	0	229.74725125770783	1916.044057776191	1	0	1	2.939375564999925
247588.46119988876	6000.0	1327.582857887415	0.0	0	0.0	1916.044057776191	1	0	1	2.939375564999925
248548.02237515384	6000.0	1368.0216826223123	0.0	0	0.0	1916.044057776162	1	0	1	2.939375564999927
249628.51500009696	6000.0	1287.5290576792036	0.0	0	0.0	1916.0440577761328	1	0	1	2.939375564999929
250929.39087555415	6000.0	986.6531822220005	0.0	0	0.0	1916.0440577761328	1	0	1	2.939375564999929
251304.7706608512	2000.0	1611.2733969249575	0.0	0	0.0	1916.0440577761037	1	0	1	0.7421509876637117
252407.10271265742	6000.0	1508.9413451187534	0.0	0	0.0	1916.0440577761037	1	0	1	1.8407632763318214
253545.17020850655	6000.0	1370.8738492696093	0.0	0	0.0	1916.0440577761037	1	0	1	2.939375564999931
254351.41587592402	6000.0	1564.6281818521445	0.0	0	0.0	1916.0440577760746	1	0	1	2.9393755649999327
255340.92609306768	6000.0	1575.11796470847	0.0	0	0.0	1916.0440577760746	1	0	1	2.9393755649999322
256494.2251208625	6000.0	1421.818936913611	0.0	0	0.0	1916.0440577760746	1	0	1	2.9393755649999327
257594.82207736216	6000.0	1321.2219804139825	0.0	0	0.0	1916.0440577760746	1	0	1	2.9393755649999327
258729.64032515715	6000.0	1186.4037326189818	0.0	0	0.0	1916.0440577760746	1	0	1	2.9393755649999327
259885.591109654	6000.0	1030.4529481221527	0.0	0	0.0	1916.0440577760746	1	0	1	2.9393755649999327
260917.21300613062	6000.0	998.8310516455081	0.0	0	0.0	1916.0440577760746	1	0	1	2.9393755649999327
261426.66400917902	3000.0	1489.3800485971312	0.0	0	0.0	1916.0440577760746	1	0	1	1.553081203880043
262430.9543365114	6000.0	1485.0897212647446	0.0	0	0.0	1916.0440577760746	1	0	1	2.246228384439986
263212.25520781416	6000.0	1703.7888499620049	0.0	0	0.0	1916.0440577760455	1	0	1	2.9393755649999345
264200.0	6000.0	1716.0440577761797	0.0	0	75.03338556899689	1916.0440577760455	1	0	1	2.939375564999934
265417.1337555245	6000.0	1498.9103022516406	0.0	0	0.0	1916.0440577761037	1	0	1	2.939375564999931
266830.0166348893	6000.0	1086.0274228868502	0.0	0	0.0	1916.0440577761037	1	0	1	2.939375564999932
267479.97618604044	3000.0	1436.0678717357814	0.0	0	0.0	1916.044057776162	1	0	1	1.5530812038800372
268395.39535808127	6000.0	1520.648699694993	0.0	0	0.0	1916.0440577762201	1	0	1	2.246228384439978
269360.730590881	6000.0	1555.313466895246	0.0	0	0.0	1916.044057776162	1	0	1	2.939375564999925
270319.68542883184	6000.0	1596.3586289444727	0.0	0	0.0	1916.0440577761037	1	0	1	2.939375564999931
271200.0	6000.0	1716.0440577762395	0.0	0	41.86249382450478	1916.0440577760455	1	0	1	2.939375564999932
272661.59478061646	6000.0	1254.4492771598568	0.0	0	0.0	1916.0440577760455	1	0	1	2.939375564999935
273452.1788738489	6000.0	1463.8651839273523	0.0	0	0.0	1916.0440577760455	1	0	1	2.939375564999935
274672.55695940217	6000.0	1243.4870983740857	0.0	0	0.0	1916.044057775929	1	0	1	2.939375564999941
276218.32570934907	6000.0	697.7183484271654	0.0	0	0.0	1916.044057775929	1	0	1	2.939375564999942
276520.51848582854	2000.0	1395.5255719476884	0.0	0	0.0	1916.0440577759873	1	0	1	0.7421509876637192
277200.0	2000.0	1716.044057776208	0.0	0	304.9509108826169	1916.0440577759873	1	0	1	1.840763276331829
278839.62354785885	6000.0	1076.42050991731	0.0	0	0.0	1916.0440577759873	1	0	1	1.8407632763318291
279200.0	2000.0	1716.0440577761237	0.0	0	49.25347525498364	1916.0440577759873	1	0	1	0.7421509876637185
280200.0	3000.0	1716.0440577761472	0.0	0	343.0529696746962	1916.0440577759873	1	0	1	1.840763276331829
281436.5156979153	6000.0	1479.528359860917	0.0	0	0.0	1916.0440577759873	1	0	1	2.246228384439993
282210.20127482485	6000.0	1705.8427829513691	0.0	0	0.0	1916.044057775929	1	0	1	2.939375564999942
283200.0	6000.0	1716.0440577762251	0.0	0	106.10574915277539	1916.0440577759873	1	0	1	2.9393755649999385
284200.0	6000.0	1716.04405777617	0.0	0	304.82534253492486	1916.0440577759873	1	0	1	2.9393755649999385
285675.6179270951	6000.0	1240.4261306811027	0.0	0	0.0	1916.044057775929	1	0	1	2.939375564999942
286634.15015708725	6000.0	1281.8939006889273	0.0	0	0.0	1916.044057775929	1	0	1	2.939375564999942
287843.94881549914	6000.0	1072.0952422770079	0.0	0	0.0	1916.044057775929	1	0	1	2.939375564999942
288707.94781016785	6000.0	1208.096247608211	0.0	0	0.0	1916.044057775929	1	0	1	2.939375564999942
289469.38092073705	6000.0	1446.6631370389991	0.0	0	0.0	1916.044057775929	1	0	1	2.939375564999942
290709.25032851077	6000.0	1206.7937292652518	0.0	0	0.0	1916.044057775929	1	0	1	2.939375564999942
291848.5285365051	6000.0	1067.5155212708778	0.0	0	0.0	1916.044057775929	1	0	1	2.939375564999942
292827.7002750849	6000.0	1088.343782691157	0.0	0	0.0	1916.0440577759873	1	0	1	2.9393755649999385
293787.7998117249	6000.0	1128.244246051165	0.0	0	0.0	1916.0440577759873	1	0	1	2.9393755649999385
294787.2104319069	6000.0	1128.8336258691165	0.0	0	0.0	1916.044057775929	1	0	1	2.939375564999942
295431.20374564064	6000.0	1484.8403121354027	0.0	0	0.0	1916.044057775929	1	0	1	2.939375564999942
296797.71417488874	6000.0	1118.3298828872817	0.0	0	0.0	1916.044057775871	1	0	1	2.9393755649999456
297225.95116026205	2000.0	1690.0928975139047	0.0	0	0.0	1916.044057775871	1	0	1	0.7421509876637269
298200.0	6000.0	1716.0440577759666	0.0	0	8.68733512883773	1916.044057775871	1	0	1	1.8407632763318365
299200.0	6000.0	1716.044057775954	0.0	0	168.9219491853728	1916.044057775871	1	0	1	2.939375564999949
300254.2382045618	6000.0	1661.8058532141197	0.0	0	0.0	1916.0440577758127	1	0	1	2.93937556499995
6.59	4.41	6.75	6.44	6.32	7.45	6.99	4.55	5.49	4.59	5.61	5.76	6.05	7.62	6.28	7.1	7.81	6.61	7.82	6.01	6.89	7.45	5.73	3.56	7.92	7.73	8.51	5.1	5.33	4.88	6.37	6.2	6.49	4.54	5.93	7.3	3.75	3.76	5.9	4.68	5.68	5.06	5.33	5.55	3.6	5.44	5.18	5.9	4.97	3.73	3.83	5.04	5.34	4.88	7.14	10.3	9.53	3.98	6.57	6.87	5.48	5.86	8.11	6.16	6.38	6.08	8.09	7.32	6.8	3.59	7.02	7.41	10.8	4.34	5.72	6.73	7.84	6.77	6.56	4.33	5.44	7.34	5.54	5.26	5.54	5.57	6.44	6.56	6.31	6.49	6.16	6.63	6.94	6.41	6.32	4.39	5.33	7.77	4.58	5.19	7.34	6.01	8.63	7.01	6.44	6.71	5.93	6.41	5.54	6.82	10.0	5.73	5.03	5.92	5.31	5.57	7.03	6.88	5.92	4.48	6.96	7.18	6.3	4.96	5.79	4.71	5.13	6.53	4.16	6.79	5.57	6.94	4.25	6.13	6.48	7.01	8.31	4.77	5.61	7.45	8.2	7.21	7.54	7.1	4.61	6.78	8.56	5.95	5.99	8.05	6.59	4.41	6.75	6.44	6.32	7.45	6.99	4.55	5.49	4.59	5.61	5.76	6.05	7.62	6.28	7.1	7.81	6.61	7.82	6.01	6.89	7.45	5.73	3.56	7.92	7.73	8.51	5.1	5.33	4.88	6.37	6.2	6.49	4.54	5.93	7.3	3.75	3.76	5.9	4.68	5.68	5.06	5.33	5.55	3.6	5.44	5.18	5.9	4.97	3.73	3.83	5.04	5.34	4.88	7.14	10.3	9.53	3.98	6.57	6.87	5.48	5.86	8.11	6.16	6.38	6.08	8.09	7.32	6.8	3.59	7.02	7.41	10.8	4.34	5.72	6.73	7.84	6.77	6.56	4.33	5.44	7.34	5.54	5.26	5.54	5.57	6.44	6.56	6.31	6.49	6.16	6.63	6.94	6.41	6.32	4.39	5.33	7.77	4.58	5.19	7.34	6.01	8.63	7.01	6.44	6.71	5.93	6.41	5.54	6.82	10.0	5.73	5.03	5.92	5.31	5.57	7.03	6.88	5.92	4.48	6.96	7.18	6.3	4.96	5.79	4.71	5.13	6.53	4.16	6.79	5.57	6.94	4.25	6.13	6.48	7.01	8.31	4.77	5.61	7.45	8.2	7.21	7.54	7.1	4.61	6.78	8.56	5.95	5.99	8.05	6.59
1.0	2.0	3.0	4.0	5.0	6.0	7.0	8.0	9.0	10.0	11.0	12.0	13.0	14.0	15.0	16.0	17.0	18.0	19.0	20.0	21.0	22.0	23.0	24.0	25.0	26.0	27.0	28.0	29.0	30.0	31.0	32.0	33.0	34.0	35.0	36.0	37.0	38.0	39.0	40.0	41.0	42.0	43.0	44.0	45.0	46.0	47.0	48.0	49.0	50.0	51.0	52.0	53.0	54.0	55.0	56.0	57.0	58.0	59.0	60.0	61.0	62.0	63.0	64.0	65.0	66.0	67.0	68.0	69.0	70.0	71.0	72.0	73.0	74.0	75.0	76.0	77.0	78.0	79.0	80.0	81.0	82.0	83.0	84.0	85.0	86.0	87.0	88.0	89.0	90.0	91.0	92.0	93.0	94.0	95.0	96.0	97.0	98.0	99.0	100.0	101.0	102.0	103.0	104.0	105.0	106.0	107.0	108.0	109.0	110.0	111.0	112.0	113.0	114.0	115.0	116.0	117.0	118.0	119.0	120.0	121.0	122.0	123.0	124.0	125.0	126.0	127.0	128.0	129.0	130.0	131.0	132.0	133.0	134.0	135.0	136.0	137.0	138.0	139.0	140.0	141.0	142.0	143.0	144.0	145.0	146.0	147.0	148.0	149.0	149.0	150.0	151.0	152.0	153.0	154.0	155.0	156.0	157.0	158.0	159.0	160.0	161.0	162.0	163.0	164.0	165.0	166.0	167.0	168.0	169.0	170.0	171.0	172.0	173.0	174.0	175.0	176.0	177.0	178.0	179.0	180.0	181.0	182.0	183.0	184.0	185.0	186.0	187.0	188.0	189.0	190.0	191.0	192.0	193.0	194.0	195.0	196.0	197.0	198.0	199.0	200.0	201.0	202.0	203.0	204.0	205.0	206.0	207.0	208.0	209.0	210.0	211.0	212.0	213.0	214.0	215.0	216.0	217.0	218.0	219.0	220.0	221.0	222.0	223.0	224.0	225.0	226.0	227.0	228.0	229.0	230.0	231.0	232.0	233.0	234.0	235.0	236.0	237.0	238.0	239.0	240.0	241.0	242.0	243.0	244.0	245.0	246.0	247.0	248.0	249.0	250.0	251.0	252.0	253.0	254.0	255.0	256.0	257.0	258.0	259.0	260.0	261.0	262.0	263.0	264.0	265.0	266.0	267.0	268.0	269.0	270.0	271.0	272.0	273.0	274.0	275.0	276.0	277.0	278.0	279.0	280.0	281.0	282.0	283.0	284.0	285.0	286.0	287.0	288.0	289.0	290.0	291.0	292.0	293.0	294.0	295.0	296.0	297.0	298.0	298.0	299.0
3028.1432671913153
