3213.2222185535284	300.0	2000.0	106.68190698375118	0	0.0	3213.2222185535284	1	0	1	-0.8584279278397412
3941.217146696505	2000.0	2272.0050718570233	0.0	0	0.0	3213.2222185535284	1	0	1	-0.222281010793707
4408.188203158011	2000.0	2758.336909749366	0.0	0	0.0	3166.5251129073768	1	0	2	1.2823734610090165
5200.0	3000.0	2887.3439332231787	0.0	0	239.4237454914446	3087.3439332231787	1	0	2	1.4946264911241995
6200.0	3000.0	2787.3439332231774	0.0	0	410.30615963719265	2987.3439332231774	1	0	2	1.9179783650220172
7689.076667890097	3000.0	2149.3595985440706	0.0	0	0.0	2838.436266434168	1	0	2	1.9435304016823156
8376.260911228208	2000.0	2393.456930872151	0.0	0	0.0	2769.717842100359	1	0	2	1.1472225650881636
9284.533448575658	3000.0	2394.357139789955	0.0	0	0.0	2678.8905883656125	1	0	2	1.564577679445334
10200.0	3000.0	2387.343933223178	0.0	0	169.403482791422	2587.343933223179	1	0	2	1.9810430606094107
11330.448052596914	3000.0	2143.8510753665714	0.0	0	0.0	2474.2991279634844	1	0	2	1.9949673575690916
12289.54624289528	3000.0	2088.8430660383683	0.0	0	0.0	2378.389308933647	1	0	2	2.0056370439991658
13200.0	3000.0	2087.343933223175	0.0	0	85.51742480096982	2287.3439332231756	1	0	2	2.014491084531979
14200.0	3000.0	1987.3439332231737	0.0	0	198.97318683142475	2187.3439332231756	1	0	2	2.023026235740869
15390.458989437833	3000.0	1677.8390448415564	0.0	0	0.0	2068.298034279391	1	0	2	2.0330244163798983
16200.0	2000.0	1868.2980342793892	0.0	0	156.11387650980578	2068.298034279391	1	0	1	1.2246129620193602
17200.0	3000.0	1768.2980342793876	0.0	0	237.40600449874546	1968.298034279389	1	0	2	1.4347525117549935
18200.0	3000.0	1668.2980342793862	0.0	0	186.83676632265997	1868.2980342793871	1	0	2	2.0470201410890807
19200.0	3000.0	1668.2980342793849	0.0	0	103.90565781197802	1868.2980342793817	1	0	1	2.0492682937873212
20338.69927133992	3000.0	1529.5987629394645	0.0	0	0.0	1868.298034279378	1	0	1	2.249268293787322
21200.0	2000.0	1668.298034279383	0.0	0	70.49402582141192	1868.2980342793817	1	0	1	1.4383380775709922
22200.0	3000.0	1568.298034279383	0.0	0	3.6633948533235525	1768.2980342793817	1	0	2	1.4484203267060365
24047.394527792192	6000.0	720.903506487192	0.0	0	0.0	1768.2980342793817	1	0	1	2.0551971308433803
24805.2711865899	2000.0	963.0268476894871	0.0	0	0.0	1768.2980342793817	1	0	1	0.7511197340671059
25320.53108013101	2000.0	1447.7669541483733	0.0	0	0.0	1768.2980342793817	1	0	1	1.8497320227352154
26200.0	2000.0	1568.2980342793878	0.0	0	398.74982003336845	1768.2980342793817	1	0	1	1.8497320227352154
27200.0	3000.0	1568.2980342793844	0.0	0	497.5162264906139	1768.298034279378	1	0	1	1.8497320227352159
28200.0	3000.0	1568.2980342793849	0.0	0	89.83956356439376	1768.298034279378	1	0	1	2.2551971308433805
29200.0	2000.0	1568.2980342793835	0.0	0	368.0324035700214	1768.298034279378	1	0	1	1.444266914627051
30200.0	2000.0	1568.298034279388	0.0	0	346.9346976802153	1768.298034279378	1	0	1	1.8497320227352156
31200.0	2000.0	1568.2980342793876	0.0	0	408.230083598457	1768.2980342793744	1	0	1	1.8497320227352159
32200.0	3000.0	1468.2980342793858	0.0	0	513.1968951971794	1668.2980342793744	1	0	2	1.4530468755637989
33200.0	2000.0	1468.2980342793855	0.0	0	390.3450362153417	1668.2980342793708	1	0	1	1.2496469587560801
34200.0	2000.0	1468.2980342793921	0.0	0	353.45578577386186	1668.298034279378	1	0	1	1.855112066864245
35200.0	3000.0	1468.2980342793876	0.0	0	290.40798782002094	1668.2980342793744	1	0	1	1.855112066864245
36992.61019326048	6000.0	675.6878410189099	0.0	0	0.0	1668.2980342793744	1	0	1	2.2605771749724095
37420.36429466411	2000.0	1247.9337396152716	0.0	0	0.0	1668.2980342793744	1	0	1	0.7564997781961352
38200.0	2000.0	1468.2980342793815	0.0	0	358.2923790236091	1668.2980342793817	1	0	1	1.8551120668642445
39200.0	3000.0	1468.2980342793837	0.0	0	154.18834780534962	1668.2980342793817	1	0	1	1.8551120668642447
40200.0	2000.0	1468.2980342793828	0.0	0	520.2783801201149	1668.2980342793817	1	0	1	1.4496469587560799
41200.0	2000.0	1468.29803427939	0.0	0	490.520636891466	1668.2980342793817	1	0	1	1.8551120668642445
42200.0	2000.0	1468.2980342793842	0.0	0	351.08816680185555	1668.2980342793817	1	0	1	1.8551120668642445
43200.0	2000.0	1468.2980342793785	0.0	0	202.76561166765896	1668.2980342793817	1	0	1	1.8551120668642445
44200.0	3000.0	1468.2980342793708	0.0	0	152.5937657877439	1668.2980342793817	1	0	1	1.8551120668642447
45200.0	3000.0	1468.298034279363	0.0	0	69.81253666254634	1668.2980342793817	1	0	1	2.2605771749724095
46200.0	2000.0	1468.2980342793649	0.0	0	493.1537046282465	1668.2980342793817	1	0	1	1.4496469587560799
47200.0	2000.0	1468.2980342793714	0.0	0	273.4671815601905	1668.2980342793817	1	0	1	1.8551120668642445
48200.0	3000.0	1468.2980342793744	0.0	0	96.76746247784467	1668.2980342793817	1	0	1	1.8551120668642447
49200.0	2000.0	1468.2980342793735	0.0	0	244.49526385807985	1668.2980342793817	1	0	1	1.4496469587560799
50200.0	2000.0	1468.2980342793685	0.0	0	297.81716295762453	1668.2980342793817	1	0	1	1.8551120668642445
51200.0	3000.0	1468.2980342793658	0.0	0	63.867567811423214	1668.2980342793817	1	0	1	1.8551120668642447
52250.75380895444	2000.0	1417.5442253249357	0.0	0	0.0	1668.298034279389	1	0	1	1.4496469587560794
53200.0	2000.0	1468.2980342793826	0.0	0	73.56980437124002	1668.2980342793962	1	0	1	1.8551120668642438
54383.565311906685	2000.0	1284.7327223727002	0.0	0	0.0	1668.298034279389	1	0	1	1.855112066864244
55200.0	2000.0	1468.298034279381	0.0	0	146.5974402705906	1668.298034279389	1	0	1	1.855112066864244
56200.0	2000.0	1468.298034279382	0.0	0	301.9746886782814	1668.298034279389	1	0	1	1.855112066864244
57200.0	2000.0	1468.298034279381	0.0	0	309.0242189924902	1668.298034279389	1	0	1	1.855112066864244
58200.0	2000.0	1468.2980342793824	0.0	0	372.0492439089503	1668.298034279389	1	0	1	1.855112066864244
59200.0	2000.0	1468.2980342793833	0.0	0	252.8561290861253	1668.2980342793817	1	0	1	1.8551120668642445
60200.0	2000.0	1468.2980342793883	0.0	0	578.8393959144232	1668.2980342793817	1	0	1	1.8551120668642445
61200.0	2000.0	1468.2980342793887	0.0	0	140.70669298533903	1668.2980342793744	1	0	1	1.855112066864245
62200.0	2000.0	1468.2980342793894	0.0	0	165.17824354796903	1668.2980342793744	1	0	1	1.855112066864245
63200.0	2000.0	1468.2980342793958	0.0	0	401.47737731923553	1668.2980342793744	1	0	1	1.855112066864245
64200.0	2000.0	1468.2980342793987	0.0	0	186.29979189617734	1668.2980342793671	1	0	1	1.8551120668642451
65200.0	2000.0	1468.2980342793899	0.0	0	353.53338652653474	1668.2980342793671	1	0	1	1.8551120668642451
66200.0	3000.0	1468.2980342793742	0.0	0	501.94105458098784	1668.2980342793526	1	0	1	1.8551120668642458
67200.0	3000.0	1468.2980342793717	0.0	0	312.8048217917676	1668.2980342793453	1	0	1	2.260577174972411
68550.66264072321	6000.0	1117.635393556153	0.0	0	0.0	1668.2980342793453	1	0	1	2.2605771749724113
69375.78058138411	2000.0	1292.5174528952534	0.0	0	0.0	1668.2980342793453	1	0	1	0.7564997781961367
70200.0	2000.0	1468.2980342793614	0.0	0	141.3722761123936	1668.2980342793453	1	0	1	1.8551120668642462
71200.0	2000.0	1468.298034279378	0.0	0	443.776224254063	1668.2980342793453	1	0	1	1.8551120668642462
72200.0	2000.0	1468.298034279398	0.0	0	443.59659897035453	1668.2980342793453	1	0	1	1.8551120668642462
73200.0	2000.0	1468.2980342794035	0.0	0	208.71098627970787	1668.2980342793599	1	0	1	1.8551120668642458
74200.0	2000.0	1468.2980342794217	0.0	0	272.9965462428081	1668.2980342793599	1	0	1	1.8551120668642458
75200.0	3000.0	1468.298034279405	0.0	0	175.23729640003876	1668.2980342793599	1	0	1	1.8551120668642458
76200.0	6000.0	1468.298034279415	0.0	0	145.66329463863804	1668.2980342793599	1	0	1	2.26057717497241
77299.89733752918	6000.0	1368.4006967502378	0.0	0	0.0	1668.2980342793599	1	0	1	2.953724355532355
78200.0	2000.0	1468.2980342794137	0.0	0	103.86052943913091	1668.2980342793453	1	0	1	0.7564997781961367
79200.0	2000.0	1468.2980342793912	0.0	0	373.60651775289443	1668.2980342793453	1	0	1	1.8551120668642462
80200.0	2000.0	1468.2980342793987	0.0	0	404.4919180541474	1668.2980342793453	1	0	1	1.8551120668642462
81202.63621269487	2000.0	1465.6618215845187	0.0	0	0.0	1668.2980342793453	1	0	1	1.8551120668642462
82200.0	2000.0	1468.2980342793708	0.0	0	571.4871391815832	1668.2980342793453	1	0	1	1.8551120668642462
83200.0	2000.0	1468.2980342793628	0.0	0	338.63535121704626	1668.2980342793453	1	0	1	1.8551120668642462
84200.0	2000.0	1468.2980342793587	0.0	0	422.7026567187713	1668.2980342793307	1	0	1	1.8551120668642471
85200.0	2000.0	1468.298034279349	0.0	0	205.6907313663105	1668.2980342793307	1	0	1	1.8551120668642471
86281.5547669977	2000.0	1386.7432672816567	0.0	0	0.0	1668.2980342793307	1	0	1	1.8551120668642471
87310.4095404046	2000.0	1357.8884938747535	0.0	0	0.0	1668.2980342793307	1	0	1	1.8551120668642471
88450.86310164079	2000.0	1217.4349326385604	0.0	0	0.0	1668.2980342793307	1	0	1	1.8551120668642471
89320.82750010719	2000.0	1347.4705341721756	0.0	0	0.0	1668.2980342793307	1	0	1	1.8551120668642471
90200.0	2000.0	1468.2980342793546	0.0	0	297.6499991977471	1668.2980342793162	1	0	1	1.855112066864248
91200.0	2000.0	1468.2980342793478	0.0	0	439.40528245396854	1668.2980342793162	1	0	1	1.855112066864248
92200.0	3000.0	1468.298034279319	0.0	0	136.73780487143085	1668.2980342793016	1	0	1	1.855112066864249
93200.0	3000.0	1468.2980342793194	0.0	0	450.9625449683808	1668.2980342793016	1	0	1	2.2605771749724135
94200.0	3000.0	1468.2980342793076	0.0	0	312.1228564680496	1668.2980342793016	1	0	1	2.2605771749724135
96120.20572272412	6000.0	548.0923115551825	0.0	0	0.0	1668.2980342793016	1	0	1	2.2605771749724135
96914.0857071448	2000.0	754.212327134511	0.0	0	0.0	1668.2980342793016	1	0	1	0.7564997781961391
97663.60320397305	2000.0	1004.694830306271	0.0	0	0.0	1668.2980342793162	1	0	1	1.855112066864248
98526.84948164737	2000.0	1141.4485526319481	0.0	0	0.0	1668.2980342793016	1	0	1	1.8551120668642487
99200.0	2000.0	1468.298034279318	0.0	0	14.961881689436268	1668.2980342793016	1	0	1	1.8551120668642487
100200.0	2000.0	1468.2980342793278	0.0	0	200.15168720258225	1668.2980342793016	1	0	1	1.8551120668642487
101200.0	2000.0	1468.2980342793066	0.0	0	456.66483151874854	1668.298034279287	1	0	1	1.8551120668642493
102200.0	2000.0	1468.2980342793169	0.0	0	233.66907962756522	1668.2980342793016	1	0	1	1.8551120668642487
103200.0	2000.0	1468.298034279308	0.0	0	92.85563458340766	1668.2980342793016	1	0	1	1.8551120668642487
104200.0	2000.0	1468.2980342793157	0.0	0	350.70966334076365	1668.298034279287	1	0	1	1.8551120668642493
105200.0	2000.0	1468.2980342793207	0.0	0	357.07610366698646	1668.298034279287	1	0	1	1.8551120668642493
106420.68880524098	2000.0	1247.6092290383472	0.0	0	0.0	1668.298034279287	1	0	1	1.8551120668642493
107246.38582686227	2000.0	1421.9122074170552	0.0	0	0.0	1668.298034279287	1	0	1	1.8551120668642493
108200.0	2000.0	1468.2980342793473	0.0	0	208.10938234525383	1668.298034279287	1	0	1	1.8551120668642493
109200.0	2000.0	1468.2980342793378	0.0	0	374.59332721740066	1668.298034279287	1	0	1	1.8551120668642493
110200.0	2000.0	1468.2980342793403	0.0	0	296.5075079640519	1668.298034279287	1	0	1	1.8551120668642493
111200.0	2000.0	1468.2980342793164	0.0	0	525.3662041598145	1668.2980342792725	1	0	1	1.8551120668642502
112200.0	3000.0	1468.2980342793016	0.0	0	249.58651795289188	1668.298034279258	1	0	1	1.8551120668642511
113200.0	3000.0	1468.2980342793123	0.0	0	355.16251438359905	1668.298034279258	1	0	1	2.2605771749724157
114228.99240131374	3000.0	1439.3056329655708	0.0	0	0.0	1668.298034279258	1	0	1	2.2605771749724157
115226.18955278136	2000.0	1442.108481497942	0.0	0	0.0	1668.298034279258	1	0	1	1.4496469587560863
116200.0	2000.0	1468.2980342792923	0.0	0	52.44634828438575	1668.298034279258	1	0	1	1.855112066864251
117200.0	2000.0	1468.2980342792762	0.0	0	213.55055121693294	1668.298034279258	1	0	1	1.855112066864251
118398.55926974784	2000.0	1269.7387645314395	0.0	0	0.0	1668.298034279258	1	0	1	1.855112066864251
119475.73612312194	2000.0	1192.5619111573396	0.0	0	0.0	1668.2980342792434	1	0	1	1.8551120668642516
120200.0	2000.0	1468.2980342792835	0.0	0	137.6221150290803	1668.2980342792434	1	0	1	1.8551120668642516
121200.0	2000.0	1468.2980342792775	0.0	0	656.3028023946099	1668.2980342792434	1	0	1	1.8551120668642516
122200.0	2000.0	1468.2980342792634	0.0	0	374.8253575856943	1668.298034279229	1	0	1	1.8551120668642525
123200.0	2000.0	1468.2980342792623	0.0	0	483.0971772283956	1668.2980342792434	1	0	1	1.8551120668642516
124200.0	3000.0	1468.2980342792466	0.0	0	187.2278801628563	1668.2980342792434	1	0	1	1.8551120668642516
125200.0	3000.0	1468.2980342792466	0.0	0	357.4785227900429	1668.298034279258	1	0	1	2.2605771749724157
126200.0	3000.0	1468.2980342792425	0.0	0	402.63317858657683	1668.2980342792725	1	0	1	2.260577174972415
127270.77844909472	3000.0	1397.519585184518	0.0	0	0.0	1668.2980342792725	1	0	1	2.260577174972415
128334.77948574869	2000.0	1333.518548530553	0.0	0	0.0	1668.2980342792725	1	0	1	1.4496469587560856
129200.0	2000.0	1468.2980342792498	0.0	0	192.0539384520671	1668.2980342792725	1	0	1	1.8551120668642502
130200.0	2000.0	1468.2980342792468	0.0	0	293.48199991406	1668.2980342792725	1	0	1	1.8551120668642502
131200.0	2000.0	1468.298034279236	0.0	0	470.5599685184279	1668.2980342792725	1	0	1	1.8551120668642502
132200.0	2000.0	1468.2980342792166	0.0	0	344.7029130929732	1668.2980342792434	1	0	1	1.855112066864251
133267.55788132272	3000.0	1400.7401529564986	0.0	0	0.0	1668.298034279229	1	0	1	1.8551120668642525
134200.0	3000.0	1468.2980342792307	0.0	0	275.4034092146612	1668.298034279229	1	0	1	2.260577174972417
135200.0	2000.0	1468.2980342792334	0.0	0	50.16064233603538	1668.298034279229	1	0	1	1.4496469587560878
136200.0	2000.0	1468.2980342792316	0.0	0	114.87717948041973	1668.2980342791998	1	0	1	1.8551120668642538
137200.0	2000.0	1468.2980342792466	0.0	0	328.97658353770385	1668.298034279229	1	0	1	1.8551120668642525
138200.0	2000.0	1468.2980342792591	0.0	0	296.6305678441713	1668.298034279258	1	0	1	1.855112066864251
139200.0	2000.0	1468.2980342792791	0.0	0	468.06550635237363	1668.298034279258	1	0	1	1.855112066864251
140200.0	2000.0	1468.2980342792528	0.0	0	379.7185280088743	1668.298034279258	1	0	1	1.855112066864251
141200.0	2000.0	1468.298034279268	0.0	0	364.45328860534937	1668.298034279258	1	0	1	1.855112066864251
142305.5805108861	3000.0	1362.7175233931837	0.0	0	0.0	1668.298034279258	1	0	1	1.8551120668642511
143200.0	2000.0	1468.2980342792569	0.0	0	153.55284636520082	1668.298034279258	1	0	1	1.4496469587560863
144200.0	2000.0	1468.2980342792596	0.0	0	341.844463317364	1668.298034279287	1	0	1	1.8551120668642493
145200.0	2000.0	1468.2980342792646	0.0	0	328.1187712116807	1668.298034279258	1	0	1	1.855112066864251
146282.24321605026	2000.0	1386.0548182290067	0.0	0	0.0	1668.298034279258	1	0	1	1.855112066864251
147224.34712973973	2000.0	1443.950904539554	0.0	0	0.0	1668.298034279258	1	0	1	1.855112066864251
148200.0	2000.0	1468.298034279309	0.0	0	137.24466400715755	1668.298034279258	1	0	1	1.855112066864251
149200.0	2000.0	1468.2980342793069	0.0	0	445.0955326312687	1668.298034279258	1	0	1	1.855112066864251
150200.0	2000.0	1468.2980342793167	0.0	0	276.86725981271593	1668.298034279258	1	0	1	1.855112066864251
151200.0	2000.0	1468.2980342793217	0.0	0	432.329630061402	1668.298034279258	1	0	1	1.855112066864251
152200.0	2000.0	1468.298034279329	0.0	0	5.872331140766619	1668.298034279258	1	0	1	1.855112066864251
153200.0	2000.0	1468.2980342793142	0.0	0	401.3924060149293	1668.298034279229	1	0	1	1.8551120668642511
154200.0	2000.0	1468.298034279293	0.0	0	454.2491994680022	1668.2980342791998	1	0	1	1.8551120668642538
155200.0	2000.0	1468.2980342792594	0.0	0	492.8971467175288	1668.2980342791707	1	0	1	1.8551120668642553
156200.0	2000.0	1468.2980342792725	0.0	0	133.44875405612402	1668.2980342791707	1	0	1	1.8551120668642553
157200.0	2000.0	1468.2980342792866	0.0	0	222.0236738968233	1668.2980342791707	1	0	1	1.8551120668642553
158200.0	3000.0	1368.298034279314	0.0	0	191.2793565376196	1568.2980342791998	1	0	2	1.458362864333441
159200.0	2000.0	1368.298034279338	0.0	0	550.225481143163	1568.2980342791998	1	0	1	1.2545276929437352
160200.0	2000.0	1368.2980342793182	0.0	0	237.36385701652034	1568.2980342791707	1	0	1	1.8599928010519005
161200.0	2000.0	1368.298034279339	0.0	0	167.8250659838959	1568.2980342791707	1	0	1	1.8599928010519016
162200.0	2000.0	1368.298034279359	0.0	0	375.05516939767404	1568.2980342791707	1	0	1	1.8599928010519016
163200.0	2000.0	1368.298034279369	0.0	0	495.4326734994829	1568.2980342791707	1	0	1	1.8599928010519016
164200.0	2000.0	1368.298034279377	0.0	0	478.0154223809659	1568.2980342791416	1	0	1	1.8599928010519018
165200.0	2000.0	1368.298034279366	0.0	0	287.0627692216367	1568.2980342791416	1	0	1	1.859992801051903
166200.0	2000.0	1368.2980342793535	0.0	0	276.14990634983405	1568.2980342791416	1	0	1	1.859992801051903
167200.0	3000.0	1368.2980342793362	0.0	0	19.904496612929506	1568.2980342791125	1	0	1	1.8599928010519036
168200.0	2000.0	1368.2980342793348	0.0	0	255.0936370161071	1568.2980342791125	1	0	1	1.4545276929437394
169200.0	2000.0	1368.2980342793148	0.0	0	426.680000796041	1568.2980342791125	1	0	1	1.8599928010519031
170200.0	2000.0	1368.2980342793255	0.0	0	326.98008920584107	1568.2980342791416	1	0	1	1.8599928010519038
171200.0	2000.0	1368.298034279359	0.0	0	581.3721163162845	1568.2980342791416	1	0	1	1.859992801051903
172200.0	3000.0	1368.2980342793408	0.0	0	362.2014134279452	1568.2980342791416	1	0	1	1.8599928010519031
173200.0	2000.0	1368.298034279348	0.0	0	328.49811455386225	1568.2980342791416	1	0	1	1.4545276929437383
174200.0	2000.0	1368.2980342793587	0.0	0	242.83054046865436	1568.2980342791416	1	0	1	1.859992801051903
175200.0	3000.0	1368.2980342793455	0.0	0	131.45999326044694	1568.2980342791125	1	0	1	1.8599928010519042
176200.0	6000.0	1368.2980342793683	0.0	0	11.862054960191017	1568.2980342791416	1	0	1	2.265457909160068
177200.0	3000.0	1368.2980342793646	0.0	0	157.4926573712437	1568.2980342791416	1	0	1	1.5723107286001228
178200.0	2000.0	1368.2980342793364	0.0	0	286.59611396939727	1568.2980342791416	1	0	1	1.4545276929437383
179200.0	2000.0	1368.2980342793226	0.0	0	477.0411432730616	1568.2980342791416	1	0	1	1.859992801051903
180200.0	2000.0	1368.2980342793126	0.0	0	360.6291252945666	1568.2980342791416	1	0	1	1.859992801051903
181200.0	3000.0	1368.2980342793364	0.0	0	122.63637422290049	1568.2980342791416	1	0	1	1.8599928010519031
182200.0	2000.0	1368.2980342793685	0.0	0	153.69860223997966	1568.2980342791416	1	0	1	1.4545276929437383
183200.0	2000.0	1368.2980342793578	0.0	0	274.6411421968951	1568.2980342791125	1	0	1	1.8599928010519031
184200.0	3000.0	1368.2980342793485	0.0	0	153.69233319707564	1568.2980342791125	1	0	1	1.8599928010519042
185200.0	3000.0	1368.298034279363	0.0	0	235.6682010013319	1568.2980342791125	1	0	1	2.2654579091600686
186200.0	3000.0	1368.2980342793564	0.0	0	338.7883877779241	1568.2980342790834	1	0	1	2.2654579091600704
187451.29672628033	6000.0	1117.0013079989963	0.0	0	0.0	1568.2980342790543	1	0	1	2.2654579091600717
188423.13622549333	3000.0	1145.1618087860143	0.0	0	0.0	1568.2980342790543	1	0	1	1.5723107286001266
189200.0	2000.0	1368.298034279331	0.0	0	296.79765471376595	1568.2980342790543	1	0	1	1.454527692943742
190200.0	2000.0	1368.2980342792982	0.0	0	583.5609554073308	1568.2980342790543	1	0	1	1.8599928010519067
191200.0	2000.0	1368.2980342793192	0.0	0	453.9690273954766	1568.2980342790252	1	0	1	1.8599928010519082
192200.0	2000.0	1368.298034279295	0.0	0	372.2846686683479	1568.2980342790252	1	0	1	1.8599928010519082
193200.0	3000.0	1368.2980342792828	0.0	0	276.0068743668089	1568.2980342790252	1	0	1	1.8599928010519085
194200.0	3000.0	1368.2980342792991	0.0	0	158.55005958487163	1568.2980342790543	1	0	1	2.2654579091600717
195200.0	2000.0	1368.2980342793164	0.0	0	269.6265077677381	1568.2980342790543	1	0	1	1.454527692943742
196200.0	2000.0	1368.2980342793037	0.0	0	521.7528235091013	1568.2980342790543	1	0	1	1.8599928010519067
197200.0	3000.0	1368.2980342793117	0.0	0	428.8280264037021	1568.2980342790543	1	0	1	1.859992801051907
198200.0	2000.0	1368.298034279306	0.0	0	316.22094262824976	1568.2980342790543	1	0	1	1.454527692943742
199200.0	2000.0	1368.2980342793257	0.0	0	549.8230104421091	1568.2980342790543	1	0	1	1.8599928010519067
200200.0	3000.0	1368.298034279329	0.0	0	287.12119950610213	1568.2980342790543	1	0	1	1.859992801051907
201200.0	2000.0	1368.2980342793207	0.0	0	31.698454024764942	1568.2980342790543	1	0	1	1.454527692943742
202200.0	2000.0	1368.2980342793246	0.0	0	378.94038206135156	1568.2980342790543	1	0	1	1.8599928010519067
203200.0	2000.0	1368.2980342793287	0.0	0	164.9353849006584	1568.2980342790543	1	0	1	1.8599928010519067
204200.0	2000.0	1368.2980342793176	0.0	0	431.1155049847439	1568.2980342790543	1	0	1	1.8599928010519067
205200.0	2000.0	1368.2980342793207	0.0	0	534.5888424967125	1568.2980342790834	1	0	1	1.8599928010519065
206200.0	2000.0	1368.298034279357	0.0	0	273.47250039846404	1568.2980342790834	1	0	1	1.8599928010519053
207200.0	2000.0	1368.2980342793553	0.0	0	409.21463026545825	1568.2980342790543	1	0	1	1.8599928010519058
208200.0	2000.0	1368.2980342793812	0.0	0	339.9465761811589	1568.2980342790834	1	0	1	1.8599928010519065
209200.0	2000.0	1368.2980342793542	0.0	0	394.31117443952826	1568.2980342790834	1	0	1	1.8599928010519053
210200.0	2000.0	1368.298034279373	0.0	0	323.6681154376711	1568.2980342790834	1	0	1	1.8599928010519053
211200.0	2000.0	1368.2980342793817	0.0	0	189.51675499265548	1568.2980342791125	1	0	1	1.859992801051904
212200.0	2000.0	1368.2980342793758	0.0	0	150.86036884403438	1568.2980342790834	1	0	1	1.8599928010519053
213200.0	2000.0	1368.2980342794156	0.0	0	52.734395855950424	1568.2980342790834	1	0	1	1.8599928010519053
214200.0	2000.0	1368.2980342794342	0.0	0	421.1215139394626	1568.2980342790834	1	0	1	1.8599928010519053
215200.0	3000.0	1368.2980342794401	0.0	0	304.1460875509074	1568.2980342790834	1	0	1	1.8599928010519056
216200.0	3000.0	1368.2980342794217	0.0	0	260.9178697025054	1568.2980342790543	1	0	1	2.2654579091600717
217638.58166188872	6000.0	929.7163723907158	0.0	0	0.0	1568.2980342790543	1	0	1	2.2654579091600717
218355.82624888115	2000.0	1212.4717853982638	0.0	0	0.0	1568.2980342790543	1	0	1	0.7613805123837972
219200.0	2000.0	1368.2980342794115	0.0	0	167.60181006457424	1568.2980342790543	1	0	1	1.859992801051908
220200.0	2000.0	1368.298034279427	0.0	0	199.4674869000446	1568.2980342790834	1	0	1	1.8599928010519065
221200.0	2000.0	1368.2980342794049	0.0	0	528.8471865997126	1568.2980342790834	1	0	1	1.8599928010519053
222200.0	2000.0	1368.298034279397	0.0	0	308.4036889542476	1568.2980342790834	1	0	1	1.8599928010519053
223200.0	2000.0	1368.2980342793933	0.0	0	486.7895193513541	1568.2980342790834	1	0	1	1.8599928010519053
224200.0	3000.0	1368.298034279423	0.0	0	445.0093970140442	1568.2980342790543	1	0	1	1.8599928010519058
225200.0	3000.0	1368.2980342794206	0.0	0	363.57961818255717	1568.2980342790543	1	0	1	2.2654579091600704
227359.96515003333	6000.0	208.33288424609503	0.0	0	0.0	1568.2980342790834	1	0	1	2.265457909160071
227886.822826867	2000.0	752.850310484116	71.37510307172505	0	0.0	1639.6731373508228	1	0	1	0.32969521327966067
228440.07579236443	2000.0	1199.5973449866985	0.0	0	0.0	1639.6731373508228	1	0	1	1.8565581203781205
229213.66717909602	2000.0	1426.005958255093	0.0	0	0.0	1639.6731373507937	1	0	1	1.8565581203781214
230200.0	2000.0	1439.6731373511188	0.0	0	17.230912962550065	1639.6731373507937	1	0	1	1.856558120378122
231200.0	2000.0	1439.673137351124	0.0	0	258.73037588983425	1639.6731373507937	1	0	1	1.856558120378122
232200.0	2000.0	1439.67313735114	0.0	0	512.5245364873263	1639.6731373507937	1	0	1	1.856558120378122
233200.0	2000.0	1439.6731373511275	0.0	0	272.3650174116483	1639.6731373507646	1	0	1	1.8565581203781234
234200.0	2000.0	1439.673137351112	0.0	0	163.1151820757077	1639.6731373507646	1	0	1	1.8565581203781234
235200.0	2000.0	1439.6731373511243	0.0	0	4.573917617904954	1639.6731373507355	1	0	1	1.856558120378125
236200.0	2000.0	1439.6731373511097	0.0	0	72.91950824239757	1639.6731373507355	1	0	1	1.856558120378125
237309.2787524915	2000.0	1330.3943848596123	0.0	0	0.0	1639.6731373507355	1	0	1	1.856558120378125
238302.44402499928	2000.0	1337.2291123518055	0.0	0	0.0	1639.6731373507064	1	0	1	1.8565581203781265
239200.0	2000.0	1439.6731373511125	0.0	0	378.5619936113362	1639.6731373507646	1	0	1	1.8565581203781247
240200.0	2000.0	1439.6731373511313	0.0	0	450.4001378110843	1639.6731373507646	1	0	1	1.8565581203781234
241200.0	2000.0	1439.6731373511045	0.0	0	501.7320067785331	1639.6731373507355	1	0	1	1.8565581203781236
242200.0	3000.0	1439.6731373510604	0.0	0	85.9120210003166	1639.6731373506773	1	0	1	1.856558120378127
243200.0	3000.0	1439.6731373510343	0.0	0	288.1827731137164	1639.6731373506773	1	0	1	2.2620232284862927
244700.47973490215	6000.0	939.1934024488878	0.0	0	0.0	1639.6731373506773	1	0	1	2.2620232284862927
245307.23027605627	2000.0	1332.4428612947572	0.0	0	0.0	1639.6731373506773	1	0	1	0.7579458317100183
246224.26232406218	2000.0	1415.4108132888518	0.0	0	0.0	1639.6731373506773	1	0	1	1.8565581203781278
247200.0	2000.0	1439.6731373510727	0.0	0	338.2203915610444	1639.6731373507355	1	0	1	1.8565581203781263
248200.0	2000.0	1439.6731373510393	0.0	0	162.13195362515398	1639.6731373507064	1	0	1	1.8565581203781254
249200.0	2000.0	1439.673137351052	0.0	0	245.0188444663363	1639.6731373507355	1	0	1	1.8565581203781263
250200.0	2000.0	1439.6731373510315	0.0	0	470.97237747881445	1639.6731373507355	1	0	1	1.856558120378125
251200.0	2000.0	1439.6731373510083	0.0	0	46.08343448193045	1639.6731373507064	1	0	1	1.8565581203781265
252200.0	2000.0	1439.6731373510268	0.0	0	369.7026617816882	1639.6731373507646	1	0	1	1.8565581203781247
253222.95661480832	2000.0	1416.7165225427038	0.0	0	0.0	1639.6731373507646	1	0	1	1.856558120378124
254200.0	2000.0	1439.6731373510358	0.0	0	41.01288731460227	1639.6731373507937	1	0	1	1.8565581203781232
255200.0	2000.0	1439.6731373510195	0.0	0	181.46888665822917	1639.6731373507937	1	0	1	1.856558120378122
256200.0	2000.0	1439.673137351035	0.0	0	348.87360283217276	1639.6731373508228	1	0	1	1.8565581203781205
257200.0	2000.0	1439.6731373510133	0.0	0	494.1282991793705	1639.6731373508228	1	0	1	1.8565581203781205
258200.0	2000.0	1439.6731373510083	0.0	0	376.5042933356599	1639.6731373508228	1	0	1	1.8565581203781205
259200.0	2000.0	1439.6731373509767	0.0	0	294.76556411449565	1639.6731373507937	1	0	1	1.856558120378122
260261.19373519497	3000.0	1378.4794021559712	0.0	0	0.0	1639.6731373507646	1	0	1	1.8565581203781227
261200.0	2000.0	1439.6731373509356	0.0	0	320.2051799412584	1639.6731373507646	1	0	1	1.4510930122699588
262200.0	2000.0	1439.6731373509413	0.0	0	525.3882365796017	1639.6731373507937	1	0	1	1.856558120378122
263200.0	3000.0	1439.6731373509297	0.0	0	326.09079532994656	1639.6731373507937	1	0	1	1.8565581203781227
264200.0	2000.0	1439.673137350917	0.0	0	333.2424240928376	1639.6731373508228	1	0	1	1.4510930122699568
265302.20796639426	2000.0	1337.465170956616	0.0	0	0.0	1639.6731373508228	1	0	1	1.8565581203781205
266511.0913860557	2000.0	1128.581751295214	0.0	0	0.0	1639.6731373508228	1	0	1	1.8565581203781205
267355.33652716543	2000.0	1284.3366101853999	0.0	0	0.0	1639.6731373507646	1	0	1	1.8565581203781234
268374.0107015444	2000.0	1265.6624358064137	0.0	0	0.0	1639.6731373507646	1	0	1	1.8565581203781234
269200.0	2000.0	1439.6731373508624	0.0	0	53.88804787863046	1639.6731373507646	1	0	1	1.8565581203781234
270200.0	2000.0	1439.6731373508387	0.0	0	598.1556416329695	1639.6731373507646	1	0	1	1.8565581203781234
271200.0	2000.0	1439.6731373508958	0.0	0	241.523753154499	1639.6731373507646	1	0	1	1.8565581203781212
272200.0	2000.0	1439.6731373509376	0.0	0	498.18463764264015	1639.6731373507064	1	0	1	1.856558120378124
273200.0	3000.0	1439.6731373509142	0.0	0	147.7106554938946	1639.6731373507064	1	0	1	1.8565581203781267
274200.0	3000.0	1439.6731373508605	0.0	0	17.32596418535104	1639.6731373507646	1	0	1	2.2620232284862882
275200.0	3000.0	1439.6731373508937	0.0	0	226.67870661063353	1639.6731373508228	1	0	1	2.262023228486288
276200.0	2000.0	1439.6731373509917	0.0	0	429.19894144684076	1639.6731373508228	1	0	1	1.451093012269956
277271.7593296109	2000.0	1367.9138077401	0.0	0	0.0	1639.6731373508228	1	0	1	1.8565581203781205
278200.0	2000.0	1439.6731373510927	0.0	0	103.42833764408715	1639.6731373508228	1	0	1	1.8565581203781205
279200.0	2000.0	1439.6731373509924	0.0	0	281.2309401194216	1639.6731373507646	1	0	1	1.8565581203781212
280200.0	2000.0	1439.6731373510065	0.0	0	241.44427634216845	1639.6731373507064	1	0	1	1.8565581203781265
281200.0	2000.0	1439.673137351037	0.0	0	415.5306050227373	1639.6731373507064	1	0	1	1.8565581203781265
282200.0	2000.0	1439.673137351013	0.0	0	524.7235454256297	1639.6731373507064	1	0	1	1.8565581203781265
283200.0	3000.0	1439.6731373509838	0.0	0	309.9649452450103	1639.6731373506482	1	0	1	1.8565581203781294
284200.0	2000.0	1439.6731373509997	0.0	0	204.97745169955306	1639.6731373507064	1	0	1	1.4510930122699641
285200.0	2000.0	1439.6731373510631	0.0	0	41.76709951914381	1639.6731373507646	1	0	1	1.8565581203781252
286200.0	2000.0	1439.6731373510477	0.0	0	292.11606168118306	1639.6731373507646	1	0	1	1.8565581203781234
287200.0	2000.0	1439.6731373510515	0.0	0	341.94932620658074	1639.6731373507646	1	0	1	1.8565581203781234
288200.0	2000.0	1439.67313735111	0.0	0	567.2316112390254	1639.6731373508228	1	0	1	1.8565581203781205
289200.0	2000.0	1439.6731373510547	0.0	0	453.8088203993393	1639.6731373508228	1	0	1	1.8565581203781205
290200.0	2000.0	1439.6731373510038	0.0	0	556.9855710383854	1639.6731373508228	1	0	1	1.8565581203781205
291200.0	3000.0	1439.6731373510238	0.0	0	241.7318122141296	1639.673137350881	1	0	1	1.856558120378118
292200.0	2000.0	1439.6731373509956	0.0	0	182.30516457912745	1639.673137350881	1	0	1	1.4510930122699532
293200.0	2000.0	1439.6731373510072	0.0	0	227.32394249096978	1639.673137350881	1	0	1	1.8565581203781178
294200.0	2000.0	1439.6731373510127	0.0	0	266.02666075289017	1639.673137350881	1	0	1	1.8565581203781178
295200.0	2000.0	1439.6731373510268	0.0	0	53.627447338658385	1639.673137350881	1	0	1	1.8565581203781178
296200.0	2000.0	1439.6731373510574	0.0	0	376.96892075124197	1639.6731373509392	1	0	1	1.8565581203781147
297200.0	2000.0	1439.6731373511395	0.0	0	171.4307660695049	1639.6731373509392	1	0	1	1.8565581203781147
298200.0	2000.0	1439.6731373510934	0.0	0	434.01084530487424	1639.673137350881	1	0	1	1.8565581203781154
299200.0	2000.0	1439.673137351075	0.0	0	444.6907429905841	1639.673137350881	1	0	1	1.8565581203781178
300200.0	2000.0	1439.6731373510027	0.0	0	296.3073336169473	1639.6731373508228	1	0	1	1.8565581203781183
3.78	4.97	4.16	2.59	2.29	4.19	3.88	3.22	3.16	2.85	3.34	3.6	2.78	3.83	3.57	3.85	3.46	2.54	3.61	5.76	2.75	2.8	4.01	5.56	4.7	3.12	3.35	3.32	5.32	2.83	3.24	4.76	5.04	3.87	4.96	4.76	3.43	4.49	3.07	3.32	4.47	3.85	3.27	3.7	4.62	2.68	3.54	4.17	2.37	2.83	1.96	2.61	4.18	2.62	3.29	2.49	3.76	3.02	2.36	3.06	2.46	3.03	5.41	5.26	5.24	2.25	3.63	3.04	3.78	2.65	3.72	4.07	6.26	4.65	2.79	3.13	3.01	2.32	3.83	3.68	3.45	2.98	1.98	2.71	2.35	2.27	3.75	3.34	4.66	4.62	4.29	6.31	2.63	2.84	3.6	2.98	3.3	3.31	2.83	2.69	2.37	2.98	1.82	3.1	3.23	3.05	3.5	3.81	3.87	4.24	4.02	2.63	2.58	2.39	1.73	2.25	2.98	5.36	3.29	3.6	3.87	3.68	4.6	3.88	2.27	3.16	3.36	3.6	3.85	3.7	4.1	3.0	2.09	2.95	3.85	4.46	3.39	3.58	3.85	3.14	3.41	3.42	2.49	2.56	3.04	4.19	3.44	3.42	2.59	2.22	3.78	4.97	4.16	2.59	2.29	4.19	3.88	3.22	3.16	2.85	3.34	3.6	2.78	3.83	3.57	3.85	3.46	2.54	3.61	5.76	2.75	2.8	4.01	5.56	4.7	3.12	3.35	3.32	5.32	2.83	3.24	4.76	5.04	3.87	4.96	4.76	3.43	4.49	3.07	3.32	4.47	3.85	3.27	3.7	4.62	2.68	3.54	4.17	2.37	2.83	1.96	2.61	4.18	2.62	3.29	2.49	3.76	3.02	2.36	3.06	2.46	3.03	5.41	5.26	5.24	2.25	3.63	3.04	3.78	2.65	3.72	4.07	6.26	4.65	2.79	3.13	3.01	2.32	3.83	3.68	3.45	2.98	1.98	2.71	2.35	2.27	3.75	3.34	4.66	4.62	4.29	6.31	2.63	2.84	3.6	2.98	3.3	3.31	2.83	2.69	2.37	2.98	1.82	3.1	3.23	3.05	3.5	3.81	3.87	4.24	4.02	2.63	2.58	2.39	1.73	2.25	2.98	5.36	3.29	3.6	3.87	3.68	4.6	3.88	2.27	3.16	3.36	3.6	3.85	3.7	4.1	3.0	2.09	2.95	3.85	4.46	3.39	3.58	3.85	3.14	3.41	3.42	2.49	2.56	3.04	4.19	3.44	3.42	2.59	2.22	3.78
1.0	2.0	3.0	4.0	5.0	6.0	7.0	8.0	9.0	10.0	11.0	12.0	13.0	14.0	15.0	16.0	17.0	18.0	19.0	20.0	21.0	22.0	23.0	24.0	25.0	26.0	27.0	28.0	29.0	30.0	31.0	32.0	33.0	34.0	35.0	36.0	37.0	38.0	39.0	40.0	41.0	42.0	43.0	44.0	45.0	46.0	47.0	48.0	49.0	50.0	51.0	52.0	53.0	54.0	55.0	56.0	57.0	58.0	59.0	60.0	61.0	62.0	63.0	64.0	65.0	66.0	67.0	68.0	69.0	70.0	71.0	72.0	73.0	74.0	75.0	76.0	77.0	78.0	79.0	80.0	81.0	82.0	83.0	84.0	85.0	86.0	87.0	88.0	89.0	90.0	91.0	92.0	93.0	94.0	95.0	96.0	97.0	98.0	99.0	100.0	101.0	102.0	103.0	104.0	105.0	106.0	107.0	108.0	109.0	110.0	111.0	112.0	113.0	114.0	115.0	116.0	117.0	118.0	119.0	120.0	121.0	122.0	123.0	124.0	125.0	126.0	127.0	128.0	129.0	130.0	131.0	132.0	133.0	134.0	135.0	136.0	137.0	138.0	139.0	140.0	141.0	142.0	143.0	144.0	145.0	146.0	147.0	148.0	149.0	149.0	150.0	151.0	152.0	153.0	154.0	155.0	156.0	157.0	158.0	159.0	160.0	161.0	162.0	163.0	164.0	165.0	166.0	167.0	168.0	169.0	170.0	171.0	172.0	173.0	174.0	175.0	176.0	177.0	178.0	179.0	180.0	181.0	182.0	183.0	184.0	185.0	186.0	187.0	188.0	189.0	190.0	191.0	192.0	193.0	194.0	195.0	196.0	197.0	198.0	199.0	200.0	201.0	202.0	203.0	204.0	205.0	206.0	207.0	208.0	209.0	210.0	211.0	212.0	213.0	214.0	215.0	216.0	217.0	218.0	219.0	220.0	221.0	222.0	223.0	224.0	225.0	226.0	227.0	228.0	229.0	230.0	231.0	232.0	233.0	234.0	235.0	236.0	237.0	238.0	239.0	240.0	241.0	242.0	243.0	244.0	245.0	246.0	247.0	248.0	249.0	250.0	251.0	252.0	253.0	254.0	255.0	256.0	257.0	258.0	259.0	260.0	261.0	262.0	263.0	264.0	265.0	266.0	267.0	268.0	269.0	270.0	271.0	272.0	273.0	274.0	275.0	276.0	277.0	278.0	279.0	280.0	281.0	282.0	283.0	284.0	285.0	286.0	287.0	288.0	289.0	290.0	291.0	292.0	293.0	294.0	295.0	296.0	297.0	298.0	298.0	299.0
3007.724418967058
