5936.130886142314	300.0	2000.0	164.6748967257048	0	0.0	5936.130886142314	1	0	1	-2.8816195703761927
6709.530035418362	2000.0	2149.2609357963465	0.0	0	0.0	5858.790971214708	1	0	2	-2.266671096286111
7140.644523887598	3000.0	2675.034998480186	0.0	0	0.0	5815.679522367785	1	0	2	-0.11930593270529377
7651.781150679527	3000.0	3112.7847090090636	0.0	0	0.0	5764.565859688591	1	0	2	0.3343169360678531
8142.334491789204	3000.0	3573.1760337884193	0.0	0	0.0	5715.510525577623	1	0	2	0.3838168002364061
8550.228640678322	3000.0	4124.492470010389	0.0	0	0.0	5674.721110688712	1	0	2	0.42473600168963577
9308.69794452366	3000.0	4290.17623578052	0.0	0	0.0	5598.874180304179	1	0	2	0.48715367475577365
10663.815371050701	3000.0	3799.547066600774	0.0	0	0.0	5463.362437651475	1	0	2	0.6061420468702361
11474.568149572462	3000.0	3907.719010226835	0.0	0	0.0	5382.287159799298	1	0	2	0.6919883159785585
12142.823374014635	3000.0	4172.638263340445	0.0	0	0.0	5315.461637355082	1	0	2	0.7571874035566311
12962.698325342793	3000.0	4270.775816879472	0.0	0	0.0	5233.474142222268	1	0	2	0.8259760541641668
13671.141887772423	3000.0	4491.487898206878	0.0	0	0.0	5162.629785979303	1	0	2	0.8891170180298831
14787.522526836938	3000.0	4263.469195235911	0.0	0	0.0	5050.991722072851	1	0	2	0.9756447807829651
15567.14435178282	3000.0	4405.88518779544	0.0	0	0.0	4973.029539578261	1	0	2	1.0417898448416416
16593.507036099985	3000.0	4276.886235046559	0.0	0	0.0	4870.393271146546	1	0	2	1.1144975140837656
17200.0	3000.0	4609.743974756541	0.0	0	58.93483137391377	4809.743974756542	1	0	2	1.1659166757553154
18200.0	3000.0	4509.743974756546	0.0	0	523.4969241244107	4709.743974756544	1	0	2	1.2225738661866905
19200.0	3000.0	4409.743974756547	0.0	0	467.90756582021277	4609.743974756542	1	0	2	1.2896812461901257
21057.690216594077	6000.0	3552.05375816247	0.0	0	0.0	4609.743974756544	1	0	1	1.3150080375303155
21970.995660154807	3000.0	3547.4177702456705	0.0	0	0.0	4518.413430400473	1	0	2	0.46630531572036826
22608.849582527888	3000.0	3845.778455635281	0.0	0	0.0	4454.628038163162	1	0	2	1.3999397668799294
23200.0	3000.0	4195.512996415952	0.0	0	36.219964899049955	4395.512996415942	1	0	2	1.4339069534468578
24200.0	3000.0	4095.512996415947	0.0	0	156.12681550830166	4295.512996415939	1	0	2	1.4807871047684213
25200.0	3000.0	3995.5129964159446	0.0	0	445.4560936117414	4195.512996415931	1	0	2	1.5283799820971222
26200.0	3000.0	3895.5129964159437	0.0	0	548.9657426016092	4095.512996415928	1	0	2	1.5757728709815984
27200.0	3000.0	3795.5129964159496	0.0	0	437.10101572629355	3995.512996415935	1	0	2	1.6213388804818323
28432.114884580267	6000.0	3563.398111835679	0.0	0	0.0	3995.5129964159314	1	0	1	1.6375451064471618
29768.096857646	6000.0	3227.416138769945	0.0	0	0.0	3995.512996415928	1	0	1	2.5306922870071085
30342.021057698974	3000.0	3596.0995187116728	0.0	0	0.0	3938.1205764106307	1	0	2	0.7620566095612185
31402.23077359942	3000.0	3429.868831221181	0.0	0	0.0	3832.0996048205816	1	0	2	1.6903604690992853
32840.257247626374	3000.0	2848.0397097915366	0.0	0	0.0	3688.2969574178933	1	0	2	1.7403553211827103
33803.36985494417	3000.0	2788.6158417419742	0.0	0	0.0	3591.98569668613	1	0	2	1.774093531727591
34694.68406428308	3000.0	2808.17021146917	0.0	0	0.0	3502.8542757522337	1	0	2	1.8021422483083318
35511.43939863333	3000.0	2909.739343683884	0.0	0	0.0	3421.1787423172027	1	0	2	1.8251105908014045
36200.0	3000.0	3152.322682180556	0.0	0	12.860044911692967	3352.322682180544	1	0	2	1.843509460999158
37200.0	3000.0	3052.3226821805606	0.0	0	484.733239707115	3252.322682180544	1	0	2	1.862612483237971
38200.0	3000.0	2952.3226821805606	0.0	0	551.7161214570224	3152.322682180544	1	0	2	1.8849243813572407
39330.64097642803	6000.0	2821.681705752533	0.0	0	0.0	3152.322682180544	1	0	1	1.89326957014653
40926.48678665413	6000.0	2225.8358955264357	0.0	0	0.0	3152.322682180544	1	0	1	2.786416750706475
42523.40239787501	6000.0	1628.9202843055614	0.0	0	0.0	3152.322682180544	1	0	1	2.786416750706475
44033.310048287814	3000.0	968.0218688514701	0.0	0	0.0	3001.331917139265	1	0	2	1.0219308141867356
44659.40362855838	2000.0	1341.9282885809046	0.0	0	0.0	3001.3319171392723	1	0	1	1.1116010452889684
45159.977015918725	2000.0	1841.35490122056	0.0	0	0.0	3001.3319171392723	1	0	1	1.7170661533971332
45866.26466382871	2000.0	2064.438488519586	0.0	0	0.0	2930.70315234828	1	0	2	1.3259446515370183
46581.54295465878	2000.0	2277.6323686065075	0.0	0	0.0	2859.1753232652627	1	0	2	1.5382111431733725
47480.33948893501	3000.0	2288.9561809026613	0.0	0	0.0	2769.295669837644	1	0	2	1.5514430741135548
48200.0	2000.0	2497.329618731175	0.0	0	209.48697073213407	2697.3296187311353	1	0	2	1.1559283955175415
49200.0	3000.0	2397.3296187311716	0.0	0	442.4759935445254	2597.3296187311353	1	0	2	1.5732214290526711
50728.14889429294	3000.0	1716.3658350089354	0.0	0	0.0	2444.5147293018454	1	0	2	1.9961259387309342
51436.58150187929	2000.0	1937.0899666639345	0.0	0	0.0	2373.671468543187	1	0	2	1.1960271427306877
52410.741286399054	3000.0	1865.5142036921952	0.0	0	0.0	2276.2554900912073	1	0	2	1.6103145868180804
53200.0	3000.0	1997.3296187311537	0.0	0	134.3740344767939	2197.3296187311207	1	0	2	2.0228074463285224
54200.0	3000.0	1897.3296187311623	0.0	0	349.08485558102984	2097.3296187311353	1	0	2	2.0303882074279644
55200.0	3000.0	1797.3296187311646	0.0	0	221.411947571185	1997.3296187311425	1	0	2	2.0382545884068195
56755.6060647981	6000.0	1241.7235539330645	0.0	0	0.0	1997.3296187311425	1	0	1	2.0407191677701957
58654.009534700286	6000.0	343.32008403087895	0.0	0	0.0	1997.3296187311425	1	0	1	2.933866348330141
59037.069210256086	2000.0	960.2604084750744	0.0	0	0.0	1997.3296187311425	1	0	1	0.7366417709939218
59395.82394936624	2000.0	1601.505669364918	0.0	0	0.0	1997.3296187311425	1	0	1	1.8352540596620315
60200.0	3000.0	1797.3296187311614	0.0	0	11.278121875031502	1997.3296187311353	1	0	1	1.8352540596620321
61572.5876261947	6000.0	1424.7419925364688	0.0	0	0.0	1997.3296187311353	1	0	1	2.2407191677701963
62348.421776953204	3000.0	1648.907841777964	0.0	0	0.0	1997.3296187311353	1	0	1	1.5475719872102518
63374.14031846746	3000.0	1520.6174461122844	0.0	0	0.0	1894.7577645797064	1	0	2	1.8459815782272042
64200.0	3000.0	1612.1717964264813	0.0	0	45.33661537289299	1812.1717964264462	1	0	2	2.0512951110378954
65200.0	3000.0	1612.171796426488	0.0	0	281.4758451814341	1812.1717964264462	1	0	1	2.0526665783507307
66200.0	2000.0	1612.1717964264813	0.0	0	198.0233040877647	1812.1717964264462	1	0	1	1.4417363621344017
67200.0	2000.0	1612.1717964264813	0.0	0	381.396977467477	1812.1717964264462	1	0	1	1.8472014702425663
68200.0	2000.0	1612.171796426479	0.0	0	446.7640398794465	1812.171796426439	1	0	1	1.8472014702425663
69200.0	2000.0	1612.171796426479	0.0	0	306.974258727103	1812.171796426439	1	0	1	1.8472014702425665
70200.0	2000.0	1612.1717964264783	0.0	0	566.2728155879449	1812.171796426439	1	0	1	1.8472014702425665
71200.0	2000.0	1612.1717964264865	0.0	0	424.344332920693	1812.171796426439	1	0	1	1.8472014702425665
72953.54025746607	6000.0	858.6315389604126	0.0	0	0.0	1812.171796426439	1	0	1	1.8472014702425668
73515.43557765175	2000.0	1296.7362187747306	0.0	0	0.0	1812.171796426439	1	0	1	0.748589181574457
74200.0	2000.0	1612.1717964264906	0.0	0	194.22671321018424	1812.171796426439	1	0	1	1.8472014702425665
75200.0	2000.0	1612.171796426504	0.0	0	512.8949005190079	1812.171796426439	1	0	1	1.8472014702425665
76200.0	3000.0	1512.1717964265076	0.0	0	403.42026599486417	1712.171796426439	1	0	2	1.4507117799398845
77200.0	2000.0	1512.171796426521	0.0	0	432.130995245956	1712.171796426439	1	0	1	1.247350828555715
78549.80505314516	6000.0	1162.3667432813706	0.0	0	0.0	1712.1717964264535	1	0	1	1.8528159366638794
79437.29456924638	3000.0	1274.8772271801647	0.0	0	0.0	1712.1717964264535	1	0	1	1.5651338642120989
80200.0	2000.0	1512.1717964265542	0.0	0	193.71656910413003	1712.171796426468	1	0	1	1.447350828555714
81200.0	2000.0	1512.1717964265424	0.0	0	293.4234310367756	1712.1717964264535	1	0	1	1.852815936663879
82200.0	2000.0	1512.1717964265263	0.0	0	238.4833799666667	1712.1717964264535	1	0	1	1.852815936663879
83200.0	3000.0	1512.171796426522	0.0	0	411.15033943852177	1712.1717964264535	1	0	1	1.8528159366638792
84631.93406327233	6000.0	1080.2377331541816	0.0	0	0.0	1712.1717964264535	1	0	1	2.258281044772044
85200.0	3000.0	1512.1717964265129	0.0	0	40.39516264067788	1712.171796426439	1	0	1	1.5651338642120998
86200.0	3000.0	1512.171796426519	0.0	0	306.1600561899686	1712.1717964264244	1	0	1	2.2582810447720454
87200.0	2000.0	1512.1717964265154	0.0	0	198.1557272580394	1712.1717964264244	1	0	1	1.4473508285557162
88200.0	3000.0	1512.171796426508	0.0	0	183.76537651420222	1712.1717964264244	1	0	1	1.852815936663881
89200.0	3000.0	1512.1717964264897	0.0	0	101.68089421490731	1712.171796426439	1	0	1	2.258281044772045
90200.0	3000.0	1512.171796426493	0.0	0	129.15040832883096	1712.171796426439	1	0	1	2.258281044772045
91200.0	2000.0	1512.171796426476	0.0	0	305.8879230011662	1712.171796426439	1	0	1	1.4473508285557153
92200.0	3000.0	1512.1717964264667	0.0	0	279.84576664723863	1712.1717964264244	1	0	1	1.852815936663881
93200.0	3000.0	1512.1717964264635	0.0	0	336.8876034592395	1712.1717964264244	1	0	1	2.2582810447720454
94252.76913262597	6000.0	1459.402663800486	0.0	0	0.0	1712.1717964264244	1	0	1	2.258281044772045
95560.37045144789	6000.0	1151.8013449785751	0.0	0	0.0	1712.1717964264244	1	0	1	2.9514282253319903
96478.99140496847	3000.0	1233.1803914579948	0.0	0	0.0	1712.1717964264244	1	0	1	1.5651338642121007
97200.0	2000.0	1512.1717964264783	0.0	0	249.30933319337782	1712.1717964264244	1	0	1	1.4473508285557162
98200.0	3000.0	1512.1717964264783	0.0	0	201.55615181295434	1712.1717964264244	1	0	1	1.852815936663881
100185.19607447302	6000.0	526.9757219534492	0.0	0	0.0	1712.1717964264244	1	0	1	2.258281044772045
100941.36241081003	2000.0	770.809385616444	0.0	0	0.0	1712.1717964264244	1	0	1	0.7542036479957711
101644.76195697821	2000.0	1067.4098394482496	0.0	0	0.0	1712.1717964264244	1	0	1	1.8528159366638808
102200.0	2000.0	1512.1717964264562	0.0	0	173.94605142209912	1712.1717964264099	1	0	1	1.8528159366638817
103200.0	3000.0	1512.171796426465	0.0	0	306.3662092388113	1712.1717964264099	1	0	1	1.8528159366638817
104200.0	3000.0	1512.1717964264724	0.0	0	425.20838896882196	1712.1717964264099	1	0	1	2.2582810447720463
105200.0	3000.0	1512.1717964264717	0.0	0	76.17611078795744	1712.1717964264099	1	0	1	2.2582810447720463
106333.91483399794	6000.0	1378.2569624285147	0.0	0	0.0	1712.1717964264099	1	0	1	2.2582810447720463
107200.0	3000.0	1512.1717964264478	0.0	0	9.016304894234054	1712.1717964263953	1	0	1	1.565133864212102
108200.0	3000.0	1512.1717964264326	0.0	0	322.21683204550936	1712.1717964263953	1	0	1	2.2582810447720467
109200.0	2000.0	1512.1717964264328	0.0	0	316.93863691615115	1712.1717964263953	1	0	1	1.4473508285557175
110200.0	2000.0	1512.171796426422	0.0	0	357.4632427572651	1712.1717964263953	1	0	1	1.8528159366638821
111211.21819427118	3000.0	1500.9536021552308	0.0	0	0.0	1712.1717964263953	1	0	1	1.8528159366638823
112200.0	2000.0	1512.1717964263917	0.0	0	186.1309541878145	1712.1717964263953	1	0	1	1.4473508285557175
113200.0	3000.0	1512.1717964263783	0.0	0	431.5728571323416	1712.1717964263808	1	0	1	1.8528159366638832
114360.41287921804	6000.0	1351.7589172083312	0.0	0	0.0	1712.1717964263808	1	0	1	2.258281044772048
115713.47776529872	6000.0	998.6940311276401	0.0	0	0.0	1712.1717964263808	1	0	1	2.951428225331993
116636.75790640515	6000.0	1075.4138900212065	0.0	0	0.0	1712.1717964263808	1	0	1	2.951428225331993
118156.58549072796	6000.0	555.5863056983999	0.0	0	0.0	1712.1717964263808	1	0	1	2.951428225331993
118865.21773668537	2000.0	846.9540597409978	0.0	0	0.0	1712.1717964263808	1	0	1	0.7542036479957734
119212.53961281144	2000.0	1499.6321836149104	0.0	0	0.0	1712.1717964263662	1	0	1	1.8528159366638839
120200.0	2000.0	1512.1717964263414	0.0	0	525.1239102507534	1712.1717964263662	1	0	1	1.8528159366638839
121200.0	2000.0	1512.1717964263412	0.0	0	329.3445257389103	1712.1717964263662	1	0	1	1.8528159366638839
122200.0	3000.0	1512.1717964263403	0.0	0	217.1969609484804	1712.1717964263662	1	0	1	1.8528159366638839
123365.89618200976	6000.0	1346.2756144165774	0.0	0	0.0	1712.1717964263662	1	0	1	2.2582810447720485
124781.67029529826	6000.0	930.5015011280699	0.0	0	0.0	1712.1717964263662	1	0	1	2.9514282253319934
125572.05848279022	2000.0	1140.1133136361186	0.0	0	0.0	1712.1717964263808	1	0	1	0.7542036479957734
126200.0	2000.0	1512.171796426331	0.0	0	58.63821502123028	1712.1717964263808	1	0	1	1.852815936663883
127200.0	2000.0	1512.1717964263144	0.0	0	175.86354297373327	1712.1717964263808	1	0	1	1.852815936663883
128228.06029843533	2000.0	1484.1114979909955	0.0	0	0.0	1712.1717964263808	1	0	1	1.852815936663883
129200.0	2000.0	1512.1717964263141	0.0	0	97.40276770526543	1712.1717964263808	1	0	1	1.852815936663883
130200.0	2000.0	1512.1717964263219	0.0	0	377.5995894801599	1712.1717964263808	1	0	1	1.852815936663883
131200.0	2000.0	1512.1717964263269	0.0	0	338.1241390989744	1712.1717964263662	1	0	1	1.8528159366638832
132200.0	2000.0	1512.1717964263194	0.0	0	427.59633639329695	1712.1717964263516	1	0	1	1.8528159366638839
133200.0	3000.0	1512.1717964263062	0.0	0	390.1549670341774	1712.1717964263516	1	0	1	1.852815936663885
134200.0	3000.0	1512.1717964262864	0.0	0	396.1438896887121	1712.1717964262934	1	0	1	2.258281044772052
135496.59141107346	6000.0	1215.5803853528403	0.0	0	0.0	1712.1717964262934	1	0	1	2.2582810447720525
136214.1187222313	3000.0	1498.0530741949917	0.0	0	0.0	1712.1717964263225	1	0	1	1.5651338642121058
137598.8656350729	6000.0	1113.3061613533819	0.0	0	0.0	1712.1717964263516	1	0	1	2.258281044772049
138380.0961463603	3000.0	1332.0756500659684	0.0	0	0.0	1712.1717964263808	1	0	1	1.5651338642121029
139200.0	3000.0	1512.1717964262632	0.0	0	163.82192116009537	1712.1717964264099	1	0	1	2.2582810447720463
140200.0	3000.0	1512.1717964262718	0.0	0	120.01067813235568	1712.1717964264099	1	0	1	2.2582810447720463
141200.0	3000.0	1512.1717964262846	0.0	0	375.37886476755375	1712.171796426439	1	0	1	2.258281044772045
142736.57107262904	6000.0	975.6007237972244	0.0	0	0.0	1712.1717964264099	1	0	1	2.2582810447720463
143644.95150056639	2000.0	1067.220295859915	0.0	0	0.0	1712.1717964264099	1	0	1	0.754203647995772
144230.674083333	2000.0	1481.4977130933153	0.0	0	0.0	1712.1717964264099	1	0	1	1.8528159366638817
145200.0	3000.0	1512.1717964263196	0.0	0	38.932495105982525	1712.1717964263808	1	0	1	1.8528159366638832
146200.0	3000.0	1512.1717964263091	0.0	0	72.30488100805087	1712.1717964263808	1	0	1	2.2582810447720476
147200.0	2000.0	1512.171796426304	0.0	0	535.9246811106859	1712.1717964263808	1	0	1	1.4473508285557184
148200.0	3000.0	1512.1717964262896	0.0	0	205.4922204760369	1712.1717964263808	1	0	1	1.8528159366638832
149200.0	6000.0	1512.1717964262914	0.0	0	78.36102882705745	1712.1717964263808	1	0	1	2.258281044772048
150908.70703131438	6000.0	803.4647651119056	0.0	0	0.0	1712.1717964263808	1	0	1	2.951428225331993
151343.8573926226	2000.0	1368.3144038036962	0.0	0	0.0	1712.1717964263808	1	0	1	0.7542036479957734
152200.0	2000.0	1512.171796426306	0.0	0	413.6751212174713	1712.1717964263808	1	0	1	1.852815936663883
153200.0	3000.0	1512.1717964262934	0.0	0	343.5265343246283	1712.1717964263808	1	0	1	1.8528159366638832
154200.0	3000.0	1512.1717964263048	0.0	0	433.5282859229774	1712.1717964263808	1	0	1	2.2582810447720476
156173.78260438135	6000.0	538.3891920449561	0.0	0	0.0	1712.1717964264099	1	0	1	2.2582810447720467
156567.88230708617	2000.0	1144.289489340127	0.0	0	0.0	1712.1717964264099	1	0	1	0.754203647995772
157200.0	2000.0	1512.1717964263194	0.0	0	263.1233957797522	1712.1717964264099	1	0	1	1.8528159366638817
158200.0	3000.0	1512.171796426318	0.0	0	450.83841310293064	1712.1717964264099	1	0	1	1.8528159366638817
159200.0	2000.0	1512.1717964263225	0.0	0	209.73314206011128	1712.1717964264099	1	0	1	1.447350828555717
160200.0	2000.0	1512.1717964263303	0.0	0	252.4716836924199	1712.1717964264099	1	0	1	1.8528159366638817
161200.0	2000.0	1512.171796426341	0.0	0	390.33925229730085	1712.1717964264099	1	0	1	1.8528159366638817
162200.0	3000.0	1512.1717964263646	0.0	0	218.93668319808785	1712.171796426468	1	0	1	1.8528159366638794
163200.0	3000.0	1512.171796426376	0.0	0	122.23276398863527	1712.171796426468	1	0	1	2.258281044772043
164200.0	2000.0	1512.1717964263669	0.0	0	436.5650985855318	1712.1717964264972	1	0	1	1.447350828555713
165200.0	3000.0	1412.171796426399	0.0	0	173.45045479451073	1612.1717964265554	1	0	2	1.456163511151971
166200.0	2000.0	1412.1717964263883	0.0	0	369.2261924315535	1612.1717964265554	1	0	1	1.2524448145111295
167200.0	3000.0	1412.1717964263937	0.0	0	383.67378813866526	1612.1717964265554	1	0	1	1.857909922619295
168252.05703661023	6000.0	1360.1147598161172	0.0	0	0.0	1612.1717964265554	1	0	1	2.2633750307274596
169939.50563869046	6000.0	672.6661577358522	0.0	0	0.0	1612.1717964265263	1	0	1	2.956522211287406
170382.55196267244	2000.0	1229.6198337538763	0.0	0	0.0	1612.1717964265263	1	0	1	0.7592976339511867
171200.0	2000.0	1412.1717964263328	0.0	0	342.2137240737211	1612.1717964265263	1	0	1	1.8579099226192963
172200.0	3000.0	1412.1717964263332	0.0	0	430.5450050079962	1612.1717964265554	1	0	1	1.857909922619295
173200.0	3000.0	1412.1717964263116	0.0	0	423.62326038468746	1612.1717964265554	1	0	1	2.2633750307274596
174200.0	6000.0	1412.1717964262948	0.0	0	60.30226099374704	1612.1717964265554	1	0	1	2.2633750307274596
175200.0	6000.0	1412.1717964263255	0.0	0	203.34606298213475	1612.1717964265554	1	0	1	2.9565222112874046
176200.0	6000.0	1412.1717964263366	0.0	0	162.32569379080087	1612.1717964265554	1	0	1	2.9565222112874046
177200.0	6000.0	1412.1717964263096	0.0	0	171.8118464606814	1612.1717964265554	1	0	1	2.9565222112874046
178740.63973945501	6000.0	871.5320569713276	0.0	0	0.0	1612.1717964265845	1	0	1	2.956522211287403
179349.85942767074	2000.0	1262.3123687555933	0.0	0	0.0	1612.1717964265845	1	0	1	0.7592976339511837
180200.0	3000.0	1412.1717964263298	0.0	0	219.44389204637264	1612.1717964265845	1	0	1	1.8579099226192934
181200.0	2000.0	1412.1717964263291	0.0	0	373.7794464911567	1612.1717964266136	1	0	1	1.4524448145111273
182200.0	2000.0	1412.1717964263098	0.0	0	352.6732623122225	1612.1717964266136	1	0	1	1.8579099226192919
183200.0	2000.0	1412.1717964263282	0.0	0	351.1769749765517	1612.1717964266136	1	0	1	1.8579099226192923
184200.0	2000.0	1412.1717964263705	0.0	0	334.93034655196243	1612.1717964266136	1	0	1	1.8579099226192919
185200.0	2000.0	1412.1717964263826	0.0	0	551.6435264300089	1612.1717964265845	1	0	1	1.8579099226192932
186200.0	3000.0	1412.1717964263757	0.0	0	472.3986100445909	1612.1717964265845	1	0	1	1.8579099226192934
187201.8649043561	6000.0	1410.3068920702658	0.0	0	0.0	1612.1717964265845	1	0	1	2.263375030727458
188200.0	6000.0	1412.1717964263757	0.0	0	206.76502563105896	1612.1717964265845	1	0	1	2.956522211287403
189252.3160221255	6000.0	1359.8557743008625	0.0	0	0.0	1612.1717964265554	1	0	1	2.9565222112874046
190739.02144851928	6000.0	873.150347907106	0.0	0	0.0	1612.1717964265554	1	0	1	2.9565222112874046
191242.84753318166	2000.0	1369.3242632447264	0.0	0	0.0	1612.1717964265554	1	0	1	0.7592976339511853
192200.0	2000.0	1412.1717964263821	0.0	0	501.1739775001479	1612.1717964265554	1	0	1	1.857909922619295
193200.0	2000.0	1412.17179642638	0.0	0	220.3366745901585	1612.1717964265554	1	0	1	1.857909922619295
194200.0	2000.0	1412.171796426376	0.0	0	347.72316388899344	1612.1717964265554	1	0	1	1.857909922619295
195304.76630844615	3000.0	1307.405487980254	0.0	0	0.0	1612.1717964265554	1	0	1	1.857909922619295
196203.06677355355	2000.0	1409.105022872858	0.0	0	0.0	1612.1717964265554	1	0	1	1.4524448145111304
197200.0	2000.0	1412.1717964264374	0.0	0	225.01939615164883	1612.1717964265845	1	0	1	1.8579099226192932
198200.0	2000.0	1412.1717964264276	0.0	0	428.6441997750371	1612.1717964265554	1	0	1	1.8579099226192943
199200.0	2000.0	1412.1717964264183	0.0	0	451.9274222519889	1612.1717964265554	1	0	1	1.857909922619295
200200.0	2000.0	1412.1717964264346	0.0	0	238.4842265736661	1612.1717964265554	1	0	1	1.857909922619295
201200.0	2000.0	1412.1717964264196	0.0	0	367.69412748876493	1612.1717964265554	1	0	1	1.857909922619295
202200.0	2000.0	1412.1717964264265	0.0	0	503.17475496183033	1612.1717964265554	1	0	1	1.857909922619295
203200.0	2000.0	1412.1717964264583	0.0	0	366.668197150575	1612.1717964265845	1	0	1	1.8579099226192939
204268.4484433601	6000.0	1343.7233530663607	0.0	0	0.0	1612.1717964266136	1	0	1	1.8579099226192923
205905.6931794417	6000.0	706.4786169847847	0.0	0	0.0	1612.1717964266427	1	0	1	2.956522211287401
206303.36634128	2000.0	1308.8054551464866	0.0	0	0.0	1612.1717964266427	1	0	1	0.7592976339511809
207200.7289094437	2000.0	1411.4428869827861	0.0	0	157.8502797136025	1612.1717964266427	1	0	1	1.8579099226192906
208200.0	2000.0	1412.171796426487	0.0	0	345.77365560713224	1612.1717964266427	1	0	1	1.8579099226192906
209200.0	2000.0	1412.1717964265179	0.0	0	565.0644102897495	1612.1717964266427	1	0	1	1.8579099226192906
210200.0	3000.0	1412.171796426516	0.0	0	359.2883094077697	1612.1717964266427	1	0	1	1.8579099226192906
211200.0	3000.0	1412.171796426522	0.0	0	224.3346602784586	1612.1717964266136	1	0	1	2.2633750307274565
212816.24393808714	6000.0	795.927858339372	0.0	0	0.0	1612.1717964265845	1	0	1	2.263375030727458
213267.67728662112	2000.0	1344.4945098053809	0.0	0	0.0	1612.1717964265845	1	0	1	0.7592976339511837
214200.0	2000.0	1412.171796426499	0.0	0	245.14685034079594	1612.1717964265845	1	0	1	1.8579099226192939
215200.0	2000.0	1412.1717964264801	0.0	0	235.08909231005237	1612.1717964265554	1	0	1	1.8579099226192948
216423.04507011094	3000.0	1189.1267263154964	0.0	0	0.0	1612.1717964265554	1	0	1	1.857909922619295
217200.0	2000.0	1412.171796426452	0.0	0	173.25658033858053	1612.1717964265554	1	0	1	1.4524448145111304
218200.0	2000.0	1412.171796426422	0.0	0	422.7145570361172	1612.1717964265263	1	0	1	1.8579099226192963
219200.0	2000.0	1412.1717964264428	0.0	0	397.35346202389337	1612.1717964265263	1	0	1	1.8579099226192963
220200.0	2000.0	1412.171796426463	0.0	0	513.2188172651804	1612.1717964265263	1	0	1	1.8579099226192963
221200.0	3000.0	1412.1717964264526	0.0	0	88.66361196013168	1612.1717964264972	1	0	1	1.8579099226192979
222200.0	3000.0	1412.1717964264374	0.0	0	69.31337418974726	1612.1717964265263	1	0	1	2.263375030727461
223222.50700212774	3000.0	1389.6647942987022	0.0	0	0.0	1612.1717964265263	1	0	1	2.263375030727461
224200.0	2000.0	1412.1717964264267	0.0	0	474.79567267769016	1612.1717964264972	1	0	1	1.452444814511133
225200.0	2000.0	1412.171796426411	0.0	0	468.34411458374234	1612.1717964264972	1	0	1	1.8579099226192977
226200.0	3000.0	1412.1717964264426	0.0	0	376.79745792836184	1612.1717964264972	1	0	1	1.8579099226192979
227630.4859256701	6000.0	981.6858707563331	0.0	0	0.0	1612.171796426468	1	0	1	2.2633750307274636
228257.82125332873	2000.0	1354.3505430976993	0.0	0	0.0	1612.1717964264972	1	0	1	0.7592976339511881
229200.0	2000.0	1412.1717964264078	0.0	0	429.8938157018565	1612.171796426468	1	0	1	1.857909922619299
230200.0	2000.0	1412.171796426394	0.0	0	433.59713407981326	1612.171796426468	1	0	1	1.857909922619299
231200.0	2000.0	1412.1717964263948	0.0	0	420.7619862901629	1612.171796426439	1	0	1	1.8579099226193005
232200.0	3000.0	1412.171796426378	0.0	0	247.94817231720663	1612.1717964264099	1	0	1	1.8579099226193017
233200.0	3000.0	1412.1717964264085	0.0	0	358.53367512483965	1612.171796426439	1	0	1	2.2633750307274654
234533.5985432436	6000.0	1078.573253182815	0.0	0	0.0	1612.171796426439	1	0	1	2.263375030727465
235483.73661739493	3000.0	1128.4351790315027	0.0	0	0.0	1612.171796426439	1	0	1	1.5702278501675204
236200.0	2000.0	1412.1717964264344	0.0	0	161.79107385178213	1612.171796426439	1	0	1	1.452444814511136
237200.0	2000.0	1412.1717964264087	0.0	0	520.5445972478483	1612.171796426439	1	0	1	1.8579099226193005
238200.0	2000.0	1412.171796426394	0.0	0	564.3360099793063	1612.171796426439	1	0	1	1.8579099226193005
239200.0	3000.0	1412.1717964264017	0.0	0	353.0830738308723	1612.171796426468	1	0	1	1.8579099226192997
240200.0	2000.0	1412.171796426414	0.0	0	267.93287092237733	1612.1717964264972	1	0	1	1.4524448145111333
241200.0	2000.0	1412.1717964264321	0.0	0	539.0086971910787	1612.1717964264972	1	0	1	1.8579099226192977
242200.0	3000.0	1412.1717964263862	0.0	0	254.23638447120902	1612.1717964264972	1	0	1	1.8579099226192979
243523.2713028095	6000.0	1088.900493616879	0.0	0	0.0	1612.1717964264972	1	0	1	2.2633750307274623
245332.28834378347	6000.0	279.8834526429126	0.0	0	0.0	1612.1717964264972	1	0	1	2.956522211287407
245788.5305412364	2000.0	823.64125518997	0.0	0	0.0	1612.1717964264972	1	0	1	0.7592976339511874
246352.79047428007	2000.0	1259.3813221462694	0.0	0	0.0	1612.171796426468	1	0	1	1.857909922619299
247200.0	2000.0	1412.1717964263512	0.0	0	384.7345670403156	1612.171796426468	1	0	1	1.857909922619299
248200.0	3000.0	1412.1717964263532	0.0	0	412.51658343774034	1612.171796426468	1	0	1	1.8579099226192992
249200.0	2000.0	1412.1717964263653	0.0	0	265.8471803944849	1612.1717964264972	1	0	1	1.452444814511133
250200.0	2000.0	1412.1717964263607	0.0	0	321.20829961512936	1612.1717964264972	1	0	1	1.8579099226192977
251200.0	2000.0	1412.1717964263526	0.0	0	323.70880798765575	1612.1717964264972	1	0	1	1.8579099226192977
252200.0	3000.0	1412.1717964263548	0.0	0	401.5421558583912	1612.1717964264972	1	0	1	1.8579099226192979
253200.0	3000.0	1412.1717964264083	0.0	0	45.64307157834992	1612.1717964265263	1	0	1	2.2633750307274614
254200.0	3000.0	1412.1717964263948	0.0	0	304.14257737778826	1612.1717964265263	1	0	1	2.263375030727461
255916.69939929814	6000.0	695.4723971282513	0.0	0	0.0	1612.1717964265263	1	0	1	2.2633750307274605
256461.52065900867	2000.0	1150.6511374177194	0.0	0	0.0	1612.1717964265554	1	0	1	0.7592976339511853
257200.0	2000.0	1412.1717964264283	0.0	0	30.957548006699653	1612.1717964265554	1	0	1	1.857909922619295
258200.0	2000.0	1412.1717964264305	0.0	0	312.39718667796114	1612.1717964265554	1	0	1	1.857909922619295
259200.0	2000.0	1412.1717964264533	0.0	0	537.3390221271547	1612.1717964265554	1	0	1	1.857909922619295
260200.0	2000.0	1412.171796426454	0.0	0	356.0402674335055	1612.1717964265263	1	0	1	1.8579099226192963
261200.0	2000.0	1412.171796426474	0.0	0	449.05068282643333	1612.1717964265263	1	0	1	1.8579099226192963
262200.0	3000.0	1312.1717964265172	0.0	0	401.0980130658427	1512.1717964265554	1	0	2	1.4608200471680686
263345.7371101182	6000.0	1166.4346863083417	0.0	0	0.0	1512.1717964265845	1	0	1	2.0679956077371457
264200.0	6000.0	1312.1717964265615	0.0	0	85.39439005788881	1512.1717964265845	1	0	1	2.9611427882970913
265321.8087608351	6000.0	1190.3630355915093	0.0	0	0.0	1512.1717964265263	1	0	1	2.9611427882970935
267262.0272085285	6000.0	250.14458789810993	0.0	0	0.0	1512.171796426468	1	0	1	2.9611427882970967
267929.1802292428	2000.0	718.6015172228746	135.60995003907846	0	0.0	1647.78174646548	1	0	1	-0.05611940745217858
268487.75295204506	2000.0	1160.0287944206302	0.0	0	0.0	1647.78174646548	1	0	1	1.8561525814504023
269200.0	2000.0	1447.7817464657435	0.0	0	124.5394992485526	1647.78174646548	1	0	1	1.8561525814504023
270200.0	2000.0	1447.781746465835	0.0	0	356.2044907247182	1647.7817464655382	1	0	1	1.8561525814504005
271200.0	3000.0	1447.7817464658713	0.0	0	323.64331260643667	1647.7817464655382	1	0	1	1.8561525814503996
272200.0	3000.0	1447.7817464658906	0.0	0	299.8149067508057	1647.7817464655382	1	0	1	2.2616176895585642
273200.0	3000.0	1447.781746465828	0.0	0	400.8655865060282	1647.7817464655382	1	0	1	2.2616176895585642
274329.15720339585	6000.0	1318.624543069963	0.0	0	0.0	1647.7817464655382	1	0	1	2.2616176895585642
275200.0	2000.0	1447.7817464657778	0.0	0	184.79678076395066	1647.7817464655382	1	0	1	0.7575402927822897
276200.0	2000.0	1447.7817464658383	0.0	0	239.45232248003595	1647.7817464655382	1	0	1	1.8561525814503992
277200.0	2000.0	1447.7817464658037	0.0	0	177.9176880455925	1647.78174646548	1	0	1	1.8561525814504016
278200.0	2000.0	1447.7817464657894	0.0	0	32.910163763095625	1647.78174646548	1	0	1	1.8561525814504023
279200.0	2000.0	1447.7817464657755	0.0	0	243.98569198406767	1647.7817464654217	1	0	1	1.8561525814504054
280200.0	2000.0	1447.7817464657755	0.0	0	544.5168615159346	1647.7817464654217	1	0	1	1.8561525814504054
281200.0	2000.0	1447.7817464657928	0.0	0	394.4322498559486	1647.7817464654217	1	0	1	1.8561525814504054
282200.0	3000.0	1447.7817464658187	0.0	0	257.459898337489	1647.78174646548	1	0	1	1.8561525814504025
283328.0549066146	6000.0	1319.7268398512153	0.0	0	0.0	1647.78174646548	1	0	1	2.261617689558567
284782.2337082537	6000.0	865.548038212122	0.0	0	0.0	1647.78174646548	1	0	1	2.954764870118512
285200.0	2000.0	1447.7817464657999	0.0	0	50.984850142209325	1647.7817464654217	1	0	1	0.7575402927822957
286200.0	2000.0	1447.7817464658401	0.0	0	643.537240496662	1647.78174646548	1	0	1	1.8561525814504023
287200.0	3000.0	1447.7817464658256	0.0	0	473.8516797304037	1647.7817464655382	1	0	1	1.8561525814503996
288565.7827471886	6000.0	1081.9989992772548	0.0	0	0.0	1647.7817464655382	1	0	1	2.2616176895585642
289200.0	2000.0	1447.781746465829	0.0	0	186.33412764797686	1647.7817464655382	1	0	1	0.7575402927822897
290200.0	2000.0	1447.781746465774	0.0	0	455.1410129889846	1647.7817464655382	1	0	1	1.8561525814503992
291200.0	3000.0	1447.7817464657912	0.0	0	177.30832455458585	1647.7817464655964	1	0	1	1.8561525814503967
292200.0	3000.0	1447.7817464657505	0.0	0	126.52857196313562	1647.7817464655964	1	0	1	2.261617689558561
293200.0	2000.0	1447.781746465757	0.0	0	235.3999847145751	1647.7817464655382	1	0	1	1.4506874733422346
294200.0	3000.0	1447.7817464657803	0.0	0	150.87311202351702	1647.7817464655382	1	0	1	1.8561525814503996
295200.0	3000.0	1447.7817464658312	0.0	0	431.70285630592844	1647.7817464655382	1	0	1	2.2616176895585642
296200.0	2000.0	1447.7817464658658	0.0	0	545.4336823696503	1647.7817464655382	1	0	1	1.4506874733422346
297418.07022605283	6000.0	1229.711520413087	0.0	0	0.0	1647.7817464655964	1	0	1	1.856152581450397
298788.543436118	6000.0	859.238310347886	0.0	0	0.0	1647.7817464655382	1	0	1	2.954764870118507
299458.54799231316	2000.0	1189.2337541528036	0.0	0	0.0	1647.7817464655964	1	0	1	0.757540292782287
300200.0	2000.0	1447.7817464659395	0.0	0	78.54207061207853	1647.7817464655964	1	0	1	1.8561525814503965
3.19	5.24	5.87	2.92	2.97	3.41	4.03	3.95	3.26	3.97	3.61	5.06	7.41	6.33	2.46	3.66	5.75	4.22	4.66	6.52	5.51	6.59	6.16	3.76	4.6	3.06	2.21	4.17	3.68	4.19	4.69	6.3	6.37	4.6	4.73	4.63	4.48	2.25	3.08	4.09	2.88	2.78	4.2	4.27	1.97	3.73	3.74	3.7	5.09	5.13	4.02	5.65	1.78	4.51	5.43	4.95	4.3	3.97	4.51	3.12	3.63	3.29	3.82	3.81	3.15	4.89	3.67	3.85	3.36	4.83	4.34	5.22	4.6	3.6	3.71	3.02	4.62	4.91	6.13	5.1	3.02	4.12	3.63	4.84	3.29	3.7	4.03	4.98	5.61	4.43	4.05	3.96	5.4	3.42	2.98	3.8	4.63	4.63	3.76	5.17	4.61	3.85	3.23	3.6	4.31	2.41	4.69	6.92	6.79	5.99	6.68	3.31	3.27	4.98	3.72	4.21	4.2	4.92	5.6	2.97	3.43	2.18	2.88	2.26	4.14	2.77	4.01	5.18	7.44	4.25	4.69	5.78	4.67	4.12	4.01	4.67	4.61	2.61	4.22	4.9	4.0	4.97	5.38	4.88	3.97	3.88	5.49	4.44	4.37	4.69	3.19	5.24	5.87	2.92	2.97	3.41	4.03	3.95	3.26	3.97	3.61	5.06	7.41	6.33	2.46	3.66	5.75	4.22	4.66	6.52	5.51	6.59	6.16	3.76	4.6	3.06	2.21	4.17	3.68	4.19	4.69	6.3	6.37	4.6	4.73	4.63	4.48	2.25	3.08	4.09	2.88	2.78	4.2	4.27	1.97	3.73	3.74	3.7	5.09	5.13	4.02	5.65	1.78	4.51	5.43	4.95	4.3	3.97	4.51	3.12	3.63	3.29	3.82	3.81	3.15	4.89	3.67	3.85	3.36	4.83	4.34	5.22	4.6	3.6	3.71	3.02	4.62	4.91	6.13	5.1	3.02	4.12	3.63	4.84	3.29	3.7	4.03	4.98	5.61	4.43	4.05	3.96	5.4	3.42	2.98	3.8	4.63	4.63	3.76	5.17	4.61	3.85	3.23	3.6	4.31	2.41	4.69	6.92	6.79	5.99	6.68	3.31	3.27	4.98	3.72	4.21	4.2	4.92	5.6	2.97	3.43	2.18	2.88	2.26	4.14	2.77	4.01	5.18	7.44	4.25	4.69	5.78	4.67	4.12	4.01	4.67	4.61	2.61	4.22	4.9	4.0	4.97	5.38	4.88	3.97	3.88	5.49
1.0	2.0	3.0	4.0	5.0	6.0	7.0	8.0	9.0	10.0	11.0	12.0	13.0	14.0	15.0	16.0	17.0	18.0	19.0	20.0	21.0	22.0	23.0	24.0	25.0	26.0	27.0	28.0	29.0	30.0	31.0	32.0	33.0	34.0	35.0	36.0	37.0	38.0	39.0	40.0	41.0	42.0	43.0	44.0	45.0	46.0	47.0	48.0	49.0	50.0	51.0	52.0	53.0	54.0	55.0	56.0	57.0	58.0	59.0	60.0	61.0	62.0	63.0	64.0	65.0	66.0	67.0	68.0	69.0	70.0	71.0	72.0	73.0	74.0	75.0	76.0	77.0	78.0	79.0	80.0	81.0	82.0	83.0	84.0	85.0	86.0	87.0	88.0	89.0	90.0	91.0	92.0	93.0	94.0	95.0	96.0	97.0	98.0	99.0	100.0	101.0	102.0	103.0	104.0	105.0	106.0	107.0	108.0	109.0	110.0	111.0	112.0	113.0	114.0	115.0	116.0	117.0	118.0	119.0	120.0	121.0	122.0	123.0	124.0	125.0	126.0	127.0	128.0	129.0	130.0	131.0	132.0	133.0	134.0	135.0	136.0	137.0	138.0	139.0	140.0	141.0	142.0	143.0	144.0	145.0	146.0	147.0	148.0	149.0	149.0	150.0	151.0	152.0	153.0	154.0	155.0	156.0	157.0	158.0	159.0	160.0	161.0	162.0	163.0	164.0	165.0	166.0	167.0	168.0	169.0	170.0	171.0	172.0	173.0	174.0	175.0	176.0	177.0	178.0	179.0	180.0	181.0	182.0	183.0	184.0	185.0	186.0	187.0	188.0	189.0	190.0	191.0	192.0	193.0	194.0	195.0	196.0	197.0	198.0	199.0	200.0	201.0	202.0	203.0	204.0	205.0	206.0	207.0	208.0	209.0	210.0	211.0	212.0	213.0	214.0	215.0	216.0	217.0	218.0	219.0	220.0	221.0	222.0	223.0	224.0	225.0	226.0	227.0	228.0	229.0	230.0	231.0	232.0	233.0	234.0	235.0	236.0	237.0	238.0	239.0	240.0	241.0	242.0	243.0	244.0	245.0	246.0	247.0	248.0	249.0	250.0	251.0	252.0	253.0	254.0	255.0	256.0	257.0	258.0	259.0	260.0	261.0	262.0	263.0	264.0	265.0	266.0	267.0	268.0	269.0	270.0	271.0	272.0	273.0	274.0	275.0	276.0	277.0	278.0	279.0	280.0	281.0	282.0	283.0	284.0	285.0	286.0	287.0	288.0	289.0	290.0	291.0	292.0	293.0	294.0	295.0	296.0
5668.148931830905
