3878.397326824077	300.0	2000.0	125.7405541874914	0	0.0	3878.397326824077	1	0	1	-1.1636231476164696
4875.695998141322	2000.0	2002.701328682755	0.0	0	0.0	3878.397326824077	1	0	1	-0.4181687805977894
5772.32586037551	2000.0	2016.408480225148	0.0	0	0.0	3788.7343406006585	1	0	2	1.103280038119645
6563.647651111697	2000.0	2225.0866894889614	0.0	0	0.0	3788.734340600659	1	0	1	1.312036953608429
7588.129398027902	2000.0	2098.156767881136	0.0	0	0.0	3686.286165909039	1	0	2	1.1382102126252087
8100.725186921774	2000.0	2585.560978987264	0.0	0	0.0	3686.2861659090386	1	0	1	1.3470363259248088
9005.022065745581	3000.0	2590.8344122810745	0.0	0	0.0	3595.856478026658	1	0	2	1.1678434589230533
9768.453766697043	2000.0	2751.0595412344674	0.0	0	0.0	3519.513307931513	1	0	2	0.9875438280399573
10466.136073413556	3000.0	2983.609003846304	0.0	0	0.0	3449.7450772598613	1	0	2	1.4126389580484597
11626.966449249185	3000.0	2706.6955904271144	0.0	0	0.0	3333.662039676299	1	0	2	1.8454629929295858
12242.662441165427	3000.0	3029.4299993192462	0.0	0	0.0	3272.092440484672	1	0	2	1.863618750851761
13200.0	3000.0	2976.3586846012167	0.0	0	242.02304504152198	3176.358684601215	1	0	2	1.8810748340768435
14200.0	3000.0	2876.3586846012154	0.0	0	259.83722079681866	3076.358684601215	1	0	2	1.9012735690014742
15200.0	3000.0	2776.3586846012145	0.0	0	307.1084690414682	2976.358684601215	1	0	2	1.9203238778500702
16363.673338876331	3000.0	2496.3180118372484	0.0	0	0.0	2859.991350713579	1	0	2	1.9408214691657673
17802.12473721358	3000.0	1914.0214736662706	0.0	0	0.0	2716.1462108798514	1	0	2	1.9626244935496633
18458.157710704632	2000.0	2192.3852028261135	0.0	0	0.0	2650.542913530746	1	0	2	1.1636124346481502
19200.0	2000.0	2450.5429135307436	0.0	0	203.4975937839008	2650.542913530746	1	0	1	1.5713586892789455
20200.0	3000.0	2350.5429135307404	0.0	0	231.27004210697487	2550.542913530742	1	0	2	1.379831355111056
21200.0	3000.0	2250.54291353074	0.0	0	296.8263866795969	2450.542913530742	1	0	2	1.9963798921238909
22200.0	2000.0	2150.5429135307395	0.0	0	337.11474159225327	2350.542913530735	1	0	2	1.1966382564591362
23200.0	3000.0	2050.542913530738	0.0	0	187.61799249235264	2250.542913530735	1	0	2	1.6120711467974729
24645.449253539224	6000.0	1605.0936599915126	0.0	0	0.0	2250.542913530735	1	0	1	2.020517340997812
25526.846756872674	2000.0	1635.5564063247118	0.0	0	0.0	2162.403163197385	1	0	2	0.3221484893503467
26200.0	2000.0	1895.0878388846527	0.0	0	62.32465913638225	2095.087838884654	1	0	2	1.6264874701341943
27200.0	2000.0	1895.0878388846543	0.0	0	200.91734620110583	2095.087838884654	1	0	1	1.628030455366653
28200.0	2000.0	1895.0878388846536	0.0	0	376.438046645515	2095.087838884654	1	0	1	1.8280304553666529
29200.0	3000.0	1795.087838884652	0.0	0	390.86566762703296	1995.0878388846504	1	0	2	1.4325662771831342
30471.901104859284	2000.0	1523.1867340253668	0.0	0	0.0	1995.0878388846468	1	0	1	1.2299467573206575
31200.0	2000.0	1795.0878388846515	0.0	0	180.18634270345137	1995.0878388846504	1	0	1	1.835411865428822
32200.0	3000.0	1795.0878388846545	0.0	0	69.7278292044648	1995.087838884654	1	0	1	1.835411865428822
33200.0	2000.0	1795.0878388846543	0.0	0	379.00179005183963	1995.087838884654	1	0	1	1.4299467573206572
34200.0	2000.0	1795.087838884651	0.0	0	502.0465802482504	1995.0878388846504	1	0	1	1.8354118654288218
35971.77390422193	3000.0	846.1365442405227	0.0	0	0.0	1817.9104484624622	1	0	2	1.4432704847879154
37291.53109026076	2000.0	526.3793582016986	0.0	0	0.0	1817.9104484624622	1	0	1	1.2413973282336999
38000.247297054106	2000.0	817.6631514083602	0.0	0	0.0	1817.9104484624622	1	0	1	1.8468624363418646
38879.327622014345	2000.0	938.5828264481285	0.0	0	0.0	1817.9104484624622	1	0	1	1.8468624363418646
39674.816136848734	2000.0	1143.0943116137369	0.0	0	0.0	1817.9104484624622	1	0	1	1.8468624363418646
40467.864741938094	2000.0	1350.0457065243802	0.0	0	0.0	1817.9104484624622	1	0	1	1.8468624363418646
41628.61619083631	2000.0	1189.2942576261717	0.0	0	0.0	1817.9104484624622	1	0	1	1.8468624363418646
42586.123866744354	2000.0	1231.7865817181216	0.0	0	0.0	1817.910448462455	1	0	1	1.846862436341865
43200.0	2000.0	1617.9104484624663	0.0	0	80.40340267957072	1817.910448462455	1	0	1	1.846862436341865
44200.0	2000.0	1617.9104484624634	0.0	0	544.094376100591	1817.910448462455	1	0	1	1.846862436341865
45200.0	2000.0	1617.9104484624604	0.0	0	395.7650431709699	1817.910448462455	1	0	1	1.846862436341865
46200.0	2000.0	1617.9104484624634	0.0	0	49.41306483782682	1817.910448462455	1	0	1	1.846862436341865
47200.0	2000.0	1617.91044846246	0.0	0	451.05198587166524	1817.9104484624477	1	0	1	1.8468624363418653
48200.0	3000.0	1617.9104484624597	0.0	0	248.62651646240556	1817.910448462455	1	0	1	1.846862436341865
49200.0	2000.0	1617.9104484624659	0.0	0	54.340704799418745	1817.910448462455	1	0	1	1.4413973282337005
50200.0	2000.0	1617.9104484624622	0.0	0	432.255340039148	1817.9104484624477	1	0	1	1.8468624363418653
51200.0	2000.0	1617.9104484624595	0.0	0	398.9018861656805	1817.9104484624404	1	0	1	1.846862436341866
52200.0	3000.0	1617.9104484624618	0.0	0	188.297256422411	1817.9104484624477	1	0	1	1.8468624363418655
53200.0	3000.0	1617.9104484624693	0.0	0	275.11347956772806	1817.9104484624477	1	0	1	2.25232754445003
54394.73970597151	3000.0	1303.696771893806	0.0	0	0.0	1698.4364778652816	1	0	2	1.857306986615047
55200.0	2000.0	1498.4364778653157	0.0	0	238.210350385707	1698.436477865289	1	0	1	1.248080237455178
56200.0	2000.0	1498.4364778653173	0.0	0	432.85225412994623	1698.436477865289	1	0	1	1.8535453455633428
57200.0	2000.0	1498.4364778653128	0.0	0	385.18782558765815	1698.436477865289	1	0	1	1.8535453455633428
58200.0	2000.0	1498.4364778653119	0.0	0	156.12121082090016	1698.436477865289	1	0	1	1.8535453455633428
59200.0	2000.0	1498.4364778653096	0.0	0	441.47688642957655	1698.4364778652962	1	0	1	1.8535453455633424
60200.0	2000.0	1498.4364778653064	0.0	0	403.6305464017423	1698.4364778652962	1	0	1	1.8535453455633424
61239.11467667737	2000.0	1459.3218011879317	0.0	0	0.0	1698.4364778653035	1	0	1	1.853545345563342
62200.0	2000.0	1498.436477865297	0.0	0	194.73538851084595	1698.4364778653107	1	0	1	1.8535453455633415
63200.0	2000.0	1498.4364778653003	0.0	0	214.9665091502102	1698.4364778653107	1	0	1	1.8535453455633415
64200.0	2000.0	1498.4364778652962	0.0	0	377.5569999303625	1698.4364778653107	1	0	1	1.8535453455633415
65200.0	2000.0	1498.4364778652898	0.0	0	290.90589495477616	1698.4364778653035	1	0	1	1.853545345563342
66200.0	2000.0	1498.436477865292	0.0	0	479.44721804975416	1698.4364778653107	1	0	1	1.8535453455633415
67200.0	3000.0	1498.4364778653066	0.0	0	395.72347639327927	1698.4364778653253	1	0	1	1.8535453455633415
68200.0	3000.0	1498.43647786531	0.0	0	214.85167558892863	1698.4364778653253	1	0	1	2.2590104536715057
70005.57371232472	6000.0	692.8627655405908	0.0	0	0.0	1698.4364778653253	1	0	1	2.2590104536715057
70520.99540503106	2000.0	1177.441072834245	0.0	0	0.0	1698.4364778653107	1	0	1	0.754933056895232
71279.56696660498	2000.0	1418.8695112603252	0.0	0	0.0	1698.4364778653107	1	0	1	1.8535453455633415
72200.0	2000.0	1498.4364778653103	0.0	0	361.1569649630401	1698.4364778653107	1	0	1	1.8535453455633415
73200.0	2000.0	1498.4364778652916	0.0	0	256.4386571034702	1698.4364778652962	1	0	1	1.8535453455633417
74200.0	2000.0	1498.4364778652828	0.0	0	400.8279510263237	1698.4364778652816	1	0	1	1.8535453455633433
75200.0	3000.0	1498.4364778652925	0.0	0	216.56144096981734	1698.4364778652816	1	0	1	1.8535453455633435
76200.0	2000.0	1498.436477865286	0.0	0	207.88649510873074	1698.436477865267	1	0	1	1.448080237455179
77200.0	2000.0	1498.4364778652844	0.0	0	409.8033623398369	1698.436477865267	1	0	1	1.8535453455633437
78200.0	3000.0	1498.4364778652698	0.0	0	195.45449810258287	1698.4364778652525	1	0	1	1.8535453455633448
79200.0	2000.0	1498.4364778652766	0.0	0	157.16662942005496	1698.4364778652525	1	0	1	1.44808023745518
80200.0	2000.0	1498.436477865294	0.0	0	399.98468878370477	1698.436477865267	1	0	1	1.8535453455633437
81342.90832341048	3000.0	1355.528154454814	0.0	0	0.0	1698.436477865267	1	0	1	1.853545345563344
82200.0	2000.0	1498.4364778652853	0.0	0	92.7654251629865	1698.436477865267	1	0	1	1.448080237455179
83200.0	2000.0	1498.4364778652864	0.0	0	111.33463839584147	1698.436477865267	1	0	1	1.8535453455633437
84200.0	2000.0	1498.4364778652912	0.0	0	428.9590829817025	1698.4364778652816	1	0	1	1.8535453455633433
85200.0	2000.0	1498.4364778652964	0.0	0	289.1788514617365	1698.4364778652816	1	0	1	1.8535453455633433
86200.0	3000.0	1498.4364778652978	0.0	0	17.276517488106037	1698.436477865267	1	0	1	1.853545345563344
87200.0	2000.0	1498.4364778652962	0.0	0	135.74708177344291	1698.4364778652816	1	0	1	1.4480802374551787
88200.0	2000.0	1498.4364778653053	0.0	0	462.61941869922157	1698.436477865267	1	0	1	1.8535453455633437
89200.0	3000.0	1498.436477865288	0.0	0	263.82353827195766	1698.4364778652525	1	0	1	1.8535453455633448
90200.0	2000.0	1498.436477865292	0.0	0	346.31785696219595	1698.4364778652525	1	0	1	1.44808023745518
91200.0	2000.0	1498.4364778652919	0.0	0	491.6365304681967	1698.4364778652525	1	0	1	1.8535453455633446
92200.0	3000.0	1498.436477865284	0.0	0	375.0826658135047	1698.4364778652525	1	0	1	1.8535453455633448
93200.0	3000.0	1498.436477865281	0.0	0	398.6829901095771	1698.4364778652525	1	0	1	2.259010453671509
95003.89072789089	6000.0	694.5457499743898	0.0	0	0.0	1698.4364778652525	1	0	1	2.259010453671509
95649.85657201015	2000.0	1048.5799058551306	0.0	0	0.0	1698.4364778652525	1	0	1	0.754933056895235
96355.67303108262	2000.0	1342.7634467826524	0.0	0	0.0	1698.4364778652525	1	0	1	1.8535453455633446
97200.0	2000.0	1498.4364778652753	0.0	0	112.71555623858876	1698.4364778652525	1	0	1	1.8535453455633446
98200.0	2000.0	1498.436477865301	0.0	0	146.83720361997257	1698.4364778652525	1	0	1	1.8535453455633446
99200.0	2000.0	1498.4364778652896	0.0	0	305.3252818615292	1698.436477865238	1	0	1	1.8535453455633455
100307.82649559564	3000.0	1390.6099822696551	0.0	0	0.0	1698.436477865238	1	0	1	1.8535453455633457
101200.0	2000.0	1498.4364778653069	0.0	0	435.2575650108338	1698.436477865238	1	0	1	1.4480802374551809
102200.0	3000.0	1498.4364778653035	0.0	0	271.87656270603475	1698.436477865238	1	0	1	1.8535453455633457
103200.0	3000.0	1498.4364778653094	0.0	0	140.03523889783537	1698.436477865238	1	0	1	2.25901045367151
104200.0	3000.0	1498.4364778653137	0.0	0	27.9302322010044	1698.436477865238	1	0	1	2.25901045367151
105200.0	3000.0	1498.4364778653162	0.0	0	244.0857276320312	1698.436477865238	1	0	1	2.25901045367151
106200.0	3000.0	1498.4364778653216	0.0	0	166.8321007101622	1698.4364778652525	1	0	1	2.259010453671509
107200.0	2000.0	1498.4364778653176	0.0	0	393.3694985026086	1698.4364778652525	1	0	1	1.44808023745518
108966.25377267147	6000.0	732.1827051938416	0.0	0	0.0	1698.4364778652525	1	0	1	1.8535453455633446
109582.618047349	2000.0	1115.8184305163218	0.0	0	0.0	1698.4364778652525	1	0	1	0.754933056895235
110241.10225708975	2000.0	1457.3342207755752	0.0	0	0.0	1698.4364778652525	1	0	1	1.8535453455633446
111337.21817644949	3000.0	1361.2183014158293	0.0	0	0.0	1698.4364778652525	1	0	1	1.8535453455633448
112200.0	2000.0	1498.4364778653094	0.0	0	197.95963441643107	1698.4364778652525	1	0	1	1.44808023745518
113200.0	2000.0	1498.4364778653232	0.0	0	479.45911319734296	1698.4364778652525	1	0	1	1.8535453455633446
114200.0	3000.0	1498.4364778653228	0.0	0	99.54315207178297	1698.4364778652525	1	0	1	1.8535453455633448
115200.0	3000.0	1498.4364778653164	0.0	0	174.06070506079413	1698.4364778652525	1	0	1	2.259010453671509
116810.1303717832	6000.0	888.3061060821184	0.0	0	0.0	1698.4364778652525	1	0	1	2.259010453671509
117423.1046615627	2000.0	1275.3318163026445	0.0	0	0.0	1698.436477865267	1	0	1	0.7549330568952343
118200.0	2000.0	1498.4364778653432	0.0	0	248.72088883264223	1698.436477865267	1	0	1	1.8535453455633437
119200.0	2000.0	1498.436477865347	0.0	0	398.08303626973066	1698.436477865267	1	0	1	1.8535453455633437
120200.0	2000.0	1498.436477865352	0.0	0	539.7386820645625	1698.436477865267	1	0	1	1.8535453455633437
121583.12820914922	6000.0	1115.308268716144	0.0	0	0.0	1698.436477865267	1	0	1	1.8535453455633442
122599.62774539698	3000.0	1098.8087324683834	0.0	0	0.0	1698.436477865267	1	0	1	1.5658632731115636
123200.0	2000.0	1498.436477865371	0.0	0	112.33218666767061	1698.436477865267	1	0	1	1.448080237455179
124200.0	3000.0	1498.436477865353	0.0	0	199.35342543969455	1698.436477865267	1	0	1	1.853545345563344
125200.0	3000.0	1498.4364778653571	0.0	0	315.29478698791354	1698.436477865267	1	0	1	2.2590104536715088
126200.0	3000.0	1498.4364778653676	0.0	0	138.80518257562653	1698.4364778652525	1	0	1	2.259010453671509
127200.0	2000.0	1498.4364778653844	0.0	0	230.74954714562045	1698.436477865267	1	0	1	1.448080237455179
128200.0	3000.0	1498.4364778653842	0.0	0	232.39923255775648	1698.436477865267	1	0	1	1.853545345563344
129206.52659677457	3000.0	1491.9098810908179	0.0	0	0.0	1698.436477865267	1	0	1	2.2590104536715088
130200.0	2000.0	1498.4364778653817	0.0	0	348.1038581634639	1698.436477865267	1	0	1	1.448080237455179
131200.0	2000.0	1498.4364778653817	0.0	0	546.8127513350046	1698.4364778652816	1	0	1	1.8535453455633433
132200.0	3000.0	1498.4364778653771	0.0	0	192.83507792113232	1698.436477865267	1	0	1	1.8535453455633437
133525.67959218565	6000.0	1172.7568856797402	0.0	0	0.0	1698.436477865267	1	0	1	2.2590104536715088
134657.8214960722	6000.0	1040.6149817931837	0.0	0	0.0	1698.436477865267	1	0	1	2.9521576342314537
135347.78697784705	2000.0	1350.6495000183122	0.0	0	0.0	1698.436477865267	1	0	1	0.7549330568952343
136200.0	2000.0	1498.4364778653724	0.0	0	185.9088149680465	1698.436477865267	1	0	1	1.8535453455633437
137200.0	2000.0	1498.4364778653846	0.0	0	261.7867413604981	1698.436477865267	1	0	1	1.8535453455633437
138200.0	3000.0	1498.4364778654026	0.0	0	171.68559327462572	1698.4364778652962	1	0	1	1.8535453455633426
139406.70635995668	6000.0	1291.7301179087528	0.0	0	0.0	1698.4364778652962	1	0	1	2.259010453671507
141016.04496417975	6000.0	682.3915136856695	0.0	0	0.0	1698.4364778652962	1	0	1	2.952157634231452
141773.91124414772	2000.0	924.5252337177357	0.0	0	0.0	1698.4364778653253	1	0	1	0.7549330568952312
142382.46981286985	2000.0	1315.9666649955843	0.0	0	0.0	1698.4364778653253	1	0	1	1.8535453455633408
143200.0	2000.0	1498.4364778654333	0.0	0	293.56935498295934	1698.4364778653253	1	0	1	1.8535453455633408
144200.0	3000.0	1498.4364778654406	0.0	0	256.34159188345075	1698.4364778653253	1	0	1	1.853545345563341
145200.0	2000.0	1498.4364778654428	0.0	0	275.7490277143079	1698.4364778653253	1	0	1	1.4480802374551762
146200.0	2000.0	1498.436477865433	0.0	0	214.00751739923726	1698.4364778653253	1	0	1	1.8535453455633408
147200.0	2000.0	1498.4364778654337	0.0	0	250.31604973273352	1698.4364778653544	1	0	1	1.8535453455633393
148200.0	2000.0	1498.436477865416	0.0	0	576.0398471532972	1698.4364778653253	1	0	1	1.8535453455633408
149837.56296721686	6000.0	860.8735106485783	0.0	0	0.0	1698.4364778653253	1	0	1	1.8535453455633408
150434.130617811	2000.0	1264.3058600544314	0.0	0	0.0	1698.4364778653253	1	0	1	0.7549330568952312
151200.0	2000.0	1498.4364778654417	0.0	0	126.31964168383274	1698.4364778653253	1	0	1	1.8535453455633408
152200.0	2000.0	1498.436477865457	0.0	0	18.274516805715393	1698.4364778652962	1	0	1	1.8535453455633424
153284.7529433154	2000.0	1413.683534550069	0.0	0	0.0	1698.4364778652962	1	0	1	1.8535453455633424
154200.0	2000.0	1498.4364778654556	0.0	0	210.0806541441707	1698.4364778652962	1	0	1	1.8535453455633424
155200.0	2000.0	1498.4364778654426	0.0	0	252.6348765810544	1698.4364778652962	1	0	1	1.8535453455633424
156200.0	2000.0	1498.4364778654456	0.0	0	247.23139517963864	1698.4364778652962	1	0	1	1.8535453455633424
157200.0	2000.0	1498.4364778654149	0.0	0	138.6875668858993	1698.436477865267	1	0	1	1.8535453455633437
158200.0	2000.0	1498.4364778654224	0.0	0	444.9193599311402	1698.436477865267	1	0	1	1.8535453455633437
159200.0	2000.0	1498.4364778654096	0.0	0	276.3019170332118	1698.436477865267	1	0	1	1.8535453455633437
160200.0	2000.0	1498.436477865397	0.0	0	319.99537787851295	1698.436477865267	1	0	1	1.8535453455633437
161200.0	2000.0	1498.4364778653767	0.0	0	353.5654437970661	1698.436477865267	1	0	1	1.8535453455633437
162200.0	3000.0	1498.4364778653799	0.0	0	49.37668407088495	1698.436477865267	1	0	1	1.853545345563344
163200.0	3000.0	1498.4364778653814	0.0	0	396.4778823067318	1698.436477865267	1	0	1	2.2590104536715088
164200.0	3000.0	1498.436477865399	0.0	0	263.0485542744573	1698.4364778652962	1	0	1	2.2590104536715074
165415.99163342814	3000.0	1282.4448444372415	0.0	0	0.0	1698.4364778653253	1	0	1	2.2590104536715057
166200.0	2000.0	1498.4364778653903	0.0	0	147.59195203095442	1698.4364778652962	1	0	1	1.4480802374551778
167200.0	2000.0	1498.4364778653699	0.0	0	347.0967352053267	1698.4364778652962	1	0	1	1.8535453455633426
168200.0	2000.0	1498.4364778653448	0.0	0	427.56539958083886	1698.436477865267	1	0	1	1.8535453455633433
169200.0	2000.0	1498.4364778653799	0.0	0	402.245910380414	1698.4364778653253	1	0	1	1.8535453455633413
170460.64723990395	3000.0	1237.7892379614418	0.0	0	0.0	1698.4364778653544	1	0	1	1.8535453455633395
171200.0	2000.0	1498.436477865368	0.0	0	326.2113749140699	1698.4364778653253	1	0	1	1.4480802374551762
172200.0	3000.0	1498.4364778653655	0.0	0	181.32684540800983	1698.4364778653253	1	0	1	1.853545345563341
173209.0912013169	3000.0	1489.3452765484362	0.0	0	0.0	1698.4364778653253	1	0	1	2.2590104536715057
174200.0	2000.0	1498.4364778653635	0.0	0	98.80948347772937	1698.4364778653253	1	0	1	1.4480802374551762
175200.0	2000.0	1498.4364778653778	0.0	0	104.10618613031693	1698.4364778653253	1	0	1	1.8535453455633408
176200.0	2000.0	1498.4364778654065	0.0	0	241.5251018180861	1698.4364778652962	1	0	1	1.8535453455633424
177200.0	2000.0	1498.4364778653946	0.0	0	416.00933426979464	1698.4364778652962	1	0	1	1.8535453455633424
178257.06796567698	3000.0	1441.3685121884141	0.0	0	0.0	1698.4364778652962	1	0	1	1.8535453455633426
179200.0	2000.0	1498.4364778654249	0.0	0	94.17966134677408	1698.4364778653253	1	0	1	1.4480802374551767
180200.0	2000.0	1498.4364778654528	0.0	0	122.23417186300503	1698.4364778653253	1	0	1	1.8535453455633408
181200.0	2000.0	1498.4364778654417	0.0	0	76.93983992794529	1698.4364778653253	1	0	1	1.8535453455633408
182200.0	2000.0	1498.4364778654663	0.0	0	219.52125164974132	1698.4364778653253	1	0	1	1.8535453455633408
183200.0	2000.0	1498.4364778654883	0.0	0	224.15968551242258	1698.4364778653253	1	0	1	1.8535453455633408
184200.0	2000.0	1498.43647786552	0.0	0	315.58813664806075	1698.4364778653253	1	0	1	1.8535453455633408
185546.25544457202	2000.0	1152.1810332935174	0.0	0	0.0	1698.4364778653253	1	0	1	1.8535453455633408
186222.16848979163	2000.0	1476.2679880739122	0.0	0	0.0	1698.4364778653544	1	0	1	1.8535453455633393
187200.0	2000.0	1498.4364778655363	0.0	0	257.10575739174965	1698.4364778653835	1	0	1	1.8535453455633377
188200.0	2000.0	1498.4364778655531	0.0	0	156.39321384290815	1698.4364778653835	1	0	1	1.8535453455633377
189200.0	2000.0	1498.4364778655438	0.0	0	177.74402119015576	1698.4364778653835	1	0	1	1.8535453455633377
190477.12967631762	2000.0	1221.3068015479118	0.0	0	0.0	1698.4364778653544	1	0	1	1.8535453455633393
191448.1574058155	2000.0	1250.2790720500593	0.0	0	0.0	1698.4364778653544	1	0	1	1.8535453455633393
192200.0	2000.0	1498.436477865541	0.0	0	325.90196939051384	1698.4364778653544	1	0	1	1.8535453455633393
193200.0	2000.0	1498.4364778655113	0.0	0	479.74081215742626	1698.4364778653544	1	0	1	1.8535453455633393
194200.0	2000.0	1498.4364778655083	0.0	0	205.27042663979228	1698.4364778653253	1	0	1	1.8535453455633408
195200.0	2000.0	1498.436477865531	0.0	0	414.0025334369857	1698.4364778653253	1	0	1	1.8535453455633408
196200.0	2000.0	1498.4364778655374	0.0	0	379.56329474176164	1698.4364778653253	1	0	1	1.8535453455633408
197200.0	3000.0	1498.4364778655397	0.0	0	257.6293341802957	1698.4364778653253	1	0	1	1.853545345563341
198200.0	2000.0	1498.4364778655577	0.0	0	110.69963364244904	1698.4364778653253	1	0	1	1.4480802374551762
199200.0	2000.0	1498.4364778655251	0.0	0	292.6886951948982	1698.4364778653253	1	0	1	1.8535453455633408
200200.0	2000.0	1498.4364778655402	0.0	0	517.2223823682289	1698.4364778653253	1	0	1	1.8535453455633408
201200.0	2000.0	1498.4364778655195	0.0	0	444.28775597544154	1698.4364778653253	1	0	1	1.8535453455633408
202200.0	3000.0	1498.436477865528	0.0	0	322.2473469809047	1698.4364778653253	1	0	1	1.853545345563341
203200.0	2000.0	1498.4364778655147	0.0	0	441.9399584711646	1698.4364778653253	1	0	1	1.4480802374551762
204200.0	2000.0	1498.4364778655147	0.0	0	280.3284983303165	1698.4364778653253	1	0	1	1.8535453455633408
205200.0	2000.0	1498.4364778655126	0.0	0	210.00057673401898	1698.4364778653253	1	0	1	1.8535453455633408
206200.0	2000.0	1498.436477865513	0.0	0	168.017737559916	1698.4364778653253	1	0	1	1.8535453455633408
207346.73639096756	2000.0	1351.7000868979237	0.0	0	0.0	1698.4364778653544	1	0	1	1.8535453455633393
208200.0	2000.0	1498.436477865493	0.0	0	311.41425140594947	1698.4364778653544	1	0	1	1.8535453455633393
209200.0	2000.0	1498.4364778655035	0.0	0	276.54850601468934	1698.4364778653544	1	0	1	1.8535453455633393
210200.0	2000.0	1498.436477865476	0.0	0	369.3888638272183	1698.4364778653544	1	0	1	1.8535453455633393
211271.14992481255	2000.0	1427.2865530529386	0.0	0	0.0	1698.4364778653544	1	0	1	1.8535453455633393
212200.0	2000.0	1498.4364778654833	0.0	0	269.30418967909645	1698.4364778653253	1	0	1	1.8535453455633408
213200.0	2000.0	1498.4364778654428	0.0	0	274.04460861280677	1698.4364778653253	1	0	1	1.8535453455633408
214200.0	2000.0	1498.4364778654312	0.0	0	532.17981265852	1698.4364778653253	1	0	1	1.8535453455633408
215200.0	2000.0	1498.4364778654328	0.0	0	425.45246184433927	1698.4364778653253	1	0	1	1.8535453455633408
216200.0	3000.0	1498.436477865447	0.0	0	178.09642586344853	1698.4364778653253	1	0	1	1.853545345563341
217200.0	3000.0	1498.4364778654424	0.0	0	244.58497478472418	1698.4364778653253	1	0	1	2.2590104536715057
219417.7264431482	6000.0	280.7100347172395	0.0	0	0.0	1698.4364778653253	1	0	1	2.2590104536715057
220052.23364088277	2000.0	687.2510462892417	41.04820930655032	0	0.0	1739.4846871719055	1	0	1	0.5064346692098061
220751.68673862773	2000.0	987.7979485442652	0.0	0	0.0	1739.4846871719055	1	0	1	1.8513362137172176
221560.7888686107	2000.0	1178.6958185613234	0.0	0	0.0	1739.4846871719346	1	0	1	1.851336213717216
222200.0	2000.0	1539.484687172045	0.0	0	20.96248319611186	1739.4846871719346	1	0	1	1.851336213717216
223200.0	2000.0	1539.484687172032	0.0	0	319.5065417040314	1739.4846871719346	1	0	1	1.851336213717216
224329.51304407106	3000.0	1409.971643100956	0.0	0	0.0	1739.4846871719346	1	0	1	1.8513362137172162
225200.0	2000.0	1539.4846871720235	0.0	0	215.3754164634738	1739.4846871719346	1	0	1	1.4458711056090514
226200.0	2000.0	1539.4846871719808	0.0	0	449.33451097106445	1739.4846871719346	1	0	1	1.851336213717216
227200.0	3000.0	1539.484687172031	0.0	0	140.77368976394064	1739.4846871719346	1	0	1	1.8513362137172162
228200.0	2000.0	1539.4846871720235	0.0	0	289.57750281805056	1739.4846871719637	1	0	1	1.4458711056090499
229200.0	2000.0	1539.4846871720406	0.0	0	321.96679232493625	1739.4846871719346	1	0	1	1.8513362137172158
230200.0	3000.0	1539.4846871720388	0.0	0	89.55861510214163	1739.4846871719637	1	0	1	1.8513362137172145
231200.0	2000.0	1539.4846871720263	0.0	0	338.9104877769423	1739.4846871719928	1	0	1	1.445871105609048
232200.0	2000.0	1539.4846871720056	0.0	0	416.58783542734454	1739.484687172022	1	0	1	1.8513362137172114
233200.0	2000.0	1539.4846871720395	0.0	0	424.3583197656553	1739.484687172022	1	0	1	1.8513362137172114
234200.0	2000.0	1539.484687172012	0.0	0	576.6042890119716	1739.484687172022	1	0	1	1.8513362137172114
235244.37177107693	3000.0	1495.1129160950486	0.0	0	0.0	1739.484687172022	1	0	1	1.8513362137172114
236200.0	2000.0	1539.4846871720085	0.0	0	19.9633277283574	1739.484687172051	1	0	1	1.445871105609045
237200.0	2000.0	1539.4846871719974	0.0	0	458.21073680894915	1739.484687172051	1	0	1	1.8513362137172096
238200.0	2000.0	1539.484687172012	0.0	0	433.04230102399015	1739.484687172051	1	0	1	1.8513362137172096
239200.0	2000.0	1539.4846871720663	0.0	0	103.82628764386754	1739.4846871720802	1	0	1	1.8513362137172078
240200.0	2000.0	1539.4846871720504	0.0	0	497.96848574333126	1739.4846871720802	1	0	1	1.8513362137172078
241200.0	3000.0	1539.4846871720192	0.0	0	221.14620431113872	1739.4846871720802	1	0	1	1.851336213717208
242685.0644773698	6000.0	1054.4202098022247	0.0	0	0.0	1739.4846871720802	1	0	1	2.2568013218253715
243244.14768380875	2000.0	1495.3370033632448	0.0	0	0.0	1739.4846871720802	1	0	1	0.7527239250490984
244200.0	2000.0	1539.484687171973	0.0	0	211.51139559142757	1739.484687172051	1	0	1	1.8513362137172091
245200.0	2000.0	1539.4846871719737	0.0	0	291.7276441723516	1739.4846871720802	1	0	1	1.8513362137172078
246200.0	3000.0	1539.4846871719903	0.0	0	5.984841524710646	1739.4846871720802	1	0	1	1.851336213717208
247200.0	2000.0	1539.4846871719812	0.0	0	424.9528487838106	1739.4846871720802	1	0	1	1.4458711056090432
248200.0	2000.0	1539.4846871719776	0.0	0	254.82618742701015	1739.4846871720802	1	0	1	1.8513362137172078
249200.0	3000.0	1539.4846871720365	0.0	0	31.850443651230307	1739.4846871721093	1	0	1	1.8513362137172065
250200.0	2000.0	1539.4846871720683	0.0	0	511.2081126664998	1739.4846871721384	1	0	1	1.44587110560904
251200.0	3000.0	1539.484687172062	0.0	0	257.6215910007595	1739.4846871721384	1	0	1	1.8513362137172051
252200.0	3000.0	1539.4846871720697	0.0	0	117.81762395252008	1739.4846871721384	1	0	1	2.2568013218253697
253200.0	3000.0	1539.484687172078	0.0	0	366.80821435095277	1739.4846871721384	1	0	1	2.2568013218253697
254200.0	3000.0	1539.4846871721068	0.0	0	128.57784433086636	1739.4846871721384	1	0	1	2.2568013218253697
255796.0416693161	6000.0	943.4430178560023	0.0	0	0.0	1739.4846871721384	1	0	1	2.2568013218253693
256339.61674769426	2000.0	1399.8679394778649	0.0	0	0.0	1739.4846871721384	1	0	1	0.752723925049095
257200.0	3000.0	1539.4846871721295	0.0	0	306.09529596805805	1739.4846871721093	1	0	1	1.8513362137172065
258323.98498778083	3000.0	1415.4996993912926	0.0	0	0.0	1739.4846871721384	1	0	1	2.2568013218253697
259200.0	2000.0	1539.484687172123	0.0	0	170.27309687406523	1739.4846871721675	1	0	1	1.4458711056090385
260273.80358180346	3000.0	1465.6811053686445	0.0	0	0.0	1739.4846871721675	1	0	1	1.8513362137172034
261200.0	2000.0	1539.4846871721224	0.0	0	436.204549806891	1739.4846871721675	1	0	1	1.4458711056090385
262200.0	3000.0	1539.484687172086	0.0	0	158.4286898781429	1739.4846871721384	1	0	1	1.8513362137172051
263200.0	3000.0	1539.484687172059	0.0	0	368.6311545080389	1739.4846871720802	1	0	1	2.2568013218253733
264200.0	3000.0	1539.4846871720665	0.0	0	167.42964575596852	1739.4846871721093	1	0	1	2.256801321825372
265700.6565509572	6000.0	1038.8281362148205	0.0	0	0.0	1739.484687172051	1	0	1	2.2568013218253737
266200.0	2000.0	1539.4846871719947	0.0	0	41.81487673614174	1739.484687172051	1	0	1	0.7527239250490999
267200.0	2000.0	1539.4846871720474	0.0	0	522.7580274383072	1739.484687172051	1	0	1	1.8513362137172096
268200.0	2000.0	1539.484687172032	0.0	0	313.71979318140075	1739.484687172051	1	0	1	1.8513362137172096
269200.0	2000.0	1539.4846871719824	0.0	0	420.937684412871	1739.484687172051	1	0	1	1.8513362137172096
270482.57833288197	6000.0	1256.9063542899917	0.0	0	0.0	1739.484687172051	1	0	1	1.8513362137172094
271200.0	3000.0	1539.484687171843	0.0	0	118.99378747568699	1739.484687172051	1	0	1	1.5636541412654295
272200.0	2000.0	1539.4846871717648	0.0	0	463.7678329438204	1739.4846871719928	1	0	1	1.445871105609048
273200.0	3000.0	1539.4846871718312	0.0	0	268.6624507306842	1739.4846871719928	1	0	1	1.8513362137172127
274200.0	3000.0	1539.484687171783	0.0	0	241.25685330928536	1739.4846871719346	1	0	1	2.256801321825381
276427.83464331785	6000.0	311.6500438539464	0.0	0	0.0	1739.4846871719928	1	0	1	2.256801321825378
276926.78068558214	2000.0	812.7040015896142	0.0	0	0.0	1739.4846871719346	1	0	1	0.7527239250491063
277463.8360057406	2000.0	1275.6486814311907	0.0	0	0.0	1739.4846871719928	1	0	1	1.8513362137172127
278200.0	2000.0	1539.4846871718842	0.0	0	73.92556838167366	1739.4846871719928	1	0	1	1.8513362137172127
279200.0	2000.0	1539.4846871718842	0.0	0	179.4142514881678	1739.4846871719346	1	0	1	1.8513362137172154
280200.0	2000.0	1539.4846871718776	0.0	0	430.9694832659443	1739.4846871719346	1	0	1	1.851336213717216
281200.0	2000.0	1539.4846871718187	0.0	0	602.0617334459093	1739.4846871719346	1	0	1	1.851336213717216
282200.0	3000.0	1539.4846871718205	0.0	0	327.38221303152386	1739.4846871719346	1	0	1	1.8513362137172162
283200.0	6000.0	1539.4846871717948	0.0	0	148.60615690756822	1739.4846871718764	1	0	1	2.256801321825384
285407.98888983286	6000.0	331.49579733898696	0.0	0	0.0	1739.4846871718764	1	0	1	2.949948502385329
286016.93579333543	2000.0	722.5488938364676	0.0	0	0.0	1739.4846871718182	1	0	1	0.7527239250491127
286545.51436979405	2000.0	1193.9703173778425	0.0	0	0.0	1739.4846871718182	1	0	1	1.8513362137172225
287200.0	2000.0	1539.4846871719376	0.0	0	225.74400778481504	1739.48468717176	1	0	1	1.8513362137172253
288544.2838000731	6000.0	1195.2008870988461	0.0	0	0.0	1739.48468717176	1	0	1	1.8513362137172256
289458.46197840624	6000.0	1281.0227087656162	0.0	0	0.0	1739.48468717176	1	0	1	2.949948502385335
290819.822944242	3000.0	919.6617429299242	0.0	0	0.0	1739.48468717176	1	0	1	1.5636541412654472
291465.4314255821	2000.0	1274.0532615898308	0.0	0	0.0	1739.48468717176	1	0	1	1.4458711056090607
292200.0	2000.0	1539.4846871719185	0.0	0	301.6554682243732	1739.4846871718182	1	0	1	1.8513362137172225
293200.0	3000.0	1539.4846871719558	0.0	0	126.57823748211376	1739.48468717176	1	0	1	1.8513362137172256
294200.0	2000.0	1539.4846871720392	0.0	0	260.78148994303774	1739.4846871718182	1	0	1	1.4458711056090578
295200.0	2000.0	1539.4846871719737	0.0	0	233.13105655863183	1739.4846871718182	1	0	1	1.8513362137172225
296200.0	2000.0	1539.484687171957	0.0	0	433.9308263793355	1739.4846871718182	1	0	1	1.8513362137172225
297200.0	2000.0	1539.4846871719337	0.0	0	572.6499619355891	1739.4846871718182	1	0	1	1.8513362137172225
298960.2255719135	6000.0	779.2591152584012	0.0	0	0.0	1739.48468717176	1	0	1	1.8513362137172256
299348.54443977005	2000.0	1390.9402474018887	0.0	0	0.0	1739.48468717176	1	0	1	0.7527239250491158
300200.0	2000.0	1539.484687172006	0.0	0	379.93644601886626	1739.48468717176	1	0	1	1.8513362137172253
2.44	3.22	2.35	2.0	3.34	2.93	3.65	2.75	3.86	4.51	3.89	3.54	2.4	2.37	2.75	3.76	4.73	2.57	4.27	4.71	2.92	3.03	2.64	3.5	5.36	3.07	1.83	3.26	2.91	3.1	3.48	2.14	1.58	2.21	2.25	2.72	2.35	1.93	2.54	4.09	2.81	2.79	2.88	4.05	2.71	2.86	3.08	3.76	4.44	3.52	3.07	3.49	3.07	2.81	2.2	3.79	3.36	1.76	2.62	2.34	3.22	4.12	4.93	4.63	4.67	2.87	3.6	3.17	3.45	3.44	4.14	2.07	3.56	4.64	3.29	2.84	4.19	3.12	3.06	2.71	3.38	4.25	3.08	3.01	4.22	3.78	2.59	4.67	5.26	5.34	4.29	2.94	3.95	2.92	2.91	4.34	3.0	4.81	4.65	3.94	4.08	4.43	3.37	5.18	3.85	3.23	4.0	3.64	3.93	4.16	4.11	5.13	2.62	3.76	3.67	3.02	5.42	5.64	3.54	4.05	4.52	4.71	2.43	4.17	4.45	3.09	3.17	3.81	5.28	6.41	4.83	2.49	3.54	3.92	5.1	6.07	5.2	2.36	4.21	5.75	3.1	3.16	2.88	3.68	5.07	3.42	4.26	3.39	2.46	2.65	2.44	3.22	2.35	2.0	3.34	2.93	3.65	2.75	3.86	4.51	3.89	3.54	2.4	2.37	2.75	3.76	4.73	2.57	4.27	4.71	2.92	3.03	2.64	3.5	5.36	3.07	1.83	3.26	2.91	3.1	3.48	2.14	1.58	2.21	2.25	2.72	2.35	1.93	2.54	4.09	2.81	2.79	2.88	4.05	2.71	2.86	3.08	3.76	4.44	3.52	3.07	3.49	3.07	2.81	2.2	3.79	3.36	1.76	2.62	2.34	3.22	4.12	4.93	4.63	4.67	2.87	3.6	3.17	3.45	3.44	4.14	2.07	3.56	4.64	3.29	2.84	4.19	3.12	3.06	2.71	3.38	4.25	3.08	3.01	4.22	3.78	2.59	4.67	5.26	5.34	4.29	2.94	3.95	2.92	2.91	4.34	3.0	4.81	4.65	3.94	4.08	4.43	3.37	5.18	3.85	3.23	4.0	3.64	3.93	4.16	4.11	5.13	2.62	3.76	3.67	3.02	5.42	5.64	3.54	4.05	4.52	4.71	2.43	4.17	4.45	3.09	3.17	3.81	5.28	6.41	4.83	2.49	3.54	3.92	5.1	6.07	5.2	2.36	4.21	5.75	3.1	3.16	2.88	3.68	5.07	3.42	4.26	3.39	2.46	2.65	2.44
1.0	2.0	3.0	4.0	5.0	6.0	7.0	8.0	9.0	10.0	11.0	12.0	13.0	14.0	15.0	16.0	17.0	18.0	19.0	20.0	21.0	22.0	23.0	24.0	25.0	26.0	27.0	28.0	29.0	30.0	31.0	32.0	33.0	34.0	35.0	36.0	37.0	38.0	39.0	40.0	41.0	42.0	43.0	44.0	45.0	46.0	47.0	48.0	49.0	50.0	51.0	52.0	53.0	54.0	55.0	56.0	57.0	58.0	59.0	60.0	61.0	62.0	63.0	64.0	65.0	66.0	67.0	68.0	69.0	70.0	71.0	72.0	73.0	74.0	75.0	76.0	77.0	78.0	79.0	80.0	81.0	82.0	83.0	84.0	85.0	86.0	87.0	88.0	89.0	90.0	91.0	92.0	93.0	94.0	95.0	96.0	97.0	98.0	99.0	100.0	101.0	102.0	103.0	104.0	105.0	106.0	107.0	108.0	109.0	110.0	111.0	112.0	113.0	114.0	115.0	116.0	117.0	118.0	119.0	120.0	121.0	122.0	123.0	124.0	125.0	126.0	127.0	128.0	129.0	130.0	131.0	132.0	133.0	134.0	135.0	136.0	137.0	138.0	139.0	140.0	141.0	142.0	143.0	144.0	145.0	146.0	147.0	148.0	149.0	149.0	150.0	151.0	152.0	153.0	154.0	155.0	156.0	157.0	158.0	159.0	160.0	161.0	162.0	163.0	164.0	165.0	166.0	167.0	168.0	169.0	170.0	171.0	172.0	173.0	174.0	175.0	176.0	177.0	178.0	179.0	180.0	181.0	182.0	183.0	184.0	185.0	186.0	187.0	188.0	189.0	190.0	191.0	192.0	193.0	194.0	195.0	196.0	197.0	198.0	199.0	200.0	201.0	202.0	203.0	204.0	205.0	206.0	207.0	208.0	209.0	210.0	211.0	212.0	213.0	214.0	215.0	216.0	217.0	218.0	219.0	220.0	221.0	222.0	223.0	224.0	225.0	226.0	227.0	228.0	229.0	230.0	231.0	232.0	233.0	234.0	235.0	236.0	237.0	238.0	239.0	240.0	241.0	242.0	243.0	244.0	245.0	246.0	247.0	248.0	249.0	250.0	251.0	252.0	253.0	254.0	255.0	256.0	257.0	258.0	259.0	260.0	261.0	262.0	263.0	264.0	265.0	266.0	267.0	268.0	269.0	270.0	271.0	272.0	273.0	274.0	275.0	276.0	277.0	278.0	279.0	280.0	281.0	282.0	283.0	284.0	285.0	286.0	287.0	288.0	289.0	290.0	291.0	292.0	293.0	294.0	295.0	296.0	297.0	298.0	298.0	299.0
3580.1635649571476
