6183.727946342956	300.0	2000.0	108.38090203030004	0	0.0	6183.727946342956	1	0	1	-2.80408204734677
6785.040275630442	2000.0	2338.5564377837645	0.0	0	0.0	6123.5967134142065	1	0	2	-2.5279094414174548
7584.074355337521	3000.0	2459.6189501059766	0.0	0	0.0	6043.6933054434985	1	0	2	-0.3595334242130525
8544.215501613244	3000.0	2403.4636892026824	0.0	0	0.0	5947.679190815927	1	0	2	0.143477477356177
9211.719027258147	3000.0	2669.20981099329	0.0	0	0.0	5880.928838251437	1	0	2	0.21603346490693454
9836.540934412984	3000.0	2981.905713122967	0.0	0	0.0	5818.446647535951	1	0	2	0.27716952167144143
10227.434478811203	3000.0	3551.922814284924	0.0	0	0.0	5779.357293096126	1	0	2	0.32330947615072436
10802.648940454977	3000.0	3919.1869064767725	0.0	0	0.0	5721.83584693175	1	0	2	0.37427749888138895
11494.650904838687	3000.0	4157.984745654694	0.0	0	0.0	5652.635650493378	1	0	2	0.43834305532121315
12016.241926904917	3000.0	4584.234621381843	0.0	0	0.0	5600.476548286756	1	0	2	0.4950710744792208
12664.139296878428	3000.0	4871.547514410981	0.0	0	0.0	5535.686811289405	1	0	2	0.5528165611773446
13544.864306705722	3000.0	4902.750003600958	0.0	0	0.0	5447.614310306676	1	0	2	0.6258298544579508
14666.925576500675	3000.0	4668.482606826507	0.0	0	0.0	5335.4081833271775	1	0	2	0.727272821225658
15379.264979985475	3000.0	4884.909262993227	0.0	0	0.0	5264.174242978699	1	0	2	0.8007908952337166
16200.0	3000.0	4982.100740977247	0.0	0	13.073891354784791	5182.1007409772465	1	0	2	0.8741324546055516
17200.0	3000.0	4882.100740977246	0.0	0	595.0279671516837	5082.100740977248	1	0	2	0.9381325027069525
18200.0	3000.0	4782.100740977248	0.0	0	551.6623590998752	4982.10074097725	1	0	2	1.0194031958411638
19200.0	3000.0	4682.10074097725	0.0	0	482.29010863651274	4882.100740977252	1	0	2	1.0974071802834529
20200.0	6000.0	4682.10074097725	0.0	0	224.40647505730522	4882.100740977254	1	0	1	1.1268709563759098
21389.19817672582	6000.0	4492.902564251431	0.0	0	0.0	4882.100740977254	1	0	1	2.020018136935855
22426.34039820585	6000.0	4455.760342771401	0.0	0	0.0	4882.100740977254	1	0	1	2.0200181369358545
23455.92382620449	6000.0	4426.176914772763	0.0	0	0.0	4882.10074097725	1	0	1	2.0200181369358576
24584.179308671235	6000.0	4297.92143230602	0.0	0	0.0	4882.10074097725	1	0	1	2.0200181369358576
25636.176993706067	6000.0	4245.923747271187	0.0	0	0.0	4882.1007409772465	1	0	1	2.0200181369358603
27055.485773552147	6000.0	3826.6149674251074	0.0	0	0.0	4882.1007409772465	1	0	1	2.0200181369358603
27945.16845316296	6000.0	3936.9322878142957	0.0	0	0.0	4882.1007409772465	1	0	1	2.0200181369358603
29039.16995031538	6000.0	3842.930790661881	0.0	0	0.0	4882.1007409772465	1	0	1	2.0200181369358603
30191.013085006	6000.0	3691.0876559712606	0.0	0	0.0	4882.1007409772465	1	0	1	2.0200181369358603
31302.114860005233	6000.0	3579.985880972026	0.0	0	0.0	4882.1007409772465	1	0	1	2.0200181369358603
31931.613882932023	3000.0	3887.5369557525523	0.0	0	0.0	4819.1508386845635	1	0	2	0.2678372709881115
32327.045880265803	3000.0	4452.561758685396	0.0	0	0.0	4779.607638951187	1	0	2	1.1948277346415836
33200.0	3000.0	4492.312226977776	0.0	0	187.49138257392042	4692.3122269777705	1	0	2	1.2395502865952306
34215.555545949355	6000.0	4476.756681028421	0.0	0	0.0	4692.3122269777705	1	0	1	1.2609795032803925
35200.0	3000.0	4393.8677815727	0.0	0	438.1874836532661	4593.8677815726915	1	0	2	0.4075630413204826
36200.0	3000.0	4293.867781572696	0.0	0	476.6298605927659	4493.867781572699	1	0	2	1.362594529977369
37756.097946157184	6000.0	3737.769835415513	0.0	0	0.0	4493.867781572699	1	0	1	1.3864247628207051
38593.47550150175	3000.0	3816.6545245364805	0.0	0	0.0	4410.130026038227	1	0	2	0.5280586864548602
39536.65569775335	3000.0	3779.156308659729	0.0	0	0.0	4315.8120064130635	1	0	2	1.4738751233458247
40359.7946557063	3000.0	3873.703454911484	0.0	0	0.0	4233.498110617766	1	0	2	1.518024897470933
41200.0	3000.0	3949.4775761884107	0.0	0	78.54819277837669	4149.477576188401	1	0	2	1.5560302309175342
42200.0	3000.0	3849.4775761884043	0.0	0	235.27186793532746	4049.4775761883866	1	0	2	1.5990933754505294
43200.0	3000.0	3749.4775761884125	0.0	0	344.7742733451887	3949.477576188394	1	0	2	1.6411748328229838
44200.0	3000.0	3649.4775761884093	0.0	0	299.33480823694845	3849.4775761883866	1	0	2	1.6818359900317235
45200.0	3000.0	3549.477576188415	0.0	0	400.02708486529446	3749.477576188394	1	0	2	1.7177437101915656
46200.0	3000.0	3449.4775761884107	0.0	0	228.00500566930714	3649.4775761883866	1	0	2	1.7532397912780782
47200.0	3000.0	3349.477576188405	0.0	0	251.04903784960334	3549.4775761883793	1	0	2	1.7839465583541574
48200.0	3000.0	3249.47757618841	0.0	0	273.9133623939415	3449.477576188372	1	0	2	1.8132102672857082
49200.0	3000.0	3149.477576188408	0.0	0	468.34024033823516	3349.4775761883648	1	0	2	1.8389514898981743
50200.0	3000.0	3049.477576188415	0.0	0	577.0962496093707	3249.4775761883648	1	0	2	1.8629725026897428
51835.107434005105	6000.0	2414.3701421833025	0.0	0	0.0	3249.4775761883648	1	0	1	1.8722469759450089
53401.865690310915	6000.0	1847.6118858774887	0.0	0	0.0	3249.4775761883648	1	0	1	2.765394156504954
53987.99883247175	3000.0	2202.8654295005667	0.0	0	0.0	3190.8642619722814	1	0	2	0.988692323780468
54588.11608749332	3000.0	2542.7364489768447	0.0	0	0.0	3130.8525364701345	1	0	2	1.8946046264047376
55559.91321612678	3000.0	2473.7596074800376	0.0	0	0.0	3033.6728236067793	1	0	2	1.9119289965202757
56259.48889542979	3000.0	2704.226360246713	0.0	0	0.0	2963.7152556764777	1	0	2	1.9258902354258778
57200.0	3000.0	2669.6641452194863	0.0	0	318.04074384808337	2869.66414521946	1	0	2	1.9391680236776085
58200.0	3000.0	2569.6641452194845	0.0	0	168.05563448935573	2769.66414521946	1	0	2	1.955340712272471
59200.0	3000.0	2469.6641452194935	0.0	0	267.4845228675331	2669.664145219467	1	0	2	1.9693877340634118
60200.0	3000.0	2369.6641452194935	0.0	0	170.3340698787797	2569.6641452194744	1	0	2	1.9829167292009808
61511.549217470376	6000.0	2058.1149277491213	0.0	0	0.0	2569.6641452194744	1	0	1	1.9870326724073348
62665.79998975779	6000.0	1903.864155461709	0.0	0	0.0	2569.6641452194744	1	0	1	2.88017985296728
63303.01623431547	3000.0	2202.926286448263	0.0	0	0.0	2505.9425207637105	1	0	2	1.099331653936932
64938.756836073284	6000.0	1567.1856846904511	0.0	0	0.0	2505.9425207637105	1	0	1	1.994548436823993
65568.10536039772	3000.0	1874.9023079335764	0.0	0	0.0	2443.0076683312654	1	0	2	1.106618711589559
66366.71438326966	3000.0	1996.43238277444	0.0	0	0.0	2363.1467660440685	1	0	2	2.0079583757244586
67200.0	3000.0	2079.818204371083	0.0	0	313.08287743527035	2279.818204371055	1	0	2	2.0146787187495474
68200.0	3000.0	1979.8182043710908	0.0	0	201.32994032504212	2179.8182043710694	1	0	2	2.0236306470242713
69200.0	2000.0	1979.8182043710822	0.0	0	296.1870150061295	2179.8182043710694	1	0	1	1.215731477765571
70200.0	3000.0	1879.8182043710678	0.0	0	261.3994124871824	2079.8182043710403	1	0	2	1.4264175447722143
71774.941332919	6000.0	1304.876871452061	0.0	0	0.0	2079.8182043710403	1	0	1	2.034669118294526
72291.22843961885	3000.0	1788.5897647522213	0.0	0	0.0	2079.8182043710403	1	0	1	1.541521937734581
73378.48803603282	6000.0	1701.3301683382444	0.0	0	0.0	2079.818204371026	1	0	1	2.2346691182945273
74469.1937776755	6000.0	1610.6244266955719	0.0	0	0.0	2079.818204371026	1	0	1	2.927816298854472
75449.49405837213	6000.0	1630.3241459989372	0.0	0	0.0	2079.8182043710403	1	0	1	2.927816298854471
76414.34599520887	6000.0	1665.4722091622068	0.0	0	0.0	2079.8182043710403	1	0	1	2.927816298854471
77200.0	3000.0	1879.8182043710813	0.0	0	28.04364548283047	2079.8182043710403	1	0	1	1.541521937734581
78200.0	3000.0	1879.8182043710717	0.0	0	316.1011110404361	2079.8182043710403	1	0	1	2.234669118294526
79800.09231989244	6000.0	1279.7258844786259	0.0	0	0.0	2079.8182043710403	1	0	1	2.234669118294526
80749.63407649704	3000.0	1330.1841278740399	0.0	0	0.0	2079.8182043710403	1	0	1	1.541521937734581
81200.0	2000.0	1879.818204371083	0.0	0	19.663561998895602	2079.818204371026	1	0	1	1.4237389020781979
82200.0	3000.0	1779.8182043710954	0.0	0	281.95514407753944	1979.8182043710403	1	0	2	1.4339070101830307
83200.0	6000.0	1779.818204371085	0.0	0	201.81307819258654	1979.8182043710403	1	0	1	2.0419428218120848
84260.40099907103	6000.0	1719.4172053000452	0.0	0	0.0	1979.818204371055	1	0	1	2.935090002372029
85589.98711557192	6000.0	1389.8310887991734	0.0	0	0.0	1979.8182043710694	1	0	1	2.9350900023720277
86807.6640364327	6000.0	1172.1541679383722	0.0	0	0.0	1979.8182043710694	1	0	1	2.9350900023720277
87401.35648402476	2000.0	1578.4617203463201	0.0	0	0.0	1979.8182043710694	1	0	1	0.7378654250358088
88200.0	3000.0	1779.818204371077	0.0	0	137.76395359748858	1979.818204371055	1	0	1	1.8364777137039194
89657.21838011446	6000.0	1322.599824256622	0.0	0	0.0	1979.8182043710694	1	0	1	2.2419428218120827
90421.77087381254	6000.0	1558.0473305585454	0.0	0	0.0	1979.8182043710694	1	0	1	2.9350900023720277
91200.0	6000.0	1779.81820437109	0.0	0	117.26088587497361	1979.8182043710694	1	0	1	2.9350900023720277
92485.88220193896	6000.0	1493.9360024321252	0.0	0	0.0	1979.8182043710694	1	0	1	2.9350900023720277
93365.57967524577	2000.0	1614.2385291253263	0.0	0	0.0	1979.818204371084	1	0	1	0.7378654250358078
94200.0	2000.0	1779.8182043710847	0.0	0	33.10454408921942	1979.818204371084	1	0	1	1.8364777137039172
95200.0	3000.0	1679.8182043710844	0.0	0	396.867495894694	1879.818204371084	1	0	2	1.4406074602861685
96200.0	2000.0	1679.8182043710863	0.0	0	379.5210799413617	1879.818204371084	1	0	1	1.2376174131249589
97200.0	2000.0	1679.8182043710942	0.0	0	241.38706782592635	1879.818204371084	1	0	1	1.8430825212331237
98200.0	3000.0	1579.8182043710906	0.0	0	379.3237372286676	1779.818204371113	1	0	2	1.4468760799467293
99200.0	3000.0	1579.8182043710854	0.0	0	324.8660502781131	1779.818204371113	1	0	1	2.0545430698904825
100200.0	3000.0	1579.8182043710888	0.0	0	314.90099271776853	1779.818204371113	1	0	1	2.2545430698904827
101200.0	3000.0	1579.8182043710797	0.0	0	47.324657394652604	1779.8182043710985	1	0	1	2.2545430698904836
102200.0	3000.0	1579.8182043710804	0.0	0	57.45175731545896	1779.818204371084	1	0	1	2.254543069890484
103200.0	2000.0	1579.8182043710665	0.0	0	109.44355645787437	1779.8182043710694	1	0	1	1.4436128536741553
104200.0	3000.0	1579.8182043710492	0.0	0	48.36857447405055	1779.8182043710694	1	0	1	1.84907796178232
105200.0	6000.0	1579.8182043710456	0.0	0	3.8403646327351453	1779.818204371055	1	0	1	2.2545430698904854
106559.43612872387	6000.0	1220.3820756471907	0.0	0	0.0	1779.818204371055	1	0	1	2.9476902504504303
108603.83717152764	6000.0	200.0	24.018967156571193	0	0.0	1803.8371715276298	1	0	1	2.803298959651089
109457.24322749782	2000.0	604.9586674571665	258.36472342734794	0	0.0	2062.2018949549965	1	0	1	-0.8182639341445297
110090.55192958633	2000.0	971.6499653686483	0.0	0	0.0	2062.2018949549965	1	0	1	1.8305366950876676
110656.19789606311	2000.0	1406.0039988918902	0.0	0	0.0	2062.2018949549965	1	0	1	1.8305366950876676
111200.0	2000.0	1862.2018949549931	0.0	0	140.13068096268398	2062.2018949549965	1	0	1	1.8305366950876676
112200.0	3000.0	1762.2018949550031	0.0	0	196.68366658699233	1962.2018949550256	1	0	2	1.435384590298053
113200.0	6000.0	1762.2018949549843	0.0	0	109.97328701340302	1962.2018949550256	1	0	1	2.0431531232238864
114666.27027257776	6000.0	1295.9316223772137	0.0	0	0.0	1962.2018949550256	1	0	1	2.9363003037838316
115569.36326390012	6000.0	1392.8386310548601	0.0	0	0.0	1962.201894955011	1	0	1	2.9363003037838324
116516.8949992832	6000.0	1445.30689567177	0.0	0	0.0	1962.2018949550256	1	0	1	2.9363003037838316
117358.72083144166	6000.0	1603.4810635133217	0.0	0	0.0	1962.2018949550256	1	0	1	2.9363003037838316
118520.3852933491	6000.0	1441.8166016058728	0.0	0	0.0	1962.2018949550256	1	0	1	2.9363003037838316
119200.0	2000.0	1762.2018949549808	0.0	0	25.23699885093083	1962.2018949550256	1	0	1	0.7390757264476124
120519.85108294	6000.0	1442.350812014972	0.0	0	0.0	1962.2018949550256	1	0	1	1.837688015115722
121940.21114419936	6000.0	1021.9907507556079	0.0	0	0.0	1962.2018949550256	1	0	1	2.9363003037838316
122550.96740076259	2000.0	1411.2344941923807	0.0	0	0.0	1962.2018949550256	1	0	1	0.7390757264476124
123200.0	2000.0	1762.2018949549706	0.0	0	114.72396894065605	1962.2018949550256	1	0	1	1.837688015115722
124595.6119431677	6000.0	1366.5899517872742	0.0	0	0.0	1962.2018949550256	1	0	1	1.837688015115722
125275.56683414901	3000.0	1686.635060805969	0.0	0	0.0	1962.201894955011	1	0	1	1.5500059426639428
126200.0	2000.0	1762.2018949549704	0.0	0	217.3920920706587	1962.201894955011	1	0	1	1.4322229070075583
127200.0	3000.0	1662.2018949549642	0.0	0	486.3741195103503	1862.2018949549965	1	0	2	1.4417256658827926
128200.0	3000.0	1662.201894954962	0.0	0	436.0903486772004	1862.2018949549965	1	0	1	2.049646408212716
129539.87871701668	6000.0	1322.3231779382925	0.0	0	0.0	1862.201894955011	1	0	1	2.249646408212716
130200.0	3000.0	1662.2018949549702	0.0	0	63.38278652080044	1862.2018949550256	1	0	1	1.55649922765277
131200.0	3000.0	1662.2018949549856	0.0	0	372.29047406137397	1862.2018949550256	1	0	1	2.249646408212715
132501.7455373055	6000.0	1360.4563576494588	0.0	0	0.0	1862.201894955011	1	0	1	2.2496464082127154
133349.7276507775	3000.0	1512.4742441774706	0.0	0	0.0	1862.201894955011	1	0	1	1.5564992276527707
134200.0	2000.0	1662.201894954949	0.0	0	281.9683731216646	1862.201894955011	1	0	1	1.4387161919963862
135351.74021534086	6000.0	1510.4616796140824	0.0	0	0.0	1862.2018949550402	1	0	1	1.8441813001045495
136242.78161189126	6000.0	1619.4202830636802	0.0	0	0.0	1862.201894955011	1	0	1	2.9427935887726595
137200.0	2000.0	1662.2018949549574	0.0	0	195.59750944990083	1862.201894955011	1	0	1	0.7455690114364414
138200.0	3000.0	1662.2018949549652	0.0	0	214.71053805662086	1862.201894955011	1	0	1	1.844181300104551
139200.0	2000.0	1662.2018949549972	0.0	0	442.857769084163	1862.201894955011	1	0	1	1.4387161919963862
140200.0	2000.0	1562.2018949550024	0.0	0	399.0279602354567	1762.2018949550402	1	0	2	1.4479120259459497
141200.0	3000.0	1462.201894955007	0.0	0	433.7368942935718	1662.2018949550693	1	0	2	1.6534353013944867
142200.0	6000.0	1462.2018949550231	0.0	0	141.04013136978028	1662.2018949550693	1	0	1	2.060888524656843
143200.0	6000.0	1462.201894955025	0.0	0	442.57479459550814	1662.2018949550693	1	0	1	2.9540357052167883
144269.60366124834	6000.0	1392.598233706656	0.0	0	0.0	1662.2018949550693	1	0	1	2.9540357052167883
145200.0	2000.0	1462.2018949549583	0.0	0	293.09549357634387	1662.2018949550693	1	0	1	0.7568111278805687
146200.0	3000.0	1462.2018949549888	0.0	0	415.7881556469074	1662.2018949550693	1	0	1	1.8554234165486785
147200.0	6000.0	1462.2018949549952	0.0	0	70.82969377742847	1662.2018949550984	1	0	1	2.2608885246568415
148476.7925107057	6000.0	1185.4093842492914	0.0	0	0.0	1662.2018949550984	1	0	1	2.9540357052167865
149200.0	2000.0	1462.2018949549836	0.0	0	311.77068873276585	1662.2018949550984	1	0	1	0.7568111278805673
150200.0	2000.0	1462.2018949549833	0.0	0	417.4077584236511	1662.2018949550693	1	0	1	1.8554234165486783
151200.0	6000.0	1462.201894954958	0.0	0	258.00467266637133	1662.2018949550693	1	0	1	1.8554234165486787
152200.0	6000.0	1462.2018949549374	0.0	0	16.64278605338768	1662.2018949550984	1	0	1	2.9540357052167865
153747.0640255574	6000.0	915.1378693975169	0.0	0	0.0	1662.2018949550984	1	0	1	2.9540357052167865
154200.0	2000.0	1462.2018949549463	0.0	0	133.80553273303667	1662.2018949550984	1	0	1	0.7568111278805673
155200.0	3000.0	1462.201894954919	0.0	0	232.9714202627947	1662.2018949550984	1	0	1	1.855423416548677
156200.0	3000.0	1462.2018949549208	0.0	0	427.35554499176214	1662.2018949550984	1	0	1	2.2608885246568415
157200.0	2000.0	1462.2018949548738	0.0	0	119.31625640633865	1662.2018949550693	1	0	1	1.4499583084405137
158438.73822332345	6000.0	1223.4636716314194	0.0	0	0.0	1662.2018949550693	1	0	1	1.8554234165486787
159547.35807642963	6000.0	1114.8438185252587	0.0	0	0.0	1662.2018949550693	1	0	1	2.9540357052167883
160200.0	3000.0	1462.201894954875	0.0	0	29.703051826625597	1662.2018949550693	1	0	1	1.5677413440968981
161200.0	6000.0	1462.2018949548844	0.0	0	204.5075787504902	1662.2018949550693	1	0	1	2.2608885246568433
162813.73029072626	6000.0	848.4716042286018	0.0	0	0.0	1662.2018949550693	1	0	1	2.9540357052167883
163305.11365871894	2000.0	1357.0882362358977	0.0	0	0.0	1662.2018949550402	1	0	1	0.75681112788057
164200.0	2000.0	1462.2018949548537	0.0	0	115.68100323551334	1662.2018949550402	1	0	1	1.8554234165486796
165200.0	2000.0	1462.2018949548649	0.0	0	334.8165371294308	1662.2018949550402	1	0	1	1.8554234165486796
166287.15865753772	6000.0	1375.0432374171326	0.0	0	0.0	1662.2018949550693	1	0	1	1.8554234165486791
167220.863805129	6000.0	1441.3380898258927	0.0	0	0.0	1662.2018949550984	1	0	1	2.9540357052167865
168228.6298285213	6000.0	1433.5720664335263	0.0	0	0.0	1662.2018949550984	1	0	1	2.9540357052167865
169200.0	6000.0	1462.20189495484	0.0	0	31.067520631069783	1662.2018949550693	1	0	1	2.9540357052167883
170200.0	6000.0	1462.201894954812	0.0	0	223.94074550556252	1662.2018949550693	1	0	1	2.9540357052167883
171750.74075052683	6000.0	911.4611444279637	0.0	0	0.0	1662.2018949550693	1	0	1	2.9540357052167883
172200.0	2000.0	1462.201894954813	0.0	0	94.47121132657048	1662.2018949550693	1	0	1	0.7568111278805687
173200.0	3000.0	1462.2018949548137	0.0	0	489.64130616985494	1662.2018949550693	1	0	1	1.8554234165486785
174200.0	6000.0	1462.2018949548374	0.0	0	217.5595877726155	1662.2018949550693	1	0	1	2.2608885246568433
175326.96906289205	6000.0	1335.2328320627464	0.0	0	0.0	1662.201894955011	1	0	1	2.95403570521679
176452.09108909278	6000.0	1210.110805862042	0.0	0	0.0	1662.2018949550402	1	0	1	2.954035705216789
177200.0	6000.0	1462.2018949548267	0.0	0	46.25937235850142	1662.2018949550402	1	0	1	2.954035705216789
178200.0	6000.0	1462.2018949548467	0.0	0	119.6489069572126	1662.2018949550402	1	0	1	2.954035705216789
179750.7170792367	6000.0	911.4848157181281	0.0	0	0.0	1662.2018949550402	1	0	1	2.954035705216789
180274.30786020472	3000.0	1387.894034750088	0.0	0	0.0	1662.2018949550402	1	0	1	1.5677413440968995
181540.2184208428	6000.0	1121.983474111992	0.0	0	0.0	1662.201894955011	1	0	1	2.260888524656846
183080.3790411789	6000.0	581.822853775904	0.0	0	0.0	1662.201894955011	1	0	1	2.9540357052167923
183439.73283941264	2000.0	1222.4690555422062	0.0	0	0.0	1662.201894955011	1	0	1	0.7568111278805717
184200.0	2000.0	1462.201894954859	0.0	0	491.22835996816866	1662.201894955011	1	0	1	1.8554234165486814
185213.76957939455	6000.0	1448.432315560313	0.0	0	52.44145734727499	1662.201894955011	1	0	1	1.8554234165486814
186339.3152565033	6000.0	1322.8866384515716	0.0	0	0.0	1662.2018949550693	1	0	1	2.9540357052167887
187412.76505962867	6000.0	1249.4368353262064	0.0	0	0.0	1662.2018949550693	1	0	1	2.9540357052167883
188200.0	3000.0	1462.2018949548788	0.0	0	201.30200798923033	1662.2018949550693	1	0	1	1.5677413440968981
189200.0	2000.0	1462.2018949549138	0.0	0	472.2912805256201	1662.2018949550984	1	0	1	1.4499583084405123
190200.0	3000.0	1462.2018949549265	0.0	0	274.18725037784316	1662.2018949550984	1	0	1	1.855423416548677
191200.0	3000.0	1462.2018949549288	0.0	0	372.2437783573405	1662.2018949550984	1	0	1	2.2608885246568415
192202.21067816459	3000.0	1459.991216790334	0.0	0	0.0	1662.2018949550984	1	0	1	2.2608885246568415
193802.34496305775	6000.0	859.8569318971607	0.0	0	0.0	1662.2018949550984	1	0	1	2.2608885246568415
194384.2726259862	2000.0	1277.9292689686984	0.0	0	0.0	1662.2018949551275	1	0	1	0.7568111278805656
195200.0	2000.0	1462.2018949549026	0.0	0	356.19327440689085	1662.2018949551275	1	0	1	1.8554234165486752
196200.0	3000.0	1462.201894954892	0.0	0	478.0866404696135	1662.2018949551275	1	0	1	1.8554234165486754
197200.0	3000.0	1462.201894954879	0.0	0	408.1807141387544	1662.2018949551566	1	0	1	2.2608885246568384
198200.0	3000.0	1462.2018949548742	0.0	0	330.1962078184006	1662.2018949551275	1	0	1	2.26088852465684
199456.81516180868	6000.0	1205.3867331461754	0.0	0	0.0	1662.2018949551275	1	0	1	2.2608885246568398
200810.85386337712	6000.0	851.34803157774	0.0	0	0.0	1662.2018949551275	1	0	1	2.9540357052167847
201472.43887124478	2000.0	1189.7630237100948	0.0	0	0.0	1662.2018949551566	1	0	1	0.7568111278805643
202200.0	2000.0	1462.2018949548944	0.0	0	207.23636538276332	1662.2018949551566	1	0	1	1.8554234165486738
203200.0	3000.0	1462.2018949548824	0.0	0	501.329961274314	1662.2018949551566	1	0	1	1.855423416548674
204200.0	3000.0	1462.2018949548626	0.0	0	296.04814485649695	1662.2018949551566	1	0	1	2.2608885246568384
205200.0	3000.0	1462.2018949548442	0.0	0	274.9198663397692	1662.2018949551566	1	0	1	2.2608885246568384
206200.0	3000.0	1462.2018949548483	0.0	0	21.54227956716204	1662.2018949551275	1	0	1	2.2608885246568393
207200.0	3000.0	1462.201894954861	0.0	0	80.03498994090478	1662.2018949551275	1	0	1	2.2608885246568393
208200.0	3000.0	1462.2018949548876	0.0	0	94.53180070943199	1662.2018949551275	1	0	1	2.26088852465684
209200.0	3000.0	1462.2018949548915	0.0	0	313.4847994213924	1662.2018949551275	1	0	1	2.26088852465684
210200.0	3000.0	1462.2018949548742	0.0	0	177.29233211438986	1662.2018949551275	1	0	1	2.26088852465684
211264.10045341507	6000.0	1398.1014415397929	0.0	0	0.0	1662.2018949551275	1	0	1	2.2608885246568398
212801.81350120908	6000.0	860.3883937457895	0.0	0	0.0	1662.2018949551275	1	0	1	2.9540357052167847
213526.84504973688	2000.0	1135.3568452180007	0.0	0	0.0	1662.2018949550984	1	0	1	0.7568111278805673
214200.0	2000.0	1462.2018949548592	0.0	0	169.4734476429876	1662.2018949550984	1	0	1	1.855423416548677
215200.0	2000.0	1462.2018949548647	0.0	0	362.44148478264106	1662.2018949550984	1	0	1	1.855423416548677
216687.2167039144	6000.0	974.9851910404772	0.0	0	0.0	1662.2018949551275	1	0	1	1.8554234165486756
217351.62420049848	2000.0	1310.577694456397	0.0	0	0.0	1662.2018949551275	1	0	1	0.7568111278805656
218200.0	2000.0	1462.201894954869	0.0	0	202.55488110188162	1662.2018949551566	1	0	1	1.8554234165486738
219200.0	2000.0	1462.2018949548712	0.0	0	506.09589369079913	1662.2018949551566	1	0	1	1.8554234165486738
220200.0	3000.0	1462.201894954889	0.0	0	107.18610975990305	1662.2018949551857	1	0	1	1.8554234165486734
221360.36720188725	6000.0	1301.8346930676673	0.0	0	0.0	1662.2018949552148	1	0	1	2.2608885246568353
222200.0	6000.0	1462.2018949549047	0.0	0	131.15152271158877	1662.2018949551857	1	0	1	2.954035705216782
223299.21464912812	6000.0	1362.9872458267932	0.0	0	0.0	1662.2018949552148	1	0	1	2.9540357052167803
224468.2271986022	6000.0	1193.9746963527032	0.0	0	0.0	1662.2018949552148	1	0	1	2.9540357052167803
225835.10291069568	6000.0	827.0989842592146	0.0	0	0.0	1662.2018949552148	1	0	1	2.9540357052167803
226540.58374431447	2000.0	1121.618150640457	0.0	0	0.0	1662.2018949552148	1	0	1	0.7568111278805612
227200.0	2000.0	1462.2018949549413	0.0	0	116.33541023629368	1662.2018949552148	1	0	1	1.8554234165486707
228200.0	3000.0	1462.2018949549336	0.0	0	393.6994317683566	1662.2018949552148	1	0	1	1.855423416548671
229200.0	3000.0	1462.2018949549608	0.0	0	215.24722801230382	1662.2018949552148	1	0	1	2.2608885246568358
230208.0160125236	3000.0	1454.1858824313297	0.0	0	0.0	1662.2018949552148	1	0	1	2.2608885246568358
231200.0	3000.0	1462.201894954932	0.0	0	402.6372565960919	1662.2018949552148	1	0	1	2.2608885246568358
232200.0	3000.0	1362.2018949549695	0.0	0	401.3655053016846	1562.201894955244	1	0	2	1.8639540033071236
233200.0	6000.0	1362.2018949549854	0.0	0	9.20171922876034	1562.2018949552148	1	0	1	2.065740324880262
234584.6414874754	6000.0	977.5604074795929	0.0	0	0.0	1562.2018949551857	1	0	1	2.9588875054402086
235610.76985020036	6000.0	951.4320447546177	0.0	0	0.0	1562.2018949551857	1	0	1	2.958887505440209
236200.0	2000.0	1362.2018949550106	0.0	0	68.3695154331217	1562.2018949551857	1	0	1	0.76166292810399
237200.0	2000.0	1362.2018949549931	0.0	0	600.3777126649511	1562.2018949552148	1	0	1	1.8602752167720982
238200.0	3000.0	1362.2018949550018	0.0	0	191.74305878957966	1562.2018949552148	1	0	1	1.8602752167720984
239200.0	6000.0	1362.2018949549692	0.0	0	183.2615262681502	1562.2018949552148	1	0	1	2.2657403248802623
240328.261186903	6000.0	1233.9407080519622	0.0	0	0.0	1562.201894955273	1	0	1	2.958887505440206
241795.7392379863	6000.0	766.4626569686436	0.0	0	0.0	1562.2018949553021	1	0	1	2.958887505440204
242718.56549604272	2000.0	843.6363989122277	0.0	0	0.0	1562.2018949553021	1	0	1	0.7616629281039844
243387.7082310697	2000.0	1174.4936638852205	0.0	0	0.0	1562.2018949553021	1	0	1	1.860275216772094
244200.0	2000.0	1362.2018949549638	0.0	0	258.3272728502634	1562.2018949553021	1	0	1	1.860275216772094
245200.0	2000.0	1362.2018949549597	0.0	0	271.62164340901654	1562.2018949553021	1	0	1	1.860275216772094
246200.0	2000.0	1362.2018949549736	0.0	0	232.5470746664796	1562.2018949553021	1	0	1	1.860275216772094
247200.0	2000.0	1362.201894954978	0.0	0	555.2830137099081	1562.2018949553021	1	0	1	1.860275216772094
248200.0	2000.0	1362.201894954932	0.0	0	430.1233041944797	1562.201894955273	1	0	1	1.8602752167720955
249200.0	3000.0	1362.2018949549622	0.0	0	217.14470237516798	1562.201894955273	1	0	1	1.8602752167720955
250200.0	2000.0	1362.201894954937	0.0	0	453.42704433671315	1562.201894955273	1	0	1	1.454810108663931
251200.0	3000.0	1362.2018949549458	0.0	0	94.67829465231625	1562.2018949553021	1	0	1	1.8602752167720942
252200.0	2000.0	1362.2018949549636	0.0	0	200.83932844817173	1562.2018949553021	1	0	1	1.4548101086639293
253200.0	2000.0	1362.2018949549845	0.0	0	318.09027897170745	1562.201894955273	1	0	1	1.8602752167720955
254477.0140290509	6000.0	1085.1878659040892	0.0	0	0.0	1562.201894955273	1	0	1	1.8602752167720953
255200.0	3000.0	1362.2018949549552	0.0	0	137.8926271504606	1562.201894955273	1	0	1	1.5725931443203152
256422.1112036594	6000.0	1140.0906912955295	0.0	0	0.0	1562.201894955273	1	0	1	2.2657403248802606
257200.0	2000.0	1362.2018949549783	0.0	0	122.27307716957876	1562.201894955273	1	0	1	0.7616629281039858
258200.0	2000.0	1362.2018949549808	0.0	0	57.61128780103172	1562.201894955273	1	0	1	1.8602752167720955
259200.0	2000.0	1362.2018949550009	0.0	0	538.0787624707737	1562.201894955273	1	0	1	1.8602752167720955
260200.0	2000.0	1362.2018949549933	0.0	0	595.5682867291907	1562.201894955273	1	0	1	1.8602752167720955
261200.0	3000.0	1362.2018949549697	0.0	0	460.711703934212	1562.201894955273	1	0	1	1.8602752167720955
262443.47786149365	6000.0	1118.724033461293	0.0	0	0.0	1562.201894955273	1	0	1	2.2657403248802597
263288.31270170887	3000.0	1273.8891932460213	0.0	0	0.0	1562.2018949552148	1	0	1	1.572593144320318
264200.0	3000.0	1362.2018949548853	0.0	0	417.35414342343574	1562.2018949551857	1	0	1	2.265740324880264
265200.0	6000.0	1362.2018949548421	0.0	0	75.17439457710134	1562.2018949551275	1	0	1	2.2657403248802668
266200.0	6000.0	1362.201894954818	0.0	0	465.12325595639413	1562.2018949550693	1	0	1	2.958887505440215
267208.2209916216	6000.0	1353.9809033332388	0.0	0	290.14999649557285	1562.2018949550693	1	0	1	2.958887505440215
268200.0	2000.0	1362.2018949548503	0.0	0	217.65164995309897	1562.2018949550693	1	0	1	0.7616629281039953
269200.0	3000.0	1362.2018949548205	0.0	0	313.0354161276482	1562.2018949550693	1	0	1	1.860275216772105
270988.95693941694	6000.0	573.2449555379263	0.0	0	0.0	1562.2018949551275	1	0	1	2.2657403248802677
271514.85367451794	2000.0	1047.3482204369338	0.0	0	0.0	1562.2018949551857	1	0	1	0.76166292810399
272200.0	2000.0	1362.2018949548622	0.0	0	173.50966850918485	1562.2018949551857	1	0	1	1.8602752167720995
273200.0	3000.0	1362.2018949548712	0.0	0	290.4089939822443	1562.2018949551857	1	0	1	1.8602752167720997
274200.0	3000.0	1362.201894954821	0.0	0	532.9695931373863	1562.2018949551275	1	0	1	2.2657403248802668
275200.0	2000.0	1362.2018949548865	0.0	0	383.4096353437635	1562.2018949551275	1	0	1	1.4548101086639376
276200.0	3000.0	1362.2018949549242	0.0	0	66.45012700970983	1562.2018949551857	1	0	1	1.8602752167720997
277200.0	3000.0	1362.2018949549547	0.0	0	281.34886666794773	1562.2018949551857	1	0	1	2.265740324880264
278200.0	3000.0	1362.2018949549063	0.0	0	225.57008859602502	1562.2018949551275	1	0	1	2.2657403248802668
279200.0	3000.0	1362.2018949548333	0.0	0	426.1621892192634	1562.2018949551275	1	0	1	2.2657403248802668
280200.0	3000.0	1362.2018949548158	0.0	0	387.1274216235033	1562.2018949551275	1	0	1	2.2657403248802668
281200.0	3000.0	1362.2018949548794	0.0	0	56.815530074818525	1562.2018949551275	1	0	1	2.2657403248802668
282200.0	3000.0	1362.2018949548665	0.0	0	184.95552994834725	1562.2018949551857	1	0	1	2.265740324880264
283200.0	3000.0	1362.2018949549197	0.0	0	143.09180576511426	1562.2018949551275	1	0	1	2.2657403248802668
284455.3456724232	6000.0	1106.8562225316593	0.0	0	0.0	1562.2018949551275	1	0	1	2.2657403248802668
285749.08761150076	6000.0	813.114283454075	0.0	0	0.0	1562.2018949550693	1	0	1	2.9588875054402144
286262.6507751212	2000.0	1299.5511198336544	0.0	0	0.0	1562.2018949550693	1	0	1	0.7616629281039953
287200.0	2000.0	1362.201894954791	0.0	0	95.64158822712488	1562.2018949550693	1	0	1	1.8602752167721048
288200.0	2000.0	1362.2018949547446	0.0	0	60.892021002830006	1562.2018949549529	1	0	1	1.8602752167721088
289200.0	2000.0	1362.2018949547453	0.0	0	447.0880834736745	1562.2018949549529	1	0	1	1.8602752167721104
290200.0	2000.0	1362.2018949547166	0.0	0	434.3313623997383	1562.2018949549529	1	0	1	1.8602752167721104
291207.878817447	6000.0	1354.3230775077477	0.0	0	0.0	1562.2018949548947	1	0	1	1.8602752167721128
292200.0	6000.0	1362.2018949546732	0.0	0	52.081384370219894	1562.2018949548365	1	0	1	2.9588875054402237
293200.0	6000.0	1362.2018949547507	0.0	0	270.5804973045597	1562.2018949548365	1	0	1	2.9588875054402255
294761.3849426627	6000.0	800.816952292005	0.0	0	0.0	1562.2018949548365	1	0	1	2.9588875054402255
295235.95121917024	2000.0	1326.2506757844462	0.0	0	0.0	1562.2018949548365	1	0	1	0.761662928104006
296200.0	3000.0	1362.2018949547023	0.0	0	488.663225088967	1562.2018949548365	1	0	1	1.860275216772116
297200.0	3000.0	1362.201894954673	0.0	0	382.5243504651007	1562.2018949548365	1	0	1	2.2657403248802805
298200.0	3000.0	1362.2018949546277	0.0	0	191.86837027739966	1562.2018949548365	1	0	1	2.2657403248802805
299200.0	3000.0	1362.2018949546427	0.0	0	111.7066646424355	1562.2018949548947	1	0	1	2.2657403248802774
300200.0	6000.0	1362.2018949546914	0.0	0	67.1916559455567	1562.2018949548947	1	0	1	2.2657403248802774
4.7	2.78	4.67	5.9	6.43	5.65	6.13	3.71	3.39	3.51	6.0	8.14	6.39	7.3	7.0	4.75	5.21	5.36	7.75	6.51	5.2	7.62	7.0	4.82	5.43	5.62	6.43	4.0	6.15	7.88	4.04	4.84	4.0	4.44	4.22	3.68	3.81	4.11	5.0	4.17	4.71	3.97	4.93	7.17	5.57	4.26	3.9	4.84	4.15	3.99	3.67	4.24	4.17	3.83	4.67	5.8	6.02	4.55	3.7	3.73	4.88	4.54	2.61	4.2	4.45	5.38	6.75	5.83	5.14	7.01	4.32	3.51	4.76	4.82	3.94	3.96	5.93	7.61	5.65	5.62	4.0	4.3	4.63	7.21	7.85	4.43	3.32	2.66	4.84	3.64	2.49	4.19	4.0	4.51	3.53	4.03	2.94	3.95	5.09	5.72	6.16	3.6	2.71	3.54	4.05	4.61	5.79	4.78	5.06	6.45	8.83	8.9	2.91	4.44	4.58	3.49	3.97	5.82	5.17	3.65	4.54	4.12	5.43	4.14	3.67	4.38	4.46	4.0	5.05	5.97	3.47	3.41	2.75	3.3	4.59	6.29	8.6	7.52	3.74	4.51	5.28	4.46	4.03	4.14	6.56	5.03	4.16	5.03	5.55	3.51	4.7	2.78	4.67	5.9	6.43	5.65	6.13	3.71	3.39	3.51	6.0	8.14	6.39	7.3	7.0	4.75	5.21	5.36	7.75	6.51	5.2	7.62	7.0	4.82	5.43	5.62	6.43	4.0	6.15	7.88	4.04	4.84	4.0	4.44	4.22	3.68	3.81	4.11	5.0	4.17	4.71	3.97	4.93	7.17	5.57	4.26	3.9	4.84	4.15	3.99	3.67	4.24	4.17	3.83	4.67	5.8	6.02	4.55	3.7	3.73	4.88	4.54	2.61	4.2	4.45	5.38	6.75	5.83	5.14	7.01	4.32	3.51	4.76	4.82	3.94	3.96	5.93	7.61	5.65	5.62	4.0	4.3	4.63	7.21	7.85	4.43	3.32	2.66	4.84	3.64	2.49	4.19	4.0	4.51	3.53	4.03	2.94	3.95	5.09	5.72	6.16	3.6	2.71	3.54	4.05	4.61	5.79	4.78	5.06	6.45	8.83	8.9	2.91	4.44	4.58	3.49	3.97	5.82	5.17	3.65	4.54	4.12	5.43	4.14	3.67	4.38	4.46	4.0	5.05	5.97	3.47	3.41	2.75	3.3	4.59	6.29	8.6	7.52	3.74	4.51	5.28	4.46	4.03	4.14	6.56	5.03	4.16
1.0	2.0	3.0	4.0	5.0	6.0	7.0	8.0	9.0	10.0	11.0	12.0	13.0	14.0	15.0	16.0	17.0	18.0	19.0	20.0	21.0	22.0	23.0	24.0	25.0	26.0	27.0	28.0	29.0	30.0	31.0	32.0	33.0	34.0	35.0	36.0	37.0	38.0	39.0	40.0	41.0	42.0	43.0	44.0	45.0	46.0	47.0	48.0	49.0	50.0	51.0	52.0	53.0	54.0	55.0	56.0	57.0	58.0	59.0	60.0	61.0	62.0	63.0	64.0	65.0	66.0	67.0	68.0	69.0	70.0	71.0	72.0	73.0	74.0	75.0	76.0	77.0	78.0	79.0	80.0	81.0	82.0	83.0	84.0	85.0	86.0	87.0	88.0	89.0	90.0	91.0	92.0	93.0	94.0	95.0	96.0	97.0	98.0	99.0	100.0	101.0	102.0	103.0	104.0	105.0	106.0	107.0	108.0	109.0	110.0	111.0	112.0	113.0	114.0	115.0	116.0	117.0	118.0	119.0	120.0	121.0	122.0	123.0	124.0	125.0	126.0	127.0	128.0	129.0	130.0	131.0	132.0	133.0	134.0	135.0	136.0	137.0	138.0	139.0	140.0	141.0	142.0	143.0	144.0	145.0	146.0	147.0	148.0	149.0	149.0	150.0	151.0	152.0	153.0	154.0	155.0	156.0	157.0	158.0	159.0	160.0	161.0	162.0	163.0	164.0	165.0	166.0	167.0	168.0	169.0	170.0	171.0	172.0	173.0	174.0	175.0	176.0	177.0	178.0	179.0	180.0	181.0	182.0	183.0	184.0	185.0	186.0	187.0	188.0	189.0	190.0	191.0	192.0	193.0	194.0	195.0	196.0	197.0	198.0	199.0	200.0	201.0	202.0	203.0	204.0	205.0	206.0	207.0	208.0	209.0	210.0	211.0	212.0	213.0	214.0	215.0	216.0	217.0	218.0	219.0	220.0	221.0	222.0	223.0	224.0	225.0	226.0	227.0	228.0	229.0	230.0	231.0	232.0	233.0	234.0	235.0	236.0	237.0	238.0	239.0	240.0	241.0	242.0	243.0	244.0	245.0	246.0	247.0	248.0	249.0	250.0	251.0	252.0	253.0	254.0	255.0	256.0	257.0	258.0	259.0	260.0	261.0	262.0	263.0	264.0	265.0	266.0	267.0	268.0	269.0	270.0	271.0	272.0	273.0	274.0	275.0	276.0	277.0	278.0	279.0	280.0	281.0	282.0	283.0	284.0	285.0	286.0	287.0	288.0	289.0	290.0	291.0	292.0	293.0	294.0	295.0	296.0
5979.477547547132
