6018.144880283283	300.0	2000.0	233.90515266095122	0	0.0	6018.144880283283	1	0	1	-3.357904783386296
7034.262185013293	2000.0	1882.2709647969891	0.0	0	0.0	5916.533149810282	1	0	2	-2.3266964590478203
7845.307798057151	2000.0	1990.1207904487455	0.0	0	0.0	5835.428588505896	1	0	2	-0.14639012049736383
8557.34578631054	2000.0	2206.8790033700175	0.0	0	0.0	5764.224789680557	1	0	2	-0.07656513093527861
9174.754951090888	2000.0	2527.728922111635	0.0	0	0.0	5702.483873202524	1	0	2	-0.011971017323560207
11484.91168185757	3000.0	986.5565182682885	0.0	0	0.0	5471.468200125858	1	0	2	0.16157621752949558
12154.521270971154	1000.0	1316.946929154702	0.0	0	0.0	5471.468200125856	1	0	1	-1.5681865415254423
12725.706073036696	1000.0	1745.7621270891598	0.0	0	0.0	5471.468200125855	1	0	1	-0.269574252857332
13795.16080046029	2000.0	1569.3619269232051	0.0	0	0.0	5364.5227273834935	1	0	2	-0.5939152828144378
14950.790610667644	2000.0	1298.1691356951155	0.0	0	0.0	5248.95974636276	1	0	2	0.3972076760883362
15425.97094126221	1000.0	1822.9888051005485	0.0	0	0.0	5248.95974636276	1	0	1	-0.9616625917112662
15980.68744821255	1000.0	2268.272298150209	0.0	0	0.0	5248.95974636276	1	0	1	-0.06851541115132115
16719.318533606685	2000.0	2455.7781042166557	0.0	0	0.0	5175.0966378233425	1	0	2	-0.42082137393528996
17862.5215465223	2000.0	2198.254790009476	0.0	0	0.0	5060.776336531777	1	0	2	0.5600195224749028
18819.85251269869	2000.0	2145.1907272154467	0.0	0	0.0	4965.043239914134	1	0	2	0.6405227504771236
19442.394002213292	2000.0	2460.395088749381	0.0	0	0.0	4902.789090962671	1	0	2	0.6933065525847273
20197.86612279232	3000.0	2629.375756112449	0.0	0	0.0	4827.241878904766	1	0	2	0.7475188882169641
21479.29217132641	3000.0	2219.8071027249503	0.0	0	0.0	4699.0992740513575	1	0	2	1.229916178633418
22697.049842070435	2000.0	1880.2736649065216	0.0	0	0.0	4577.323506976951	1	0	2	0.5059235819691232
23564.37954612243	2000.0	1926.2109904493302	0.0	0	0.0	4490.590536571755	1	0	2	0.9690020740495985
24486.82711627745	2000.0	1911.5186632788073	0.0	0	0.0	4398.345779556254	1	0	2	1.0233582119395122
25460.901313473292	2000.0	1840.0370463633801	0.0	0	0.0	4300.938359836666	1	0	2	1.0745437342930015
26401.60018126441	2000.0	1805.2682917931509	0.0	0	0.0	4206.868473057555	1	0	2	1.1238602540315985
27700.904455292217	2000.0	1376.0335903625667	0.0	0	0.0	4076.938045654777	1	0	2	1.182877548858056
28313.859367784964	2000.0	1701.7831866205477	0.0	0	0.0	4015.6425544055055	1	0	2	1.2169454895308278
29132.41970400071	2000.0	1883.2228504048062	0.0	0	0.0	4015.6425544055055	1	0	1	1.2235900870380292
29902.457738109606	2000.0	2036.1810128850234	0.0	0	0.0	3938.6387509946217	1	0	2	1.0492966345775445
30964.669945542064	3000.0	1867.7475847093258	0.0	0	0.0	3832.417530251383	1	0	2	1.282122321959856
31605.909984234007	1000.0	2226.507546017382	0.0	0	0.0	3832.417530251383	1	0	1	-0.4955473947564779
33001.93483236121	2000.0	1690.8802130774566	0.0	0	0.0	3692.8150454386596	1	0	2	0.4415243212583596
33790.78729479365	2000.0	1823.1425044017699	0.0	0	0.0	3613.9297991954154	1	0	2	1.3635641730831123
34347.538717128715	2000.0	2266.3910820667033	0.0	0	0.0	3613.929799195419	1	0	1	1.370046079380355
35312.071440872984	2000.0	2205.4050859480103	0.0	0	0.0	3517.476526820996	1	0	2	1.1896548784857568
36172.673059417706	2000.0	2344.8034674032942	0.0	0	0.0	3517.476526821003	1	0	1	1.3986406084144711
37241.84875595484	2000.0	2168.7102012124546	0.0	0	0.0	3410.558957167297	1	0	2	1.2199581129054606
38010.836830648106	2000.0	2399.72212651918	0.0	0	0.0	3410.55895716729	1	0	1	1.4277261725791592
38823.159268052936	2000.0	2587.3996891143547	0.0	0	0.0	3410.55895716729	1	0	1	1.6277261725791594
40101.0756942661	2000.0	2309.4832629011794	0.0	0	0.0	3410.55895716729	1	0	1	1.6277261725791594
40991.29131790894	2000.0	2419.2676392583476	0.0	0	0.0	3410.55895716729	1	0	1	1.6277261725791594
41771.99722019275	2000.0	2638.5617369745332	0.0	0	0.0	3410.55895716729	1	0	1	1.6277261725791594
43093.35948404784	3000.0	2185.0632467339296	0.0	0	0.0	3278.4227307817782	1	0	2	1.2500213628534045
44747.935946245656	2000.0	1530.4867845361098	0.0	0	0.0	3278.4227307817782	1	0	1	1.0546970758457834
45513.66614247039	2000.0	1688.1835686888999	0.0	0	0.0	3201.8497111593097	1	0	2	1.2729693743716013
46092.74460025516	2000.0	2109.1051109041437	0.0	0	0.0	3201.849711159317	1	0	1	1.4773136267660063
47405.216811109356	2000.0	1796.632900049945	0.0	0	0.0	3201.849711159324	1	0	1	1.677313626766005
48401.53361037255	2000.0	1800.3161007867532	0.0	0	0.0	3201.849711159324	1	0	1	1.677313626766005
49277.76200998182	2000.0	1924.0877011774828	0.0	0	0.0	3201.849711159324	1	0	1	1.677313626766005
50654.18422870359	2000.0	1547.665482455716	0.0	0	0.0	3201.849711159324	1	0	1	1.677313626766005
51479.55544851481	1000.0	1722.2942626445047	0.0	0	0.0	3201.849711159324	1	0	1	0.2910192656461147
52765.79864194298	2000.0	1436.051069216331	0.0	0	0.0	3201.849711159324	1	0	1	0.9841664462060598
53872.67324142036	2000.0	1218.4890097912185	0.0	0	0.0	3091.162251211601	1	0	2	1.2939831664275272
54556.422118883194	1000.0	1534.74013232838	0.0	0	0.0	3091.162251211601	1	0	1	0.11384248929031748
55938.21376438492	2000.0	1152.948486826654	0.0	0	0.0	3091.1622512115937	1	0	1	1.006989669850264
56616.39841519415	1000.0	1474.7638360174308	0.0	0	0.0	3091.1622512115937	1	0	1	0.3138424892903191
57623.75356827748	2000.0	1467.408682934098	0.0	0	0.0	3091.1622512115937	1	0	1	1.006989669850264
58528.38633011951	2000.0	1562.7759210920797	0.0	0	0.0	3091.162251211601	1	0	1	1.700136850410208
59144.06334002213	2000.0	1947.0989111894587	0.0	0	0.0	3091.162251211601	1	0	1	1.700136850410208
60196.39332678539	2000.0	1894.7689244261915	0.0	0	0.0	3091.162251211601	1	0	1	1.700136850410208
60925.85696913153	2000.0	2165.3052820800576	0.0	0	0.0	3091.162251211601	1	0	1	1.700136850410208
61914.52087962447	2000.0	2176.6413715871186	0.0	0	0.0	3091.162251211601	1	0	1	1.700136850410208
63403.645118487315	2000.0	1687.5171327242747	0.0	0	0.0	3091.162251211601	1	0	1	1.700136850410208
64001.50196003504	1000.0	2089.6602911765503	0.0	0	0.0	3091.162251211601	1	0	1	0.31384248929031766
64759.974510816835	2000.0	2331.187740394758	0.0	0	0.0	3091.1622512116082	1	0	1	1.0069896698502614
66092.68264795293	2000.0	1998.4796032586744	0.0	0	0.0	3091.162251211623	1	0	1	1.700136850410206
66847.12429637864	2000.0	2244.037954832942	0.0	0	0.0	3091.162251211601	1	0	1	1.7001368504102066
67786.85807972656	2000.0	2304.304171485011	0.0	0	0.0	3091.1622512115937	1	0	1	1.700136850410209
68550.43346296057	2000.0	2540.7287882509954	0.0	0	0.0	3091.1622512115937	1	0	1	1.7001368504102103
69563.95403069012	2000.0	2527.208220521443	0.0	0	0.0	3091.162251211601	1	0	1	1.700136850410208
70676.85417848933	2000.0	2303.018057942307	0.0	0	0.0	2979.8722364316927	1	0	2	1.3161726804576124
71494.3017344258	3000.0	2403.825746412186	0.0	0	0.0	2898.127480838055	1	0	2	1.5316228423660383
72932.13884772295	3000.0	1822.2049217853078	0.0	0	0.0	2754.343769508312	1	0	2	1.957976577928867
73671.94048906516	2000.0	2008.4231163088953	0.0	0	0.0	2680.3636053741066	1	0	2	1.1591540091109702
74324.76078710935	2000.0	2355.602818264706	0.0	0	0.0	2680.3636053741066	1	0	1	1.5673958589151868
75200.0	2000.0	2480.363605374066	0.0	0	6.111497416102793	2680.3636053741066	1	0	1	1.767395858915187
76200.0	2000.0	2480.3636053740584	0.0	0	305.27689329841814	2680.363605374092	1	0	1	1.7673958589151888
77200.0	2000.0	2480.3636053740515	0.0	0	300.27622166706715	2680.363605374092	1	0	1	1.7673958589151888
78200.0	2000.0	2480.363605374053	0.0	0	26.08718733213027	2680.363605374092	1	0	1	1.7673958589151888
79200.0	2000.0	2480.3636053740483	0.0	0	93.8568582162552	2680.3636053740775	1	0	1	1.7673958589151908
80232.05280688322	2000.0	2448.3107984908374	0.0	0	0.0	2680.3636053740775	1	0	1	1.7673958589151908
81393.81208275225	2000.0	2286.5515226218145	0.0	0	0.0	2680.363605374092	1	0	1	1.7673958589151888
83248.96341079235	2000.0	1431.4001945817226	0.0	0	0.0	2680.363605374092	1	0	1	1.7673958589151888
84141.49350152124	2000.0	1538.8701038528357	0.0	0	0.0	2680.3636053740775	1	0	1	1.7673958589151908
84770.44545467655	2000.0	1909.9181506975337	0.0	0	0.0	2680.3636053740775	1	0	1	1.7673958589151908
85541.72888946015	2000.0	2138.634715913925	0.0	0	0.0	2680.3636053740775	1	0	1	1.7673958589151908
86208.07663367635	2000.0	2405.6521972761198	0.0	0	0.0	2613.7288309524447	1	0	2	1.3739324061026996
87200.0	2000.0	2314.5364943200893	0.0	0	180.36962681599834	2514.5364943200548	1	0	2	1.5836882524105997
88380.39367117723	2000.0	2134.14282314286	0.0	0	0.0	2514.5364943200548	1	0	1	1.588095757325757
89371.30849346683	2000.0	2143.22800085327	0.0	0	0.0	2514.5364943200548	1	0	1	1.7880957573257572
90915.62143332796	2000.0	1598.9150609921446	0.0	0	0.0	2514.5364943200548	1	0	1	1.7880957573257572
91960.83379388197	2000.0	1553.7027004381303	0.0	0	0.0	2514.5364943200548	1	0	1	1.7880957573257572
92637.84825368036	2000.0	1876.688240639739	0.0	0	0.0	2514.5364943200548	1	0	1	1.7880957573257572
93224.26949209087	2000.0	2290.2670022292245	0.0	0	0.0	2514.5364943200548	1	0	1	1.7880957573257572
94200.0	2000.0	2314.5364943200752	0.0	0	305.0109892491455	2514.5364943200548	1	0	1	1.7880957573257572
95800.65446341484	3000.0	1553.816584563769	0.0	0	0.0	2354.471047978601	1	0	2	1.4000718252943873
96712.08414625138	2000.0	1642.3869017272257	0.0	0	0.0	2354.4710479785863	1	0	1	1.1997720402791274
97984.37981771339	2000.0	1370.0912302652162	0.0	0	0.0	2354.4710479785863	1	0	1	1.8052371483872922
98735.0771746102	1000.0	1619.3938733684115	0.0	0	0.0	2354.4710479785863	1	0	1	0.418942787267402
99537.94456768146	2000.0	1816.5264802971428	0.0	0	0.0	2354.4710479785863	1	0	1	1.112089967827347
100595.52915860566	2000.0	1758.941889372937	0.0	0	0.0	2354.4710479785863	1	0	1	1.8052371483872922
101394.03960111877	2000.0	1960.4314468598188	0.0	0	0.0	2354.4710479785863	1	0	1	1.8052371483872922
102200.0	2000.0	2154.471047978598	0.0	0	36.07387844553159	2354.4710479785863	1	0	1	1.8052371483872922
103534.4751071642	2000.0	1819.9959408143995	0.0	0	0.0	2354.4710479785863	1	0	1	1.8052371483872922
105013.29474580928	2000.0	1341.176302169312	0.0	0	0.0	2354.4710479785717	1	0	1	1.8052371483872935
105596.6672403152	1000.0	1757.8038076634098	0.0	0	0.0	2354.4710479785717	1	0	1	0.41894278726740336
106202.92045405413	2000.0	2151.550593924483	0.0	0	0.0	2354.4710479785717	1	0	1	1.1120899678273486
107200.0	2000.0	2154.471047978616	0.0	0	381.58741022220056	2354.4710479785863	1	0	1	1.8052371483872922
108584.09118862142	2000.0	1770.3798593572058	0.0	0	0.0	2354.471047978601	1	0	1	1.8052371483872909
109962.10547303503	2000.0	1392.3655749435943	0.0	0	0.0	2354.471047978601	1	0	1	1.8052371483872909
110995.63975558964	2000.0	1358.8312923890105	0.0	0	0.0	2354.471047978601	1	0	1	1.8052371483872909
111936.47107725554	2000.0	1417.9999707231232	0.0	0	0.0	2354.471047978601	1	0	1	1.8052371483872909
112854.69444350427	2000.0	1499.7766044743994	0.0	0	0.0	2354.471047978601	1	0	1	1.8052371483872909
113480.17073814469	2000.0	1874.3003098339918	0.0	0	0.0	2354.471047978601	1	0	1	1.8052371483872909
114436.52584512146	2000.0	1917.945202857215	0.0	0	0.0	2354.4710479786154	1	0	1	1.805237148387289
115628.74468279514	2000.0	1725.7263651835449	0.0	0	0.0	2354.4710479786154	1	0	1	1.805237148387289
117150.25267894125	2000.0	1204.2183690374245	0.0	0	0.0	2354.471047978601	1	0	1	1.8052371483872902
117923.7288883653	1000.0	1430.7421596133902	0.0	0	0.0	2354.471047978601	1	0	1	0.4189427872674006
118620.51923406754	1000.0	1733.9518139111428	0.0	0	0.0	2354.471047978601	1	0	1	1.1120899678273457
119869.13464085115	2000.0	1485.3364071275469	0.0	0	0.0	2354.471047978601	1	0	1	1.1120899678273457
121286.46623378678	2000.0	1068.0048141919142	0.0	0	0.0	2354.4710479786154	1	0	1	1.805237148387289
121906.06993020991	1000.0	1448.4011177687828	0.0	0	0.0	2354.4710479786154	1	0	1	0.4189427872673991
122753.54284459451	2000.0	1600.9282033841648	0.0	0	0.0	2354.4710479786154	1	0	1	1.1120899678273442
123742.49898121698	2000.0	1611.9720667616957	0.0	0	0.0	2354.4710479786154	1	0	1	1.805237148387289
125153.87410861676	2000.0	1200.5969393619248	0.0	0	0.0	2354.4710479786154	1	0	1	1.805237148387289
126377.85321598705	2000.0	976.6178319916365	0.0	0	0.0	2354.4710479786154	1	0	1	1.805237148387289
127572.0502309812	2000.0	782.4208169975009	0.0	0	0.0	2354.4710479786154	1	0	1	1.805237148387289
127896.87305148038	1000.0	1457.597996498332	0.0	0	0.0	2354.4710479786154	1	0	1	0.4189427872673991
128504.8928881903	2000.0	1849.578159788405	0.0	0	0.0	2354.4710479786154	1	0	1	1.1120899678273442
129264.99562891093	2000.0	2089.4754190677836	0.0	0	0.0	2354.4710479786154	1	0	1	1.805237148387289
130200.0	2000.0	2154.4710479787254	0.0	0	86.62863381803618	2354.47104797863	1	0	1	1.8052371483872878
131488.28197375924	2000.0	1866.1890742194964	0.0	0	0.0	2354.47104797863	1	0	1	1.8052371483872882
132200.0	1000.0	2154.47104797872	0.0	0	222.5666395407752	2354.4710479786154	1	0	1	0.4189427872673985
133200.0	2000.0	2154.4710479787254	0.0	0	168.66692456923192	2354.4710479786154	1	0	1	1.1120899678273446
134200.0	2000.0	2154.4710479786972	0.0	0	191.1387434650096	2354.4710479786154	1	0	1	1.805237148387289
135200.0	2000.0	2154.471047978705	0.0	0	262.9012215282128	2354.4710479786736	1	0	1	1.8052371483872842
136264.8340788817	2000.0	2089.6369690970205	0.0	0	0.0	2354.4710479786445	1	0	1	1.8052371483872864
137238.1004959333	2000.0	2116.3705520454096	0.0	0	0.0	2354.4710479786445	1	0	1	1.8052371483872864
138200.0	2000.0	2154.4710479787273	0.0	0	193.70835657222779	2354.4710479786736	1	0	1	1.8052371483872838
139623.04748725015	2000.0	1731.423560728616	0.0	0	0.0	2354.4710479786736	1	0	1	1.8052371483872838
140335.05867571506	2000.0	2019.4123722636905	0.0	0	0.0	2354.4710479786736	1	0	1	1.8052371483872838
141200.0	2000.0	2154.4710479788073	0.0	0	110.1458561612817	2354.4710479786736	1	0	1	1.8052371483872838
142200.0	2000.0	2154.471047978851	0.0	0	247.30404361523688	2354.4710479786736	1	0	1	1.8052371483872838
143200.0	2000.0	2154.4710479788478	0.0	0	227.53909479500726	2354.4710479786736	1	0	1	1.8052371483872838
144200.0	2000.0	2054.471047978833	0.0	0	80.54489869886311	2254.4710479786445	1	0	2	1.4119477919572987
145200.0	2000.0	2054.471047978825	0.0	0	81.33062019699719	2254.4710479786154	1	0	1	1.6146986508568106
146286.9808044599	2000.0	1967.4902435189415	0.0	0	0.0	2254.4710479785863	1	0	1	1.8146986508568137
147251.6649234873	2000.0	2002.8061244915361	0.0	0	0.0	2254.471047978557	1	0	1	1.8146986508568161
148479.89447656777	2000.0	1774.5765714110607	0.0	0	0.0	2254.471047978557	1	0	1	1.8146986508568161
149670.88260282547	2000.0	1583.5884451533498	0.0	0	0.0	2254.471047978528	1	0	1	1.8146986508568186
150848.08805396513	2000.0	1406.382994013688	0.0	0	0.0	2254.471047978499	1	0	1	1.8146986508568212
151810.4540900312	2000.0	1444.0169579476021	0.0	0	0.0	2254.471047978499	1	0	1	1.8146986508568212
152427.2187362822	2000.0	1827.2523116965922	0.0	0	0.0	2254.471047978499	1	0	1	1.8146986508568212
153200.0	2000.0	2054.471047978793	0.0	0	116.18288570945151	2254.471047978499	1	0	1	1.8146986508568212
154200.0	2000.0	2054.4710479787836	0.0	0	257.8167025305156	2254.471047978499	1	0	1	1.8146986508568212
155200.0	2000.0	2054.4710479788	0.0	0	119.56592415529303	2254.471047978499	1	0	1	1.8146986508568212
156200.0	2000.0	2054.4710479787973	0.0	0	213.4754041711858	2254.471047978499	1	0	1	1.8146986508568212
157200.0	2000.0	2054.4710479787796	0.0	0	323.7288311061275	2254.471047978499	1	0	1	1.8146986508568208
158200.0	2000.0	2054.4710479787836	0.0	0	437.05723754217615	2254.471047978499	1	0	1	1.8146986508568212
159200.0	2000.0	2054.471047978811	0.0	0	67.73701228789287	2254.471047978528	1	0	1	1.8146986508568186
160258.3568015085	2000.0	1996.1142464702802	0.0	0	0.0	2254.471047978557	1	0	1	1.8146986508568161
161457.98340176343	2000.0	1796.487646215366	0.0	0	0.0	2254.4710479785863	1	0	1	1.8146986508568137
162710.01370489667	2000.0	1544.4573430821308	0.0	0	0.0	2254.4710479786445	1	0	1	1.8146986508568104
163992.18667065306	2000.0	1262.284377325748	0.0	0	0.0	2254.4710479786445	1	0	1	1.8146986508568084
164981.25184101745	2000.0	1273.2192069613652	0.0	0	0.0	2254.4710479786445	1	0	1	1.8146986508568084
166006.6048495989	2000.0	1247.866198379904	0.0	0	0.0	2254.4710479786445	1	0	1	1.8146986508568084
166877.0743289	2000.0	1377.3967190787944	0.0	0	0.0	2254.4710479786154	1	0	1	1.8146986508568108
167544.16986357493	2000.0	1710.3011844038356	0.0	0	0.0	2254.4710479785863	1	0	1	1.8146986508568137
168298.90570903904	2000.0	1955.565338939753	0.0	0	0.0	2254.4710479785863	1	0	1	1.8146986508568137
169200.0	2000.0	2054.4710479787864	0.0	0	288.55076089539216	2254.4710479785863	1	0	1	1.8146986508568137
170200.0	2000.0	2054.4710479787827	0.0	0	426.210162096424	2254.4710479786154	1	0	1	1.8146986508568108
171200.0	2000.0	2054.471047978788	0.0	0	200.56275388319045	2254.4710479786154	1	0	1	1.8146986508568108
172200.0	2000.0	2054.4710479788023	0.0	0	194.61976416033576	2254.4710479786154	1	0	1	1.8146986508568108
173564.7850809468	2000.0	1689.685967031993	0.0	0	0.0	2254.4710479786154	1	0	1	1.8146986508568108
174366.31012280632	2000.0	1888.1609251724803	0.0	0	0.0	2254.4710479786154	1	0	1	1.8146986508568108
175426.26357001788	2000.0	1828.2074779609238	0.0	0	0.0	2254.4710479786154	1	0	1	1.8146986508568108
176658.63778470323	2000.0	1595.833263275589	0.0	0	0.0	2254.4710479786445	1	0	1	1.8146986508568084
177368.1414162345	2000.0	1886.3296317443414	0.0	0	0.0	2254.4710479786736	1	0	1	1.8146986508568055
178200.0	2000.0	2054.4710479788337	0.0	0	186.35462031536736	2254.4710479786736	1	0	1	1.8146986508568055
179200.0	2000.0	2054.4710479788428	0.0	0	405.6347049283504	2254.4710479786736	1	0	1	1.8146986508568055
180929.83327580363	3000.0	1151.6544445948784	0.0	0	0.0	2081.4877203983488	1	0	2	1.4241818292075106
181969.2118377658	2000.0	1112.27588263272	0.0	0	0.0	2081.4877203983488	1	0	1	1.2236114274411936
182817.63212137602	2000.0	1263.855599022483	0.0	0	0.0	2081.4877203983488	1	0	1	1.8290765355493583
183382.487258625	2000.0	1699.0004617734676	0.0	0	0.0	2081.4877203983488	1	0	1	1.8290765355493583
184549.34308367065	2000.0	1532.1446367278347	0.0	0	0.0	2081.4877203983488	1	0	1	1.8290765355493583
185493.10191793743	2000.0	1588.385802461014	0.0	0	0.0	2081.4877203983488	1	0	1	1.8290765355493583
186433.92636067903	2000.0	1647.5613597194347	0.0	0	0.0	2081.4877203983197	1	0	1	1.8290765355493606
187310.12347321163	2000.0	1771.3642471868259	0.0	0	0.0	2081.4877203983197	1	0	1	1.8290765355493606
188488.44458095357	2000.0	1593.0431394448601	0.0	0	0.0	2081.4877203983197	1	0	1	1.8290765355493606
189242.25425405492	2000.0	1839.2334663435279	0.0	0	0.0	2081.4877203983488	1	0	1	1.8290765355493583
190200.0	2000.0	1881.4877203984538	0.0	0	65.09947200366878	2081.4877203983488	1	0	1	1.8290765355493583
191200.0	2000.0	1881.4877203984224	0.0	0	173.5441788767057	2081.4877203983488	1	0	1	1.8290765355493583
192200.0	2000.0	1881.487720398445	0.0	0	417.77978663053364	2081.4877203983488	1	0	1	1.8290765355493583
193543.66640527104	2000.0	1537.8213151274042	0.0	0	0.0	2081.4877203983488	1	0	1	1.8290765355493583
194200.0	1000.0	1881.4877203984784	0.0	0	149.9012929738965	2081.487720398378	1	0	1	0.4427821744294657
195200.0	2000.0	1881.4877203984997	0.0	0	35.834139058279106	2081.487720398407	1	0	1	1.1359293549894085
196689.16682739143	2000.0	1392.3208930070941	0.0	0	0.0	2081.487720398465	1	0	1	1.8290765355493512
197924.54795802027	2000.0	1156.939762378279	0.0	0	0.0	2081.487720398465	1	0	1	1.8290765355493495
199246.42686932665	2000.0	835.0608510718957	0.0	0	0.0	2081.487720398465	1	0	1	1.8290765355493495
199830.4654224396	1000.0	1251.022297958981	0.0	0	0.0	2081.487720398465	1	0	1	0.44278217442945905
201119.11282525526	2000.0	962.3748951433405	0.0	0	0.0	2081.4877203984943	1	0	1	1.1359293549894027
201816.7458231339	1000.0	1264.7418972646592	0.0	0	0.0	2081.4877203984943	1	0	1	0.44278217442945683
203248.96914113697	2000.0	832.5185792616345	0.0	0	0.0	2081.4877203984943	1	0	1	1.1359293549894018
203806.41330767787	1000.0	1275.0744127207508	0.0	0	0.0	2081.4877203985234	1	0	1	0.4427821744294546
204916.20249978284	2000.0	1165.2852206157668	0.0	0	0.0	2081.4877203985234	1	0	1	1.1359293549893996
205711.0625731411	1000.0	1370.4251472575193	0.0	0	0.0	2081.4877203985234	1	0	1	0.4427821744294546
206756.01527011648	2000.0	1325.4724502821714	0.0	0	0.0	2081.4877203985525	1	0	1	1.1359293549893974
207349.8206063907	2000.0	1731.6671140079661	0.0	0	0.0	2081.4877203985816	1	0	1	1.8290765355493406
208200.0	2000.0	1881.4877203986894	0.0	0	157.86254955056938	2081.4877203986107	1	0	1	1.8290765355493384
209362.21476125956	2000.0	1719.272959139129	0.0	0	0.0	2081.4877203986107	1	0	1	1.8290765355493384
210263.58429016697	2000.0	1817.9034302317195	0.0	0	0.0	2081.4877203986107	1	0	1	1.8290765355493384
211200.0	2000.0	1881.4877203986982	0.0	0	207.68084393555182	2081.4877203986107	1	0	1	1.8290765355493384
212702.91529497935	2000.0	1378.572425419379	0.0	0	0.0	2081.48772039864	1	0	1	1.8290765355493361
213520.69471223885	2000.0	1560.7930081598631	0.0	0	0.0	2081.48772039864	1	0	1	1.8290765355493361
214581.99691849036	2000.0	1499.490801908327	0.0	0	0.0	2081.4877203986107	1	0	1	1.8290765355493384
215482.78342929968	2000.0	1598.7042910990062	0.0	0	0.0	2081.4877203986107	1	0	1	1.8290765355493384
216360.09922517472	2000.0	1721.388495223978	0.0	0	0.0	2081.4877203986107	1	0	1	1.8290765355493384
217200.0	2000.0	1881.4877203986903	0.0	0	223.57256202131975	2081.4877203985816	1	0	1	1.8290765355493406
218200.0	2000.0	1881.487720398708	0.0	0	85.95705971019925	2081.4877203986107	1	0	1	1.8290765355493384
219200.0	2000.0	1881.4877203986882	0.0	0	216.0559717665892	2081.4877203986107	1	0	1	1.8290765355493384
220200.0	2000.0	1881.487720398706	0.0	0	66.05511812315672	2081.4877203986107	1	0	1	1.8290765355493384
221200.0	2000.0	1881.4877203986907	0.0	0	55.62084754050011	2081.4877203986107	1	0	1	1.8290765355493384
222200.0	2000.0	1881.4877203986694	0.0	0	346.0777343249065	2081.4877203986107	1	0	1	1.8290765355493384
223200.0	2000.0	1781.4877203986568	0.0	0	437.8457728086796	1981.4877203986107	1	0	2	1.4336030483445523
224200.0	2000.0	1781.4877203986437	0.0	0	263.2298898528097	1981.4877203986107	1	0	1	1.6363619413240746
225299.30929637948	2000.0	1682.1784240191914	0.0	0	0.0	1981.4877203986398	1	0	1	1.8363619413240728
226223.4744378678	2000.0	1758.0132825308926	0.0	0	0.0	1981.4877203986398	1	0	1	1.8363619413240728
227200.0	2000.0	1781.4877203986807	0.0	0	217.5341748521605	1981.4877203986398	1	0	1	1.8363619413240728
228200.0	2000.0	1781.4877203986655	0.0	0	173.12791153116268	1981.4877203986398	1	0	1	1.8363619413240728
229200.0	2000.0	1781.4877203986846	0.0	0	262.6137265881407	1981.4877203986398	1	0	1	1.8363619413240728
230510.6277873635	2000.0	1470.8599330351663	0.0	0	0.0	1981.4877203986107	1	0	1	1.8363619413240748
231842.18495225947	2000.0	1139.302768139213	0.0	0	0.0	1981.4877203986107	1	0	1	1.8363619413240748
232704.66589966556	2000.0	1276.8218207331029	0.0	0	0.0	1981.4877203986107	1	0	1	1.8363619413240748
233410.81979565477	2000.0	1570.6679247438808	0.0	0	0.0	1981.4877203985816	1	0	1	1.8363619413240766
234209.2834282383	2000.0	1772.2042921603531	0.0	0	0.0	1981.4877203985816	1	0	1	1.8363619413240766
235200.0	2000.0	1781.487720398635	0.0	0	124.00463414014666	1981.4877203985816	1	0	1	1.8363619413240766
236200.0	2000.0	1781.4877203986528	0.0	0	141.03590046454337	1981.4877203985816	1	0	1	1.8363619413240766
237361.02779070783	2000.0	1620.4599296908168	0.0	0	0.0	1981.4877203985816	1	0	1	1.8363619413240766
238200.0	2000.0	1781.487720398615	0.0	0	39.717302136617946	1981.4877203985525	1	0	1	1.8363619413240786
239483.04653139328	2000.0	1498.4411890053002	0.0	0	0.0	1981.4877203985234	1	0	1	1.8363619413240808
240200.0	1000.0	1781.4877203986082	0.0	0	123.9467159511114	1981.4877203984943	1	0	1	0.4500675802041925
241295.59544653806	2000.0	1685.8922738605265	0.0	0	0.0	1981.4877203984943	1	0	1	1.1432147607641376
242253.5371814234	2000.0	1727.9505389751635	0.0	0	0.0	1981.4877203984943	1	0	1	1.8363619413240828
243200.0	2000.0	1781.4877203985243	0.0	0	401.1285978764645	1981.4877203984943	1	0	1	1.8363619413240824
244200.0	2000.0	1781.4877203985359	0.0	0	278.9261776105559	1981.4877203984943	1	0	1	1.8363619413240828
245333.4551611327	2000.0	1648.032559265836	0.0	0	0.0	1981.4877203984943	1	0	1	1.8363619413240828
246341.0581663062	2000.0	1640.4295540923113	0.0	0	0.0	1981.4877203984652	1	0	1	1.8363619413240848
247723.99698455504	2000.0	1257.4907358434552	0.0	0	0.0	1981.4877203984652	1	0	1	1.8363619413240848
248624.0184366961	2000.0	1357.469283702389	0.0	0	0.0	1981.487720398436	1	0	1	1.8363619413240853
249569.6037316246	2000.0	1411.8839887738402	0.0	0	0.0	1981.487720398436	1	0	1	1.836361941324087
250454.63666418317	2000.0	1526.8510562152944	0.0	0	0.0	1981.487720398436	1	0	1	1.836361941324087
251840.0813776303	2000.0	1141.4063427681972	0.0	0	0.0	1981.487720398436	1	0	1	1.836361941324087
252491.0456735871	1000.0	1490.4420468114108	0.0	0	0.0	1981.487720398407	1	0	1	0.4500675802041986
254008.58907300638	2000.0	972.8986473921204	0.0	0	0.0	1981.487720398407	1	0	1	1.1432147607641436
254632.0446752269	1000.0	1349.443045171603	0.0	0	0.0	1981.487720398407	1	0	1	0.4500675802041986
255200.0	2000.0	1781.4877203985238	0.0	0	34.55448280068231	1981.487720398407	1	0	1	1.1432147607641436
256200.0	2000.0	1781.4877203985334	0.0	0	197.7860900455271	1981.487720398407	1	0	1	1.836361941324089
257299.58402193768	2000.0	1681.9036984608438	0.0	0	0.0	1981.487720398407	1	0	1	1.836361941324089
258520.98011976108	2000.0	1460.5076006374657	0.0	0	0.0	1981.487720398407	1	0	1	1.836361941324089
260043.67372382263	2000.0	937.8139965758958	0.0	0	0.0	1981.487720398407	1	0	1	1.836361941324089
260715.60523136787	1000.0	1265.882489030651	0.0	0	0.0	1981.4877203983779	1	0	1	0.45006758020420057
261734.9792139235	2000.0	1246.5085064750117	0.0	0	0.0	1981.4877203983779	1	0	1	1.1432147607641456
262620.01112004294	2000.0	1361.4766003555633	0.0	0	0.0	1981.4877203983488	1	0	1	1.8363619413240913
263252.988194408	2000.0	1728.499525990452	0.0	0	0.0	1981.4877203983197	1	0	1	1.836361941324093
264200.0	2000.0	1781.4877203984731	0.0	0	262.9185184900998	1981.4877203983488	1	0	1	1.8363619413240924
265200.0	2000.0	1781.4877203984684	0.0	0	242.02603013504995	1981.4877203983488	1	0	1	1.8363619413240928
266716.4320386108	2000.0	1265.0556817876395	0.0	0	0.0	1981.4877203983488	1	0	1	1.8363619413240928
267981.0485295894	2000.0	1000.4391908090158	0.0	0	0.0	1981.4877203983488	1	0	1	1.8363619413240928
268420.7415935076	1000.0	1560.7461268907996	0.0	0	0.0	1981.4877203983488	1	0	1	0.4500675802042026
269310.95124500524	2000.0	1670.5364753931226	0.0	0	0.0	1981.4877203983488	1	0	1	1.1432147607641476
270898.6853373336	2000.0	1082.8023830647085	0.0	0	0.0	1981.487720398407	1	0	1	1.836361941324089
271650.4416445283	1000.0	1331.0460758700199	0.0	0	0.0	1981.487720398407	1	0	1	0.4500675802041986
272333.9973522438	2000.0	1647.490368154448	0.0	0	0.0	1981.487720398407	1	0	1	1.1432147607641436
273845.1566236746	2000.0	1136.3310967236112	0.0	0	0.0	1981.4877203983488	1	0	1	1.8363619413240928
274740.15910239477	2000.0	1241.328618003484	0.0	0	0.0	1981.487720398407	1	0	1	1.836361941324089
275574.784823941	2000.0	1406.7028964573171	0.0	0	0.0	1981.4877203984652	1	0	1	1.8363619413240848
276661.21679042885	2000.0	1320.2709299694377	0.0	0	0.0	1981.487720398407	1	0	1	1.8363619413240864
277246.7102220657	2000.0	1734.777498332649	0.0	0	0.0	1981.4877203984652	1	0	1	1.8363619413240848
278200.0	2000.0	1781.4877203982637	0.0	0	300.3685084058088	1981.487720398407	1	0	1	1.836361941324089
279360.0286136674	2000.0	1621.4591067307863	0.0	0	0.0	1981.4877203983488	1	0	1	1.8363619413240928
280884.97600074246	2000.0	1096.5117196557114	0.0	0	0.0	1981.4877203983488	1	0	1	1.8363619413240928
281715.8503319044	2000.0	1265.637388493719	0.0	0	0.0	1981.487720398407	1	0	1	1.836361941324089
282481.6610200005	2000.0	1499.826700397604	0.0	0	0.0	1981.487720398407	1	0	1	1.836361941324089
283200.0	2000.0	1781.487720398137	0.0	0	8.991551400627941	1981.487720398407	1	0	1	1.836361941324089
284384.160729755	2000.0	1597.3269906431294	0.0	0	0.0	1981.4877203983488	1	0	1	1.8363619413240928
285200.0	2000.0	1781.487720398162	0.0	0	13.229548721690662	1981.4877203983488	1	0	1	1.8363619413240928
286200.0	2000.0	1781.4877203981846	0.0	0	373.4420604694751	1981.487720398407	1	0	1	1.83636194132409
287200.0	2000.0	1781.4877203981648	0.0	0	132.70558140572393	1981.487720398407	1	0	1	1.836361941324089
288697.2759585883	2000.0	1284.2117618098557	0.0	0	0.0	1981.4877203984652	1	0	1	1.8363619413240848
289713.25274337665	2000.0	1268.2349770215192	0.0	0	0.0	1981.4877203984652	1	0	1	1.8363619413240848
290616.8144008302	2000.0	1364.6733195680586	0.0	0	0.0	1981.4877203984652	1	0	1	1.8363619413240848
291200.0	2000.0	1781.4877203982178	0.0	0	95.69529359339504	1981.4877203984652	1	0	1	1.8363619413240848
292241.6835352067	2000.0	1739.8041851914634	0.0	0	0.0	1981.487720398407	1	0	1	1.836361941324089
293200.0	2000.0	1781.4877203981682	0.0	0	145.914594535192	1981.487720398407	1	0	1	1.836361941324089
294200.0	2000.0	1781.4877203981202	0.0	0	43.14209128974471	1981.487720398407	1	0	1	1.836361941324089
295200.0	2000.0	1781.4877203981428	0.0	0	114.40389217826305	1981.487720398407	1	0	1	1.836361941324089
296400.65114188485	2000.0	1580.836578513265	0.0	0	0.0	1981.487720398407	1	0	1	1.836361941324089
297975.03004768695	2000.0	1006.4576727112042	0.0	0	0.0	1981.4877203983488	1	0	1	1.8363619413240928
298583.5884697948	1000.0	1397.8992506033128	0.0	0	0.0	1981.4877203983488	1	0	1	0.4500675802042026
299554.4837492313	2000.0	1427.0039711668005	0.0	0	0.0	1981.487720398407	1	0	1	1.1432147607641436
300645.8220601169	2000.0	1335.6656602812645	0.0	0	0.0	1981.4877203984652	1	0	1	1.8363619413240881
1.48	2.54	3.13	2.66	1.48	1.68	1.95	1.81	2.13	2.0	2.37	2.31	2.35	2.55	3.53	2.42	1.93	1.92	1.77	2.43	2.33	2.06	2.85	2.27	3.48	1.29	1.58	2.55	2.88	1.51	2.62	2.4	2.18	1.92	2.15	2.48	3.34	2.36	1.11	2.41	3.04	1.39	1.9	2.09	1.85	1.7	1.37	2.06	1.83	1.67	1.38	2.35	2.66	3.02	2.12	2.22	2.37	1.22	2.37	1.66	2.12	2.68	2.39	2.53	2.14	3.12	1.84	3.41	2.55	1.98	2.63	2.71	2.07	1.85	2.51	1.84	1.12	1.98	2.72	3.3	2.85	1.73	2.17	1.85	1.31	1.73	2.49	2.95	3.65	2.19	1.95	1.96	1.29	2.03	2.36	2.0	1.97	1.56	1.42	1.81	3.5	2.34	1.78	1.76	1.67	1.71	1.77	2.53	2.49	2.25	1.93	1.38	1.39	1.88	1.75	1.66	1.71	2.25	1.68	2.0	2.07	1.24	3.23	2.47	1.74	1.01	3.13	2.22	2.46	2.26	2.58	2.39	1.88	1.09	2.25	2.63	3.43	2.32	2.06	2.22	1.71	2.13	1.56	1.74	2.42	1.93	3.28	2.49	2.4	0.72	1.48	2.54	3.13	2.66	1.48	1.68	1.95	1.81	2.13	2.0	2.37	2.31	2.35	2.55	3.53	2.42	1.93	1.92	1.77	2.43	2.33	2.06	2.85	2.27	3.48	1.29	1.58	2.55	2.88	1.51	2.62	2.4	2.18	1.92	2.15	2.48	3.34	2.36	1.11	2.41	3.04	1.39	1.9	2.09	1.85	1.7	1.37	2.06	1.83	1.67	1.38	2.35	2.66	3.02	2.12	2.22	2.37	1.22	2.37	1.66	2.12	2.68	2.39	2.53	2.14	3.12	1.84	3.41	2.55	1.98	2.63	2.71	2.07	1.85	2.51	1.84	1.12	1.98	2.72	3.3	2.85	1.73	2.17	1.85	1.31	1.73	2.49	2.95	3.65	2.19	1.95	1.96	1.29	2.03	2.36	2.0	1.97	1.56	1.42	1.81	3.5	2.34	1.78	1.76	1.67	1.71	1.77	2.53	2.49	2.25	1.93	1.38	1.39	1.88	1.75	1.66	1.71	2.25	1.68	2.0	2.07	1.24	3.23	2.47	1.74	1.01	3.13	2.22	2.46	2.26	2.58	2.39	1.88	1.09	2.25	2.63	3.43	2.32	2.06	2.22	1.71	2.13	1.56	1.74	2.42	1.93	3.28	2.49
1.0	2.0	3.0	4.0	5.0	6.0	7.0	8.0	9.0	10.0	11.0	12.0	13.0	14.0	15.0	16.0	17.0	18.0	19.0	20.0	21.0	22.0	23.0	24.0	25.0	26.0	27.0	28.0	29.0	30.0	31.0	32.0	33.0	34.0	35.0	36.0	37.0	38.0	39.0	40.0	41.0	42.0	43.0	44.0	45.0	46.0	47.0	48.0	49.0	50.0	51.0	52.0	53.0	54.0	55.0	56.0	57.0	58.0	59.0	60.0	61.0	62.0	63.0	64.0	65.0	66.0	67.0	68.0	69.0	70.0	71.0	72.0	73.0	74.0	75.0	76.0	77.0	78.0	79.0	80.0	81.0	82.0	83.0	84.0	85.0	86.0	87.0	88.0	89.0	90.0	91.0	92.0	93.0	94.0	95.0	96.0	97.0	98.0	99.0	100.0	101.0	102.0	103.0	104.0	105.0	106.0	107.0	108.0	109.0	110.0	111.0	112.0	113.0	114.0	115.0	116.0	117.0	118.0	119.0	120.0	121.0	122.0	123.0	124.0	125.0	126.0	127.0	128.0	129.0	130.0	131.0	132.0	133.0	134.0	135.0	136.0	137.0	138.0	139.0	140.0	141.0	142.0	143.0	144.0	145.0	146.0	147.0	148.0	149.0	149.0	150.0	151.0	152.0	153.0	154.0	155.0	156.0	157.0	158.0	159.0	160.0	161.0	162.0	163.0	164.0	165.0	166.0	167.0	168.0	169.0	170.0	171.0	172.0	173.0	174.0	175.0	176.0	177.0	178.0	179.0	180.0	181.0	182.0	183.0	184.0	185.0	186.0	187.0	188.0	189.0	190.0	191.0	192.0	193.0	194.0	195.0	196.0	197.0	198.0	199.0	200.0	201.0	202.0	203.0	204.0	205.0	206.0	207.0	208.0	209.0	210.0	211.0	212.0	213.0	214.0	215.0	216.0	217.0	218.0	219.0	220.0	221.0	222.0	223.0	224.0	225.0	226.0	227.0	228.0	229.0	230.0	231.0	232.0	233.0	234.0	235.0	236.0	237.0	238.0	239.0	240.0	241.0	242.0	243.0	244.0	245.0	246.0	247.0	248.0	249.0	250.0	251.0	252.0	253.0	254.0	255.0	256.0	257.0	258.0	259.0	260.0	261.0	262.0	263.0	264.0	265.0	266.0	267.0	268.0	269.0	270.0	271.0	272.0	273.0	274.0	275.0	276.0	277.0	278.0	279.0	280.0	281.0	282.0	283.0	284.0	285.0	286.0	287.0	288.0	289.0	290.0	291.0	292.0	293.0	294.0	295.0	296.0	297.0
5580.683106524938
