3856.224626185425	300.0	2000.0	143.25999463007992	0	0.0	3856.224626185425	1	0	1	-1.2593979226921823
4851.141595153128	2000.0	2005.0830310322967	0.0	0	0.0	3856.2246261854248	1	0	1	-0.4097668079104468
5653.95194018774	2000.0	2121.991651494224	0.0	0	0.0	3775.9435916819634	1	0	2	1.1091158131056695
6148.78864796935	2000.0	2577.6712729344536	0.0	0	0.0	3726.4599209038033	1	0	2	1.329242639924533
7573.775065821755	3000.0	2010.1862132968067	0.0	0	0.0	3583.961279118562	1	0	2	1.3646613094559825
8572.03109890416	2000.0	2011.9301802144032	0.0	0	0.0	3583.9612791185646	1	0	1	0.9737141219926404
9616.591895343812	2000.0	1967.3693837747524	0.0	0	0.0	3583.9612791185646	1	0	1	1.5791792301008047
10591.895409106899	2000.0	1894.535518635357	0.0	0	0.0	3486.4309277422553	1	0	2	1.199854226169823
12125.238776488944	2000.0	1207.8578145151082	0.0	0	0.0	3333.0965910040522	1	0	2	1.4376724201437023
12695.38306726802	1000.0	1637.713523736031	0.0	0	0.0	3333.0965910040522	1	0	1	0.06089696061245681
13734.242601478543	2000.0	1598.8539895255071	0.0	0	0.0	3333.0965910040522	1	0	1	0.9540441411724023
14475.282328064843	2000.0	1857.8142629392073	0.0	0	0.0	3333.0965910040522	1	0	1	1.6471913217323475
15463.902882440554	2000.0	1869.1937085634952	0.0	0	0.0	3333.0965910040504	1	0	1	1.6471913217323477
16224.228157886011	2000.0	2108.8684331180402	0.0	0	0.0	3333.0965910040504	1	0	1	1.6471913217323477
17271.067110053762	2000.0	2062.029480950286	0.0	0	0.0	3333.096591004047	1	0	1	1.6471913217323484
18089.944738704187	2000.0	2243.1518522998613	0.0	0	0.0	3333.096591004047	1	0	1	1.647191321732349
19694.139819978373	2000.0	1638.9567710256763	0.0	0	0.0	3333.0965910040486	1	0	1	1.6471913217323484
20716.108307278435	1000.0	1616.9882837256134	0.0	0	0.0	3333.096591004047	1	0	1	0.2608969606124584
21583.12832478851	1000.0	1749.9682662155362	0.0	0	0.0	3333.0965910040504	1	0	1	0.9540441411724027
22415.329233134227	1000.0	1917.7673578698193	0.0	0	0.0	3333.096591004047	1	0	1	0.9540441411724034
23299.57249028243	1000.0	2033.5241007216216	0.0	0	0.0	3333.0965910040504	1	0	1	0.9540441411724027
23975.79149720358	1000.0	2357.3050938004703	0.0	0	0.0	3333.0965910040504	1	0	1	0.9540441411724027
25079.44950605003	2000.0	2253.647084954021	0.0	0	0.0	3333.096591004047	1	0	1	0.9540441411724034
25959.47655872324	2000.0	2373.6200322808113	0.0	0	0.0	3333.096591004047	1	0	1	1.6471913217323486
26606.64197813968	2000.0	2726.4546128643697	0.0	0	0.0	3333.096591004047	1	0	1	1.6471913217323486
28011.18364914019	2000.0	2321.9129418638627	0.0	0	0.0	3333.096591004043	1	0	1	1.6471913217323497
29161.438042459384	2000.0	2171.6585485446676	0.0	0	0.0	3333.096591004043	1	0	1	1.6471913217323497
30462.53042121191	2000.0	1870.5661697921373	0.0	0	0.0	3333.096591004047	1	0	1	1.6471913217323486
31290.406161710802	2000.0	2042.6904292932425	0.0	0	0.0	3333.096591004047	1	0	1	1.6471913217323486
32819.318168227495	2000.0	1513.778422776546	0.0	0	0.0	3333.096591004043	1	0	1	1.6471913217323488
33445.97431843641	1000.0	1887.1222725676305	0.0	0	0.0	3333.096591004047	1	0	1	0.2608969606124587
34088.65771237243	1000.0	2244.4388786316104	0.0	0	0.0	3333.0965910040395	1	0	1	0.9540441411724044
34854.308607983745	2000.0	2478.7879830202955	0.0	0	0.0	3333.096591004043	1	0	1	0.9540441411724054
35746.177059972935	2000.0	2586.919531031107	0.0	0	0.0	3333.096591004043	1	0	1	1.64719132173235
36618.35626501885	2000.0	2627.522405480604	0.0	0	0.0	3245.8786704994563	1	0	2	1.26226868055413
37719.7763914204	2000.0	2526.1022790790485	0.0	0	0.0	3245.8786704994563	1	0	1	1.4675932194294399
38810.856139682124	2000.0	2435.022530817323	0.0	0	0.0	3245.878670499449	1	0	1	1.6675932194294418
40491.07846197196	2000.0	1754.8002085274823	0.0	0	0.0	3245.878670499449	1	0	1	1.6675932194294418
41103.03496861648	1000.0	2142.8437018829786	0.0	0	0.0	3245.8786704994563	1	0	1	0.28129885830954987
41921.86827367282	2000.0	2324.010396826634	0.0	0	0.0	3245.878670499449	1	0	1	0.9744460388694967
42959.31957417714	2000.0	2286.559096322314	0.0	0	0.0	3245.878670499449	1	0	1	1.6675932194294418
44683.105466015644	2000.0	1562.7732044838165	0.0	0	0.0	3245.878670499449	1	0	1	1.6675932194294418
45508.83535853292	2000.0	1654.4703227148007	0.0	0	0.0	3163.3056812477007	1	0	2	1.2808537827429398
46682.04810704486	2000.0	1481.2575742028528	0.0	0	0.0	3163.3056812476934	1	0	1	1.4855177009645415
47449.46608389287	1000.0	1713.8395973548518	0.0	0	0.0	3163.3056812476934	1	0	1	0.2992233398446514
48360.871134745066	2000.0	1802.4345465026595	0.0	0	0.0	3163.3056812476934	1	0	1	0.9923705204045965
49134.06798536968	2000.0	2029.2376958780474	0.0	0	0.0	3163.3056812476934	1	0	1	1.6855177009645417
50060.154096690254	2000.0	2103.1515845574677	0.0	0	0.0	3163.3056812476934	1	0	1	1.6855177009645417
50711.38298561874	2000.0	2451.922695628991	0.0	0	0.0	3163.3056812477007	1	0	1	1.6855177009645401
51248.23114395791	2000.0	2861.389721455896	0.0	0	0.0	3109.620865413788	1	0	2	1.2938027044297595
52827.32833253652	3000.0	2124.382814019426	0.0	0	0.0	2951.7111465559283	1	0	2	1.5168089935276259
53836.02053805815	2000.0	2115.6906084978027	0.0	0	0.0	2951.7111465559283	1	0	1	1.120379745087193
54838.66571195681	2000.0	2113.045434599143	0.0	0	0.0	2951.7111465559283	1	0	1	1.7258448531953579
55928.19336922759	2000.0	2023.517777328368	0.0	0	0.0	2951.7111465559283	1	0	1	1.7258448531953579
56964.1302873947	2000.0	1987.5808591612654	0.0	0	0.0	2951.7111465559283	1	0	1	1.7258448531953579
57718.33701384484	2000.0	2233.3741327111206	0.0	0	0.0	2951.711146555921	1	0	1	1.7258448531953594
58322.11274078339	2000.0	2629.5984057725686	0.0	0	0.0	2951.711146555921	1	0	1	1.7258448531953594
59697.32204396621	3000.0	2116.8681722714664	0.0	0	0.0	2814.1902162376355	1	0	2	1.342527541894155
60670.290389163776	2000.0	2143.899827073903	0.0	0	0.0	2814.1902162376355	1	0	1	1.1427324427307421
62100.39391225346	2000.0	1713.7963039842157	0.0	0	0.0	2814.190216237628	1	0	1	1.748197550838908
63703.2054927676	2000.0	1110.9847234700783	0.0	0	0.0	2814.190216237628	1	0	1	1.748197550838908
64174.06185769775	1000.0	1640.1283585399267	0.0	0	0.0	2814.190216237628	1	0	1	0.36190318971901775
65062.21776031614	2000.0	1751.9724559215374	0.0	0	0.0	2814.190216237628	1	0	1	1.0550503702789629
65963.63618521199	2000.0	1850.5540310256806	0.0	0	0.0	2814.190216237621	1	0	1	1.7481975508389085
66622.06710127136	2000.0	2192.123114966297	0.0	0	0.0	2814.1902162376064	1	0	1	1.7481975508389107
67398.32178317998	2000.0	2415.8684330576607	0.0	0	0.0	2814.1902162375845	1	0	1	1.7481975508389134
68377.61245589962	2000.0	2338.6486930660512	0.0	0	0.0	2716.261148965612	1	0	2	1.3590083507761088
69204.95851700974	2000.0	2428.5680258449233	0.0	0	0.0	2633.526542854597	1	0	2	1.5709146024899574
70200.0	3000.0	2334.0223945556386	0.0	0	91.63244066883635	2534.022394555577	1	0	2	1.5820282289584457
71200.0	2000.0	2234.0223945556436	0.0	0	356.85319783035084	2434.022394555577	1	0	2	1.187426932996519
72233.24101072375	2000.0	2097.4572827595184	0.0	0	0.0	2330.698293483205	1	0	2	1.6046895871239362
73232.01588291748	2000.0	2098.6824105657897	0.0	0	0.0	2330.698293483205	1	0	1	1.6075686101031903
74270.9529978291	2000.0	2059.7452956541783	0.0	0	0.0	2330.698293483205	1	0	1	1.8075686101031905
75201.22289298473	2000.0	2129.4754004985284	0.0	0	0.0	2330.698293483205	1	0	1	1.8075686101031905
76612.27044208131	2000.0	1718.4278514019727	0.0	0	0.0	2330.698293483205	1	0	1	1.8075686101031905
77712.45236804827	2000.0	1618.245925435016	0.0	0	0.0	2330.698293483205	1	0	1	1.8075686101031905
78277.61564104087	2000.0	2053.0826524424024	0.0	0	0.0	2330.6982934831904	1	0	1	1.8075686101031918
79200.0	2000.0	2130.698293483246	0.0	0	48.09468472376466	2330.6982934831904	1	0	1	1.8075686101031918
80200.0	2000.0	2130.6982934832645	0.0	0	241.71894609965966	2330.6982934831904	1	0	1	1.8075686101031918
81200.0	2000.0	2130.698293483255	0.0	0	276.4266620608687	2330.698293483205	1	0	1	1.8075686101031905
82589.33695679577	2000.0	1741.3613366874806	0.0	0	0.0	2330.698293483205	1	0	1	1.8075686101031905
83402.90267262298	2000.0	1927.7956208602732	0.0	0	0.0	2330.698293483205	1	0	1	1.8075686101031905
84404.58757311292	2000.0	1926.110720370335	0.0	0	0.0	2330.698293483205	1	0	1	1.8075686101031905
85442.57192219474	2000.0	1888.1263712885082	0.0	0	0.0	2330.698293483205	1	0	1	1.8075686101031905
86580.34667527454	2000.0	1750.351618208696	0.0	0	0.0	2330.698293483205	1	0	1	1.8075686101031905
87200.0	2000.0	2130.6982934832467	0.0	0	83.98299617349403	2330.698293483205	1	0	1	1.8075686101031905
88200.0	2000.0	2130.6982934832445	0.0	0	133.06160320335766	2330.698293483205	1	0	1	1.8075686101031905
89707.46203314235	2000.0	1623.2362603408947	0.0	0	0.0	2330.698293483205	1	0	1	1.8075686101031905
90449.50121017046	2000.0	1881.197083312759	0.0	0	0.0	2330.698293483205	1	0	1	1.8075686101031905
91377.29906246158	2000.0	1953.3992310216513	0.0	0	0.0	2330.6982934832195	1	0	1	1.8075686101031891
92200.0	2000.0	2130.6982934832276	0.0	0	22.599906534771435	2330.6982934832195	1	0	1	1.8075686101031891
93200.0	2000.0	2130.698293483234	0.0	0	87.68762640866044	2330.6982934832195	1	0	1	1.8075686101031891
94236.38483983873	3000.0	1990.6749696606255	0.0	0	0.0	2227.0598094993475	1	0	2	1.414072625745161
95244.4625671238	2000.0	1982.5972423755532	0.0	0	0.0	2227.059809499362	1	0	1	1.2116734781021437
96220.95359501595	2000.0	2006.1062144834054	0.0	0	0.0	2227.059809499362	1	0	1	1.8171385862103084
97200.0	2000.0	2027.0598094993588	0.0	0	144.5588720230735	2227.059809499362	1	0	1	1.8171385862103084
98200.0	2000.0	2027.059809499348	0.0	0	220.63730297453003	2227.059809499362	1	0	1	1.8171385862103084
99444.97068245933	2000.0	1782.0891270400039	0.0	0	0.0	2227.0598094993766	1	0	1	1.817138586210307
100437.92545369659	2000.0	1789.134355802742	0.0	0	0.0	2227.059809499391	1	0	1	1.8171385862103056
101264.07145831808	2000.0	1962.9883511812445	0.0	0	0.0	2227.059809499391	1	0	1	1.8171385862103056
102220.63094647577	2000.0	2006.428863023553	0.0	0	0.0	2227.059809499391	1	0	1	1.8171385862103056
103283.17241033427	2000.0	1943.8873991650448	0.0	0	0.0	2227.059809499391	1	0	1	1.8171385862103056
104471.74097135778	2000.0	1755.318838141543	0.0	0	0.0	2227.059809499391	1	0	1	1.8171385862103056
105200.0	2000.0	2027.0598094993138	0.0	0	77.73874613420048	2227.059809499391	1	0	1	1.8171385862103056
106351.98498068198	3000.0	1759.876330749136	0.0	0	0.0	2111.8613114311884	1	0	2	1.4242195168429226
107200.0	2000.0	1911.8613114311274	0.0	0	213.62544904783135	2111.861311431203	1	0	1	1.2212562205668789
108677.34686957319	2000.0	1434.5144418579314	0.0	0	0.0	2111.861311431203	1	0	1	1.8267213286750437
110019.15060234451	2000.0	1092.7107090866166	0.0	0	0.0	2111.861311431203	1	0	1	1.8267213286750437
111008.84603694979	2000.0	1103.0152744813322	0.0	0	0.0	2111.861311431203	1	0	1	1.8267213286750437
112001.7574704651	2000.0	1110.1038409660118	0.0	0	0.0	2111.861311431203	1	0	1	1.8267213286750437
112927.40814316062	2000.0	1184.4531682705037	0.0	0	0.0	2111.861311431203	1	0	1	1.8267213286750437
114026.25156622843	2000.0	1085.6097452027007	0.0	0	0.0	2111.861311431203	1	0	1	1.8267213286750437
115419.46333552517	2000.0	692.3979759059589	0.0	0	0.0	2111.861311431203	1	0	1	1.8267213286750437
116166.84183266801	1000.0	945.01947876313	0.0	0	0.0	2111.8613114312175	1	0	1	0.4404269675551522
116828.23294452156	1000.0	1283.6283669096015	0.0	0	0.0	2111.8613114312175	1	0	1	1.1335741481150974
117723.85028412091	2000.0	1388.0110273102412	0.0	0	0.0	2111.8613114312175	1	0	1	1.1335741481150974
118320.4408157227	2000.0	1791.420495708447	0.0	0	0.0	2111.8613114312175	1	0	1	1.8267213286750426
119264.6317677963	2000.0	1847.2295436348531	0.0	0	0.0	2111.8613114312175	1	0	1	1.8267213286750426
120374.44412028382	2000.0	1737.4171911473295	0.0	0	0.0	2111.8613114312175	1	0	1	1.8267213286750426
121599.65235451268	2000.0	1512.2089569184607	0.0	0	0.0	2111.8613114312175	1	0	1	1.8267213286750426
122371.68699245162	2000.0	1740.1743189795366	0.0	0	0.0	2111.8613114312175	1	0	1	1.8267213286750426
123381.42360657649	2000.0	1730.4377048546894	0.0	0	0.0	2111.861311431232	1	0	1	1.8267213286750414
124559.98195834403	2000.0	1551.8793530871417	0.0	0	0.0	2111.861311431232	1	0	1	1.8267213286750414
125218.70878097432	2000.0	1893.152530456834	0.0	0	0.0	2111.861311431232	1	0	1	1.8267213286750414
126200.0	2000.0	1911.861311431159	0.0	0	61.823487794492394	2111.8613114312466	1	0	1	1.8267213286750401
127253.78418230482	2000.0	1858.0771291263377	0.0	0	0.0	2111.861311431232	1	0	1	1.8267213286750414
128200.0	2000.0	1911.8613114311624	0.0	0	267.1625875200116	2111.861311431232	1	0	1	1.8267213286750414
129200.0	2000.0	1911.861311431141	0.0	0	123.71262035705149	2111.861311431232	1	0	1	1.8267213286750414
130200.0	2000.0	1911.8613114311333	0.0	0	249.80194421972556	2111.861311431232	1	0	1	1.8267213286750414
131848.88372284576	2000.0	1262.9775885853483	0.0	0	0.0	2111.8613114311884	1	0	1	1.8267213286750432
132863.22318536614	2000.0	1248.6381260649873	0.0	0	0.0	2111.861311431203	1	0	1	1.8267213286750432
133667.002897058	2000.0	1444.8584143730986	0.0	0	0.0	2111.8613114312175	1	0	1	1.8267213286750426
134669.90745585147	2000.0	1441.9538555796264	0.0	0	0.0	2111.8613114312175	1	0	1	1.8267213286750426
135379.68049133022	2000.0	1732.1808201008337	0.0	0	0.0	2111.8613114311884	1	0	1	1.8267213286750448
136586.14175556658	2000.0	1525.719555864475	0.0	0	0.0	2111.8613114311884	1	0	1	1.8267213286750448
137693.0037964757	2000.0	1418.8575149553644	0.0	0	0.0	2111.8613114311884	1	0	1	1.8267213286750448
138499.23267773172	2000.0	1612.6286336993269	0.0	0	0.0	2111.8613114311884	1	0	1	1.8267213286750448
139768.53542124224	2000.0	1343.3258901887832	0.0	0	0.0	2111.8613114311884	1	0	1	1.8267213286750448
141496.3981736057	2000.0	615.4631378253257	0.0	0	0.0	2111.8613114311884	1	0	1	1.8267213286750448
142254.71788542255	1000.0	857.1434260084926	0.0	0	0.0	2111.8613114311884	1	0	1	0.4404269675551544
142934.91625365173	1000.0	1176.9450577793282	0.0	0	0.0	2111.8613114311884	1	0	1	1.1335741481150996
143878.4618504986	1000.0	1233.3994609324325	0.0	0	0.0	2111.8613114311884	1	0	1	1.1335741481150996
144625.63857269526	1000.0	1486.2227387357664	0.0	0	0.0	2111.8613114311593	1	0	1	1.1335741481151018
145366.04144121442	1000.0	1745.8198702166187	0.0	0	0.0	2111.8613114311593	1	0	1	1.1335741481151018
146200.0	1000.0	1911.8613114309865	0.0	0	305.6194256459421	2111.86131143113	1	0	1	1.1335741481151043
147200.0	2000.0	1911.861311430974	0.0	0	299.0583140227536	2111.86131143113	1	0	1	1.1335741481151043
148200.0	2000.0	1911.8613114309546	0.0	0	323.44368735016906	2111.86131143113	1	0	1	1.8267213286750494
149200.0	2000.0	1911.8613114309505	0.0	0	238.59310095125693	2111.86131143113	1	0	1	1.8267213286750494
150210.8316440996	2000.0	1901.0296673313496	0.0	0	0.0	2111.8613114311593	1	0	1	1.826721328675047
151200.0	2000.0	1911.8613114309776	0.0	0	259.89724100055173	2111.8613114311593	1	0	1	1.826721328675047
152297.9557806243	2000.0	1813.905530806716	0.0	0	0.0	2111.8613114311593	1	0	1	1.826721328675047
153200.0	2000.0	1911.861311431022	0.0	0	95.4338803506107	2111.8613114311884	1	0	1	1.8267213286750448
154200.0	2000.0	1911.8613114310258	0.0	0	213.33794873327133	2111.8613114311884	1	0	1	1.8267213286750448
155200.0	2000.0	1911.8613114310197	0.0	0	417.0491278518748	2111.8613114312175	1	0	1	1.826721328675043
156200.0	2000.0	1911.86131143102	0.0	0	348.7333702829783	2111.8613114312175	1	0	1	1.8267213286750426
157200.0	2000.0	1911.8613114310217	0.0	0	79.73798162868479	2111.8613114312466	1	0	1	1.8267213286750401
158628.96116295466	2000.0	1482.9001484763503	0.0	0	0.0	2111.8613114312466	1	0	1	1.8267213286750383
160369.38030629864	2000.0	742.4810051323693	0.0	0	0.0	2111.8613114312466	1	0	1	1.8267213286750401
160898.1095518627	1000.0	1213.751759568307	0.0	0	0.0	2111.8613114312466	1	0	1	0.4404269675551498
161643.8689731412	1000.0	1467.9923382898228	0.0	0	0.0	2111.8613114312757	1	0	1	1.133574148115094
162429.8802071106	2000.0	1681.981104320416	0.0	0	0.0	2111.8613114312757	1	0	1	1.1335741481150925
163213.8585554141	2000.0	1898.0027560169242	0.0	0	0.0	2111.861311431305	1	0	1	1.8267213286750357
164200.0	2000.0	1911.8613114309953	0.0	0	429.74323652728344	2111.861311431305	1	0	1	1.8267213286750357
165200.0	2000.0	1911.8613114309987	0.0	0	8.770194815762807	2111.861311431305	1	0	1	1.8267213286750357
166200.0	2000.0	1911.8613114310199	0.0	0	34.00010588791338	2111.861311431305	1	0	1	1.8267213286750357
167200.0	2000.0	1911.8613114310167	0.0	0	185.0117250593321	2111.861311431305	1	0	1	1.8267213286750357
168696.83079051977	2000.0	1415.0305209112166	0.0	0	0.0	2111.861311431334	1	0	1	1.8267213286750335
169693.31221233765	1000.0	1418.5490990933247	0.0	0	0.0	2111.861311431334	1	0	1	0.44042696755514305
170528.80095839317	1000.0	1583.0603530377882	0.0	0	0.0	2111.861311431334	1	0	1	1.1335741481150883
171266.7729089868	1000.0	1845.0884024441605	0.0	0	0.0	2111.861311431363	1	0	1	1.1335741481150858
172200.0	1000.0	1911.861311430963	0.0	0	38.882206551439594	2111.861311431363	1	0	1	1.1335741481150858
173200.0	1000.0	1911.8613114309685	0.0	0	78.87822104356019	2111.861311431334	1	0	1	1.1335741481150883
174413.55831375104	2000.0	1698.3029976799417	0.0	0	0.0	2111.861311431334	1	0	1	1.133574148115088
175369.1414087715	2000.0	1742.719902659475	0.0	0	0.0	2111.861311431363	1	0	1	1.8267213286750308
176533.1703131265	2000.0	1578.6909983045232	0.0	0	0.0	2111.861311431392	1	0	1	1.8267213286750286
177613.66799532133	2000.0	1498.1933161097174	0.0	0	0.0	2111.8613114314503	1	0	1	1.826721328675026
178770.1341808616	2000.0	1341.7271305694287	0.0	0	0.0	2111.861311431421	1	0	1	1.8267213286750263
180044.3161021078	2000.0	1067.5452093232368	0.0	0	0.0	2111.861311431421	1	0	1	1.8267213286750263
181844.4110060288	2000.0	267.4503054022548	0.0	0	0.0	2111.8613114314503	1	0	1	1.8267213286750241
182684.08440550487	1000.0	578.6661935542259	150.8892876280462	0	0.0	2262.75059905948	1	0	1	-0.4776810537556434
183183.92089685594	1000.0	1078.8297022031834	0.0	0	0.0	2262.750599059509	1	0	1	1.1208018525725763
183859.83554390457	2000.0	1402.915055154569	0.0	0	0.0	2262.75059905948	1	0	1	1.1208018525725787
184793.57805207715	2000.0	1469.1725469819803	0.0	0	0.0	2262.750599059451	1	0	1	1.8139490331325265
185799.56941988852	2000.0	1463.1811791706355	0.0	0	0.0	2262.750599059451	1	0	1	1.8139490331325265
186953.49186039405	2000.0	1309.2587386651098	0.0	0	0.0	2262.750599059451	1	0	1	1.8139490331325265
187875.86215530641	2000.0	1386.8884437527856	0.0	0	0.0	2262.75059905948	1	0	1	1.8139490331325239
189411.83817842073	2000.0	850.9124206384462	0.0	0	0.0	2262.75059905948	1	0	1	1.8139490331325239
189854.7706300212	1000.0	1407.979969037984	0.0	0	0.0	2262.750599059451	1	0	1	0.42765467201263624
190964.36024837793	2000.0	1298.3903506812744	0.0	0	0.0	2262.750599059451	1	0	1	1.1208018525725811
192780.9421742782	2000.0	481.8084247810028	0.0	0	0.0	2262.750599059451	1	0	1	1.8139490331325265
193550.48444138584	1000.0	712.2661576733385	0.0	0	0.0	2262.750599059451	1	0	1	0.42765467201263624
193942.29555703382	1000.0	1320.4550420253172	0.0	0	0.0	2262.750599059451	1	0	1	1.1208018525725814
195391.74006646287	2000.0	871.0105325962779	0.0	0	0.0	2262.750599059451	1	0	1	1.1208018525725811
195851.5685071895	1000.0	1411.182091869619	0.0	0	0.0	2262.750599059451	1	0	1	0.42765467201263624
196956.20323210247	2000.0	1306.5473669566697	0.0	0	0.0	2262.750599059451	1	0	1	1.1208018525725811
197841.82562240094	2000.0	1420.9249766581931	0.0	0	0.0	2262.750599059451	1	0	1	1.8139490331325279
198593.04725789276	2000.0	1669.7033411663513	0.0	0	0.0	2262.750599059451	1	0	1	1.8139490331325265
199244.98365631304	2000.0	2017.7669427460899	0.0	0	0.0	2262.750599059451	1	0	1	1.8139490331325265
200200.0	2000.0	2062.7505990591285	0.0	0	317.586468542635	2262.750599059451	1	0	1	1.8139490331325265
201200.0	2000.0	1962.7505990591271	0.0	0	286.69694284981233	2162.750599059451	1	0	2	1.4192966577382509
202357.43389193033	2000.0	1805.3167071288135	0.0	0	0.0	2162.750599059422	1	0	1	1.6226181565517215
203246.53970688616	2000.0	1916.21089217299	0.0	0	0.0	2162.750599059451	1	0	1	1.8226181565517194
204489.51572705165	2000.0	1673.2348720075101	0.0	0	0.0	2162.750599059451	1	0	1	1.8226181565517194
205967.92879003365	2000.0	1194.8218090254827	0.0	0	0.0	2162.750599059422	1	0	1	1.8226181565517217
207033.90747170112	2000.0	1128.843127357981	0.0	0	0.0	2162.7505990593927	1	0	1	1.822618156551724
207763.36062560303	2000.0	1399.389973456103	0.0	0	0.0	2162.750599059422	1	0	1	1.8226181565517217
208923.8759933326	2000.0	1238.8746057265544	0.0	0	0.0	2162.750599059422	1	0	1	1.8226181565517217
210057.0297527673	2000.0	1105.7208462918422	0.0	0	0.0	2162.7505990593927	1	0	1	1.822618156551723
211762.434271375	2000.0	400.3163276840987	0.0	0	0.0	2162.7505990593636	1	0	1	1.8226181565517245
212295.9372784995	1000.0	866.8133205595926	0.0	0	0.0	2162.7505990593636	1	0	1	0.4363237954318362
212853.35982629127	1000.0	1309.3907727678338	0.0	0	0.0	2162.7505990593636	1	0	1	1.1294709759917814
213663.53795986972	2000.0	1499.2126391893987	0.0	0	0.0	2162.7505990593636	1	0	1	1.1294709759917814
214391.70998456393	2000.0	1771.0406144951803	0.0	0	0.0	2162.7505990593636	1	0	1	1.8226181565517265
215200.0	2000.0	1962.750599059148	0.0	0	262.5916456528357	2162.7505990593636	1	0	1	1.8226181565517265
216200.0	2000.0	1962.7505990591258	0.0	0	147.1783670898585	2162.7505990593927	1	0	1	1.822618156551724
217200.0	2000.0	1962.7505990591226	0.0	0	139.72949201898882	2162.7505990593636	1	0	1	1.8226181565517265
218200.0	2000.0	1862.750599059112	0.0	0	124.34620475114207	2062.7505990593345	1	0	2	1.4280837416124919
219200.0	2000.0	1862.7505990591185	0.0	0	376.97932210113504	2062.7505990593345	1	0	1	1.6304955249854376
220200.0	2000.0	1862.7505990591135	0.0	0	126.55338468079572	2062.7505990593054	1	0	1	1.83049552498544
221200.0	2000.0	1862.7505990591403	0.0	0	266.17034694418544	2062.7505990593345	1	0	1	1.8304955249854382
222288.3072827741	2000.0	1774.4433162850692	0.0	0	0.0	2062.7505990593345	1	0	1	1.8304955249854378
223539.48656550396	2000.0	1523.2640335552242	0.0	0	0.0	2062.7505990593054	1	0	1	1.83049552498544
224216.1050923285	1000.0	1846.645506730696	0.0	0	0.0	2062.7505990593054	1	0	1	0.4442011638655496
225613.88448525162	2000.0	1448.866113807594	0.0	0	0.0	2062.7505990593054	1	0	1	1.1373483444254964
226727.210208275	2000.0	1335.5403907842106	0.0	0	0.0	2062.7505990592763	1	0	1	1.8304955249854422
227300.35979491382	2000.0	1762.3908041454106	0.0	0	0.0	2062.7505990592763	1	0	1	1.8304955249854422
228408.13121243092	2000.0	1654.6193866283268	0.0	0	0.0	2062.750599059247	1	0	1	1.8304955249854444
229212.8210602719	2000.0	1849.9295387873633	0.0	0	0.0	2062.7505990592763	1	0	1	1.8304955249854422
230200.0	2000.0	1862.7505990592606	0.0	0	139.50075899894	2062.750599059247	1	0	1	1.8304955249854444
231588.63567237346	2000.0	1474.1149266858133	0.0	0	0.0	2062.750599059247	1	0	1	1.8304955249854444
232436.95615192375	2000.0	1625.7944471355102	0.0	0	0.0	2062.750599059218	1	0	1	1.8304955249854462
233704.54421522663	2000.0	1358.2063838326542	0.0	0	0.0	2062.750599059247	1	0	1	1.8304955249854458
234674.11519196915	2000.0	1388.635407090104	0.0	0	0.0	2062.750599059218	1	0	1	1.8304955249854462
235825.78170339434	2000.0	1236.9688956649052	0.0	0	0.0	2062.750599059189	1	0	1	1.8304955249854475
236832.45736529236	2000.0	1230.2932337669135	0.0	0	0.0	2062.750599059189	1	0	1	1.8304955249854484
238443.31512469024	2000.0	619.4354743690288	0.0	0	0.0	2062.750599059189	1	0	1	1.8304955249854484
238999.0426084363	1000.0	1063.707990622947	0.0	0	0.0	2062.750599059189	1	0	1	0.4442011638655583
239632.52417311454	2000.0	1430.2264259447413	0.0	0	0.0	2062.750599059189	1	0	1	1.1373483444255033
240401.3655219268	2000.0	1661.38507713247	0.0	0	0.0	2062.750599059189	1	0	1	1.8304955249854484
241225.4500161283	2000.0	1837.300582930964	0.0	0	0.0	2062.750599059189	1	0	1	1.8304955249854484
242200.0	2000.0	1862.7505990592563	0.0	0	217.05558025636128	2062.75059905916	1	0	1	1.8304955249854507
243202.39675871463	2000.0	1860.3538403446287	0.0	0	0.0	2062.750599059189	1	0	1	1.8304955249854484
244357.68141612428	2000.0	1705.0691829349573	0.0	0	0.0	2062.750599059189	1	0	1	1.8304955249854484
245316.28466002218	2000.0	1746.4659390370696	0.0	0	0.0	2062.75059905916	1	0	1	1.8304955249854507
246308.0576905772	2000.0	1754.6929084820792	0.0	0	0.0	2062.750599059189	1	0	1	1.8304955249854484
247200.0	2000.0	1862.750599059246	0.0	0	32.4422460826172	2062.750599059189	1	0	1	1.8304955249854484
248482.8631555922	2000.0	1579.8874434670688	0.0	0	0.0	2062.750599059218	1	0	1	1.8304955249854462
249314.19235335005	2000.0	1748.5582457092373	0.0	0	0.0	2062.750599059218	1	0	1	1.8304955249854462
250200.0	2000.0	1862.7505990592779	0.0	0	284.44151402509306	2062.750599059218	1	0	1	1.8304955249854462
251317.8473933648	2000.0	1744.9032056944784	0.0	0	0.0	2062.750599059218	1	0	1	1.8304955249854462
252298.23339624942	2000.0	1764.517202809866	0.0	0	0.0	2062.750599059218	1	0	1	1.8304955249854462
253592.6972938536	2000.0	1470.0533052057078	0.0	0	0.0	2062.750599059218	1	0	1	1.8304955249854462
254200.0	2000.0	1862.7505990592924	0.0	0	203.9580928623327	2062.750599059189	1	0	1	1.8304955249854484
255200.0	2000.0	1862.750599059279	0.0	0	218.46768167003756	2062.750599059218	1	0	1	1.8304955249854462
256200.0	2000.0	1862.75059905925	0.0	0	286.09902182314545	2062.750599059189	1	0	1	1.830495524985448
257763.27006471602	2000.0	1143.1535278716058	0.0	0	0.0	1906.4235925875546	1	0	2	1.4380926987763138
258925.4336388566	2000.0	980.9899537310041	0.0	0	0.0	1906.4235925875546	1	0	1	1.6413871435547316
259806.91089848906	2000.0	1099.5126940985283	0.0	0	0.0	1906.4235925875255	1	0	1	1.8413871435547329
260613.15757156644	2000.0	1293.2660210211252	0.0	0	0.0	1906.4235925875255	1	0	1	1.8413871435547338
261846.63027451077	2000.0	1059.7933180768116	0.0	0	0.0	1906.4235925875546	1	0	1	1.8413871435547318
262710.9796686875	2000.0	1195.4439239001024	0.0	0	0.0	1906.4235925875837	1	0	1	1.8413871435547289
263576.12439036835	2000.0	1330.2992022192598	0.0	0	0.0	1906.4235925875255	1	0	1	1.8413871435547322
264972.1006806256	2000.0	934.3229119620075	0.0	0	0.0	1906.4235925875837	1	0	1	1.8413871435547315
265570.7173713035	1000.0	1335.7062212841975	0.0	0	0.0	1906.4235925875837	1	0	1	0.45509278243483975
266259.19661374704	1000.0	1647.2269788406038	0.0	0	0.0	1906.4235925875837	1	0	1	1.148239962994785
267200.0	2000.0	1706.4235925876253	0.0	0	1.4815906411968172	1906.4235925875837	1	0	1	1.1482399629947848
268200.0	2000.0	1706.4235925875878	0.0	0	413.2096087792888	1906.4235925875837	1	0	1	1.84138714355473
269727.3172831989	2000.0	1179.1063093887408	0.0	0	0.0	1906.4235925875837	1	0	1	1.84138714355473
270579.85463736526	2000.0	1326.5689552223826	0.0	0	0.0	1906.4235925875837	1	0	1	1.84138714355473
271333.2329725769	2000.0	1573.1906200108162	0.0	0	0.0	1906.4235925875837	1	0	1	1.84138714355473
272516.1293777188	2000.0	1390.2942148689285	0.0	0	0.0	1906.4235925875837	1	0	1	1.84138714355473
273269.0165690304	2000.0	1637.4070235572372	0.0	0	0.0	1906.4235925875837	1	0	1	1.84138714355473
274200.0	2000.0	1706.4235925876653	0.0	0	83.61396510183113	1906.4235925875837	1	0	1	1.84138714355473
275200.0	2000.0	1706.4235925876528	0.0	0	301.7350034004776	1906.4235925875255	1	0	1	1.8413871435547338
276226.1081711581	2000.0	1680.3154214295264	0.0	0	0.0	1906.4235925874673	1	0	1	1.8413871435547375
277200.0	2000.0	1706.4235925876394	0.0	0	131.18688074796228	1906.4235925874673	1	0	1	1.8413871435547375
278200.0	2000.0	1706.4235925876153	0.0	0	341.10688043083064	1906.423592587409	1	0	1	1.8413871435547413
279200.0	2000.0	1706.4235925875655	0.0	0	313.8548591986182	1906.423592587409	1	0	1	1.8413871435547413
280543.4202547881	2000.0	1363.0033377994487	0.0	0	0.0	1906.423592587409	1	0	1	1.8413871435547413
281574.9078062672	2000.0	1331.515786320381	0.0	0	0.0	1906.4235925873509	1	0	1	1.841387143554742
282236.21793312	2000.0	1670.2056594675914	0.0	0	0.0	1906.4235925873509	1	0	1	1.841387143554745
283200.0	2000.0	1706.4235925876008	0.0	0	1.3036556404549628	1906.4235925873509	1	0	1	1.841387143554745
284200.0	2000.0	1706.4235925876505	0.0	0	67.47807880537584	1906.423592587409	1	0	1	1.8413871435547413
285226.29761763307	2000.0	1680.125974954623	0.0	0	0.0	1906.423592587409	1	0	1	1.8413871435547413
286200.0	2000.0	1706.4235925876792	0.0	0	54.11677854793379	1906.4235925874673	1	0	1	1.8413871435547375
287200.0	2000.0	1706.4235925876849	0.0	0	407.75654187158216	1906.4235925874673	1	0	1	1.8413871435547375
288200.0	2000.0	1706.4235925876567	0.0	0	175.81304391188314	1906.4235925874673	1	0	1	1.8413871435547375
289200.0	2000.0	1706.423592587691	0.0	0	13.545892994792666	1906.4235925874673	1	0	1	1.8413871435547375
290731.4895128995	2000.0	1174.9340796882398	0.0	0	0.0	1906.4235925875255	1	0	1	1.8413871435547338
291622.0479471265	2000.0	1284.3756454611737	0.0	0	0.0	1906.4235925875255	1	0	1	1.8413871435547338
292324.63727519946	1000.0	1581.7863173881979	0.0	0	0.0	1906.4235925874673	1	0	1	0.4550927824348473
293200.0	1000.0	1706.4235925876396	0.0	0	203.10426354513038	1906.4235925875255	1	0	1	1.1482399629947886
294713.52210905653	2000.0	1192.901483531156	0.0	0	0.0	1906.4235925874673	1	0	1	1.1482399629947921
295709.13287870283	2000.0	1197.2907138848514	0.0	0	0.0	1906.4235925874673	1	0	1	1.8413871435547375
296397.9840925871	2000.0	1508.4395000006334	0.0	0	0.0	1906.4235925874673	1	0	1	1.8413871435547375
297221.799960507	2000.0	1684.6236320807016	0.0	0	0.0	1906.4235925875255	1	0	1	1.8413871435547338
298576.5736027691	2000.0	1329.8499898185414	0.0	0	0.0	1906.4235925874673	1	0	1	1.8413871435547344
299672.1365459276	2000.0	1234.2870466600302	0.0	0	0.0	1906.4235925874673	1	0	1	1.8413871435547375
300717.3089658003	2000.0	1189.1146267873755	0.0	0	0.0	1906.4235925874673	1	0	1	1.8413871435547375
2.2	3.22	3.46	1.89	1.86	1.67	1.66	1.48	1.6	2.12	2.99	2.72	2.37	2.75	1.81	1.71	1.02	0.97	1.27	1.07	1.66	1.96	2.92	1.38	2.18	2.34	1.93	1.95	1.29	1.46	2.12	3.05	2.8	2.18	2.05	1.54	1.63	2.28	1.67	1.33	1.36	1.97	1.45	1.86	2.03	2.0	3.56	3.22	1.6	1.51	2.42	2.14	1.67	1.99	3.13	2.0	2.32	1.86	1.41	1.61	2.17	2.54	3.09	2.71	2.5	2.87	2.72	2.84	2.44	1.77	1.23	1.91	1.33	2.27	3.0	1.82	2.39	2.55	0.88	2.47	1.78	2.24	2.04	2.88	1.45	1.7	2.47	2.81	3.12	2.92	1.9	2.5	2.97	2.02	3.13	1.34	2.35	3.22	1.98	2.25	1.95	3.93	3.04	2.81	1.24	1.54	2.35	2.18	2.09	2.43	1.99	1.11	1.46	1.51	2.55	3.04	1.19	1.75	2.4	2.24	2.18	2.73	1.96	2.11	2.54	2.85	2.22	1.25	2.0	3.07	2.2	2.54	2.27	2.29	3.19	2.13	1.37	1.39	1.75	1.39	1.32	1.02	2.39	2.86	2.49	1.77	2.27	2.42	2.07	2.27	2.2	3.22	3.46	1.89	1.86	1.67	1.66	1.48	1.6	2.12	2.99	2.72	2.37	2.75	1.81	1.71	1.02	0.97	1.27	1.07	1.66	1.96	2.92	1.38	2.18	2.34	1.93	1.95	1.29	1.46	2.12	3.05	2.8	2.18	2.05	1.54	1.63	2.28	1.67	1.33	1.36	1.97	1.45	1.86	2.03	2.0	3.56	3.22	1.6	1.51	2.42	2.14	1.67	1.99	3.13	2.0	2.32	1.86	1.41	1.61	2.17	2.54	3.09	2.71	2.5	2.87	2.72	2.84	2.44	1.77	1.23	1.91	1.33	2.27	3.0	1.82	2.39	2.55	0.88	2.47	1.78	2.24	2.04	2.88	1.45	1.7	2.47	2.81	3.12	2.92	1.9	2.5	2.97	2.02	3.13	1.34	2.35	3.22	1.98	2.25	1.95	3.93	3.04	2.81	1.24	1.54	2.35	2.18	2.09	2.43	1.99	1.11	1.46	1.51	2.55	3.04	1.19	1.75	2.4	2.24	2.18	2.73	1.96	2.11	2.54	2.85	2.22	1.25	2.0	3.07	2.2	2.54	2.27	2.29	3.19	2.13	1.37	1.39	1.75	1.39	1.32	1.02	2.39	2.86	2.49	1.77	2.27	2.42	2.07	2.27	2.2
1.0	2.0	3.0	4.0	5.0	6.0	7.0	8.0	9.0	10.0	11.0	12.0	13.0	14.0	15.0	16.0	17.0	18.0	19.0	20.0	21.0	22.0	23.0	24.0	25.0	26.0	27.0	28.0	29.0	30.0	31.0	32.0	33.0	34.0	35.0	36.0	37.0	38.0	39.0	40.0	41.0	42.0	43.0	44.0	45.0	46.0	47.0	48.0	49.0	50.0	51.0	52.0	53.0	54.0	55.0	56.0	57.0	58.0	59.0	60.0	61.0	62.0	63.0	64.0	65.0	66.0	67.0	68.0	69.0	70.0	71.0	72.0	73.0	74.0	75.0	76.0	77.0	78.0	79.0	80.0	81.0	82.0	83.0	84.0	85.0	86.0	87.0	88.0	89.0	90.0	91.0	92.0	93.0	94.0	95.0	96.0	97.0	98.0	99.0	100.0	101.0	102.0	103.0	104.0	105.0	106.0	107.0	108.0	109.0	110.0	111.0	112.0	113.0	114.0	115.0	116.0	117.0	118.0	119.0	120.0	121.0	122.0	123.0	124.0	125.0	126.0	127.0	128.0	129.0	130.0	131.0	132.0	133.0	134.0	135.0	136.0	137.0	138.0	139.0	140.0	141.0	142.0	143.0	144.0	145.0	146.0	147.0	148.0	149.0	149.0	150.0	151.0	152.0	153.0	154.0	155.0	156.0	157.0	158.0	159.0	160.0	161.0	162.0	163.0	164.0	165.0	166.0	167.0	168.0	169.0	170.0	171.0	172.0	173.0	174.0	175.0	176.0	177.0	178.0	179.0	180.0	181.0	182.0	183.0	184.0	185.0	186.0	187.0	188.0	189.0	190.0	191.0	192.0	193.0	194.0	195.0	196.0	197.0	198.0	199.0	200.0	201.0	202.0	203.0	204.0	205.0	206.0	207.0	208.0	209.0	210.0	211.0	212.0	213.0	214.0	215.0	216.0	217.0	218.0	219.0	220.0	221.0	222.0	223.0	224.0	225.0	226.0	227.0	228.0	229.0	230.0	231.0	232.0	233.0	234.0	235.0	236.0	237.0	238.0	239.0	240.0	241.0	242.0	243.0	244.0	245.0	246.0	247.0	248.0	249.0	250.0	251.0	252.0	253.0	254.0	255.0	256.0	257.0	258.0	259.0	260.0	261.0	262.0	263.0	264.0	265.0	266.0	267.0	268.0	269.0	270.0	271.0	272.0	273.0	274.0	275.0	276.0	277.0	278.0	279.0	280.0	281.0	282.0	283.0	284.0	285.0	286.0	287.0	288.0	289.0	290.0	291.0	292.0	293.0	294.0	295.0	296.0	297.0	298.0	298.0	299.0
3558.0205759885685
