3743.6150768589764	300.0	2000.0	116.49426848836056	0	0.0	3743.6150768589764	1	0	1	-1.0601702751759412
4544.226775336126	2000.0	2199.388301522851	0.0	0	0.0	3743.615076858977	1	0	1	-0.3693100501776402
5649.295325317471	3000.0	1983.8128965433718	0.0	0	0.0	3633.1082218608426	1	0	2	1.1551314288311079
6502.759844156771	3000.0	2045.0019258201417	0.0	0	0.0	3547.7617699769125	1	0	2	1.7891856514477031
6893.0281984554795	3000.0	2615.7067360915617	0.0	0	0.0	3508.7349345470416	1	0	2	1.8039488427854893
7474.603329855091	3000.0	2975.9740915519887	0.0	0	0.0	3450.5774214070802	1	0	2	1.818757628508708
8200.0	3000.0	3178.0377543925883	0.0	0	119.53044713406598	3378.037754392589	1	0	2	1.8353512691684626
9744.481272370916	6000.0	2633.5564820216728	0.0	0	0.0	3378.0377543925897	1	0	1	1.8415224935979846
10314.2636999214	3000.0	3006.795811716139	0.0	0	0.0	3321.059511637538	1	0	2	0.9589942570904659
11616.215368831754	6000.0	2704.8441428057845	0.0	0	0.0	3321.059511637539	1	0	1	1.8555654810121218
13316.214574083042	6000.0	2004.8449375544963	0.0	0	0.0	3321.059511637539	1	0	1	2.7487126615720667
13953.993922168676	3000.0	2303.287654660299	0.0	0	0.0	3257.281576828973	1	0	2	0.9736497430433835
14770.676511873833	3000.0	2404.936805984628	0.0	0	0.0	3175.6133178584605	1	0	2	1.8834888306264945
15579.647349317891	3000.0	2515.0688847961624	0.0	0	0.0	3094.716234114054	1	0	2	1.9010985488895757
16298.186441293787	3000.0	2724.675883622675	0.0	0	0.0	3022.862324916461	1	0	2	1.9151264757145463
17255.82122640702	6000.0	2767.0410985094404	0.0	0	0.0	3022.8623249164593	1	0	1	1.9185977089193123
18815.038454116453	6000.0	2207.8238708000063	0.0	0	0.0	3022.8623249164593	1	0	1	2.811744889479258
19665.6041902269	3000.0	2272.2015610785156	0.0	0	0.0	2937.8057513054155	1	0	2	1.036723755095932
20507.477577872764	3000.0	2346.1408346680632	0.0	0	0.0	2853.6184125408217	1	0	2	1.9441381551381984
21200.0	3000.0	2584.3661703281014	0.0	0	103.19617590022972	2784.3661703280923	1	0	2	1.9547433343042064
22511.67542260222	6000.0	2272.69074772588	0.0	0	0.0	2784.3661703280923	1	0	1	1.9581491284263794
23514.98960757445	6000.0	2269.3765627536523	0.0	0	0.0	2784.3661703280923	1	0	1	2.8512963089863246
24700.875296758604	6000.0	2083.4908735695017	0.0	0	0.0	2784.3661703280923	1	0	1	2.8512963089863246
25539.191765186588	6000.0	2245.1744051415176	0.0	0	0.0	2784.3661703280886	1	0	1	2.851296308986325
27429.664274606963	6000.0	1354.7018957211399	0.0	0	0.0	2784.3661703280886	1	0	1	2.851296308986325
27826.947827889075	2000.0	1917.6899871108176	0.0	0	0.0	2744.6378149998745	1	0	2	0.2584664079281049
28334.553011678483	3000.0	2359.324284942471	0.0	0	0.0	2693.8772966209362	1	0	2	1.5637957363723478
29200.0	3000.0	2407.332597788803	0.0	0	297.2185527858783	2607.33259778878	1	0	2	1.9780129686717625
30200.0	3000.0	2307.3325977888067	0.0	0	227.4172298741796	2507.3325977887835	1	0	2	1.9903540921017226
31495.16850449955	6000.0	2012.1640932892537	0.0	0	0.0	2507.3325977887835	1	0	1	1.9943892377893917
32200.0	3000.0	2236.849448238755	0.0	0	244.7953613713289	2436.8494482387287	1	0	2	1.105853648205978
33251.1720343678	6000.0	2185.677413870953	0.0	0	0.0	2436.849448238725	1	0	1	2.0022042377371827
34200.0	6000.0	2236.849448238755	0.0	0	5.579304003360448	2436.8494482387287	1	0	1	2.8953514182971283
35824.84195715213	6000.0	1612.0074910866267	0.0	0	0.0	2436.849448238725	1	0	1	2.8953514182971283
36716.547884581945	3000.0	1631.1309709138309	0.0	0	0.0	2347.678855495753	1	0	2	1.1155897754837194
37628.50315364653	2000.0	1719.1757018492385	0.0	0	0.0	2347.678855495753	1	0	1	1.200443549216384
38293.721557980534	2000.0	1987.4354570818396	0.0	0	0.0	2281.1570150623593	1	0	2	1.410766468372269
39200.0	3000.0	1990.5291708604245	0.0	0	132.54689320156467	2190.52917086042	1	0	2	1.6179192900841208
40200.0	3000.0	1890.5291708604211	0.0	0	301.01008940532483	2090.5291708604127	1	0	2	2.0310186720612258
41290.9914551079	3000.0	1690.438570241736	0.0	0	0.0	1981.430025349633	1	0	2	2.0395880262678228
42200.0	3000.0	1690.5291708604238	0.0	0	54.88084718333266	1890.52917086042	1	0	2	2.0463145760468358
43676.7318562048	6000.0	1213.7973146556164	0.0	0	0.0	1890.52917086042	1	0	1	2.0478703376859473
44398.56686313071	3000.0	1491.9623077297088	0.0	0	0.0	1890.5291708604273	1	0	1	1.5547231571260025
45200.0	2000.0	1690.5291708604286	0.0	0	289.48878492989024	1890.5291708604273	1	0	1	1.436940121469618
46200.0	2000.0	1690.5291708604286	0.0	0	511.5959294838103	1890.5291708604273	1	0	1	1.8424052295777826
47200.0	3000.0	1590.529170860425	0.0	0	461.47571746875474	1790.5291708604273	1	0	2	1.4462165164157865
48200.0	6000.0	1590.529170860434	0.0	0	88.79302405770432	1790.5291708604345	1	0	1	2.0539283527586965
49200.0	6000.0	1590.529170860441	0.0	0	20.093592984347197	1790.5291708604345	1	0	1	2.9470755333186416
50470.76696469872	6000.0	1319.7622061617283	0.0	0	0.0	1790.5291708604345	1	0	1	2.9470755333186416
51603.782680242395	6000.0	1186.7464906180517	0.0	0	0.0	1790.5291708604273	1	0	1	2.947075533318642
52200.0	3000.0	1590.5291708604466	0.0	0	79.7761189887533	1790.5291708604273	1	0	1	1.5607811721987521
53200.0	6000.0	1590.529170860444	0.0	0	70.43230373685219	1790.5291708604273	1	0	1	2.253928352758697
55103.32623620996	6000.0	687.2029346504792	0.0	0	0.0	1790.5291708604273	1	0	1	2.947075533318642
55710.31492575376	2000.0	1080.2142451066834	0.0	0	0.0	1790.5291708604273	1	0	1	0.7498509559824227
56502.52124328057	2000.0	1288.007927579869	0.0	0	0.0	1790.5291708604273	1	0	1	1.8484632446505322
57200.0	2000.0	1590.5291708604304	0.0	0	81.1158669645738	1790.5291708604273	1	0	1	1.8484632446505322
58200.0	3000.0	1590.5291708604277	0.0	0	403.8859536708187	1790.5291708604345	1	0	1	1.848463244650532
59200.0	6000.0	1590.5291708604348	0.0	0	207.33804318035254	1790.5291708604345	1	0	1	2.2539283527586966
60466.39195890468	6000.0	1324.1372119557573	0.0	0	0.0	1790.5291708604345	1	0	1	2.9470755333186416
62338.040039744934	6000.0	452.4891311154988	0.0	0	0.0	1790.5291708604418	1	0	1	2.947075533318641
62865.15282614919	2000.0	925.3763447112404	0.0	0	0.0	1790.5291708604418	1	0	1	0.7498509559824218
63442.136179310095	2000.0	1348.392991550339	0.0	0	0.0	1790.5291708604345	1	0	1	1.848463244650532
64200.0	2000.0	1590.5291708604343	0.0	0	476.554169922616	1790.5291708604345	1	0	1	1.848463244650532
65200.0	3000.0	1590.529170860434	0.0	0	504.366991841649	1790.5291708604345	1	0	1	1.848463244650532
66200.0	6000.0	1590.5291708604277	0.0	0	44.12326686392771	1790.5291708604273	1	0	1	2.2539283527586966
67200.0	6000.0	1590.529170860433	0.0	0	265.5965287110739	1790.5291708604273	1	0	1	2.947075533318642
68200.0	6000.0	1590.5291708604448	0.0	0	250.62464573293983	1790.5291708604345	1	0	1	2.9470755333186416
69546.08140641298	6000.0	1244.4477644474584	0.0	0	0.0	1790.5291708604345	1	0	1	2.9470755333186416
70200.0	2000.0	1590.5291708604454	0.0	0	96.14701523722033	1790.5291708604345	1	0	1	0.7498509559824224
71200.0	3000.0	1590.5291708604564	0.0	0	359.09797818209336	1790.52917086042	1	0	1	1.848463244650533
72200.0	2000.0	1590.5291708604705	0.0	0	393.3902989053313	1790.52917086042	1	0	1	1.4429981365423683
73200.0	2000.0	1590.5291708604684	0.0	0	201.5298875955632	1790.52917086042	1	0	1	1.848463244650533
74200.0	3000.0	1590.5291708604507	0.0	0	370.80166235376964	1790.52917086042	1	0	1	1.848463244650533
75200.0	6000.0	1590.5291708604545	0.0	0	248.85954493777535	1790.52917086042	1	0	1	2.253928352758697
76200.0	6000.0	1590.529170860465	0.0	0	117.86668046878185	1790.52917086042	1	0	1	2.947075533318642
77992.68531366737	6000.0	797.843857193071	0.0	0	0.0	1790.52917086042	1	0	1	2.947075533318642
78621.98669030741	2000.0	1168.5424805530365	0.0	0	0.0	1790.52917086042	1	0	1	0.7498509559824231
79200.0	2000.0	1590.5291708604595	0.0	0	140.32669339340646	1790.52917086042	1	0	1	1.848463244650533
80200.0	2000.0	1590.5291708604616	0.0	0	546.9640044298721	1790.52917086042	1	0	1	1.848463244650533
81200.0	2000.0	1590.5291708604475	0.0	0	369.2849499473523	1790.52917086042	1	0	1	1.848463244650533
82200.0	3000.0	1590.529170860451	0.0	0	325.6372548650543	1790.52917086042	1	0	1	1.848463244650533
83200.0	3000.0	1590.5291708604425	0.0	0	459.1388415910915	1790.52917086042	1	0	1	2.2539283527586975
84306.03084365033	6000.0	1484.4983272101051	0.0	0	0.0	1790.5291708604054	1	0	1	2.2539283527586984
85321.40514894934	6000.0	1469.124021911082	0.0	0	0.0	1790.5291708604054	1	0	1	2.9470755333186434
86257.43161421319	3000.0	1533.0975566472503	0.0	0	0.0	1790.5291708604054	1	0	1	1.5607811721987535
87200.0	3000.0	1590.5291708604207	0.0	0	283.89988129617996	1790.5291708603909	1	0	1	2.2539283527586993
88200.0	2000.0	1590.5291708603947	0.0	0	549.5779828109953	1790.5291708603909	1	0	1	1.4429981365423699
89200.0	3000.0	1590.5291708603997	0.0	0	205.37074472586391	1790.5291708603909	1	0	1	1.8484632446505347
90200.0	3000.0	1590.5291708603895	0.0	0	315.226825520047	1790.5291708603909	1	0	1	2.2539283527586993
91200.0	6000.0	1590.5291708603845	0.0	0	42.92325822284329	1790.5291708603909	1	0	1	2.253928352758699
92510.98419739534	6000.0	1279.544973465034	0.0	0	0.0	1790.5291708603909	1	0	1	2.947075533318644
93510.65817081451	3000.0	1279.871000045894	0.0	0	0.0	1790.5291708604054	1	0	1	1.5607811721987535
94200.0	2000.0	1590.5291708604007	0.0	0	139.04887060436886	1790.5291708604054	1	0	1	1.442998136542369
95200.0	3000.0	1590.5291708604207	0.0	0	215.31286693124275	1790.5291708604054	1	0	1	1.8484632446505338
96200.0	2000.0	1590.529170860416	0.0	0	407.13369885634165	1790.5291708604054	1	0	1	1.442998136542369
97200.0	3000.0	1590.5291708604052	0.0	0	106.65770881334902	1790.5291708604054	1	0	1	1.8484632446505338
98200.0	3000.0	1590.5291708603995	0.0	0	200.0066087358864	1790.5291708604054	1	0	1	2.2539283527586984
99200.0	3000.0	1590.529170860396	0.0	0	199.11012008257967	1790.5291708604054	1	0	1	2.2539283527586984
100287.3571297068	6000.0	1503.172041153601	0.0	0	0.0	1790.5291708604054	1	0	1	2.2539283527586984
101200.0	3000.0	1590.5291708604095	0.0	0	142.23057001945563	1790.5291708604054	1	0	1	1.5607811721987535
102658.31329288991	6000.0	1132.2158779705014	0.0	0	0.0	1790.5291708604054	1	0	1	2.2539283527586984
103200.0	2000.0	1590.5291708604082	0.0	0	73.51398403926578	1790.5291708603909	1	0	1	0.7498509559824248
104200.0	2000.0	1590.5291708604045	0.0	0	389.1547176001768	1790.5291708603909	1	0	1	1.8484632446505345
105200.0	3000.0	1590.529170860409	0.0	0	365.3405535396014	1790.5291708603909	1	0	1	1.8484632446505347
106200.0	6000.0	1590.5291708604093	0.0	0	243.55475759421824	1790.5291708603909	1	0	1	2.253928352758699
107361.89525594443	6000.0	1428.6339149159949	0.0	0	0.0	1790.52917086042	1	0	1	2.9470755333186425
108762.51068376563	6000.0	1028.018487094796	0.0	0	0.0	1790.5291708604345	1	0	1	2.9470755333186416
109251.26675983978	2000.0	1539.2624110206589	0.0	0	0.0	1790.5291708604345	1	0	1	0.7498509559824224
110200.0	2000.0	1590.5291708604295	0.0	0	358.85919378981635	1790.5291708604345	1	0	1	1.848463244650532
111754.13277135434	6000.0	1036.3963995060876	0.0	0	0.0	1790.5291708604345	1	0	1	1.848463244650532
112200.0	2000.0	1590.529170860429	0.0	0	27.523078118363628	1790.5291708604345	1	0	1	0.7498509559824224
113200.0	3000.0	1590.5291708604366	0.0	0	453.9308632777247	1790.5291708604345	1	0	1	1.848463244650532
114200.0	2000.0	1590.5291708604195	0.0	0	494.54798284625576	1790.5291708604345	1	0	1	1.4429981365423674
115200.0	3000.0	1590.5291708604227	0.0	0	306.1792960354069	1790.5291708604345	1	0	1	1.848463244650532
116200.0	3000.0	1590.5291708604072	0.0	0	215.06242832681164	1790.5291708604345	1	0	1	2.2539283527586966
117200.0	3000.0	1590.5291708604054	0.0	0	273.6539177426748	1790.5291708604345	1	0	1	2.2539283527586966
118200.0	3000.0	1590.5291708603947	0.0	0	325.5342381060327	1790.52917086042	1	0	1	2.2539283527586975
119200.0	6000.0	1590.5291708603988	0.0	0	295.59339211598854	1790.52917086042	1	0	1	2.253928352758697
120200.0	6000.0	1590.529170860404	0.0	0	208.61920837940124	1790.5291708604054	1	0	1	2.9470755333186434
121200.0	6000.0	1590.5291708604077	0.0	0	210.24314757846878	1790.5291708604054	1	0	1	2.9470755333186434
122200.0	6000.0	1590.5291708604072	0.0	0	249.22952817368787	1790.52917086042	1	0	1	2.947075533318642
123200.0	6000.0	1590.5291708604195	0.0	0	7.889276351386798	1790.52917086042	1	0	1	2.947075533318642
124200.0	6000.0	1590.5291708604254	0.0	0	11.825814831070602	1790.5291708604345	1	0	1	2.9470755333186416
125435.35316559968	6000.0	1355.1760052607417	0.0	0	0.0	1790.5291708604345	1	0	1	2.9470755333186416
126896.49251126211	6000.0	894.0366595983131	0.0	0	0.0	1790.5291708604345	1	0	1	2.9470755333186416
127234.5873619035	2000.0	1555.9418089569303	0.0	0	0.0	1790.5291708604345	1	0	1	0.7498509559824224
128200.0	3000.0	1590.5291708604293	0.0	0	425.51448657886067	1790.5291708604345	1	0	1	1.848463244650532
129200.0	3000.0	1590.5291708604373	0.0	0	457.5137326247059	1790.5291708604345	1	0	1	2.2539283527586966
130200.0	3000.0	1590.529170860426	0.0	0	393.1549215222185	1790.5291708604345	1	0	1	2.2539283527586966
131200.0	6000.0	1590.52917086043	0.0	0	89.90058534251875	1790.529170860449	1	0	1	2.253928352758696
132726.20966467663	6000.0	1064.3195061837946	0.0	0	0.0	1790.5291708604345	1	0	1	2.9470755333186407
133348.70374499215	3000.0	1441.8254258682696	0.0	0	0.0	1790.529170860449	1	0	1	1.560781172198751
134200.0	3000.0	1590.5291708604318	0.0	0	364.5079503757588	1790.529170860449	1	0	1	2.2539283527586957
135200.0	6000.0	1590.5291708604104	0.0	0	253.065298833797	1790.529170860449	1	0	1	2.2539283527586953
136421.79936418345	6000.0	1368.7298066769843	0.0	0	0.0	1790.529170860449	1	0	1	2.9470755333186407
138005.87457860488	6000.0	784.654592255594	0.0	0	0.0	1790.5291708604782	1	0	1	2.947075533318639
138383.3417586531	2000.0	1407.187412207364	0.0	0	0.0	1790.529170860449	1	0	1	0.7498509559824215
139200.0	2000.0	1590.5291708604834	0.0	0	195.58701063744957	1790.529170860449	1	0	1	1.8484632446505311
140227.2199073126	3000.0	1563.3092635479002	0.0	0	0.0	1790.52917086042	1	0	1	1.848463244650533
141439.43665624922	6000.0	1351.0925146112497	0.0	0	0.0	1790.52917086042	1	0	1	2.253928352758697
142424.09478478483	3000.0	1366.434386075652	0.0	0	0.0	1790.5291708603909	1	0	1	1.5607811721987543
143200.0	2000.0	1590.5291708604677	0.0	0	259.5372791303671	1790.5291708603909	1	0	1	1.4429981365423699
144200.0	3000.0	1590.52917086047	0.0	0	173.7457404101151	1790.5291708603909	1	0	1	1.8484632446505347
145200.0	3000.0	1590.5291708604652	0.0	0	250.65161995816743	1790.5291708603909	1	0	1	2.2539283527586993
146200.0	3000.0	1590.5291708604452	0.0	0	324.9667071888107	1790.5291708603909	1	0	1	2.2539283527586993
147200.0	3000.0	1590.5291708604238	0.0	0	514.5795333106071	1790.5291708603909	1	0	1	2.2539283527586993
148200.0	6000.0	1590.5291708604009	0.0	0	27.459245637786807	1790.5291708603909	1	0	1	2.253928352758699
149200.0	6000.0	1590.529170860429	0.0	0	165.24936032362166	1790.5291708603909	1	0	1	2.947075533318644
150457.99855026772	6000.0	1332.5306205926947	0.0	0	0.0	1790.5291708603618	1	0	1	2.947075533318645
151200.0	3000.0	1590.5291708603886	0.0	0	105.74058478229563	1790.5291708603618	1	0	1	1.560781172198756
152421.28954928642	6000.0	1369.239621573992	0.0	0	0.0	1790.5291708603618	1	0	1	2.2539283527587006
153542.49844015078	3000.0	1248.0307307096073	0.0	0	0.0	1790.5291708603618	1	0	1	1.560781172198756
154200.0	2000.0	1590.5291708604022	0.0	0	84.23193414128036	1790.5291708603909	1	0	1	1.4429981365423699
155200.0	2000.0	1590.5291708604168	0.0	0	557.9771435754956	1790.5291708603909	1	0	1	1.8484632446505345
156200.0	2000.0	1590.5291708604022	0.0	0	562.9667424641375	1790.5291708603909	1	0	1	1.8484632446505345
157200.0	6000.0	1590.5291708603888	0.0	0	130.08077880443307	1790.5291708603909	1	0	1	1.8484632446505342
158200.0	6000.0	1590.5291708603813	0.0	0	54.076015687169274	1790.5291708603909	1	0	1	2.947075533318644
159475.83403500073	6000.0	1314.6951358596443	0.0	0	0.0	1790.5291708603909	1	0	1	2.947075533318644
160869.7651785988	6000.0	920.7639922615591	0.0	0	0.0	1790.5291708603909	1	0	1	2.947075533318644
161574.83169803018	2000.0	1215.6974728301866	0.0	0	0.0	1790.5291708603909	1	0	1	0.7498509559824248
162200.0	2000.0	1590.5291708603745	0.0	0	171.86522057882394	1790.5291708603909	1	0	1	1.8484632446505345
163762.62232805355	6000.0	1027.9068428068306	0.0	0	0.0	1790.5291708603618	1	0	1	1.8484632446505347
164558.04623520176	2000.0	1232.4829356586442	0.0	0	0.0	1790.5291708603618	1	0	1	0.7498509559824265
165200.0	2000.0	1590.529170860414	0.0	0	198.2863284315972	1790.5291708603909	1	0	1	1.8484632446505345
166654.00340292085	6000.0	1136.5257679395806	0.0	0	0.0	1790.52917086042	1	0	1	1.8484632446505325
167240.36245116714	3000.0	1550.1667196932542	0.0	0	0.0	1790.5291708603909	1	0	1	1.5607811721987543
168595.020485146	6000.0	1195.5086857143938	0.0	0	0.0	1790.5291708603618	1	0	1	2.2539283527586993
169275.14005463145	2000.0	1515.3891162289556	0.0	0	0.0	1790.5291708603618	1	0	1	0.7498509559824265
170200.0	2000.0	1590.5291708604327	0.0	0	326.6958980165946	1790.5291708603618	1	0	1	1.848463244650536
171200.0	6000.0	1590.5291708604416	0.0	0	135.40875672842958	1790.5291708603618	1	0	1	1.848463244650536
172200.0	6000.0	1590.5291708604432	0.0	0	153.22737973672338	1790.5291708603618	1	0	1	2.9470755333186456
173368.77520522193	6000.0	1421.7539656385031	0.0	0	0.0	1790.5291708603618	1	0	1	2.9470755333186456
174723.92486404482	6000.0	1066.60430681561	0.0	0	0.0	1790.5291708603909	1	0	1	2.947075533318645
175473.6051650835	2000.0	1316.9240057768957	0.0	0	0.0	1790.5291708603909	1	0	1	0.7498509559824248
176200.0	2000.0	1590.5291708604177	0.0	0	92.56733926211018	1790.5291708603909	1	0	1	1.8484632446505345
177200.0	3000.0	1590.529170860381	0.0	0	383.24557093481417	1790.5291708603909	1	0	1	1.8484632446505347
178250.6704202393	6000.0	1539.8587506210547	0.0	0	0.0	1790.5291708603909	1	0	1	2.253928352758699
179200.0	3000.0	1590.5291708603604	0.0	0	451.86963263197686	1790.5291708603909	1	0	1	1.5607811721987543
180665.47731035095	6000.0	1125.0518605094185	0.0	0	0.0	1790.52917086042	1	0	1	2.253928352758697
181669.91899322532	6000.0	1120.6101776350297	0.0	0	0.0	1790.5291708603909	1	0	1	2.947075533318644
182386.8478970738	3000.0	1403.6812737865546	0.0	0	0.0	1790.52917086042	1	0	1	1.5607811721987526
183234.1369542827	6000.0	1556.3922165776835	0.0	0	0.0	1790.5291708603909	1	0	1	2.253928352758699
184432.34169061086	6000.0	1358.1874802494951	0.0	0	0.0	1790.5291708603618	1	0	1	2.9470755333186456
185250.11643864296	3000.0	1540.4127322174047	0.0	0	0.0	1790.5291708603618	1	0	1	1.560781172198756
187250.90279266916	6000.0	539.6263781912064	0.0	0	0.0	1790.5291708603618	1	0	1	2.2539283527587006
187790.32306449141	2000.0	1000.2061063689342	0.0	0	0.0	1790.5291708603618	1	0	1	0.7498509559824265
188499.77153199445	2000.0	1290.7576388658983	0.0	0	0.0	1790.5291708603618	1	0	1	1.848463244650536
189200.0	2000.0	1590.5291708603484	0.0	0	337.5093294351245	1790.5291708603618	1	0	1	1.848463244650536
190235.16836724247	3000.0	1555.360803617902	0.0	0	0.0	1790.5291708603618	1	0	1	1.8484632446505362
191200.0	2000.0	1590.5291708603856	0.0	0	446.4884665745776	1790.5291708603909	1	0	1	1.4429981365423699
192200.0	3000.0	1590.5291708603736	0.0	0	306.8707595053711	1790.5291708603909	1	0	1	1.8484632446505347
193979.85576318242	6000.0	810.6734076779528	0.0	0	0.0	1790.5291708603909	1	0	1	2.253928352758699
194576.18148075423	2000.0	1214.347690106149	0.0	0	0.0	1790.5291708603909	1	0	1	0.7498509559824248
195200.0	2000.0	1590.5291708603872	0.0	0	118.82960908071254	1790.5291708603909	1	0	1	1.8484632446505345
196200.0	6000.0	1590.529170860362	0.0	0	83.42011991233448	1790.5291708603909	1	0	1	1.8484632446505342
197200.0	6000.0	1590.52917086038	0.0	0	181.35469166436815	1790.5291708603909	1	0	1	2.947075533318644
198200.0	6000.0	1590.5291708603936	0.0	0	232.73502502025804	1790.5291708603909	1	0	1	2.947075533318644
199200.0	6000.0	1590.5291708604173	0.0	0	166.1744331960217	1790.5291708603909	1	0	1	2.947075533318644
200773.17055631866	6000.0	1017.3586145417363	0.0	0	0.0	1790.52917086042	1	0	1	2.947075533318642
201367.48757307103	3000.0	1423.041597789364	0.0	0	0.0	1790.52917086042	1	0	1	1.5607811721987526
202268.5170423364	6000.0	1522.0121285240077	0.0	0	0.0	1790.52917086042	1	0	1	2.253928352758697
203835.93335510825	6000.0	954.5958157521293	0.0	0	0.0	1790.52917086042	1	0	1	2.947075533318642
204472.45932706897	2000.0	1318.0698437914496	0.0	0	0.0	1790.52917086042	1	0	1	0.7498509559824231
205200.0	2000.0	1590.5291708604068	0.0	0	103.45252635190263	1790.52917086042	1	0	1	1.848463244650533
206200.0	2000.0	1590.529170860376	0.0	0	474.7976124135603	1790.52917086042	1	0	1	1.848463244650533
207200.0	2000.0	1590.5291708603859	0.0	0	489.97637034210493	1790.52917086042	1	0	1	1.848463244650533
208200.0	6000.0	1590.5291708603881	0.0	0	53.779322906862944	1790.52917086042	1	0	1	1.8484632446505325
209200.0	6000.0	1590.5291708603772	0.0	0	291.50803241084213	1790.52917086042	1	0	1	2.947075533318642
210785.6182656289	6000.0	1004.9109052314578	0.0	0	0.0	1790.52917086042	1	0	1	2.947075533318642
211251.02967438492	2000.0	1539.499496475481	0.0	0	0.0	1790.5291708603909	1	0	1	0.7498509559824248
212200.0	2000.0	1590.5291708604402	0.0	0	370.6996587694448	1790.5291708603909	1	0	1	1.8484632446505345
213200.0	3000.0	1590.5291708604266	0.0	0	359.8611336972681	1790.5291708603909	1	0	1	1.8484632446505347
214200.0	6000.0	1590.5291708604166	0.0	0	250.88067743126885	1790.5291708603909	1	0	1	2.253928352758699
215200.0	6000.0	1590.5291708604345	0.0	0	102.84244359636796	1790.5291708603909	1	0	1	2.947075533318644
216200.0	6000.0	1590.529170860425	0.0	0	106.29365120350849	1790.5291708603909	1	0	1	2.947075533318644
217290.32899432172	6000.0	1500.2001765386879	0.0	0	0.0	1790.5291708603618	1	0	1	2.9470755333186456
218718.10821778385	6000.0	1072.420953076546	0.0	0	0.0	1790.5291708603909	1	0	1	2.947075533318644
219395.2482361765	2000.0	1395.2809346838935	0.0	0	0.0	1790.5291708603909	1	0	1	0.7498509559824248
220200.0	2000.0	1590.5291708604018	0.0	0	171.88338276190916	1790.5291708603909	1	0	1	1.8484632446505345
221200.0	3000.0	1590.529170860399	0.0	0	199.69547194763436	1790.5291708603909	1	0	1	1.8484632446505347
222200.0	2000.0	1590.5291708604188	0.0	0	359.6854493866558	1790.5291708603909	1	0	1	1.4429981365423699
223200.0	3000.0	1590.5291708604304	0.0	0	190.07757614867296	1790.5291708603909	1	0	1	1.8484632446505347
224200.0	6000.0	1590.5291708604605	0.0	0	173.39187065864098	1790.5291708603909	1	0	1	2.253928352758699
225200.0	6000.0	1590.5291708604411	0.0	0	13.295036786381388	1790.52917086042	1	0	1	2.947075533318642
227093.5424000409	6000.0	696.9867708195363	0.0	0	0.0	1790.529170860449	1	0	1	2.9470755333186416
227779.8478831382	2000.0	1010.6812877222541	0.0	0	0.0	1790.52917086042	1	0	1	0.7498509559824231
228200.0	2000.0	1590.5291708604318	0.0	0	20.848986701661488	1790.52917086042	1	0	1	1.848463244650533
229200.0	2000.0	1590.52917086045	0.0	0	476.26584327511955	1790.529170860449	1	0	1	1.8484632446505311
230200.0	2000.0	1590.5291708604354	0.0	0	402.1041865363077	1790.529170860449	1	0	1	1.8484632446505311
231200.0	3000.0	1590.5291708604086	0.0	0	224.92830503973528	1790.529170860449	1	0	1	1.8484632446505314
232200.0	3000.0	1590.5291708604211	0.0	0	140.24992116633803	1790.52917086042	1	0	1	2.2539283527586975
233615.068855703	6000.0	1175.4603151574502	0.0	0	0.0	1790.52917086042	1	0	1	2.253928352758697
234311.57318326563	3000.0	1478.955987594803	0.0	0	0.0	1790.52917086042	1	0	1	1.5607811721987526
235200.0	3000.0	1590.5291708604345	0.0	0	150.64455015186104	1790.52917086042	1	0	1	2.2539283527586975
237024.34777594823	6000.0	766.181394912212	0.0	0	0.0	1790.52917086042	1	0	1	2.253928352758698
237444.0877973716	2000.0	1346.4413734888412	0.0	0	0.0	1790.52917086042	1	0	1	0.7498509559824231
238200.0	2000.0	1590.5291708604282	0.0	0	78.73826460231794	1790.52917086042	1	0	1	1.848463244650533
239200.0	3000.0	1590.52917086042	0.0	0	355.6746897007397	1790.52917086042	1	0	1	1.848463244650533
240312.9392223604	6000.0	1477.5899484999993	0.0	0	0.0	1790.529170860449	1	0	1	2.2539283527586953
241358.83599057168	6000.0	1431.693180288744	0.0	0	0.0	1790.529170860449	1	0	1	2.9470755333186407
242630.08618902226	6000.0	1160.4429818381698	0.0	0	0.0	1790.529170860449	1	0	1	2.9470755333186407
243200.0	2000.0	1590.5291708604288	0.0	0	54.100131131650414	1790.529170860449	1	0	1	0.7498509559824215
244200.0	2000.0	1590.5291708604277	0.0	0	307.8288559895591	1790.529170860449	1	0	1	1.8484632446505311
245200.0	3000.0	1590.529170860413	0.0	0	180.14091500113136	1790.5291708604782	1	0	1	1.8484632446505296
246959.49513987332	6000.0	831.0340309871353	0.0	0	0.0	1790.5291708605073	1	0	1	2.253928352758692
247478.1560793207	2000.0	1312.3730915397468	0.0	0	0.0	1790.5291708604782	1	0	1	0.7498509559824198
248200.0	2000.0	1590.5291708604277	0.0	0	372.44736116728745	1790.529170860449	1	0	1	1.8484632446505311
249200.0	3000.0	1590.5291708604223	0.0	0	50.23068770940881	1790.52917086042	1	0	1	1.848463244650533
250200.0	3000.0	1590.529170860401	0.0	0	351.2739028056094	1790.52917086042	1	0	1	2.2539283527586975
251750.6664347012	6000.0	1039.8627361592055	0.0	0	0.0	1790.52917086042	1	0	1	2.253928352758697
252323.12667911948	2000.0	1467.4024917409258	0.0	0	0.0	1790.52917086042	1	0	1	0.7498509559824231
253200.0	2000.0	1590.5291708603797	0.0	0	191.6749162999622	1790.5291708603909	1	0	1	1.8484632446505345
254200.0	3000.0	1590.5291708603816	0.0	0	306.11159279732965	1790.52917086042	1	0	1	1.848463244650533
255200.0	6000.0	1590.5291708603647	0.0	0	245.17053768358892	1790.52917086042	1	0	1	2.253928352758697
256212.71556000947	6000.0	1577.8136108509107	0.0	0	0.0	1790.52917086042	1	0	1	2.947075533318642
257200.0	6000.0	1590.5291708603902	0.0	0	31.908502535690786	1790.529170860449	1	0	1	2.9470755333186407
258489.79196136937	6000.0	1300.737209491044	0.0	0	0.0	1790.5291708604782	1	0	1	2.947075533318639
259200.0	2000.0	1590.529170860381	0.0	0	243.40519439138006	1790.5291708604782	1	0	1	0.7498509559824198
260943.8820808183	6000.0	846.6470900421007	0.0	0	0.0	1790.5291708605073	1	0	1	1.8484632446505276
261489.13944705928	2000.0	1301.389723801112	0.0	0	0.0	1790.5291708605073	1	0	1	0.7498509559824181
262228.21565168846	2000.0	1562.3135191719362	0.0	0	0.0	1790.5291708605073	1	0	1	1.8484632446505278
263200.0	2000.0	1590.529170860428	0.0	0	493.30781880469294	1790.5291708605655	1	0	1	1.848463244650525
264200.0	3000.0	1590.5291708604473	0.0	0	373.4066194872139	1790.5291708605364	1	0	1	1.8484632446505258
265200.0	3000.0	1590.5291708604568	0.0	0	297.9028924423619	1790.5291708604782	1	0	1	2.2539283527586944
266200.0	3000.0	1590.5291708604905	0.0	0	233.15674580074847	1790.5291708604782	1	0	1	2.2539283527586944
267517.8532289614	6000.0	1272.6759418990482	0.0	0	0.0	1790.5291708604782	1	0	1	2.253928352758694
268362.81539648003	6000.0	1427.71377438035	0.0	0	0.0	1790.5291708604782	1	0	1	2.947075533318639
269200.0	6000.0	1590.5291708604282	0.0	0	266.69384793483187	1790.5291708605364	1	0	1	2.9470755333186354
270200.0	6000.0	1590.529170860462	0.0	0	205.58872484863969	1790.5291708605364	1	0	1	2.9470755333186354
271531.1136244757	6000.0	1259.4155463846628	0.0	0	0.0	1790.5291708605364	1	0	1	2.9470755333186354
272334.364274911	6000.0	1456.164895949363	0.0	0	0.0	1790.5291708605364	1	0	1	2.9470755333186354
273200.0	6000.0	1590.5291708603384	0.0	0	9.914482545456849	1790.5291708605364	1	0	1	2.9470755333186354
274316.8647813551	6000.0	1473.6643895052964	0.0	0	0.0	1790.5291708605364	1	0	1	2.9470755333186354
275426.1544006924	6000.0	1364.3747701680181	0.0	0	0.0	1790.5291708604782	1	0	1	2.947075533318639
276200.0	3000.0	1590.5291708603665	0.0	0	123.10257318621734	1790.52917086042	1	0	1	1.5607811721987526
277509.74331315886	6000.0	1280.78585770147	0.0	0	0.0	1790.52917086042	1	0	1	2.253928352758697
278286.91674631834	3000.0	1503.6124245419783	0.0	0	0.0	1790.52917086042	1	0	1	1.5607811721987526
279200.0	6000.0	1590.5291708603154	0.0	0	129.8496960705379	1790.5291708603618	1	0	1	2.2539283527587006
280320.6430190499	6000.0	1469.8861518103984	0.0	0	0.0	1790.5291708603618	1	0	1	2.9470755333186456
282162.1085036055	6000.0	628.4206672547815	0.0	0	0.0	1790.5291708603618	1	0	1	2.947075533318645
282591.7207713338	2000.0	1198.8083995264442	0.0	0	0.0	1790.5291708603618	1	0	1	0.7498509559824265
283200.0	3000.0	1590.5291708602047	0.0	0	228.12268920295173	1790.5291708603618	1	0	1	1.8484632446505362
284200.0	6000.0	1590.5291708601872	0.0	0	9.301965109421872	1790.5291708603036	1	0	1	2.253928352758704
285292.5313669101	6000.0	1497.9978039501198	0.0	0	0.0	1790.5291708603036	1	0	1	2.9470755333186496
287050.5442936157	6000.0	739.9848772445027	0.0	0	0.0	1790.5291708602454	1	0	1	2.9470755333186514
287502.7761441083	2000.0	1287.7530267518423	0.0	0	0.0	1790.5291708602454	1	0	1	0.7498509559824359
288200.0	2000.0	1590.5291708601826	0.0	0	143.303361441358	1790.5291708603036	1	0	1	1.8484632446505396
289200.0	3000.0	1590.5291708601562	0.0	0	381.18555122363614	1790.5291708603036	1	0	1	1.8484632446505396
290200.0	3000.0	1590.529170860111	0.0	0	236.54396761860698	1790.5291708603036	1	0	1	2.253928352758704
291286.36917327007	6000.0	1504.1599975900865	0.0	0	0.0	1790.5291708603036	1	0	1	2.253928352758704
292205.63594318664	3000.0	1584.8932276734959	0.0	0	0.0	1790.5291708603036	1	0	1	1.5607811721987592
293200.0	3000.0	1590.5291708601303	0.0	0	453.2950168917887	1790.5291708603618	1	0	1	2.2539283527587015
294216.25255258137	3000.0	1574.276618278741	0.0	0	0.0	1790.5291708603618	1	0	1	2.253928352758701
295200.0	3000.0	1590.5291708601362	0.0	0	42.04903722193558	1790.5291708603618	1	0	1	2.253928352758701
296200.0	3000.0	1590.5291708601128	0.0	0	416.686075390724	1790.52917086042	1	0	1	2.2539283527586975
297200.0	6000.0	1590.5291708601092	0.0	0	335.4670391801628	1790.52917086042	1	0	1	2.253928352758697
298220.5541665607	6000.0	1569.9750042993362	0.0	0	0.0	1790.5291708603618	1	0	1	2.9470755333186456
299704.5293196802	6000.0	1085.99985117989	0.0	0	0.0	1790.5291708603618	1	0	1	2.947075533318648
300373.54361901555	3000.0	1416.985551844541	0.0	0	0.0	1790.5291708603618	1	0	1	1.560781172198756
2.98	3.66	4.15	6.7	5.64	4.33	5.03	5.35	3.82	5.61	4.81	3.52	5.14	5.2	5.46	4.43	3.67	5.41	5.7	6.61	6.46	5.84	3.72	3.48	5.18	4.7	5.99	4.09	5.7	5.77	5.97	4.53	4.9	2.97	3.04	3.93	4.58	3.49	5.14	5.92	4.65	2.92	4.78	6.0	7.92	6.64	6.2	4.0	6.44	6.54	4.17	3.46	2.95	4.38	6.41	7.94	5.87	3.76	3.52	4.29	6.7	7.84	8.13	6.58	6.83	3.73	3.64	4.07	2.83	3.83	5.86	7.82	5.64	2.62	3.75	4.15	3.88	4.17	4.05	4.99	4.9	4.53	4.34	3.34	4.61	3.88	5.75	6.38	4.74	3.93	4.05	3.58	4.92	3.81	4.03	4.62	4.34	5.04	4.91	3.56	4.22	6.49	9.08	6.32	6.0	3.16	4.46	3.95	4.67	3.73	4.7	4.63	3.97	4.0	5.43	7.82	10.2	5.69	6.42	6.66	5.9	5.85	4.51	6.16	4.51	4.36	6.85	6.26	3.56	5.09	7.54	7.87	5.43	3.57	5.13	4.16	4.05	5.24	4.16	4.04	4.61	4.02	4.12	5.99	8.57	6.46	4.01	5.35	4.39	3.92	2.98	3.66	4.15	6.7	5.64	4.33	5.03	5.35	3.82	5.61	4.81	3.52	5.14	5.2	5.46	4.43	3.67	5.41	5.7	6.61	6.46	5.84	3.72	3.48	5.18	4.7	5.99	4.09	5.7	5.77	5.97	4.53	4.9	2.97	3.04	3.93	4.58	3.49	5.14	5.92	4.65	2.92	4.78	6.0	7.92	6.64	6.2	4.0	6.44	6.54	4.17	3.46	2.95	4.38	6.41	7.94	5.87	3.76	3.52	4.29	6.7	7.84	8.13	6.58	6.83	3.73	3.64	4.07	2.83	3.83	5.86	7.82	5.64	2.62	3.75	4.15	3.88	4.17	4.05	4.99	4.9	4.53	4.34	3.34	4.61	3.88	5.75	6.38	4.74	3.93	4.05	3.58	4.92	3.81	4.03	4.62	4.34	5.04	4.91	3.56	4.22	6.49	9.08	6.32	6.0	3.16	4.46	3.95	4.67	3.73	4.7	4.63	3.97	4.0	5.43	7.82	10.2	5.69	6.42	6.66	5.9	5.85	4.51	6.16	4.51	4.36	6.85	6.26	3.56	5.09	7.54	7.87	5.43	3.57	5.13	4.16	4.05	5.24	4.16	4.04	4.61	4.02	4.12	5.99	8.57	6.46	4.01	5.35	4.39	3.92	2.98
1.0	2.0	3.0	4.0	5.0	6.0	7.0	8.0	9.0	10.0	11.0	12.0	13.0	14.0	15.0	16.0	17.0	18.0	19.0	20.0	21.0	22.0	23.0	24.0	25.0	26.0	27.0	28.0	29.0	30.0	31.0	32.0	33.0	34.0	35.0	36.0	37.0	38.0	39.0	40.0	41.0	42.0	43.0	44.0	45.0	46.0	47.0	48.0	49.0	50.0	51.0	52.0	53.0	54.0	55.0	56.0	57.0	58.0	59.0	60.0	61.0	62.0	63.0	64.0	65.0	66.0	67.0	68.0	69.0	70.0	71.0	72.0	73.0	74.0	75.0	76.0	77.0	78.0	79.0	80.0	81.0	82.0	83.0	84.0	85.0	86.0	87.0	88.0	89.0	90.0	91.0	92.0	93.0	94.0	95.0	96.0	97.0	98.0	99.0	100.0	101.0	102.0	103.0	104.0	105.0	106.0	107.0	108.0	109.0	110.0	111.0	112.0	113.0	114.0	115.0	116.0	117.0	118.0	119.0	120.0	121.0	122.0	123.0	124.0	125.0	126.0	127.0	128.0	129.0	130.0	131.0	132.0	133.0	134.0	135.0	136.0	137.0	138.0	139.0	140.0	141.0	142.0	143.0	144.0	145.0	146.0	147.0	148.0	149.0	149.0	150.0	151.0	152.0	153.0	154.0	155.0	156.0	157.0	158.0	159.0	160.0	161.0	162.0	163.0	164.0	165.0	166.0	167.0	168.0	169.0	170.0	171.0	172.0	173.0	174.0	175.0	176.0	177.0	178.0	179.0	180.0	181.0	182.0	183.0	184.0	185.0	186.0	187.0	188.0	189.0	190.0	191.0	192.0	193.0	194.0	195.0	196.0	197.0	198.0	199.0	200.0	201.0	202.0	203.0	204.0	205.0	206.0	207.0	208.0	209.0	210.0	211.0	212.0	213.0	214.0	215.0	216.0	217.0	218.0	219.0	220.0	221.0	222.0	223.0	224.0	225.0	226.0	227.0	228.0	229.0	230.0	231.0	232.0	233.0	234.0	235.0	236.0	237.0	238.0	239.0	240.0	241.0	242.0	243.0	244.0	245.0	246.0	247.0	248.0	249.0	250.0	251.0	252.0	253.0	254.0	255.0	256.0	257.0	258.0	259.0	260.0	261.0	262.0	263.0	264.0	265.0	266.0	267.0	268.0	269.0	270.0	271.0	272.0	273.0	274.0	275.0	276.0	277.0	278.0	279.0	280.0	281.0	282.0	283.0	284.0	285.0	286.0	287.0	288.0	289.0	290.0	291.0	292.0	293.0	294.0	295.0	296.0	297.0	298.0	298.0	299.0
3501.034557094322
