4891.795803912723	300.0	2000.0	103.69109953630154	0	0.0	4891.795803912723	1	0	1	-1.591755883926541
5214.3831330369785	2000.0	2645.15393796332	0.0	0	0.0	4859.537071000299	1	0	2	-1.3643451301461922
5936.986572240694	3000.0	2850.2901548392333	0.0	0	0.0	4787.276727079927	1	0	2	0.7774309641371274
6702.085595663033	3000.0	3008.68122907466	0.0	0	0.0	4710.766824737693	1	0	2	1.2361662915999285
7394.379358314383	3000.0	3247.1580901581747	0.0	0	0.0	4641.537448472558	1	0	2	1.2833357607831313
8180.072416852603	3000.0	3382.8957257661327	0.0	0	0.0	4562.968142618736	1	0	2	1.3329915049451948
8909.086824616483	3000.0	3580.979877225866	0.0	0	0.0	4490.066701842348	1	0	2	1.3761377603243061
9978.209848739294	3000.0	3404.9445506907728	0.0	0	0.0	4383.154399430066	1	0	2	1.4330105698550404
11250.351219787693	3000.0	3005.5890425375333	0.0	0	0.0	4255.940262325225	1	0	2	1.499507169096483
12388.169042901316	3000.0	2753.9894371125492	0.0	0	0.0	4142.158480013863	1	0	2	1.5603874763000087
13051.484438019215	3000.0	3024.3425024828634	0.0	0	0.0	4075.8269405020746	1	0	2	1.5968420343326475
13585.1156527012	3000.0	3437.348166332679	0.0	0	0.0	4022.4638190338737	1	0	2	1.6204965712966168
14722.158382817364	3000.0	3186.6011632049003	0.0	0	0.0	3908.7595460222565	1	0	2	1.6603179114186069
15892.310700848615	3000.0	2899.4336133705256	0.0	0	0.0	3791.7443142191314	1	0	2	1.7061945451984926
16876.591682052644	3000.0	2816.724534046096	0.0	0	0.0	3693.3162160987285	1	0	2	1.7413442560163805
17605.12181775275	3000.0	3015.341384775978	0.0	0	0.0	3620.4632025287174	1	0	2	1.768115170134292
18466.25720778086	3000.0	3068.0924557450576	0.0	0	0.0	3534.349663525907	1	0	2	1.7929184838322594
19530.64544389191	3000.0	2897.2653960229054	0.0	0	0.0	3427.9108399148026	1	0	2	1.8211861383742751
20429.81737838209	3000.0	2908.1762680837055	0.0	0	0.0	3337.9936464657803	1	0	2	1.845116137604565
21540.015691532983	3000.0	2686.9581236177214	0.0	0	0.0	3226.97381515069	1	0	2	1.8714611666068763
22376.95228412037	3000.0	2766.3278717715943	0.0	0	0.0	3143.2801558919527	1	0	2	1.8903870095494388
23200.0	3000.0	2860.9753843040025	0.0	0	18.793141880465555	3060.9753843039944	1	0	2	1.9077619309127214
24200.0	3000.0	2760.9753843040044	0.0	0	142.58294068099713	2960.9753843039907	1	0	2	1.9242149048116102
25200.0	3000.0	2660.975384304003	0.0	0	211.12311108781068	2860.9753843039944	1	0	2	1.9411937216698196
26367.82707183779	6000.0	2493.1483124662104	0.0	0	0.0	2860.9753843039944	1	0	1	1.946371890720731
27647.15526343113	6000.0	2213.8201208728715	0.0	0	0.0	2860.9753843039944	1	0	1	2.839519071280676
29979.277695206452	6000.0	881.6976890975509	0.0	0	0.0	2860.9753843039944	1	0	1	2.839519071280676
30627.570305676716	2000.0	1233.4050786272905	0.0	0	0.0	2860.975384303998	1	0	1	0.642294493944456
31358.676822395904	2000.0	1502.2985619080991	0.0	0	0.0	2860.975384303998	1	0	1	1.7409067826125657
32139.191704187575	2000.0	1721.7836801164287	0.0	0	0.0	2860.975384303998	1	0	1	1.7409067826125657
32969.065277558875	2000.0	1891.9101067451304	0.0	0	0.0	2860.975384303998	1	0	1	1.7409067826125657
33863.982269331165	3000.0	1907.5014157956039	0.0	0	0.0	2771.483685126761	1	0	2	1.3511384440113259
34591.70296147593	3000.0	2107.0086544363567	0.0	0	0.0	2698.7116159122816	1	0	2	1.9679540599359644
35644.976844964105	3000.0	1948.4073825993585	0.0	0	0.0	2593.3842275634597	1	0	2	1.9803551293881898
36357.69391295094	3000.0	2164.418607813843	0.0	0	0.0	2522.1125207647783	1	0	2	1.9905168155850705
37200.0	3000.0	2237.881912059878	0.0	0	3.8898590925819008	2437.881912059871	1	0	2	1.999334057052046
38461.25888817574	3000.0	1850.4971350665614	0.0	0	0.0	2311.756023242291	1	0	2	2.011655575796546
39440.03881866497	2000.0	1773.8392115284012	0.0	0	0.0	2213.8780301933657	1	0	2	1.2104634841588648
40200.0	2000.0	2013.8780301933684	0.0	0	74.73799519595923	2213.8780301933657	1	0	1	1.6182893798921656
41200.0	2000.0	2013.878030193368	0.0	0	227.79147289354296	2213.8780301933657	1	0	1	1.8182893798921658
42250.98621313849	3000.0	1857.7931957410262	0.0	0	0.0	2108.7794088795054	1	0	2	1.4245109266305382
43200.0	2000.0	1908.7794088795163	0.0	0	27.35307118512719	2108.7794088795126	1	0	1	1.2214983388394502
44200.0	2000.0	1908.779408879512	0.0	0	13.394988276006188	2108.7794088795054	1	0	1	1.8269634469476157
45200.0	2000.0	1908.779408879508	0.0	0	322.02193606243236	2108.7794088795054	1	0	1	1.8269634469476157
46200.0	2000.0	1908.7794088795113	0.0	0	464.2006217496237	2108.7794088795054	1	0	1	1.8269634469476157
47200.0	3000.0	1808.7794088795108	0.0	0	320.6213130433971	2008.7794088795126	1	0	2	1.4317588862588806
48200.0	3000.0	1808.7794088795147	0.0	0	51.12069924270327	2008.77940887952	1	0	1	2.0399078412893816
49288.530133319815	6000.0	1720.249275559694	0.0	0	0.0	2008.77940887952	1	0	1	2.239907841289382
50200.0	3000.0	1717.6324222114818	0.0	0	146.36353441447136	1917.6324222115	1	0	2	1.1508157677524065
51554.56415198074	3000.0	1227.611855032667	0.0	0	0.0	1782.176007013426	1	0	2	2.0519397817959986
52251.80476612335	2000.0	1530.371240890055	0.0	0	0.0	1782.176007013426	1	0	1	1.24347808432069
53200.0	2000.0	1582.17600701341	0.0	0	388.88113695034554	1782.176007013426	1	0	1	1.8489431924288549
54200.0	3000.0	1582.1760070134137	0.0	0	311.10461462577223	1782.1760070134333	1	0	1	1.8489431924288544
55200.0	3000.0	1582.1760070134162	0.0	0	228.39563016224565	1782.1760070134333	1	0	1	2.254408300537019
56200.0	3000.0	1582.1760070134217	0.0	0	264.5541197494749	1782.1760070134405	1	0	1	2.254408300537019
57200.0	2000.0	1582.1760070134264	0.0	0	221.4702139358851	1782.1760070134405	1	0	1	1.4434780843206894
58200.0	3000.0	1582.1760070134249	0.0	0	394.92838634034706	1782.1760070134405	1	0	1	1.8489431924288542
59841.43761982787	6000.0	940.7383871855525	0.0	0	0.0	1782.1760070134405	1	0	1	2.2544083005370186
60563.534748253354	2000.0	1218.6412587600735	0.0	0	0.0	1782.1760070134405	1	0	1	0.7503309037607444
61266.40663461124	2000.0	1515.769372402187	0.0	0	0.0	1782.1760070134405	1	0	1	1.848943192428854
62200.0	2000.0	1582.1760070134267	0.0	0	422.0447718957512	1782.1760070134405	1	0	1	1.848943192428854
63200.0	2000.0	1582.1760070134285	0.0	0	222.48580136628152	1782.1760070134478	1	0	1	1.8489431924288535
64200.0	2000.0	1582.1760070134305	0.0	0	387.500160861513	1782.1760070134478	1	0	1	1.8489431924288535
65200.0	2000.0	1582.176007013422	0.0	0	387.15596249608643	1782.1760070134405	1	0	1	1.848943192428854
66200.0	3000.0	1482.1760070134128	0.0	0	339.8699607908784	1682.176007013426	1	0	2	1.4524973338645573
67684.46274626802	6000.0	997.7132607453868	0.0	0	0.0	1682.1760070134187	1	0	1	2.0598614490831713
68200.0	2000.0	1482.1760070134103	0.0	0	98.64247076772153	1682.1760070134187	1	0	1	0.7557840523068974
69200.0	2000.0	1482.1760070133926	0.0	0	270.94432292712736	1682.1760070134042	1	0	1	1.8543963409750077
70200.0	2000.0	1482.176007013392	0.0	0	131.29351545136888	1682.1760070133896	1	0	1	1.8543963409750084
71200.0	2000.0	1482.1760070133919	0.0	0	286.32728652615333	1682.1760070133896	1	0	1	1.8543963409750086
72200.0	2000.0	1482.1760070133905	0.0	0	510.22803455575195	1682.1760070133896	1	0	1	1.8543963409750086
73200.0	3000.0	1382.1760070133898	0.0	0	207.95453090712545	1582.1760070133896	1	0	2	1.4576771882058532
74200.0	3000.0	1382.1760070133716	0.0	0	93.91272855388524	1582.1760070133896	1	0	1	2.0648086803416597
75200.0	3000.0	1382.1760070133873	0.0	0	50.05306825321168	1582.1760070133896	1	0	1	2.26480868034166
76200.0	3000.0	1382.1760070133842	0.0	0	4.766311030398356	1582.1760070133896	1	0	1	2.26480868034166
77200.0	2000.0	1382.1760070133894	0.0	0	564.3898753717076	1582.176007013375	1	0	1	1.4538784641253313
78200.0	2000.0	1382.1760070133862	0.0	0	474.1990300358884	1582.1760070133896	1	0	1	1.8593435722334952
79219.34377036181	3000.0	1362.83223665158	0.0	0	0.0	1582.1760070134042	1	0	1	1.8593435722334948
80200.0	2000.0	1382.1760070133942	0.0	0	168.46831471309997	1582.1760070134187	1	0	1	1.4538784641253293
81200.0	2000.0	1382.1760070134064	0.0	0	507.74252342594264	1582.1760070134333	1	0	1	1.8593435722334934
82200.0	2000.0	1382.1760070134164	0.0	0	437.0799445013108	1582.1760070134478	1	0	1	1.8593435722334926
83200.0	2000.0	1382.1760070134028	0.0	0	499.3684426980035	1582.1760070134333	1	0	1	1.8593435722334934
84200.0	2000.0	1382.1760070134128	0.0	0	421.7075227465248	1582.1760070134333	1	0	1	1.8593435722334934
85200.0	2000.0	1382.1760070134164	0.0	0	316.2390192934836	1582.1760070134333	1	0	1	1.8593435722334934
86200.0	3000.0	1382.1760070134178	0.0	0	307.79763140672003	1582.1760070134478	1	0	1	1.8593435722334926
87200.0	3000.0	1382.176007013437	0.0	0	83.89349752638373	1582.1760070134478	1	0	1	2.264808680341657
88200.0	2000.0	1382.1760070134526	0.0	0	475.0649472329678	1582.1760070134478	1	0	1	1.453878464125328
89200.0	2000.0	1382.1760070134458	0.0	0	386.6134037676384	1582.1760070134478	1	0	1	1.8593435722334926
90200.0	2000.0	1382.176007013446	0.0	0	465.44492172810715	1582.1760070134333	1	0	1	1.8593435722334934
91200.0	3000.0	1382.1760070134505	0.0	0	279.59449879455497	1582.1760070134333	1	0	1	1.8593435722334934
92200.0	2000.0	1382.1760070134565	0.0	0	349.7120635769679	1582.1760070134333	1	0	1	1.4538784641253288
93200.0	2000.0	1382.1760070134746	0.0	0	138.19354950019624	1582.1760070134478	1	0	1	1.8593435722334926
94200.0	2000.0	1382.176007013475	0.0	0	295.13859139326087	1582.1760070134333	1	0	1	1.8593435722334934
95200.0	2000.0	1382.1760070134824	0.0	0	507.3190572182066	1582.1760070134333	1	0	1	1.8593435722334934
96200.0	2000.0	1382.1760070134753	0.0	0	329.0281196237629	1582.1760070134333	1	0	1	1.8593435722334934
97200.0	2000.0	1382.1760070134758	0.0	0	215.97298402393062	1582.1760070134333	1	0	1	1.8593435722334934
98200.0	3000.0	1382.1760070134858	0.0	0	313.2542074137309	1582.1760070134187	1	0	1	1.8593435722334941
99200.0	2000.0	1382.1760070134808	0.0	0	232.82208049633482	1582.1760070134042	1	0	1	1.4538784641253302
100200.0	2000.0	1382.176007013493	0.0	0	44.481722344993614	1582.1760070134042	1	0	1	1.8593435722334948
101200.0	2000.0	1382.17600701348	0.0	0	442.5222592776263	1582.1760070134042	1	0	1	1.8593435722334948
102200.0	2000.0	1382.1760070134746	0.0	0	419.9063650898461	1582.1760070134042	1	0	1	1.8593435722334948
103200.0	2000.0	1382.1760070134735	0.0	0	400.56803984021826	1582.1760070134042	1	0	1	1.8593435722334948
104200.0	2000.0	1382.1760070134717	0.0	0	474.45903586319764	1582.1760070134042	1	0	1	1.8593435722334948
105200.0	3000.0	1282.1760070134706	0.0	0	435.9863099565555	1482.1760070134042	1	0	2	1.4621603876558935
107298.28727811006	6000.0	200.0	16.111271096604355	0	0.0	1498.2872781100014	1	0	1	1.972489467940631
108083.16851624029	2000.0	713.7271479763456	298.6083861065751	0	0.0	1796.8956642166304	1	0	1	-1.042167782696203
108666.43815053246	2000.0	1130.4575136841859	0.0	0	0.0	1796.8956642166304	1	0	1	1.8480948226113572
109492.56476666633	2000.0	1304.330897550307	0.0	0	0.0	1796.8956642166304	1	0	1	1.8480948226113572
110200.0	2000.0	1596.895664216649	0.0	0	46.457428560912376	1796.8956642166158	1	0	1	1.848094822611358
111200.0	3000.0	1596.8956642166445	0.0	0	267.7460218389606	1796.8956642166013	1	0	1	1.8480948226113592
112200.0	2000.0	1596.8956642166527	0.0	0	408.02663035396836	1796.8956642166013	1	0	1	1.4426297145031943
113200.0	2000.0	1596.8956642166504	0.0	0	127.03258381024352	1796.8956642166013	1	0	1	1.848094822611359
114200.0	2000.0	1596.8956642166506	0.0	0	455.6290634705656	1796.8956642166013	1	0	1	1.848094822611359
115200.0	2000.0	1596.8956642166431	0.0	0	376.51842592435423	1796.8956642166013	1	0	1	1.848094822611359
116200.0	2000.0	1596.8956642166415	0.0	0	612.3053391683061	1796.8956642166013	1	0	1	1.848094822611359
117200.0	3000.0	1496.8956642166372	0.0	0	429.5627168633946	1696.8956642166013	1	0	2	1.451539276598467
118200.0	3000.0	1496.8956642166322	0.0	0	166.88862111081835	1696.8956642166013	1	0	1	2.0590916714506333
119983.0426762335	6000.0	713.8529879831367	0.0	0	0.0	1696.8956642166013	1	0	1	2.2590916714506335
120715.12534977496	2000.0	981.7703144416773	0.0	0	0.0	1696.8956642166013	1	0	1	0.7550142746743593
121439.29129144737	2000.0	1257.6043727692645	0.0	0	0.0	1696.8956642166013	1	0	1	1.853626563342469
122221.74362587233	2000.0	1475.1520383442999	0.0	0	0.0	1696.8956642166013	1	0	1	1.853626563342469
123200.0	2000.0	1496.8956642166322	0.0	0	87.6131480983604	1696.8956642166013	1	0	1	1.853626563342469
124200.0	2000.0	1496.8956642166381	0.0	0	278.0077430697129	1696.8956642166013	1	0	1	1.853626563342469
125200.0	3000.0	1496.8956642166456	0.0	0	179.84753326892678	1696.8956642166013	1	0	1	1.8536265633424691
126200.0	2000.0	1496.8956642166452	0.0	0	521.9622100610286	1696.8956642166013	1	0	1	1.4481614552343043
127200.0	2000.0	1496.8956642166463	0.0	0	165.5356820179877	1696.8956642166158	1	0	1	1.853626563342468
128386.47234836021	3000.0	1310.4233158564261	0.0	0	0.0	1696.8956642166158	1	0	1	1.8536265633424682
129200.0	2000.0	1496.8956642166493	0.0	0	174.42420163440693	1696.8956642166158	1	0	1	1.4481614552343034
130200.0	2000.0	1496.8956642166468	0.0	0	301.2891872998298	1696.8956642166013	1	0	1	1.853626563342469
131200.0	2000.0	1496.895664216661	0.0	0	221.73895923115197	1696.8956642166158	1	0	1	1.853626563342469
132200.0	3000.0	1496.8956642166456	0.0	0	364.2536800659436	1696.8956642166013	1	0	1	1.8536265633424687
133200.0	6000.0	1496.8956642166486	0.0	0	165.47507588751614	1696.8956642166013	1	0	1	2.2590916714506335
135150.44594959667	6000.0	546.4497146199919	0.0	0	0.0	1696.8956642166304	1	0	1	2.952238852010577
135703.12938338885	2000.0	993.7662808278182	0.0	0	0.0	1696.8956642166304	1	0	1	0.7550142746743577
136200.0	2000.0	1496.895664216666	0.0	0	71.3366591304075	1696.8956642166304	1	0	1	1.8536265633424673
137200.0	3000.0	1496.895664216662	0.0	0	119.43057551406673	1696.8956642166595	1	0	1	1.853626563342466
138200.0	2000.0	1496.8956642166472	0.0	0	462.8513886416913	1696.8956642166595	1	0	1	1.4481614552343012
139200.0	2000.0	1496.8956642166954	0.0	0	379.83522298792377	1696.8956642166595	1	0	1	1.8536265633424658
140200.0	2000.0	1496.8956642167213	0.0	0	242.02783915578038	1696.8956642166595	1	0	1	1.8536265633424658
141200.0	3000.0	1496.8956642167216	0.0	0	403.37838277069386	1696.8956642166595	1	0	1	1.853626563342466
142200.0	2000.0	1496.8956642167238	0.0	0	542.9151678617927	1696.8956642166595	1	0	1	1.4481614552343012
143684.81980426816	6000.0	1012.0758599485665	0.0	0	0.0	1696.8956642166595	1	0	1	1.8536265633424658
144582.22383841962	2000.0	1114.6718257971522	0.0	0	0.0	1696.8956642166595	1	0	1	0.7550142746743562
145580.43341521424	2000.0	1116.462249002525	0.0	0	0.0	1696.8956642166304	1	0	1	1.8536265633424673
146283.2450141577	2000.0	1413.6506500590885	0.0	0	0.0	1696.8956642166595	1	0	1	1.8536265633424658
147200.0	2000.0	1496.8956642168212	0.0	0	299.89051955071045	1696.8956642166595	1	0	1	1.8536265633424658
148200.0	2000.0	1496.8956642168152	0.0	0	435.24288839884684	1696.8956642166886	1	0	1	1.8536265633424642
149200.0	2000.0	1496.8956642168082	0.0	0	286.99822652954026	1696.8956642166886	1	0	1	1.8536265633424642
150200.0	3000.0	1496.8956642167736	0.0	0	53.147502431907924	1696.8956642166886	1	0	1	1.8536265633424645
151200.0	2000.0	1496.8956642167643	0.0	0	483.5130137442029	1696.8956642166886	1	0	1	1.4481614552342996
152200.0	2000.0	1496.895664216817	0.0	0	376.7127915295423	1696.8956642166886	1	0	1	1.8536265633424642
153200.0	2000.0	1496.8956642168268	0.0	0	346.21893405984156	1696.8956642166886	1	0	1	1.8536265633424642
154200.0	3000.0	1496.8956642168139	0.0	0	149.72213819582248	1696.8956642167177	1	0	1	1.8536265633424631
155382.9356140327	6000.0	1313.9600501841064	0.0	0	0.0	1696.8956642167177	1	0	1	2.2590916714506273
157320.0061160979	6000.0	376.8895481189045	0.0	0	0.0	1696.8956642167468	1	0	1	2.952238852010572
158058.5586649963	2000.0	638.3369992205392	0.0	0	0.0	1696.8956642167468	1	0	1	0.7550142746743516
158611.65985334173	2000.0	1085.2358108751077	0.0	0	0.0	1696.8956642167468	1	0	1	1.8536265633424611
159268.4979162119	2000.0	1428.3977480049434	0.0	0	0.0	1696.895664216776	1	0	1	1.8536265633424598
160200.0	2000.0	1496.895664216863	0.0	0	236.00389186132816	1696.895664216776	1	0	1	1.8536265633424598
161200.0	2000.0	1496.8956642168791	0.0	0	336.28565343422815	1696.895664216776	1	0	1	1.8536265633424598
162200.0	2000.0	1496.895664216895	0.0	0	409.6650156681135	1696.895664216776	1	0	1	1.8536265633424598
163200.0	3000.0	1496.8956642168848	0.0	0	326.14303248462966	1696.895664216776	1	0	1	1.85362656334246
164200.0	2000.0	1496.8956642169148	0.0	0	294.85291698394576	1696.895664216805	1	0	1	1.448161455234294
165200.0	2000.0	1496.8956642169126	0.0	0	340.92368411051575	1696.8956642168341	1	0	1	1.8536265633424571
166200.0	2000.0	1496.8956642169237	0.0	0	388.33762784986175	1696.8956642168341	1	0	1	1.8536265633424565
167200.0	2000.0	1496.8956642169146	0.0	0	452.4819318969385	1696.895664216805	1	0	1	1.8536265633424582
168200.0	2000.0	1496.8956642168698	0.0	0	449.2917541915085	1696.895664216776	1	0	1	1.8536265633424598
169200.0	3000.0	1496.89566421688	0.0	0	37.655273659242084	1696.8956642168341	1	0	1	1.8536265633424571
170200.0	2000.0	1496.8956642168973	0.0	0	37.01165417028824	1696.8956642168341	1	0	1	1.4481614552342919
171200.0	2000.0	1496.895664216867	0.0	0	199.85114176778006	1696.8956642168341	1	0	1	1.853626563342457
172200.0	2000.0	1496.8956642168598	0.0	0	331.2027431319875	1696.8956642168341	1	0	1	1.8536265633424565
173200.0	3000.0	1496.8956642168728	0.0	0	265.2445328012982	1696.8956642168341	1	0	1	1.853626563342457
174200.0	3000.0	1496.8956642168903	0.0	0	450.77104285225505	1696.8956642168341	1	0	1	2.2590916714506215
175696.9391328675	6000.0	999.9565313493865	0.0	0	0.0	1696.895664216776	1	0	1	2.2590916714506233
176391.47838047266	3000.0	1305.4172837442243	0.0	0	0.0	1696.895664216776	1	0	1	1.5659444908906797
177200.0	3000.0	1496.8956642168844	0.0	0	140.89775209061918	1696.895664216776	1	0	1	2.2590916714506246
178200.0	2000.0	1496.8956642168773	0.0	0	58.029015365144005	1696.895664216776	1	0	1	1.4481614552342952
179200.0	2000.0	1496.8956642168707	0.0	0	352.6927504540363	1696.8956642167468	1	0	1	1.8536265633424611
180200.0	2000.0	1496.895664216872	0.0	0	314.21801288987626	1696.895664216776	1	0	1	1.8536265633424598
181200.0	2000.0	1496.8956642168714	0.0	0	339.32632461746107	1696.895664216776	1	0	1	1.8536265633424598
182200.0	2000.0	1496.8956642169078	0.0	0	261.0787695122999	1696.895664216776	1	0	1	1.8536265633424598
183200.0	3000.0	1496.8956642169371	0.0	0	119.05891773229814	1696.895664216776	1	0	1	1.85362656334246
184200.0	3000.0	1496.8956642169412	0.0	0	351.0338261417637	1696.895664216805	1	0	1	2.259091671450623
185200.0	2000.0	1496.8956642169612	0.0	0	313.58424154817476	1696.895664216805	1	0	1	1.4481614552342936
186200.0	3000.0	1496.8956642169842	0.0	0	64.76367698656395	1696.895664216805	1	0	1	1.8536265633424582
187200.0	2000.0	1496.8956642169976	0.0	0	190.73867379460717	1696.8956642168341	1	0	1	1.4481614552342923
188200.0	2000.0	1496.8956642170178	0.0	0	318.311035183724	1696.8956642168341	1	0	1	1.8536265633424565
189200.0	2000.0	1496.8956642170176	0.0	0	72.14761935596471	1696.895664216805	1	0	1	1.8536265633424582
190200.0	2000.0	1496.8956642170378	0.0	0	198.21189128622063	1696.8956642168341	1	0	1	1.8536265633424565
191200.0	2000.0	1496.8956642170538	0.0	0	507.26635364297545	1696.8956642168632	1	0	1	1.8536265633424551
192200.0	2000.0	1496.8956642170658	0.0	0	25.38480167274247	1696.8956642168632	1	0	1	1.8536265633424551
193200.0	2000.0	1496.895664217058	0.0	0	201.26717862821533	1696.8956642168632	1	0	1	1.853626563342455
194200.0	2000.0	1496.895664217036	0.0	0	177.9182447346393	1696.8956642168632	1	0	1	1.8536265633424551
195200.0	2000.0	1496.8956642170215	0.0	0	307.47647278846125	1696.8956642168632	1	0	1	1.8536265633424551
196200.0	3000.0	1496.8956642170062	0.0	0	338.1939694636676	1696.8956642168632	1	0	1	1.8536265633424547
197200.0	3000.0	1496.8956642169958	0.0	0	357.6490863027284	1696.8956642168632	1	0	1	2.2590916714506197
198416.16726379696	6000.0	1280.7284004200333	0.0	0	0.0	1696.8956642168341	1	0	1	2.2590916714506215
199200.0	2000.0	1496.8956642170092	0.0	0	329.4831479009008	1696.895664216805	1	0	1	0.7550142746743479
200200.0	2000.0	1496.8956642169853	0.0	0	415.63721493666526	1696.895664216776	1	0	1	1.8536265633424598
201200.0	2000.0	1496.8956642169842	0.0	0	247.15976090499316	1696.8956642167468	1	0	1	1.8536265633424611
202200.0	2000.0	1496.8956642169917	0.0	0	492.25773089024005	1696.8956642167468	1	0	1	1.8536265633424611
203200.0	3000.0	1496.895664216985	0.0	0	425.15554734523175	1696.8956642167468	1	0	1	1.8536265633424613
204200.0	3000.0	1496.8956642169794	0.0	0	316.18367152131395	1696.895664216776	1	0	1	2.2590916714506246
205200.0	3000.0	1496.8956642169887	0.0	0	63.83664790660259	1696.8956642167468	1	0	1	2.259091671450626
206200.0	2000.0	1496.895664216975	0.0	0	331.8038266830554	1696.8956642167468	1	0	1	1.4481614552342965
207200.0	3000.0	1496.8956642169787	0.0	0	271.74161050328985	1696.8956642167468	1	0	1	1.8536265633424613
208200.0	3000.0	1496.895664216956	0.0	0	180.59941454452928	1696.8956642167468	1	0	1	2.259091671450626
209318.39765267665	3000.0	1378.498011540325	0.0	0	0.0	1696.8956642167177	1	0	1	2.2590916714506277
210216.70686913087	2000.0	1480.1887950860923	0.0	0	0.0	1696.8956642166886	1	0	1	1.4481614552342996
211200.0	2000.0	1496.8956642169455	0.0	0	417.62336649387726	1696.8956642166595	1	0	1	1.8536265633424658
212200.0	2000.0	1496.8956642169383	0.0	0	439.8608045995352	1696.8956642166595	1	0	1	1.8536265633424658
213200.0	2000.0	1496.8956642169505	0.0	0	471.6903031698603	1696.8956642166304	1	0	1	1.8536265633424673
214200.0	2000.0	1496.8956642169653	0.0	0	299.6952848850924	1696.8956642166013	1	0	1	1.853626563342469
215200.0	3000.0	1496.8956642169535	0.0	0	491.91439678531606	1696.8956642166013	1	0	1	1.8536265633424691
217181.43072957842	6000.0	515.4649346385464	0.0	0	0.0	1696.8956642165722	1	0	1	2.2590916714506344
217720.89563247687	2000.0	976.0000317401305	0.0	0	0.0	1696.8956642165722	1	0	1	0.7550142746743608
218420.07360411927	2000.0	1276.8220600977008	0.0	0	0.0	1696.8956642165722	1	0	1	1.8536265633424702
219259.14174479543	2000.0	1437.7539194215194	0.0	0	0.0	1696.8956642165722	1	0	1	1.8536265633424702
220200.0	2000.0	1496.8956642169442	0.0	0	91.44637177305412	1696.8956642165722	1	0	1	1.8536265633424702
221200.0	2000.0	1496.8956642169564	0.0	0	326.8182347403781	1696.8956642165722	1	0	1	1.8536265633424702
222200.0	3000.0	1496.8956642169323	0.0	0	375.54140389169334	1696.8956642165722	1	0	1	1.8536265633424704
223259.3559360713	3000.0	1437.539728145667	0.0	0	0.0	1696.895664216543	1	0	1	2.2590916714506366
224200.0	3000.0	1496.8956642169883	0.0	0	85.05516988178715	1696.895664216543	1	0	1	2.2590916714506366
225200.0	3000.0	1496.8956642169892	0.0	0	273.3350131595507	1696.895664216514	1	0	1	2.2590916714506375
226200.0	2000.0	1496.8956642170103	0.0	0	369.6389974865597	1696.895664216514	1	0	1	1.4481614552343087
227200.0	3000.0	1496.895664216995	0.0	0	135.8911199645372	1696.895664216514	1	0	1	1.8536265633424736
228378.8739934181	3000.0	1318.0216707988898	0.0	0	0.0	1696.895664216514	1	0	1	2.259091671450638
229200.0	2000.0	1496.8956642170072	0.0	0	67.14654147435795	1696.895664216514	1	0	1	1.4481614552343087
230200.0	2000.0	1496.8956642169708	0.0	0	124.30156334210187	1696.895664216514	1	0	1	1.8536265633424733
231200.0	2000.0	1496.895664216996	0.0	0	460.9277650656877	1696.895664216514	1	0	1	1.8536265633424733
232200.0	2000.0	1496.895664216998	0.0	0	480.7071896426205	1696.895664216543	1	0	1	1.853626563342472
233200.0	3000.0	1496.8956642169887	0.0	0	97.43120729768998	1696.895664216543	1	0	1	1.8536265633424722
234200.0	2000.0	1496.895664216989	0.0	0	320.6542812617263	1696.895664216543	1	0	1	1.4481614552343074
235200.0	3000.0	1496.8956642169512	0.0	0	228.02428821966168	1696.895664216543	1	0	1	1.8536265633424722
236422.20549643532	3000.0	1274.690167781608	0.0	0	0.0	1696.895664216543	1	0	1	2.2590916714506366
237200.0	2000.0	1496.8956642169194	0.0	0	144.5482811240072	1696.895664216514	1	0	1	1.4481614552343087
238200.0	2000.0	1496.8956642169355	0.0	0	521.5965629045386	1696.895664216514	1	0	1	1.8536265633424733
239200.0	3000.0	1496.8956642169207	0.0	0	440.4796600333066	1696.895664216514	1	0	1	1.8536265633424736
240200.0	3000.0	1496.8956642169458	0.0	0	397.5058202857326	1696.895664216514	1	0	1	2.259091671450638
241200.0	2000.0	1496.8956642169712	0.0	0	503.8431165165093	1696.895664216514	1	0	1	1.4481614552343087
242200.0	2000.0	1496.8956642169965	0.0	0	208.13091448359773	1696.895664216514	1	0	1	1.8536265633424733
243200.0	2000.0	1496.8956642170206	0.0	0	401.5718676460092	1696.895664216543	1	0	1	1.853626563342472
244200.0	3000.0	1496.8956642170194	0.0	0	207.96720534010092	1696.895664216514	1	0	1	1.8536265633424736
245200.0	2000.0	1496.8956642170606	0.0	0	246.56353494848008	1696.895664216543	1	0	1	1.4481614552343078
246200.0	2000.0	1496.8956642170797	0.0	0	521.6501267302665	1696.895664216543	1	0	1	1.853626563342472
247200.0	2000.0	1496.8956642170863	0.0	0	384.6944033380423	1696.895664216543	1	0	1	1.853626563342472
248200.0	2000.0	1496.8956642170817	0.0	0	148.06218839230132	1696.895664216514	1	0	1	1.8536265633424727
249200.0	2000.0	1496.8956642170888	0.0	0	82.18366346025141	1696.8956642164849	1	0	1	1.853626563342475
250200.0	2000.0	1496.8956642171158	0.0	0	371.0751955686719	1696.8956642164849	1	0	1	1.853626563342475
251200.0	2000.0	1496.8956642171088	0.0	0	571.0997156298836	1696.8956642164849	1	0	1	1.853626563342475
252200.0	2000.0	1496.8956642171033	0.0	0	428.65522025947575	1696.8956642164849	1	0	1	1.853626563342475
253200.0	2000.0	1496.8956642170947	0.0	0	484.88920626981417	1696.8956642164849	1	0	1	1.853626563342475
254252.1952004593	6000.0	1444.7004637577888	0.0	0	0.0	1696.895664216514	1	0	1	1.8536265633424733
255987.596887767	6000.0	709.2987764500893	0.0	0	0.0	1696.895664216514	1	0	1	2.952238852010583
256879.51408811854	2000.0	817.3815760985168	0.0	0	0.0	1696.895664216514	1	0	1	0.7550142746743638
257386.5715117538	2000.0	1310.3241524632506	0.0	0	0.0	1696.895664216514	1	0	1	1.8536265633424733
258200.0	2000.0	1496.8956642170342	0.0	0	290.77901555242715	1696.895664216514	1	0	1	1.8536265633424733
259200.0	2000.0	1496.8956642170588	0.0	0	439.3002980189922	1696.895664216514	1	0	1	1.8536265633424733
260200.0	3000.0	1396.8956642170824	0.0	0	231.39110698641161	1596.895664216514	1	0	2	1.4568939677049553
261200.0	3000.0	1396.895664217087	0.0	0	87.94580941973254	1596.895664216514	1	0	1	2.064110396941686
262200.0	2000.0	1396.8956642170874	0.0	0	342.94048082156223	1596.895664216514	1	0	1	1.4531801807253568
263200.0	2000.0	1396.8956642170613	0.0	0	418.05530406191247	1596.895664216514	1	0	1	1.8586452888335214
264200.0	2000.0	1396.8956642170622	0.0	0	509.98325310565997	1596.895664216543	1	0	1	1.8586452888335205
265200.0	2000.0	1396.8956642170947	0.0	0	538.7643873580382	1596.895664216543	1	0	1	1.85864528883352
266697.2908072914	6000.0	899.6048569257201	0.0	0	0.0	1596.895664216543	1	0	1	1.85864528883352
267200.0	2000.0	1396.8956642171127	0.0	0	155.90285869903164	1596.895664216543	1	0	1	0.7600330001654104
268200.0	2000.0	1396.8956642171154	0.0	0	545.3050852925517	1596.895664216543	1	0	1	1.85864528883352
269200.0	3000.0	1396.8956642171179	0.0	0	199.12148848100333	1596.895664216543	1	0	1	1.8586452888335203
270200.0	2000.0	1396.8956642171051	0.0	0	132.07034249108983	1596.895664216543	1	0	1	1.4531801807253555
271200.0	2000.0	1396.895664217111	0.0	0	456.41906946437666	1596.895664216543	1	0	1	1.85864528883352
272200.0	2000.0	1396.895664217106	0.0	0	153.64028828399023	1596.895664216543	1	0	1	1.85864528883352
273200.0	2000.0	1396.8956642171613	0.0	0	333.8365647874307	1596.895664216543	1	0	1	1.85864528883352
274229.63516570634	3000.0	1367.2604985108162	0.0	0	0.0	1596.8956642166013	1	0	1	1.8586452888335174
275200.0	2000.0	1396.8956642171745	0.0	0	260.053122023528	1596.895664216543	1	0	1	1.4531801807253555
276200.0	2000.0	1396.8956642171506	0.0	0	161.83605010755127	1596.8956642164849	1	0	1	1.8586452888335228
277200.0	2000.0	1396.8956642171293	0.0	0	410.2751214320888	1596.8956642164849	1	0	1	1.8586452888335228
278200.0	2000.0	1396.8956642171484	0.0	0	86.91357159620384	1596.8956642164849	1	0	1	1.8586452888335228
279200.0	2000.0	1396.895664217168	0.0	0	390.4712156333262	1596.895664216543	1	0	1	1.85864528883352
280200.0	2000.0	1396.895664217144	0.0	0	336.33919353573583	1596.895664216543	1	0	1	1.85864528883352
281200.0	3000.0	1396.8956642171204	0.0	0	341.4187501060078	1596.8956642164849	1	0	1	1.8586452888335219
282200.0	6000.0	1396.8956642170524	0.0	0	105.61334555922076	1596.8956642164267	1	0	1	2.2641103969416903
283967.09572851035	6000.0	629.7999357066999	0.0	0	0.0	1596.8956642164849	1	0	1	2.9572575775016343
284379.0840100943	2000.0	1217.8116541227819	0.0	0	0.0	1596.8956642164849	1	0	1	0.7600330001654132
285200.0	2000.0	1396.8956642170415	0.0	0	436.1659642830491	1596.8956642164849	1	0	1	1.8586452888335228
286200.0	3000.0	1396.8956642170408	0.0	0	111.40279054886196	1596.8956642164849	1	0	1	1.858645288833523
287200.0	2000.0	1396.8956642169667	0.0	0	332.111234362761	1596.8956642164849	1	0	1	1.4531801807253582
288200.0	2000.0	1396.8956642168991	0.0	0	273.50620610889746	1596.8956642164849	1	0	1	1.8586452888335228
289200.0	2000.0	1396.8956642168662	0.0	0	448.4106111631845	1596.8956642164849	1	0	1	1.8586452888335228
290200.0	3000.0	1396.895664216886	0.0	0	301.5763678790536	1596.8956642164849	1	0	1	1.858645288833523
291200.0	2000.0	1396.8956642168564	0.0	0	460.3689965325757	1596.8956642164267	1	0	1	1.453180180725361
292200.0	3000.0	1396.895664216889	0.0	0	448.7768157685059	1596.8956642164267	1	0	1	1.8586452888335256
293373.7011642368	3000.0	1223.1944999800737	0.0	0	0.0	1596.8956642163685	1	0	1	2.2641103969416934
294200.0	2000.0	1396.8956642168841	0.0	0	162.502733008645	1596.8956642163685	1	0	1	1.4531801807253637
295200.0	2000.0	1396.8956642168375	0.0	0	90.60823710169643	1596.8956642163685	1	0	1	1.8586452888335283
296200.0	2000.0	1396.895664216871	0.0	0	279.20104368327884	1596.8956642164849	1	0	1	1.8586452888335239
297200.0	2000.0	1396.89566421686	0.0	0	492.7866290100501	1596.8956642164849	1	0	1	1.8586452888335228
298200.0	2000.0	1396.895664216899	0.0	0	424.8764350845595	1596.8956642164849	1	0	1	1.8586452888335228
299200.0	2000.0	1396.8956642168935	0.0	0	549.9903708926286	1596.8956642164849	1	0	1	1.8586452888335228
300200.0	2000.0	1396.8956642169653	0.0	0	341.697264688788	1596.8956642164849	1	0	1	1.8586452888335228
5.6	5.27	3.29	4.01	3.13	2.76	2.7	3.8	5.55	3.08	3.28	3.66	3.48	3.68	3.94	2.62	3.01	3.24	4.17	4.29	5.95	5.1	5.09	2.42	3.58	3.46	3.51	2.83	4.25	4.65	3.13	4.1	2.68	2.97	1.93	2.7	3.8	2.58	2.28	2.6	3.46	3.97	3.96	4.74	4.17	3.57	2.53	3.74	4.77	4.62	4.04	2.88	4.37	4.83	3.48	3.03	2.8	3.45	3.32	2.51	4.38	6.26	2.84	3.74	2.87	3.04	3.38	5.05	4.38	3.58	3.52	3.52	3.7	4.22	2.88	3.37	3.13	3.34	4.12	3.26	3.81	3.76	3.01	3.65	4.24	4.34	3.57	3.49	2.97	4.22	2.68	3.16	3.66	3.3	1.69	2.85	3.87	3.6	2.71	5.25	5.09	3.76	1.42	3.79	3.21	4.69	3.81	2.54	3.14	3.28	3.81	5.65	4.68	4.75	4.11	3.2	2.97	3.09	3.16	4.51	3.42	2.95	3.64	2.33	3.27	2.53	4.85	7.03	4.38	3.81	4.68	5.39	3.6	2.69	2.85	4.17	3.83	4.58	3.95	2.61	2.47	3.53	3.88	3.56	3.76	3.16	3.19	3.01	4.25	5.0	5.6	5.27	3.29	4.01	3.13	2.76	2.7	3.8	5.55	3.08	3.28	3.66	3.48	3.68	3.94	2.62	3.01	3.24	4.17	4.29	5.95	5.1	5.09	2.42	3.58	3.46	3.51	2.83	4.25	4.65	3.13	4.1	2.68	2.97	1.93	2.7	3.8	2.58	2.28	2.6	3.46	3.97	3.96	4.74	4.17	3.57	2.53	3.74	4.77	4.62	4.04	2.88	4.37	4.83	3.48	3.03	2.8	3.45	3.32	2.51	4.38	6.26	2.84	3.74	2.87	3.04	3.38	5.05	4.38	3.58	3.52	3.52	3.7	4.22	2.88	3.37	3.13	3.34	4.12	3.26	3.81	3.76	3.01	3.65	4.24	4.34	3.57	3.49	2.97	4.22	2.68	3.16	3.66	3.3	1.69	2.85	3.87	3.6	2.71	5.25	5.09	3.76	1.42	3.79	3.21	4.69	3.81	2.54	3.14	3.28	3.81	5.65	4.68	4.75	4.11	3.2	2.97	3.09	3.16	4.51	3.42	2.95	3.64	2.33	3.27	2.53	4.85	7.03	4.38	3.81	4.68	5.39	3.6	2.69	2.85	4.17	3.83	4.58	3.95	2.61	2.47	3.53	3.88	3.56	3.76	3.16	3.19	3.01
1.0	2.0	3.0	4.0	5.0	6.0	7.0	8.0	9.0	10.0	11.0	12.0	13.0	14.0	15.0	16.0	17.0	18.0	19.0	20.0	21.0	22.0	23.0	24.0	25.0	26.0	27.0	28.0	29.0	30.0	31.0	32.0	33.0	34.0	35.0	36.0	37.0	38.0	39.0	40.0	41.0	42.0	43.0	44.0	45.0	46.0	47.0	48.0	49.0	50.0	51.0	52.0	53.0	54.0	55.0	56.0	57.0	58.0	59.0	60.0	61.0	62.0	63.0	64.0	65.0	66.0	67.0	68.0	69.0	70.0	71.0	72.0	73.0	74.0	75.0	76.0	77.0	78.0	79.0	80.0	81.0	82.0	83.0	84.0	85.0	86.0	87.0	88.0	89.0	90.0	91.0	92.0	93.0	94.0	95.0	96.0	97.0	98.0	99.0	100.0	101.0	102.0	103.0	104.0	105.0	106.0	107.0	108.0	109.0	110.0	111.0	112.0	113.0	114.0	115.0	116.0	117.0	118.0	119.0	120.0	121.0	122.0	123.0	124.0	125.0	126.0	127.0	128.0	129.0	130.0	131.0	132.0	133.0	134.0	135.0	136.0	137.0	138.0	139.0	140.0	141.0	142.0	143.0	144.0	145.0	146.0	147.0	148.0	149.0	149.0	150.0	151.0	152.0	153.0	154.0	155.0	156.0	157.0	158.0	159.0	160.0	161.0	162.0	163.0	164.0	165.0	166.0	167.0	168.0	169.0	170.0	171.0	172.0	173.0	174.0	175.0	176.0	177.0	178.0	179.0	180.0	181.0	182.0	183.0	184.0	185.0	186.0	187.0	188.0	189.0	190.0	191.0	192.0	193.0	194.0	195.0	196.0	197.0	198.0	199.0	200.0	201.0	202.0	203.0	204.0	205.0	206.0	207.0	208.0	209.0	210.0	211.0	212.0	213.0	214.0	215.0	216.0	217.0	218.0	219.0	220.0	221.0	222.0	223.0	224.0	225.0	226.0	227.0	228.0	229.0	230.0	231.0	232.0	233.0	234.0	235.0	236.0	237.0	238.0	239.0	240.0	241.0	242.0	243.0	244.0	245.0	246.0	247.0	248.0	249.0	250.0	251.0	252.0	253.0	254.0	255.0	256.0	257.0	258.0	259.0	260.0	261.0	262.0	263.0	264.0	265.0	266.0	267.0	268.0	269.0	270.0	271.0	272.0	273.0	274.0	275.0	276.0	277.0	278.0	279.0	280.0	281.0	282.0	283.0	284.0	285.0	286.0	287.0	288.0	289.0	290.0	291.0	292.0	293.0	294.0	295.0	296.0	297.0
4695.771419850834
