5488.8650061663575	300.0	2000.0	307.0560437718908	0	0.0	5488.8650061663575	1	0	1	-3.2690384949864333
6660.054321283908	2000.0	1711.6917533706935	0.0	0	0.0	5371.746074654602	1	0	2	-1.810432952227027
7548.782301992193	1000.0	1822.9637726624092	0.0	0	0.0	5371.746074654602	1	0	1	-1.0709101247174466
8392.83519414702	2000.0	1894.5055912921002	0.0	0	0.0	5287.340785439119	1	0	2	-0.5206666256665109
9689.359322009159	2000.0	1468.3290506437477	0.0	0	0.0	5157.688372652906	1	0	2	0.4688442070287182
10446.44274883049	1000.0	1711.2456238224158	0.0	0	0.0	5157.688372652906	1	0	1	-0.8834764917388365
11569.84435254546	2000.0	1475.5038597359483	0.0	0	0.0	5045.348212281409	1	0	2	-0.31839392332317995
12562.421441647515	2000.0	1383.6690617236861	0.0	0	0.0	4946.0905033712015	1	0	2	0.6549633586699916
13740.918955568912	2000.0	1087.3217964101489	0.0	0	0.0	4828.240751979063	1	0	2	0.7312604694796553
14301.249297303902	1000.0	1526.9914546751581	0.0	0	0.0	4828.240751979063	1	0	1	-0.6254324401995585
15340.242340953033	2000.0	1384.0991066611164	0.0	0	0.0	4724.34144761415	1	0	2	-0.07500370322873709
16246.277540514498	2000.0	1387.4603871435022	0.0	0	0.0	4633.737927658003	1	0	2	0.8761049434289738
17352.099989479553	2000.0	1171.055693281942	0.0	0	0.0	4523.155682761499	1	0	2	0.9455326334343339
17871.609133606606	1000.0	1651.5465491548855	0.0	0	0.0	4523.155682761493	1	0	1	-0.42290204267161413
19341.96385841245	2000.0	1034.1563518684573	0.0	0	0.0	4376.120210280909	1	0	2	0.13263140612957747
20125.766117079784	1000.0	1250.3540932011242	0.0	0	0.0	4376.120210280906	1	0	1	-0.3379658618578353
21244.326052154138	2000.0	1019.9381646193382	0.0	0	0.0	4264.2642167734775	1	0	2	0.20268580749787302
21993.379434594528	2000.0	1195.9794439349055	0.0	0	0.0	4189.358878529438	1	0	2	1.1356717583174838
23304.433325816724	2000.0	753.8201635904902	0.0	0	0.0	4058.2534894072196	1	0	2	1.1897263598984669
23895.777928051248	1000.0	1162.475561355966	0.0	0	0.0	4058.2534894072232	1	0	1	-0.18110832141142322
25074.329775829025	2000.0	866.0685288004148	0.0	0	0.0	3940.3983046294525	1	0	2	0.3492338962966812
25694.44019821365	1000.0	1245.9581064157926	0.0	0	0.0	3940.3983046294525	1	0	1	-0.13162697491580144
26794.36543927801	2000.0	1036.0403412449955	0.0	0	0.0	3830.4057805230186	1	0	2	0.39294881712895513
27220.070020375468	1000.0	1610.3357601475382	0.0	0	0.0	3830.4057805230186	1	0	1	-0.08934132891828792
28484.012193133924	2000.0	1346.3935873890837	0.0	0	0.0	3830.4057805230186	1	0	1	0.8038058516416576
29144.223443601295	1000.0	1686.1823369217102	0.0	0	0.0	3830.4057805230186	1	0	1	0.11065867108171232
30009.456203136244	2000.0	1734.4263014332626	0.0	0	0.0	3743.8825045695194	1	0	2	0.42660832288879813
30834.769661272534	2000.0	1826.581497483339	0.0	0	0.0	3661.351158755886	1	0	2	1.3479805679668337
31667.364415112563	2000.0	1993.9867436433112	0.0	0	0.0	3661.351158755886	1	0	1	1.3551214286792688
32626.060094240664	2000.0	2035.2910645152074	0.0	0	0.0	3661.3511587558824	1	0	1	1.55512142867927
33852.61026369853	2000.0	1686.085878111547	0.0	0	0.0	3538.696141810091	1	0	2	1.1826594541364706
34385.12281834794	2000.0	2100.322067997203	0.0	0	0.0	3485.444886345158	1	0	2	1.4043719700047537
34887.675542885045	2000.0	2547.514071006391	0.0	0	0.0	3435.189613891449	1	0	2	1.4179378873623716
36117.76231462066	3000.0	2194.418622097206	0.0	0	0.0	3312.1809367178794	1	0	2	1.443850169446427
37595.297424403034	2000.0	1716.88351231482	0.0	0	0.0	3312.180936717872	1	0	1	1.046761517181904
38448.408224580344	2000.0	1863.772712137517	0.0	0	0.0	3312.1809367178794	1	0	1	1.6522266252900673
39748.619593045536	2000.0	1563.5613436723297	0.0	0	0.0	3312.1809367178867	1	0	1	1.6522266252900655
40264.79803566119	1000.0	2047.3829010566733	0.0	0	0.0	3312.1809367178867	1	0	1	0.26593226417017524
41050.931503992986	2000.0	2261.249432724881	0.0	0	0.0	3312.1809367178867	1	0	1	0.9590794447301203
41966.55557203511	2000.0	2345.625364682761	0.0	0	0.0	3312.1809367178867	1	0	1	1.6522266252900655
42769.31798435658	2000.0	2542.862952361289	0.0	0	0.0	3312.1809367178867	1	0	1	1.6522266252900655
43999.70097206714	2000.0	2312.4799646507354	0.0	0	0.0	3312.1809367178867	1	0	1	1.6522266252900655
45107.670084072895	2000.0	2204.5108526449876	0.0	0	0.0	3312.1809367178867	1	0	1	1.6522266252900655
45865.9184940444	2000.0	2446.2624426734806	0.0	0	0.0	3312.1809367178867	1	0	1	1.6522266252900655
46882.142541014124	2000.0	2430.0383957037607	0.0	0	0.0	3312.1809367178867	1	0	1	1.6522266252900655
47795.27193547015	2000.0	2516.9090012477313	0.0	0	0.0	3312.1809367178867	1	0	1	1.6522266252900655
48679.41513297319	2000.0	2632.765803744693	0.0	0	0.0	3312.1809367178867	1	0	1	1.6522266252900655
49486.76948264955	2000.0	2825.4114540683286	0.0	0	0.0	3312.1809367178794	1	0	1	1.6522266252900673
50337.215161668544	2000.0	2974.9657750493293	0.0	0	0.0	3312.1809367178794	1	0	1	1.6522266252900673
51243.61883519975	2000.0	3068.562101518122	0.0	0	0.0	3312.1809367178794	1	0	1	1.6522266252900673
52200.0	2000.0	3112.1809367178653	0.0	0	182.24609558353404	3312.1809367178794	1	0	1	1.6522266252900673
53663.717843390485	3000.0	2502.0913089883325	0.0	0	0.0	3165.8091523788244	1	0	2	1.27613624661722
55928.11318764902	3000.0	1011.2564303039416	0.0	0	0.0	2939.369617952965	1	0	2	1.9196946716111245
56362.23341339509	1000.0	1577.136204557861	0.0	0	0.0	2939.369617952965	1	0	1	-0.2637919594395082
57651.383005766	2000.0	1287.9866121869495	0.0	0	0.0	2939.369617952958	1	0	1	1.034820329228603
58136.597689719565	1000.0	1802.771928233391	0.0	0	0.0	2939.369617952958	1	0	1	0.3416731486686577
58970.83199034978	2000.0	1968.5376276031693	0.0	0	0.0	2939.369617952958	1	0	1	1.034820329228603
59558.331886241154	2000.0	2381.0377317118005	0.0	0	0.0	2939.369617952958	1	0	1	1.727967509788548
60611.32533077512	2000.0	2222.7449427244255	0.0	0	0.0	2834.0702734995502	1	0	2	1.340039654110934
61630.24238090983	2000.0	2203.8278925897157	0.0	0	0.0	2834.070273499543	1	0	1	1.5451377939803868
62942.232235256175	2000.0	1891.8380382433818	0.0	0	0.0	2834.0702734995502	1	0	1	1.745137793980386
64417.609487370726	2000.0	1416.46078612883	0.0	0	0.0	2834.0702734995502	1	0	1	1.745137793980386
65588.69731907183	2000.0	1245.3729544277232	0.0	0	0.0	2834.070273499543	1	0	1	1.7451377939803863
66378.30323007623	2000.0	1455.7670434233282	0.0	0	0.0	2834.0702734995502	1	0	1	1.7451377939803865
67203.7207165324	2000.0	1630.3495569671434	0.0	0	0.0	2834.070273499543	1	0	1	1.7451377939803865
68013.42284560557	2000.0	1820.6474278939822	0.0	0	0.0	2834.070273499543	1	0	1	1.7451377939803867
68772.98097210824	2000.0	2061.0893013913137	0.0	0	0.0	2834.070273499543	1	0	1	1.745137793980387
69521.3249887005	2000.0	2237.9108831398416	0.0	0	0.0	2759.2358718403266	1	0	2	1.3534569337745308
70200.0	2000.0	2559.23587184035	0.0	0	47.576594357567956	2759.2358718403266	1	0	1	1.556369728439321
72196.67245957999	3000.0	1362.8961663023601	0.0	0	0.0	2559.5686258823407	1	0	2	1.3735456546344473
73982.81755125405	2000.0	576.7510746282924	0.0	0	0.0	2559.568625882326	1	0	1	1.1773233652826929
74407.3163458861	1000.0	1152.2522799962485	0.0	0	0.0	2559.5686258823116	1	0	1	0.3964941122709693
75128.31330841048	2000.0	1431.2553174718598	0.0	0	0.0	2559.5686258823116	1	0	1	1.0896412928309145
76947.88293167247	2000.0	611.6856942098626	0.0	0	0.0	2559.5686258823116	1	0	1	1.7827884733908597
77395.753576259	1000.0	1163.8150496233245	0.0	0	0.0	2559.5686258823116	1	0	1	0.3964941122709693
78442.4284918721	2000.0	1117.1401340102357	0.0	0	0.0	2559.5686258823116	1	0	1	1.0896412928309145
79384.07685387478	2000.0	1175.4917720075487	0.0	0	0.0	2559.5686258823116	1	0	1	1.7827884733908597
79980.96159490489	2000.0	1578.6070309774436	0.0	0	0.0	2559.5686258823116	1	0	1	1.7827884733908597
80836.56603791489	2000.0	1723.0025879674452	0.0	0	0.0	2559.5686258823116	1	0	1	1.7827884733908597
81782.94527624117	2000.0	1776.6233496411664	0.0	0	0.0	2559.5686258823116	1	0	1	1.7827884733908597
82482.32397308822	2000.0	2077.2446527941165	0.0	0	0.0	2559.568625882297	1	0	1	1.7827884733908614
83583.50465677198	2000.0	1976.0639691103424	0.0	0	0.0	2559.568625882297	1	0	1	1.7827884733908614
84254.41623319202	2000.0	2305.1523926903096	0.0	0	0.0	2559.5686258822825	1	0	1	1.782788473390863
85214.83185964197	2000.0	2344.7367662403576	0.0	0	56.244036335876444	2559.568625882297	1	0	1	1.7827884733908614
86670.62917458285	2000.0	1888.939451299456	0.0	0	0.0	2559.568625882297	1	0	1	1.7827884733908614
87731.26605079597	2000.0	1828.302575086347	0.0	0	0.0	2559.568625882297	1	0	1	1.7827884733908614
88738.93787343307	2000.0	1820.6307524492422	0.0	0	0.0	2559.5686258822825	1	0	1	1.782788473390863
89956.56748303432	2000.0	1603.001142847993	0.0	0	0.0	2559.5686258822825	1	0	1	1.782788473390863
91164.48226454365	2000.0	1395.0863613386452	0.0	0	0.0	2559.5686258822825	1	0	1	1.782788473390863
92196.61491676643	2000.0	1362.9537091158857	0.0	0	0.0	2559.5686258822825	1	0	1	1.782788473390863
92869.34742956924	2000.0	1690.2211963130687	0.0	0	0.0	2559.5686258822825	1	0	1	1.782788473390863
93897.26919013426	2000.0	1662.299435748065	0.0	0	0.0	2559.5686258822825	1	0	1	1.782788473390863
94883.91179774252	2000.0	1675.6568281398263	0.0	0	0.0	2559.5686258822825	1	0	1	1.782788473390863
95591.48115779203	2000.0	1968.087468090322	0.0	0	0.0	2559.5686258822825	1	0	1	1.782788473390863
96668.29741876457	2000.0	1891.2712071177953	0.0	0	0.0	2559.5686258822825	1	0	1	1.782788473390863
97792.46327755076	2000.0	1767.1053483315882	0.0	0	0.0	2559.568625882268	1	0	1	1.782788473390865
98423.58326133997	2000.0	2135.985364542368	0.0	0	0.0	2559.5686258822534	1	0	1	1.7827884733908665
99402.18173595626	2000.0	2157.386889926086	0.0	0	0.0	2559.5686258822534	1	0	1	1.7827884733908665
100200.0	2000.0	2359.5686258823516	0.0	0	87.64104369252163	2559.5686258822534	1	0	1	1.7827884733908665
101916.98414258374	2000.0	1642.5844832986222	0.0	0	0.0	2559.5686258822534	1	0	1	1.7827884733908665
102409.23756473098	1000.0	2150.3310611513725	0.0	0	0.0	2559.5686258822534	1	0	1	0.39649411227097636
103433.43485084402	2000.0	2126.1337750383454	0.0	0	0.0	2559.5686258822534	1	0	1	1.0896412928309216
104313.21332512495	2000.0	2246.3553007574	0.0	0	0.0	2559.5686258822534	1	0	1	1.7827884733908665
105587.34361129042	2000.0	1972.2250145919295	0.0	0	0.0	2559.5686258822534	1	0	1	1.7827884733908665
106992.80265718458	2000.0	1566.765968697777	0.0	0	0.0	2559.5686258822534	1	0	1	1.7827884733908665
108158.86050830493	2000.0	1400.7081175774288	0.0	0	0.0	2559.568625882239	1	0	1	1.7827884733908683
109207.72968476442	2000.0	1351.8389411179583	0.0	0	0.0	2559.568625882239	1	0	1	1.7827884733908683
110232.6933406717	2000.0	1326.8752852106827	0.0	0	0.0	2559.568625882239	1	0	1	1.7827884733908683
111190.64749649003	1000.0	1368.9211293923704	0.0	0	0.0	2559.568625882239	1	0	1	0.396494112270978
112250.19240279145	1000.0	1309.3762230909463	0.0	0	0.0	2559.568625882239	1	0	1	1.0896412928309231
113558.3775842105	2000.0	1001.1910416718898	0.0	0	0.0	2559.568625882239	1	0	1	1.0896412928309231
114039.02322435327	1000.0	1520.5454015291282	0.0	0	0.0	2559.568625882239	1	0	1	0.396494112270978
115033.04120722716	2000.0	1526.5274186552242	0.0	0	0.0	2559.568625882239	1	0	1	1.0896412928309231
116324.08619083981	2000.0	1235.4824350425765	0.0	0	0.0	2559.568625882239	1	0	1	1.7827884733908683
117729.69054505005	2000.0	829.8780808323414	0.0	0	0.0	2559.568625882239	1	0	1	1.7827884733908683
118314.54716240204	1000.0	1245.021463480343	0.0	0	0.0	2559.568625882239	1	0	1	0.396494112270978
119428.36002030777	2000.0	1131.2086055746154	0.0	0	0.0	2559.568625882239	1	0	1	1.0896412928309231
119973.8706438964	2000.0	1585.697981985981	0.0	0	0.0	2559.568625882239	1	0	1	1.7827884733908683
120798.44000636411	2000.0	1761.12861951826	0.0	0	0.0	2559.5686258822243	1	0	1	1.7827884733908703
121572.78595856795	2000.0	1986.7826673144257	0.0	0	0.0	2559.5686258822243	1	0	1	1.7827884733908703
122710.8943437583	2000.0	1848.6742821240782	0.0	0	0.0	2559.5686258822243	1	0	1	1.7827884733908703
123972.25393221072	2000.0	1587.314693671657	0.0	0	0.0	2559.5686258822243	1	0	1	1.7827884733908703
125240.01004995311	2000.0	1319.5585759292842	0.0	0	0.0	2559.568625882239	1	0	1	1.7827884733908683
126048.19797535316	2000.0	1511.3706505292462	0.0	0	0.0	2559.568625882239	1	0	1	1.7827884733908683
126712.42010211783	2000.0	1847.1485237645825	0.0	0	0.0	2559.568625882239	1	0	1	1.7827884733908683
127655.99459553501	2000.0	1903.5740303474124	0.0	0	0.0	2559.568625882239	1	0	1	1.7827884733908683
128784.44187125814	2000.0	1775.1267546242952	0.0	0	0.0	2559.5686258822534	1	0	1	1.7827884733908665
129747.20779104564	2000.0	1812.3608348367889	0.0	0	0.0	2559.568625882239	1	0	1	1.7827884733908683
130949.32389886412	2000.0	1610.2447270183052	0.0	0	0.0	2559.568625882239	1	0	1	1.7827884733908683
132102.2095671642	2000.0	1457.359058718252	0.0	0	0.0	2559.568625882239	1	0	1	1.7827884733908683
132986.92096716366	2000.0	1572.6476587188104	0.0	0	0.0	2559.5686258822825	1	0	1	1.7827884733908648
133950.0467127761	2000.0	1609.521913106385	0.0	0	0.0	2559.568625882297	1	0	1	1.7827884733908619
135010.27603696194	2000.0	1549.2925889205437	0.0	0	0.0	2559.568625882326	1	0	1	1.7827884733908577
135872.1298578861	2000.0	1687.4387679964307	0.0	0	0.0	2559.568625882326	1	0	1	1.7827884733908577
137341.7974427472	2000.0	1217.7711831353413	0.0	0	0.0	2559.568625882326	1	0	1	1.7827884733908577
138104.78078704307	1000.0	1454.7878388394467	0.0	0	0.0	2559.568625882326	1	0	1	0.39649411227096765
139230.62808616637	2000.0	1328.9405397161677	0.0	0	0.0	2559.568625882326	1	0	1	1.0896412928309127
139834.01603438423	1000.0	1725.552591498307	0.0	0	0.0	2559.568625882326	1	0	1	0.39649411227096765
140882.81813600817	2000.0	1676.750489874397	0.0	0	0.0	2559.568625882326	1	0	1	1.0896412928309127
141803.64095849523	2000.0	1755.9276673873273	0.0	0	0.0	2559.568625882326	1	0	1	1.7827884733908577
142811.8906129516	2000.0	1747.6780129309507	0.0	0	0.0	2559.568625882297	1	0	1	1.7827884733908614
144189.86728064617	2000.0	1369.7013452363929	0.0	0	0.0	2559.568625882297	1	0	1	1.7827884733908614
144900.87865794465	1000.0	1658.6899679379153	0.0	0	0.0	2559.568625882297	1	0	1	0.3964941122709711
146019.20367329672	2000.0	1540.3649525858416	0.0	0	0.0	2559.568625882268	1	0	1	1.0896412928309198
147008.82429738084	2000.0	1550.7443285017443	0.0	0	0.0	2559.568625882297	1	0	1	1.7827884733908614
147857.61628582186	2000.0	1701.9523400607372	0.0	0	0.0	2559.568625882297	1	0	1	1.7827884733908614
149772.4909201389	2000.0	787.0777057437033	0.0	0	0.0	2559.568625882297	1	0	1	1.7827884733908614
150460.39809139408	1000.0	1099.1705344885324	0.0	0	0.0	2559.568625882297	1	0	1	0.3964941122709711
151109.33428691703	1000.0	1450.2343389655969	0.0	0	0.0	2559.568625882297	1	0	1	1.0896412928309163
151866.59373382045	1000.0	1692.9748920622053	0.0	0	0.0	2559.568625882297	1	0	1	1.0896412928309163
153361.7707507289	2000.0	1197.797875153758	0.0	0	0.0	2559.568625882326	1	0	1	1.0896412928309127
154009.16249525285	1000.0	1550.40613062983	0.0	0	0.0	2559.568625882326	1	0	1	0.39649411227096765
156019.47765290237	2000.0	540.0909729802976	0.0	0	0.0	2559.568625882326	1	0	1	1.0896412928309127
156750.17476503373	1000.0	809.3938608489357	0.0	0	0.0	2559.5686258823553	1	0	1	0.39649411227096415
157362.5897417563	1000.0	1196.9788841263749	0.0	0	0.0	2559.5686258823553	1	0	1	1.0896412928309094
158013.27782115227	1000.0	1546.2908047304018	0.0	0	0.0	2559.5686258823553	1	0	1	1.0896412928309094
159563.68194559804	2000.0	995.8866802846078	0.0	0	0.0	2559.5686258823553	1	0	1	1.0896412928309092
160139.75536826235	1000.0	1419.8132576202668	0.0	0	0.0	2559.568625882326	1	0	1	0.39649411227096765
161313.34987889347	2000.0	1246.2187469891458	0.0	0	0.0	2559.568625882326	1	0	1	1.0896412928309127
162598.69055959562	2000.0	960.878066287016	0.0	0	0.0	2559.568625882326	1	0	1	1.7827884733908577
163170.70971843388	1000.0	1388.8589074487868	0.0	0	0.0	2559.568625882326	1	0	1	0.39649411227096765
164283.28248886386	2000.0	1276.2861370187911	0.0	0	0.0	2559.568625882326	1	0	1	1.0896412928309127
165239.1225332674	2000.0	1320.446092615243	0.0	0	0.0	2559.568625882326	1	0	1	1.7827884733908577
166597.79757489116	2000.0	961.7710509915	0.0	0	0.0	2559.568625882326	1	0	1	1.7827884733908577
167177.19524885912	1000.0	1382.3733770234976	0.0	0	0.0	2559.568625882326	1	0	1	0.39649411227096765
168168.59518894885	2000.0	1390.9734369337332	0.0	0	0.0	2559.568625882297	1	0	1	1.089641292830914
169123.10698776765	1000.0	1436.4616381149253	0.0	0	0.0	2559.568625882297	1	0	1	0.3964941122709711
169869.610221049	1000.0	1689.9584048335876	0.0	0	0.0	2559.568625882297	1	0	1	1.0896412928309163
170888.36509892918	2000.0	1671.2035269533974	0.0	0	0.0	2559.568625882326	1	0	1	1.0896412928309127
171663.772686915	2000.0	1895.7959389675657	0.0	0	0.0	2559.568625882297	1	0	1	1.7827884733908614
172739.50181675455	2000.0	1820.0668091280052	0.0	0	0.0	2559.568625882326	1	0	1	1.7827884733908577
173818.91642872567	2000.0	1740.6521971568852	0.0	0	0.0	2559.568625882326	1	0	1	1.7827884733908577
175015.24563913306	2000.0	1544.322986749519	0.0	0	0.0	2559.568625882326	1	0	1	1.7827884733908577
175905.14306244603	2000.0	1654.4255634365554	0.0	0	0.0	2559.568625882326	1	0	1	1.7827884733908577
176604.46478307547	2000.0	1955.1038428071083	0.0	0	0.0	2559.568625882326	1	0	1	1.7827884733908577
177955.11604723465	2000.0	1604.4525786479542	0.0	0	0.0	2559.568625882326	1	0	1	1.7827884733908577
178905.04515085107	2000.0	1654.5234750315678	0.0	0	0.0	2559.568625882326	1	0	1	1.7827884733908577
179649.65491494437	2000.0	1909.9137109382848	0.0	0	0.0	2559.568625882326	1	0	1	1.7827884733908577
180897.7613226095	2000.0	1661.807303273124	0.0	0	0.0	2559.568625882326	1	0	1	1.7827884733908577
182111.9770899706	2000.0	1447.5915359120163	0.0	0	0.0	2559.568625882297	1	0	1	1.7827884733908586
182900.43398295445	2000.0	1659.1346429281919	0.0	0	0.0	2559.568625882297	1	0	1	1.7827884733908614
183637.3066138676	2000.0	1922.262012015024	0.0	0	0.0	2559.568625882297	1	0	1	1.7827884733908614
184492.83480129286	2000.0	2066.7338245897704	0.0	0	0.0	2559.568625882326	1	0	1	1.7827884733908577
185832.95772059867	2000.0	1726.6109052839663	0.0	0	0.0	2559.568625882326	1	0	1	1.7827884733908577
186975.01464847484	2000.0	1584.5539774077888	0.0	0	0.0	2559.568625882297	1	0	1	1.7827884733908614
187684.34568439928	2000.0	1875.222941483353	0.0	0	0.0	2559.568625882326	1	0	1	1.7827884733908577
188873.81625452085	2000.0	1685.7523713617927	0.0	0	0.0	2559.568625882297	1	0	1	1.7827884733908614
189786.31766614548	2000.0	1773.2509597371914	0.0	0	0.0	2559.568625882297	1	0	1	1.7827884733908614
190764.38951440074	2000.0	1795.1791114819566	0.0	0	0.0	2559.568625882297	1	0	1	1.7827884733908614
191767.57536689236	2000.0	1791.9932589903578	0.0	0	0.0	2559.568625882297	1	0	1	1.7827884733908614
192663.46519660848	2000.0	1896.1034292742245	0.0	0	0.0	2559.568625882297	1	0	1	1.7827884733908614
193354.3517463012	2000.0	2205.216879581538	0.0	0	0.0	2559.568625882297	1	0	1	1.7827884733908614
194336.69799224488	2000.0	2222.8706336378677	0.0	0	0.0	2559.568625882326	1	0	1	1.782788473390859
195345.46209409263	2000.0	2214.106531790111	0.0	0	0.0	2559.568625882297	1	0	1	1.7827884733908614
196702.78883359832	2000.0	1856.7797922844038	0.0	0	0.0	2559.568625882297	1	0	1	1.7827884733908614
197549.29937848548	2000.0	2010.269247397209	0.0	0	0.0	2559.568625882297	1	0	1	1.7827884733908614
198395.24060960795	2000.0	2164.3280162747456	0.0	0	0.0	2559.568625882268	1	0	1	1.782788473390865
199438.6301506069	2000.0	2120.9384752757524	0.0	0	0.0	2559.568625882268	1	0	1	1.782788473390865
200594.00324064965	2000.0	1965.5653852330245	0.0	0	0.0	2559.568625882268	1	0	1	1.782788473390865
201484.2387551136	2000.0	2075.3298707691	0.0	0	0.0	2559.568625882239	1	0	1	1.7827884733908683
202491.85698848538	2000.0	2067.7116373973167	0.0	0	0.0	2559.568625882239	1	0	1	1.7827884733908683
203547.81090056757	2000.0	2011.757725315126	0.0	0	0.0	2559.568625882239	1	0	1	1.7827884733908683
205002.12260827172	2000.0	1557.446017610982	0.0	0	0.0	2559.5686258822097	1	0	1	1.7827884733908719
205490.6248017574	1000.0	2068.9438241252624	0.0	0	0.0	2559.5686258822097	1	0	1	0.39649411227098164
206589.86199199082	2000.0	1969.7066338918012	0.0	0	0.0	2559.5686258821806	1	0	1	1.08964129283093
207417.02396569602	2000.0	2142.5446601866106	0.0	0	0.0	2559.5686258821806	1	0	1	1.7827884733908752
208200.0	2000.0	2359.5686258826345	0.0	0	261.4592706289259	2559.5686258821515	1	0	1	1.782788473390879
209200.0	2000.0	2359.5686258826554	0.0	0	92.16330307850149	2559.5686258821806	1	0	1	1.7827884733908752
210327.21547290985	2000.0	2232.353152972795	0.0	0	0.0	2559.5686258821515	1	0	1	1.782788473390879
211200.0	2000.0	2359.568625882638	0.0	0	86.31270255168783	2559.5686258821515	1	0	1	1.782788473390879
212257.3935660978	2000.0	2302.175059784837	0.0	0	0.0	2559.5686258821515	1	0	1	1.782788473390879
213461.85192236077	2000.0	2097.716703521869	0.0	0	0.0	2559.5686258821806	1	0	1	1.7827884733908752
214238.2997653742	2000.0	2321.268860508452	0.0	0	0.0	2559.5686258821515	1	0	1	1.7827884733908776
215233.52172866702	2000.0	2326.0468972156327	0.0	0	0.0	2559.5686258821515	1	0	1	1.782788473390879
216200.0	2000.0	2262.920798749339	0.0	0	439.8956509391719	2462.920798748877	1	0	2	1.3895936506162971
217200.0	2000.0	2162.920798749344	0.0	0	260.3205544902012	2362.920798748848	1	0	2	1.6008146794599094
218252.65253522497	3000.0	2005.0030100019223	0.0	0	0.0	2257.6555452264147	1	0	2	1.6115734371602488
219252.5932531639	2000.0	2005.062292062982	0.0	0	0.0	2257.6555452264147	1	0	1	1.2089459235622508
220424.4313313082	3000.0	1716.0404061042414	0.0	0	0.0	2140.471737412008	1	0	2	1.4211531506115698
221898.95259165278	2000.0	1241.5191457596648	0.0	0	0.0	2140.471737412008	1	0	1	1.2189740412164125
222901.63673567126	1000.0	1238.8350017411728	0.0	0	0.0	2140.471737412008	1	0	1	0.43814478820468705
223374.84614448823	1000.0	1765.6255929242066	0.0	0	0.0	2140.471737412008	1	0	1	1.1312919687646321
224213.14124215618	2000.0	1927.3304952562848	0.0	0	0.0	2140.471737412008	1	0	1	1.1312919687646308
225787.37020875906	2000.0	1353.1015286534123	0.0	0	0.0	2140.471737412008	1	0	1	1.8244391493245773
226455.19515582008	1000.0	1685.27658159241	0.0	0	0.0	2140.471737412008	1	0	1	0.43814478820468705
227618.48579351674	2000.0	1521.9859438957542	0.0	0	0.0	2140.4717374120373	1	0	1	1.13129196876463
228524.95979102651	2000.0	1615.5119463859728	0.0	0	0.0	2140.4717374120373	1	0	1	1.824439149324575
229200.0	2000.0	1940.4717374124848	0.0	0	4.457872815371957	2140.471737411979	1	0	1	1.8244391493245788
230200.0	2000.0	1940.4717374125125	0.0	0	159.99477322999155	2140.471737411979	1	0	1	1.8244391493245797
231247.21765766293	2000.0	1893.2540797495762	0.0	0	0.0	2140.4717374120373	1	0	1	1.824439149324576
232200.0	2000.0	1940.4717374124905	0.0	0	16.324112539878115	2140.4717374120373	1	0	1	1.824439149324575
233312.15477720508	2000.0	1828.3169602073929	0.0	0	0.0	2140.4717374120373	1	0	1	1.824439149324575
234836.04534290032	2000.0	1304.4263945121447	0.0	0	0.0	2140.471737412008	1	0	1	1.8244391493245764
235456.7562986867	1000.0	1683.7154387257665	0.0	0	0.0	2140.4717374120373	1	0	1	0.4381447882046847
236524.74679800106	2000.0	1615.7249394114308	0.0	0	0.0	2140.4717374120373	1	0	1	1.13129196876463
237711.6777559744	2000.0	1428.7939814380536	0.0	0	0.0	2140.4717374120373	1	0	1	1.824439149324575
238562.20309768486	2000.0	1578.2686397276204	0.0	0	0.0	2140.4717374120373	1	0	1	1.824439149324575
239853.22379620431	2000.0	1287.2479412081989	0.0	0	0.0	2140.4717374120664	1	0	1	1.8244391493245726
240974.70717578076	2000.0	1165.7645616317636	0.0	0	0.0	2140.4717374120664	1	0	1	1.8244391493245726
241552.4755171061	2000.0	1587.996220306436	0.0	0	0.0	2140.4717374120664	1	0	1	1.8244391493245726
242291.45555359067	2000.0	1849.0161838218667	0.0	0	0.0	2140.4717374120373	1	0	1	1.824439149324574
243308.01617357245	2000.0	1832.455563840089	0.0	0	0.0	2140.4717374120373	1	0	1	1.824439149324575
244389.26356209852	2000.0	1751.208175314001	0.0	0	0.0	2140.4717374120664	1	0	1	1.8244391493245726
245771.22108100785	2000.0	1369.2506564046655	0.0	0	0.0	2140.4717374120373	1	0	1	1.8244391493245744
247128.47697354664	2000.0	1011.9947638659098	0.0	0	0.0	2140.4717374120664	1	0	1	1.8244391493245726
247813.79274829972	2000.0	1326.678989112814	0.0	0	0.0	2140.4717374120664	1	0	1	1.8244391493245726
248418.99724903158	2000.0	1721.4744883809656	0.0	0	0.0	2140.4717374120664	1	0	1	1.8244391493245726
249549.0421530773	2000.0	1591.4295843352743	0.0	0	0.0	2140.4717374120664	1	0	1	1.8244391493245726
251256.74860688217	2000.0	883.7231305303919	0.0	0	0.0	2140.4717374120955	1	0	1	1.8244391493245704
252361.98209053627	2000.0	778.4896468762881	0.0	0	0.0	2140.4717374120664	1	0	1	1.8244391493245722
253483.22779974938	2000.0	657.243937663173	0.0	0	0.0	2140.4717374120664	1	0	1	1.8244391493245726
254005.71333795055	1000.0	1134.758399461996	0.0	0	0.0	2140.4717374120373	1	0	1	0.4381447882046847
254987.91651133535	2000.0	1152.5552260772001	0.0	0	0.0	2140.4717374120373	1	0	1	1.13129196876463
255945.20812966506	2000.0	1195.263607747496	0.0	0	0.0	2140.4717374120373	1	0	1	1.824439149324575
256803.92461136982	2000.0	1336.5471260427146	0.0	0	0.0	2140.471737412008	1	0	1	1.8244391493245773
257692.06404815873	2000.0	1448.407689253801	0.0	0	0.0	2140.471737411979	1	0	1	1.8244391493245797
258796.18869703152	2000.0	1344.2830403810035	0.0	0	0.0	2140.471737411979	1	0	1	1.8244391493245797
260626.0225761398	2000.0	514.4491612726906	0.0	0	0.0	2140.47173741195	1	0	1	1.824439149324581
261471.38088883998	1000.0	669.0908485725066	0.0	0	0.0	2140.47173741195	1	0	1	0.43814478820469177
261998.90737623803	1000.0	1141.5643611744708	0.0	0	0.0	2140.471737412008	1	0	1	1.1312919687646341
262932.5628208333	2000.0	1207.9089165791756	0.0	0	0.0	2140.471737411979	1	0	1	1.1312919687646341
263948.91089989094	2000.0	1191.5608375214879	0.0	0	0.0	2140.471737411921	1	0	1	1.8244391493245806
265557.2043701594	2000.0	583.2673672529277	0.0	0	0.0	2140.471737411921	1	0	1	1.8244391493245842
266173.56095377274	1000.0	966.9107836396188	0.0	0	0.0	2140.4717374118627	1	0	1	0.4381447882046988
267257.4460779957	2000.0	883.0256594166539	0.0	0	0.0	2140.471737411921	1	0	1	1.131291968764641
267757.85534465837	1000.0	1382.6163927539274	0.0	0	0.0	2140.471737411921	1	0	1	0.43814478820469416
268587.7205890509	2000.0	1552.751148361362	0.0	0	0.0	2140.4717374118627	1	0	1	1.1312919687646439
269238.03331861057	2000.0	1902.438418801709	0.0	0	0.0	2140.4717374118045	1	0	1	1.824439149324594
270264.1813049828	2000.0	1876.2904324294605	0.0	0	0.0	2140.4717374118045	1	0	1	1.824439149324594
271200.0	2000.0	1940.4717374123031	0.0	0	12.519150533014908	2140.4717374118045	1	0	1	1.824439149324594
272356.0151841953	2000.0	1784.4565532169895	0.0	0	0.0	2140.4717374118627	1	0	1	1.824439149324589
273549.73077493283	2000.0	1590.740962479511	0.0	0	0.0	2140.4717374118627	1	0	1	1.824439149324589
274691.46599243605	2000.0	1449.0057449762278	0.0	0	0.0	2140.4717374118627	1	0	1	1.824439149324589
275273.4823832659	2000.0	1866.9893541463491	0.0	0	0.0	2140.4717374118627	1	0	1	1.824439149324589
276200.0	2000.0	1940.4717374122677	0.0	0	286.72430119873025	2140.4717374118627	1	0	1	1.824439149324589
277218.7397541957	2000.0	1921.7319832166281	0.0	0	0.0	2140.4717374118627	1	0	1	1.824439149324589
278211.47914451116	2000.0	1928.9925929011165	0.0	0	0.0	2140.4717374118045	1	0	1	1.8244391493245908
279200.0	2000.0	1940.4717374122658	0.0	0	135.15842183650238	2140.4717374118045	1	0	1	1.824439149324594
280200.0	2000.0	1940.4717374122065	0.0	0	56.6961780480342	2140.4717374117463	1	0	1	1.8244391493245984
281200.0	2000.0	1940.471737412149	0.0	0	60.041695434367284	2140.471737411688	1	0	1	1.8244391493246033
282200.0	2000.0	1940.4717374121155	0.0	0	261.51963264588267	2140.47173741163	1	0	1	1.824439149324608
283267.2101110337	2000.0	1873.261626378404	0.0	0	0.0	2140.47173741163	1	0	1	1.824439149324608
284437.56595836126	2000.0	1702.9057790508343	0.0	0	0.0	2140.47173741163	1	0	1	1.824439149324608
285333.9844193421	2000.0	1806.4873180700645	0.0	0	0.0	2140.47173741163	1	0	1	1.824439149324608
287064.6297946006	2000.0	1075.8419428115114	0.0	0	0.0	2140.471737411688	1	0	1	1.8244391493246068
287511.9477576042	1000.0	1628.5239798079451	0.0	0	0.0	2140.4717374117463	1	0	1	0.43814478820470826
288708.41129953496	2000.0	1432.0604378772593	0.0	0	0.0	2140.4717374118045	1	0	1	1.1312919687646488
289240.9531461384	1000.0	1899.5185912737968	0.0	0	0.0	2140.4717374118045	1	0	1	0.4381447882047036
290200.0	2000.0	1940.4717374122038	0.0	0	294.67731177195674	2140.4717374118045	1	0	1	1.1312919687646488
291221.3850178846	2000.0	1919.0867195275903	0.0	0	0.0	2140.4717374118045	1	0	1	1.824439149324594
292256.771518101	2000.0	1883.7002193111953	0.0	0	0.0	2140.4717374118045	1	0	1	1.824439149324594
293771.82044302893	2000.0	1368.6512943832888	0.0	0	0.0	2140.471737411921	1	0	1	1.824439149324585
294445.9003592545	1000.0	1694.5713781577676	0.0	0	0.0	2140.4717374118627	1	0	1	0.4381447882046988
295809.0582311385	2000.0	1331.4135062737594	0.0	0	0.0	2140.4717374118627	1	0	1	1.1312919687646439
296540.7339659709	2000.0	1599.7377714413983	0.0	0	0.0	2140.471737411921	1	0	1	1.8244391493245842
297661.47823603865	2000.0	1478.9935013737206	0.0	0	0.0	2140.471737411921	1	0	1	1.8244391493245842
298469.610661282	1000.0	1670.8610761304683	0.0	0	0.0	2140.4717374118627	1	0	1	0.4381447882046988
300164.99250215257	2000.0	975.4792352598768	0.0	0	0.0	2140.4717374118627	1	0	1	1.1312919687646439
300842.02166865976	1000.0	1298.450068752744	0.0	0	0.0	2140.4717374118627	1	0	1	0.4381447882046988
1.4	1.23	1.78	1.82	1.23	1.8	2.11	2.55	1.24	2.35	2.83	1.84	1.71	1.85	1.42	1.74	2.53	1.95	1.92	1.93	2.21	2.17	2.42	1.58	2.7	2.49	1.74	2.24	1.99	3.44	1.89	1.55	1.88	2.31	1.54	2.35	1.96	2.78	1.93	2.35	2.21	1.64	2.06	2.28	1.95	2.14	2.09	2.66	2.7	1.61	1.2	1.88	1.83	3.26	2.98	2.29	1.95	1.97	1.31	2.34	2.22	3.27	2.93	3.06	2.54	2.85	1.31	1.38	1.26	2.66	1.59	1.33	2.07	2.42	3.07	2.91	1.89	2.33	2.4	2.35	1.09	1.64	2.0	2.46	2.13	1.59	1.92	2.75	1.81	2.35	2.4	1.42	1.9	2.57	2.95	1.42	1.29	1.82	2.24	1.59	1.84	1.75	2.22	1.93	2.28	1.46	1.24	1.61	1.84	2.56	1.64	1.85	1.95	1.99	2.83	2.21	1.97	2.54	1.77	2.06	2.36	3.24	2.37	2.07	2.26	2.22	2.29	2.76	2.35	2.02	2.7	1.75	1.09	2.02	1.47	2.28	2.39	1.74	1.75	1.58	1.88	1.77	2.48	1.22	1.32	1.61	1.83	1.45	1.7	1.89	1.4	1.23	1.78	1.82	1.23	1.8	2.11	2.55	1.24	2.35	2.83	1.84	1.71	1.85	1.42	1.74	2.53	1.95	1.92	1.93	2.21	2.17	2.42	1.58	2.7	2.49	1.74	2.24	1.99	3.44	1.89	1.55	1.88	2.31	1.54	2.35	1.96	2.78	1.93	2.35	2.21	1.64	2.06	2.28	1.95	2.14	2.09	2.66	2.7	1.61	1.2	1.88	1.83	3.26	2.98	2.29	1.95	1.97	1.31	2.34	2.22	3.27	2.93	3.06	2.54	2.85	1.31	1.38	1.26	2.66	1.59	1.33	2.07	2.42	3.07	2.91	1.89	2.33	2.4	2.35	1.09	1.64	2.0	2.46	2.13	1.59	1.92	2.75	1.81	2.35	2.4	1.42	1.9	2.57	2.95	1.42	1.29	1.82	2.24	1.59	1.84	1.75	2.22	1.93	2.28	1.46	1.24	1.61	1.84	2.56	1.64	1.85	1.95	1.99	2.83	2.21	1.97	2.54	1.77	2.06	2.36	3.24	2.37	2.07	2.26	2.22	2.29	2.76	2.35	2.02	2.7	1.75	1.09	2.02	1.47	2.28	2.39	1.74	1.75	1.58	1.88	1.77	2.48	1.22	1.32	1.61	1.83	1.45	1.7	1.89
1.0	2.0	3.0	4.0	5.0	6.0	7.0	8.0	9.0	10.0	11.0	12.0	13.0	14.0	15.0	16.0	17.0	18.0	19.0	20.0	21.0	22.0	23.0	24.0	25.0	26.0	27.0	28.0	29.0	30.0	31.0	32.0	33.0	34.0	35.0	36.0	37.0	38.0	39.0	40.0	41.0	42.0	43.0	44.0	45.0	46.0	47.0	48.0	49.0	50.0	51.0	52.0	53.0	54.0	55.0	56.0	57.0	58.0	59.0	60.0	61.0	62.0	63.0	64.0	65.0	66.0	67.0	68.0	69.0	70.0	71.0	72.0	73.0	74.0	75.0	76.0	77.0	78.0	79.0	80.0	81.0	82.0	83.0	84.0	85.0	86.0	87.0	88.0	89.0	90.0	91.0	92.0	93.0	94.0	95.0	96.0	97.0	98.0	99.0	100.0	101.0	102.0	103.0	104.0	105.0	106.0	107.0	108.0	109.0	110.0	111.0	112.0	113.0	114.0	115.0	116.0	117.0	118.0	119.0	120.0	121.0	122.0	123.0	124.0	125.0	126.0	127.0	128.0	129.0	130.0	131.0	132.0	133.0	134.0	135.0	136.0	137.0	138.0	139.0	140.0	141.0	142.0	143.0	144.0	145.0	146.0	147.0	148.0	149.0	149.0	150.0	151.0	152.0	153.0	154.0	155.0	156.0	157.0	158.0	159.0	160.0	161.0	162.0	163.0	164.0	165.0	166.0	167.0	168.0	169.0	170.0	171.0	172.0	173.0	174.0	175.0	176.0	177.0	178.0	179.0	180.0	181.0	182.0	183.0	184.0	185.0	186.0	187.0	188.0	189.0	190.0	191.0	192.0	193.0	194.0	195.0	196.0	197.0	198.0	199.0	200.0	201.0	202.0	203.0	204.0	205.0	206.0	207.0	208.0	209.0	210.0	211.0	212.0	213.0	214.0	215.0	216.0	217.0	218.0	219.0	220.0	221.0	222.0	223.0	224.0	225.0	226.0	227.0	228.0	229.0	230.0	231.0	232.0	233.0	234.0	235.0	236.0	237.0	238.0	239.0	240.0	241.0	242.0	243.0	244.0	245.0	246.0	247.0	248.0	249.0	250.0	251.0	252.0	253.0	254.0	255.0	256.0	257.0	258.0	259.0	260.0	261.0	262.0	263.0	264.0	265.0	266.0	267.0	268.0	269.0	270.0	271.0	272.0	273.0	274.0	275.0	276.0	277.0	278.0	279.0	280.0	281.0	282.0	283.0	284.0	285.0	286.0	287.0	288.0	289.0	290.0	291.0	292.0	293.0	294.0	295.0	296.0	297.0	298.0	298.0
4980.01234507911
