5998.80709434995	300.0	2000.0	112.79106830510557	0	0.0	5998.80709434995	1	0	1	-2.6435338294181934
6570.585573292666	3000.0	2371.043673163013	0.0	0	0.0	5941.629246455679	1	0	2	-2.3459664195804124
6999.362005255051	3000.0	2899.3895980043885	0.0	0	0.0	5898.75160325944	1	0	2	0.20451555606022992
7405.880697887967	3000.0	3452.2190361081807	0.0	0	0.0	5858.099733996148	1	0	2	0.24415895304516333
7797.696442207577	3000.0	4021.221717356608	0.0	0	0.0	5818.918159564186	1	0	2	0.2838664403912038
8606.637840363519	3000.0	4131.386179385071	0.0	0	0.0	5738.024019748591	1	0	2	0.3521824062609703
9253.42705517142	3000.0	4419.918043096377	0.0	0	0.0	5673.345098267799	1	0	2	0.4204248076202199
9655.33137788489	3000.0	4977.823288111557	0.0	0	0.0	5633.15466599645	1	0	2	0.4659828837549841
10200.0	3000.0	5378.687803784936	0.0	0	86.09863899120137	5578.687803784937	1	0	2	0.509199968058567
11200.0	3000.0	5278.6878037849365	0.0	0	337.6640448174494	5478.687803784938	1	0	2	0.5855468724041243
12555.363181169496	3000.0	4787.788304498492	0.0	0	0.0	5343.15148566799	1	0	2	0.7163895956835207
13412.549160462935	3000.0	4844.883727275708	0.0	0	0.0	5257.432887738645	1	0	2	0.8053531476153177
14259.05218206083	3000.0	4913.730403518026	0.0	0	0.0	5172.782585578856	1	0	2	0.878957881790345
15200.0	3000.0	4878.687803784938	0.0	0	301.4075623837798	5078.6878037849365	1	0	2	0.9447203923944287
16200.0	3000.0	4778.687803784939	0.0	0	285.8255951135452	4978.6878037849365	1	0	2	1.0246072927351524
17200.0	3000.0	4678.687803784936	0.0	0	308.46499751029114	4878.6878037849365	1	0	2	1.102303702886205
18200.0	3000.0	4578.687803784937	0.0	0	468.7167939624451	4778.687803784942	1	0	2	1.1740581411163513
19200.0	3000.0	4478.687803784933	0.0	0	493.97788702402977	4678.687803784938	1	0	2	1.2440384577594896
20200.0	3000.0	4378.687803784936	0.0	0	299.82035008539606	4578.687803784944	1	0	2	1.311697015197832
21200.0	3000.0	4278.687803784936	0.0	0	432.46486660587107	4478.687803784946	1	0	2	1.371867151063976
22200.0	3000.0	4178.6878037849365	0.0	0	395.4229538269392	4378.687803784949	1	0	2	1.4311663461853805
23200.0	3000.0	4078.6878037849388	0.0	0	372.54593878391097	4278.687803784949	1	0	2	1.485834172383325
24200.0	3000.0	3978.6878037849337	0.0	0	507.23094501798187	4178.687803784946	1	0	2	1.5363105308801432
25200.0	3000.0	3878.6878037849324	0.0	0	157.3773569568002	4078.6878037849456	1	0	2	1.5851520802366743
26200.0	3000.0	3778.6878037849315	0.0	0	288.12586535268565	3978.6878037849456	1	0	2	1.629432435122767
27200.0	3000.0	3678.687803784933	0.0	0	290.8894265070121	3878.687803784949	1	0	2	1.6700078793760067
28200.0	3000.0	3578.687803784938	0.0	0	296.867703526299	3778.687803784953	1	0	2	1.7076419273886874
29200.0	3000.0	3478.6878037849424	0.0	0	278.11023143777857	3678.68780378496	1	0	2	1.743308051890463
30200.0	3000.0	3378.6878037849374	0.0	0	279.01467502205196	3578.6878037849565	1	0	2	1.7753264748758908
31200.0	3000.0	3278.6878037849347	0.0	0	392.66128370303704	3478.687803784949	1	0	2	1.804214019482957
32505.12045598755	6000.0	2973.567347797381	0.0	0	0.0	3478.6878037849456	1	0	1	1.8149653622363642
33200.0	3000.0	3209.199849383679	0.0	0	106.58708910818677	3409.1998493836945	1	0	2	0.9350026065629718
34200.0	3000.0	3109.199849383684	0.0	0	383.8856378981436	3309.1998493836945	1	0	2	1.8491919744827003
35200.0	3000.0	3009.1998493836772	0.0	0	481.1907001673826	3209.1998493836945	1	0	2	1.872392891114627
36480.074487874415	6000.0	2729.1253615092487	0.0	0	0.0	3209.1998493836873	1	0	1	1.8811821944291023
37475.121684020276	6000.0	2734.0781653633876	0.0	0	0.0	3209.1998493836873	1	0	1	2.7743293749890476
39279.17144384675	6000.0	1930.0284055369086	0.0	0	0.0	3209.1998493836945	1	0	1	2.774329374989046
39977.00652055369	3000.0	2162.409821159276	0.0	0	0.0	3139.416341713004	1	0	2	0.999733868518157
40489.71133324102	3000.0	2598.4345272032024	0.0	0	0.0	3088.145860444267	1	0	2	1.903902860971104
41719.532548123665	6000.0	2368.6133123205645	0.0	0	0.0	3088.145860444267	1	0	1	1.9061928978145768
42464.423550716114	3000.0	2549.233209468871	0.0	0	0.0	3013.6567601850184	1	0	2	1.023524011483714
44236.973922535595	6000.0	1776.6828376493913	0.0	0	0.0	3013.6567601850184	1	0	1	1.9202889165135382
44843.5776822239	3000.0	2109.4187019922515	0.0	0	0.0	2952.996384216174	1	0	2	1.0354622951890038
45267.22952473647	3000.0	2643.401675228423	0.0	0	0.0	2910.6311999649115	1	0	2	1.9366841235772227
46288.54074587522	6000.0	2622.0904540896568	0.0	0	0.0	2910.6311999649115	1	0	1	1.9382839143997397
47227.35063971613	3000.0	2589.3995708646553	0.0	0	0.0	2816.750210580809	1	0	2	1.0561198640908873
48200.0	3000.0	2519.4852745524113	0.0	0	107.96352900563215	2719.485274552433	1	0	2	1.9638014706469842
49705.67309014341	6000.0	2013.8121844090035	0.0	0	0.0	2719.4852745524404	1	0	1	1.9674926588059598
50292.422463085924	3000.0	2368.387874172252	0.0	0	0.0	2660.810337258212	1	0	2	1.0803872418553688
51200.0	6000.0	2460.8103372581713	0.0	0	204.9843504344317	2660.810337258219	1	0	1	1.9754717785336144
52855.91333286853	6000.0	1804.8970043896418	0.0	0	0.0	2660.810337258219	1	0	1	2.86861895909356
53372.057992091104	3000.0	2237.137879244804	0.0	0	0.0	2609.1958713359636	1	0	2	1.087241583108869
54536.378857334996	6000.0	2072.8170140009115	0.0	0	0.0	2609.1958713359563	1	0	1	1.9821391946908617
55685.91245205672	6000.0	1923.2834192791906	0.0	0	0.0	2609.1958713359636	1	0	1	2.8752863752508064
56615.70407298224	3000.0	1900.51263626112	0.0	0	0.0	2516.21670924341	1	0	2	1.0974390638214735
57572.900187246225	3000.0	1847.5969105707313	0.0	0	0.0	2420.4970978170095	1	0	2	2.0011456826049634
58373.53827624779	3000.0	1966.895012669011	0.0	0	0.0	2340.433288916851	1	0	2	2.010230943441377
59200.0	3000.0	2057.787116541588	0.0	0	302.62389582789183	2257.7871165416364	1	0	2	2.016649806774849
60200.0	2000.0	2057.7871165415786	0.0	0	178.84734678376117	2257.7871165416436	1	0	1	1.2089340214293887
61200.0	3000.0	1957.7871165415822	0.0	0	253.63766225985455	2157.7871165416436	1	0	2	1.4201076042579555
62557.23325070878	6000.0	1600.5538658328085	0.0	0	0.0	2157.7871165416436	1	0	1	2.028492333704115
63292.194924765034	6000.0	1865.5921917765606	0.0	0	0.0	2157.787116541651	1	0	1	2.9216395142640597
64227.43998482684	6000.0	1930.3471317147626	0.0	0	0.0	2157.787116541658	1	0	1	2.9216395142640588
65355.51934577016	6000.0	1802.2677707714392	0.0	0	0.0	2157.787116541658	1	0	1	2.9216395142640588
66713.6331340856	6000.0	1444.1539824560152	0.0	0	0.0	2157.7871165416727	1	0	1	2.9216395142640583
68421.62739739144	6000.0	736.1597191501601	0.0	0	0.0	2157.7871165416727	1	0	1	2.921639514264058
68946.46259816599	2000.0	1211.3245183756167	0.0	0	0.0	2157.7871165416727	1	0	1	0.7244149369278385
69554.32171893316	2000.0	1603.4653976084353	0.0	0	0.0	2157.7871165416727	1	0	1	1.823027225595948
70200.0	2000.0	1957.7871165415836	0.0	0	196.62572056881618	2157.787116541658	1	0	1	1.8230272255959492
71200.0	3000.0	1857.7871165415816	0.0	0	254.7644471457461	2057.787116541658	1	0	2	1.4280464332794394
72200.0	2000.0	1857.7871165415888	0.0	0	507.6975883747218	2057.787116541658	1	0	1	1.2254020450187213
73236.69406051942	6000.0	1821.0930560221718	0.0	0	0.0	2057.787116541658	1	0	1	1.8308671531268859
74639.62564411122	6000.0	1418.1614724303806	0.0	0	0.0	2057.787116541658	1	0	1	2.9294794417949954
75366.17728634545	3000.0	1691.6098301961536	0.0	0	0.0	2057.787116541658	1	0	1	1.543185080675106
76200.0	3000.0	1857.7871165416097	0.0	0	255.04015205918404	2057.7871165416436	1	0	1	2.236332261235052
78257.7171714262	6000.0	800.0699451154239	0.0	0	0.0	2057.787116541658	1	0	1	2.2363322612350505
78926.60097264688	2000.0	1131.1861438947155	0.0	0	0.0	2057.787116541658	1	0	1	0.7322548644587765
79347.61570083955	2000.0	1710.1714157020438	0.0	0	0.0	2057.787116541658	1	0	1	1.830867153126886
80200.0	2000.0	1857.7871165416148	0.0	0	409.5915012945334	2057.787116541658	1	0	1	1.830867153126886
81200.0	3000.0	1757.7871165416077	0.0	0	271.3126292681409	1957.7871165416582	1	0	2	1.4355260200699531
82200.0	3000.0	1657.7871165416143	0.0	0	229.13533589853614	1857.7871165416582	1	0	2	2.047544946635929
83200.0	2000.0	1657.7871165416377	0.0	0	215.13071358595334	1857.7871165416582	1	0	1	1.238988629126652
84200.0	3000.0	1557.7871165416514	0.0	0	64.10469642371754	1757.7871165416582	1	0	2	1.4486911837173808
85335.0565405972	6000.0	1422.7305759444457	0.0	0	0.0	1757.7871165416582	1	0	1	2.0557875394188754
87236.62463806619	6000.0	521.1624784754567	0.0	0	0.0	1757.7871165416582	1	0	1	2.948934719978821
87728.53810045077	2000.0	1029.249016090892	0.0	0	0.0	1757.7871165416582	1	0	1	0.7517101426426017
88200.0	2000.0	1557.7871165416473	0.0	0	111.16149940765172	1757.7871165416582	1	0	1	1.8503224313107114
89200.0	3000.0	1557.787116541652	0.0	0	486.2737996484648	1757.7871165416582	1	0	1	1.8503224313107116
90228.73130103313	3000.0	1529.0558155085323	0.0	0	0.0	1757.7871165416582	1	0	1	2.255787539418876
91411.2860532175	6000.0	1346.5010633241525	0.0	0	0.0	1757.7871165416436	1	0	1	2.255787539418877
92200.0	3000.0	1557.7871165416445	0.0	0	203.17893340511364	1757.7871165416436	1	0	1	1.562640358858932
93200.0	2000.0	1557.7871165416484	0.0	0	426.05887236293347	1757.7871165416436	1	0	1	1.4448573232025477
94200.0	3000.0	1557.7871165416595	0.0	0	172.75396820566675	1757.7871165416436	1	0	1	1.8503224313107123
95200.0	3000.0	1557.7871165416543	0.0	0	113.30213595317036	1757.7871165416436	1	0	1	2.255787539418877
96200.0	3000.0	1557.787116541652	0.0	0	309.8292395127064	1757.7871165416436	1	0	1	2.255787539418877
97200.0	3000.0	1557.787116541656	0.0	0	67.12919940480788	1757.7871165416436	1	0	1	2.255787539418877
98200.0	3000.0	1557.7871165416657	0.0	0	364.42275733365386	1757.7871165416436	1	0	1	2.255787539418877
99200.0	6000.0	1557.7871165416623	0.0	0	237.82522139098728	1757.7871165416436	1	0	1	2.255787539418877
100235.8083873306	6000.0	1521.9787292110627	0.0	0	0.0	1757.7871165416436	1	0	1	2.948934719978822
101241.50028348522	6000.0	1516.286833056439	0.0	0	0.0	1757.7871165416436	1	0	1	2.948934719978822
102291.85428596046	6000.0	1465.9328305811875	0.0	0	0.0	1757.787116541629	1	0	1	2.9489347199788223
103200.0	6000.0	1557.787116541655	0.0	0	197.86916278430726	1757.7871165416145	1	0	1	2.9489347199788236
104200.0	6000.0	1557.7871165416534	0.0	0	72.66125599369116	1757.7871165416145	1	0	1	2.9489347199788236
105896.80977985305	6000.0	860.9773366886076	0.0	0	0.0	1757.7871165416145	1	0	1	2.9489347199788236
106503.54244752033	2000.0	1254.2446690213144	0.0	0	0.0	1757.7871165416145	1	0	1	0.7517101426426043
107423.94499556981	2000.0	1333.8421209718524	0.0	0	0.0	1757.7871165416145	1	0	1	1.8503224313107138
108492.21745892089	2000.0	1265.5696576207679	0.0	0	0.0	1757.7871165416145	1	0	1	1.8503224313107138
109200.0	2000.0	1557.787116541657	0.0	0	70.98043980750663	1757.7871165416145	1	0	1	1.8503224313107138
110200.0	2000.0	1557.7871165416557	0.0	0	264.62584661965957	1757.7871165416145	1	0	1	1.8503224313107138
111200.0	3000.0	1557.787116541652	0.0	0	262.1613654842222	1757.7871165416145	1	0	1	1.850322431310714
112200.0	3000.0	1557.7871165416393	0.0	0	167.78124365748954	1757.7871165416	1	0	1	2.255787539418879
113200.0	3000.0	1557.7871165416375	0.0	0	362.32322717353236	1757.7871165416	1	0	1	2.255787539418879
114417.1177226682	6000.0	1340.6693938734252	0.0	0	0.0	1757.7871165415854	1	0	1	2.25578753941888
115492.98919129396	6000.0	1264.7979252476703	0.0	0	0.0	1757.7871165415854	1	0	1	2.9489347199788254
116200.0	3000.0	1557.7871165416382	0.0	0	123.31651272129966	1757.7871165415854	1	0	1	1.562640358858935
117200.0	6000.0	1557.787116541646	0.0	0	140.44210632282193	1757.7871165415854	1	0	1	2.25578753941888
118200.0	3000.0	1557.7871165416552	0.0	0	116.0267725126032	1757.7871165415709	1	0	1	1.562640358858936
119298.79561574577	6000.0	1458.9915007958907	0.0	0	0.0	1757.7871165415854	1	0	1	2.25578753941888
120803.52308049673	6000.0	954.2640360449489	0.0	0	0.0	1757.7871165416	1	0	1	2.948934719978824
121216.21219712359	2000.0	1541.574919418087	0.0	0	0.0	1757.7871165416	1	0	1	0.7517101426426048
122200.0	2000.0	1557.7871165416793	0.0	0	498.4255212875869	1757.7871165416	1	0	1	1.8503224313107145
123200.0	2000.0	1557.7871165416857	0.0	0	259.3689816301485	1757.7871165415854	1	0	1	1.8503224313107154
124200.0	2000.0	1557.7871165416802	0.0	0	224.45790724632388	1757.7871165415854	1	0	1	1.8503224313107154
125200.0	2000.0	1557.7871165416627	0.0	0	154.8782695709524	1757.7871165415854	1	0	1	1.8503224313107154
126200.0	2000.0	1557.7871165416577	0.0	0	336.9749613337335	1757.7871165415854	1	0	1	1.8503224313107154
127200.0	3000.0	1557.7871165416698	0.0	0	203.48203888724674	1757.7871165416	1	0	1	1.8503224313107145
128200.0	2000.0	1557.7871165416768	0.0	0	518.1607150639902	1757.7871165416	1	0	1	1.44485732320255
129200.0	3000.0	1557.7871165417023	0.0	0	194.01464859269618	1757.7871165416145	1	0	1	1.850322431310714
130200.0	6000.0	1557.7871165416962	0.0	0	63.81024811549287	1757.7871165416	1	0	1	2.255787539418879
131200.0	3000.0	1557.7871165416996	0.0	0	396.56937438707973	1757.7871165415854	1	0	1	1.562640358858935
133204.24915556397	6000.0	553.5379609777424	0.0	0	0.0	1757.7871165416145	1	0	1	2.2557875394188787
133692.00186334507	2000.0	1065.7852531966441	0.0	0	0.0	1757.7871165416145	1	0	1	0.7517101426426043
134347.11985629884	2000.0	1410.6672602428973	0.0	0	0.0	1757.7871165416145	1	0	1	1.8503224313107138
135200.0	2000.0	1557.7871165417087	0.0	0	394.0584249095118	1757.7871165416145	1	0	1	1.8503224313107138
136200.0	3000.0	1557.7871165417023	0.0	0	177.50327408569865	1757.7871165416436	1	0	1	1.8503224313107132
137200.0	3000.0	1557.7871165417203	0.0	0	344.83210571843665	1757.7871165416436	1	0	1	2.255787539418877
138200.0	2000.0	1557.7871165417266	0.0	0	259.4368933920632	1757.7871165416436	1	0	1	1.4448573232025477
139278.2670684413	6000.0	1479.5200481004472	0.0	0	0.0	1757.7871165416436	1	0	1	1.8503224313107123
140257.57737206915	6000.0	1500.2097444725885	0.0	0	0.0	1757.7871165416436	1	0	1	2.948934719978822
141403.26379058475	6000.0	1354.523325956978	0.0	0	0.0	1757.7871165416436	1	0	1	2.948934719978822
143256.5945063823	6000.0	501.1926101594513	0.0	0	0.0	1757.7871165416436	1	0	1	2.948934719978822
143624.95138606132	2000.0	1132.8357304804235	0.0	0	0.0	1757.7871165416145	1	0	1	0.7517101426426043
144200.0	2000.0	1557.7871165417575	0.0	0	218.21050900881528	1757.7871165415854	1	0	1	1.8503224313107154
145200.0	6000.0	1557.787116541741	0.0	0	160.39624511727015	1757.7871165415563	1	0	1	1.8503224313107172
146200.0	6000.0	1557.787116541745	0.0	0	167.54703479999444	1757.7871165415563	1	0	1	2.9489347199788267
147200.0	6000.0	1557.7871165417234	0.0	0	320.77625715118484	1757.7871165415272	1	0	1	2.9489347199788285
148329.8426440381	6000.0	1427.9444725036444	0.0	0	0.0	1757.7871165415272	1	0	1	2.9489347199788285
149485.8902847716	6000.0	1271.8968317701442	0.0	0	0.0	1757.7871165415563	1	0	1	2.9489347199788267
150298.19285953476	6000.0	1459.5942570069417	0.0	0	0.0	1757.7871165415272	1	0	1	2.9489347199788285
151352.7120893308	6000.0	1405.0750272109233	0.0	0	0.0	1757.7871165415563	1	0	1	2.9489347199788267
152200.0	3000.0	1557.7871165417305	0.0	0	139.42543647176353	1757.7871165415563	1	0	1	1.5626403588589368
153200.0	2000.0	1557.7871165416911	0.0	0	260.84969149014796	1757.7871165415272	1	0	1	1.444857323202554
154200.0	3000.0	1457.7871165416923	0.0	0	261.24148950894596	1657.7871165415563	1	0	2	1.4538720670320955
155817.08260058198	6000.0	840.7045159597153	0.0	0	0.0	1657.7871165415854	1	0	1	2.061112850154733
156200.0	2000.0	1457.7871165417225	0.0	0	27.200970636302372	1657.7871165415854	1	0	1	0.757035453378459
157200.0	3000.0	1457.7871165417346	0.0	0	342.24633192594047	1657.7871165416145	1	0	1	1.8556477420465674
158200.0	6000.0	1457.7871165416993	0.0	0	85.73464708006941	1657.7871165415854	1	0	1	2.261112850154733
159381.47119993926	6000.0	1276.3159166024427	0.0	0	0.0	1657.7871165416145	1	0	1	2.954260030714677
161151.82062688735	6000.0	505.96648965437487	0.0	0	0.0	1657.7871165416436	1	0	1	2.9542600307146762
161917.7556261458	2000.0	740.0314903959121	0.0	0	0.0	1657.7871165416727	1	0	1	0.7570354533784556
162537.45852841463	2000.0	1120.3285881270986	0.0	0	0.0	1657.7871165417018	1	0	1	1.8556477420465627
163200.0	2000.0	1457.7871165417275	0.0	0	179.90149168053176	1657.7871165417018	1	0	1	1.8556477420465627
164200.0	3000.0	1457.7871165417366	0.0	0	151.51103615685133	1657.787116541731	1	0	1	1.8556477420465616
165200.0	2000.0	1457.787116541718	0.0	0	479.27116364747053	1657.787116541731	1	0	1	1.4501826339383967
166200.0	3000.0	1457.7871165416925	0.0	0	96.38440465225722	1657.787116541731	1	0	1	1.8556477420465616
167381.5828810133	6000.0	1276.2042355283784	0.0	0	0.0	1657.7871165417018	1	0	1	2.2611128501547277
168200.0	2000.0	1457.7871165416607	0.0	0	306.02115647494793	1657.7871165416727	1	0	1	0.7570354533784546
169533.2526058988	6000.0	1124.5345106428645	0.0	0	0.0	1657.7871165417018	1	0	1	1.8556477420465631
171375.85379454997	6000.0	281.93332199167514	0.0	0	0.0	1657.787116541731	1	0	1	2.954260030714671
171767.774538619	2000.0	890.0125779226233	0.0	0	0.0	1657.78711654176	1	0	1	0.7570354533784504
172281.59392730088	2000.0	1376.1931892407229	0.0	0	0.0	1657.787116541731	1	0	1	1.8556477420465614
173200.0	3000.0	1457.7871165416013	0.0	0	151.54248798964545	1657.7871165417018	1	0	1	1.8556477420465622
174200.0	3000.0	1457.7871165416148	0.0	0	242.43856173779932	1657.7871165417018	1	0	1	2.2611128501547277
175200.0	2000.0	1457.787116541609	0.0	0	413.72022119312896	1657.7871165417018	1	0	1	1.450182633938398
176774.22645502584	6000.0	883.5606615157587	0.0	0	0.0	1657.7871165417018	1	0	1	1.8556477420465631
177424.81885184557	2000.0	1232.9682646959982	0.0	0	0.0	1657.7871165416727	1	0	1	0.7570354533784546
178200.0	2000.0	1457.7871165415731	0.0	0	262.4888842406799	1657.7871165416727	1	0	1	1.8556477420465647
179200.0	3000.0	1457.7871165415784	0.0	0	230.45606923656305	1657.7871165416727	1	0	1	1.8556477420465645
180797.90545443498	6000.0	859.8816621066161	0.0	0	0.0	1657.787116541731	1	0	1	2.2611128501547273
181376.4945250955	2000.0	1281.2925914460707	0.0	0	0.0	1657.787116541731	1	0	1	0.7570354533784518
182200.0	2000.0	1457.7871165415872	0.0	0	187.92624123831047	1657.78711654176	1	0	1	1.85564774204656
183355.64258417636	6000.0	1302.1445323652304	0.0	0	0.0	1657.78711654176	1	0	1	1.8556477420465598
184200.0	6000.0	1457.7871165416273	0.0	0	67.8633130947419	1657.7871165417891	1	0	1	2.9542600307146683
185248.81581726004	6000.0	1408.9712992815867	0.0	0	0.0	1657.7871165417891	1	0	1	2.9542600307146683
186963.74549854564	6000.0	694.0416179959833	0.0	0	0.0	1657.7871165418182	1	0	1	2.954260030714668
187333.91577057593	2000.0	1323.8713459657117	0.0	0	0.0	1657.7871165418182	1	0	1	0.7570354533784474
188200.0	2000.0	1457.7871165416536	0.0	0	405.0584274176508	1657.7871165418182	1	0	1	1.855647742046557
189200.0	2000.0	1457.7871165416484	0.0	0	648.6209280240873	1657.7871165418182	1	0	1	1.855647742046557
190571.2505518047	6000.0	1086.5365647369592	0.0	0	0.0	1657.7871165418182	1	0	1	1.855647742046557
191315.5498678274	3000.0	1342.2372487142968	0.0	0	0.0	1657.7871165418474	1	0	1	1.5679656695947755
192277.21323709228	3000.0	1380.5738794493955	0.0	0	0.0	1657.7871165418474	1	0	1	2.26111285015472
193200.0	2000.0	1457.7871165416655	0.0	0	257.6297438253241	1657.7871165418474	1	0	1	1.450182633938391
194200.0	6000.0	1457.7871165416657	0.0	0	56.130311452870956	1657.7871165418765	1	0	1	1.8556477420465542
195266.5046958954	6000.0	1391.2824206462565	0.0	0	0.0	1657.7871165418765	1	0	1	2.954260030714664
196200.0	3000.0	1457.7871165416373	0.0	0	142.90253337216564	1657.7871165418765	1	0	1	1.5679656695947737
197200.0	2000.0	1457.787116541633	0.0	0	306.7865531075804	1657.7871165418765	1	0	1	1.4501826339383892
198651.99522763083	6000.0	1005.791888910818	0.0	0	0.0	1657.7871165419056	1	0	1	1.8556477420465525
199225.20292590844	3000.0	1432.5841906332298	0.0	0	0.0	1657.7871165419056	1	0	1	1.5679656695947723
200200.0	6000.0	1457.78711654165	0.0	0	203.1112396448152	1657.7871165418765	1	0	1	2.261112850154719
201791.28121333837	6000.0	866.5059032032887	0.0	0	0.0	1657.7871165419056	1	0	1	2.954260030714662
202200.0	2000.0	1457.7871165416534	0.0	0	27.071136144921184	1657.7871165419056	1	0	1	0.7570354533784429
203200.0	3000.0	1457.7871165416425	0.0	0	283.7372913090512	1657.7871165419056	1	0	1	1.8556477420465527
204332.88297804352	6000.0	1324.904138498112	0.0	0	0.0	1657.7871165419056	1	0	1	2.2611128501547175
205267.31867235198	3000.0	1390.4684441896782	0.0	0	0.0	1657.7871165419056	1	0	1	1.5679656695947723
206200.0	3000.0	1457.7871165416493	0.0	0	225.6270418317581	1657.7871165419056	1	0	1	2.261112850154717
207200.0	2000.0	1457.7871165416425	0.0	0	604.2645867801621	1657.7871165419056	1	0	1	1.4501826339383879
208200.0	3000.0	1457.787116541643	0.0	0	187.2393336740206	1657.7871165419056	1	0	1	1.8556477420465527
209200.0	2000.0	1457.787116541658	0.0	0	285.2286379043362	1657.7871165418765	1	0	1	1.4501826339383892
210200.0	3000.0	1457.7871165416745	0.0	0	309.9348400097515	1657.7871165418765	1	0	1	1.855647742046554
211409.0614050544	6000.0	1248.7257114872623	0.0	0	0.0	1657.7871165418765	1	0	1	2.261112850154719
212356.0401864979	6000.0	1301.7469300437747	0.0	0	0.0	1657.7871165419056	1	0	1	2.954260030714662
213562.811722906	6000.0	1094.9753936356942	0.0	0	0.0	1657.7871165419056	1	0	1	2.954260030714662
214210.20360151667	3000.0	1447.5835150250186	0.0	0	0.0	1657.7871165419056	1	0	1	1.5679656695947723
215200.0	6000.0	1457.7871165416946	0.0	0	53.13358968764078	1657.7871165419056	1	0	1	2.261112850154717
216734.17288571718	6000.0	923.6142308245601	0.0	0	0.0	1657.7871165419347	1	0	1	2.9542600307146607
217259.4801568874	2000.0	1398.3069596543116	0.0	0	0.0	1657.7871165419347	1	0	1	0.7570354533784415
218200.0	3000.0	1457.7871165417218	0.0	0	55.08624058964779	1657.7871165419638	1	0	1	1.8556477420465496
219200.0	3000.0	1457.7871165417228	0.0	0	157.52426332479808	1657.7871165419929	1	0	1	2.2611128501547135
220200.0	2000.0	1457.7871165417266	0.0	0	482.43296122175525	1657.7871165419929	1	0	1	1.4501826339383834
221200.0	2000.0	1457.787116541686	0.0	0	216.48384384976816	1657.7871165419638	1	0	1	1.855647742046549
222200.0	6000.0	1457.7871165416977	0.0	0	38.92988480362692	1657.7871165419638	1	0	1	1.8556477420465498
223271.55364177545	6000.0	1386.233474766292	0.0	0	0.0	1657.7871165419929	1	0	1	2.9542600307146576
224871.7241951796	6000.0	786.0629213621659	0.0	0	0.0	1657.7871165419638	1	0	1	2.954260030714658
225259.93299110534	2000.0	1397.854125436442	0.0	0	0.0	1657.7871165419929	1	0	1	0.7570354533784385
226200.0	2000.0	1457.7871165417828	0.0	0	328.98929161796696	1657.7871165419929	1	0	1	1.855647742046548
227200.0	2000.0	1457.7871165417723	0.0	0	183.7037315821508	1657.7871165419929	1	0	1	1.855647742046548
228200.0	2000.0	1457.7871165417682	0.0	0	262.98862424324034	1657.7871165419638	1	0	1	1.8556477420465494
229200.0	3000.0	1457.7871165417757	0.0	0	127.83061617024941	1657.7871165419929	1	0	1	1.8556477420465487
230200.0	3000.0	1457.7871165417885	0.0	0	239.71697044116445	1657.7871165419929	1	0	1	2.2611128501547126
232110.8121393559	6000.0	546.9749771858737	0.0	0	0.0	1657.7871165419929	1	0	1	2.2611128501547126
232505.09570141818	2000.0	1152.6914151236113	0.0	0	0.0	1657.7871165419929	1	0	1	0.7570354533784385
233200.0	2000.0	1457.787116541805	0.0	0	221.10840564384125	1657.787116542022	1	0	1	1.8556477420465467
234200.0	3000.0	1457.787116541828	0.0	0	418.2092982850736	1657.787116542022	1	0	1	1.855647742046547
235719.60682903876	6000.0	938.1802875030401	0.0	0	0.0	1657.787116542022	1	0	1	2.261112850154711
236200.0	2000.0	1457.7871165418069	0.0	0	119.04280067593209	1657.787116542022	1	0	1	0.757035453378437
237200.0	3000.0	1457.7871165418342	0.0	0	508.4456260211882	1657.787116542051	1	0	1	1.8556477420465451
238200.0	3000.0	1457.7871165418387	0.0	0	63.34263161927811	1657.787116542022	1	0	1	2.261112850154711
239200.0	3000.0	1457.787116541857	0.0	0	140.2962360268284	1657.787116542022	1	0	1	2.2611128501547113
240200.0	3000.0	1457.7871165418674	0.0	0	218.21643413207494	1657.787116542051	1	0	1	2.2611128501547104
242063.46569607194	6000.0	594.321420469942	0.0	0	0.0	1657.787116542051	1	0	1	2.26111285015471
242849.0076030721	2000.0	808.7795134697991	0.0	0	0.0	1657.7871165420802	1	0	1	0.7570354533784351
243464.4397293541	2000.0	1193.34738718779	0.0	0	0.0	1657.7871165420802	1	0	1	1.8556477420465436
244240.96462604706	2000.0	1416.8224904948415	0.0	0	0.0	1657.787116542051	1	0	1	1.855647742046545
245200.0	2000.0	1457.7871165418953	0.0	0	237.6597234707442	1657.787116542022	1	0	1	1.855647742046546
246200.0	3000.0	1457.7871165419165	0.0	0	278.45255644098506	1657.7871165419929	1	0	1	1.8556477420465483
247200.0	3000.0	1457.7871165419035	0.0	0	322.15872771205613	1657.7871165419929	1	0	1	2.2611128501547126
248402.72419400438	6000.0	1255.062922537513	0.0	0	0.0	1657.7871165419347	1	0	1	2.2611128501547153
249371.456967873	6000.0	1286.3301486688974	0.0	0	0.0	1657.7871165419347	1	0	1	2.9542600307146607
250200.0	6000.0	1457.787116541897	0.0	0	108.00466141101788	1657.7871165419347	1	0	1	2.9542600307146607
251227.722001991	6000.0	1430.06511455092	0.0	0	0.0	1657.7871165419056	1	0	1	2.954260030714662
252200.0	6000.0	1457.7871165419017	0.0	0	299.38787088319077	1657.7871165418765	1	0	1	2.954260030714664
253397.22170800585	6000.0	1260.565408536056	0.0	0	0.0	1657.7871165418765	1	0	1	2.954260030714664
255396.4906798488	6000.0	261.2964366931223	0.0	0	0.0	1657.7871165418765	1	0	1	2.954260030714664
255939.70478979926	2000.0	718.082326742637	0.0	0	0.0	1657.7871165418765	1	0	1	0.7570354533784444
256845.89823257594	2000.0	811.8888839659724	0.0	0	0.0	1657.7871165418765	1	0	1	1.8556477420465538
257911.61192566366	2000.0	746.175190878239	0.0	0	0.0	1657.7871165418474	1	0	1	1.8556477420465556
258501.06406497429	2000.0	1156.723051567632	0.0	0	0.0	1657.7871165418474	1	0	1	1.8556477420465556
259200.0	2000.0	1457.787116541884	0.0	0	139.15540418753517	1657.7871165418182	1	0	1	1.855647742046557
260200.0	2000.0	1457.7871165418837	0.0	0	459.2521330890595	1657.7871165418182	1	0	1	1.855647742046557
261200.0	3000.0	1457.7871165418792	0.0	0	304.50647753677913	1657.7871165418182	1	0	1	1.8556477420465571
262200.0	3000.0	1457.7871165418783	0.0	0	461.44971973006614	1657.7871165418182	1	0	1	2.2611128501547215
263200.0	6000.0	1457.7871165418214	0.0	0	159.67578452965245	1657.787116541731	1	0	1	2.261112850154724
264200.0	6000.0	1457.787116541737	0.0	0	178.53520552965347	1657.7871165416436	1	0	1	2.9542600307146745
265472.78912841534	6000.0	1184.997988126358	0.0	0	0.0	1657.7871165416436	1	0	1	2.9542600307146754
266900.9865559671	6000.0	756.8005605746336	0.0	0	0.0	1657.7871165416436	1	0	1	2.9542600307146754
267505.34111779847	2000.0	1152.445998743258	0.0	0	0.0	1657.7871165416436	1	0	1	0.7570354533784562
268200.0	2000.0	1457.7871165417387	0.0	0	246.94052035931963	1657.7871165416436	1	0	1	1.8556477420465658
269200.0	3000.0	1457.7871165417382	0.0	0	91.55203916016035	1657.7871165416436	1	0	1	1.855647742046566
270200.0	3000.0	1457.787116541713	0.0	0	430.49482248316053	1657.7871165416436	1	0	1	2.2611128501547304
271325.8644084091	3000.0	1331.9227081326192	0.0	0	0.0	1657.7871165416436	1	0	1	2.2611128501547304
272200.0	2000.0	1457.7871165417394	0.0	0	376.272532870702	1657.7871165416436	1	0	1	1.4501826339384012
273200.0	2000.0	1457.7871165417264	0.0	0	300.69290481094504	1657.7871165416436	1	0	1	1.8556477420465658
274213.31090264913	2000.0	1444.4762138925823	0.0	0	0.0	1657.7871165416436	1	0	1	1.8556477420465658
275200.0	2000.0	1457.787116541788	0.0	0	257.1238334471127	1657.7871165416436	1	0	1	1.8556477420465658
276200.0	2000.0	1457.7871165417516	0.0	0	473.4331712590065	1657.7871165416436	1	0	1	1.8556477420465658
277200.0	2000.0	1457.7871165417753	0.0	0	349.3022049423307	1657.7871165416436	1	0	1	1.8556477420465658
278200.0	3000.0	1457.7871165417894	0.0	0	130.9668047070154	1657.7871165416436	1	0	1	1.855647742046566
279569.6446575466	6000.0	1088.1424589951969	0.0	0	0.0	1657.7871165416436	1	0	1	2.2611128501547304
280200.0	2000.0	1457.7871165418608	0.0	0	11.621395238384139	1657.7871165416436	1	0	1	0.7570354533784562
281200.0	3000.0	1457.7871165418464	0.0	0	400.38709421042586	1657.7871165416436	1	0	1	1.855647742046566
282200.0	2000.0	1457.7871165418558	0.0	0	192.46977354335831	1657.7871165417018	1	0	1	1.4501826339383994
283200.0	2000.0	1457.7871165418514	0.0	0	469.1043782919878	1657.7871165417018	1	0	1	1.8556477420465627
284200.0	3000.0	1457.787116541868	0.0	0	205.54299472790444	1657.7871165416436	1	0	1	1.855647742046566
285200.0	3000.0	1457.787116541859	0.0	0	413.5244629334775	1657.7871165416436	1	0	1	2.2611128501547304
286316.3835032856	6000.0	1341.4036132562799	0.0	0	0.0	1657.7871165415272	1	0	1	2.2611128501547357
287200.0	2000.0	1457.7871165418821	0.0	0	426.3006490149419	1657.7871165415272	1	0	1	0.757035453378462
288200.0	3000.0	1457.7871165419158	0.0	0	191.48562359827338	1657.7871165415272	1	0	1	1.8556477420465718
289200.0	6000.0	1457.7871165419303	0.0	0	61.81038877920946	1657.7871165415272	1	0	1	2.2611128501547366
290200.0	6000.0	1457.7871165419708	0.0	0	174.32060454745078	1657.7871165415272	1	0	1	2.9542600307146816
291822.693899869	6000.0	835.0932166729801	0.0	0	0.0	1657.7871165415272	1	0	1	2.954260030714683
292399.99298633443	2000.0	1257.7941302075237	0.0	0	0.0	1657.7871165415272	1	0	1	0.757035453378462
293200.0	3000.0	1457.7871165419974	0.0	0	65.87333681463497	1657.7871165415272	1	0	1	1.8556477420465718
294324.5972628003	6000.0	1333.1898537417148	0.0	0	0.0	1657.7871165415272	1	0	1	2.2611128501547366
295200.0	3000.0	1457.7871165420258	0.0	0	140.09500211046543	1657.7871165415272	1	0	1	1.5679656695947914
296200.0	6000.0	1457.787116541938	0.0	0	226.8187983633834	1657.7871165414108	1	0	1	2.261112850154741
297200.0	6000.0	1457.7871165419592	0.0	0	191.78095803357428	1657.7871165414108	1	0	1	2.9542600307146873
298432.0736589457	6000.0	1225.7134575961838	0.0	0	0.0	1657.7871165413526	1	0	1	2.95426003071469
299356.9769218864	6000.0	1300.8101946554973	0.0	0	0.0	1657.7871165412944	1	0	1	2.954260030714693
300602.6109181884	6000.0	1055.1761983534584	0.0	0	0.0	1657.7871165412944	1	0	1	2.954260030714693
4.85	6.92	4.96	6.94	4.62	2.19	2.53	4.15	4.47	3.57	4.22	4.99	4.55	5.87	5.8	3.72	4.37	5.02	6.14	2.94	4.52	5.05	3.88	5.24	5.55	4.24	3.8	5.42	7.94	4.7	4.92	4.41	4.63	4.53	6.82	4.71	4.54	3.75	5.69	7.01	3.64	3.05	4.58	5.24	7.32	7.42	3.45	5.42	5.24	4.29	4.22	3.85	5.26	2.9	3.95	4.74	6.88	6.08	4.6	4.99	6.49	3.14	4.43	4.24	3.75	2.86	5.35	5.86	5.24	4.38	4.88	3.39	3.1	4.0	4.75	5.15	3.04	4.16	4.81	4.97	3.44	4.82	4.74	3.81	4.31	5.04	3.88	3.44	3.25	3.65	4.65	3.87	6.21	6.54	7.21	7.14	8.05	7.39	4.34	4.45	3.15	2.97	2.18	3.51	4.48	4.74	4.53	5.93	6.07	4.96	6.3	3.98	4.29	4.49	4.43	3.86	3.37	3.98	2.06	3.08	4.27	3.74	3.86	5.44	4.25	4.31	3.12	3.45	3.53	4.31	4.74	3.31	4.55	6.16	6.58	6.3	3.63	4.64	6.19	4.93	7.12	7.59	5.14	4.83	6.14	4.2	2.83	4.3	5.15	5.19	4.85	6.92	4.96	6.94	4.62	2.19	2.53	4.15	4.47	3.57	4.22	4.99	4.55	5.87	5.8	3.72	4.37	5.02	6.14	2.94	4.52	5.05	3.88	5.24	5.55	4.24	3.8	5.42	7.94	4.7	4.92	4.41	4.63	4.53	6.82	4.71	4.54	3.75	5.69	7.01	3.64	3.05	4.58	5.24	7.32	7.42	3.45	5.42	5.24	4.29	4.22	3.85	5.26	2.9	3.95	4.74	6.88	6.08	4.6	4.99	6.49	3.14	4.43	4.24	3.75	2.86	5.35	5.86	5.24	4.38	4.88	3.39	3.1	4.0	4.75	5.15	3.04	4.16	4.81	4.97	3.44	4.82	4.74	3.81	4.31	5.04	3.88	3.44	3.25	3.65	4.65	3.87	6.21	6.54	7.21	7.14	8.05	7.39	4.34	4.45	3.15	2.97	2.18	3.51	4.48	4.74	4.53	5.93	6.07	4.96	6.3	3.98	4.29	4.49	4.43	3.86	3.37	3.98	2.06	3.08	4.27	3.74	3.86	5.44	4.25	4.31	3.12	3.45	3.53	4.31	4.74	3.31	4.55	6.16	6.58	6.3	3.63	4.64	6.19	4.93	7.12	7.59	5.14	4.83	6.14	4.2	2.83
1.0	2.0	3.0	4.0	5.0	6.0	7.0	8.0	9.0	10.0	11.0	12.0	13.0	14.0	15.0	16.0	17.0	18.0	19.0	20.0	21.0	22.0	23.0	24.0	25.0	26.0	27.0	28.0	29.0	30.0	31.0	32.0	33.0	34.0	35.0	36.0	37.0	38.0	39.0	40.0	41.0	42.0	43.0	44.0	45.0	46.0	47.0	48.0	49.0	50.0	51.0	52.0	53.0	54.0	55.0	56.0	57.0	58.0	59.0	60.0	61.0	62.0	63.0	64.0	65.0	66.0	67.0	68.0	69.0	70.0	71.0	72.0	73.0	74.0	75.0	76.0	77.0	78.0	79.0	80.0	81.0	82.0	83.0	84.0	85.0	86.0	87.0	88.0	89.0	90.0	91.0	92.0	93.0	94.0	95.0	96.0	97.0	98.0	99.0	100.0	101.0	102.0	103.0	104.0	105.0	106.0	107.0	108.0	109.0	110.0	111.0	112.0	113.0	114.0	115.0	116.0	117.0	118.0	119.0	120.0	121.0	122.0	123.0	124.0	125.0	126.0	127.0	128.0	129.0	130.0	131.0	132.0	133.0	134.0	135.0	136.0	137.0	138.0	139.0	140.0	141.0	142.0	143.0	144.0	145.0	146.0	147.0	148.0	149.0	149.0	150.0	151.0	152.0	153.0	154.0	155.0	156.0	157.0	158.0	159.0	160.0	161.0	162.0	163.0	164.0	165.0	166.0	167.0	168.0	169.0	170.0	171.0	172.0	173.0	174.0	175.0	176.0	177.0	178.0	179.0	180.0	181.0	182.0	183.0	184.0	185.0	186.0	187.0	188.0	189.0	190.0	191.0	192.0	193.0	194.0	195.0	196.0	197.0	198.0	199.0	200.0	201.0	202.0	203.0	204.0	205.0	206.0	207.0	208.0	209.0	210.0	211.0	212.0	213.0	214.0	215.0	216.0	217.0	218.0	219.0	220.0	221.0	222.0	223.0	224.0	225.0	226.0	227.0	228.0	229.0	230.0	231.0	232.0	233.0	234.0	235.0	236.0	237.0	238.0	239.0	240.0	241.0	242.0	243.0	244.0	245.0	246.0	247.0	248.0	249.0	250.0	251.0	252.0	253.0	254.0	255.0	256.0	257.0	258.0	259.0	260.0	261.0	262.0	263.0	264.0	265.0	266.0	267.0	268.0	269.0	270.0	271.0	272.0	273.0	274.0	275.0	276.0	277.0	278.0	279.0	280.0	281.0	282.0	283.0	284.0	285.0	286.0	287.0	288.0	289.0	290.0	291.0	292.0	293.0	294.0	295.0	296.0
5792.409651713772
