4836.322728932669	300.0	2000.0	101.09559447572971	0	0.0	4836.322728932669	1	0	1	-1.5366211993792587
5183.242387775305	2000.0	2618.3883752731	0.0	0	0.0	4801.630763048405	1	0	2	-1.323454980865326
5836.407876293251	3000.0	2899.906337903359	0.0	0	0.0	4736.31421419661	1	0	2	0.8151218785820413
6436.020883099169	3000.0	3240.3320304168487	0.0	0	0.0	4676.352913516017	1	0	2	1.2617251581880016
7321.647278892021	3000.0	3266.1429950447114	0.0	0	0.0	4587.790273936732	1	0	2	1.3126979411449313
8392.633457635018	3000.0	3088.0581984274145	0.0	0	0.0	4480.691656062432	1	0	2	1.3785684949264987
9932.069165170564	3000.0	2394.6789201383135	0.0	0	0.0	4326.748085308878	1	0	2	1.4622348625602202
10595.100813325482	3000.0	2665.3441071679026	0.0	0	0.0	4260.444920493386	1	0	2	1.5065754159972216
11286.650803737894	3000.0	2904.63911771425	0.0	0	0.0	4191.289921452145	1	0	2	1.5406716953335804
11808.206195269297	3000.0	3330.9281870297064	0.0	0	0.0	4139.134382299004	1	0	2	1.5672033332719018
12366.13428676993	3000.0	3717.2072863790104	0.0	0	0.0	4083.341573148942	1	0	2	1.5931010673187682
13498.186161556618	3000.0	3471.950224113651	0.0	0	0.0	3970.1363856702737	1	0	2	1.634295250830166
14924.418492221057	3000.0	2903.0946603827683	0.0	0	0.0	3827.5131526038294	1	0	2	1.6904138661048167
15777.84141917913	3000.0	2964.3294407288836	0.0	0	0.0	3742.1708599080175	1	0	2	1.7266080114665168
16793.841685925963	3000.0	2846.729147307365	0.0	0	0.0	3640.5708332333325	1	0	2	1.7587618510574428
17692.56997557914	3000.0	2858.1280286888714	0.0	0	0.0	3550.698004268015	1	0	2	1.7875621045236212
18495.163795034805	3000.0	2975.274827287636	0.0	0	0.0	3470.4386223224483	1	0	2	1.8112367105856522
19238.834152967018	3000.0	3157.2374335622007	0.0	0	0.0	3396.071586529224	1	0	2	1.8318322088194439
20200.0	3000.0	3099.9550018259224	0.0	0	308.6960820716449	3299.9550018259324	1	0	2	1.8522994860567072
21200.0	3000.0	2999.9550018259183	0.0	0	207.5727654425391	3199.955001825929	1	0	2	1.8752935416508536
22200.0	3000.0	2899.9550018259165	0.0	0	348.54308216337813	3099.955001825929	1	0	2	1.8966032295206385
24261.031530871194	6000.0	1838.923470954718	0.0	0	0.0	3099.955001825929	1	0	1	1.9038702308089677
25182.439654635746	3000.0	1825.374534813707	0.0	0	0.0	3007.8141894494656	1	0	2	1.0238098284092234
25977.60366726689	3000.0	1950.6941209194472	0.0	0	0.0	2928.297788186348	1	0	2	1.931579548427718
27327.30603514574	3000.0	1466.0215162527113	0.0	0	0.0	2793.3275513984627	1	0	2	1.9496596283196983
27940.253968089004	2000.0	1853.0735833094416	0.0	0	0.0	2793.327551398459	1	0	1	1.1458837797835733
28834.627657374764	3000.0	1869.2625250951062	0.0	0	0.0	2703.890182469884	1	0	2	1.36160233938677
29541.985755027137	3000.0	2091.1686176774983	0.0	0	0.0	2633.154372704652	1	0	2	1.976910493662776
30200.0	3000.0	2367.352948207349	0.0	0	217.14785562567704	2567.352948207361	1	0	2	1.9840124196603688
31200.0	3000.0	2267.352948207347	0.0	0	391.85377979182886	2467.3529482073573	1	0	2	1.9944472669997824
32212.728094711594	3000.0	2153.352044024593	0.0	0	0.0	2366.0801387362008	1	0	2	2.00687122300705
33929.278092592496	3000.0	1265.1470463555975	0.0	0	0.0	2194.425138948107	1	0	2	2.0215463890505254
34674.025010793106	2000.0	1520.4001281549822	0.0	0	0.0	2194.4251389481033	1	0	1	1.2144962791214688
35200.0	2000.0	1994.4251389480949	0.0	0	41.77328540382587	2194.425138948107	1	0	1	1.8199613872296336
36200.0	3000.0	1994.425138948087	0.0	0	127.19699216605659	2194.425138948114	1	0	1	1.8199613872296334
37200.0	2000.0	1894.4251389480883	0.0	0	397.0915601198067	2094.425138948114	1	0	2	1.0197376191499967
38200.0	3000.0	1794.4251389480914	0.0	0	484.4275668146365	1994.425138948107	1	0	2	1.6326622811212346
39807.42751963083	6000.0	1186.99761931727	0.0	0	0.0	1994.425138948107	1	0	1	2.04092355773806
40393.064225427064	2000.0	1601.3609135210438	0.0	0	0.0	1994.425138948107	1	0	1	0.7368461609617858
41200.0	2000.0	1794.4251389481049	0.0	0	133.62999549550295	1994.425138948107	1	0	1	1.8354584496298953
42223.33182400465	3000.0	1771.0933149434554	0.0	0	0.0	1994.425138948107	1	0	1	1.8354584496298956
43608.71245965234	3000.0	1385.712679295752	0.0	0	0.0	1994.425138948107	1	0	1	2.24092355773806
44701.1993983435	2000.0	1293.2257406045971	0.0	0	0.0	1994.425138948107	1	0	1	1.4299933415217307
45925.72392372621	2000.0	1068.701215221885	0.0	0	0.0	1994.4251389480996	1	0	1	1.835458449629896
47028.71631196232	2000.0	965.7088269857733	0.0	0	0.0	1994.4251389480996	1	0	1	1.835458449629896
47754.45793417548	2000.0	1239.9672047726115	0.0	0	0.0	1994.4251389480996	1	0	1	1.835458449629896
48457.36309463489	2000.0	1537.0620443132057	0.0	0	0.0	1994.4251389480996	1	0	1	1.835458449629896
49200.0	2000.0	1794.4251389481033	0.0	0	258.90532412021275	1994.4251389480924	1	0	1	1.8354584496298965
50200.0	2000.0	1794.4251389481103	0.0	0	369.3130333771405	1994.4251389480924	1	0	1	1.8354584496298965
51351.26042429957	3000.0	1528.0386722185779	0.0	0	0.0	1879.2990965181307	1	0	2	1.4406766044346224
52325.94480216386	2000.0	1553.3542943542916	0.0	0	0.0	1879.299096518138	1	0	1	1.2376500600552016
53321.42999720558	2000.0	1557.8690993125706	0.0	0	0.0	1879.2990965181307	1	0	1	1.8431151681633664
54200.0	2000.0	1679.2990965181561	0.0	0	50.953472190813045	1879.2990965181307	1	0	1	1.8431151681633664
55200.0	2000.0	1679.299096518153	0.0	0	370.1912416116975	1879.2990965181234	1	0	1	1.843115168163367
56200.0	2000.0	1679.2990965181527	0.0	0	271.13702697662666	1879.2990965181234	1	0	1	1.843115168163367
57200.0	2000.0	1679.2990965181546	0.0	0	528.520915985915	1879.2990965181234	1	0	1	1.843115168163367
58200.0	3000.0	1579.2990965181505	0.0	0	69.30974944166519	1779.2990965181161	1	0	2	1.4471138673559079
59200.0	2000.0	1579.299096518146	0.0	0	307.4087779117981	1779.2990965181089	1	0	1	1.2436424838751026
60200.0	2000.0	1579.2990965181466	0.0	0	283.9186456520765	1779.2990965181089	1	0	1	1.8491075919832674
61200.0	3000.0	1579.2990965181593	0.0	0	266.0556938561276	1779.2990965181089	1	0	1	1.8491075919832674
62200.0	3000.0	1579.2990965181548	0.0	0	187.64199292111152	1779.2990965181089	1	0	1	2.254572700091432
63297.74612873283	3000.0	1481.5529677853208	0.0	0	0.0	1779.2990965181089	1	0	1	2.254572700091432
64200.0	2000.0	1579.299096518149	0.0	0	109.00965470431402	1779.2990965181089	1	0	1	1.4436424838751027
65200.0	2000.0	1579.2990965181568	0.0	0	325.99817858888855	1779.2990965181161	1	0	1	1.849107591983267
66200.0	2000.0	1579.2990965181525	0.0	0	225.45980012272776	1779.2990965181089	1	0	1	1.8491075919832674
67200.0	2000.0	1579.299096518152	0.0	0	459.25930830533616	1779.2990965181016	1	0	1	1.8491075919832678
68200.0	2000.0	1579.2990965181373	0.0	0	515.2951448601816	1779.2990965180943	1	0	1	1.849107591983268
69200.0	2000.0	1579.2990965181323	0.0	0	358.22796858131187	1779.2990965180798	1	0	1	1.849107591983269
70200.0	2000.0	1579.2990965181425	0.0	0	95.6274690094433	1779.2990965180943	1	0	1	1.849107591983268
71200.0	2000.0	1579.2990965181389	0.0	0	132.6549852811586	1779.2990965180943	1	0	1	1.849107591983268
72236.22181247758	2000.0	1543.0772840405502	0.0	0	0.0	1779.2990965180943	1	0	1	1.849107591983268
73200.0	2000.0	1579.299096518134	0.0	0	55.12533073688974	1779.2990965180943	1	0	1	1.849107591983268
74200.0	2000.0	1579.2990965181311	0.0	0	395.1689257244143	1779.2990965180943	1	0	1	1.849107591983268
75200.0	2000.0	1579.2990965181243	0.0	0	256.03022014175076	1779.2990965180798	1	0	1	1.849107591983269
76200.0	2000.0	1579.299096518119	0.0	0	269.8609400667192	1779.2990965180798	1	0	1	1.849107591983269
77200.0	2000.0	1579.2990965181148	0.0	0	58.91130285705731	1779.2990965180798	1	0	1	1.849107591983269
78200.0	2000.0	1579.299096518112	0.0	0	28.061494242734625	1779.2990965180798	1	0	1	1.849107591983269
79200.0	2000.0	1579.2990965181077	0.0	0	369.78237525305303	1779.2990965180798	1	0	1	1.849107591983269
80200.0	2000.0	1579.2990965181018	0.0	0	498.36311968236987	1779.2990965180798	1	0	1	1.849107591983269
81200.0	2000.0	1579.2990965181039	0.0	0	595.7272207227215	1779.2990965180798	1	0	1	1.849107591983269
82200.0	6000.0	1579.299096518096	0.0	0	92.9891178234102	1779.2990965180798	1	0	1	1.8491075919832691
83738.70080378145	6000.0	1040.5982927366567	0.0	0	0.0	1779.2990965180798	1	0	1	2.9477198806513787
84605.18750698175	2000.0	1174.1115895363605	0.0	0	0.0	1779.2990965180943	1	0	1	0.7504953033151585
85592.01050604701	2000.0	1187.288590471095	0.0	0	0.0	1779.2990965180943	1	0	1	1.849107591983268
86472.08882434978	2000.0	1307.2102721683218	0.0	0	0.0	1779.2990965180798	1	0	1	1.849107591983269
87328.59362519522	2000.0	1450.70547132287	0.0	0	0.0	1779.2990965180652	1	0	1	1.8491075919832698
88200.0	2000.0	1579.2990965180945	0.0	0	258.30441659323697	1779.2990965180798	1	0	1	1.849107591983269
89200.0	2000.0	1579.2990965181052	0.0	0	389.14217318728333	1779.2990965180798	1	0	1	1.849107591983269
90387.13375718342	2000.0	1392.1653393346814	0.0	0	0.0	1779.2990965180652	1	0	1	1.8491075919832698
91200.0	2000.0	1579.2990965181054	0.0	0	110.29591645215987	1779.2990965180652	1	0	1	1.8491075919832698
92200.0	2000.0	1579.2990965180982	0.0	0	314.41387516848044	1779.2990965180506	1	0	1	1.8491075919832705
93523.08676898373	2000.0	1256.212327534343	0.0	0	0.0	1779.299096518036	1	0	1	1.8491075919832713
94200.0	2000.0	1579.2990965180825	0.0	0	181.43999748511123	1779.299096518036	1	0	1	1.8491075919832713
95200.0	2000.0	1579.2990965180911	0.0	0	433.2143804891384	1779.2990965180506	1	0	1	1.8491075919832705
96200.0	2000.0	1579.2990965181086	0.0	0	296.2042934043857	1779.299096518036	1	0	1	1.8491075919832713
97200.0	3000.0	1579.2990965181225	0.0	0	319.6093392322364	1779.299096518036	1	0	1	1.8491075919832716
98200.0	3000.0	1579.299096518131	0.0	0	118.41767295249156	1779.2990965180506	1	0	1	2.2545727000914355
99200.0	2000.0	1579.2990965181307	0.0	0	354.9993531679793	1779.2990965180506	1	0	1	1.4436424838751059
100200.0	2000.0	1579.299096518123	0.0	0	129.7806300871016	1779.2990965180506	1	0	1	1.8491075919832705
101200.0	2000.0	1579.2990965181234	0.0	0	268.23562863774714	1779.2990965180652	1	0	1	1.8491075919832698
102202.73800675594	2000.0	1576.5610897621877	0.0	0	0.0	1779.2990965180506	1	0	1	1.8491075919832705
103200.0	2000.0	1579.2990965181298	0.0	0	466.1036135501199	1779.2990965180506	1	0	1	1.8491075919832705
104200.0	2000.0	1579.2990965181366	0.0	0	395.70410924496537	1779.2990965180506	1	0	1	1.8491075919832705
105200.0	3000.0	1579.299096518131	0.0	0	113.49562220835651	1779.299096518036	1	0	1	1.8491075919832716
106246.19241572096	3000.0	1533.1066807971897	0.0	0	0.0	1779.2990965180506	1	0	1	2.2545727000914355
107200.0	3000.0	1579.2990965181393	0.0	0	75.41328487610735	1779.299096518036	1	0	1	2.254572700091436
108200.0	3000.0	1579.2990965181457	0.0	0	22.11184399871854	1779.299096518036	1	0	1	2.254572700091436
109200.0	3000.0	1579.2990965181452	0.0	0	300.6718577920692	1779.299096518036	1	0	1	2.254572700091436
110200.0	2000.0	1579.299096518156	0.0	0	249.8869554131088	1779.299096518036	1	0	1	1.4436424838751067
111200.0	3000.0	1579.2990965181743	0.0	0	300.2803092301183	1779.299096518036	1	0	1	1.8491075919832716
112229.75095389702	6000.0	1549.5481426211577	0.0	0	0.0	1779.2990965180215	1	0	1	2.2545727000914373
113200.0	2000.0	1579.2990965181625	0.0	0	331.78605040138063	1779.2990965180215	1	0	1	0.7504953033151627
114200.0	2000.0	1579.2990965181598	0.0	0	235.48919346387265	1779.2990965180215	1	0	1	1.8491075919832722
115200.0	2000.0	1579.299096518164	0.0	0	320.38985833172046	1779.299096518036	1	0	1	1.8491075919832713
116200.0	2000.0	1579.2990965181518	0.0	0	344.1888192039769	1779.299096518036	1	0	1	1.8491075919832713
117200.0	2000.0	1579.2990965181534	0.0	0	137.6336084699724	1779.299096518036	1	0	1	1.8491075919832713
118200.0	2000.0	1579.299096518151	0.0	0	238.05732250915025	1779.2990965180215	1	0	1	1.8491075919832722
119200.0	2000.0	1579.2990965181486	0.0	0	340.01043628519983	1779.2990965180215	1	0	1	1.8491075919832722
120200.0	2000.0	1579.2990965181475	0.0	0	397.28115318789787	1779.2990965180215	1	0	1	1.8491075919832722
121200.0	2000.0	1579.2990965181464	0.0	0	270.0228757325385	1779.2990965180215	1	0	1	1.8491075919832722
122200.0	2000.0	1579.2990965181395	0.0	0	366.9624942394148	1779.299096518007	1	0	1	1.8491075919832731
123200.0	2000.0	1579.2990965181584	0.0	0	529.8151598778059	1779.299096518007	1	0	1	1.8491075919832731
124200.0	2000.0	1579.2990965181436	0.0	0	345.94002448930405	1779.2990965179924	1	0	1	1.849107591983274
125701.75861219782	3000.0	1077.5404843203273	0.0	0	0.0	1779.2990965179924	1	0	1	1.849107591983274
126455.39360951968	2000.0	1323.905486998485	0.0	0	0.0	1779.2990965179924	1	0	1	1.4436424838751094
127242.19530139417	2000.0	1537.1037951240094	0.0	0	0.0	1779.2990965179924	1	0	1	1.849107591983274
128208.61634483965	2000.0	1570.6827516785197	0.0	0	0.0	1779.2990965179924	1	0	1	1.849107591983274
129200.0	2000.0	1579.299096518167	0.0	0	158.00446826664847	1779.2990965179924	1	0	1	1.849107591983274
130200.0	2000.0	1579.299096518174	0.0	0	135.86158642268856	1779.2990965179924	1	0	1	1.849107591983274
131400.07729998123	2000.0	1379.2217965369273	0.0	0	0.0	1779.2990965179924	1	0	1	1.849107591983274
132612.76893697213	2000.0	1166.530159546012	0.0	0	0.0	1779.2990965179633	1	0	1	1.8491075919832745
133580.35394343748	2000.0	1198.9451530806691	0.0	0	0.0	1779.2990965179633	1	0	1	1.8491075919832756
134200.0	2000.0	1579.2990965181689	0.0	0	12.921237704664236	1779.2990965179633	1	0	1	1.8491075919832756
135200.0	2000.0	1579.2990965181662	0.0	0	362.9313853000058	1779.2990965179924	1	0	1	1.8491075919832745
136200.0	2000.0	1579.2990965181516	0.0	0	582.949825971853	1779.2990965179924	1	0	1	1.849107591983274
137200.0	3000.0	1579.2990965181532	0.0	0	340.68397224208456	1779.2990965179924	1	0	1	1.849107591983274
138200.0	3000.0	1579.2990965181561	0.0	0	109.7440941517707	1779.2990965180215	1	0	1	2.254572700091437
139200.0	2000.0	1579.2990965181523	0.0	0	394.97842026132275	1779.2990965180215	1	0	1	1.4436424838751076
140200.0	2000.0	1479.2990965181348	0.0	0	319.6532859104336	1679.2990965180215	1	0	2	1.4526557350898104
141200.0	3000.0	1479.2990965181461	0.0	0	143.91341255340376	1679.2990965180215	1	0	1	1.6545455071096289
142200.0	2000.0	1479.2990965181377	0.0	0	518.8194943385315	1679.2990965180215	1	0	1	1.4490803990014642
143200.0	2000.0	1479.2990965181252	0.0	0	537.8036871114164	1679.2990965180215	1	0	1	1.8545455071096288
144200.0	3000.0	1479.2990965181345	0.0	0	161.84046727448003	1679.2990965180506	1	0	1	1.8545455071096275
145200.0	2000.0	1479.2990965181677	0.0	0	220.38073519733734	1679.2990965180506	1	0	1	1.4490803990014627
146200.0	2000.0	1479.2990965181405	0.0	0	284.76770577553543	1679.2990965180506	1	0	1	1.8545455071096273
147200.0	2000.0	1479.299096518147	0.0	0	427.29977023624815	1679.2990965180506	1	0	1	1.8545455071096273
148200.0	2000.0	1479.2990965181468	0.0	0	404.3178354803531	1679.2990965180506	1	0	1	1.8545455071096273
149200.0	2000.0	1479.2990965181768	0.0	0	311.75207052586484	1679.2990965180798	1	0	1	1.854545507109626
150200.0	2000.0	1479.2990965181857	0.0	0	137.83382790078758	1679.2990965180798	1	0	1	1.854545507109626
151200.0	2000.0	1479.2990965181884	0.0	0	203.45290126019972	1679.2990965180798	1	0	1	1.854545507109626
152200.0	3000.0	1479.2990965182114	0.0	0	250.25133656270918	1679.2990965180798	1	0	1	1.8545455071096262
153200.0	2000.0	1479.2990965182307	0.0	0	343.3062257221027	1679.2990965180798	1	0	1	1.4490803990014614
154200.0	2000.0	1479.299096518226	0.0	0	468.0504102555569	1679.2990965180798	1	0	1	1.854545507109626
155200.0	3000.0	1379.299096518205	0.0	0	449.81358935459866	1579.2990965180506	1	0	2	1.457628333353488
156700.2870341838	6000.0	879.012062334383	0.0	0	0.0	1579.2990965180506	1	0	1	2.064943989489673
157346.14381324232	2000.0	1233.1552832758512	0.0	0	0.0	1579.2990965180506	1	0	1	0.760866592713399
158200.0	2000.0	1379.2990965181802	0.0	0	75.02493465447333	1579.2990965180798	1	0	1	1.859478881381507
159200.0	2000.0	1379.2990965181953	0.0	0	332.32732769823633	1579.2990965180798	1	0	1	1.859478881381507
160200.0	2000.0	1379.299096518197	0.0	0	405.16112773903296	1579.2990965180798	1	0	1	1.859478881381507
161200.0	3000.0	1379.2990965182032	0.0	0	341.3078103301232	1579.2990965180798	1	0	1	1.8594788813815073
163066.15298993568	6000.0	513.1461065824899	0.0	0	0.0	1579.2990965180506	1	0	1	2.264943989489673
163874.62892347784	2000.0	704.6701730403358	0.0	0	0.0	1579.2990965180506	1	0	1	0.760866592713399
164647.78345520078	2000.0	931.5156413173883	0.0	0	0.0	1579.2990965180798	1	0	1	1.859478881381507
165326.01033214334	2000.0	1253.2887643748072	0.0	0	0.0	1579.2990965180506	1	0	1	1.8594788813815086
166200.0	2000.0	1379.2990965181668	0.0	0	193.32472286670236	1579.2990965180215	1	0	1	1.85947888138151
167200.0	2000.0	1379.299096518154	0.0	0	542.2282307414862	1579.2990965180215	1	0	1	1.85947888138151
168200.0	2000.0	1379.2990965181505	0.0	0	397.65289899572963	1579.2990965180215	1	0	1	1.85947888138151
169200.0	2000.0	1379.2990965181236	0.0	0	456.5439876190794	1579.2990965179924	1	0	1	1.8594788813815113
170200.0	3000.0	1379.2990965180975	0.0	0	366.118203103455	1579.2990965179924	1	0	1	1.8594788813815115
171200.0	3000.0	1379.2990965180693	0.0	0	114.10492785077076	1579.2990965179924	1	0	1	2.264943989489676
172200.0	3000.0	1379.2990965180452	0.0	0	267.3689861681487	1579.2990965179924	1	0	1	2.264943989489676
173200.0	2000.0	1379.2990965180718	0.0	0	503.117631872301	1579.2990965180215	1	0	1	1.4540137732733454
174200.0	2000.0	1379.2990965180975	0.0	0	376.2911942587816	1579.2990965180215	1	0	1	1.85947888138151
175200.0	3000.0	1379.2990965181245	0.0	0	280.70588789865724	1579.2990965180506	1	0	1	1.8594788813815089
176200.0	2000.0	1379.2990965181314	0.0	0	257.3631237196096	1579.2990965180506	1	0	1	1.4540137732733447
177200.0	2000.0	1379.2990965181111	0.0	0	172.03779208366177	1579.2990965180215	1	0	1	1.85947888138151
178200.0	2000.0	1379.2990965181032	0.0	0	434.10176779236645	1579.2990965180215	1	0	1	1.85947888138151
179200.0	3000.0	1379.2990965181248	0.0	0	367.246611608658	1579.2990965180215	1	0	1	1.8594788813815102
181042.43505115723	6000.0	536.8640453608753	0.0	0	0.0	1579.2990965180215	1	0	1	2.264943989489675
182207.42417302006	2000.0	371.87492349806485	0.0	0	0.0	1579.2990965180798	1	0	1	0.7608665927133982
182966.9569425584	2000.0	716.7457552474682	104.40360128777371	0	0.0	1683.7026978058857	1	0	1	1.2278954053488347
183530.8382744269	2000.0	1152.8644233789585	0.0	0	0.0	1683.7026978058857	1	0	1	1.854317013075477
184200.0	2000.0	1483.7026978058345	0.0	0	124.25275367088034	1683.7026978058857	1	0	1	1.854317013075477
185200.0	3000.0	1483.7026978058373	0.0	0	351.0113303884864	1683.7026978059148	1	0	1	1.8543170130754754
186200.0	2000.0	1483.7026978058268	0.0	0	239.15646191779524	1683.7026978059148	1	0	1	1.4488519049673105
187200.0	3000.0	1483.7026978058261	0.0	0	308.03300003986806	1683.7026978059148	1	0	1	1.8543170130754754
188855.41382200818	6000.0	828.2888757976632	0.0	0	0.0	1683.702697805944	1	0	1	2.259782121183638
189710.98140380296	2000.0	972.721294002887	0.0	0	0.0	1683.702697805973	1	0	1	0.7557047244073626
190224.84779717648	2000.0	1458.854900629353	0.0	0	0.0	1683.702697805973	1	0	1	1.8543170130754723
191200.0	2000.0	1483.702697805814	0.0	0	553.7425406399416	1683.702697805944	1	0	1	1.8543170130754731
192200.0	2000.0	1483.7026978058043	0.0	0	322.7403387820232	1683.7026978059148	1	0	1	1.8543170130754745
193200.0	2000.0	1483.702697805787	0.0	0	0.7991745555191301	1683.7026978059148	1	0	1	1.8543170130754751
194200.0	2000.0	1483.7026978057902	0.0	0	104.53351735603064	1683.7026978059148	1	0	1	1.8543170130754751
195219.39683118986	2000.0	1464.3058666159243	0.0	0	0.0	1683.7026978059148	1	0	1	1.8543170130754751
196200.0	2000.0	1483.7026978057938	0.0	0	178.07108330712072	1683.7026978059148	1	0	1	1.8543170130754751
197200.0	2000.0	1483.7026978057863	0.0	0	413.7079352471628	1683.7026978058857	1	0	1	1.854317013075477
198200.0	2000.0	1483.7026978057766	0.0	0	233.6875604361412	1683.7026978059148	1	0	1	1.8543170130754754
199200.0	3000.0	1483.7026978057606	0.0	0	347.59862869165954	1683.7026978058857	1	0	1	1.8543170130754763
200200.0	3000.0	1483.7026978057613	0.0	0	365.9137025528471	1683.7026978058857	1	0	1	2.2597821211836417
201200.0	2000.0	1483.7026978057359	0.0	0	173.55564077018062	1683.7026978058857	1	0	1	1.4488519049673123
202200.0	2000.0	1483.7026978057534	0.0	0	182.48832868953468	1683.7026978059148	1	0	1	1.8543170130754754
203200.0	2000.0	1483.7026978057531	0.0	0	200.8754230074992	1683.702697805944	1	0	1	1.8543170130754738
204200.0	2000.0	1483.702697805723	0.0	0	240.73391207584064	1683.7026978059148	1	0	1	1.8543170130754747
205200.0	2000.0	1483.7026978057204	0.0	0	529.1716637307545	1683.7026978059148	1	0	1	1.8543170130754751
206200.0	2000.0	1483.702697805707	0.0	0	277.72402234066976	1683.702697805944	1	0	1	1.8543170130754738
207200.0	3000.0	1483.7026978056886	0.0	0	1.0349661206128076	1683.7026978059148	1	0	1	1.8543170130754754
208200.0	2000.0	1483.7026978056888	0.0	0	238.39516087970696	1683.7026978058857	1	0	1	1.448851904967312
209200.0	2000.0	1483.7026978056663	0.0	0	445.900084610912	1683.7026978058857	1	0	1	1.854317013075477
210200.0	3000.0	1483.7026978056358	0.0	0	38.33681005175458	1683.7026978058857	1	0	1	1.8543170130754771
211200.0	3000.0	1483.7026978056417	0.0	0	163.49500944805914	1683.7026978058857	1	0	1	2.2597821211836417
212200.0	3000.0	1483.7026978056615	0.0	0	378.4407140437688	1683.7026978058857	1	0	1	2.2597821211836417
213200.0	2000.0	1483.7026978056817	0.0	0	396.5272880249249	1683.7026978058857	1	0	1	1.4488519049673123
214200.0	2000.0	1483.7026978057033	0.0	0	275.7975336013769	1683.7026978059148	1	0	1	1.8543170130754751
215200.0	2000.0	1483.7026978057097	0.0	0	229.974892977305	1683.7026978059148	1	0	1	1.8543170130754751
216200.0	2000.0	1483.7026978057013	0.0	0	326.2709619717207	1683.7026978059148	1	0	1	1.8543170130754747
217200.0	2000.0	1483.7026978056922	0.0	0	245.8885372830846	1683.7026978059148	1	0	1	1.8543170130754751
218200.0	2000.0	1483.702697805686	0.0	0	300.2032743197633	1683.7026978058857	1	0	1	1.8543170130754763
219200.0	2000.0	1483.7026978057033	0.0	0	158.15977859072154	1683.7026978059148	1	0	1	1.8543170130754751
220215.06387129732	2000.0	1468.638826508434	0.0	0	0.0	1683.702697805944	1	0	1	1.8543170130754738
221268.4311796967	2000.0	1415.2715181090778	0.0	0	0.0	1683.702697805973	1	0	1	1.8543170130754723
222248.09732504224	2000.0	1435.6053727635358	0.0	0	0.0	1683.702697806002	1	0	1	1.8543170130754707
223200.0	2000.0	1483.7026978057843	0.0	0	176.25668608222622	1683.7026978060312	1	0	1	1.8543170130754696
224200.0	2000.0	1483.702697805744	0.0	0	130.10082152445102	1683.7026978060312	1	0	1	1.8543170130754694
225200.0	2000.0	1483.7026978057554	0.0	0	183.91162488545524	1683.7026978060312	1	0	1	1.8543170130754696
226200.0	2000.0	1483.7026978057577	0.0	0	316.83568307495443	1683.7026978060603	1	0	1	1.8543170130754687
227293.925608149	2000.0	1389.7770896567677	0.0	0	0.0	1683.7026978060312	1	0	1	1.8543170130754694
228200.0	2000.0	1483.702697805762	0.0	0	200.8454185545561	1683.7026978060312	1	0	1	1.8543170130754694
229200.0	2000.0	1483.7026978057627	0.0	0	322.94216689033783	1683.7026978060312	1	0	1	1.8543170130754694
230200.0	2000.0	1483.7026978057838	0.0	0	496.93182715657167	1683.7026978060894	1	0	1	1.8543170130754667
231504.46462359367	6000.0	1179.2380742121068	0.0	0	0.0	1683.7026978060894	1	0	1	1.8543170130754665
232420.16506405105	3000.0	1263.5376337547457	0.0	0	0.0	1683.7026978060894	1	0	1	1.5666349406236861
233200.0	2000.0	1483.7026978057954	0.0	0	182.93359986838186	1683.7026978060603	1	0	1	1.4488519049673032
234200.0	2000.0	1483.702697805776	0.0	0	245.4751216417062	1683.7026978060312	1	0	1	1.8543170130754694
235200.0	2000.0	1483.7026978057895	0.0	0	130.17679409889388	1683.7026978060312	1	0	1	1.8543170130754694
236200.0	2000.0	1483.7026978057825	0.0	0	122.7684195128677	1683.7026978060312	1	0	1	1.8543170130754694
237200.0	2000.0	1483.7026978057665	0.0	0	108.59699364670087	1683.702697806002	1	0	1	1.8543170130754707
238200.0	2000.0	1483.7026978057854	0.0	0	292.0775042026944	1683.702697805973	1	0	1	1.8543170130754723
239269.391643857	2000.0	1414.311053948817	0.0	0	0.0	1683.702697806002	1	0	1	1.8543170130754707
240200.0	2000.0	1483.7026978058316	0.0	0	77.50875119163538	1683.702697806002	1	0	1	1.8543170130754707
241200.0	2000.0	1483.7026978058618	0.0	0	59.75068490341073	1683.702697806002	1	0	1	1.8543170130754707
242200.0	2000.0	1483.7026978058518	0.0	0	222.1065166645858	1683.702697805973	1	0	1	1.8543170130754723
243200.0	2000.0	1483.7026978058384	0.0	0	330.2733229563746	1683.702697806002	1	0	1	1.854317013075471
244200.0	2000.0	1483.7026978058389	0.0	0	560.2808929112798	1683.702697806002	1	0	1	1.8543170130754707
245200.0	2000.0	1483.7026978058434	0.0	0	434.5261380136362	1683.702697805973	1	0	1	1.8543170130754718
246200.0	2000.0	1483.7026978058423	0.0	0	403.2399045758066	1683.702697805944	1	0	1	1.8543170130754731
247200.0	3000.0	1483.7026978058493	0.0	0	428.0342837161734	1683.702697805944	1	0	1	1.854317013075474
248200.0	2000.0	1483.7026978058514	0.0	0	306.3643321264535	1683.702697805973	1	0	1	1.4488519049673076
249200.0	2000.0	1483.702697805878	0.0	0	321.4741463447863	1683.702697806002	1	0	1	1.854317013075471
250200.0	2000.0	1483.7026978058807	0.0	0	164.8519249711244	1683.702697806002	1	0	1	1.8543170130754707
251200.0	2000.0	1483.7026978058477	0.0	0	40.597688257927075	1683.702697805973	1	0	1	1.8543170130754723
252200.0	2000.0	1483.702697805851	0.0	0	269.3886179357942	1683.702697805973	1	0	1	1.8543170130754723
253200.0	2000.0	1483.7026978058411	0.0	0	613.2695976375253	1683.702697805973	1	0	1	1.8543170130754723
254200.0	2000.0	1483.7026978058784	0.0	0	473.1782092107169	1683.702697806002	1	0	1	1.8543170130754711
255200.0	2000.0	1483.7026978058936	0.0	0	250.1438866435492	1683.702697806002	1	0	1	1.8543170130754707
256200.0	3000.0	1483.702697805881	0.0	0	220.64994839168503	1683.702697806002	1	0	1	1.854317013075471
257200.0	3000.0	1483.7026978058989	0.0	0	230.8377392757393	1683.7026978060312	1	0	1	2.2597821211836346
258200.0	3000.0	1483.70269780593	0.0	0	211.2080923471367	1683.7026978060312	1	0	1	2.259782121183634
259200.0	2000.0	1483.7026978059223	0.0	0	293.3522921021504	1683.7026978060312	1	0	1	1.4488519049673048
260200.0	3000.0	1483.7026978059182	0.0	0	235.88589139422402	1683.7026978060603	1	0	1	1.8543170130754678
261200.0	3000.0	1483.7026978058996	0.0	0	182.05825748373172	1683.7026978060603	1	0	1	2.2597821211836324
262200.0	3000.0	1483.7026978059441	0.0	0	4.700846834864933	1683.7026978060894	1	0	1	2.2597821211836324
263200.0	2000.0	1483.7026978060178	0.0	0	136.00343207432888	1683.7026978061476	1	0	1	1.4488519049672997
264200.0	2000.0	1483.7026978059992	0.0	0	126.92156217730371	1683.7026978061185	1	0	1	1.8543170130754654
265200.0	2000.0	1483.7026978059794	0.0	0	503.0188910077559	1683.7026978061185	1	0	1	1.8543170130754647
266200.0	2000.0	1483.702697806	0.0	0	375.74412048520753	1683.7026978060603	1	0	1	1.8543170130754665
267200.0	2000.0	1483.7026978059955	0.0	0	418.101393889694	1683.7026978060603	1	0	1	1.8543170130754678
268200.0	2000.0	1483.7026978060028	0.0	0	509.3135020635673	1683.7026978060603	1	0	1	1.8543170130754678
269200.0	2000.0	1483.7026978060064	0.0	0	30.871325438085478	1683.702697806002	1	0	1	1.8543170130754707
270200.0	2000.0	1483.7026978059855	0.0	0	162.94728372542886	1683.702697806002	1	0	1	1.8543170130754707
271200.0	2000.0	1483.7026978060312	0.0	0	304.0877475843881	1683.702697806002	1	0	1	1.8543170130754707
272200.0	2000.0	1483.7026978060235	0.0	0	446.86798665998504	1683.702697806002	1	0	1	1.8543170130754707
273200.0	2000.0	1483.70269780596	0.0	0	353.259167502285	1683.702697805944	1	0	1	1.8543170130754738
274200.0	3000.0	1483.7026978059832	0.0	0	80.09924083994702	1683.702697805944	1	0	1	1.854317013075474
275200.0	2000.0	1483.702697806002	0.0	0	186.83650606905576	1683.702697806002	1	0	1	1.448851904967306
276200.0	2000.0	1483.7026978060082	0.0	0	184.35462887509493	1683.702697806002	1	0	1	1.8543170130754707
277200.0	2000.0	1483.7026978059441	0.0	0	68.45888561289757	1683.702697806002	1	0	1	1.8543170130754707
278200.0	2000.0	1483.7026978059462	0.0	0	127.16433203039924	1683.702697806002	1	0	1	1.8543170130754707
279200.0	2000.0	1483.7026978059937	0.0	0	381.749670899997	1683.702697806002	1	0	1	1.8543170130754707
280207.73257002083	2000.0	1475.9701277851648	0.0	0	107.76573650020873	1683.702697806002	1	0	1	1.8543170130754707
281612.38611481996	2000.0	1071.3165829861118	0.0	0	0.0	1683.702697806002	1	0	1	1.8543170130754707
282520.00735111546	2000.0	1163.6953466905998	0.0	0	0.0	1683.702697806002	1	0	1	1.8543170130754707
283475.685274733	2000.0	1208.0174230730386	0.0	0	0.0	1683.702697806002	1	0	1	1.8543170130754707
284200.0	2000.0	1483.702697806072	0.0	0	206.64604565832997	1683.7026978060603	1	0	1	1.8543170130754678
285200.0	2000.0	1483.7026978061128	0.0	0	471.65300708200084	1683.702697806002	1	0	1	1.8543170130754694
286200.0	3000.0	1483.7026978061135	0.0	0	394.7752491495339	1683.702697806002	1	0	1	1.854317013075471
287431.46453386714	3000.0	1252.2381639389469	0.0	0	0.0	1683.702697806002	1	0	1	2.2597821211836355
288200.0	2000.0	1483.702697806123	0.0	0	182.63415337220067	1683.702697806002	1	0	1	1.448851904967306
289200.0	2000.0	1483.702697806133	0.0	0	448.41311975498684	1683.702697806002	1	0	1	1.8543170130754707
290200.0	2000.0	1483.702697806139	0.0	0	425.0591216739849	1683.702697806002	1	0	1	1.8543170130754707
291200.0	2000.0	1483.7026978062047	0.0	0	284.60114089847775	1683.702697806002	1	0	1	1.8543170130754707
292200.0	2000.0	1483.7026978061365	0.0	0	257.5318457458052	1683.702697806002	1	0	1	1.85431701307547
293200.0	2000.0	1483.7026978061126	0.0	0	486.7991620548419	1683.7026978060603	1	0	1	1.8543170130754691
294200.0	2000.0	1483.7026978060553	0.0	0	160.6258072264609	1683.702697806002	1	0	1	1.8543170130754707
295200.0	2000.0	1483.7026978060169	0.0	0	395.8270141670364	1683.702697805944	1	0	1	1.8543170130754727
296200.0	2000.0	1483.7026978060608	0.0	0	282.46597561746603	1683.702697805944	1	0	1	1.8543170130754738
297200.0	3000.0	1483.7026978060921	0.0	0	199.8190703887376	1683.702697805944	1	0	1	1.854317013075474
298200.0	2000.0	1483.7026978061215	0.0	0	523.2567237005569	1683.702697805944	1	0	1	1.4488519049673092
299200.0	2000.0	1483.7026978061012	0.0	0	20.732768399990164	1683.702697805944	1	0	1	1.8543170130754738
300200.0	2000.0	1483.7026978060976	0.0	0	325.1535262100515	1683.702697805944	1	0	1	1.8543170130754738
5.07	5.92	2.99	3.17	1.88	3.9	6.06	4.73	3.15	2.39	3.42	4.09	3.48	3.97	3.06	4.52	3.59	5.02	3.38	3.46	4.31	3.5	2.19	4.23	5.53	5.13	2.78	2.78	1.47	2.75	4.76	2.88	4.63	5.94	3.23	2.68	3.76	3.87	2.59	1.69	1.88	2.29	2.62	3.45	3.85	5.17	2.79	2.51	2.56	3.28	3.86	3.58	3.92	3.02	3.31	4.03	4.27	4.24	2.95	2.81	2.35	3.28	3.64	3.14	2.15	2.75	1.92	2.46	2.95	2.78	2.55	2.42	1.89	2.88	3.72	3.85	5.26	5.09	3.94	2.12	2.86	2.95	2.73	3.36	2.42	1.89	2.55	2.86	1.67	3.73	3.98	3.81	4.76	3.32	2.81	3.3	2.17	2.56	4.23	4.45	3.3	3.51	4.0	4.37	2.83	3.7	5.79	3.88	3.04	2.17	3.28	3.68	2.88	3.52	2.54	2.62	3.6	3.72	3.34	3.54	1.92	3.56	3.35	2.11	2.85	3.05	1.05	2.21	2.36	2.83	4.56	5.14	3.96	2.36	3.12	3.75	3.93	3.48	3.87	2.4	3.34	2.93	3.85	3.56	3.36	2.42	3.86	3.44	3.08	3.97	5.07	5.92	2.99	3.17	1.88	3.9	6.06	4.73	3.15	2.39	3.42	4.09	3.48	3.97	3.06	4.52	3.59	5.02	3.38	3.46	4.31	3.5	2.19	4.23	5.53	5.13	2.78	2.78	1.47	2.75	4.76	2.88	4.63	5.94	3.23	2.68	3.76	3.87	2.59	1.69	1.88	2.29	2.62	3.45	3.85	5.17	2.79	2.51	2.56	3.28	3.86	3.58	3.92	3.02	3.31	4.03	4.27	4.24	2.95	2.81	2.35	3.28	3.64	3.14	2.15	2.75	1.92	2.46	2.95	2.78	2.55	2.42	1.89	2.88	3.72	3.85	5.26	5.09	3.94	2.12	2.86	2.95	2.73	3.36	2.42	1.89	2.55	2.86	1.67	3.73	3.98	3.81	4.76	3.32	2.81	3.3	2.17	2.56	4.23	4.45	3.3	3.51	4.0	4.37	2.83	3.7	5.79	3.88	3.04	2.17	3.28	3.68	2.88	3.52	2.54	2.62	3.6	3.72	3.34	3.54	1.92	3.56	3.35	2.11	2.85	3.05	1.05	2.21	2.36	2.83	4.56	5.14	3.96	2.36	3.12	3.75	3.93	3.48	3.87	2.4	3.34	2.93	3.85	3.56	3.36	2.42	3.86	3.44	3.08	3.97
1.0	2.0	3.0	4.0	5.0	6.0	7.0	8.0	9.0	10.0	11.0	12.0	13.0	14.0	15.0	16.0	17.0	18.0	19.0	20.0	21.0	22.0	23.0	24.0	25.0	26.0	27.0	28.0	29.0	30.0	31.0	32.0	33.0	34.0	35.0	36.0	37.0	38.0	39.0	40.0	41.0	42.0	43.0	44.0	45.0	46.0	47.0	48.0	49.0	50.0	51.0	52.0	53.0	54.0	55.0	56.0	57.0	58.0	59.0	60.0	61.0	62.0	63.0	64.0	65.0	66.0	67.0	68.0	69.0	70.0	71.0	72.0	73.0	74.0	75.0	76.0	77.0	78.0	79.0	80.0	81.0	82.0	83.0	84.0	85.0	86.0	87.0	88.0	89.0	90.0	91.0	92.0	93.0	94.0	95.0	96.0	97.0	98.0	99.0	100.0	101.0	102.0	103.0	104.0	105.0	106.0	107.0	108.0	109.0	110.0	111.0	112.0	113.0	114.0	115.0	116.0	117.0	118.0	119.0	120.0	121.0	122.0	123.0	124.0	125.0	126.0	127.0	128.0	129.0	130.0	131.0	132.0	133.0	134.0	135.0	136.0	137.0	138.0	139.0	140.0	141.0	142.0	143.0	144.0	145.0	146.0	147.0	148.0	149.0	149.0	150.0	151.0	152.0	153.0	154.0	155.0	156.0	157.0	158.0	159.0	160.0	161.0	162.0	163.0	164.0	165.0	166.0	167.0	168.0	169.0	170.0	171.0	172.0	173.0	174.0	175.0	176.0	177.0	178.0	179.0	180.0	181.0	182.0	183.0	184.0	185.0	186.0	187.0	188.0	189.0	190.0	191.0	192.0	193.0	194.0	195.0	196.0	197.0	198.0	199.0	200.0	201.0	202.0	203.0	204.0	205.0	206.0	207.0	208.0	209.0	210.0	211.0	212.0	213.0	214.0	215.0	216.0	217.0	218.0	219.0	220.0	221.0	222.0	223.0	224.0	225.0	226.0	227.0	228.0	229.0	230.0	231.0	232.0	233.0	234.0	235.0	236.0	237.0	238.0	239.0	240.0	241.0	242.0	243.0	244.0	245.0	246.0	247.0	248.0	249.0	250.0	251.0	252.0	253.0	254.0	255.0	256.0	257.0	258.0	259.0	260.0	261.0	262.0	263.0	264.0	265.0	266.0	267.0	268.0	269.0	270.0	271.0	272.0	273.0	274.0	275.0	276.0	277.0	278.0	279.0	280.0	281.0	282.0	283.0	284.0	285.0	286.0	287.0	288.0	289.0	290.0	291.0	292.0	293.0	294.0	295.0	296.0	297.0	298.0	298.0
4639.41106288215
