5048.438094484166	300.0	2000.0	97.58666495120684	0	0.0	5048.438094484166	1	0	1	-1.6757876718566047
5508.339131037415	3000.0	2494.108859791425	0.0	0	0.0	5002.44799082884	1	0	2	-1.476532183800006
6243.178248742405	3000.0	2685.7858303159355	0.0	0	0.0	4928.964079058341	1	0	2	1.075192729384554
6806.986081534483	3000.0	3065.5972142446503	0.0	0	0.0	4872.583295779134	1	0	2	1.1230618429770314
8083.002971259067	3000.0	2661.978635547608	0.0	0	0.0	4744.981606806676	1	0	2	1.2087825952977211
9024.445893724884	3000.0	2626.3914208352076	0.0	0	0.0	4650.837314560091	1	0	2	1.2735902922022504
9532.247999217027	3000.0	3067.8091047938483	0.0	0	0.0	4600.057104010876	1	0	2	1.3135348463444103
9996.109206760508	3000.0	3557.5617764960193	0.0	0	0.0	4553.670983256529	1	0	2	1.3425088626911366
10734.772953987314	3000.0	3745.0316545465344	0.0	0	0.0	4479.804608533851	1	0	2	1.3835708731402319
11328.784361996966	3000.0	4091.6191057359188	0.0	0	0.0	4420.403467732886	1	0	2	1.4204262409174935
12200.0	3000.0	4133.281903932584	0.0	0	448.7316019695372	4333.281903932585	1	0	2	1.45665523144457
13200.0	3000.0	4033.281903932582	0.0	0	50.843534542351335	4233.281903932584	1	0	2	1.5125231574668137
14200.0	3000.0	3933.28190393258	0.0	0	136.0318844509784	4133.281903932584	1	0	2	1.5630113929897211
15200.0	3000.0	3833.2819039325777	0.0	0	485.09622772870716	4033.2819039325786	1	0	2	1.6044681345058578
16200.0	3000.0	3733.281903932577	0.0	0	628.216756241749	3933.281903932577	1	0	2	1.6466448801989229
17212.573955743057	3000.0	3619.4505526152134	0.0	0	106.78984687877892	3832.0245083582686	1	0	2	1.687933913461302
18200.0	2000.0	3632.024508358269	0.0	0	286.5730680672568	3832.0245083582668	1	0	1	0.8908918153751368
19200.0	3000.0	3532.0245083582704	0.0	0	204.66390583316752	3732.0245083582686	1	0	2	1.1205616662748974
20200.0	3000.0	3432.024508358274	0.0	0	232.0787582683297	3632.024508358274	1	0	2	1.758718787146401
21278.167880580702	3000.0	3246.039839719506	0.0	0	0.0	3524.207720300208	1	0	2	1.7932312618217001
22200.0	3000.0	3232.024508358274	0.0	0	137.37727864764747	3432.0245083582704	1	0	2	1.819246057082081
23329.293287211236	3000.0	2989.801892425916	0.0	0	0.0	3319.095179637152	1	0	2	1.850725746876149
24200.0	3000.0	3032.0245083582754	0.0	0	102.08676321054736	3232.0245083582813	1	0	2	1.8698226017334263
25200.0	3000.0	2932.0245083582727	0.0	0	256.4555032535718	3132.0245083582813	1	0	2	1.8901265183136182
26527.532763451374	6000.0	2604.4917449069	0.0	0	0.0	3132.0245083582813	1	0	1	1.8974374069970328
27714.69530571004	6000.0	2417.3292026482363	0.0	0	0.0	3132.0245083582813	1	0	1	2.790584587556978
29022.379277750268	6000.0	2109.6452306080078	0.0	0	0.0	3132.0245083582813	1	0	1	2.790584587556978
29474.74345528985	3000.0	2612.0446353144653	0.0	0	0.0	3086.7880906043174	1	0	2	1.0110405460284104
30200.0	3000.0	2814.262436133298	0.0	0	115.1342602214645	3014.2624361333	1	0	2	1.9154615944290596
31259.76867296429	3000.0	2648.5168958725803	0.0	0	0.0	2908.285568836869	1	0	2	1.932612924538651
32200.0	2000.0	2708.2855688368695	0.0	0	182.1750705089762	2908.285568836869	1	0	1	1.1277440762274415
33341.43378029461	3000.0	2452.7084105128015	0.0	0	0.0	2794.1421908074044	1	0	2	1.3468931769772874
34200.0	3000.0	2508.285568836872	0.0	0	21.58799487203214	2708.2855688368654	1	0	2	1.966177118055845
35200.0	3000.0	2408.285568836875	0.0	0	163.42304790826165	2608.2855688368654	1	0	2	1.9778564370710696
36200.0	3000.0	2308.285568836875	0.0	0	376.4202431778467	2508.2855688368654	1	0	2	1.9899242542793847
37200.0	3000.0	2208.285568836871	0.0	0	208.6513393013447	2408.2855688368727	1	0	2	2.0014954232347013
39156.75599348682	6000.0	1251.5295753500507	0.0	0	0.0	2408.28556883688	1	0	1	2.005226197383072
39598.666469259755	2000.0	1765.4280519998222	0.0	0	0.0	2364.0945212595907	1	0	2	0.3045101000712637
40200.0	2000.0	2103.9611681855554	0.0	0	134.80662705258874	2303.9611681855604	1	0	2	1.608064231540357
41200.0	3000.0	2003.9611681855588	0.0	0	155.11417985172739	2203.9611681855677	1	0	2	1.616161682216377
42200.0	3000.0	1903.9611681855597	0.0	0	334.21220563492534	2103.9611681855677	1	0	2	2.02985048163078
43200.0	3000.0	1803.9611681855572	0.0	0	407.83624267925916	2003.9611681855604	1	0	2	2.037467182514221
44851.619206876305	6000.0	1152.341961309257	0.0	0	0.0	2003.9611681855604	1	0	1	2.0402503509708003
45486.95747915567	2000.0	1517.003689029892	0.0	0	0.0	2003.9611681855604	1	0	1	0.7361729541945261
46200.0	2000.0	1803.9611681855604	0.0	0	6.952182650733448	2003.9611681855604	1	0	1	1.8347852428626357
47200.0	2000.0	1803.961168185566	0.0	0	367.2603140607898	2003.9611681855604	1	0	1	1.8347852428626357
48200.0	3000.0	1703.961168185553	0.0	0	419.7407687013547	1903.9611681855386	1	0	2	1.4389934253626537
49200.0	3000.0	1703.9611681855504	0.0	0	503.4406387473864	1903.9611681855386	1	0	1	2.0470110039774383
50200.0	3000.0	1703.9611681855604	0.0	0	382.39345393545227	1903.9611681855386	1	0	1	2.2470110039774385
51453.14185801042	6000.0	1450.8193101751338	0.0	0	0.0	1903.9611681855386	1	0	1	2.247011003977438
52618.22234042214	6000.0	1285.7388277634175	0.0	0	0.0	1903.9611681855386	1	0	1	2.940158184537383
54105.288377024284	6000.0	798.6727911612679	0.0	0	0.0	1903.9611681855386	1	0	1	2.940158184537383
54898.72641361738	2000.0	1005.2347545681624	0.0	0	0.0	1903.9611681855313	1	0	1	0.7429336072011646
55360.27383240177	2000.0	1543.6873357837849	0.0	0	0.0	1903.9611681855313	1	0	1	1.8415458958692743
56831.86385005885	6000.0	1072.097318126704	0.0	0	0.0	1903.961168185524	1	0	1	1.8415458958692748
57459.47552605541	2000.0	1444.485642130139	0.0	0	0.0	1903.961168185524	1	0	1	0.7429336072011652
58200.0	2000.0	1703.9611681855483	0.0	0	103.66309108435962	1903.961168185524	1	0	1	1.8415458958692748
59200.0	3000.0	1703.9611681855486	0.0	0	393.442088345495	1903.961168185524	1	0	1	1.8415458958692748
60200.0	3000.0	1703.9611681855456	0.0	0	158.38392255731742	1903.961168185524	1	0	1	2.2470110039774394
61432.17595574475	3000.0	1471.7852124407957	0.0	0	0.0	1903.961168185524	1	0	1	2.2470110039774394
62200.0	2000.0	1703.961168185551	0.0	0	120.02110576985433	1903.961168185524	1	0	1	1.4360807877611101
63200.0	2000.0	1703.9611681855506	0.0	0	121.0205733203984	1903.961168185524	1	0	1	1.8415458958692748
64200.0	3000.0	1603.9611681855442	0.0	0	67.55262378728366	1803.9611681855167	1	0	2	1.4457971668845655
65200.0	2000.0	1603.9611681855447	0.0	0	269.4790475043337	1803.9611681855167	1	0	1	1.2422181675440886
66200.0	3000.0	1503.9611681855467	0.0	0	261.8542055244616	1703.9611681855095	1	0	2	1.451358462463498
67200.0	6000.0	1503.9611681855483	0.0	0	137.43711258974508	1703.9611681855095	1	0	1	2.058718238607346
68441.14829392468	6000.0	1262.8128742608656	0.0	0	0.0	1703.9611681855313	1	0	1	2.9518654191672904
69200.0	3000.0	1503.9611681855256	0.0	0	83.96574605039496	1703.9611681855313	1	0	1	1.5655710580474007
70200.0	3000.0	1503.961168185519	0.0	0	289.25778882521263	1703.9611681855313	1	0	1	2.2587182386073454
71200.0	3000.0	1503.9611681855117	0.0	0	4.065185048180865	1703.9611681855167	1	0	1	2.2587182386073463
72200.0	2000.0	1503.9611681855254	0.0	0	434.99452133101295	1703.9611681855167	1	0	1	1.4477880223910171
73200.0	3000.0	1403.9611681855258	0.0	0	200.28506947663845	1603.9611681855022	1	0	2	1.4566368424444045
74713.42028553995	6000.0	890.5408826455805	0.0	0	0.0	1603.9611681855022	1	0	1	2.0637716379992788
75200.0	2000.0	1403.9611681855317	0.0	0	88.83627415263618	1603.9611681855022	1	0	1	0.7596942412230043
76200.0	6000.0	1403.9611681855324	0.0	0	169.71833042921207	1603.9611681855022	1	0	1	1.8583065298911143
77201.90254109609	6000.0	1402.0586270894494	0.0	0	0.0	1603.9611681855022	1	0	1	2.956918818559224
78200.0	6000.0	1403.9611681855308	0.0	0	267.44822079563164	1603.9611681855022	1	0	1	2.956918818559224
79200.0	6000.0	1403.9611681855224	0.0	0	223.65915823123942	1603.9611681855022	1	0	1	2.956918818559224
80200.0	6000.0	1403.961168185505	0.0	0	144.57717209971452	1603.9611681855022	1	0	1	2.956918818559224
82175.69024767789	6000.0	428.27092050760535	0.0	0	0.0	1603.9611681855022	1	0	1	2.956918818559224
82823.43558353586	2000.0	780.5255846496556	0.0	0	0.0	1603.9611681855022	1	0	1	0.7596942412230043
83300.10925149976	2000.0	1303.8519166857495	0.0	0	0.0	1603.9611681855022	1	0	1	1.858306529891114
84200.0	2000.0	1403.9611681855092	0.0	0	289.4735377601464	1603.9611681855022	1	0	1	1.858306529891114
85200.0	3000.0	1403.9611681855076	0.0	0	466.23535839606484	1603.9611681855022	1	0	1	1.8583065298911141
86413.80784245254	6000.0	1190.1533257329822	0.0	0	0.0	1603.9611681855022	1	0	1	2.263771637999279
87892.66455589999	6000.0	711.2966122855478	0.0	0	0.0	1603.9611681855022	1	0	1	2.956918818559224
88298.83329775115	2000.0	1305.1278704343724	0.0	0	0.0	1603.9611681855022	1	0	1	0.7596942412230043
89200.0	3000.0	1403.9611681855326	0.0	0	453.88299124874175	1603.9611681855022	1	0	1	1.8583065298911141
90200.0	3000.0	1403.961168185536	0.0	0	459.6076165964623	1603.9611681855022	1	0	1	2.2637716379992785
91200.0	6000.0	1403.9611681855304	0.0	0	205.95088196151482	1603.9611681855022	1	0	1	2.263771637999279
92231.30191325414	6000.0	1372.659254931387	0.0	0	0.0	1603.9611681855022	1	0	1	2.956918818559224
93200.0	6000.0	1403.9611681855147	0.0	0	5.9408718763588695	1603.9611681855022	1	0	1	2.956918818559224
94200.0	3000.0	1403.9611681855285	0.0	0	318.8587709010608	1603.9611681855167	1	0	1	1.5706244574393329
95200.0	3000.0	1403.9611681855124	0.0	0	97.87944383284776	1603.9611681855167	1	0	1	2.2637716379992776
96971.8363554791	6000.0	632.1248127063996	0.0	0	0.0	1603.9611681855167	1	0	1	2.2637716379992776
97568.06606914218	2000.0	1035.8950990433123	0.0	0	0.0	1603.9611681855167	1	0	1	0.7596942412230034
98200.0	2000.0	1403.9611681854947	0.0	0	107.66417219818686	1603.9611681855167	1	0	1	1.858306529891113
99498.15964172587	6000.0	1105.8015264596268	0.0	0	0.0	1603.9611681855167	1	0	1	1.858306529891113
100423.66182705364	3000.0	1180.299341131857	0.0	0	0.0	1603.9611681855167	1	0	1	1.5706244574393329
101200.0	2000.0	1403.9611681855165	0.0	0	309.2851046532596	1603.9611681855313	1	0	1	1.452841421782948
102200.0	2000.0	1403.9611681855101	0.0	0	213.6037558154785	1603.9611681855313	1	0	1	1.8583065298911126
103200.0	2000.0	1403.9611681855067	0.0	0	461.79397357015114	1603.9611681855313	1	0	1	1.8583065298911126
104200.0	3000.0	1403.9611681854947	0.0	0	216.44396627222886	1603.9611681855313	1	0	1	1.8583065298911126
105259.97214508278	6000.0	1343.9890231027143	0.0	0	0.0	1603.9611681855313	1	0	1	2.263771637999277
106632.79669662662	6000.0	971.1644715588682	0.0	0	0.0	1603.9611681855167	1	0	1	2.9569188185592226
107200.0	2000.0	1403.9611681854797	0.0	0	163.8577984328149	1603.9611681855167	1	0	1	0.7596942412230034
108531.5778658982	6000.0	1072.383302287272	0.0	0	0.0	1603.9611681855167	1	0	1	1.858306529891113
109212.36813962561	3000.0	1391.5930285598704	0.0	0	0.0	1603.9611681855167	1	0	1	1.5706244574393329
110200.0	6000.0	1403.9611681854908	0.0	0	186.9144801802904	1603.9611681855313	1	0	1	2.263771637999277
111200.0	6000.0	1403.961168185489	0.0	0	185.73477474528772	1603.9611681855313	1	0	1	2.956918818559222
112425.48755766072	6000.0	1178.4736105247803	0.0	0	0.0	1603.9611681855313	1	0	1	2.956918818559222
113200.0	2000.0	1403.961168185499	0.0	0	87.05856725492049	1603.9611681855313	1	0	1	0.7596942412230029
114200.0	2000.0	1403.9611681854994	0.0	0	398.9075869334192	1603.9611681855313	1	0	1	1.8583065298911126
115200.0	2000.0	1403.9611681855035	0.0	0	457.0541592725931	1603.9611681855313	1	0	1	1.8583065298911126
116200.0	2000.0	1403.9611681855063	0.0	0	344.897362269141	1603.9611681855313	1	0	1	1.8583065298911126
117381.29428310378	6000.0	1222.6668850817307	0.0	0	0.0	1603.9611681855313	1	0	1	1.8583065298911126
118200.0	6000.0	1403.9611681855245	0.0	0	123.86261730339902	1603.9611681855313	1	0	1	2.956918818559222
119200.0	6000.0	1403.9611681855235	0.0	0	228.6968965271226	1603.9611681855313	1	0	1	2.956918818559222
120236.50725816828	6000.0	1367.4539100172383	0.0	0	58.84406800949364	1603.9611681855167	1	0	1	2.9569188185592226
121200.0	2000.0	1403.9611681855254	0.0	0	169.97887159357197	1603.9611681855167	1	0	1	0.7596942412230034
122685.25130612926	6000.0	918.7098620562851	0.0	0	0.0	1603.9611681855313	1	0	1	1.8583065298911126
123223.06721335585	2000.0	1380.8939548296912	0.0	0	0.0	1603.9611681855313	1	0	1	0.7596942412230029
124200.0	2000.0	1403.961168185553	0.0	0	498.70390247477917	1603.9611681855313	1	0	1	1.8583065298911126
125200.0	2000.0	1403.9611681855463	0.0	0	322.5247790704743	1603.9611681855313	1	0	1	1.8583065298911126
126386.68169423555	2000.0	1217.2794739500077	0.0	0	0.0	1603.9611681855313	1	0	1	1.8583065298911126
127201.62563150596	2000.0	1402.335536679593	0.0	0	0.0	1603.9611681855313	1	0	1	1.8583065298911126
128200.0	2000.0	1403.9611681855538	0.0	0	561.1992957819748	1603.9611681855313	1	0	1	1.8583065298911126
129200.0	2000.0	1403.9611681855642	0.0	0	542.754598852247	1603.9611681855458	1	0	1	1.8583065298911117
130200.0	2000.0	1403.9611681855654	0.0	0	366.8231409608852	1603.9611681855604	1	0	1	1.8583065298911112
131200.0	3000.0	1403.9611681855472	0.0	0	133.8099026659911	1603.9611681855604	1	0	1	1.8583065298911112
132200.0	6000.0	1403.9611681855447	0.0	0	118.28002351321629	1603.9611681855604	1	0	1	2.2637716379992754
133200.0	6000.0	1403.961168185566	0.0	0	316.3738926332735	1603.961168185575	1	0	1	2.95691881855922
134200.0	6000.0	1403.961168185591	0.0	0	229.60778136842418	1603.961168185575	1	0	1	2.95691881855922
135329.46399303863	6000.0	1274.4971751469402	0.0	0	0.0	1603.961168185575	1	0	1	2.95691881855922
136200.0	6000.0	1403.9611681855554	0.0	0	0.8556553751113825	1603.961168185604	1	0	1	2.9569188185592186
137200.0	6000.0	1403.9611681855777	0.0	0	468.48465062727337	1603.961168185604	1	0	1	2.9569188185592186
138200.0	6000.0	1403.961168185585	0.0	0	297.14390241834917	1603.9611681856331	1	0	1	2.9569188185592172
139200.0	6000.0	1403.9611681855663	0.0	0	160.99380696215667	1603.9611681856331	1	0	1	2.9569188185592172
140900.98141803461	6000.0	702.9797501509486	0.0	0	0.0	1603.9611681856331	1	0	1	2.9569188185592172
141642.49057068222	2000.0	961.470597503358	0.0	0	0.0	1603.961168185604	1	0	1	0.7596942412229993
142200.0	2000.0	1403.9611681855993	0.0	0	141.57023737975396	1603.961168185604	1	0	1	1.858306529891109
143200.0	6000.0	1403.961168185576	0.0	0	64.55694582129945	1603.961168185604	1	0	1	1.8583065298911092
144218.47200106096	6000.0	1385.4891671246062	0.0	0	17.596987756027374	1603.961168185604	1	0	1	2.9569188185592186
145200.0	2000.0	1403.9611681855943	0.0	0	293.88711969097494	1603.961168185604	1	0	1	0.7596942412229993
146580.3275471226	6000.0	1023.6336210629975	0.0	0	0.0	1603.9611681856331	1	0	1	1.8583065298911077
147688.8582508263	6000.0	915.1029173592717	0.0	0	0.0	1603.9611681856331	1	0	1	2.9569188185592172
148247.22152067558	2000.0	1356.7396475099742	0.0	0	0.0	1603.961168185604	1	0	1	0.7596942412229993
149294.3457915169	3000.0	1309.6153766686396	0.0	0	0.0	1603.961168185604	1	0	1	1.858306529891109
150200.0	2000.0	1403.9611681855924	0.0	0	143.71681563102175	1603.9611681856331	1	0	1	1.4528414217829428
151200.0	2000.0	1403.9611681856086	0.0	0	375.5602539104293	1603.9611681856331	1	0	1	1.8583065298911075
152200.0	3000.0	1403.9611681856188	0.0	0	477.7482291625347	1603.9611681856331	1	0	1	1.8583065298911077
153385.44275651005	6000.0	1218.5184116755352	0.0	0	0.0	1603.961168185604	1	0	1	2.263771637999274
154200.0	2000.0	1403.961168185611	0.0	0	323.4527012394392	1603.961168185604	1	0	1	0.7596942412229993
155200.0	3000.0	1403.961168185608	0.0	0	430.08607571813627	1603.9611681856331	1	0	1	1.8583065298911077
157394.9637409549	6000.0	208.9974272307354	0.0	0	0.0	1603.9611681856622	1	0	1	2.263771637999271
158032.39375479825	2000.0	708.2009228316126	136.63350944420287	0	0.0	1740.5946776298806	1	0	1	-0.06713810226970529
158364.83587884466	2000.0	1375.7587987852123	0.0	0	0.0	1740.5946776298806	1	0	1	1.8512752430636215
159200.0	2000.0	1540.5946776298927	0.0	0	293.6184504792909	1740.5946776299097	1	0	1	1.8512752430636197
160200.0	3000.0	1540.5946776299131	0.0	0	314.8711174252094	1740.5946776299097	1	0	1	1.85127524306362
161461.5786275793	6000.0	1279.016050050626	0.0	0	0.0	1740.5946776299097	1	0	1	2.2567403511717843
163158.5952289815	6000.0	581.999448648449	0.0	0	0.0	1740.5946776299388	1	0	1	2.9498875317317284
163475.41958494502	2000.0	1265.1750926849227	0.0	0	0.0	1740.5946776299388	1	0	1	0.7526629543955086
164200.0	2000.0	1540.5946776299738	0.0	0	293.71739540906856	1740.5946776299388	1	0	1	1.8512752430636181
165200.0	6000.0	1540.5946776300254	0.0	0	294.89238495664904	1740.5946776299388	1	0	1	1.8512752430636183
166771.76280102073	6000.0	968.8318766093147	0.0	0	0.0	1740.594677629968	1	0	1	2.9498875317317266
167517.210757841	2000.0	1223.3839197890343	0.0	0	0.0	1740.594677629968	1	0	1	0.7526629543955069
168282.40471301583	2000.0	1458.1899646141992	0.0	0	0.0	1740.594677629968	1	0	1	1.8512752430636166
169200.0	2000.0	1540.5946776300293	0.0	0	264.3956329479697	1740.594677629968	1	0	1	1.8512752430636157
170200.0	2000.0	1540.5946776300082	0.0	0	505.3963083367853	1740.5946776299388	1	0	1	1.8512752430636181
171200.0	2000.0	1540.5946776299704	0.0	0	257.43591777124675	1740.5946776299388	1	0	1	1.8512752430636181
172200.0	2000.0	1540.5946776300004	0.0	0	158.72554126911564	1740.594677629968	1	0	1	1.8512752430636175
173200.0	3000.0	1440.5946776300134	0.0	0	251.39452152652666	1640.5946776299388	1	0	2	1.4547564308971608
174200.0	3000.0	1440.5946776299932	0.0	0	454.4891604942968	1640.5946776299388	1	0	1	2.06197730041327
175579.6813685745	6000.0	1060.913309055488	0.0	0	0.0	1640.5946776299388	1	0	1	2.2619773004132693
177156.92093167687	6000.0	483.67374595311554	0.0	0	0.0	1640.594677629968	1	0	1	2.9551244809732133
177772.635183047	2000.0	867.9594945829798	0.0	0	0.0	1640.594677629997	1	0	1	0.7578999036369921
178200.0	2000.0	1440.594677629958	0.0	0	10.818786488322075	1640.5946776300261	1	0	1	1.8565121923051002
179200.0	3000.0	1440.5946776299716	0.0	0	228.76532058985322	1640.5946776300552	1	0	1	1.8565121923051
180200.0	2000.0	1440.5946776299934	0.0	0	430.2518434720114	1640.5946776300552	1	0	1	1.4510470841969343
181200.0	2000.0	1440.5946776299731	0.0	0	282.60896983291605	1640.5946776300552	1	0	1	1.856512192305099
182200.0	2000.0	1440.5946776299745	0.0	0	467.1236134728242	1640.5946776300552	1	0	1	1.856512192305099
183200.0	2000.0	1440.5946776300027	0.0	0	233.3876283869904	1640.5946776300843	1	0	1	1.8565121923050985
184200.0	2000.0	1440.5946776299863	0.0	0	411.04885559051763	1640.5946776300843	1	0	1	1.8565121923050976
185200.0	3000.0	1440.594677629977	0.0	0	235.35048007473233	1640.5946776301134	1	0	1	1.856512192305097
186200.0	3000.0	1440.5946776299938	0.0	0	247.55023748389794	1640.5946776301134	1	0	1	2.261977300413261
188084.76583326724	6000.0	555.8288443627193	0.0	0	0.0	1640.5946776301134	1	0	1	2.261977300413261
188640.53803158572	2000.0	1000.0566460442187	0.0	0	0.0	1640.5946776300843	1	0	1	0.7578999036369879
189200.0	2000.0	1440.5946776299404	0.0	0	92.89982585987309	1640.5946776300843	1	0	1	1.8565121923050976
190200.0	3000.0	1440.5946776299445	0.0	0	372.09710609770264	1640.5946776300552	1	0	1	1.8565121923050982
191200.0	2000.0	1440.5946776299336	0.0	0	381.1141636885004	1640.5946776300552	1	0	1	1.4510470841969343
192200.0	3000.0	1440.5946776299402	0.0	0	41.96253362452262	1640.5946776300552	1	0	1	1.8565121923050991
193200.0	3000.0	1440.5946776299504	0.0	0	8.566090532724047	1640.5946776300552	1	0	1	2.261977300413264
194200.0	3000.0	1440.5946776299365	0.0	0	385.31923643982736	1640.5946776300552	1	0	1	2.261977300413264
195200.0	2000.0	1440.5946776299452	0.0	0	51.978200477402424	1640.5946776300843	1	0	1	1.451047084196933
196200.0	2000.0	1440.594677629957	0.0	0	143.02065173562733	1640.5946776300843	1	0	1	1.8565121923050976
197200.0	3000.0	1440.5946776299786	0.0	0	208.04303310049	1640.5946776301134	1	0	1	1.856512192305096
198200.0	3000.0	1440.5946776299702	0.0	0	454.2439419674047	1640.5946776301134	1	0	1	2.261977300413261
199200.0	3000.0	1440.5946776299854	0.0	0	473.0459689832933	1640.5946776301134	1	0	1	2.261977300413261
200343.38979649064	6000.0	1297.2048811393727	0.0	0	0.0	1640.5946776301425	1	0	1	2.2619773004132595
201200.0	6000.0	1440.5946776300057	0.0	0	20.879091011942364	1640.5946776301425	1	0	1	2.955124480973204
202437.90225268842	6000.0	1202.6924249415738	0.0	0	0.0	1640.5946776301134	1	0	1	2.9551244809732053
204347.7990719601	6000.0	292.795605669919	0.0	0	0.0	1640.5946776301134	1	0	1	2.955124480973206
204707.2728993008	2000.0	933.3217783292174	0.0	0	0.0	1640.5946776301134	1	0	1	0.7578999036369863
205200.0	2000.0	1440.5946776299982	0.0	0	49.540906111797085	1640.5946776301134	1	0	1	1.8565121923050958
206200.0	2000.0	1440.5946776299756	0.0	0	332.85691251655226	1640.5946776301134	1	0	1	1.8565121923050958
207200.0	2000.0	1440.5946776299727	0.0	0	208.17126031857333	1640.5946776301134	1	0	1	1.8565121923050958
208200.0	3000.0	1440.5946776299568	0.0	0	229.94492193037877	1640.5946776301134	1	0	1	1.856512192305096
209204.94581847065	3000.0	1435.6488591593306	0.0	0	0.0	1640.5946776301134	1	0	1	2.261977300413261
210200.0	2000.0	1440.5946776300098	0.0	0	322.7070114747039	1640.5946776301134	1	0	1	1.4510470841969312
211200.0	2000.0	1440.594677630023	0.0	0	200.547403538425	1640.5946776301134	1	0	1	1.8565121923050958
212200.0	2000.0	1440.5946776300475	0.0	0	317.8693981534161	1640.5946776301134	1	0	1	1.8565121923050958
213200.0	2000.0	1440.5946776300589	0.0	0	518.1090944586904	1640.5946776301134	1	0	1	1.8565121923050958
214200.0	2000.0	1440.5946776300555	0.0	0	334.8411499648064	1640.5946776300843	1	0	1	1.8565121923050967
215200.0	3000.0	1440.5946776300455	0.0	0	335.43487846886273	1640.5946776300843	1	0	1	1.8565121923050978
216200.0	6000.0	1440.594677630071	0.0	0	50.78727756027365	1640.5946776300843	1	0	1	2.261977300413262
217588.77926375312	6000.0	1051.8154138769555	0.0	0	0.0	1640.5946776300843	1	0	1	2.9551244809732067
218242.02581052724	2000.0	1398.568867102859	0.0	0	0.0	1640.5946776300552	1	0	1	0.7578999036369893
219200.0	2000.0	1440.594677630077	0.0	0	419.21918431605445	1640.5946776300552	1	0	1	1.856512192305099
220200.0	3000.0	1440.5946776300661	0.0	0	426.0669016474858	1640.5946776300261	1	0	1	1.8565121923051005
221200.0	2000.0	1440.5946776300577	0.0	0	411.35744779292145	1640.5946776300261	1	0	1	1.4510470841969356
222200.0	3000.0	1340.594677630085	0.0	0	346.65052269451553	1540.5946776300552	1	0	2	1.4595044606506538
223335.709002406	6000.0	1204.8856752240886	0.0	0	0.0	1540.5946776300552	1	0	1	2.0667278869369614
224200.0	6000.0	1340.5946776300998	0.0	0	15.126999400643399	1540.5946776300552	1	0	1	2.9598750674969065
225200.0	6000.0	1340.5946776301225	0.0	0	22.542737832525745	1540.5946776300552	1	0	1	2.9598750674969065
226200.0	6000.0	1340.5946776301219	0.0	0	36.18104102759389	1540.5946776300552	1	0	1	2.9598750674969065
227200.0	6000.0	1340.5946776301184	0.0	0	275.8870099672931	1540.5946776300552	1	0	1	2.9598750674969065
228200.0	6000.0	1340.5946776301264	0.0	0	249.52232377615292	1540.5946776300843	1	0	1	2.959875067496906
229200.0	6000.0	1340.5946776301148	0.0	0	166.98960757793975	1540.5946776301134	1	0	1	2.9598750674969043
230299.9287516283	6000.0	1240.6659260018127	0.0	0	0.0	1540.5946776301134	1	0	1	2.9598750674969043
231200.0	2000.0	1340.5946776301118	0.0	0	39.526007703185314	1540.5946776301134	1	0	1	0.7626504901606849
232200.0	2000.0	1340.5946776301303	0.0	0	337.54817015954177	1540.5946776300843	1	0	1	1.8612627788287952
233200.0	3000.0	1340.5946776301298	0.0	0	277.40220642930944	1540.5946776301134	1	0	1	1.8612627788287954
234200.0	3000.0	1340.5946776301648	0.0	0	443.2203015964478	1540.5946776301134	1	0	1	2.2667278869369594
235200.0	6000.0	1340.594677630147	0.0	0	100.31400416884571	1540.5946776300843	1	0	1	2.2667278869369607
236238.61345716537	6000.0	1301.9812204647792	0.0	0	0.0	1540.5946776300843	1	0	1	2.959875067496905
237253.71848389402	6000.0	1286.8761937361598	0.0	0	0.0	1540.5946776300552	1	0	1	2.9598750674969065
238287.18049134014	6000.0	1253.414186290041	0.0	0	0.0	1540.5946776300261	1	0	1	2.9598750674969083
239671.42576615134	6000.0	869.1689114788464	0.0	0	0.0	1540.5946776300552	1	0	1	2.9598750674969065
240200.0	3000.0	1340.5946776302012	0.0	0	20.571351195918396	1540.5946776300552	1	0	1	1.573580706377017
241200.0	3000.0	1340.5946776302053	0.0	0	454.21817723929416	1540.5946776300843	1	0	1	2.2667278869369607
242611.03641948974	6000.0	929.5582581404784	0.0	0	0.0	1540.5946776300843	1	0	1	2.2667278869369607
243200.0	2000.0	1340.5946776302328	0.0	0	190.30530959836324	1540.5946776300552	1	0	1	0.7626504901606875
244200.0	2000.0	1340.5946776302178	0.0	0	456.4365498921834	1540.5946776300843	1	0	1	1.8612627788287959
245200.0	3000.0	1340.594677630213	0.0	0	198.67796664545313	1540.5946776300843	1	0	1	1.861262778828796
246200.0	2000.0	1340.5946776302458	0.0	0	504.16900564933894	1540.5946776301134	1	0	1	1.4557976707206297
247200.0	3000.0	1340.5946776302446	0.0	0	486.7319976540748	1540.5946776301134	1	0	1	1.8612627788287945
248286.9541818411	6000.0	1253.64049578914	0.0	0	0.0	1540.5946776301425	1	0	1	2.266727886936958
249645.7796876935	6000.0	894.8149899367794	0.0	0	0.0	1540.5946776301425	1	0	1	2.9598750674969025
250208.8607966442	2000.0	1331.7338809860553	0.0	0	0.0	1540.5946776301716	1	0	1	0.7626504901606823
251200.0	2000.0	1340.5946776302321	0.0	0	265.16047936319956	1540.5946776301425	1	0	1	1.861262778828793
252200.0	2000.0	1340.5946776302503	0.0	0	500.82007729189354	1540.5946776301425	1	0	1	1.861262778828793
253200.0	2000.0	1340.594677630245	0.0	0	590.37424863872	1540.5946776301425	1	0	1	1.861262778828793
254200.0	3000.0	1340.5946776302624	0.0	0	398.21374869550345	1540.5946776301425	1	0	1	1.8612627788287932
255318.9270357079	6000.0	1221.667641922389	0.0	0	0.0	1540.5946776301425	1	0	1	2.2667278869369576
256604.6547747849	6000.0	935.9399028453934	0.0	0	0.0	1540.5946776301425	1	0	1	2.9598750674969025
257280.9519475048	3000.0	1259.6427301254678	0.0	0	0.0	1540.5946776301134	1	0	1	1.5735807063770142
258200.0	3000.0	1340.5946776302565	0.0	0	199.11229733226355	1540.5946776301134	1	0	1	2.2667278869369594
259200.0	6000.0	1340.5946776302399	0.0	0	79.63617646467173	1540.5946776301134	1	0	1	2.2667278869369594
260200.0	6000.0	1340.594677630259	0.0	0	480.5085725396639	1540.5946776301134	1	0	1	2.9598750674969043
261535.72350190516	6000.0	1004.8711757251216	0.0	0	0.0	1540.5946776301134	1	0	1	2.9598750674969043
262316.4581033679	2000.0	1224.136574262379	0.0	0	0.0	1540.5946776300843	1	0	1	0.7626504901606852
263200.0	2000.0	1340.594677630307	0.0	0	79.10182152478956	1540.5946776301134	1	0	1	1.8612627788287943
264200.0	2000.0	1340.5946776302633	0.0	0	221.6250768568716	1540.5946776300552	1	0	1	1.8612627788287956
265200.0	2000.0	1340.5946776302574	0.0	0	432.0725830634474	1540.5946776300552	1	0	1	1.8612627788287972
266200.0	3000.0	1340.5946776302694	0.0	0	505.55520172440447	1540.5946776300552	1	0	1	1.8612627788287974
267200.0	6000.0	1340.5946776302478	0.0	0	183.26944522745907	1540.5946776300552	1	0	1	2.2667278869369634
268200.0	6000.0	1340.5946776302615	0.0	0	224.5288902351167	1540.5946776301716	1	0	1	2.9598750674969034
269907.397561685	6000.0	633.1971159453084	0.0	0	0.0	1540.5946776301716	1	0	1	2.9598750674969017
270438.14077029086	2000.0	1102.4539073394885	0.0	0	0.0	1540.5946776301716	1	0	1	0.7626504901606823
271200.0	2000.0	1340.5946776304002	0.0	0	307.75143506296445	1540.5946776301716	1	0	1	1.8612627788287919
272200.0	2000.0	1340.5946776303863	0.0	0	511.24286407703767	1540.5946776302299	1	0	1	1.8612627788287892
273200.0	3000.0	1340.5946776303354	0.0	0	374.1756583774695	1540.5946776302299	1	0	1	1.8612627788287894
274200.0	3000.0	1340.5946776303774	0.0	0	146.8316883838852	1540.5946776301716	1	0	1	2.2667278869369567
275200.0	2000.0	1340.5946776303435	0.0	0	9.236084358533844	1540.5946776301716	1	0	1	1.4557976707206273
276200.0	2000.0	1340.5946776303022	0.0	0	63.04092528083129	1540.5946776302299	1	0	1	1.8612627788287899
277200.0	2000.0	1340.5946776303479	0.0	0	554.3759841002757	1540.5946776302299	1	0	1	1.8612627788287892
278200.0	2000.0	1340.594677630377	0.0	0	508.027303515526	1540.5946776302299	1	0	1	1.8612627788287892
279200.0	3000.0	1340.5946776303147	0.0	0	186.72185189870652	1540.5946776301716	1	0	1	1.861262778828792
280200.0	3000.0	1340.5946776303058	0.0	0	237.54317557415925	1540.5946776301716	1	0	1	2.2667278869369567
281202.81011220196	6000.0	1337.784565428387	0.0	0	0.0	1540.5946776301716	1	0	1	2.2667278869369567
282200.0	6000.0	1340.594677630307	0.0	0	36.7356390519999	1540.5946776301716	1	0	1	2.9598750674969017
283200.0	6000.0	1340.5946776302944	0.0	0	126.64476970746182	1540.5946776302299	1	0	1	2.9598750674969008
284440.5693583471	6000.0	1100.0253192832033	0.0	0	0.0	1540.5946776301716	1	0	1	2.9598750674969017
285330.4589332617	6000.0	1210.1357443686638	0.0	0	0.0	1540.5946776302299	1	0	1	2.959875067496899
286200.0	6000.0	1340.5946776303028	0.0	0	204.77197325607995	1540.5946776302299	1	0	1	2.959875067496899
287250.94808346394	6000.0	1289.6465941663696	0.0	0	0.0	1540.5946776302299	1	0	1	2.959875067496899
288623.45478600066	6000.0	917.1398916296254	0.0	0	0.0	1540.5946776302299	1	0	1	2.959875067496899
290217.65117701807	6000.0	322.9435006122467	0.0	0	0.0	1540.5946776302299	1	0	1	2.959875067496899
290742.09226371656	2000.0	798.5024139137424	0.0	0	0.0	1540.594677630288	1	0	1	0.762650490160677
291200.0	2000.0	1340.5946776302603	0.0	0	80.54893001244636	1540.5946776302299	1	0	1	1.8612627788287892
292394.6501921126	6000.0	1145.9444855176741	0.0	0	0.0	1540.5946776302299	1	0	1	1.8612627788287892
294050.6305633305	6000.0	489.9641142998278	0.0	0	0.0	1540.5946776302299	1	0	1	2.959875067496899
294553.69407820876	2000.0	986.9005994216025	0.0	0	0.0	1540.5946776302299	1	0	1	0.7626504901606795
295200.0	2000.0	1340.5946776303517	0.0	0	168.26550018409034	1540.5946776301716	1	0	1	1.8612627788287912
296200.0	6000.0	1340.594677630332	0.0	0	218.59492465102812	1540.5946776301716	1	0	1	1.861262778828792
297352.0069247345	6000.0	1188.587752895794	0.0	0	0.0	1540.5946776300552	1	0	1	2.9598750674969057
299540.56452448067	6000.0	200.0	199.96984685036355	0	0.0	1740.564524480491	1	0	1	1.7563286361853692
300046.5469199243	2000.0	806.5089599161839	112.49135535982026	0	0.0	1853.0558798403363	1	0	1	0.07118399175074142
300373.9399746036	2000.0	1479.1159052369312	0.0	0	0.0	1853.0558798403945	1	0	1	1.844744412577769
5.82	3.94	2.17	4.03	5.46	4.11	5.64	4.65	3.01	5.02	7.49	5.03	2.32	2.72	4.01	3.67	3.34	2.7	4.56	5.13	5.31	6.19	4.78	3.8	5.17	4.18	2.13	3.08	3.26	3.83	3.75	4.89	5.05	3.22	3.6	4.55	4.15	4.19	4.05	4.23	2.9	2.28	4.53	5.18	5.07	4.91	5.69	6.01	5.98	3.05	4.63	3.81	2.63	4.24	4.24	3.63	2.36	2.72	3.96	3.61	4.77	6.75	5.95	3.87	3.6	4.16	3.13	4.85	4.78	5.76	7.15	5.35	7.65	10.2	9.81	5.6	2.46	3.7	4.46	5.63	5.84	5.8	4.85	5.62	5.92	5.76	5.33	6.8	4.03	4.19	4.87	3.5	4.53	5.99	5.13	3.86	3.32	3.02	4.47	5.62	6.08	5.04	6.63	5.17	6.99	9.63	6.97	3.14	3.16	2.77	3.72	5.69	6.09	7.85	6.12	2.79	4.41	3.44	5.21	4.25	1.87	2.24	4.04	4.65	4.19	4.29	6.68	9.09	6.21	5.69	7.63	9.97	7.18	5.0	6.36	3.17	3.28	6.65	6.43	3.06	4.92	6.37	6.2	4.38	2.86	3.87	5.83	4.97	3.39	5.17	5.82	3.94	2.17	4.03	5.46	4.11	5.64	4.65	3.01	5.02	7.49	5.03	2.32	2.72	4.01	3.67	3.34	2.7	4.56	5.13	5.31	6.19	4.78	3.8	5.17	4.18	2.13	3.08	3.26	3.83	3.75	4.89	5.05	3.22	3.6	4.55	4.15	4.19	4.05	4.23	2.9	2.28	4.53	5.18	5.07	4.91	5.69	6.01	5.98	3.05	4.63	3.81	2.63	4.24	4.24	3.63	2.36	2.72	3.96	3.61	4.77	6.75	5.95	3.87	3.6	4.16	3.13	4.85	4.78	5.76	7.15	5.35	7.65	10.2	9.81	5.6	2.46	3.7	4.46	5.63	5.84	5.8	4.85	5.62	5.92	5.76	5.33	6.8	4.03	4.19	4.87	3.5	4.53	5.99	5.13	3.86	3.32	3.02	4.47	5.62	6.08	5.04	6.63	5.17	6.99	9.63	6.97	3.14	3.16	2.77	3.72	5.69	6.09	7.85	6.12	2.79	4.41	3.44	5.21	4.25	1.87	2.24	4.04	4.65	4.19	4.29	6.68	9.09	6.21	5.69	7.63	9.97	7.18	5.0	6.36	3.17	3.28	6.65	6.43	3.06	4.92	6.37	6.2	4.38	2.86	3.87	5.83	4.97
1.0	2.0	3.0	4.0	5.0	6.0	7.0	8.0	9.0	10.0	11.0	12.0	13.0	14.0	15.0	16.0	17.0	18.0	19.0	20.0	21.0	22.0	23.0	24.0	25.0	26.0	27.0	28.0	29.0	30.0	31.0	32.0	33.0	34.0	35.0	36.0	37.0	38.0	39.0	40.0	41.0	42.0	43.0	44.0	45.0	46.0	47.0	48.0	49.0	50.0	51.0	52.0	53.0	54.0	55.0	56.0	57.0	58.0	59.0	60.0	61.0	62.0	63.0	64.0	65.0	66.0	67.0	68.0	69.0	70.0	71.0	72.0	73.0	74.0	75.0	76.0	77.0	78.0	79.0	80.0	81.0	82.0	83.0	84.0	85.0	86.0	87.0	88.0	89.0	90.0	91.0	92.0	93.0	94.0	95.0	96.0	97.0	98.0	99.0	100.0	101.0	102.0	103.0	104.0	105.0	106.0	107.0	108.0	109.0	110.0	111.0	112.0	113.0	114.0	115.0	116.0	117.0	118.0	119.0	120.0	121.0	122.0	123.0	124.0	125.0	126.0	127.0	128.0	129.0	130.0	131.0	132.0	133.0	134.0	135.0	136.0	137.0	138.0	139.0	140.0	141.0	142.0	143.0	144.0	145.0	146.0	147.0	148.0	149.0	149.0	150.0	151.0	152.0	153.0	154.0	155.0	156.0	157.0	158.0	159.0	160.0	161.0	162.0	163.0	164.0	165.0	166.0	167.0	168.0	169.0	170.0	171.0	172.0	173.0	174.0	175.0	176.0	177.0	178.0	179.0	180.0	181.0	182.0	183.0	184.0	185.0	186.0	187.0	188.0	189.0	190.0	191.0	192.0	193.0	194.0	195.0	196.0	197.0	198.0	199.0	200.0	201.0	202.0	203.0	204.0	205.0	206.0	207.0	208.0	209.0	210.0	211.0	212.0	213.0	214.0	215.0	216.0	217.0	218.0	219.0	220.0	221.0	222.0	223.0	224.0	225.0	226.0	227.0	228.0	229.0	230.0	231.0	232.0	233.0	234.0	235.0	236.0	237.0	238.0	239.0	240.0	241.0	242.0	243.0	244.0	245.0	246.0	247.0	248.0	249.0	250.0	251.0	252.0	253.0	254.0	255.0	256.0	257.0	258.0	259.0	260.0	261.0	262.0	263.0	264.0	265.0	266.0	267.0	268.0	269.0	270.0	271.0	272.0	273.0	274.0	275.0	276.0	277.0	278.0	279.0	280.0	281.0	282.0	283.0	284.0	285.0	286.0	287.0	288.0	289.0	290.0	291.0	292.0	293.0	294.0	295.0	296.0	297.0
4866.131824926395
