6065.883209803519	300.0	2000.0	89.04052454475773	0	0.0	6065.883209803519	1	0	1	-2.576556376837521
6899.074199412394	3000.0	2083.489911430237	0.0	0	0.0	5982.564110842631	1	0	2	-2.3941802547997475
7496.49890819971	3000.0	2426.32273176419	0.0	0	0.0	5922.8216399638995	1	0	2	0.1744327290957684
8085.5824530092195	3000.0	2778.330832473729	0.0	0	0.0	5863.913285482948	1	0	2	0.23508835296662922
8562.728294864493	3000.0	3253.4704064329294	0.0	0	0.0	5816.198701297422	1	0	2	0.2841238709444008
9090.597483114963	3000.0	3672.8142993574133	0.0	0	0.0	5763.411782472376	1	0	2	0.33065663166795856
9672.507546754252	3000.0	4032.7132293541954	0.0	0	0.0	5705.220776108446	1	0	2	0.3915112876916947
10448.763081244655	3000.0	4178.832141414752	0.0	0	0.0	5627.595222659407	1	0	2	0.46207380617006494
11249.32435741488	3000.0	4298.214737627505	0.0	0	0.0	5547.539095042387	1	0	2	0.5371132314246527
11773.023278163735	3000.0	4722.145924803766	0.0	0	0.0	5495.169202967503	1	0	2	0.5950926960138245
12540.571021658387	3000.0	4877.843406959648	0.0	0	0.0	5418.414428618036	1	0	2	0.6614875554229833
13200.0	3000.0	5152.471530783874	0.0	0	180.73469497014776	5352.471530783876	1	0	2	0.7170476986584104
14200.0	3000.0	5052.471530783873	0.0	0	595.9250952928924	5252.471530783874	1	0	2	0.7917746537938402
15200.0	3000.0	4952.471530783872	0.0	0	520.7375965300489	5152.471530783872	1	0	2	0.8791008195667236
16200.0	3000.0	4852.4715307838715	0.0	0	530.5739040088174	5052.471530783869	1	0	2	0.9631892249100025
17200.0	3000.0	4752.471530783872	0.0	0	352.01392973708425	4952.471530783869	1	0	2	1.0439228262857054
18603.551019307342	6000.0	4348.920511476534	0.0	0	0.0	4952.471530783874	1	0	1	1.0736756459395516
19336.169366279537	3000.0	4543.040329807118	0.0	0	0.0	4879.209696086653	1	0	2	0.2239856958525464
20200.0	3000.0	4592.826632714606	0.0	0	439.2431883618774	4792.826632714603	1	0	2	1.1648444353192582
21200.0	3000.0	4492.8266327146075	0.0	0	346.2287111374171	4692.826632714605	1	0	2	1.2352133263356277
22200.0	3000.0	4392.826632714606	0.0	0	473.13082357346866	4592.826632714605	1	0	2	1.3007908515107016
23200.0	3000.0	4292.826632714602	0.0	0	457.5222754399074	4492.826632714601	1	0	2	1.3636289711993776
24200.0	3000.0	4192.826632714605	0.0	0	311.40778829581177	4392.8266327145975	1	0	2	1.4229708850435565
25200.0	6000.0	4192.826632714599	0.0	0	103.09072330180425	4392.826632714594	1	0	1	1.4445498884766776
26200.0	6000.0	4192.826632714599	0.0	0	258.50082842577467	4392.826632714594	1	0	1	2.337697069036623
27200.0	6000.0	4192.826632714598	0.0	0	221.15292277130357	4392.82663271459	1	0	1	2.3376970690366248
28200.0	6000.0	4192.826632714592	0.0	0	412.40936779554613	4392.82663271459	1	0	1	2.3376970690366248
29322.574368463553	6000.0	4070.2522642510376	0.0	0	0.0	4392.826632714594	1	0	1	2.337697069036623
30667.236743543875	6000.0	3725.589889170714	0.0	0	0.0	4392.8266327145975	1	0	1	2.3376970690366212
32908.71634574021	6000.0	2484.1102869743777	0.0	0	0.0	4392.8266327145975	1	0	1	2.3376970690366212
33777.54288195212	3000.0	2528.4010971412745	0.0	0	0.0	4305.943979093405	1	0	2	0.5868219723148963
34208.78881148876	3000.0	3054.030574650964	0.0	0	0.0	4262.819386139738	1	0	2	1.508541723968729
34840.29393751194	3000.0	3359.3749360254656	0.0	0	0.0	4199.668873537419	1	0	2	1.5371183637533345
35200.0	3000.0	3963.6982672886006	0.0	0	55.92336731535761	4163.698267288608	1	0	2	1.5569871974759657
36200.0	3000.0	3863.6982672885997	0.0	0	654.8436071148826	4063.698267288608	1	0	2	1.5902309379637238
37200.0	3000.0	3763.6982672886065	0.0	0	516.0957845186858	3963.698267288615	1	0	2	1.6340438532917965
38667.37030310155	6000.0	3296.3279641870627	0.0	0	0.0	3963.698267288615	1	0	1	1.6507001870506126
39934.178055128825	6000.0	3029.520212159784	0.0	0	0.0	3963.698267288608	1	0	1	2.543847367610561
40604.80093521273	3000.0	3291.8350440675013	0.0	0	0.0	3896.635979280225	1	0	2	0.7774835584920713
41896.587518162894	3000.0	2870.869802822312	0.0	0	0.0	3767.4573209852024	1	0	2	1.7123401498920852
43625.89345679098	3000.0	1968.6332703314138	0.0	0	0.0	3594.526727122393	1	0	2	1.7678606196636348
44100.28310366867	2000.0	2494.2436234537254	0.0	0	0.0	3594.526727122393	1	0	1	0.9705202369050228
45046.93082665826	3000.0	2452.9311281651844	0.0	0	0.0	3499.861954823442	1	0	2	1.1963324610140118
45674.86153279696	3000.0	2762.207351412615	0.0	0	0.0	3437.0688842095697	1	0	2	1.8217989512444461
46331.27376042841	3000.0	3040.153901018016	0.0	0	0.0	3371.427661446418	1	0	2	1.839256071488264
47200.0	3000.0	3084.555037489265	0.0	0	281.9911222036244	3284.5550374892628	1	0	2	1.8563452454675993
48200.0	3000.0	2984.555037489266	0.0	0	505.90814093246445	3184.555037489248	1	0	2	1.8779989496174752
49623.91081599399	6000.0	2560.6442214952644	0.0	0	0.0	3184.555037489248	1	0	1	1.8864946127180535
51910.83053177229	6000.0	1273.72450571697	0.0	0	0.0	3184.555037489248	1	0	1	2.7796417932779987
52504.43703148746	2000.0	1620.7573560302862	0.0	0	0.0	3125.1943875177385	1	0	2	0.1918908856489917
53243.50286990591	2000.0	1881.691517611832	0.0	0	0.0	3125.1943875177385	1	0	1	1.4933578486449925
53887.800469916954	3000.0	2172.96415759968	0.0	0	0.0	3060.764627516626	1	0	2	1.3028534243615821
54521.69330772988	3000.0	2475.682036005465	0.0	0	0.0	2997.375343735337	1	0	2	1.920243228679988
55405.258909649674	3000.0	2503.759873893694	0.0	0	0.0	2909.018783543368	1	0	2	1.9346620595606763
56200.0	3000.0	2629.544674508338	0.0	0	173.98107236366195	2829.544674508339	1	0	2	1.9469689283359544
57200.0	3000.0	2529.5446745083295	0.0	0	378.30207881485694	2729.544674508332	1	0	2	1.960618713739672
58200.0	3000.0	2429.5446745083295	0.0	0	408.92761228430754	2629.5446745083245	1	0	2	1.9745291272673833
59200.0	3000.0	2329.5446745083236	0.0	0	7.939955161185935	2529.54467450831	1	0	2	1.9892383214005382
60570.70532863396	6000.0	1958.839345874369	0.0	0	0.0	2529.54467450831	1	0	1	1.9918169528136764
61200.0	3000.0	2266.615207371725	0.0	0	166.63924723269156	2466.615207371702	1	0	2	1.103272815139149
62200.0	3000.0	2166.615207371724	0.0	0	452.31365386043035	2366.615207371702	1	0	2	2.005493635020461
63202.251849466345	6000.0	2164.3633579053853	0.0	0	0.0	2366.615207371702	1	0	1	2.009490784756226
64217.26330449551	6000.0	2149.3519028762303	0.0	0	0.972384499887994	2366.615207371702	1	0	1	2.902637965316171
65200.0	3000.0	2166.615207371746	0.0	0	208.9601194885472	2366.6152073717094	1	0	1	1.5163436041962803
66200.0	3000.0	2066.6152073717394	0.0	0	206.66194244056533	2266.6152073717094	1	0	2	1.8158957546192394
67798.1731694494	6000.0	1468.4420379223438	0.0	0	0.0	2266.6152073717094	1	0	1	2.019062214554848
68756.45546425012	3000.0	1414.3315136415404	0.0	0	0.0	2170.786977891621	1	0	2	1.1320669293085561
69265.93854339639	2000.0	1904.8484344952574	0.0	0	0.0	2170.786977891621	1	0	1	1.216486587302235
70229.22865964024	3000.0	1845.2293066270383	0.0	0	0.0	2074.4579662672477	1	0	2	1.4277708296843632
71620.73581899745	6000.0	1453.722147269851	0.0	0	0.0	2074.4579662672477	1	0	1	2.03507701531122
72200.0	3000.0	1816.53154816703	0.0	0	87.40473398742324	2016.5315481669677	1	0	2	1.1449040378768647
73200.0	3000.0	1816.5315481670202	0.0	0	549.507389638733	2016.5315481669531	1	0	1	2.0393534236569435
74513.53849746054	6000.0	1502.9930507064676	0.0	0	0.0	2016.5315481669531	1	0	1	2.2393534236569437
75871.521116588	6000.0	1145.0104315790072	0.0	0	0.0	2016.5315481669531	1	0	1	2.932500604216889
76208.74790926707	2000.0	1807.783638899942	0.0	0	0.0	2016.5315481669531	1	0	1	0.7352760268806694
77200.0	3000.0	1717.406339093726	0.0	0	388.50563895341475	1917.4063390936644	1	0	2	1.438162648233512
78200.0	6000.0	1717.4063390937383	0.0	0	277.48092960687063	1917.406339093679	1	0	1	2.0461395732982384
79235.89217499139	6000.0	1681.5141641023565	0.0	0	60.79785967459611	1917.406339093679	1	0	1	2.9392867538581835
80207.56800162367	3000.0	1709.8383374700604	0.0	0	0.0	1917.406339093679	1	0	1	1.552992392738294
81313.65897918952	3000.0	1603.7473599042153	0.0	0	0.0	1917.406339093679	1	0	1	2.246139573298239
82771.24983883675	6000.0	1146.1565002569841	0.0	0	0.0	1917.406339093679	1	0	1	2.2461395732982385
83310.28704480846	2000.0	1607.1192942852713	0.0	0	0.0	1917.406339093679	1	0	1	0.7420621765219645
84200.0	2000.0	1717.4063390937254	0.0	0	311.1198872738023	1917.406339093679	1	0	1	1.8406744651900742
85200.0	6000.0	1717.4063390937326	0.0	0	166.3843194781075	1917.406339093679	1	0	1	1.840674465190074
86889.12575636226	6000.0	1028.280582731457	0.0	0	0.0	1917.406339093679	1	0	1	2.9392867538581835
87261.57881197173	2000.0	1655.8275271219918	0.0	0	0.0	1917.406339093679	1	0	1	0.7420621765219645
88200.0	3000.0	1717.406339093742	0.0	0	205.14874558111478	1917.406339093679	1	0	1	1.8406744651900744
89200.0	3000.0	1717.406339093732	0.0	0	298.4426753484877	1917.4063390936644	1	0	1	2.24613957329824
90200.0	3000.0	1617.4063390937354	0.0	0	342.3302711648721	1817.406339093679	1	0	2	1.850134866402609
91200.0	6000.0	1617.4063390937438	0.0	0	55.248534158294206	1817.4063390936644	1	0	1	2.0523574024008995
92870.53680520483	6000.0	946.8695338889162	0.0	0	0.0	1817.406339093679	1	0	1	2.9455045829608433
93817.10966498943	2000.0	1000.2966741043197	0.0	0	0.0	1817.406339093679	1	0	1	0.7482800056246242
94243.10386711931	2000.0	1574.3024719744337	0.0	0	0.0	1817.406339093679	1	0	1	1.8468922942927337
95200.0	3000.0	1617.4063390937313	0.0	0	351.64681798136735	1817.406339093679	1	0	1	1.846892294292734
96200.0	2000.0	1617.4063390937442	0.0	0	305.2529148170579	1817.406339093679	1	0	1	1.441427186184569
97200.0	3000.0	1517.4063390937422	0.0	0	353.31319829625136	1717.4063390936935	1	0	2	1.450519259873623
98200.0	6000.0	1517.4063390937451	0.0	0	47.688316491941805	1717.4063390936935	1	0	1	2.0580004909139182
99200.0	6000.0	1517.4063390937258	0.0	0	232.40303329612652	1717.406339093679	1	0	1	2.951147671473864
100286.35252821386	6000.0	1431.0538108798705	0.0	0	0.0	1717.406339093679	1	0	1	2.951147671473864
101200.0	6000.0	1517.4063390937417	0.0	0	195.01412291865563	1717.406339093679	1	0	1	2.951147671473864
102414.14926235836	6000.0	1303.2570767353711	0.0	0	0.0	1717.4063390936644	1	0	1	2.9511476714738643
103200.0	2000.0	1517.4063390937229	0.0	0	27.38899100961862	1717.4063390936644	1	0	1	0.7539230941376454
104200.0	3000.0	1517.406339093719	0.0	0	289.66555835309555	1717.406339093679	1	0	1	1.8525353828057542
105548.35428508156	6000.0	1169.0520540121627	0.0	0	0.0	1717.406339093679	1	0	1	2.258000490913919
106200.0	3000.0	1517.406339093724	0.0	0	55.269399164564675	1717.406339093679	1	0	1	1.564853310353974
107200.0	3000.0	1517.406339093713	0.0	0	97.08994489724864	1717.406339093679	1	0	1	2.258000490913919
108343.20333592537	6000.0	1374.2030031683441	0.0	0	0.0	1717.406339093679	1	0	1	2.258000490913919
109200.0	2000.0	1517.4063390937122	0.0	0	289.4870289130631	1717.406339093679	1	0	1	0.7539230941376446
110200.0	2000.0	1517.4063390937172	0.0	0	509.9345081267238	1717.406339093679	1	0	1	1.8525353828057542
111200.0	2000.0	1517.406339093716	0.0	0	395.772889655389	1717.406339093679	1	0	1	1.8525353828057542
112216.19363118257	3000.0	1399.593344792871	0.0	0	0.0	1615.7869759754103	1	0	2	1.4564299515856325
113200.0	2000.0	1415.7869759754344	0.0	0	312.6292611908284	1615.7869759754103	1	0	1	1.2522691766205334
114200.0	2000.0	1415.7869759754278	0.0	0	250.47905631750473	1615.7869759753958	1	0	1	1.8577342847286986
115200.0	3000.0	1415.7869759754255	0.0	0	201.59636347724881	1615.7869759753812	1	0	1	1.8577342847286997
116200.0	2000.0	1415.7869759754317	0.0	0	459.0473583609855	1615.7869759753812	1	0	1	1.452269176620535
117200.0	3000.0	1415.786975975428	0.0	0	374.89381678259815	1615.7869759753812	1	0	1	1.8577342847286997
118200.0	3000.0	1415.7869759754171	0.0	0	290.34726549644256	1615.7869759753812	1	0	1	2.2631993928368646
119200.0	2000.0	1415.7869759754183	0.0	0	329.72264445784094	1615.7869759753812	1	0	1	1.452269176620535
120200.0	2000.0	1415.786975975407	0.0	0	519.3799811964564	1615.7869759753812	1	0	1	1.8577342847286995
121200.0	2000.0	1415.786975975418	0.0	0	416.38065150716284	1615.7869759753812	1	0	1	1.8577342847286995
122200.0	2000.0	1415.786975975416	0.0	0	289.5989884103037	1615.7869759753812	1	0	1	1.8577342847286995
123200.0	2000.0	1415.7869759754171	0.0	0	302.0935328722844	1615.7869759753958	1	0	1	1.8577342847286986
124200.0	3000.0	1415.786975975439	0.0	0	360.01825472885685	1615.7869759754103	1	0	1	1.8577342847286984
125200.0	2000.0	1415.7869759754294	0.0	0	338.74108807826997	1615.7869759753958	1	0	1	1.452269176620534
126200.0	3000.0	1315.7869759754262	0.0	0	430.03764642382157	1515.7869759753958	1	0	2	1.4606292802900904
127200.0	6000.0	1315.7869759754262	0.0	0	123.97574732429348	1515.7869759753958	1	0	1	2.0678363113953164
128337.9043667876	6000.0	1177.8826091878227	0.0	0	0.0	1515.7869759753958	1	0	1	2.960983491955261
129333.29789604775	3000.0	1182.489079927674	0.0	0	0.0	1515.7869759753958	1	0	1	1.5746891308353712
130200.0	2000.0	1315.7869759754158	0.0	0	335.8894824730087	1515.7869759753958	1	0	1	1.456906095178987
131200.0	3000.0	1315.7869759754144	0.0	0	268.15223705804965	1515.7869759754103	1	0	1	1.8623712032871511
132267.01976951887	6000.0	1248.7672064565634	0.0	0	0.0	1515.7869759754394	1	0	1	2.2678363113953144
133200.0	6000.0	1315.7869759754592	0.0	0	41.01124287361745	1515.7869759754685	1	0	1	2.9609834919552585
134200.0	6000.0	1315.7869759754335	0.0	0	359.38891669147415	1515.7869759754685	1	0	1	2.960983491955258
135200.0	6000.0	1315.7869759754176	0.0	0	293.59820094230236	1515.7869759754685	1	0	1	2.960983491955258
136200.0	6000.0	1315.7869759754276	0.0	0	166.00759915803792	1515.7869759754976	1	0	1	2.960983491955257
137200.0	6000.0	1315.786975975408	0.0	0	78.29756709374487	1515.7869759754976	1	0	1	2.9609834919552562
138200.0	6000.0	1315.7869759753905	0.0	0	44.76680017574108	1515.7869759754976	1	0	1	2.9609834919552562
139200.0	6000.0	1315.7869759753844	0.0	0	94.96464541662135	1515.7869759754976	1	0	1	2.9609834919552562
140592.39047753147	6000.0	923.3964984439258	0.0	0	0.0	1515.7869759754976	1	0	1	2.9609834919552562
141224.73630475326	2000.0	1291.0506712221588	0.0	0	0.0	1515.7869759754976	1	0	1	0.7637589146190373
142200.0	2000.0	1315.7869759754233	0.0	0	308.75227609605645	1515.7869759754685	1	0	1	1.8623712032871484
143200.0	3000.0	1315.786975975409	0.0	0	360.808790735784	1515.7869759754394	1	0	1	1.8623712032871498
144200.0	6000.0	1315.7869759754162	0.0	0	337.9185026465566	1515.7869759754394	1	0	1	2.267836311395314
145200.0	6000.0	1315.7869759753917	0.0	0	168.383853489795	1515.7869759754394	1	0	1	2.9609834919552593
146349.18395956972	6000.0	1166.6030164057106	0.0	0	0.0	1515.7869759754394	1	0	1	2.9609834919552593
147806.6273274283	6000.0	709.1596485471143	0.0	0	0.0	1515.7869759754394	1	0	1	2.9609834919552593
148272.1111898111	2000.0	1243.675786164299	0.0	0	0.0	1515.7869759754394	1	0	1	0.7637589146190399
149200.0	3000.0	1315.7869759754324	0.0	0	495.87349621221074	1515.7869759754685	1	0	1	1.8623712032871484
150200.0	2000.0	1315.7869759754146	0.0	0	545.3705003630021	1515.7869759754685	1	0	1	1.4569060951789838
151200.0	2000.0	1315.786975975415	0.0	0	388.35566133481916	1515.7869759754976	1	0	1	1.8623712032871471
152200.0	2000.0	1315.7869759753887	0.0	0	476.90672919675126	1515.7869759754976	1	0	1	1.8623712032871471
153200.0	2000.0	1315.7869759753712	0.0	0	559.0457890354737	1515.7869759754976	1	0	1	1.8623712032871471
154200.0	2000.0	1315.7869759753544	0.0	0	551.7221538540907	1515.7869759754685	1	0	1	1.8623712032871484
155200.0	3000.0	1315.78697597536	0.0	0	134.31947538649547	1515.7869759754394	1	0	1	1.8623712032871498
156228.16462301445	6000.0	1287.6223529609363	0.0	0	0.0	1515.7869759754976	1	0	1	2.2678363113953117
157290.28134786114	6000.0	1225.5056281142308	0.0	0	0.0	1515.7869759754685	1	0	1	2.9609834919552576
158273.66708902197	6000.0	1242.1198869533926	0.0	0	0.0	1515.7869759754685	1	0	1	2.960983491955258
159200.0	3000.0	1315.786975975379	0.0	0	134.3845634770405	1515.7869759754976	1	0	1	1.5746891308353668
160423.6000235255	6000.0	1092.1869524498488	0.0	0	0.0	1515.7869759754685	1	0	1	2.267836311395313
161200.0	3000.0	1315.7869759753642	0.0	0	300.9517291896045	1515.7869759754685	1	0	1	1.574689130835368
162200.0	3000.0	1315.7869759753437	0.0	0	541.9011882739433	1515.7869759754394	1	0	1	2.2678363113953144
163274.24318051213	6000.0	1241.5437954632337	0.0	0	0.0	1515.7869759754685	1	0	1	2.2678363113953135
164432.73405015696	6000.0	1083.0529258184051	0.0	0	0.0	1515.7869759754976	1	0	1	2.9609834919552562
165232.73547159863	6000.0	1283.051504376732	0.0	0	0.0	1515.7869759755267	1	0	1	2.960983491955256
166273.73809271338	6000.0	1242.048883261954	0.0	0	0.0	1515.7869759754976	1	0	1	2.9609834919552562
167200.0	2000.0	1315.7869759753282	0.0	0	420.5160298976698	1515.7869759755267	1	0	1	0.763758914619036
168200.0	2000.0	1315.7869759753082	0.0	0	631.7743396798323	1515.7869759755267	1	0	1	1.8623712032871456
169200.0	6000.0	1315.7869759753073	0.0	0	197.12616280963994	1515.7869759755558	1	0	1	1.8623712032871444
170363.21286629792	6000.0	1152.5741096774393	0.0	0	0.0	1515.7869759755558	1	0	1	2.960983491955254
171200.0	2000.0	1315.7869759753744	0.0	0	314.8467529093323	1515.7869759755558	1	0	1	0.7637589146190349
172200.0	6000.0	1315.7869759753917	0.0	0	104.31741297611734	1515.7869759755267	1	0	1	1.862371203287145
173200.0	6000.0	1315.7869759753964	0.0	0	229.26510822758428	1515.7869759754976	1	0	1	2.9609834919552562
174200.0	6000.0	1315.7869759753612	0.0	0	194.02300667989766	1515.7869759754976	1	0	1	2.9609834919552562
175250.98958897023	6000.0	1264.797387005111	0.0	0	0.0	1515.7869759754685	1	0	1	2.960983491955258
176200.0	6000.0	1315.7869759753505	0.0	0	248.32348001591163	1515.7869759754394	1	0	1	2.9609834919552593
177200.0	6000.0	1315.7869759753492	0.0	0	109.22722459802753	1515.7869759754394	1	0	1	2.9609834919552593
178419.09062433132	6000.0	1096.6963516440248	0.0	0	0.0	1515.7869759754103	1	0	1	2.96098349195526
179766.95724233726	6000.0	748.8297336381031	0.0	0	0.0	1515.7869759753812	1	0	1	2.960983491955262
180420.51762201448	2000.0	1095.2693539608827	0.0	0	0.0	1515.7869759753812	1	0	1	0.7637589146190427
181200.0	2000.0	1315.7869759753319	0.0	0	215.830761245772	1515.7869759753812	1	0	1	1.8623712032871522
182200.0	2000.0	1315.7869759753355	0.0	0	458.15312185435323	1515.7869759753812	1	0	1	1.8623712032871522
183200.0	2000.0	1315.7869759753114	0.0	0	558.6537793665484	1515.7869759753812	1	0	1	1.8623712032871522
184200.0	3000.0	1315.7869759753246	0.0	0	451.50786044695997	1515.7869759753812	1	0	1	1.8623712032871524
185200.0	6000.0	1315.786975975312	0.0	0	55.52410166602931	1515.7869759753812	1	0	1	2.267836311395317
186769.27243935043	6000.0	746.5145366248721	0.0	0	0.0	1515.7869759753812	1	0	1	2.960983491955262
187200.0	2000.0	1315.7869759753194	0.0	0	61.559004348906456	1515.7869759753812	1	0	1	0.7637589146190427
188200.0	3000.0	1315.7869759753326	0.0	0	530.1223938075709	1515.786975975352	1	0	1	1.8623712032871536
190305.7037574951	6000.0	210.08321848023166	0.0	0	0.0	1515.7869759753812	1	0	1	2.267836311395317
191324.2142322926	2000.0	401.75584861614925	210.18310493344134	0	0.0	1725.9700809088245	1	0	1	-0.5076376146547674
192190.5275662692	2000.0	602.5758068948637	67.1332922553085	0	0.0	1793.1033731641655	1	0	1	1.445514798948468
193129.5874257839	2000.0	663.5159473801506	0.0	0	0.0	1793.1033731641655	1	0	1	1.848314552480319
193621.96758972577	2000.0	1171.1357834382916	0.0	0	0.0	1793.1033731641655	1	0	1	1.848314552480319
194200.0	2000.0	1593.103373164073	0.0	0	19.09987499041017	1793.1033731641655	1	0	1	1.848314552480319
195200.0	3000.0	1593.1033731640769	0.0	0	376.2012938589032	1793.1033731641364	1	0	1	1.8483145524803208
196200.0	3000.0	1593.1033731640912	0.0	0	273.5753196074511	1793.1033731641364	1	0	1	2.2537796605884854
197200.0	6000.0	1593.1033731640591	0.0	0	164.4868715814373	1793.1033731641364	1	0	1	2.253779660588485
198200.0	6000.0	1593.103373164057	0.0	0	66.09970887104282	1793.1033731641364	1	0	1	2.946926841148431
199750.85530415477	6000.0	1042.2480690092802	0.0	0	0.0	1793.1033731641364	1	0	1	2.94692684114843
200513.40627216714	2000.0	1279.6971009969316	0.0	0	0.0	1793.1033731641655	1	0	1	0.7497022638122094
201200.0	2000.0	1593.1033731640566	0.0	0	158.68399177331594	1793.1033731641073	1	0	1	1.8483145524803217
202200.0	2000.0	1593.103373164039	0.0	0	364.0679090357444	1793.1033731640782	1	0	1	1.848314552480324
203200.0	2000.0	1593.1033731640048	0.0	0	366.5501615811081	1793.1033731640782	1	0	1	1.848314552480324
204200.0	3000.0	1493.1033731640014	0.0	0	19.084985311870696	1693.1033731640782	1	0	2	1.4524169139258916
205200.0	3000.0	1493.1033731640136	0.0	0	368.2689911197813	1693.1033731640782	1	0	1	2.0592910487363896
206200.0	3000.0	1493.1033731640002	0.0	0	381.29152855146094	1693.1033731640782	1	0	1	2.2592910487363898
207200.0	3000.0	1493.103373163978	0.0	0	377.0567746514862	1693.1033731640782	1	0	1	2.2592910487363898
208200.0	3000.0	1493.1033731639816	0.0	0	229.07944270034204	1693.1033731640782	1	0	1	2.2592910487363898
209434.96206201194	6000.0	1258.1413111520346	0.0	0	0.0	1693.1033731640782	1	0	1	2.2592910487363898
210200.0	3000.0	1493.1033731639554	0.0	0	300.82481451536296	1693.1033731641073	1	0	1	1.5661438681764432
211200.0	3000.0	1493.103373163952	0.0	0	429.06506280845497	1693.1033731641073	1	0	1	2.2592910487363884
212569.95668961862	6000.0	1123.146683545343	0.0	0	0.0	1693.1033731641073	1	0	1	2.259291048736388
214380.21019631092	6000.0	312.8931768530596	0.0	0	0.0	1693.1033731641073	1	0	1	2.952438229296333
214924.74307807544	2000.0	768.3602950885194	0.0	0	0.0	1693.1033731641073	1	0	1	0.7552136519601138
215404.48469556888	2000.0	1288.61867759509	0.0	0	0.0	1693.1033731641364	1	0	1	1.8538259406282218
216200.0	2000.0	1493.103373163993	0.0	0	239.61654684998211	1693.1033731641655	1	0	1	1.8538259406282203
217200.0	2000.0	1493.1033731639754	0.0	0	414.0764541392855	1693.1033731641364	1	0	1	1.8538259406282218
218200.0	2000.0	1493.1033731639689	0.0	0	424.8665870942059	1693.1033731641364	1	0	1	1.8538259406282218
219200.0	3000.0	1493.1033731639418	0.0	0	409.69931478536455	1693.1033731641073	1	0	1	1.8538259406282236
220200.0	3000.0	1493.1033731639452	0.0	0	338.47238358540926	1693.1033731641073	1	0	1	2.2592910487363884
221692.934713708	6000.0	1000.1686594559291	0.0	0	0.0	1693.1033731641073	1	0	1	2.259291048736388
222437.51992867558	3000.0	1255.583444488387	0.0	0	0.0	1693.1033731640782	1	0	1	1.5661438681764446
223200.0	3000.0	1493.1033731639388	0.0	0	62.46579177377862	1693.1033731640782	1	0	1	2.2592910487363898
224562.75375309744	6000.0	1130.3496200664947	0.0	0	0.0	1693.1033731641073	1	0	1	2.2592910487363884
225200.0	2000.0	1493.1033731639325	0.0	0	73.61302442685701	1693.1033731641073	1	0	1	0.7552136519601138
226200.0	3000.0	1493.1033731639427	0.0	0	431.9948340545525	1693.1033731641073	1	0	1	1.8538259406282236
227200.0	6000.0	1493.1033731639216	0.0	0	23.40210025254055	1693.1033731641073	1	0	1	2.259291048736388
228228.7280280025	6000.0	1464.3753451614339	0.0	0	37.27210302843014	1693.1033731641073	1	0	1	2.952438229296333
229200.0	2000.0	1493.1033731638986	0.0	0	266.1427725974936	1693.1033731641073	1	0	1	0.7552136519601128
230200.0	3000.0	1493.1033731638802	0.0	0	101.77675403884496	1693.1033731641073	1	0	1	1.8538259406282236
232126.84724224822	6000.0	566.2561309156487	0.0	0	0.0	1693.1033731641364	1	0	1	2.2592910487363875
232678.03654317217	2000.0	1015.0668299916794	0.0	0	0.0	1693.1033731641655	1	0	1	0.7552136519601107
233200.0	2000.0	1493.1033731638506	0.0	0	126.57384233211633	1693.1033731641655	1	0	1	1.8538259406282203
234540.0310707341	6000.0	1153.0723024297388	0.0	0	0.0	1693.1033731641364	1	0	1	1.8538259406282211
235280.0067865965	2000.0	1413.0965865673827	0.0	0	0.0	1693.1033731641655	1	0	1	0.755213651960111
236200.0	2000.0	1493.1033731638495	0.0	0	224.11174535210012	1693.1033731641364	1	0	1	1.8538259406282211
237200.0	3000.0	1493.1033731638063	0.0	0	252.34697459280142	1693.1033731641364	1	0	1	1.853825940628222
238200.0	3000.0	1493.1033731637594	0.0	0	59.31347979855491	1693.1033731641364	1	0	1	2.2592910487363866
239200.0	6000.0	1493.1033731637865	0.0	0	68.24621197432862	1693.1033731641655	1	0	1	2.259291048736385
240200.0	6000.0	1493.1033731637685	0.0	0	14.43845876888372	1693.1033731641655	1	0	1	2.95243822929633
241743.0959971455	6000.0	950.007376018301	0.0	0	0.0	1693.1033731641655	1	0	1	2.95243822929633
242217.4576368106	2000.0	1475.6457363532122	0.0	0	0.0	1693.1033731641655	1	0	1	0.7552136519601107
243200.0	2000.0	1493.103373163807	0.0	0	192.21913810484693	1693.1033731641946	1	0	1	1.8538259406282187
244200.0	3000.0	1393.103373163818	0.0	0	376.64228185336106	1593.1033731641655	1	0	2	1.4569409528804642
245200.0	2000.0	1393.1033731638186	0.0	0	396.6674449626007	1593.1033731641655	1	0	1	1.253361043009145
246200.0	2000.0	1393.1033731638145	0.0	0	593.0098179914057	1593.1033731641655	1	0	1	1.8588261511173099
247526.6712078534	6000.0	1066.4321653104168	0.0	0	0.0	1593.1033731641364	1	0	1	1.8588261511173112
248200.0	3000.0	1393.1033731637904	0.0	0	188.96972840864328	1593.1033731641364	1	0	1	1.571144078665531
249200.0	6000.0	1393.103373163789	0.0	0	43.025770753854886	1593.1033731641073	1	0	1	2.2642912592254776
250200.0	6000.0	1393.1033731637613	0.0	0	308.32045712994295	1593.1033731641073	1	0	1	2.9574384397854225
251551.13849579787	6000.0	1041.9648773659003	0.0	0	0.0	1593.1033731641073	1	0	1	2.9574384397854225
252200.0	2000.0	1393.1033731637817	0.0	0	31.55058629438281	1593.1033731641364	1	0	1	0.7602138624492016
253200.0	2000.0	1393.1033731637967	0.0	0	338.7156025086879	1593.1033731641364	1	0	1	1.8588261511173112
254200.0	3000.0	1393.1033731637763	0.0	0	475.4004294218612	1593.1033731641364	1	0	1	1.8588261511173114
255200.0	3000.0	1393.1033731637915	0.0	0	506.5010594096093	1593.1033731641364	1	0	1	2.264291259225476
256200.0	3000.0	1393.103373163747	0.0	0	215.8469818691956	1593.1033731641364	1	0	1	2.264291259225476
257200.0	3000.0	1393.1033731637579	0.0	0	130.58274561929284	1593.1033731641364	1	0	1	2.264291259225476
258204.45968621393	3000.0	1388.64368694983	0.0	0	0.0	1593.1033731641364	1	0	1	2.264291259225476
259200.0	3000.0	1393.1033731637926	0.0	0	207.88816940318793	1593.1033731641655	1	0	1	2.2642912592254754
260200.0	2000.0	1393.1033731637901	0.0	0	131.8787566018873	1593.1033731641655	1	0	1	1.4533610430091453
261200.0	3000.0	1393.1033731638267	0.0	0	299.76960850766045	1593.1033731641655	1	0	1	1.85882615111731
262200.0	2000.0	1393.1033731638454	0.0	0	481.74151272152085	1593.1033731641655	1	0	1	1.4533610430091453
263200.0	2000.0	1393.1033731638315	0.0	0	259.8667359316023	1593.1033731641655	1	0	1	1.8588261511173103
264200.0	3000.0	1293.1033731637808	0.0	0	249.5907358052209	1493.1033731640782	1	0	2	1.4617423960911204
265200.0	2000.0	1293.103373163742	0.0	0	540.5942467967398	1493.1033731640782	1	0	1	1.2578963514685517
266200.0	3000.0	1293.1033731637733	0.0	0	174.5088300074567	1493.10337316402	1	0	1	1.8633614595767192
267200.0	3000.0	1293.1033731637435	0.0	0	368.96893771132454	1493.10337316402	1	0	1	2.2688265676848838
268200.0	2000.0	1293.1033731637506	0.0	0	215.2860607089242	1493.10337316402	1	0	1	1.4578963514685543
269200.0	2000.0	1293.1033731637224	0.0	0	465.37111720303074	1493.10337316402	1	0	1	1.863361459576719
270200.0	2000.0	1293.1033731637476	0.0	0	308.02105314820074	1493.10337316402	1	0	1	1.863361459576719
271200.0	2000.0	1293.1033731637663	0.0	0	227.85053863644134	1493.10337316402	1	0	1	1.863361459576719
272200.0	2000.0	1293.1033731637428	0.0	0	415.91293450654484	1493.10337316402	1	0	1	1.863361459576719
273200.0	3000.0	1293.103373163704	0.0	0	399.5506614751648	1493.10337316402	1	0	1	1.8633614595767192
274200.0	2000.0	1293.103373163658	0.0	0	525.1969818988582	1493.10337316402	1	0	1	1.4578963514685543
275200.0	3000.0	1293.1033731636599	0.0	0	291.7981278625084	1493.1033731640782	1	0	1	1.8633614595767178
276436.74032668304	6000.0	1056.3630464806579	0.0	0	0.0	1493.1033731640782	1	0	1	2.268826567684881
277200.0	3000.0	1293.103373163693	0.0	0	84.98028869368136	1493.1033731640782	1	0	1	1.5756793871249353
278200.0	3000.0	1293.1033731637144	0.0	0	192.6020516952849	1493.10337316402	1	0	1	2.2688265676848838
279200.0	2000.0	1293.10337316375	0.0	0	490.0627295602462	1493.10337316402	1	0	1	1.4578963514685543
280200.0	3000.0	1293.103373163787	0.0	0	371.79595145367784	1493.1033731640782	1	0	1	1.8633614595767165
281583.4738026986	6000.0	909.6295704652052	0.0	0	0.0	1493.1033731640782	1	0	1	2.268826567684881
282200.0	3000.0	1293.1033731637956	0.0	0	105.30076306633418	1493.1033731640782	1	0	1	1.5756793871249362
283200.0	6000.0	1293.1033731637283	0.0	0	407.60918483283604	1493.1033731640782	1	0	1	2.268826567684881
284200.0	6000.0	1293.1033731637403	0.0	0	457.0311891413876	1493.1033731641364	1	0	1	2.9619737482448234
285200.0	6000.0	1293.1033731637674	0.0	0	456.3007177551044	1493.1033731641364	1	0	1	2.9619737482448234
286200.0	6000.0	1293.103373163771	0.0	0	104.46197355381446	1493.1033731641364	1	0	1	2.9619737482448234
287276.858497189	6000.0	1216.2448759747228	0.0	0	0.0	1493.1033731640782	1	0	1	2.961973748244826
288200.0	6000.0	1293.1033731637556	0.0	0	23.054194255790208	1493.1033731640782	1	0	1	2.961973748244826
289619.81887103943	6000.0	873.2845021243203	0.0	0	0.0	1493.1033731640782	1	0	1	2.961973748244826
290229.8674077781	2000.0	1263.2359653856456	0.0	0	0.0	1493.10337316402	1	0	1	0.7647491709086094
291200.0	2000.0	1293.1033731637172	0.0	0	545.990004813706	1493.10337316402	1	0	1	1.863361459576719
292200.0	3000.0	1293.103373163733	0.0	0	617.7986199597945	1493.1033731639618	1	0	1	1.8633614595767216
293200.0	6000.0	1293.10337316374	0.0	0	152.6704437948065	1493.1033731639618	1	0	1	2.268826567684886
294300.5652927095	6000.0	1192.5380804542306	0.0	0	0.0	1493.1033731639618	1	0	1	2.961973748244831
295200.0	6000.0	1293.1033731637647	0.0	0	36.1672364702099	1493.1033731639036	1	0	1	2.9619737482448327
296626.72159483086	6000.0	866.3817783329273	0.0	0	0.0	1493.10337316402	1	0	1	2.961973748244829
297200.0	2000.0	1293.1033731638377	0.0	0	116.96561780350748	1493.10337316402	1	0	1	0.7647491709086094
298200.0	3000.0	1293.1033731638508	0.0	0	343.4667953994358	1493.10337316402	1	0	1	1.8633614595767192
299200.0	3000.0	1293.1033731638258	0.0	0	205.095917949453	1493.10337316402	1	0	1	2.2688265676848838
300200.0	3000.0	1293.1033731638772	0.0	0	116.87943789421115	1493.1033731640782	1	0	1	2.268826567684881
4.92	6.35	8.26	4.09	5.24	5.09	5.5	7.8	5.47	5.43	6.37	3.68	4.56	6.37	4.66	4.39	5.58	6.22	5.62	6.6	6.66	8.72	7.7	4.29	5.53	3.09	2.92	4.37	6.06	8.39	7.39	3.75	5.87	5.0	3.54	2.66	1.89	2.39	4.34	4.15	5.12	6.89	6.53	4.24	3.56	3.49	3.6	3.86	3.72	3.71	5.04	4.18	3.74	4.66	4.87	6.26	4.74	6.64	3.66	3.66	3.7	3.48	3.26	4.1	4.56	5.29	5.56	5.32	4.33	4.76	4.99	6.61	7.7	3.72	3.49	3.82	2.5	4.33	6.64	4.23	2.73	4.67	3.89	4.9	6.99	4.62	4.97	2.76	4.7	3.07	4.38	5.55	6.19	6.39	8.09	7.25	2.4	3.95	5.06	5.2	3.93	4.38	3.39	4.07	2.95	4.2	3.65	3.07	4.56	3.44	4.91	3.97	3.17	3.35	3.86	3.15	4.01	4.24	3.31	4.85	5.66	4.95	4.74	3.54	5.83	4.62	6.09	8.47	10.8	9.99	6.96	5.51	5.49	6.09	3.81	3.93	6.09	8.62	5.92	4.91	6.34	4.81	5.72	4.14	3.86	3.29	3.53	4.87	4.04	5.34	4.92	6.35	8.26	4.09	5.24	5.09	5.5	7.8	5.47	5.43	6.37	3.68	4.56	6.37	4.66	4.39	5.58	6.22	5.62	6.6	6.66	8.72	7.7	4.29	5.53	3.09	2.92	4.37	6.06	8.39	7.39	3.75	5.87	5.0	3.54	2.66	1.89	2.39	4.34	4.15	5.12	6.89	6.53	4.24	3.56	3.49	3.6	3.86	3.72	3.71	5.04	4.18	3.74	4.66	4.87	6.26	4.74	6.64	3.66	3.66	3.7	3.48	3.26	4.1	4.56	5.29	5.56	5.32	4.33	4.76	4.99	6.61	7.7	3.72	3.49	3.82	2.5	4.33	6.64	4.23	2.73	4.67	3.89	4.9	6.99	4.62	4.97	2.76	4.7	3.07	4.38	5.55	6.19	6.39	8.09	7.25	2.4	3.95	5.06	5.2	3.93	4.38	3.39	4.07	2.95	4.2	3.65	3.07	4.56	3.44	4.91	3.97	3.17	3.35	3.86	3.15	4.01	4.24	3.31	4.85	5.66	4.95	4.74	3.54	5.83	4.62	6.09	8.47	10.8	9.99	6.96	5.51	5.49	6.09	3.81	3.93	6.09	8.62	5.92	4.91	6.34	4.81	5.72	4.14	3.86	3.29	3.53
1.0	2.0	3.0	4.0	5.0	6.0	7.0	8.0	9.0	10.0	11.0	12.0	13.0	14.0	15.0	16.0	17.0	18.0	19.0	20.0	21.0	22.0	23.0	24.0	25.0	26.0	27.0	28.0	29.0	30.0	31.0	32.0	33.0	34.0	35.0	36.0	37.0	38.0	39.0	40.0	41.0	42.0	43.0	44.0	45.0	46.0	47.0	48.0	49.0	50.0	51.0	52.0	53.0	54.0	55.0	56.0	57.0	58.0	59.0	60.0	61.0	62.0	63.0	64.0	65.0	66.0	67.0	68.0	69.0	70.0	71.0	72.0	73.0	74.0	75.0	76.0	77.0	78.0	79.0	80.0	81.0	82.0	83.0	84.0	85.0	86.0	87.0	88.0	89.0	90.0	91.0	92.0	93.0	94.0	95.0	96.0	97.0	98.0	99.0	100.0	101.0	102.0	103.0	104.0	105.0	106.0	107.0	108.0	109.0	110.0	111.0	112.0	113.0	114.0	115.0	116.0	117.0	118.0	119.0	120.0	121.0	122.0	123.0	124.0	125.0	126.0	127.0	128.0	129.0	130.0	131.0	132.0	133.0	134.0	135.0	136.0	137.0	138.0	139.0	140.0	141.0	142.0	143.0	144.0	145.0	146.0	147.0	148.0	149.0	149.0	150.0	151.0	152.0	153.0	154.0	155.0	156.0	157.0	158.0	159.0	160.0	161.0	162.0	163.0	164.0	165.0	166.0	167.0	168.0	169.0	170.0	171.0	172.0	173.0	174.0	175.0	176.0	177.0	178.0	179.0	180.0	181.0	182.0	183.0	184.0	185.0	186.0	187.0	188.0	189.0	190.0	191.0	192.0	193.0	194.0	195.0	196.0	197.0	198.0	199.0	200.0	201.0	202.0	203.0	204.0	205.0	206.0	207.0	208.0	209.0	210.0	211.0	212.0	213.0	214.0	215.0	216.0	217.0	218.0	219.0	220.0	221.0	222.0	223.0	224.0	225.0	226.0	227.0	228.0	229.0	230.0	231.0	232.0	233.0	234.0	235.0	236.0	237.0	238.0	239.0	240.0	241.0	242.0	243.0	244.0	245.0	246.0	247.0	248.0	249.0	250.0	251.0	252.0	253.0	254.0	255.0	256.0	257.0	258.0	259.0	260.0	261.0	262.0	263.0	264.0	265.0	266.0	267.0	268.0	269.0	270.0	271.0	272.0	273.0	274.0	275.0	276.0	277.0	278.0	279.0	280.0	281.0	282.0	283.0	284.0	285.0	286.0	287.0	288.0	289.0	290.0	291.0	292.0	293.0	294.0	295.0	296.0
5895.698043412269
