5632.074617894266	300.0	2000.0	111.92050101143008	0	0.0	5632.074617894266	1	0	1	-2.277909417310535
6298.6792695641825	2000.0	2266.7348831630916	0.0	0	0.0	5565.414152727274	1	0	2	-1.9782088135761917
6758.859261705634	3000.0	2760.536891807494	0.0	0	0.0	5519.396153513128	1	0	2	0.16844982551835214
7231.4051116969	3000.0	3240.736456817101	0.0	0	0.0	5472.141568514002	1	0	2	0.6174366501205208
7763.361318033792	3000.0	3655.584629846521	0.0	0	0.0	5418.945947880313	1	0	2	0.6666084741912602
8257.577475671218	3000.0	4111.94685644535	0.0	0	0.0	5369.524332116569	1	0	2	0.7110216119406405
9241.009435054397	6000.0	4128.514897062171	0.0	0	0.0	5369.524332116569	1	0	1	0.7228648280861809
10446.426659645764	6000.0	3923.0976724708053	0.0	0	0.0	5369.524332116571	1	0	1	1.6160120086461252
11096.623487628458	3000.0	4207.881161689843	0.0	0	0.0	5304.504649318303	1	0	2	-0.12582580997098092
11753.865046115036	3000.0	4484.915447354607	0.0	0	0.0	5238.780493469645	1	0	2	0.82487271967013
12356.05370408661	3000.0	4822.507923585877	0.0	0	0.0	5178.561627672489	1	0	2	0.8780368713690683
13343.350472916407	6000.0	4835.211154756079	0.0	0	0.0	5178.561627672489	1	0	1	0.890641910811684
14248.107806610013	6000.0	4930.453821062473	0.0	0	0.0	5178.561627672489	1	0	1	1.7837890913716299
15200.0	6000.0	4978.561627672487	0.0	0	26.9894260733181	5178.561627672489	1	0	1	1.7837890913716299
16299.3792343239	6000.0	4879.182393348586	0.0	0	0.0	5178.56162767249	1	0	1	1.783789091371628
17284.60445559253	6000.0	4893.957172079959	0.0	0	0.0	5178.56162767249	1	0	1	1.783789091371628
18200.0	6000.0	4978.561627672489	0.0	0	96.77557877013169	5178.56162767249	1	0	1	1.7837890913716288
19560.181392410046	6000.0	4618.380235262436	0.0	0	0.0	5178.561627672485	1	0	1	1.7837890913716303
21062.088205786604	6000.0	4116.4734218858775	0.0	0	0.0	5178.561627672481	1	0	1	1.783789091371635
21884.72021392494	3000.0	4211.57821293371	0.0	0	0.0	5096.298426858648	1	0	2	0.04892852780504428
22563.436583560506	3000.0	4464.990206334583	0.0	0	0.0	5028.426789895086	1	0	2	1.0019406349080322
23254.713938840894	3000.0	4704.585115526158	0.0	0	0.0	4959.299054367053	1	0	2	1.0544206229189161
24425.778546592923	3000.0	4416.414046998926	0.0	0	0.0	4842.192593591848	1	0	2	1.1334180234313798
26119.017290736534	3000.0	3553.851428440954	0.0	0	0.0	4672.868719177488	1	0	2	1.2517452600213814
27119.344583495822	3000.0	3453.491406405736	0.0	0	0.0	4572.835989901563	1	0	2	1.323480589427763
28059.127295254057	3000.0	3419.7304234716808	0.0	0	0.0	4478.857718725743	1	0	2	1.3803268958003683
28864.81108891552	3000.0	3533.478250444066	0.0	0	0.0	4398.289339359591	1	0	2	1.429956424934961
29802.392729228402	3000.0	3502.138446099892	0.0	0	0.0	4304.531175328295	1	0	2	1.4789146599739378
30786.419074159177	3000.0	3419.7094666760445	0.0	0	0.0	4206.128540835223	1	0	2	1.5305891262781857
31737.733250240362	3000.0	3373.2638729867385	0.0	0	0.0	4110.9971232271055	1	0	2	1.574066112468399
32684.4389648979	3000.0	3331.8875868634523	0.0	0	0.0	4016.326551761358	1	0	2	1.6198054285865964
33397.643376832704	3000.0	3547.3627337351663	0.0	0	0.0	3945.0061105678797	1	0	2	1.650706448170487
34204.07396423621	3000.0	3660.289087591315	0.0	0	0.0	3864.363051827535	1	0	2	1.6821087540253705
35327.94122105947	3000.0	3424.035105085729	0.0	0	0.0	3751.976326145199	1	0	2	1.7191148602087494
36268.9356963789	3000.0	3388.9411822343527	0.0	0	0.0	3657.876878613264	1	0	2	1.7539343766521531
37200.0	3000.0	3364.770448251155	0.0	0	143.1428980418932	3564.7704482511617	1	0	2	1.7807842303662513
38200.0	3000.0	3264.7704482511526	0.0	0	52.991673749202164	3464.7704482511544	1	0	2	1.8106125321442241
39200.0	3000.0	3164.7704482511444	0.0	0	317.70622424690373	3364.770448251147	1	0	2	1.8357015597750435
40200.0	3000.0	3064.770448251139	0.0	0	595.0293630393062	3264.77044825114	1	0	2	1.8594383881423517
41326.79164664864	6000.0	2937.9788016024936	0.0	0	0.0	3264.77044825114	1	0	1	1.868770505738883
42510.48582130761	6000.0	2754.284626943526	0.0	0	0.0	3264.77044825114	1	0	1	2.761917686298828
43200.0	3000.0	2995.8190303818897	0.0	0	21.06147934798355	3195.819030381892	1	0	2	0.9867877835896133
44200.0	3000.0	2895.819030381894	0.0	0	412.10828329643846	3095.819030381899	1	0	2	1.8970006401849884
45200.0	3000.0	2795.819030381891	0.0	0	193.9239055813523	2995.8190303819065	1	0	2	1.9171855530284048
46667.9828241451	6000.0	2327.8362062367896	0.0	0	0.0	2995.8190303819065	1	0	1	1.9235261938701036
47424.70249742573	2000.0	2571.116532956165	0.0	0	0.0	2995.819030381899	1	0	1	0.6194487970938309
48200.0	2000.0	2718.2892801244675	0.0	0	186.95879161141056	2918.289280124467	1	0	2	1.3265025096457885
49200.0	3000.0	2618.2892801244625	0.0	0	318.8205305482843	2818.2892801244598	1	0	2	1.5419166318622646
50300.010530660955	3000.0	2408.277696397404	0.0	0	0.0	2708.2882270583577	1	0	2	1.9645390979194062
51264.18135309751	3000.0	2347.689791717191	0.0	0	0.0	2611.871144814708	1	0	2	1.9785392349953677
52553.731034892575	6000.0	2058.140109922123	0.0	0	0.0	2611.871144814708	1	0	1	1.9818014486647055
53200.0	3000.0	2347.2442483039567	0.0	0	60.609092111335485	2547.244248303963	1	0	2	1.0942332085829582
54200.0	3000.0	2247.244248303962	0.0	0	217.83349364878086	2447.244248303963	1	0	2	1.9972908580980266
55200.0	6000.0	2247.2442483039695	0.0	0	103.43521186307771	2447.244248303956	1	0	1	2.0010840979792635
56200.0	6000.0	2247.2442483039636	0.0	0	317.8570827852309	2447.244248303956	1	0	1	2.894231278539209
57200.0	6000.0	2247.244248303972	0.0	0	366.923600455455	2447.244248303956	1	0	1	2.894231278539209
58525.17743478549	6000.0	1922.066813518476	0.0	0	0.0	2447.244248303956	1	0	1	2.894231278539209
60139.069639643356	6000.0	1308.1746086606042	0.0	0	0.0	2447.2442483039486	1	0	1	2.8942312785392095
60705.11755027202	3000.0	1685.521906969074	0.0	0	0.0	2390.639457241072	1	0	2	1.1125164529282674
61470.05310452805	3000.0	1844.0927972874383	0.0	0	0.0	2314.145901815471	1	0	2	2.0127412784303145
62279.07448866063	6000.0	2035.0714131548552	0.0	0	0.0	2314.145901815471	1	0	1	2.0146262375621724
63758.09636305705	6000.0	1556.0495387584479	0.0	0	0.0	2314.1459018154783	1	0	1	2.907773418122117
64380.325009302185	2000.0	1933.8208925133165	0.0	0	0.0	2314.1459018154783	1	0	1	0.7105488407858976
65200.0	2000.0	2032.1784027457084	0.0	0	41.23769236232329	2232.178402745689	1	0	2	1.4145538360302907
66200.0	3000.0	1932.1784027457	0.0	0	174.9711091509671	2132.1784027456815	1	0	2	1.6224164840631503
67200.0	3000.0	1932.178402745718	0.0	0	321.4003716978332	2132.1784027457106	1	0	1	2.030572253624924
68200.0	3000.0	1832.1784027457027	0.0	0	331.1975077440002	2032.1784027456888	1	0	2	1.8355438074760504
69200.0	3000.0	1732.1784027457065	0.0	0	420.40889807610074	1932.1784027456742	1	0	2	2.0426003365570256
70209.86865685837	6000.0	1722.3097458873488	0.0	0	0.0	1932.1784027456742	1	0	1	2.0451689911668405
71338.02585269681	6000.0	1594.1525500489015	0.0	0	0.0	1932.1784027456742	1	0	1	2.938316171726786
72335.86023718561	3000.0	1596.3181655601147	0.0	0	0.0	1932.1784027456742	1	0	1	1.5520218106068961
73200.0	3000.0	1732.178402745722	0.0	0	160.60145894053858	1932.1784027456597	1	0	1	2.245168991166842
74200.0	6000.0	1732.1784027457193	0.0	0	97.52323425436043	1932.1784027456742	1	0	1	2.2451689911668407
75800.8782904595	6000.0	1131.3001122862327	0.0	0	0.0	1932.1784027456742	1	0	1	2.938316171726786
76493.41987827209	2000.0	1438.7585244736429	0.0	0	0.0	1932.1784027456742	1	0	1	0.7410915943905666
77200.0	2000.0	1732.1784027457404	0.0	0	150.0115745576768	1932.1784027456888	1	0	1	1.8397038830586754
78200.0	3000.0	1732.1784027457552	0.0	0	85.05566628843371	1932.1784027456888	1	0	1	1.8397038830586756
79605.5743064618	3000.0	1186.0466656377862	0.0	0	0.0	1791.6209720995103	1	0	2	1.8518600668648808
80364.11836203255	2000.0	1427.5026100670411	0.0	0	0.0	1791.6209720995248	1	0	1	1.2429351168250231
81200.0	2000.0	1591.6209720995985	0.0	0	443.0334866523626	1791.6209720995103	1	0	1	1.8484002249331888
82200.0	2000.0	1591.620972099587	0.0	0	601.0860636226425	1791.6209720994957	1	0	1	1.8484002249331892
83200.0	3000.0	1491.6209720995735	0.0	0	318.87433498910104	1691.6209720994957	1	0	2	1.451951215193144
84200.0	6000.0	1491.6209720995782	0.0	0	21.95376624329947	1691.6209720994957	1	0	1	2.0593687851721176
85200.0	6000.0	1491.6209720995744	0.0	0	12.425204284925712	1691.6209720994812	1	0	1	2.952515965732063
86200.0	6000.0	1491.6209720995696	0.0	0	100.2349648065283	1691.6209720994812	1	0	1	2.952515965732063
87200.0	6000.0	1491.620972099568	0.0	0	155.9911050950177	1691.6209720994812	1	0	1	2.952515965732063
88257.28026603923	6000.0	1434.3407060603297	0.0	0	0.0	1691.6209720994812	1	0	1	2.952515965732063
89200.0	6000.0	1491.6209720995544	0.0	0	71.41236226336332	1691.6209720994812	1	0	1	2.952515965732063
90865.7309774085	6000.0	825.8899946910485	0.0	0	0.0	1691.6209720994812	1	0	1	2.952515965732063
91420.74930005852	2000.0	1270.871672041027	0.0	0	0.0	1691.6209720994957	1	0	1	0.7552913883958432
92210.29728303842	2000.0	1481.323689061124	0.0	0	0.0	1691.6209720994957	1	0	1	1.8539036770639528
93200.0	2000.0	1491.6209720995473	0.0	0	344.2091937803634	1691.6209720994957	1	0	1	1.8539036770639528
94200.0	2000.0	1491.620972099542	0.0	0	577.9116422909719	1691.6209720994957	1	0	1	1.8539036770639528
95200.0	3000.0	1491.620972099528	0.0	0	308.6585947270214	1691.6209720994957	1	0	1	1.8539036770639532
96283.26619755218	6000.0	1408.3547745473402	0.0	0	0.0	1691.6209720994957	1	0	1	2.259368785172118
97678.06830841851	6000.0	1013.5526636809934	0.0	0	0.0	1691.6209720994957	1	0	1	2.9525159657320628
98271.8814353771	2000.0	1419.73953672241	0.0	0	0.0	1691.6209720994812	1	0	1	0.755291388395844
99200.0	2000.0	1491.620972099514	0.0	0	211.56999663927127	1691.6209720994812	1	0	1	1.8539036770639536
100200.0	3000.0	1491.6209720995007	0.0	0	29.958155049709603	1691.6209720994812	1	0	1	1.8539036770639536
101200.0	3000.0	1491.6209720994923	0.0	0	22.269581449159887	1691.6209720994812	1	0	1	2.2593687851721183
102200.0	3000.0	1491.6209720994866	0.0	0	176.73886392403801	1691.6209720994812	1	0	1	2.2593687851721183
103200.0	3000.0	1491.6209720994834	0.0	0	371.7341376027762	1691.6209720994812	1	0	1	2.2593687851721183
104670.94986790116	6000.0	1020.671104198314	0.0	0	0.0	1691.6209720994812	1	0	1	2.2593687851721183
105204.83645694485	3000.0	1486.7845151546117	0.0	0	0.0	1691.6209720994812	1	0	1	1.5662216046121733
106200.0	3000.0	1491.6209720994734	0.0	0	502.50277788814856	1691.6209720994812	1	0	1	2.2593687851721183
107200.0	6000.0	1491.6209720994832	0.0	0	187.79741124776774	1691.6209720994812	1	0	1	2.2593687851721183
108200.0	6000.0	1491.6209720994843	0.0	0	76.12993370936601	1691.6209720994812	1	0	1	2.952515965732063
110843.85794663537	6000.0	200.0	352.236974535906	0	0.0	2043.8579466353694	1	0	1	0.8319257415219108
111663.49702300777	2000.0	675.4245665915646	295.0636429639744	0	0.0	2338.92158959934	1	0	1	-1.062226070219821
112088.98060895044	2000.0	1249.9409806488875	0.0	0	0.0	2338.92158959934	1	0	1	1.8067680762321352
112499.47576440932	2000.0	1839.445825190009	0.0	0	0.0	2338.92158959934	1	0	1	1.8067680762321352
113200.0	3000.0	2068.8691660402646	0.0	0	252.14239673665725	2268.8691660402983	1	0	2	1.410708931992281
114438.60204877422	6000.0	1830.2671172660366	0.0	0	0.0	2268.8691660402983	1	0	1	2.0188563606505134
115270.86398039442	6000.0	1998.0051856458394	0.0	0	0.0	2268.8691660402983	1	0	1	2.912003541210458
116200.0	6000.0	2068.8691660402574	0.0	0	154.1576982717379	2268.8691660402983	1	0	1	2.912003541210458
117200.0	6000.0	2068.869166040253	0.0	0	473.43656449508853	2268.8691660402983	1	0	1	2.912003541210458
118200.0	6000.0	2068.86916604025	0.0	0	87.46611363450938	2268.8691660402983	1	0	1	2.912003541210458
119867.36899199674	6000.0	1401.50017404351	0.0	0	0.0	2268.8691660402983	1	0	1	2.912003541210458
121052.20894226669	6000.0	1216.6602237735601	0.0	0	0.0	2268.869166040313	1	0	1	2.9120035412104572
121693.55683253803	3000.0	1511.177544475093	0.0	0	0.0	2204.73437701317	1	0	2	1.1295983596296233
122522.82325944885	2000.0	1681.9111175642747	0.0	0	0.0	2204.73437701317	1	0	1	1.2136140572274006
123204.75180339541	2000.0	1931.789719223035	0.0	0	0.0	2136.5415226184996	1	0	2	1.423358153456022
124200.0	2000.0	1936.5415226184537	0.0	0	267.64630781557935	2136.541522618514	1	0	1	1.624756375250638
125221.0615122886	3000.0	1813.3738591010074	0.0	0	0.0	2034.4353713896708	1	0	2	1.430850084422063
126200.0	3000.0	1736.5415226184434	0.0	0	259.64266124788264	1936.5415226185141	1	0	2	2.0425344033609982
127200.0	3000.0	1736.5415226184539	0.0	0	86.649896697636	1936.5415226185141	1	0	1	2.0448796563538147
128226.6632870819	3000.0	1607.211906828384	0.0	0	0.0	1833.8751939103531	1	0	2	1.8497986937885056
129200.0	3000.0	1536.541522618481	0.0	0	63.82343284499075	1736.5415226185578	1	0	2	2.0553796942275784
130200.0	3000.0	1536.5415226184741	0.0	0	198.40480415945058	1736.5415226185578	1	0	1	2.056962668727311
131200.0	3000.0	1536.5415226184568	0.0	0	437.63045881107973	1736.5415226185578	1	0	1	2.256962668727311
132200.0	6000.0	1536.5415226184675	0.0	0	17.989336836792063	1736.5415226185723	1	0	1	2.2569626687273114
134235.1082104021	6000.0	501.4333122163947	0.0	0	0.0	1736.541522618587	1	0	1	2.9501098492872546
134744.20870029452	2000.0	992.332822323983	0.0	0	0.0	1736.541522618587	1	0	1	0.7528852719510352
135200.0	2000.0	1536.5415226184975	0.0	0	17.94959144180757	1736.541522618587	1	0	1	1.8514975606191446
136200.0	3000.0	1536.5415226184973	0.0	0	310.6561786948587	1736.541522618587	1	0	1	1.8514975606191448
137200.0	3000.0	1536.5415226184584	0.0	0	276.8701324844442	1736.541522618587	1	0	1	2.2569626687273097
138373.40210932237	6000.0	1363.139413296081	0.0	0	0.0	1736.5415226185578	1	0	1	2.2569626687273114
139733.7750645982	6000.0	1002.7664580202558	0.0	0	0.0	1736.5415226185287	1	0	1	2.9501098492872573
140378.71321733188	3000.0	1357.8283052865747	0.0	0	0.0	1736.5415226185287	1	0	1	1.5638154881673678
141516.86166662732	6000.0	1219.6798559911235	0.0	0	0.0	1736.5415226185287	1	0	1	2.2569626687273123
142495.99402320696	3000.0	1240.547499411447	0.0	0	0.0	1736.5415226184996	1	0	1	1.5638154881673696
143200.0	2000.0	1536.5415226183902	0.0	0	111.19579467677977	1736.5415226184705	1	0	1	1.4460324525109867
144200.0	3000.0	1536.5415226183663	0.0	0	224.7773278518289	1736.5415226184705	1	0	1	1.8514975606191513
145200.0	2000.0	1536.5415226183463	0.0	0	337.593370780698	1736.5415226184705	1	0	1	1.4460324525109867
146200.0	2000.0	1536.5415226183293	0.0	0	489.0264431058313	1736.5415226184705	1	0	1	1.8514975606191513
147200.0	3000.0	1436.541522618325	0.0	0	205.87148472448462	1636.5415226184705	1	0	2	1.4548827058285247
148200.0	2000.0	1436.541522618295	0.0	0	478.8169545638084	1636.5415226184705	1	0	1	1.2512487789050557
149200.0	3000.0	1436.541522618287	0.0	0	451.70818418543786	1636.5415226184705	1	0	1	1.8567138870132207
150200.0	6000.0	1436.5415226182906	0.0	0	182.88716412399663	1636.5415226184414	1	0	1	2.2621789951213866
151200.0	6000.0	1436.5415226182895	0.0	0	183.1498932018876	1636.5415226184414	1	0	1	2.9553261756813316
152482.31908091126	6000.0	1154.2224417070274	0.0	0	0.0	1636.5415226184414	1	0	1	2.9553261756813316
153200.0	3000.0	1436.5415226182988	0.0	0	39.717716218787245	1636.5415226184414	1	0	1	1.5690318145614417
154511.66816088182	6000.0	1124.873361736475	0.0	0	0.0	1636.5415226184414	1	0	1	2.2621789951213866
155200.0	2000.0	1436.5415226182724	0.0	0	8.130243482504738	1636.5415226184414	1	0	1	0.7581015983451123
156200.0	2000.0	1436.5415226182856	0.0	0	498.95409539723187	1636.5415226184414	1	0	1	1.8567138870132218
157200.0	6000.0	1436.5415226183243	0.0	0	225.1340173461067	1636.5415226184414	1	0	1	1.856713887013222
158503.6644199217	6000.0	1132.8771026966047	0.0	0	0.0	1636.5415226184414	1	0	1	2.9553261756813316
159353.66038744128	3000.0	1282.8811351770048	0.0	0	0.0	1636.5415226184414	1	0	1	1.5690318145614417
160320.62470016268	6000.0	1315.9168224555858	0.0	0	0.0	1636.5415226184705	1	0	1	2.262178995121385
161545.49823835975	6000.0	1091.0432842584985	0.0	0	0.0	1636.5415226184705	1	0	1	2.95532617568133
162329.56579547442	6000.0	1306.9757271438066	0.0	0	0.0	1636.5415226184705	1	0	1	2.95532617568133
163854.63467293256	6000.0	781.9068496856524	0.0	0	0.0	1636.5415226184705	1	0	1	2.95532617568133
164200.0	2000.0	1436.5415226182265	0.0	0	21.36879586658324	1636.5415226184705	1	0	1	0.7581015983451108
165200.0	3000.0	1436.5415226182674	0.0	0	456.61181124212453	1636.5415226184705	1	0	1	1.8567138870132207
166507.97774302863	6000.0	1128.5637795896448	0.0	0	0.0	1636.5415226184996	1	0	1	2.262178995121385
167378.31860624187	6000.0	1258.2229163763975	0.0	0	0.0	1636.5415226184996	1	0	1	2.9553261756813285
169008.95343999195	6000.0	627.5880826263235	0.0	0	0.0	1636.5415226184996	1	0	1	2.9553261756813285
169626.7492729726	2000.0	1009.7922496456806	0.0	0	0.0	1636.5415226185287	1	0	1	0.7581015983451078
170470.12851741945	2000.0	1166.4130051988432	0.0	0	0.0	1636.5415226185287	1	0	1	1.8567138870132174
171201.1163332184	2000.0	1435.4251893998994	0.0	0	0.0	1636.5415226185287	1	0	1	1.8567138870132174
172200.0	2000.0	1436.541522618317	0.0	0	504.2900697334844	1636.5415226185287	1	0	1	1.8567138870132174
173200.0	2000.0	1436.5415226182956	0.0	0	299.82793044665596	1636.5415226185287	1	0	1	1.8567138870132174
174530.40837348727	2000.0	1106.1331491310461	0.0	0	0.0	1636.5415226185578	1	0	1	1.8567138870132172
175536.23885581052	2000.0	1100.3026668077957	0.0	0	0.0	1636.5415226185578	1	0	1	1.856713887013217
176321.20761368828	2000.0	1315.3339089300493	0.0	0	0.0	1636.5415226185578	1	0	1	1.856713887013216
177200.0	2000.0	1436.5415226183272	0.0	0	272.09647077610134	1636.541522618587	1	0	1	1.8567138870132147
178200.0	2000.0	1436.541522618314	0.0	0	368.4950059278053	1636.541522618587	1	0	1	1.8567138870132147
179200.0	2000.0	1436.5415226182952	0.0	0	526.0224356992694	1636.541522618587	1	0	1	1.8567138870132147
180200.0	2000.0	1436.5415226183177	0.0	0	551.8747730532486	1636.541522618587	1	0	1	1.8567138870132147
181295.73709789847	3000.0	1340.8044247198627	0.0	0	0.0	1636.541522618587	1	0	1	1.856713887013215
182200.0	2000.0	1436.5415226183527	0.0	0	484.1211515001778	1636.541522618587	1	0	1	1.45124877890505
183200.0	3000.0	1436.5415226183507	0.0	0	248.64887671233737	1636.5415226185578	1	0	1	1.8567138870132163
184200.0	3000.0	1436.541522618359	0.0	0	107.87477141877753	1636.5415226185578	1	0	1	2.262178995121381
185200.0	2000.0	1436.5415226183386	0.0	0	501.49429374572355	1636.5415226185578	1	0	1	1.4512487789050514
186200.0	3000.0	1436.5415226183436	0.0	0	99.92643269681139	1636.5415226185578	1	0	1	1.8567138870132163
187200.0	3000.0	1436.5415226183293	0.0	0	55.66749626057572	1636.5415226185287	1	0	1	2.262178995121382
188200.0	3000.0	1436.5415226183115	0.0	0	491.6659357830358	1636.5415226185287	1	0	1	2.262178995121382
189416.29163055486	6000.0	1220.2498920634434	0.0	0	0.0	1636.5415226185287	1	0	1	2.262178995121382
191092.17531832794	6000.0	544.3662042903527	0.0	0	0.0	1636.5415226185287	1	0	1	2.955326175681327
191536.4445238273	2000.0	1100.0969987910344	0.0	0	0.0	1636.5415226185578	1	0	1	0.7581015983451069
192200.0	2000.0	1436.541522618334	0.0	0	122.26359327600221	1636.5415226185578	1	0	1	1.856713887013216
193200.0	3000.0	1436.5415226183466	0.0	0	467.07349083799636	1636.5415226185287	1	0	1	1.8567138870132176
194200.0	3000.0	1436.5415226183268	0.0	0	150.4859857506235	1636.5415226185287	1	0	1	2.262178995121382
195456.06084519907	6000.0	1180.4806774192689	0.0	0	0.0	1636.5415226185287	1	0	1	2.262178995121382
196531.69747354943	2000.0	1104.8440490689222	0.0	0	0.0	1636.5415226185287	1	0	1	0.7581015983451078
197200.0	2000.0	1436.5415226183197	0.0	0	31.449287956435	1636.5415226185287	1	0	1	1.8567138870132174
198200.0	2000.0	1436.5415226183154	0.0	0	643.0164332437562	1636.5415226185287	1	0	1	1.8567138870132174
199200.0	2000.0	1436.541522618306	0.0	0	490.4351884681091	1636.5415226185287	1	0	1	1.8567138870132174
200200.0	2000.0	1436.541522618305	0.0	0	529.9110212744563	1636.5415226185287	1	0	1	1.8567138870132174
201200.0	3000.0	1436.5415226182993	0.0	0	80.60157934387098	1636.5415226185578	1	0	1	1.8567138870132163
202200.0	2000.0	1436.5415226183145	0.0	0	357.79952989221783	1636.5415226185578	1	0	1	1.4512487789050514
203200.0	2000.0	1436.5415226183457	0.0	0	579.3314194082632	1636.5415226185578	1	0	1	1.856713887013216
204200.0	3000.0	1436.5415226183661	0.0	0	471.45667321563815	1636.541522618587	1	0	1	1.856713887013215
205200.0	6000.0	1436.5415226183422	0.0	0	252.8041261708131	1636.5415226185578	1	0	1	2.2621789951213804
206200.0	6000.0	1436.5415226183322	0.0	0	395.1636525322392	1636.5415226185578	1	0	1	2.9553261756813254
207850.6135873849	6000.0	785.9279352334325	0.0	0	0.0	1636.5415226185578	1	0	1	2.9553261756813254
208375.24029449475	2000.0	1261.3012281235772	0.0	0	0.0	1636.541522618587	1	0	1	0.758101598345105
209200.0	2000.0	1436.5415226183507	0.0	0	330.06788364663953	1636.541522618587	1	0	1	1.8567138870132147
210200.0	3000.0	1436.541522618371	0.0	0	274.54337129337364	1636.541522618587	1	0	1	1.856713887013215
211200.0	3000.0	1436.5415226183466	0.0	0	506.4632415890519	1636.541522618587	1	0	1	2.2621789951213795
213048.1062463631	6000.0	588.4352762552217	0.0	0	0.0	1636.541522618587	1	0	1	2.2621789951213795
213644.57829626917	2000.0	991.9632263491951	0.0	0	0.0	1636.541522618587	1	0	1	0.758101598345105
214332.67010790313	2000.0	1303.8714147152652	0.0	0	0.0	1636.541522618587	1	0	1	1.8567138870132147
215200.0	2000.0	1436.541522618413	0.0	0	480.66335281182546	1636.541522618587	1	0	1	1.8567138870132147
216200.0	2000.0	1436.5415226183916	0.0	0	237.93697463843273	1636.541522618616	1	0	1	1.8567138870132132
217200.0	2000.0	1436.5415226183848	0.0	0	607.8807473994966	1636.541522618645	1	0	1	1.8567138870132116
218200.0	3000.0	1436.5415226184025	0.0	0	331.5905846951355	1636.541522618616	1	0	1	1.8567138870132132
219307.16348471935	6000.0	1329.378037899046	0.0	0	0.0	1636.541522618616	1	0	1	2.2621789951213778
220845.17826765298	6000.0	791.3632549653975	0.0	0	0.0	1636.541522618587	1	0	1	2.955326175681324
221467.2214048118	2000.0	1169.3201178065224	0.0	0	0.0	1636.541522618587	1	0	1	0.758101598345105
222200.0	2000.0	1436.5415226183447	0.0	0	398.9893478185404	1636.541522618587	1	0	1	1.8567138870132147
223200.0	3000.0	1436.541522618324	0.0	0	422.35236722716945	1636.5415226185578	1	0	1	1.8567138870132163
225286.74986546265	6000.0	349.7916571556766	0.0	0	0.0	1636.5415226185578	1	0	1	2.2621789951213804
225808.21633217245	2000.0	828.3251904458673	0.0	0	0.0	1636.5415226185578	1	0	1	0.7581015983451065
226394.03416169054	2000.0	1242.5073609278033	0.0	0	0.0	1636.5415226185578	1	0	1	1.856713887013216
227200.0	2000.0	1436.541522618344	0.0	0	281.778087186889	1636.5415226185578	1	0	1	1.856713887013216
228528.90542847625	3000.0	1107.6360941421106	0.0	0	0.0	1636.5415226185578	1	0	1	1.8567138870132163
229200.0	2000.0	1436.5415226183748	0.0	0	103.00586688373005	1636.5415226185578	1	0	1	1.4512487789050514
230200.0	2000.0	1436.5415226184039	0.0	0	387.72844895598246	1636.541522618587	1	0	1	1.8567138870132147
231200.0	2000.0	1436.5415226184232	0.0	0	504.63466638998943	1636.541522618616	1	0	1	1.8567138870132132
232200.0	3000.0	1436.5415226184177	0.0	0	283.302769828937	1636.541522618616	1	0	1	1.8567138870132132
233200.0	6000.0	1436.5415226184473	0.0	0	408.0447069660004	1636.541522618616	1	0	1	2.2621789951213778
234200.0	6000.0	1436.5415226184227	0.0	0	76.42832637834363	1636.541522618616	1	0	1	2.9553261756813227
235201.99638375005	6000.0	1434.5451388684041	0.0	0	0.0	1636.541522618587	1	0	1	2.955326175681324
236200.0	6000.0	1436.5415226184289	0.0	0	172.7631773496105	1636.541522618587	1	0	1	2.955326175681324
237587.85633008875	6000.0	1048.6851925297096	0.0	0	0.0	1636.541522618587	1	0	1	2.955326175681324
238750.0744506347	6000.0	886.4670719837418	0.0	0	0.0	1636.541522618587	1	0	1	2.955326175681324
239430.15662874034	2000.0	1206.3848938781452	0.0	0	0.0	1636.541522618616	1	0	1	0.7581015983451036
240200.0	2000.0	1436.541522618469	0.0	0	370.1486611577566	1636.541522618587	1	0	1	1.8567138870132147
241286.945090031	3000.0	1349.59643258746	0.0	0	0.0	1636.5415226185578	1	0	1	1.8567138870132163
242200.0	2000.0	1436.5415226184475	0.0	0	429.03848164365627	1636.5415226185287	1	0	1	1.4512487789050528
243200.0	2000.0	1436.5415226184748	0.0	0	346.8697619533632	1636.5415226185287	1	0	1	1.8567138870132174
244200.0	3000.0	1436.5415226184612	0.0	0	476.20341389565147	1636.5415226185287	1	0	1	1.8567138870132176
245200.0	6000.0	1436.541522618448	0.0	0	135.0435122892668	1636.5415226185287	1	0	1	2.262178995121382
246200.0	6000.0	1436.5415226184753	0.0	0	70.34576964206644	1636.5415226185578	1	0	1	2.9553261756813254
248088.5142345269	6000.0	548.0272880915795	0.0	0	0.0	1636.5415226184996	1	0	1	2.9553261756813276
248543.1234856135	2000.0	1093.4180370049444	0.0	0	0.0	1636.5415226184996	1	0	1	0.7581015983451093
249200.0	2000.0	1436.5415226184004	0.0	0	210.35937379390816	1636.5415226184996	1	0	1	1.856713887013219
250200.0	2000.0	1436.5415226183964	0.0	0	422.2937583856983	1636.5415226184705	1	0	1	1.8567138870132205
251200.0	2000.0	1436.5415226183707	0.0	0	452.5029594380467	1636.5415226184996	1	0	1	1.856713887013219
252200.0	3000.0	1436.541522618359	0.0	0	330.30461364003713	1636.5415226184996	1	0	1	1.856713887013219
253795.1039364021	6000.0	841.4375862162835	0.0	0	0.0	1636.5415226184996	1	0	1	2.262178995121384
254259.79424120457	2000.0	1376.7472814138	0.0	0	0.0	1636.5415226184705	1	0	1	0.7581015983451108
255200.0	3000.0	1436.5415226183827	0.0	0	325.07045999506954	1636.5415226184996	1	0	1	1.856713887013219
256200.0	6000.0	1436.5415226184327	0.0	0	306.66553499907604	1636.5415226185287	1	0	1	2.262178995121382
257371.2639525018	6000.0	1265.277570116653	0.0	0	0.0	1636.5415226185287	1	0	1	2.955326175681327
259638.73855769436	6000.0	200.0	202.19703507593323	0	0.0	1838.7385576944798	1	0	1	1.737423346823076
260544.90525175238	2000.0	590.9850976724015	297.15179173038956	0	0.0	2135.8903494248807	1	0	1	-1.0567142199246775
260912.54238059427	2000.0	1223.3479688305363	0.0	0	0.0	2135.8903494248807	1	0	1	1.8248088191257694
261461.92892200622	2000.0	1673.9614274186272	0.0	0	0.0	2135.89034942491	1	0	1	1.824808819125767
262315.3598990935	6000.0	1820.5304503313014	0.0	0	0.0	2135.8903494248807	1	0	1	1.8248088191257674
263223.0627175661	6000.0	1912.8276318586866	0.0	0	0.0	2135.8903494248516	1	0	1	2.923421107793881
264397.41462559684	6000.0	1738.4757238280024	0.0	0	0.0	2135.890349424968	1	0	1	2.9234211077938754
265200.0	6000.0	1935.8903494248652	0.0	0	256.3940948910313	2135.890349424968	1	0	1	2.923421107793872
266200.0	6000.0	1935.8903494248812	0.0	0	379.14930903428467	2135.89034942491	1	0	1	2.9234211077938763
267209.78191273595	6000.0	1926.1084366889602	0.0	0	0.0	2135.89034942491	1	0	1	2.9234211077938763
268744.09667693806	6000.0	1391.793672486812	0.0	0	0.0	2135.890349424968	1	0	1	2.9234211077938737
269571.3947924277	6000.0	1564.4955569971721	0.0	0	0.0	2135.890349424968	1	0	1	2.923421107793872
270608.659763041	6000.0	1527.2305863838608	0.0	0	0.0	2135.890349424968	1	0	1	2.923421107793872
271258.9819877711	2000.0	1876.9083616537841	0.0	0	0.0	2135.890349424968	1	0	1	0.7261965304576526
272200.0	2000.0	1935.8903494249107	0.0	0	236.61574401758844	2135.890349424968	1	0	1	1.8248088191257623
273200.0	3000.0	1835.890349424933	0.0	0	281.7333356717136	2035.890349424968	1	0	2	1.4298731046159332
274200.0	2000.0	1835.8903494248702	0.0	0	302.80983075668337	2035.8903494249098	1	0	1	1.2270204899431167
275200.0	3000.0	1735.8903494248623	0.0	0	292.21568875416415	1935.8903494248516	1	0	2	1.4369437259867959
276200.0	3000.0	1635.8903494248875	0.0	0	36.63347733800765	1835.8903494248516	1	0	2	2.049541965949397
277200.0	3000.0	1635.8903494248286	0.0	0	288.59121449524537	1835.8903494248516	1	0	1	2.0512530099399324
278264.99989343307	3000.0	1570.8904559918135	0.0	0	0.0	1835.8903494248516	1	0	1	2.2512530099399326
279200.0	3000.0	1635.8903494248561	0.0	0	103.52075746335322	1835.8903494248516	1	0	1	2.2512530099399326
280200.0	6000.0	1635.8903494248698	0.0	0	272.3887053797953	1835.8903494248516	1	0	1	2.251253009939933
281200.0	6000.0	1635.89034942492	0.0	0	254.17904870019993	1835.8903494247934	1	0	1	2.944400190499881
283215.9678231925	6000.0	619.9225262324021	0.0	0	0.0	1835.8903494247934	1	0	1	2.944400190499881
283577.36081975413	2000.0	1258.529529670745	0.0	0	0.0	1835.8903494247934	1	0	1	0.747175613163662
284200.0	2000.0	1635.8903494248812	0.0	0	301.6057934690616	1835.8903494247934	1	0	1	1.8457879018317715
285697.38268309773	6000.0	1138.5076663271398	0.0	0	0.0	1835.8903494247934	1	0	1	1.8457879018317715
286207.56143683696	2000.0	1628.3289125878753	0.0	0	0.0	1835.8903494247352	1	0	1	0.7471756131636653
287200.0	3000.0	1635.8903494248302	0.0	0	579.6594042881625	1835.8903494247352	1	0	1	1.845787901831775
288352.64009904006	6000.0	1483.2502503847768	0.0	0	0.0	1835.8903494247934	1	0	1	2.251253009939936
289223.83833934594	6000.0	1612.052010078933	0.0	0	0.0	1835.8903494247934	1	0	1	2.944400190499881
290404.48637280054	6000.0	1431.4039766243682	0.0	0	0.0	1835.8903494247934	1	0	1	2.944400190499881
292233.60723964457	6000.0	602.2831097803273	0.0	0	0.0	1835.8903494247352	1	0	1	2.9444001904998847
292780.78500505415	2000.0	1055.1053443707142	0.0	0	0.0	1835.8903494247352	1	0	1	0.7471756131636653
293458.2350635521	2000.0	1377.6552858727512	0.0	0	0.0	1835.890349424677	1	0	1	1.8457879018317755
294518.1235274421	2000.0	1317.7668219828374	0.0	0	0.0	1835.890349424677	1	0	1	1.8457879018317764
295200.0	2000.0	1635.8903494249503	0.0	0	157.78792796953348	1835.890349424677	1	0	1	1.8457879018317787
296200.0	2000.0	1635.8903494249948	0.0	0	494.2637855359353	1835.8903494247352	1	0	1	1.8457879018317749
297200.0	2000.0	1635.8903494250308	0.0	0	573.285820912919	1835.8903494247352	1	0	1	1.8457879018317749
298200.0	3000.0	1535.8903494250108	0.0	0	180.5993733490468	1735.8903494247352	1	0	2	1.449655560308805
299452.0139018377	6000.0	1283.8764475872892	0.0	0	0.0	1735.8903494247352	1	0	1	2.056998304291531
300706.81171839085	6000.0	1029.0786310340995	0.0	0	0.0	1735.890349424677	1	0	1	2.950145484851477
3.57	5.71	8.21	4.76	4.62	6.09	6.37	8.32	5.03	5.71	7.48	6.14	7.21	3.58	3.65	3.34	3.59	4.44	2.92	1.38	2.28	3.43	3.34	3.87	3.61	4.47	3.71	4.9	3.99	3.42	4.41	4.16	3.64	6.04	6.41	5.28	3.7	4.25	4.81	4.51	3.46	2.25	3.92	5.29	3.45	4.18	3.32	4.3	5.83	7.98	8.03	7.66	4.15	4.34	4.33	4.97	6.01	4.46	2.95	3.36	4.19	3.23	4.83	5.75	5.62	4.18	3.85	4.97	6.39	3.25	3.93	3.82	3.94	2.58	3.38	4.07	4.12	6.45	8.86	8.07	8.04	5.21	5.43	5.75	4.12	4.34	3.23	3.92	4.38	5.09	6.56	4.51	3.44	3.47	4.21	4.34	4.78	5.87	4.55	5.46	5.76	7.21	6.5	2.39	2.31	2.86	4.47	6.55	5.24	6.73	9.23	10.5	4.69	3.19	5.24	5.87	2.92	2.97	3.41	4.03	3.95	3.26	3.97	3.61	5.06	7.41	6.33	2.46	3.66	5.75	4.22	4.66	6.52	5.51	6.59	6.16	3.76	4.6	3.06	2.21	4.17	3.68	4.19	4.69	6.3	6.37	4.6	4.73	4.63	5.04	3.57	5.71	8.21	4.76	4.62	6.09	6.37	8.32	5.03	5.71	7.48	6.14	7.21	3.58	3.65	3.34	3.59	4.44	2.92	1.38	2.28	3.43	3.34	3.87	3.61	4.47	3.71	4.9	3.99	3.42	4.41	4.16	3.64	6.04	6.41	5.28	3.7	4.25	4.81	4.51	3.46	2.25	3.92	5.29	3.45	4.18	3.32	4.3	5.83	7.98	8.03	7.66	4.15	4.34	4.33	4.97	6.01	4.46	2.95	3.36	4.19	3.23	4.83	5.75	5.62	4.18	3.85	4.97	6.39	3.25	3.93	3.82	3.94	2.58	3.38	4.07	4.12	6.45	8.86	8.07	8.04	5.21	5.43	5.75	4.12	4.34	3.23	3.92	4.38	5.09	6.56	4.51	3.44	3.47	4.21	4.34	4.78	5.87	4.55	5.46	5.76	7.21	6.5	2.39	2.31	2.86	4.47	6.55	5.24	6.73	9.23	10.5	4.69	3.19	5.24	5.87	2.92	2.97	3.41	4.03	3.95	3.26	3.97	3.61	5.06	7.41	6.33	2.46	3.66	5.75	4.22	4.66	6.52	5.51	6.59	6.16	3.76	4.6	3.06	2.21	4.17	3.68	4.19	4.69	6.3	6.37	4.6	4.73
1.0	2.0	3.0	4.0	5.0	6.0	7.0	8.0	9.0	10.0	11.0	12.0	13.0	14.0	15.0	16.0	17.0	18.0	19.0	20.0	21.0	22.0	23.0	24.0	25.0	26.0	27.0	28.0	29.0	30.0	31.0	32.0	33.0	34.0	35.0	36.0	37.0	38.0	39.0	40.0	41.0	42.0	43.0	44.0	45.0	46.0	47.0	48.0	49.0	50.0	51.0	52.0	53.0	54.0	55.0	56.0	57.0	58.0	59.0	60.0	61.0	62.0	63.0	64.0	65.0	66.0	67.0	68.0	69.0	70.0	71.0	72.0	73.0	74.0	75.0	76.0	77.0	78.0	79.0	80.0	81.0	82.0	83.0	84.0	85.0	86.0	87.0	88.0	89.0	90.0	91.0	92.0	93.0	94.0	95.0	96.0	97.0	98.0	99.0	100.0	101.0	102.0	103.0	104.0	105.0	106.0	107.0	108.0	109.0	110.0	111.0	112.0	113.0	114.0	115.0	116.0	117.0	118.0	119.0	120.0	121.0	122.0	123.0	124.0	125.0	126.0	127.0	128.0	129.0	130.0	131.0	132.0	133.0	134.0	135.0	136.0	137.0	138.0	139.0	140.0	141.0	142.0	143.0	144.0	145.0	146.0	147.0	148.0	149.0	149.0	150.0	151.0	152.0	153.0	154.0	155.0	156.0	157.0	158.0	159.0	160.0	161.0	162.0	163.0	164.0	165.0	166.0	167.0	168.0	169.0	170.0	171.0	172.0	173.0	174.0	175.0	176.0	177.0	178.0	179.0	180.0	181.0	182.0	183.0	184.0	185.0	186.0	187.0	188.0	189.0	190.0	191.0	192.0	193.0	194.0	195.0	196.0	197.0	198.0	199.0	200.0	201.0	202.0	203.0	204.0	205.0	206.0	207.0	208.0	209.0	210.0	211.0	212.0	213.0	214.0	215.0	216.0	217.0	218.0	219.0	220.0	221.0	222.0	223.0	224.0	225.0	226.0	227.0	228.0	229.0	230.0	231.0	232.0	233.0	234.0	235.0	236.0	237.0	238.0	239.0	240.0	241.0	242.0	243.0	244.0	245.0	246.0	247.0	248.0	249.0	250.0	251.0	252.0	253.0	254.0	255.0	256.0	257.0	258.0	259.0	260.0	261.0	262.0	263.0	264.0	265.0	266.0	267.0	268.0	269.0	270.0	271.0	272.0	273.0	274.0	275.0	276.0	277.0	278.0	279.0	280.0	281.0	282.0	283.0	284.0	285.0	286.0	287.0	288.0	289.0	290.0	291.0	292.0	293.0	294.0	295.0	296.0	297.0
5412.42330092069
