4582.847035599572	300.0	2000.0	121.75146193584129	0	0.0	4582.847035599572	1	0	1	-1.4864661572395241
5164.428140475106	2000.0	2360.260784636912	0.0	0	0.0	4524.688925112018	1	0	2	-1.1429286856615917
6016.859909034909	3000.0	2422.5858392211276	0.0	0	0.0	4439.4457482560365	1	0	2	0.999220664233935
7024.974032382265	3000.0	2313.6603035390353	0.0	0	0.0	4338.634335921301	1	0	2	1.4596314335275082
8267.588866350614	3000.0	1946.7839861738523	0.0	0	0.0	4214.372852524466	1	0	2	1.520232772029637
9189.996147431579	2000.0	1932.1359769847938	0.0	0	0.0	4122.132124416373	1	0	2	0.7599359490074774
9865.9324173855	2000.0	2188.6060800354817	0.0	0	0.0	4054.538497420982	1	0	2	1.199203010538389
10534.367029862966	3000.0	2453.3280063102698	0.0	0	0.0	3987.6950361732343	1	0	2	1.2296077679539128
11012.269408165163	3000.0	2927.6353901778543	0.0	0	0.0	3939.9047983430155	1	0	2	1.6554579218885916
11706.19884338961	3000.0	3164.313011430961	0.0	0	0.0	3870.51185482057	1	0	2	1.677921461598916
13011.22417604597	3000.0	2728.7851455089653	0.0	0	0.0	3740.009321554935	1	0	2	1.7214110181111748
13855.032272589038	3000.0	2800.596239311586	0.0	0	0.0	3655.6285119006243	1	0	2	1.7566488123722876
14937.786731669685	3000.0	2609.566334322875	0.0	0	0.0	3547.35306599256	1	0	2	1.7870551713833984
15761.55823647539	3000.0	2703.417679036599	0.0	0	0.0	3464.97591551199	1	0	2	1.814097310029134
16592.470522423766	3000.0	2789.4141644933848	0.0	0	0.0	3381.8846869171502	1	0	2	1.8344231391030228
17393.947374671072	3000.0	2907.789627021351	0.0	0	0.0	3301.7370016924215	1	0	2	1.8553139429111103
18200.0	3000.0	3021.1317391595294	0.0	0	175.071400607565	3221.1317391595258	1	0	2	1.8719427399870714
19200.0	6000.0	3021.1317391595303	0.0	0	55.38120712751697	3221.1317391595276	1	0	1	1.8785682459731912
20200.0	6000.0	3021.1317391595303	0.0	0	51.49246959698576	3221.1317391595294	1	0	1	2.7717154265331363
21571.992052016227	6000.0	2649.1396871433053	0.0	0	0.0	3221.131739159533	1	0	1	2.771715426533135
23781.229544529077	6000.0	1439.902194630453	0.0	0	0.0	3221.131739159533	1	0	1	2.771715426533135
24435.088619906488	2000.0	1720.6572117153005	0.0	0	0.0	3155.7458316217926	1	0	2	0.18507930499445974
25222.950502708896	3000.0	1854.0091406326515	0.0	0	0.0	3076.95964334155	1	0	2	1.4992335887106893
26135.581274994067	3000.0	1850.1152911189686	0.0	0	0.0	2985.6965661130416	1	0	2	1.9208109071471897
27116.81722992689	3000.0	1770.7557406928588	0.0	0	0.0	2887.5729706197526	1	0	2	1.9380605834072346
27721.78756681642	3000.0	2105.2883701143746	0.0	0	0.0	2827.075936930796	1	0	2	1.949377917521578
28617.561886860825	3000.0	2119.936618065529	0.0	0	0.0	2737.498504926356	1	0	2	1.9617469725144372
29458.371029708465	3000.0	2195.0465609331295	0.0	0	0.0	2653.417590641595	1	0	2	1.9733596342406516
30549.135656847062	2000.0	2104.2819337945352	0.0	0	0.0	2653.417590641595	1	0	1	1.1655163454269986
31410.105422564367	2000.0	2243.312168077233	0.0	0	0.0	2653.417590641595	1	0	1	1.7709814535351633
32200.0	2000.0	2374.4281328980383	0.0	0	155.81248325178967	2574.4281328980323	1	0	2	1.3775534755025836
33200.0	2000.0	2374.428132898038	0.0	0	244.5461251598972	2574.4281328980287	1	0	1	1.5809874030779594
34200.0	2000.0	2374.428132898033	0.0	0	236.33575795443903	2574.428132898025	1	0	1	1.7809874030779602
35200.0	3000.0	2274.428132898029	0.0	0	166.58615064284822	2474.428132898018	1	0	2	1.388947522297057
36200.0	3000.0	2174.428132898033	0.0	0	117.32987547545054	2374.4281328980214	1	0	2	2.0052769298925837
37200.0	3000.0	2074.428132898023	0.0	0	261.8841092147122	2274.428132898007	1	0	2	2.0150466638318036
38200.0	3000.0	1974.4281328980233	0.0	0	363.40974034622195	2174.4281328979996	1	0	2	2.023883773991324
39200.0	3000.0	1874.4281328980278	0.0	0	11.427942631285987	2074.4281328980214	1	0	2	2.0330625184143463
40200.0	3000.0	1774.4281328980246	0.0	0	32.20051727935788	1974.4281328980214	1	0	2	2.040474794045877
41343.11903606004	3000.0	1516.9971932319766	0.0	0	0.0	1860.1162292920126	1	0	2	2.0478927653335632
42200.0	2000.0	1660.1162292920153	0.0	0	195.55433273287053	1860.1162292920126	1	0	1	1.2388450441633927
43200.0	2000.0	1660.1162292920146	0.0	0	370.9086256028895	1860.1162292920199	1	0	1	1.8443101522715573
44200.0	2000.0	1660.1162292920126	0.0	0	495.35626447960385	1860.1162292920199	1	0	1	1.8443101522715573
45200.0	3000.0	1560.1162292920126	0.0	0	517.6730323105294	1760.1162292920199	1	0	2	1.4479477802094582
46475.43538762551	6000.0	1284.6808416665028	0.0	0	0.0	1760.1162292920199	1	0	1	2.0556572303466836
47534.86732775971	3000.0	1225.2489015322956	0.0	0	0.0	1760.1162292920199	1	0	1	1.5625100497867388
48200.0	2000.0	1560.116229292002	0.0	0	191.23931406580232	1760.1162292920271	1	0	1	1.4447270141303539
49200.0	3000.0	1560.1162292919948	0.0	0	335.57721412487444	1760.1162292920199	1	0	1	1.8501921222385191
50200.0	6000.0	1560.1162292919903	0.0	0	5.766515159579285	1760.1162292920199	1	0	1	2.2556572303466838
52784.705839085116	6000.0	200.0	224.58960979311095	0	0.0	1984.705839085138	1	0	1	1.5969201192189684
53495.12820406271	2000.0	625.8052535269857	136.2276185045767	0	0.0	2120.9334575897155	1	0	1	-0.08997356176926119
54136.27316873165	2000.0	984.6602888580517	0.0	0	0.0	2120.9334575897155	1	0	1	1.8260044379263085
54534.411990607325	2000.0	1586.5214669823752	0.0	0	0.0	2120.9334575897155	1	0	1	1.8260044379263085
55200.0	2000.0	1920.9334575896921	0.0	0	64.11270201294246	2120.9334575897155	1	0	1	1.8260044379263085
56200.0	3000.0	1920.9334575896937	0.0	0	470.64403243217384	2120.9334575897155	1	0	1	1.8260044379263087
57200.0	6000.0	1920.9334575896942	0.0	0	63.77559427537926	2120.9334575897155	1	0	1	2.231469546034473
58296.824027379895	6000.0	1824.1094302098	0.0	0	0.0	2120.9334575897155	1	0	1	2.924616726594418
59200.0	6000.0	1920.9334575896924	0.0	0	158.83534453357424	2120.9334575897083	1	0	1	2.9246167265944183
60684.95117092765	6000.0	1435.9822866620493	0.0	0	0.0	2120.9334575897083	1	0	1	2.9246167265944183
61612.57037584412	6000.0	1508.3630817455758	0.0	0	0.0	2120.9334575897155	1	0	1	2.924616726594418
62501.64518957277	6000.0	1619.2882680169246	0.0	0	0.0	2120.9334575897155	1	0	1	2.924616726594418
63200.0	6000.0	1920.9334575896996	0.0	0	88.18033754706266	2120.9334575897155	1	0	1	2.924616726594418
64200.0	6000.0	1920.9334575896974	0.0	0	284.1636793159487	2120.9334575897155	1	0	1	2.924616726594418
65643.11684695355	6000.0	1477.8166106361525	0.0	0	0.0	2120.933457589723	1	0	1	2.924616726594418
66317.6830708563	6000.0	1803.2503867333833	0.0	0	0.0	2120.9334575897083	1	0	1	2.9246167265944174
67523.56593885583	6000.0	1597.367518733856	0.0	0	0.0	2120.933457589701	1	0	1	2.9246167265944187
69261.28154066624	6000.0	859.6519169234451	0.0	0	0.0	2120.9334575897083	1	0	1	2.9246167265944183
69797.63820130448	2000.0	1323.2952562852083	0.0	0	0.0	2120.9334575897083	1	0	1	0.7273921492581994
70419.41460071239	3000.0	1701.5188568773044	0.0	0	0.0	2120.9334575897083	1	0	1	1.8260044379263092
71539.51301913828	6000.0	1581.4204384514255	0.0	0	0.0	2120.9334575897083	1	0	1	2.2314695460344733
73118.96874568427	6000.0	1001.9647119054445	0.0	0	0.0	2120.9334575897083	1	0	1	2.9246167265944183
73519.83903354625	2000.0	1601.0944240434526	0.0	0	0.0	2120.9334575896937	1	0	1	0.7273921492582006
74200.0	2000.0	1920.9334575897017	0.0	0	80.57873536176339	2120.9334575896937	1	0	1	1.82600443792631
75265.561242823	3000.0	1748.816090484434	0.0	0	0.0	2014.377333307406	1	0	2	1.4319777124059967
76200.0	2000.0	1814.3773333074369	0.0	0	375.0049575816083	2014.377333307406	1	0	1	1.2285776883534523
77200.0	3000.0	1714.377333307443	0.0	0	294.1168268732872	1914.3773333073914	1	0	2	1.438479770822275
78200.0	6000.0	1714.3773333074303	0.0	0	47.533083678543335	1914.3773333073914	1	0	1	2.046336884136586
79200.0	6000.0	1714.3773333074255	0.0	0	115.17939214633952	1914.3773333073914	1	0	1	2.939484064696531
80200.0	6000.0	1714.3773333074182	0.0	0	204.68939142908494	1914.3773333073914	1	0	1	2.939484064696531
81288.13190928099	6000.0	1626.245424026434	0.0	0	0.0	1914.3773333073768	1	0	1	2.9394840646965315
82299.50060451862	6000.0	1614.8767287887974	0.0	0	0.0	1914.3773333073914	1	0	1	2.939484064696531
83588.40598331972	6000.0	1325.9713499877078	0.0	0	0.0	1914.377333307406	1	0	1	2.9394840646965297
84200.0	3000.0	1653.2179316394006	0.0	0	159.79582807273255	1853.217931639374	1	0	2	1.155557374608093
85426.22931198672	6000.0	1426.9886196526809	0.0	0	0.0	1853.217931639374	1	0	1	2.050199586649514
87073.22633388438	6000.0	779.9915977550255	0.0	0	0.0	1853.217931639374	1	0	1	2.9433467672094595
87695.75448098563	2000.0	1157.4634506537714	0.0	0	0.0	1853.217931639374	1	0	1	0.7461221898732403
88200.0	2000.0	1653.2179316394281	0.0	0	90.37281535674992	1853.217931639374	1	0	1	1.84473447854135
89200.0	3000.0	1653.217931639439	0.0	0	135.4183131315949	1853.2179316393886	1	0	1	1.8447344785413493
90200.0	3000.0	1653.2179316394454	0.0	0	514.7008676404948	1853.2179316393886	1	0	1	2.250199586649514
91200.0	6000.0	1653.2179316394368	0.0	0	303.699241586437	1853.217931639374	1	0	1	2.250199586649514
92200.0	6000.0	1653.2179316394397	0.0	0	424.08144609567535	1853.217931639374	1	0	1	2.9433467672094595
93200.0	6000.0	1653.2179316394427	0.0	0	30.923148908332223	1853.217931639374	1	0	1	2.9433467672094595
94200.0	6000.0	1653.2179316394436	0.0	0	63.48386080097407	1853.217931639374	1	0	1	2.9433467672094595
95229.33386324384	6000.0	1623.8840683955962	0.0	0	0.0	1853.217931639374	1	0	1	2.9433467672094595
96413.66563171208	6000.0	1439.5522999273428	0.0	0	0.0	1853.217931639374	1	0	1	2.9433467672094595
97648.92557030606	6000.0	1204.2923613333626	0.0	0	0.0	1853.217931639374	1	0	1	2.9433467672094595
98243.55535453362	3000.0	1609.662577105807	0.0	0	0.0	1853.217931639374	1	0	1	1.5570524060895699
99770.43211955162	6000.0	1082.7858120878082	0.0	0	0.0	1853.217931639374	1	0	1	2.250199586649514
100242.2692063639	2000.0	1610.9487252755425	0.0	0	0.0	1853.2179316393594	1	0	1	0.7461221898732412
101200.0	2000.0	1653.2179316394363	0.0	0	67.79995383533242	1853.2179316393594	1	0	1	1.8447344785413509
102200.0	2000.0	1653.2179316394338	0.0	0	394.4622792478767	1853.217931639345	1	0	1	1.8447344785413518
103200.0	3000.0	1653.2179316394406	0.0	0	315.34739245375386	1853.2179316393594	1	0	1	1.8447344785413509
104200.0	3000.0	1653.2179316394388	0.0	0	438.92688203002035	1853.217931639374	1	0	1	2.2501995866495146
105638.72931235688	6000.0	1214.4886192825675	0.0	0	0.0	1853.217931639374	1	0	1	2.250199586649514
106527.5790619651	3000.0	1325.638869674338	0.0	0	0.0	1853.217931639374	1	0	1	1.5570524060895699
107311.83946584827	2000.0	1541.378465791157	0.0	0	0.0	1853.217931639374	1	0	1	1.4392693704331854
108200.0	2000.0	1653.2179316394229	0.0	0	527.8350187888718	1853.217931639374	1	0	1	1.84473447854135
109200.0	3000.0	1653.2179316394129	0.0	0	442.66796091586	1853.2179316393594	1	0	1	1.8447344785413509
110332.20405526538	6000.0	1521.0138763740329	0.0	0	0.0	1853.2179316393594	1	0	1	2.2501995866495155
111989.81824607807	6000.0	863.3996855613527	0.0	0	0.0	1853.2179316393594	1	0	1	2.9433467672094604
112616.80055995534	2000.0	1236.4173716840733	0.0	0	0.0	1853.2179316393594	1	0	1	0.7461221898732412
113200.0	2000.0	1653.2179316394222	0.0	0	112.93778048436798	1853.2179316393594	1	0	1	1.8447344785413509
114200.0	3000.0	1653.2179316394117	0.0	0	540.5745985896792	1853.217931639345	1	0	1	1.8447344785413518
115200.0	6000.0	1653.2179316393995	0.0	0	130.60570708833984	1853.2179316393303	1	0	1	2.2501995866495172
116200.0	6000.0	1653.2179316394079	0.0	0	239.08514318449306	1853.2179316393158	1	0	1	2.943346767209463
118057.65361015296	6000.0	795.564321486452	0.0	0	0.0	1853.2179316393303	1	0	1	2.943346767209462
118761.15291629882	2000.0	1092.0650153405863	0.0	0	0.0	1853.2179316393303	1	0	1	0.7461221898732431
119366.5923242036	2000.0	1486.6256074358166	0.0	0	0.0	1853.2179316393303	1	0	1	1.8447344785413526
120200.0	2000.0	1653.217931639414	0.0	0	318.1048038800218	1853.2179316393303	1	0	1	1.8447344785413526
121200.0	3000.0	1653.2179316394108	0.0	0	573.602256200189	1853.2179316393303	1	0	1	1.8447344785413529
122200.0	6000.0	1653.2179316394192	0.0	0	315.50196012933156	1853.2179316393303	1	0	1	2.2501995866495172
123815.10463153115	6000.0	1038.1133001082426	0.0	0	0.0	1853.2179316393303	1	0	1	2.943346767209462
124559.43630971617	2000.0	1293.7816219232172	0.0	0	0.0	1853.2179316393303	1	0	1	0.7461221898732431
125200.0	2000.0	1653.217931639385	0.0	0	179.1956680388248	1853.2179316393303	1	0	1	1.8447344785413526
126200.0	2000.0	1653.217931639375	0.0	0	482.68861867704254	1853.2179316393303	1	0	1	1.8447344785413526
127200.0	3000.0	1653.217931639378	0.0	0	157.3349488878448	1853.2179316393303	1	0	1	1.8447344785413529
128200.0	2000.0	1653.2179316393772	0.0	0	450.5828211198386	1853.2179316393303	1	0	1	1.439269370433188
129200.0	3000.0	1653.2179316393833	0.0	0	387.2673645293107	1853.2179316393158	1	0	1	1.8447344785413538
130200.0	3000.0	1653.2179316393856	0.0	0	179.52444895719236	1853.2179316393158	1	0	1	2.2501995866495186
131200.0	2000.0	1653.2179316393808	0.0	0	254.83797030348796	1853.2179316393303	1	0	1	1.439269370433188
132200.0	2000.0	1653.2179316393995	0.0	0	248.24707522857352	1853.2179316393594	1	0	1	1.8447344785413509
133200.0	2000.0	1653.2179316394056	0.0	0	541.086224279541	1853.217931639345	1	0	1	1.8447344785413518
134200.0	2000.0	1653.2179316394333	0.0	0	418.1290828297497	1853.217931639345	1	0	1	1.8447344785413518
135200.0	3000.0	1553.217931639476	0.0	0	110.24255252297735	1753.217931639374	1	0	2	1.4488172120893212
136235.3990449068	3000.0	1517.8188867326753	0.0	0	0.0	1753.217931639403	1	0	1	2.056042320758753
137200.0	2000.0	1553.2179316395113	0.0	0	408.92463424481684	1753.2179316394322	1	0	1	1.4451121045424222
138200.0	2000.0	1553.2179316394677	0.0	0	303.8998265916889	1753.2179316394322	1	0	1	1.8505772126505868
139200.0	3000.0	1553.2179316394572	0.0	0	278.82290799426846	1753.2179316394613	1	0	1	1.8505772126505853
140352.37020920558	6000.0	1400.847722433874	0.0	0	0.0	1753.2179316394613	1	0	1	2.2560423207587497
141200.0	6000.0	1553.2179316394245	0.0	0	124.935191457771	1753.2179316394613	1	0	1	2.9491895013186946
142200.0	6000.0	1553.2179316394402	0.0	0	403.8568942885613	1753.2179316394613	1	0	1	2.9491895013186946
143200.0	6000.0	1553.2179316394413	0.0	0	68.34184707459644	1753.2179316394613	1	0	1	2.9491895013186946
144200.0	6000.0	1553.2179316394395	0.0	0	0.32448455519624986	1753.2179316394613	1	0	1	2.9491895013186946
145730.60342736542	6000.0	1022.6145042739889	0.0	0	0.0	1753.2179316394322	1	0	1	2.9491895013186964
146225.3905452812	2000.0	1527.8273863582297	0.0	0	0.0	1753.2179316394322	1	0	1	0.7519649239824772
147200.0	2000.0	1553.2179316394038	0.0	0	534.0316946115054	1753.217931639403	1	0	1	1.8505772126505884
149076.63554085395	6000.0	676.582390785481	0.0	0	0.0	1753.2179316394322	1	0	1	1.8505772126505868
149693.91909270888	2000.0	1059.298838930536	0.0	0	0.0	1753.2179316394322	1	0	1	0.7519649239824772
150270.0734033378	2000.0	1483.1445283016285	0.0	0	0.0	1753.217931639403	1	0	1	1.8505772126505884
151200.0	3000.0	1553.2179316394404	0.0	0	442.9200844008592	1753.2179316394322	1	0	1	1.8505772126505868
152200.0	3000.0	1553.2179316394265	0.0	0	575.5924956752278	1753.2179316394322	1	0	1	2.2560423207587514
153202.99687497056	6000.0	1550.2210566688543	0.0	0	0.0	1753.2179316394322	1	0	1	2.2560423207587514
154694.12742687075	6000.0	1059.090504768664	0.0	0	0.0	1753.2179316394322	1	0	1	2.9491895013186964
155220.3317115487	2000.0	1532.8862200907538	0.0	0	0.0	1753.2179316394322	1	0	1	0.7519649239824772
156200.0	2000.0	1553.2179316394452	0.0	0	435.0113108410442	1753.2179316394322	1	0	1	1.8505772126505868
157200.0	2000.0	1553.2179316394643	0.0	0	85.88531366322422	1753.2179316394322	1	0	1	1.8505772126505868
158200.0	2000.0	1553.2179316394606	0.0	0	130.41967807122273	1753.2179316394322	1	0	1	1.8505772126505868
159200.0	2000.0	1553.2179316394888	0.0	0	324.5766455178964	1753.217931639403	1	0	1	1.8505772126505884
160200.0	2000.0	1553.217931639501	0.0	0	589.7850391811517	1753.217931639403	1	0	1	1.8505772126505884
162527.6255043566	6000.0	225.5924272829225	0.0	0	0.0	1753.2179316394613	1	0	1	1.8505772126505864
163080.91384008664	2000.0	738.859456235419	66.55536468254024	0	0.0	1819.773296321975	1	0	1	0.3488074980150026
163718.65077926352	2000.0	1101.1225170585367	0.0	0	0.0	1819.773296321975	1	0	1	1.8467519747783536
164351.96304750815	2000.0	1467.8102488139052	0.0	0	0.0	1819.773296321975	1	0	1	1.8467519747783536
165200.0	2000.0	1619.7732963220392	0.0	0	460.9211151008494	1819.773296321975	1	0	1	1.8467519747783536
166200.0	3000.0	1619.773296322048	0.0	0	295.571911212377	1819.773296321975	1	0	1	1.8467519747783538
167200.0	3000.0	1619.7732963220847	0.0	0	401.38669407801353	1819.7732963220042	1	0	1	2.2522170828865167
168200.0	6000.0	1619.7732963220726	0.0	0	104.83922291296767	1819.7732963220042	1	0	1	2.2522170828865167
169720.1932532034	6000.0	1099.580043118693	0.0	0	0.0	1819.7732963220042	1	0	1	2.9453642634464616
170618.80495336564	3000.0	1200.968342956467	0.0	0	0.0	1819.7732963220042	1	0	1	1.5590699023265726
171200.0	2000.0	1619.7732963221374	0.0	0	39.709377769817365	1819.7732963220042	1	0	1	1.4412868666701875
172200.0	3000.0	1619.7732963221054	0.0	0	285.1193160954863	1819.773296321975	1	0	1	1.8467519747783538
173200.0	2000.0	1619.773296322104	0.0	0	294.0586972172314	1819.773296321975	1	0	1	1.441286866670189
174200.0	2000.0	1619.7732963221001	0.0	0	414.7982313669927	1819.773296321946	1	0	1	1.8467519747783554
175241.1987801289	3000.0	1578.5745161931857	0.0	0	0.0	1819.773296321975	1	0	1	1.8467519747783538
176200.0	3000.0	1523.8931743349822	0.0	0	105.80685859985533	1723.8931743348949	1	0	2	1.8559840075573497
177200.0	3000.0	1523.89317433497	0.0	0	406.71762668542215	1723.8931743348949	1	0	1	2.057650830450159
178200.0	3000.0	1523.893174334982	0.0	0	220.15626052572043	1723.893174334924	1	0	1	2.257650830450158
181276.98561064128	6000.0	200.0	753.0924363062944	0	0.0	2476.985610641219	1	0	1	-2.294027349197865
182321.11592708118	2000.0	424.93108214982465	269.06139858971585	0	0.0	2746.0470092309406	1	0	1	-0.9547106094689279
183142.9106029304	2000.0	603.136406300591	0.0	0	0.0	2746.0470092309406	1	0	1	1.7582700707374765
183569.8121796637	2000.0	1176.2348295672648	0.0	0	0.0	2746.0470092309406	1	0	1	1.7582700707374765
183965.1082561197	2000.0	1780.9387531112632	0.0	0	0.0	2746.0470092309697	1	0	1	1.7582700707374728
184515.10326170275	2000.0	2230.943747528272	0.0	0	0.0	2746.0470092309697	1	0	1	1.7582700707374728
185265.31342801714	3000.0	2405.7125645824613	0.0	0	0.0	2671.0259925995488	1	0	2	1.3659637191514735
186277.18460288036	3000.0	2292.654272232965	0.0	0	0.0	2569.838875113288	1	0	2	1.9838861102840077
187200.0	3000.0	2277.5573354013586	0.0	0	16.502972765360028	2477.557335401303	1	0	2	1.9951617473603895
188200.0	3000.0	2177.5573354013645	0.0	0	310.6442874647619	2377.557335401274	1	0	2	2.0045519457681156
189200.0	3000.0	2077.5573354013773	0.0	0	413.321052560088	2277.557335401274	1	0	2	2.0144241597597223
190200.0	3000.0	1977.5573354013477	0.0	0	141.4098973768705	2177.557335401274	1	0	2	2.024024255364637
191200.0	2000.0	1877.5573354013707	0.0	0	274.92006205784855	2077.557335401303	1	0	2	1.2212136136544378
192200.0	3000.0	1777.557335401335	0.0	0	261.28825601242715	1977.557335401245	1	0	2	1.6340924133382542
193200.0	2000.0	1777.557335401316	0.0	0	381.97773938582395	1977.557335401245	1	0	1	1.231169088328326
194200.0	3000.0	1677.5573354013388	0.0	0	399.5863439203531	1877.557335401245	1	0	2	1.4407830001102693
195200.0	6000.0	1677.5573354013352	0.0	0	308.0899200453132	1877.557335401245	1	0	1	2.0486896966284593
197386.91002082927	6000.0	490.64731457205625	0.0	0	0.0	1877.557335401245	1	0	1	2.9418368771884045
197735.00638647523	2000.0	1142.5509489260921	0.0	0	0.0	1877.557335401245	1	0	1	0.7446122998521854
198200.0	2000.0	1677.557335401346	0.0	0	169.69086545470054	1877.557335401245	1	0	1	1.843224588520295
199200.0	3000.0	1677.5573354013588	0.0	0	538.5986535449338	1877.557335401274	1	0	1	1.8432245885202931
201190.45254136794	6000.0	687.1047940334364	0.0	0	0.0	1877.557335401274	1	0	1	2.2486896966284577
201778.01854835037	2000.0	1099.5387870509926	0.0	0	0.0	1877.557335401245	1	0	1	0.7446122998521854
202403.6273777084	2000.0	1473.9299576929586	0.0	0	0.0	1877.557335401274	1	0	1	1.8432245885202931
203200.0	2000.0	1677.5573354013734	0.0	0	308.11547326276195	1877.557335401274	1	0	1	1.8432245885202931
204200.0	2000.0	1677.5573354013823	0.0	0	503.96142565846094	1877.557335401245	1	0	1	1.843224588520295
205200.0	3000.0	1677.557335401383	0.0	0	248.70387999372906	1877.557335401245	1	0	1	1.8432245885202951
206380.37096434782	6000.0	1497.186371053562	0.0	0	0.0	1877.5573354011867	1	0	1	2.2486896966284617
207215.08358729296	6000.0	1662.4737481084292	0.0	0	0.0	1877.5573354012158	1	0	1	2.9418368771884063
208324.07502719582	6000.0	1553.4823082055814	0.0	0	0.0	1877.5573354012158	1	0	1	2.9418368771884063
209707.58472773622	6000.0	1169.97260766519	0.0	0	0.0	1877.5573354012158	1	0	1	2.9418368771884063
210409.46880507152	3000.0	1468.0885303299021	0.0	0	0.0	1877.5573354012158	1	0	1	1.5555425160685163
211379.3269615462	6000.0	1498.2303738551825	0.0	0	0.0	1877.5573354011867	1	0	1	2.2486896966284617
212200.0	6000.0	1677.557335401413	0.0	0	330.39657636286574	1877.5573354011867	1	0	1	2.941836877188408
213256.8319129562	6000.0	1620.7254224452279	0.0	0	0.0	1877.5573354011867	1	0	1	2.941836877188408
214470.8965402149	6000.0	1406.6607951865176	0.0	0	0.0	1877.5573354011576	1	0	1	2.941836877188409
215200.0	6000.0	1677.5573354014277	0.0	0	118.67939012788702	1877.5573354011576	1	0	1	2.9418368771884102
216200.0	6000.0	1677.5573354014343	0.0	0	320.65658677346073	1877.5573354011576	1	0	1	2.9418368771884102
217747.47837149052	6000.0	1130.078963910924	0.0	0	0.0	1877.5573354011867	1	0	1	2.941836877188408
218332.78314567666	3000.0	1544.7741897248075	0.0	0	0.0	1877.5573354012158	1	0	1	1.5555425160685163
219200.0	3000.0	1677.5573354014844	0.0	0	389.2620840212039	1877.557335401245	1	0	1	2.2486896966284595
220229.6327285807	6000.0	1647.9246068207574	0.0	0	0.0	1877.557335401245	1	0	1	2.2486896966284595
221918.33219296363	6000.0	959.2251424378577	0.0	0	0.0	1877.557335401245	1	0	1	2.9418368771884045
222332.94373442934	2000.0	1544.6136009721542	0.0	0	0.0	1877.557335401245	1	0	1	0.7446122998521854
223200.0	3000.0	1677.5573354014857	0.0	0	250.52081978262868	1877.557335401245	1	0	1	1.8432245885202951
224368.80802699568	3000.0	1508.7493084058226	0.0	0	0.0	1877.557335401245	1	0	1	2.2486896966284595
225200.0	2000.0	1677.5573354014964	0.0	0	360.1680100108206	1877.557335401245	1	0	1	1.4377594804121303
226200.0	3000.0	1577.557335401475	0.0	0	539.9270585291379	1777.5573354011867	1	0	2	1.4469217567724497
227200.0	6000.0	1577.557335401478	0.0	0	109.59962774266023	1777.5573354011867	1	0	1	2.054672009158616
228226.6741392466	6000.0	1550.8831961548633	0.0	0	0.0	1777.5573354011867	1	0	1	2.9478191897185613
229200.0	6000.0	1577.557335401432	0.0	0	266.0874012314598	1777.5573354011576	1	0	1	2.947819189718563
230570.04522034526	6000.0	1207.5121150561597	0.0	0	0.0	1777.5573354011576	1	0	1	2.947819189718563
231790.03634331404	6000.0	987.5209920873332	0.0	0	0.0	1777.5573354011285	1	0	1	2.9478191897185644
232461.14014801342	2000.0	1316.4171873879448	0.0	0	0.0	1777.5573354011285	1	0	1	0.7505946123823451
233200.0	3000.0	1577.5573354013707	0.0	0	157.3951784755045	1777.5573354010994	1	0	1	1.8492069010504566
234200.0	6000.0	1577.5573354014134	0.0	0	92.16214913278236	1777.5573354011285	1	0	1	2.25467200915862
236166.34596591085	6000.0	611.21136949056	0.0	0	0.0	1777.5573354010994	1	0	1	2.9478191897185657
236551.6681805434	2000.0	1225.8891548580268	0.0	0	0.0	1777.5573354010994	1	0	1	0.7505946123823468
237200.0	2000.0	1577.5573354014143	0.0	0	77.96134648894076	1777.5573354010994	1	0	1	1.8492069010504564
238200.0	3000.0	1577.5573354014118	0.0	0	367.39918502644286	1777.5573354011285	1	0	1	1.8492069010504548
239200.0	3000.0	1577.5573354013964	0.0	0	400.2345817668538	1777.5573354011285	1	0	1	2.2546720091586194
240200.0	6000.0	1577.5573354014093	0.0	0	358.19137349311495	1777.5573354011285	1	0	1	2.25467200915862
241200.0	6000.0	1577.5573354014289	0.0	0	418.3381399423233	1777.5573354011285	1	0	1	2.9478191897185644
242200.0	6000.0	1577.55733540143	0.0	0	202.32042835175525	1777.5573354011285	1	0	1	2.9478191897185644
243200.0	6000.0	1577.5573354014093	0.0	0	148.1942494470277	1777.5573354011285	1	0	1	2.9478191897185644
244357.13082365476	6000.0	1420.4265117466125	0.0	0	0.0	1777.5573354010994	1	0	1	2.947819189718566
245668.85334853627	6000.0	1108.7039868651439	0.0	0	0.0	1777.5573354010994	1	0	1	2.947819189718566
246246.4494365856	2000.0	1531.1078988158354	0.0	0	0.0	1777.5573354010703	1	0	1	0.7505946123823485
247200.0	2000.0	1577.5573354014425	0.0	0	611.1053131907247	1777.5573354010703	1	0	1	1.849206901050458
248200.0	3000.0	1577.5573354014505	0.0	0	389.0020623062446	1777.5573354010994	1	0	1	1.8492069010504566
249200.0	3000.0	1577.5573354014696	0.0	0	181.92160996622988	1777.5573354010994	1	0	1	2.254672009158621
250440.82245209042	3000.0	1336.7348833110316	0.0	0	0.0	1777.5573354010994	1	0	1	2.254672009158621
251200.0	3000.0	1501.6395806105068	0.0	0	75.11334134801291	1701.639580610121	1	0	2	1.8576140555309675
252200.0	3000.0	1501.6395806105015	0.0	0	221.89754685392836	1701.639580610121	1	0	1	2.058841224755372
253200.0	6000.0	1501.6395806104872	0.0	0	103.86802582809469	1701.639580610121	1	0	1	2.2588412247553724
254229.29902250867	6000.0	1472.3405581018153	0.0	0	0.0	1701.63958061015	1	0	1	2.9519884053153156
255200.0	6000.0	1501.6395806105095	0.0	0	20.808989936835133	1701.639580610179	1	0	1	2.951988405315314
256646.15953506817	6000.0	1055.480045542386	0.0	0	0.0	1701.639580610179	1	0	1	2.951988405315314
257200.0	2000.0	1501.6395806105338	0.0	0	202.00216481336975	1701.639580610179	1	0	1	0.7547638279790947
258200.0	2000.0	1501.639580610522	0.0	0	590.4314364054007	1701.6395806102082	1	0	1	1.853376116647203
259405.36769760554	6000.0	1296.2718830050117	0.0	0	0.0	1701.6395806102373	1	0	1	1.8533761166472016
261376.5497656246	6000.0	325.089814985977	0.0	0	0.0	1701.6395806102664	1	0	1	2.9519884053153107
261920.73170434005	2000.0	780.9078762705085	0.0	0	0.0	1701.6395806102664	1	0	1	0.75476382797909
262310.1452733031	2000.0	1391.4943073074944	0.0	0	0.0	1701.6395806102955	1	0	1	1.8533761166471998
263200.0	2000.0	1501.6395806105347	0.0	0	416.3671302984003	1701.6395806102373	1	0	1	1.853376116647199
264200.0	6000.0	1501.6395806105613	0.0	0	300.86331502802204	1701.6395806102082	1	0	1	1.8533761166472023
265283.0627644293	6000.0	1418.5768161812302	0.0	0	0.0	1701.6395806102082	1	0	1	2.951988405315312
267420.97952033725	6000.0	280.660060273284	0.0	0	0.0	1701.6395806102664	1	0	1	2.9519884053153094
267939.51645199774	2000.0	762.1231286128628	0.0	0	0.0	1701.6395806103246	1	0	1	0.7547638279790869
268562.3263002882	2000.0	1139.3132803223634	0.0	0	0.0	1701.6395806103246	1	0	1	1.8533761166471965
269200.0	2000.0	1501.6395806105656	0.0	0	77.82806320762029	1701.6395806103246	1	0	1	1.8533761166471965
270200.0	3000.0	1501.6395806104963	0.0	0	518.2582486989559	1701.6395806102664	1	0	1	1.8533761166471998
271402.09054707194	6000.0	1299.549033538569	0.0	0	0.0	1701.6395806102664	1	0	1	2.2588412247553644
273005.13982347865	6000.0	696.4997571318647	0.0	0	0.0	1701.6395806102664	1	0	1	2.9519884053153094
273532.76023834175	2000.0	1168.8793422687859	0.0	0	0.0	1701.6395806102664	1	0	1	0.75476382797909
274335.5674602058	2000.0	1366.0721204046872	0.0	0	0.0	1701.6395806102664	1	0	1	1.8533761166471996
275200.0	2000.0	1501.6395806105327	0.0	0	454.8296929804492	1701.6395806102664	1	0	1	1.8533761166471996
276368.3555615294	3000.0	1333.2840190812203	0.0	0	0.0	1701.6395806103828	1	0	1	1.853376116647196
277200.0	2000.0	1501.6395806106277	0.0	0	130.315939635213	1701.6395806103246	1	0	1	1.4479110085390319
278200.0	3000.0	1501.6395806106088	0.0	0	45.27652681694599	1701.6395806103246	1	0	1	1.8533761166471967
279200.0	3000.0	1501.6395806105893	0.0	0	242.23093280632747	1701.6395806103246	1	0	1	2.2588412247553613
280200.0	2000.0	1501.6395806105947	0.0	0	289.1185851019691	1701.6395806102664	1	0	1	1.447911008539035
281200.0	2000.0	1501.6395806106523	0.0	0	181.0316192394821	1701.6395806102664	1	0	1	1.8533761166471996
282200.0	2000.0	1501.6395806105918	0.0	0	465.9531355801155	1701.6395806102664	1	0	1	1.8533761166471996
283411.0210734755	3000.0	1290.618507135119	0.0	0	0.0	1701.6395806102664	1	0	1	1.8533761166471998
284200.0	2000.0	1501.6395806105716	0.0	0	31.720927020185627	1701.6395806103246	1	0	1	1.4479110085390319
285200.0	2000.0	1501.63958061055	0.0	0	433.62266804254614	1701.6395806103246	1	0	1	1.8533761166471965
286200.0	2000.0	1501.6395806105559	0.0	0	349.46871172322426	1701.6395806103246	1	0	1	1.8533761166471965
287225.9760780188	3000.0	1475.6635025917915	0.0	0	0.0	1701.6395806103246	1	0	1	1.8533761166471967
288200.0	3000.0	1501.6395806105252	0.0	0	251.07000753039028	1701.6395806103246	1	0	1	2.2588412247553613
289468.4706752085	6000.0	1233.1689054020437	0.0	0	0.0	1701.6395806102664	1	0	1	2.2588412247553644
290200.0	6000.0	1501.6395806105982	0.0	0	27.64776284113759	1701.6395806102664	1	0	1	2.9519884053153094
291200.0	6000.0	1501.6395806105375	0.0	0	195.48862778150942	1701.6395806102082	1	0	1	2.951988405315312
292200.0	6000.0	1501.6395806105072	0.0	0	369.81449144741055	1701.6395806102082	1	0	1	2.951988405315312
293200.0	6000.0	1501.6395806105215	0.0	0	109.11057370342314	1701.6395806102664	1	0	1	2.9519884053153094
294200.0	6000.0	1501.6395806105254	0.0	0	26.419578532048035	1701.6395806102664	1	0	1	2.9519884053153094
296007.5181914749	6000.0	694.121389135627	0.0	0	0.0	1701.6395806102664	1	0	1	2.9519884053153094
296483.39536047075	2000.0	1218.244220139771	0.0	0	0.0	1701.6395806103246	1	0	1	0.7547638279790883
297200.0	2000.0	1501.639580610558	0.0	0	175.99917086021742	1701.6395806103246	1	0	1	1.8533761166471965
298200.0	3000.0	1501.639580610569	0.0	0	306.92350931395777	1701.6395806103246	1	0	1	1.8533761166471967
299200.0	2000.0	1501.6395806105663	0.0	0	426.7626559024211	1701.6395806103828	1	0	1	1.447911008539029
300200.0	3000.0	1501.6395806106216	0.0	0	297.7364305292722	1701.6395806103828	1	0	1	1.8533761166471936
3.98	4.16	3.98	2.51	2.58	4.24	5.78	2.88	2.49	3.87	3.54	5.27	4.61	5.86	5.78	5.03	4.31	4.09	3.13	3.34	4.0	3.65	4.0	4.16	5.27	2.42	1.84	3.05	2.2	3.2	4.48	3.29	3.44	3.61	3.63	4.02	2.81	3.34	3.09	4.37	6.01	6.75	3.2	3.68	5.47	6.83	3.43	2.05	3.68	4.0	4.8	4.74	4.97	6.36	6.52	4.34	5.26	7.21	9.8	6.36	3.96	8.32	6.58	4.52	4.41	5.5	7.43	4.43	4.71	4.25	2.85	4.46	6.3	7.52	7.15	6.6	5.39	6.81	3.34	5.8	6.78	4.01	3.83	4.6	4.46	6.65	9.15	9.79	5.94	7.05	5.21	5.17	3.82	5.9	4.78	3.85	2.97	5.11	5.19	5.64	5.76	4.67	3.24	4.53	6.1	5.88	2.39	4.05	4.97	6.29	8.53	6.59	3.7	3.59	3.53	4.89	6.06	6.95	2.63	3.83	3.44	5.35	2.18	3.85	4.24	3.13	2.4	3.36	4.08	3.19	3.52	3.73	3.95	3.45	5.4	6.12	8.48	8.79	7.09	6.44	4.47	3.65	5.32	4.38	3.65	4.24	5.5	5.76	4.43	5.51	3.98	4.16	3.98	2.51	2.58	4.24	5.78	2.88	2.49	3.87	3.54	5.27	4.61	5.86	5.78	5.03	4.31	4.09	3.13	3.34	4.0	3.65	4.0	4.16	5.27	2.42	1.84	3.05	2.2	3.2	4.48	3.29	3.44	3.61	3.63	4.02	2.81	3.34	3.09	4.37	6.01	6.75	3.2	3.68	5.47	6.83	3.43	2.05	3.68	4.0	4.8	4.74	4.97	6.36	6.52	4.34	5.26	7.21	9.8	6.36	3.96	8.32	6.58	4.52	4.41	5.5	7.43	4.43	4.71	4.25	2.85	4.46	6.3	7.52	7.15	6.6	5.39	6.81	3.34	5.8	6.78	4.01	3.83	4.6	4.46	6.65	9.15	9.79	5.94	7.05	5.21	5.17	3.82	5.9	4.78	3.85	2.97	5.11	5.19	5.64	5.76	4.67	3.24	4.53	6.1	5.88	2.39	4.05	4.97	6.29	8.53	6.59	3.7	3.59	3.53	4.89	6.06	6.95	2.63	3.83	3.44	5.35	2.18	3.85	4.24	3.13	2.4	3.36	4.08	3.19	3.52	3.73	3.95	3.45	5.4	6.12	8.48	8.79	7.09	6.44	4.47	3.65	5.32	4.38	3.65	4.24	5.5	5.76	4.43	5.51
1.0	2.0	3.0	4.0	5.0	6.0	7.0	8.0	9.0	10.0	11.0	12.0	13.0	14.0	15.0	16.0	17.0	18.0	19.0	20.0	21.0	22.0	23.0	24.0	25.0	26.0	27.0	28.0	29.0	30.0	31.0	32.0	33.0	34.0	35.0	36.0	37.0	38.0	39.0	40.0	41.0	42.0	43.0	44.0	45.0	46.0	47.0	48.0	49.0	50.0	51.0	52.0	53.0	54.0	55.0	56.0	57.0	58.0	59.0	60.0	61.0	62.0	63.0	64.0	65.0	66.0	67.0	68.0	69.0	70.0	71.0	72.0	73.0	74.0	75.0	76.0	77.0	78.0	79.0	80.0	81.0	82.0	83.0	84.0	85.0	86.0	87.0	88.0	89.0	90.0	91.0	92.0	93.0	94.0	95.0	96.0	97.0	98.0	99.0	100.0	101.0	102.0	103.0	104.0	105.0	106.0	107.0	108.0	109.0	110.0	111.0	112.0	113.0	114.0	115.0	116.0	117.0	118.0	119.0	120.0	121.0	122.0	123.0	124.0	125.0	126.0	127.0	128.0	129.0	130.0	131.0	132.0	133.0	134.0	135.0	136.0	137.0	138.0	139.0	140.0	141.0	142.0	143.0	144.0	145.0	146.0	147.0	148.0	149.0	149.0	150.0	151.0	152.0	153.0	154.0	155.0	156.0	157.0	158.0	159.0	160.0	161.0	162.0	163.0	164.0	165.0	166.0	167.0	168.0	169.0	170.0	171.0	172.0	173.0	174.0	175.0	176.0	177.0	178.0	179.0	180.0	181.0	182.0	183.0	184.0	185.0	186.0	187.0	188.0	189.0	190.0	191.0	192.0	193.0	194.0	195.0	196.0	197.0	198.0	199.0	200.0	201.0	202.0	203.0	204.0	205.0	206.0	207.0	208.0	209.0	210.0	211.0	212.0	213.0	214.0	215.0	216.0	217.0	218.0	219.0	220.0	221.0	222.0	223.0	224.0	225.0	226.0	227.0	228.0	229.0	230.0	231.0	232.0	233.0	234.0	235.0	236.0	237.0	238.0	239.0	240.0	241.0	242.0	243.0	244.0	245.0	246.0	247.0	248.0	249.0	250.0	251.0	252.0	253.0	254.0	255.0	256.0	257.0	258.0	259.0	260.0	261.0	262.0	263.0	264.0	265.0	266.0	267.0	268.0	269.0	270.0	271.0	272.0	273.0	274.0	275.0	276.0	277.0	278.0	279.0	280.0	281.0	282.0	283.0	284.0	285.0	286.0	287.0	288.0	289.0	290.0	291.0	292.0	293.0	294.0	295.0	296.0	297.0	298.0	298.0
4350.229254081732
