4147.407778576794	300.0	2000.0	138.49632281092107	0	0.0	4147.407778576794	1	0	1	-1.3505935002310907
4687.463945404928	2000.0	2459.9438331718657	0.0	0	0.0	4147.407778576794	1	0	1	-0.5323848181988236
5949.307917872086	3000.0	2071.915463457991	0.0	0	0.0	4021.223381330077	1	0	2	1.0069863670892951
7535.362330700122	2000.0	1327.2556093471514	0.0	0	0.0	3862.617940047273	1	0	2	0.867364642151088
8668.800715637335	2000.0	1080.4733859162156	0.0	0	0.0	3749.2741015535494	1	0	2	1.3158384102531593
9531.784344510535	1000.0	1217.4897570430162	0.0	0	0.0	3749.274101553552	1	0	1	-0.0604313587301758
10370.425281003474	1000.0	1378.848820550076	0.0	0	0.0	3749.274101553551	1	0	1	0.8327158218297692
11199.210513646429	1000.0	1550.0635879071208	0.0	0	0.0	3749.2741015535494	1	0	1	0.8327158218297699
11797.98838966486	1000.0	1951.285711888689	0.0	0	0.0	3749.2741015535494	1	0	1	0.8327158218297703
13272.70495271	2000.0	1329.0974925390356	0.0	0	0.0	3601.8024452490354	1	0	2	0.4689284667104759
14058.136931058174	1000.0	1543.6655141908616	0.0	0	0.0	3601.8024452490354	1	0	1	-0.012524864643394307
15031.145519359829	2000.0	1473.3560670590418	0.0	0	0.0	3504.501586418868	1	0	2	0.5029049315104082
15811.955928867015	2000.0	1614.4646166011357	0.0	0	0.0	3426.4205454681487	1	0	2	1.4179991450525034
17399.717941266357	2000.0	1026.702604201797	0.0	0	0.0	3426.420545468154	1	0	1	1.4235773580787376
18735.47699309638	2000.0	557.3676471887707	0.0	0	0.0	3292.8446402851514	1	0	2	1.2466623370616365
19524.194718510294	1000.0	768.6499217748587	0.0	0	0.0	3292.8446402851514	1	0	1	0.07050630581697342
20066.393383177743	1000.0	1226.451257107408	0.0	0	0.0	3292.8446402851514	1	0	1	0.9636534863769187
20664.696294629757	1000.0	1628.1483456553958	0.0	0	0.0	3292.844640285155	1	0	1	0.9636534863769177
21815.083575800632	2000.0	1477.761064484521	0.0	0	0.0	3292.844640285155	1	0	1	0.9636534863769177
22423.34338753146	1000.0	1869.5012527536958	0.0	0	0.0	3292.844640285155	1	0	1	0.27050630581697255
23597.971965604705	2000.0	1694.8726746804523	0.0	0	0.0	3292.8446402851587	1	0	1	0.9636534863769168
24332.491359329302	2000.0	1960.353280955855	0.0	0	0.0	3292.8446402851623	1	0	1	1.6568006669368613
24990.005913952322	2000.0	2302.838726332835	0.0	0	0.0	3292.8446402851623	1	0	1	1.6568006669368613
25551.763070121237	2000.0	2741.0815701639185	0.0	0	0.0	3292.844640285166	1	0	1	1.6568006669368605
26242.089763844346	2000.0	3050.754876440813	0.0	0	0.0	3292.844640285166	1	0	1	1.6568006669368605
27388.15930893616	2000.0	2904.685331349002	0.0	0	0.0	3292.844640285166	1	0	1	1.6568006669368605
29129.891149664403	2000.0	2162.953490620758	0.0	0	0.0	3292.8446402851696	1	0	1	1.6568006669368596
30289.489436096734	2000.0	2003.3552041884304	0.0	0	0.0	3292.844640285166	1	0	1	1.6568006669368605
31006.69942194016	1000.0	2286.145218345002	0.0	0	0.0	3292.844640285166	1	0	1	0.2705063058169701
31767.96161889645	2000.0	2524.8830213887127	0.0	0	0.0	3292.844640285166	1	0	1	0.9636534863769153
33285.39705827743	2000.0	2007.447582007735	0.0	0	0.0	3292.8446402851623	1	0	1	1.6568006669368605
33882.13008321936	1000.0	2410.714557065799	0.0	0	0.0	3292.8446402851587	1	0	1	0.2705063058169713
35153.23274520627	2000.0	2139.611895078885	0.0	0	0.0	3292.8446402851514	1	0	1	0.9636534863769176
36454.03455381012	2000.0	1838.81008647503	0.0	0	0.0	3292.8446402851478	1	0	1	1.6568006669368645
37422.639918012006	2000.0	1870.2047222731474	0.0	0	0.0	3292.8446402851405	1	0	1	1.6568006669368662
38002.47396833641	2000.0	2290.3706719487577	0.0	0	0.0	3292.8446402851478	1	0	1	1.6568006669368645
38740.40275300675	2000.0	2552.441887278419	0.0	0	0.0	3292.8446402851478	1	0	1	1.6568006669368645
39547.646533662446	2000.0	2664.473728557142	0.0	0	0.0	3212.1202622195633	1	0	2	1.2707480141336052
41156.126376160246	3000.0	1895.1459018095584	0.0	0	0.0	3051.2722779697797	1	0	2	1.4977726649810945
42324.80083671195	2000.0	1726.471441257859	0.0	0	0.0	3051.2722779697797	1	0	1	1.1023586597049442
43119.50136616435	2000.0	1931.7709118054559	0.0	0	0.0	3051.2722779697797	1	0	1	1.707823767813109
43697.06100076329	2000.0	2354.211277206522	0.0	0	0.0	3051.2722779697797	1	0	1	1.707823767813109
44414.77666139601	2000.0	2636.4956165738045	0.0	0	0.0	3051.2722779697797	1	0	1	1.707823767813109
45597.39368533224	3000.0	2335.616890243955	0.0	0	0.0	2933.010575576147	1	0	2	1.3229311634934913
46997.29701168354	2000.0	1935.7135638926495	0.0	0	0.0	2933.010575576154	1	0	1	1.123586838547736
47545.81857703483	2000.0	2387.1919985413642	0.0	0	0.0	2933.010575576154	1	0	1	1.729051946655901
48585.67398232037	2000.0	2347.3365932558245	0.0	0	0.0	2933.010575576154	1	0	1	1.729051946655901
49454.72776498754	2000.0	2478.2828105886547	0.0	0	0.0	2933.010575576154	1	0	1	1.729051946655901
50767.34381398222	2000.0	2165.6667615939714	0.0	0	0.0	2933.010575576154	1	0	1	1.729051946655901
51756.04748294784	2000.0	2176.963092628347	0.0	0	0.0	2933.010575576154	1	0	1	1.729051946655901
52612.62506782187	2000.0	2320.385507754309	0.0	0	0.0	2933.010575576154	1	0	1	1.729051946655901
53686.84326482062	2000.0	2246.1673107555644	0.0	0	0.0	2933.0105755761615	1	0	1	1.7290519466558996
54782.30549594471	2000.0	2150.705079631477	0.0	0	0.0	2933.0105755761615	1	0	1	1.7290519466558996
55909.802622354364	2000.0	2023.2079532218193	0.0	0	0.0	2933.0105755761615	1	0	1	1.7290519466558996
56557.89211270266	2000.0	2375.1184628735227	0.0	0	0.0	2933.010575576169	1	0	1	1.7290519466558985
57854.178289565796	2000.0	2078.8322860103917	0.0	0	0.0	2933.010575576169	1	0	1	1.7290519466558985
58811.10880654548	2000.0	2121.901769030699	0.0	0	0.0	2933.010575576169	1	0	1	1.7290519466558985
60270.85525184357	2000.0	1662.1553237326098	0.0	0	0.0	2933.010575576169	1	0	1	1.7290519466558985
61086.742738056935	1000.0	1846.2678375192509	0.0	0	0.0	2933.010575576176	1	0	1	0.3427575855360069
61907.38339274379	2000.0	2025.6271828323954	0.0	0	0.0	2933.010575576176	1	0	1	1.035904766095952
62609.16243499085	2000.0	2323.848140585319	0.0	0	0.0	2933.010575576169	1	0	1	1.7290519466558985
63481.167708463174	2000.0	2451.8428671129946	0.0	0	0.0	2933.010575576169	1	0	1	1.7290519466558985
64489.007611188346	2000.0	2444.0029643878215	0.0	0	0.0	2933.010575576169	1	0	1	1.7290519466558985
65423.63969464223	2000.0	2509.370880933944	0.0	0	0.0	2933.010575576169	1	0	1	1.7290519466558985
66278.06151355337	2000.0	2654.949062022798	0.0	0	0.0	2933.010575576169	1	0	1	1.7290519466558985
67200.0	2000.0	2733.010575576169	0.0	0	228.88838175154524	2933.010575576169	1	0	1	1.729051946655898
68200.0	2000.0	2733.010575576173	0.0	0	67.80755324392521	2933.010575576176	1	0	1	1.7290519466558978
69200.0	2000.0	2733.010575576186	0.0	0	281.44429628766375	2933.010575576176	1	0	1	1.7290519466558971
70399.57668685571	2000.0	2533.433888720459	0.0	0	0.0	2933.0105755761615	1	0	1	1.7290519466558996
71649.36183102478	2000.0	2283.648744551393	0.0	0	0.0	2933.0105755761615	1	0	1	1.7290519466558996
72915.83783320378	2000.0	2017.1727423723917	0.0	0	0.0	2933.0105755761615	1	0	1	1.7290519466558996
74024.5226356338	2000.0	1908.4879399423994	0.0	0	0.0	2933.010575576176	1	0	1	1.7290519466558971
74813.68125158951	2000.0	2119.3293239866784	0.0	0	0.0	2933.010575576176	1	0	1	1.7290519466558971
75914.88099340675	2000.0	2018.1295821694491	0.0	0	0.0	2933.0105755761906	1	0	1	1.7290519466558947
76776.41312669862	2000.0	2156.5974488775746	0.0	0	0.0	2933.0105755761906	1	0	1	1.7290519466558947
77879.81485949724	2000.0	2053.1957160789425	0.0	0	0.0	2933.010575576176	1	0	1	1.7290519466558971
78653.49343634007	2000.0	2279.517139236121	0.0	0	0.0	2933.010575576176	1	0	1	1.7290519466558971
79498.29955756542	2000.0	2434.7110180107666	0.0	0	0.0	2933.0105755761906	1	0	1	1.7290519466558947
80553.67502134948	2000.0	2379.335554226699	0.0	0	0.0	2933.0105755761906	1	0	1	1.7290519466558947
81663.30189760626	2000.0	2269.7086779699116	0.0	0	0.0	2933.010575576205	1	0	1	1.729051946655892
83553.30870395081	2000.0	1379.701871625355	0.0	0	0.0	2933.010575576205	1	0	1	1.729051946655892
84147.39027679471	1000.0	1785.6202987814568	0.0	0	0.0	2933.010575576205	1	0	1	0.3427575855360019
85136.62467400244	1000.0	1796.3859015737467	0.0	0	0.0	2933.010575576205	1	0	1	1.035904766095947
86064.89846886705	2000.0	1868.1121067091208	0.0	0	0.0	2933.010575576205	1	0	1	1.0359047660959468
86944.48783701136	2000.0	1988.5227385648093	0.0	0	0.0	2933.010575576205	1	0	1	1.729051946655892
88271.33327931508	2000.0	1661.6772962610867	0.0	0	0.0	2933.010575576205	1	0	1	1.729051946655892
89426.49949707172	2000.0	1506.5110785044449	0.0	0	0.0	2933.010575576205	1	0	1	1.729051946655892
90225.72127011282	2000.0	1707.289305463359	0.0	0	0.0	2933.010575576205	1	0	1	1.729051946655892
91357.63925829735	2000.0	1575.3713172788287	0.0	0	0.0	2933.010575576205	1	0	1	1.729051946655892
92033.71869771887	2000.0	1899.2918778573062	0.0	0	0.0	2933.0105755762197	1	0	1	1.7290519466558896
93016.40854319926	2000.0	1916.602032376903	0.0	0	0.0	2933.0105755762197	1	0	1	1.7290519466558896
93627.75792557668	2000.0	2244.1177117617462	0.0	0	0.0	2871.875637338482	1	0	2	1.336789768202054
94786.32565202276	2000.0	1969.6932126710412	0.0	0	0.0	2756.0188646938623	1	0	2	1.5519896930587183
95655.64031284365	2000.0	2100.3785518501472	0.0	0	0.0	2756.018864693877	1	0	1	1.5568353971989082
96611.41250436832	2000.0	2144.606360325505	0.0	0	0.0	2756.0188646938914	1	0	1	1.7568353971989064
97553.39042131997	2000.0	2202.6284433738574	0.0	0	0.0	2756.0188646938914	1	0	1	1.7568353971989064
98546.97423493149	2000.0	2209.0446297623316	0.0	0	0.0	2756.0188646938914	1	0	1	1.7568353971989064
99909.64123974345	2000.0	1846.3776249503871	0.0	0	0.0	2756.0188646938914	1	0	1	1.7568353971989064
100959.53291568837	2000.0	1796.4859490054703	0.0	0	0.0	2756.018864693906	1	0	1	1.7568353971989041
101581.99033985613	2000.0	2174.0285248376986	0.0	0	0.0	2756.0188646938914	1	0	1	1.7568353971989064
102674.40571741347	2000.0	2081.6131472803836	0.0	0	0.0	2756.018864693906	1	0	1	1.7568353971989041
103745.29410716979	2000.0	2010.7247575240624	0.0	0	0.0	2756.018864693906	1	0	1	1.7568353971989041
104934.94914266968	2000.0	1821.06972202417	0.0	0	0.0	2756.0188646938914	1	0	1	1.7568353971989064
106377.83018147995	2000.0	1378.1886832138925	0.0	0	0.0	2756.018864693906	1	0	1	1.7568353971989041
107339.14954726528	2000.0	1416.869317428563	0.0	0	0.0	2756.018864693906	1	0	1	1.7568353971989041
108131.23396453759	2000.0	1624.7849001562308	0.0	0	0.0	2756.018864693906	1	0	1	1.7568353971989041
109009.67086729156	2000.0	1746.3479974022587	0.0	0	0.0	2756.018864693906	1	0	1	1.7568353971989041
109891.49787323068	2000.0	1864.520991463139	0.0	0	0.0	2756.018864693906	1	0	1	1.7568353971989041
111087.22321041838	2000.0	1668.7956542754387	0.0	0	0.0	2756.018864693906	1	0	1	1.7568353971989041
112186.25182212511	2000.0	1569.767042568704	0.0	0	0.0	2756.018864693906	1	0	1	1.7568353971989041
112877.96737832027	1000.0	1878.0514863735273	0.0	0	0.0	2756.0188646938914	1	0	1	0.3705410360790162
113568.98523034158	2000.0	2187.0336343522176	0.0	0	0.0	2756.0188646938914	1	0	1	1.0636882166389614
114272.13744280793	2000.0	2483.881421885877	0.0	0	0.0	2756.0188646938914	1	0	1	1.7568353971989064
115200.0	3000.0	2463.232608974601	0.0	0	114.84900328757067	2663.232608974664	1	0	2	1.3657414360739935
116598.58416208364	3000.0	1924.790030682593	0.0	0	0.0	2523.374192766307	1	0	2	1.987623445635105
117364.22101985995	2000.0	2159.1531729062895	0.0	0	0.0	2523.374192766307	1	0	1	1.1816067106710084
118200.0	2000.0	2323.374192766251	0.0	0	67.13058302964782	2523.374192766307	1	0	1	1.7870718187791732
119266.62046751758	2000.0	2256.7537252486513	0.0	0	0.0	2523.374192766307	1	0	1	1.7870718187791732
120357.76649584135	2000.0	2165.6076969248875	0.0	0	0.0	2523.374192766307	1	0	1	1.7870718187791732
121224.33110170266	2000.0	2299.043091063585	0.0	0	0.0	2523.374192766307	1	0	1	1.7870718187791732
122200.0	2000.0	2323.3741927662513	0.0	0	280.4598783706315	2523.374192766307	1	0	1	1.7870718187791732
123200.0	2000.0	2323.3741927662495	0.0	0	222.87623870314565	2523.374192766307	1	0	1	1.7870718187791732
124200.0	2000.0	2323.374192766265	0.0	0	165.13421707382076	2523.374192766307	1	0	1	1.7870718187791732
125200.0	2000.0	2323.3741927662663	0.0	0	1.2843339859537082	2523.374192766307	1	0	1	1.7870718187791732
126200.0	2000.0	2323.3741927662804	0.0	0	284.67957329905767	2523.374192766307	1	0	1	1.7870718187791732
127200.0	2000.0	2323.3741927662804	0.0	0	179.39284625751316	2523.374192766307	1	0	1	1.7870718187791732
128200.0	2000.0	2323.3741927662873	0.0	0	77.18188028931036	2523.374192766307	1	0	1	1.7870718187791732
129200.0	2000.0	2223.3741927662795	0.0	0	24.90317911565944	2423.3741927662923	1	0	2	1.3947990740902405
130200.0	2000.0	2223.3741927662863	0.0	0	99.68799409190251	2423.3741927662923	1	0	1	1.5981749379217904
131407.09897896557	2000.0	2016.2752138007163	0.0	0	0.0	2423.3741927663214	1	0	1	1.798174937921789
132200.0	1000.0	2223.3741927662913	0.0	0	80.73491681591258	2423.374192766307	1	0	1	0.4118805768018995
133200.0	2000.0	2223.374192766293	0.0	0	378.9631011306192	2423.3741927663214	1	0	1	1.1050277573618443
134641.11795939316	2000.0	1782.2562333731337	0.0	0	0.0	2423.3741927663214	1	0	1	1.7981749379217877
135608.54024556957	2000.0	1814.833947196742	0.0	0	0.0	2423.3741927663214	1	0	1	1.7981749379217877
136429.52776459744	2000.0	1993.8464281688737	0.0	0	0.0	2423.3741927663505	1	0	1	1.7981749379217846
137464.493874346	2000.0	1958.8803184203719	0.0	0	0.0	2423.3741927663505	1	0	1	1.7981749379217846
138590.8153381352	2000.0	1832.5588546312001	0.0	0	0.0	2423.3741927663505	1	0	1	1.7981749379217846
139571.4162178224	2000.0	1851.9579749439745	0.0	0	0.0	2423.3741927663505	1	0	1	1.7981749379217846
140717.4659230952	2000.0	1705.908269671178	0.0	0	0.0	2423.3741927663505	1	0	1	1.7981749379217846
141482.29098584576	2000.0	1941.083206920632	0.0	0	0.0	2423.3741927663214	1	0	1	1.7981749379217877
142346.93262285544	2000.0	2076.4415699109704	0.0	0	0.0	2423.3741927663214	1	0	1	1.7981749379217877
143450.1066685833	2000.0	1973.267524183127	0.0	0	0.0	2423.3741927662923	1	0	1	1.7981749379217906
145031.0107504972	2000.0	1392.363442269236	0.0	0	0.0	2423.3741927662923	1	0	1	1.7981749379217906
145802.27351710395	1000.0	1621.100675662483	0.0	0	0.0	2423.3741927662923	1	0	1	0.4118805768019004
146396.21584847165	1000.0	2027.1583442947726	0.0	0	0.0	2423.3741927662923	1	0	1	1.1050277573618454
147539.92740774353	2000.0	1883.446785022904	0.0	0	0.0	2423.3741927662923	1	0	1	1.1050277573618454
148552.73157193448	2000.0	1870.6426208319149	0.0	0	0.0	2423.3741927662923	1	0	1	1.7981749379217906
149783.28639447197	2000.0	1640.08779829443	0.0	0	0.0	2423.3741927662923	1	0	1	1.7981749379217906
150766.4347798465	2000.0	1656.939412919904	0.0	0	0.0	2423.3741927662923	1	0	1	1.7981749379217906
152361.08179096432	2000.0	1062.292401802039	0.0	0	0.0	2423.3741927662923	1	0	1	1.7981749379217906
153273.4420904375	2000.0	1149.9321023288903	0.0	0	0.0	2423.3741927662923	1	0	1	1.7981749379217906
153893.61410726045	2000.0	1529.760085505882	0.0	0	0.0	2423.3741927662923	1	0	1	1.7981749379217906
154467.59703609458	2000.0	1955.777156671752	0.0	0	0.0	2423.3741927662923	1	0	1	1.7981749379217906
155359.38688834762	2000.0	2063.987304418721	0.0	0	0.0	2423.3741927663214	1	0	1	1.7981749379217877
156311.57206641897	2000.0	2111.802126347364	0.0	0	0.0	2423.3741927663214	1	0	1	1.7981749379217877
157358.75237109876	2000.0	2064.6218216675893	0.0	0	0.0	2423.3741927663214	1	0	1	1.7981749379217877
158211.68577256484	2000.0	2211.688420201514	0.0	0	0.0	2423.3741927663505	1	0	1	1.7981749379217864
159894.0674081224	2000.0	1529.3067846439608	0.0	0	0.0	2423.3741927663505	1	0	1	1.7981749379217846
160776.52467729137	1000.0	1646.8495154749794	0.0	0	0.0	2423.3741927663505	1	0	1	0.41188057680189427
161512.41903724094	1000.0	1910.9551555253736	0.0	0	0.0	2423.3741927663505	1	0	1	1.1050277573618394
162521.1587607315	1000.0	1902.2154320348113	0.0	0	0.0	2423.3741927663505	1	0	1	1.1050277573618394
163200.0	1000.0	2223.374192766316	0.0	0	87.27501914580353	2423.3741927663505	1	0	1	1.1050277573618394
164382.82024708227	2000.0	2040.553945684041	0.0	0	0.0	2423.3741927663505	1	0	1	1.1050277573618394
165321.72566692828	2000.0	2101.6485258380494	0.0	0	0.0	2423.3741927663505	1	0	1	1.7981749379217846
166371.05273003393	2000.0	2052.3214627323778	0.0	0	0.0	2423.3741927663505	1	0	1	1.7981749379217846
167484.50130591015	2000.0	1938.8728868561784	0.0	0	0.0	2423.3741927663796	1	0	1	1.7981749379217822
168375.8879619541	2000.0	2047.4862308122244	0.0	0	0.0	2423.3741927663796	1	0	1	1.7981749379217815
169724.95215642868	2000.0	1698.4220363376319	0.0	0	0.0	2423.3741927663796	1	0	1	1.7981749379217815
170985.50352222298	2000.0	1437.8706705432933	0.0	0	0.0	2423.3741927663505	1	0	1	1.7981749379217846
172203.00955241243	2000.0	1220.364640353851	0.0	0	0.0	2423.3741927663796	1	0	1	1.7981749379217828
173395.24764508483	2000.0	1028.1265476814535	0.0	0	0.0	2423.3741927664087	1	0	1	1.7981749379217788
174128.89947573305	2000.0	1294.4747170332498	0.0	0	0.0	2423.374192766438	1	0	1	1.7981749379217766
175201.4452240984	2000.0	1221.9289686679274	0.0	0	0.0	2423.374192766438	1	0	1	1.7981749379217753
176782.41892139232	2000.0	640.9552713739922	0.0	0	0.0	2423.374192766438	1	0	1	1.7981749379217744
177588.41676859083	1000.0	834.9574241754538	0.0	0	0.0	2423.374192766438	1	0	1	0.41188057680188506
178327.31240011877	1000.0	1096.0617926475172	0.0	0	0.0	2423.374192766467	1	0	1	1.105027757361827
179023.26963702095	1000.0	1400.1045557453408	0.0	0	0.0	2423.374192766467	1	0	1	1.105027757361827
179688.17523373244	1000.0	1735.1989590338244	0.0	0	0.0	2423.374192766438	1	0	1	1.1050277573618301
180544.38951891955	2000.0	1878.9846738467095	0.0	0	0.0	2423.374192766467	1	0	1	1.1050277573618272
181458.44961891082	2000.0	1964.9245738554553	0.0	0	0.0	2423.374192766438	1	0	1	1.7981749379217753
182944.80771400622	2000.0	1478.5664787600572	0.0	0	0.0	2423.374192766438	1	0	1	1.7981749379217753
183632.83581688054	1000.0	1790.5383758857295	0.0	0	0.0	2423.374192766438	1	0	1	0.41188057680188506
184491.13131161415	2000.0	1932.2428811521363	0.0	0	0.0	2423.374192766438	1	0	1	1.1050277573618303
185381.50112535452	2000.0	2041.8730674117355	0.0	0	0.0	2423.374192766438	1	0	1	1.7981749379217753
186426.5564447455	2000.0	1996.81774802072	0.0	0	0.0	2423.374192766438	1	0	1	1.7981749379217753
187272.8772712678	2000.0	2150.496921498438	0.0	0	0.0	2423.374192766438	1	0	1	1.7981749379217753
188200.0	2000.0	2223.374192766264	0.0	0	390.11009177949745	2423.374192766438	1	0	1	1.7981749379217753
189236.0751873816	2000.0	2187.2990053846443	0.0	0	0.0	2423.374192766438	1	0	1	1.7981749379217753
190506.1240844183	2000.0	1917.2501083479287	0.0	0	0.0	2423.3741927664087	1	0	1	1.7981749379217777
191558.26030882975	2000.0	1865.1138839364705	0.0	0	0.0	2423.3741927663796	1	0	1	1.7981749379217815
192477.11747616078	2000.0	1946.2567166054214	0.0	0	0.0	2423.3741927663796	1	0	1	1.7981749379217815
193240.82908204995	2000.0	2182.5451107162517	0.0	0	0.0	2423.3741927663505	1	0	1	1.7981749379217842
194200.0	2000.0	2127.457100971196	0.0	0	21.839530140918214	2327.45710097134	1	0	2	1.404963210173416
195206.78018008283	2000.0	2120.6769208883807	0.0	0	0.0	2327.45710097134	1	0	1	1.607882424002266
196200.0	2000.0	2127.4571009712295	0.0	0	162.28276288465713	2327.457100971398	1	0	1	1.8078824240022617
197200.0	2000.0	2027.4571009711992	0.0	0	165.44256774886162	2227.457100971369	1	0	2	1.4140837218180178
198200.0	2000.0	2027.4571009711835	0.0	0	200.70099008982652	2227.457100971369	1	0	1	1.6171036764782452
199200.0	2000.0	2027.4571009711844	0.0	0	235.21105441713007	2227.457100971369	1	0	1	1.8171036764782453
200351.0135082505	2000.0	1876.4435927206873	0.0	0	0.0	2227.457100971369	1	0	1	1.8171036764782453
201344.35057634636	2000.0	1883.1065246248113	0.0	0	0.0	2227.457100971369	1	0	1	1.8171036764782453
202690.7438456883	2000.0	1536.7132552828748	0.0	0	0.0	2227.45710097134	1	0	1	1.8171036764782473
204185.36337986524	2000.0	1042.0937211059304	0.0	0	0.0	2227.45710097134	1	0	1	1.8171036764782462
204676.89085515862	1000.0	1550.5662458125714	0.0	0	0.0	2227.45710097134	1	0	1	0.4308093153583575
205706.25580425316	2000.0	1521.2012967180394	0.0	0	0.0	2227.45710097134	1	0	1	1.1239564959183026
207106.3456200966	2000.0	1121.1114808746056	0.0	0	0.0	2227.45710097134	1	0	1	1.8171036764782478
207992.10242021637	2000.0	1235.354680754828	0.0	0	0.0	2227.45710097134	1	0	1	1.8171036764782478
209011.8365638588	2000.0	1215.620537112411	0.0	0	0.0	2227.45710097134	1	0	1	1.8171036764782478
209907.43322171233	1000.0	1320.023879258871	0.0	0	0.0	2227.45710097134	1	0	1	0.4308093153583575
210433.93553032918	1000.0	1793.5215706420252	0.0	0	0.0	2227.45710097134	1	0	1	1.1239564959183026
211390.24731459797	2000.0	1837.2097863732176	0.0	0	0.0	2227.45710097134	1	0	1	1.1239564959183026
212619.0340982531	2000.0	1608.4230027181272	0.0	0	0.0	2227.457100971398	1	0	1	1.8171036764782431
213308.43107499566	2000.0	1919.026025975539	0.0	0	0.0	2227.457100971398	1	0	1	1.8171036764782427
214200.0	2000.0	2027.4571009712363	0.0	0	184.049642076483	2227.457100971398	1	0	1	1.8171036764782427
215200.0	2000.0	2027.4571009712613	0.0	0	261.75272578489967	2227.457100971398	1	0	1	1.8171036764782427
216200.0	2000.0	2027.4571009712872	0.0	0	195.61417817667825	2227.457100971398	1	0	1	1.8171036764782427
217200.0	2000.0	2027.4571009712645	0.0	0	287.70626530086156	2227.457100971398	1	0	1	1.8171036764782427
218258.4771440833	2000.0	1968.9799568879669	0.0	0	0.0	2227.457100971398	1	0	1	1.8171036764782427
219406.17246441406	2000.0	1821.284636557206	0.0	0	0.0	2227.457100971398	1	0	1	1.8171036764782427
220503.53719453828	2000.0	1723.9199064329814	0.0	0	0.0	2227.457100971398	1	0	1	1.8171036764782427
221505.61666094136	2000.0	1721.8404400299019	0.0	0	0.0	2227.457100971369	1	0	1	1.8171036764782453
222558.53868935272	2000.0	1668.9184116185716	0.0	0	0.0	2227.457100971398	1	0	1	1.8171036764782427
223200.0	1000.0	2027.4571009712863	0.0	0	104.47481291272561	2227.457100971398	1	0	1	0.4308093153583524
224422.22094928907	2000.0	1805.236151682208	0.0	0	0.0	2227.457100971398	1	0	1	1.1239564959182977
225353.75974415644	2000.0	1873.697356814842	0.0	0	0.0	2227.457100971369	1	0	1	1.817103676478245
226790.81375735888	2000.0	1436.643343612391	0.0	0	0.0	2227.457100971369	1	0	1	1.8171036764782453
227626.45880448812	2000.0	1600.9982964831445	0.0	0	0.0	2227.457100971369	1	0	1	1.8171036764782453
228401.2600446641	2000.0	1826.1970563071736	0.0	0	0.0	2227.457100971369	1	0	1	1.8171036764782453
229256.9541044953	2000.0	1970.5029964759647	0.0	0	0.0	2227.457100971398	1	0	1	1.8171036764782431
230375.07798185098	2000.0	1852.3791191203175	0.0	0	0.0	2227.4571009714273	1	0	1	1.81710367647824
231533.06598999441	2000.0	1694.3911109768617	0.0	0	0.0	2227.4571009714273	1	0	1	1.81710367647824
232386.41546815066	1000.0	1841.0416328205965	0.0	0	0.0	2227.4571009714273	1	0	1	0.4308093153583498
233973.55616501387	2000.0	1253.9009359573954	0.0	0	0.0	2227.4571009714273	1	0	1	1.1239564959182948
234615.77969259527	1000.0	1611.6774083760133	0.0	0	0.0	2227.4571009714273	1	0	1	0.4308093153583498
235416.6962813999	2000.0	1810.7608195713965	0.0	0	0.0	2227.4571009714273	1	0	1	1.1239564959182948
236693.19643308822	2000.0	1534.2606678830919	0.0	0	0.0	2227.4571009714273	1	0	1	1.81710367647824
237961.4549222874	2000.0	1266.0021786839213	0.0	0	0.0	2227.4571009714273	1	0	1	1.81710367647824
238927.3313114407	2000.0	1300.1257895305837	0.0	0	0.0	2227.457100971398	1	0	1	1.8171036764782404
240004.7853194643	2000.0	1222.6717815069824	0.0	0	0.0	2227.4571009714273	1	0	1	1.8171036764782422
240577.98967222642	2000.0	1649.4674287448413	0.0	0	0.0	2227.4571009714564	1	0	1	1.8171036764782376
241493.03357675634	2000.0	1734.4235242149407	0.0	0	0.0	2227.4571009714564	1	0	1	1.8171036764782376
242323.1071501426	2000.0	1904.349950828659	0.0	0	0.0	2227.4571009714273	1	0	1	1.81710367647824
243200.0	2000.0	2027.4571009712417	0.0	0	286.6463599136041	2227.457100971398	1	0	1	1.8171036764782427
244286.2151806299	2000.0	1941.2419203413642	0.0	0	0.0	2227.457100971369	1	0	1	1.817103676478245
245345.62322375883	2000.0	1881.8338772124093	0.0	0	0.0	2227.457100971398	1	0	1	1.8171036764782431
246200.0	2000.0	2027.4571009712236	0.0	0	112.58623080872349	2227.457100971398	1	0	1	1.8171036764782427
247427.37958898017	2000.0	1800.0775119910593	0.0	0	0.0	2227.4571009714273	1	0	1	1.81710367647824
248279.6236253947	2000.0	1947.8334755765368	0.0	0	0.0	2227.4571009714273	1	0	1	1.81710367647824
249490.17195522148	2000.0	1737.2851457497436	0.0	0	0.0	2227.4571009714273	1	0	1	1.81710367647824
250511.1695305061	2000.0	1716.287570465115	0.0	0	0.0	2227.4571009714273	1	0	1	1.81710367647824
251455.45870175428	2000.0	1771.9983992169368	0.0	0	0.0	2227.4571009714273	1	0	1	1.8171036764782404
252716.59667254344	2000.0	1510.860428427775	0.0	0	0.0	2227.4571009714273	1	0	1	1.81710367647824
253912.70244334528	2000.0	1314.754657625939	0.0	0	0.0	2227.457100971398	1	0	1	1.8171036764782404
254500.55405179661	1000.0	1726.903049174594	0.0	0	0.0	2227.457100971398	1	0	1	0.4308093153583524
255771.00252423497	2000.0	1456.4545767362554	0.0	0	0.0	2227.457100971398	1	0	1	1.1239564959182977
256414.92303229356	2000.0	1812.5340686776296	0.0	0	0.0	2227.457100971369	1	0	1	1.8171036764782453
257200.0	2000.0	2027.4571009711985	0.0	0	171.43285615020432	2227.457100971369	1	0	1	1.8171036764782453
258200.0	2000.0	2027.4571009711963	0.0	0	125.49340328402468	2227.45710097134	1	0	1	1.8171036764782478
259200.0	2000.0	1927.45710097121	0.0	0	219.86329623078927	2127.457100971369	1	0	2	1.4225318119988124
260482.34563056513	2000.0	1645.1114704060597	0.0	0	0.0	2127.457100971369	1	0	1	1.6254850617602978
261645.56930599516	2000.0	1481.8877949760404	0.0	0	0.0	2127.45710097134	1	0	1	1.8254850617603002
262654.70862210344	2000.0	1472.7484788677702	0.0	0	0.0	2127.45710097134	1	0	1	1.8254850617603002
263200.0	2000.0	1927.4571009712313	0.0	0	6.537298853800166	2127.45710097134	1	0	1	1.8254850617603011
264200.0	2000.0	1927.4571009712508	0.0	0	407.5699474280118	2127.457100971369	1	0	1	1.825485061760298
265200.0	2000.0	1927.4571009712593	0.0	0	100.80367110006046	2127.457100971369	1	0	1	1.825485061760298
266463.2717026947	2000.0	1664.1853982765451	0.0	0	0.0	2127.457100971369	1	0	1	1.825485061760298
267293.84713210847	2000.0	1833.6099688627708	0.0	0	0.0	2127.457100971369	1	0	1	1.825485061760298
268200.0	2000.0	1927.4571009712242	0.0	0	278.9642845422495	2127.457100971369	1	0	1	1.825485061760298
269486.9349857836	2000.0	1640.522115187624	0.0	0	0.0	2127.4571009714273	1	0	1	1.8254850617602933
270285.6195346766	2000.0	1841.8375662946062	0.0	0	0.0	2127.4571009714273	1	0	1	1.8254850617602933
271200.0	2000.0	1927.4571009712422	0.0	0	6.321050624188501	2127.4571009714855	1	0	1	1.8254850617602885
272200.0	2000.0	1927.457100971291	0.0	0	82.53453815192915	2127.4571009714855	1	0	1	1.8254850617602885
273200.0	2000.0	1927.4571009712981	0.0	0	276.96229191706516	2127.4571009715437	1	0	1	1.8254850617602838
274200.0	2000.0	1927.457100971355	0.0	0	186.83382335910574	2127.457100971602	1	0	1	1.8254850617602794
275317.1390377139	2000.0	1810.3180632575286	0.0	0	0.0	2127.457100971602	1	0	1	1.8254850617602794
276315.0966875165	2000.0	1812.3604134549382	0.0	0	0.0	2127.457100971602	1	0	1	1.8254850617602794
277200.96655497735	2000.0	1926.4905459940442	0.0	0	0.0	2127.4571009715437	1	0	1	1.8254850617602838
278200.0	2000.0	1927.4571009714386	0.0	0	293.0162706808187	2127.4571009715437	1	0	1	1.8254850617602838
279446.8050340642	2000.0	1680.652066907217	0.0	0	0.0	2127.457100971602	1	0	1	1.8254850617602794
280703.1271287284	2000.0	1424.3299722429856	0.0	0	0.0	2127.457100971602	1	0	1	1.8254850617602794
281200.0	1000.0	1927.4571009713502	0.0	0	64.07611223153071	2127.4571009715437	1	0	1	0.43919070064039367
282200.0	2000.0	1927.4571009713843	0.0	0	319.66013596212724	2127.4571009714855	1	0	1	1.1323378812003435
283755.13391972857	2000.0	1372.3231812428162	0.0	0	0.0	2127.4571009714855	1	0	1	1.8254850617602885
285050.3800760431	2000.0	1077.077024928283	0.0	0	0.0	2127.4571009714273	1	0	1	1.8254850617602907
286017.42547293945	2000.0	1110.031628031832	0.0	0	0.0	2127.4571009714273	1	0	1	1.8254850617602933
286823.7891589416	2000.0	1303.6679420296946	0.0	0	0.0	2127.4571009714273	1	0	1	1.8254850617602933
288157.4775502436	2000.0	969.9795507277181	0.0	0	0.0	2127.4571009714273	1	0	1	1.8254850617602933
288988.50607937766	1000.0	1138.951021593699	0.0	0	0.0	2127.4571009714273	1	0	1	0.439190700640403
290131.0498613038	2000.0	996.4072396674871	0.0	0	0.0	2127.457100971369	1	0	1	1.1323378812003528
290747.30742107757	2000.0	1380.1496798937117	0.0	0	0.0	2127.457100971369	1	0	1	1.825485061760298
291589.7838726116	2000.0	1537.6732283595986	0.0	0	0.0	2127.457100971311	1	0	1	1.8254850617603025
292628.32504718914	2000.0	1499.1320537820059	0.0	0	0.0	2127.457100971311	1	0	1	1.8254850617603025
293961.7681272069	2000.0	1165.6889737643057	0.0	0	0.0	2127.457100971311	1	0	1	1.8254850617603062
294673.22032572504	1000.0	1454.2367752461291	0.0	0	0.0	2127.457100971369	1	0	1	0.4391907006404076
295435.2369645123	1000.0	1692.2201364589073	0.0	0	0.0	2127.4571009714273	1	0	1	1.1323378812003482
296201.8779590405	1000.0	1925.5791419306686	0.0	0	0.0	2127.457100971311	1	0	1	1.1323378812003566
297323.1281609851	2000.0	1804.3289399860314	0.0	0	0.0	2127.457100971311	1	0	1	1.1323378812003573
298204.06608313986	2000.0	1923.3910178312694	0.0	0	0.0	2127.457100971311	1	0	1	1.8254850617603025
299363.58118979447	2000.0	1763.8759111766328	0.0	0	0.0	2127.457100971311	1	0	1	1.8254850617603025
300395.6609031301	2000.0	1731.7961978410708	0.0	0	0.0	2127.457100971311	1	0	1	1.8254850617603025
3.13	3.02	1.34	2.05	2.11	1.22	1.47	1.51	1.05	1.05	1.89	2.34	0.83	2.48	1.76	1.81	1.83	1.85	1.9	2.34	2.46	2.76	2.19	1.34	1.54	1.58	1.58	2.51	1.76	1.36	2.0	1.68	2.26	2.63	2.79	2.84	1.56	1.75	2.53	3.1	3.15	2.36	1.69	2.93	2.2	2.72	1.66	2.34	2.63	1.6	1.83	1.61	2.63	1.48	2.84	1.84	1.19	1.81	2.39	1.6	2.76	2.5	2.49	2.61	2.15	2.29	1.53	1.34	2.11	1.31	2.14	2.35	2.44	1.44	2.17	1.89	2.0	1.87	1.19	1.75	1.2	1.89	2.94	1.73	2.06	2.13	2.17	2.75	2.79	3.2	2.22	2.61	2.34	1.63	2.62	1.76	2.17	2.58	1.84	1.53	1.54	1.6	2.31	3.27	2.51	2.69	1.64	2.07	1.66	3.05	3.41	3.12	2.26	1.99	2.41	2.26	1.98	2.39	2.71	2.19	2.49	2.12	2.97	2.29	2.51	1.9	1.99	0.88	2.68	1.91	1.55	1.99	2.28	2.31	2.06	1.37	2.04	3.65	2.19	1.52	1.07	1.42	1.48	1.73	1.62	2.21	1.99	1.51	1.97	2.5	3.13	3.02	1.34	2.05	2.11	1.22	1.47	1.51	1.05	1.05	1.89	2.34	0.83	2.48	1.76	1.81	1.83	1.85	1.9	2.34	2.46	2.76	2.19	1.34	1.54	1.58	1.58	2.51	1.76	1.36	2.0	1.68	2.26	2.63	2.79	2.84	1.56	1.75	2.53	3.1	3.15	2.36	1.69	2.93	2.2	2.72	1.66	2.34	2.63	1.6	1.83	1.61	2.63	1.48	2.84	1.84	1.19	1.81	2.39	1.6	2.76	2.5	2.49	2.61	2.15	2.29	1.53	1.34	2.11	1.31	2.14	2.35	2.44	1.44	2.17	1.89	2.0	1.87	1.19	1.75	1.2	1.89	2.94	1.73	2.06	2.13	2.17	2.75	2.79	3.2	2.22	2.61	2.34	1.63	2.62	1.76	2.17	2.58	1.84	1.53	1.54	1.6	2.31	3.27	2.51	2.69	1.64	2.07	1.66	3.05	3.41	3.12	2.26	1.99	2.41	2.26	1.98	2.39	2.71	2.19	2.49	2.12	2.97	2.29	2.51	1.9	1.99	0.88	2.68	1.91	1.55	1.99	2.28	2.31	2.06	1.37	2.04	3.65	2.19	1.52	1.07	1.42	1.48	1.73	1.62	2.21	1.99	1.51	1.97	2.5	3.13
1.0	2.0	3.0	4.0	5.0	6.0	7.0	8.0	9.0	10.0	11.0	12.0	13.0	14.0	15.0	16.0	17.0	18.0	19.0	20.0	21.0	22.0	23.0	24.0	25.0	26.0	27.0	28.0	29.0	30.0	31.0	32.0	33.0	34.0	35.0	36.0	37.0	38.0	39.0	40.0	41.0	42.0	43.0	44.0	45.0	46.0	47.0	48.0	49.0	50.0	51.0	52.0	53.0	54.0	55.0	56.0	57.0	58.0	59.0	60.0	61.0	62.0	63.0	64.0	65.0	66.0	67.0	68.0	69.0	70.0	71.0	72.0	73.0	74.0	75.0	76.0	77.0	78.0	79.0	80.0	81.0	82.0	83.0	84.0	85.0	86.0	87.0	88.0	89.0	90.0	91.0	92.0	93.0	94.0	95.0	96.0	97.0	98.0	99.0	100.0	101.0	102.0	103.0	104.0	105.0	106.0	107.0	108.0	109.0	110.0	111.0	112.0	113.0	114.0	115.0	116.0	117.0	118.0	119.0	120.0	121.0	122.0	123.0	124.0	125.0	126.0	127.0	128.0	129.0	130.0	131.0	132.0	133.0	134.0	135.0	136.0	137.0	138.0	139.0	140.0	141.0	142.0	143.0	144.0	145.0	146.0	147.0	148.0	149.0	149.0	150.0	151.0	152.0	153.0	154.0	155.0	156.0	157.0	158.0	159.0	160.0	161.0	162.0	163.0	164.0	165.0	166.0	167.0	168.0	169.0	170.0	171.0	172.0	173.0	174.0	175.0	176.0	177.0	178.0	179.0	180.0	181.0	182.0	183.0	184.0	185.0	186.0	187.0	188.0	189.0	190.0	191.0	192.0	193.0	194.0	195.0	196.0	197.0	198.0	199.0	200.0	201.0	202.0	203.0	204.0	205.0	206.0	207.0	208.0	209.0	210.0	211.0	212.0	213.0	214.0	215.0	216.0	217.0	218.0	219.0	220.0	221.0	222.0	223.0	224.0	225.0	226.0	227.0	228.0	229.0	230.0	231.0	232.0	233.0	234.0	235.0	236.0	237.0	238.0	239.0	240.0	241.0	242.0	243.0	244.0	245.0	246.0	247.0	248.0	249.0	250.0	251.0	252.0	253.0	254.0	255.0	256.0	257.0	258.0	259.0	260.0	261.0	262.0	263.0	264.0	265.0	266.0	267.0	268.0	269.0	270.0	271.0	272.0	273.0	274.0	275.0	276.0	277.0	278.0	279.0	280.0	281.0	282.0	283.0	284.0	285.0	286.0	287.0	288.0	289.0	290.0	291.0	292.0	293.0	294.0	295.0	296.0	297.0	298.0	298.0	299.0
3903.8063290036857
