5548.2554424869895	300.0	2000.0	128.560665739302	0	0.0	5548.2554424869895	1	0	1	-2.2929782912637515
6303.032579215226	2000.0	2169.745149598939	0.0	0	0.0	5472.777728814165	1	0	2	-1.891662301951811
7228.1216154658405	2000.0	2152.1472097232627	0.0	0	0.0	5380.268825189103	1	0	2	0.2870182226850746
7974.708613460992	2000.0	2330.9015119285964	0.0	0	0.0	5305.610125389589	1	0	2	0.35761887436171996
8906.958544884896	2000.0	2305.4265873623017	0.0	0	0.0	5212.385132247196	1	0	2	0.4370427942221484
9596.610508500773	2000.0	2546.8094273848383	0.0	0	0.0	5143.41993588561	1	0	2	0.5018701167857453
10382.923467917459	3000.0	2681.8651720264825	0.0	0	0.0	5064.78863994394	1	0	2	0.5622320733240532
11272.13581377272	3000.0	2703.7315915856925	0.0	0	0.0	4975.867405358411	1	0	2	1.0383288139182274
12741.868008167261	3000.0	2087.0261777516953	0.0	0	0.0	4828.894185918955	1	0	2	1.1385325682280012
13460.3765118866	3000.0	2296.666823660423	0.0	0	0.0	4757.043335547021	1	0	2	1.2071459203763664
14296.414172101708	3000.0	2377.0253974238017	0.0	0	0.0	4673.439569525508	1	0	2	1.259196132548767
14754.760906702482	3000.0	2872.8439893629497	0.0	0	0.0	4627.604896065432	1	0	2	1.295925084724066
15281.228774001676	3000.0	3293.7293353338337	0.0	0	0.0	4574.958109335512	1	0	2	1.3287494643104947
15827.617500535864	3000.0	3692.7017361462276	0.0	0	0.0	4520.319236682095	1	0	2	1.362104374047991
16525.56182303331	3000.0	3924.9629813990414	0.0	0	0.0	4450.524804432351	1	0	2	1.3998205665205656
18253.68416193966	3000.0	3024.028408602063	0.0	0	0.0	4277.71257054172	1	0	2	1.4730986224273763
19318.64130066065	2000.0	2852.5755560089706	0.0	0	0.0	4171.21685666962	1	0	2	0.7375455786764934
19935.85368790573	3000.0	3173.6419300393827	0.0	0	0.0	4109.495617945113	1	0	2	1.175391830532184
20500.051981301374	3000.0	3553.023807304168	0.0	0	0.0	4053.0757886055435	1	0	2	1.6072625066160264
21200.0	3000.0	3783.0809867356775	0.0	0	16.38167874058854	3983.08098673568	1	0	2	1.635289419794751
22611.87730555276	3000.0	3230.0159506276427	0.0	0	0.0	3841.893256180403	1	0	2	1.6841273200507296
23777.367207867013	3000.0	2947.9770580819636	0.0	0	0.0	3725.3442659489738	1	0	2	1.7291716488987967
25035.00993439663	3000.0	2564.5700588993886	0.0	0	0.0	3599.579993296011	1	0	2	1.7699744702976166
26099.855972665137	3000.0	2393.2394168040273	0.0	0	0.0	3493.0953894691593	1	0	2	1.8032842478597817
27287.536107397427	3000.0	2086.7912685985034	0.0	0	0.0	3374.327375995923	1	0	2	1.8344005292818415
28004.304380583708	3000.0	2298.3461680935893	0.0	0	0.0	3302.650548677291	1	0	2	1.8555381510077642
28914.40900961588	3000.0	2297.2310761582035	0.0	0	0.0	3211.6400857740773	1	0	2	1.8755115064919077
29807.71534761785	3000.0	2314.5941043560397	0.0	0	0.0	3122.3094519738806	1	0	2	1.8950122062091035
30488.762347350133	3000.0	2565.4424046505314	0.0	0	0.0	3054.2047520006527	1	0	2	1.9098613720562516
31200.0	3000.0	2783.0809867356784	0.0	0	37.07043256725228	2983.0809867356656	1	0	2	1.9222474356257824
33481.35046116331	6000.0	1501.730525572365	0.0	0	0.0	2983.080986735662	1	0	1	1.9258061663287145
34410.82839510518	3000.0	1479.304798236314	0.0	0	0.0	2890.1331933414804	1	0	2	1.0449046367290655
34998.46794266814	3000.0	1832.9012959170584	0.0	0	0.0	2831.3692385851864	1	0	2	1.9487098599397064
35711.50361882878	3000.0	2048.56205214036	0.0	0	0.0	2760.0656709691248	1	0	2	1.9588357232538494
36456.61298199987	3000.0	2228.9417526521565	0.0	0	0.0	2685.554734652018	1	0	2	1.96969990553983
37235.94988421535	3000.0	2371.6711602151227	0.0	0	0.0	2607.6210444304597	1	0	2	1.9797679082861512
38449.931528204484	3000.0	2036.291351827074	0.0	0	0.0	2486.2228800315497	1	0	2	1.99378351448471
39485.176474217216	3000.0	1897.521911213072	0.0	0	0.0	2382.698385430289	1	0	2	2.0051045812424095
40340.21388751261	3000.0	1956.9807565881395	0.0	0	0.0	2297.194644100753	1	0	2	2.0142056469407636
41200.0	3000.0	2011.2160328520172	0.0	0	38.97292257245135	2211.216032852026	1	0	2	2.0217826801695082
42200.0	3000.0	1911.2160328520204	0.0	0	158.61061937329214	2111.216032852026	1	0	2	2.0297300390403663
43200.0	3000.0	1811.2160328520226	0.0	0	127.20776651482447	2011.2160328520404	1	0	2	2.0374171600816737
44255.58140299076	2000.0	1755.6346298612655	0.0	0	0.0	2011.2160328520404	1	0	1	1.2288038086371822
45200.0	2000.0	1811.216032852029	0.0	0	31.10463513735158	2011.216032852033	1	0	1	1.8342689167453474
46200.0	2000.0	1811.2160328520345	0.0	0	43.44694632145547	2011.2160328520258	1	0	1	1.8342689167453479
47200.0	2000.0	1811.2160328520313	0.0	0	294.57246015567944	2011.2160328520258	1	0	1	1.8342689167453479
48200.0	2000.0	1811.2160328520408	0.0	0	288.36494462744304	2011.2160328520258	1	0	1	1.8342689167453479
49200.0	3000.0	1711.2160328520376	0.0	0	362.6359620391959	1911.2160328520185	1	0	2	1.4386199850540984
50612.51605442174	6000.0	1298.6999784302923	0.0	0	0.0	1911.2160328520185	1	0	1	2.0465421973351603
51881.11227196733	6000.0	1030.10376088471	0.0	0	0.0	1911.2160328520113	1	0	1	2.939689377895106
52803.546785529026	2000.0	1107.6692473230191	0.0	0	0.0	1911.2160328520185	1	0	1	0.7424648005588865
53583.61558786256	2000.0	1327.6004449894945	0.0	0	0.0	1911.2160328520185	1	0	1	1.8410770892269963
54200.0	2000.0	1711.2160328520513	0.0	0	97.17070793468883	1911.2160328520258	1	0	1	1.8410770892269956
55200.0	2000.0	1711.2160328520458	0.0	0	480.31392243752634	1911.2160328520258	1	0	1	1.8410770892269956
56637.500483995536	6000.0	1273.715548856512	0.0	0	0.0	1911.216032852033	1	0	1	1.8410770892269954
57283.94427811677	2000.0	1627.2717547352875	0.0	0	0.0	1911.2160328520404	1	0	1	0.7424648005588852
58200.0	3000.0	1619.6104606637298	0.0	0	500.32189624305465	1819.610460663709	1	0	2	1.444427293317028
59754.8914720899	6000.0	1064.7189885738337	0.0	0	0.0	1819.610460663709	1	0	1	2.052226746538751
60347.56470988395	2000.0	1472.045750779781	0.0	0	0.0	1819.610460663709	1	0	1	0.7481493497624769
61200.0	2000.0	1619.610460663731	0.0	0	116.23567508739507	1819.610460663709	1	0	1	1.8467616384305865
62200.0	2000.0	1619.6104606637298	0.0	0	293.6556190635165	1819.610460663709	1	0	1	1.8467616384305865
63200.0	2000.0	1619.610460663727	0.0	0	195.85080319706321	1819.610460663709	1	0	1	1.8467616384305865
64200.0	2000.0	1619.6104606637196	0.0	0	371.89579152083024	1819.610460663709	1	0	1	1.8467616384305865
65200.0	2000.0	1619.6104606637202	0.0	0	398.1916082897151	1819.610460663709	1	0	1	1.8467616384305865
66200.0	3000.0	1619.6104606637127	0.0	0	444.45862684263557	1819.610460663709	1	0	1	1.8467616384305865
68084.31092388392	6000.0	735.2995367797835	0.0	0	0.0	1819.610460663709	1	0	1	2.252226746538751
68762.11385742125	2000.0	1057.4966032424618	0.0	0	0.0	1819.6104606637236	1	0	1	0.748149349762476
69260.08988535007	2000.0	1559.520575313641	0.0	0	0.0	1819.6104606637236	1	0	1	1.8467616384305856
70200.0	2000.0	1619.610460663717	0.0	0	502.0979265970818	1819.6104606637236	1	0	1	1.8467616384305856
71200.0	2000.0	1619.6104606637145	0.0	0	434.70275809546	1819.610460663709	1	0	1	1.8467616384305865
72200.0	3000.0	1619.610460663692	0.0	0	478.59061523470154	1819.610460663709	1	0	1	1.8467616384305867
73921.70041403678	6000.0	897.9100466269055	0.0	0	0.0	1819.610460663709	1	0	1	2.252226746538751
74376.52159370284	2000.0	1443.0888669608357	0.0	0	0.0	1819.610460663709	1	0	1	0.7481493497624769
75200.0	2000.0	1619.6104606636804	0.0	0	198.81421082078305	1819.6104606637236	1	0	1	1.8467616384305856
76327.0309088824	3000.0	1492.5795517812717	0.0	0	0.0	1819.6104606637236	1	0	1	1.8467616384305858
77200.0	2000.0	1532.3135515519155	0.0	0	223.1210223273374	1732.313551551968	1	0	2	1.0444201852370842
78200.0	3000.0	1532.3135515519182	0.0	0	339.9526379220333	1732.313551551968	1	0	1	1.6517285352397213
79205.27201361972	3000.0	1527.0415379322058	0.0	0	0.0	1732.3135515519534	1	0	1	2.257193643347887
80200.0	2000.0	1532.3135515519268	0.0	0	358.7677906710305	1732.3135515519534	1	0	1	1.4462634271315578
81387.48961970393	3000.0	1344.8239318479882	0.0	0	0.0	1732.3135515519534	1	0	1	1.8517285352397224
82216.05131674786	2000.0	1516.2622348040381	0.0	0	0.0	1732.3135515519389	1	0	1	1.4462634271315582
83200.0	2000.0	1532.31355155191	0.0	0	371.2676665182662	1732.3135515519389	1	0	1	1.8517285352397228
84200.0	2000.0	1532.3135515519107	0.0	0	235.06994037421828	1732.3135515519389	1	0	1	1.8517285352397228
85200.0	2000.0	1532.3135515519084	0.0	0	248.4515044461441	1732.3135515519389	1	0	1	1.8517285352397228
86200.0	2000.0	1532.3135515519114	0.0	0	492.2636699002469	1732.3135515519389	1	0	1	1.8517285352397228
87200.0	2000.0	1532.3135515519095	0.0	0	282.0015734604385	1732.3135515519389	1	0	1	1.8517285352397228
88200.0	2000.0	1532.3135515519011	0.0	0	12.44873317317979	1732.3135515519389	1	0	1	1.8517285352397228
89200.0	2000.0	1532.3135515518982	0.0	0	407.5229323108215	1732.3135515519389	1	0	1	1.8517285352397228
90200.0	2000.0	1532.3135515519014	0.0	0	262.91067776081036	1732.3135515519389	1	0	1	1.8517285352397228
91200.0	2000.0	1532.3135515518952	0.0	0	524.1736934725777	1732.3135515519389	1	0	1	1.8517285352397228
92200.0	2000.0	1532.3135515519148	0.0	0	328.0312471195648	1732.3135515519534	1	0	1	1.8517285352397224
93200.0	2000.0	1532.3135515519211	0.0	0	219.02348227424955	1732.3135515519534	1	0	1	1.8517285352397224
94200.0	2000.0	1532.3135515519227	0.0	0	427.4984924925084	1732.3135515519534	1	0	1	1.8517285352397224
95200.0	2000.0	1532.3135515519311	0.0	0	480.9915980688238	1732.313551551968	1	0	1	1.8517285352397215
96200.0	3000.0	1532.3135515519305	0.0	0	409.52476802514866	1732.313551551968	1	0	1	1.8517285352397215
98029.08157962645	6000.0	703.2319719254826	0.0	0	0.0	1732.313551551968	1	0	1	2.257193643347886
98672.38346860775	2000.0	1059.9300829441934	0.0	0	0.0	1732.313551551968	1	0	1	0.7531162465716118
99300.97932644164	2000.0	1431.3342251103138	0.0	0	0.0	1732.3135515519825	1	0	1	1.8517285352397206
100200.0	2000.0	1532.3135515519416	0.0	0	415.2772038969124	1732.313551551968	1	0	1	1.8517285352397215
101200.0	2000.0	1532.3135515519355	0.0	0	390.08853210535017	1732.313551551968	1	0	1	1.8517285352397215
102200.0	2000.0	1532.3135515519446	0.0	0	534.2588563622412	1732.3135515519534	1	0	1	1.8517285352397224
103200.0	3000.0	1532.3135515519477	0.0	0	347.2895148084208	1732.3135515519534	1	0	1	1.8517285352397224
105545.95783219062	6000.0	200.0	13.644280638666487	0	0.0	1745.9578321906156	1	0	1	2.175178196820697
106176.71059590294	2000.0	673.9294247621955	104.68218847452604	0	0.0	1850.6400206651451	1	0	1	0.11818690432142342
106679.34746325861	2000.0	1171.2925574065225	0.0	0	0.0	1850.6400206651451	1	0	1	1.8448923238366892
107465.88832535251	2000.0	1384.7516953126355	0.0	0	0.0	1850.6400206651451	1	0	1	1.8448923238366892
108200.0	2000.0	1650.6400206651542	0.0	0	86.45271440201032	1850.6400206651306	1	0	1	1.8448923238366906
109200.0	2000.0	1650.6400206651526	0.0	0	515.8118102762674	1850.6400206651306	1	0	1	1.8448923238366906
110200.0	2000.0	1650.6400206651529	0.0	0	329.61139031611674	1850.6400206651306	1	0	1	1.8448923238366906
111200.0	2000.0	1650.64002066517	0.0	0	529.0602850522409	1850.6400206651306	1	0	1	1.8448923238366906
112200.0	3000.0	1650.6400206651592	0.0	0	311.01712195549044	1850.6400206651306	1	0	1	1.8448923238366903
113200.0	3000.0	1650.6400206651751	0.0	0	529.2097577893437	1850.6400206651306	1	0	1	2.250357431944855
114296.36097491605	6000.0	1554.279045749121	0.0	0	0.0	1850.6400206651306	1	0	1	2.2503574319448547
115460.7137051806	3000.0	1389.9263154845653	0.0	0	0.0	1850.6400206651306	1	0	1	1.55721025138491
116414.28082561471	2000.0	1436.3591950504697	0.0	0	0.0	1850.6400206651306	1	0	1	1.439427215728526
117200.0	2000.0	1650.6400206651897	0.0	0	161.4919676994905	1850.6400206651306	1	0	1	1.8448923238366906
118269.29032508381	2000.0	1581.3496955813691	0.0	0	0.0	1850.6400206651306	1	0	1	1.8448923238366906
119200.0	2000.0	1650.6400206652047	0.0	0	276.8308772153978	1850.6400206651306	1	0	1	1.8448923238366906
120293.2257740215	2000.0	1557.4142466436972	0.0	0	0.0	1850.640020665116	1	0	1	1.8448923238366912
121307.61523689756	2000.0	1543.02478376765	0.0	0	0.0	1850.640020665116	1	0	1	1.8448923238366912
122200.0	2000.0	1650.64002066521	0.0	0	256.2274399126618	1850.640020665116	1	0	1	1.8448923238366912
123200.0	2000.0	1650.6400206652042	0.0	0	418.73863992787665	1850.640020665116	1	0	1	1.8448923238366912
124200.0	2000.0	1650.640020665215	0.0	0	346.0972154649935	1850.640020665116	1	0	1	1.8448923238366912
125200.0	2000.0	1650.6400206652077	0.0	0	126.84141188852664	1850.640020665116	1	0	1	1.8448923238366912
126200.0	2000.0	1650.6400206651936	0.0	0	401.6017116171861	1850.640020665116	1	0	1	1.8448923238366912
127200.0	2000.0	1650.640020665185	0.0	0	579.2591938910191	1850.640020665116	1	0	1	1.8448923238366912
128200.0	3000.0	1550.6400206651836	0.0	0	361.2931179807056	1750.6400206651015	1	0	2	1.448561927774349
129573.86016732742	6000.0	1176.7798533377672	0.0	0	0.0	1750.6400206651015	1	0	1	2.056185568705029
130200.0	2000.0	1550.6400206651901	0.0	0	250.09330678269907	1750.640020665087	1	0	1	0.7521081719287556
131200.0	3000.0	1550.6400206651904	0.0	0	462.60381264507305	1750.640020665087	1	0	1	1.8507204605968655
132790.02751209468	6000.0	960.6125085705205	0.0	0	0.0	1750.640020665087	1	0	1	2.25618556870503
133220.736164712	2000.0	1529.9038559532228	0.0	0	0.0	1750.6400206650724	1	0	1	0.7521081719287565
134200.0	3000.0	1550.6400206652097	0.0	0	248.54489198175725	1750.6400206650724	1	0	1	1.8507204605968663
135280.8519149288	3000.0	1469.7881057364125	0.0	0	0.0	1750.6400206650433	1	0	1	2.2561855687050323
136200.0	2000.0	1550.6400206652063	0.0	0	337.8209863209049	1750.6400206650433	1	0	1	1.4452553524887028
137200.0	2000.0	1550.6400206651808	0.0	0	326.5794677201193	1750.6400206650433	1	0	1	1.8507204605968675
138200.0	2000.0	1550.6400206651494	0.0	0	546.3746313517331	1750.6400206650433	1	0	1	1.8507204605968675
139200.0	3000.0	1550.6400206651588	0.0	0	17.07932229147991	1750.6400206650433	1	0	1	1.8507204605968677
140200.0	2000.0	1550.640020665142	0.0	0	113.4735005152761	1750.6400206650142	1	0	1	1.4452553524887044
141200.0	2000.0	1550.6400206651592	0.0	0	161.2384636407951	1750.6400206650142	1	0	1	1.850720460596869
142200.0	2000.0	1550.6400206651522	0.0	0	542.9861184156034	1750.6400206650142	1	0	1	1.850720460596869
143200.0	2000.0	1550.6400206651758	0.0	0	566.6337906229892	1750.6400206650433	1	0	1	1.8507204605968675
144200.0	3000.0	1550.6400206651774	0.0	0	30.57573976003914	1750.6400206650433	1	0	1	1.8507204605968677
145200.0	2000.0	1550.640020665165	0.0	0	438.3789949903439	1750.6400206650724	1	0	1	1.4452553524887015
146200.0	3000.0	1550.6400206651588	0.0	0	398.9987788030412	1750.6400206650433	1	0	1	1.8507204605968677
147835.4252676736	6000.0	915.2147529915565	0.0	0	0.0	1750.6400206650433	1	0	1	2.2561855687050323
148239.35802758488	2000.0	1511.2819930802696	0.0	0	0.0	1750.6400206650433	1	0	1	0.7521081719287579
149200.0	2000.0	1550.6400206651415	0.0	0	452.03066710577696	1750.6400206650724	1	0	1	1.8507204605968661
150200.0	3000.0	1550.640020665144	0.0	0	348.59211267749197	1750.6400206650433	1	0	1	1.8507204605968677
151302.17843962592	2000.0	1448.4615810392688	0.0	0	0.0	1750.6400206650433	1	0	1	1.4452553524887028
152394.4013574989	2000.0	1356.2386631662744	0.0	0	0.0	1750.6400206650433	1	0	1	1.8507204605968675
153200.0	2000.0	1550.6400206651513	0.0	0	16.624124004069017	1750.6400206650433	1	0	1	1.8507204605968675
154200.0	2000.0	1550.6400206651565	0.0	0	354.9935726109252	1750.6400206650433	1	0	1	1.8507204605968675
155200.0	2000.0	1550.640020665145	0.0	0	229.1092494544573	1750.6400206650433	1	0	1	1.8507204605968675
156200.0	2000.0	1550.6400206651158	0.0	0	166.3173486633168	1750.6400206650433	1	0	1	1.8507204605968675
157348.5720503291	2000.0	1402.0679703360258	0.0	0	0.0	1750.6400206650724	1	0	1	1.8507204605968661
158371.1747791504	2000.0	1379.4652415146827	0.0	0	0.0	1750.6400206650724	1	0	1	1.8507204605968661
159200.0	2000.0	1550.6400206650665	0.0	0	157.27232323164935	1750.6400206650724	1	0	1	1.8507204605968661
160200.0	2000.0	1550.6400206650653	0.0	0	418.1270775042649	1750.6400206650724	1	0	1	1.8507204605968661
161200.0	2000.0	1550.6400206650392	0.0	0	321.17561509498046	1750.6400206650433	1	0	1	1.8507204605968675
162200.0	2000.0	1550.6400206650371	0.0	0	249.88782781956252	1750.6400206650433	1	0	1	1.8507204605968675
163200.0	2000.0	1550.6400206650098	0.0	0	571.5237867806864	1750.6400206650433	1	0	1	1.8507204605968675
164200.0	3000.0	1550.6400206649923	0.0	0	488.1103866461199	1750.6400206650433	1	0	1	1.8507204605968677
165646.66436645345	6000.0	1103.9756542115688	0.0	0	0.0	1750.6400206650724	1	0	1	2.256185568705032
166619.9478534249	2000.0	1130.6921672401045	0.0	0	0.0	1750.6400206650724	1	0	1	0.7521081719287565
167557.8116519643	2000.0	1192.8283687006854	0.0	0	0.0	1750.6400206651015	1	0	1	1.850720460596865
168526.61474168464	2000.0	1224.0252789803508	0.0	0	0.0	1750.6400206651015	1	0	1	1.8507204605968643
169200.0	2000.0	1550.6400206650014	0.0	0	121.64313232322456	1750.6400206651015	1	0	1	1.8507204605968643
170200.0	2000.0	1550.640020665016	0.0	0	521.1651730826416	1750.6400206651015	1	0	1	1.8507204605968643
171200.0	3000.0	1550.6400206650164	0.0	0	113.22530795243802	1750.6400206651015	1	0	1	1.8507204605968646
172200.0	2000.0	1550.640020665009	0.0	0	420.17944658661145	1750.6400206651015	1	0	1	1.4452553524886997
173200.0	2000.0	1550.6400206650121	0.0	0	407.94854071203736	1750.6400206650724	1	0	1	1.8507204605968661
174200.0	2000.0	1550.6400206649985	0.0	0	348.87591083877487	1750.6400206650724	1	0	1	1.8507204605968661
175200.0	2000.0	1550.6400206650046	0.0	0	240.05283583144774	1750.6400206650433	1	0	1	1.8507204605968675
176200.0	2000.0	1550.640020664985	0.0	0	465.9191321610124	1750.6400206650433	1	0	1	1.8507204605968675
177200.0	2000.0	1550.6400206649982	0.0	0	379.5272529288195	1750.6400206650433	1	0	1	1.8507204605968675
178200.0	2000.0	1550.6400206650258	0.0	0	158.69088577196817	1750.6400206650433	1	0	1	1.8507204605968675
179200.0	2000.0	1550.6400206650221	0.0	0	422.30506739832344	1750.6400206650433	1	0	1	1.8507204605968675
180678.00020473782	6000.0	1072.6398159272114	0.0	0	0.0	1750.6400206650433	1	0	1	1.8507204605968677
181200.0	2000.0	1550.6400206650264	0.0	0	82.98395734644146	1750.6400206650724	1	0	1	0.7521081719287565
182200.0	2000.0	1550.6400206650585	0.0	0	228.9904563909513	1750.6400206650724	1	0	1	1.8507204605968661
183200.0	2000.0	1550.640020665027	0.0	0	489.34327382207266	1750.6400206650724	1	0	1	1.8507204605968661
184200.0	3000.0	1550.640020665034	0.0	0	329.2955492300971	1750.6400206650724	1	0	1	1.8507204605968663
185730.16472053592	6000.0	1020.4753001290989	0.0	0	0.0	1750.6400206650724	1	0	1	2.256185568705031
186200.0	2000.0	1550.6400206650144	0.0	0	82.41844357398804	1750.6400206650724	1	0	1	0.7521081719287565
187200.0	2000.0	1550.6400206650037	0.0	0	289.5946347594145	1750.6400206650724	1	0	1	1.8507204605968661
188200.0	2000.0	1550.6400206649864	0.0	0	470.2432225809316	1750.6400206650724	1	0	1	1.8507204605968661
189200.0	2000.0	1550.6400206650035	0.0	0	431.0277059545333	1750.6400206650724	1	0	1	1.8507204605968661
190200.0	2000.0	1550.6400206650123	0.0	0	567.3737677060417	1750.6400206650433	1	0	1	1.8507204605968675
191200.0	3000.0	1550.6400206650314	0.0	0	108.58521686383756	1750.6400206650433	1	0	1	1.8507204605968677
193014.2191748588	6000.0	736.4208458062687	0.0	0	0.0	1750.6400206650433	1	0	1	2.2561855687050323
194207.25373704595	2000.0	543.3862836191157	0.0	0	0.0	1750.6400206650142	1	0	1	0.7521081719287596
195221.16112469012	2000.0	529.4788959749616	0.0	0	0.0	1750.6400206650142	1	0	1	1.850720460596869
196106.5542811857	2000.0	644.0857394793925	0.0	0	0.0	1750.6400206650142	1	0	1	1.850720460596869
196771.3653183891	2000.0	979.2747022759899	0.0	0	0.0	1750.6400206650433	1	0	1	1.8507204605968675
197502.54162755184	2000.0	1248.0983931132052	0.0	0	0.0	1750.6400206650433	1	0	1	1.8507204605968675
198200.0	2000.0	1550.6400206650246	0.0	0	291.22750226664357	1750.6400206650433	1	0	1	1.8507204605968675
199200.0	3000.0	1550.6400206650083	0.0	0	330.4765015768644	1750.6400206650433	1	0	1	1.8507204605968677
200200.0	3000.0	1550.6400206650173	0.0	0	460.00049322025734	1750.6400206650433	1	0	1	2.2561855687050323
202063.12518789305	6000.0	687.5148327719564	0.0	0	0.0	1750.6400206650724	1	0	1	2.256185568705031
202530.01127153574	2000.0	1220.628749129282	0.0	0	0.0	1750.6400206651015	1	0	1	0.7521081719287548
203200.0	2000.0	1550.6400206649935	0.0	0	288.6425052244158	1750.6400206651015	1	0	1	1.8507204605968643
204200.0	3000.0	1550.640020664956	0.0	0	280.97025798019604	1750.6400206650724	1	0	1	1.8507204605968663
206301.80126221554	6000.0	448.8387584493877	0.0	0	0.0	1750.6400206650142	1	0	1	2.2561855687050327
206700.5565770635	2000.0	1050.0834436014554	0.0	0	0.0	1750.6400206650433	1	0	1	0.7521081719287579
207200.0	2000.0	1550.6400206649482	0.0	0	181.31575879559387	1750.6400206650433	1	0	1	1.8507204605968675
208200.0	3000.0	1550.6400206649623	0.0	0	315.8100327299326	1750.6400206650142	1	0	1	1.8507204605968692
209464.78546978653	3000.0	1285.8545508784518	0.0	0	0.0	1750.6400206650724	1	0	1	2.256185568705032
210200.0	2000.0	1550.6400206649823	0.0	0	154.8059426865657	1750.6400206650724	1	0	1	1.4452553524887015
211200.0	2000.0	1550.6400206649766	0.0	0	375.49241346420604	1750.6400206651015	1	0	1	1.8507204605968643
212212.6384936808	2000.0	1538.0015269841847	0.0	0	0.0	1750.6400206651306	1	0	1	1.8507204605968628
213200.0	2000.0	1550.6400206650158	0.0	0	147.6632273841824	1750.6400206651306	1	0	1	1.8507204605968628
214200.0	2000.0	1550.6400206650171	0.0	0	367.23544971839874	1750.6400206651597	1	0	1	1.850720460596861
215200.0	2000.0	1550.6400206650196	0.0	0	530.9568604603992	1750.6400206651597	1	0	1	1.850720460596861
216630.24619972895	6000.0	1120.3938209361042	0.0	0	0.0	1750.6400206651888	1	0	1	1.8507204605968604
217210.54230075207	2000.0	1540.097719912982	0.0	0	0.0	1750.6400206651888	1	0	1	0.7521081719287498
218200.0	2000.0	1550.6400206650478	0.0	0	202.61620304515236	1750.6400206651888	1	0	1	1.8507204605968595
219200.0	2000.0	1550.6400206650242	0.0	0	345.4267733337183	1750.6400206651597	1	0	1	1.850720460596861
220200.0	3000.0	1550.6400206650242	0.0	0	420.71532765531447	1750.6400206651597	1	0	1	1.8507204605968612
221221.38539558463	6000.0	1529.2546250803605	0.0	0	0.0	1750.6400206651306	1	0	1	2.2561855687050274
223342.20735959522	6000.0	408.4326610697776	0.0	0	0.0	1750.6400206651306	1	0	1	2.9493327492649724
223761.29408252644	2000.0	989.3459381385821	0.0	0	0.0	1750.6400206651306	1	0	1	0.7521081719287531
224369.0677909194	2000.0	1381.57222974563	0.0	0	0.0	1750.6400206651597	1	0	1	1.850720460596862
225200.0	2000.0	1550.6400206650378	0.0	0	57.02812080780859	1750.6400206651597	1	0	1	1.850720460596861
226200.0	2000.0	1550.64002066504	0.0	0	474.49025371141033	1750.6400206651597	1	0	1	1.850720460596861
227200.0	3000.0	1550.6400206650267	0.0	0	367.3341937675723	1750.6400206651597	1	0	1	1.8507204605968612
228984.63788004976	6000.0	766.0021406152918	0.0	0	0.0	1750.6400206651597	1	0	1	2.256185568705025
229736.28963778634	2000.0	1014.350382878717	0.0	0	0.0	1750.6400206651597	1	0	1	0.7521081719287515
230647.77703131913	2000.0	1102.8629893459101	0.0	0	0.0	1750.6400206651597	1	0	1	1.850720460596861
231287.88010380766	2000.0	1462.7599168573395	0.0	0	0.0	1750.6400206651306	1	0	1	1.8507204605968628
232200.0	2000.0	1550.6400206650178	0.0	0	287.53765824632137	1750.6400206651306	1	0	1	1.8507204605968628
233200.0	2000.0	1550.6400206650271	0.0	0	363.53842073708074	1750.6400206651015	1	0	1	1.8507204605968643
234200.0	2000.0	1550.6400206650176	0.0	0	128.42393296497175	1750.6400206651015	1	0	1	1.8507204605968643
235200.0	2000.0	1550.640020665	0.0	0	435.5508138637524	1750.6400206650724	1	0	1	1.8507204605968661
236200.0	2000.0	1550.6400206650246	0.0	0	498.7354702758312	1750.6400206650433	1	0	1	1.8507204605968675
237200.0	2000.0	1550.6400206650083	0.0	0	230.70150433533126	1750.6400206650142	1	0	1	1.850720460596869
238200.0	2000.0	1550.6400206649957	0.0	0	364.32587665566825	1750.640020664985	1	0	1	1.8507204605968708
239396.31803324082	3000.0	1354.3219874241745	0.0	0	0.0	1750.640020664985	1	0	1	1.850720460596871
240200.0	2000.0	1550.6400206650046	0.0	0	90.7470028809912	1750.640020664985	1	0	1	1.4452553524887062
241311.70200398238	2000.0	1438.9380166826265	0.0	0	0.0	1750.640020664956	1	0	1	1.8507204605968712
242200.0	2000.0	1550.6400206650321	0.0	0	77.0936701077735	1750.640020664956	1	0	1	1.8507204605968726
243200.0	2000.0	1550.6400206650064	0.0	0	198.0888820872933	1750.640020664956	1	0	1	1.8507204605968726
244200.0	2000.0	1550.6400206650205	0.0	0	616.5035671966034	1750.640020664956	1	0	1	1.8507204605968726
245200.0	2000.0	1550.6400206650362	0.0	0	571.4254625228641	1750.640020664956	1	0	1	1.8507204605968726
246200.0	3000.0	1550.6400206650328	0.0	0	404.508594548417	1750.6400206649269	1	0	1	1.8507204605968743
248310.07960142742	6000.0	440.56041923765036	0.0	0	0.0	1750.640020664956	1	0	1	2.256185568705037
248782.8709509746	2000.0	967.7690696904695	0.0	0	0.0	1750.640020664985	1	0	1	0.7521081719287612
249449.84694409563	2000.0	1300.7930765694416	0.0	0	0.0	1750.640020664956	1	0	1	1.8507204605968726
250200.0	2000.0	1550.6400206650474	0.0	0	236.7360032570723	1750.640020664956	1	0	1	1.8507204605968726
251200.0	2000.0	1550.6400206650544	0.0	0	483.36478112259647	1750.640020664956	1	0	1	1.8507204605968726
252200.0	3000.0	1550.64002066503	0.0	0	307.35041305047343	1750.640020664956	1	0	1	1.8507204605968726
253299.97340459508	3000.0	1450.6666160699392	0.0	0	0.0	1750.640020664956	1	0	1	2.256185568705037
254200.0	2000.0	1550.6400206650171	0.0	0	226.78271464284626	1750.640020664956	1	0	1	1.445255352488708
255200.0	2000.0	1550.640020665014	0.0	0	231.2926599891216	1750.640020664956	1	0	1	1.8507204605968726
256200.0	2000.0	1550.6400206650353	0.0	0	500.2208704967343	1750.6400206649269	1	0	1	1.8507204605968741
257200.0	2000.0	1550.6400206650542	0.0	0	254.58237617637496	1750.640020664956	1	0	1	1.8507204605968726
258200.0	2000.0	1550.6400206650574	0.0	0	541.3029891822371	1750.6400206649269	1	0	1	1.8507204605968741
259200.0	2000.0	1550.640020665061	0.0	0	466.49477422540076	1750.6400206649269	1	0	1	1.8507204605968741
260200.0	3000.0	1550.6400206650533	0.0	0	39.35551647967077	1750.640020664956	1	0	1	1.8507204605968726
261200.0	3000.0	1550.6400206650712	0.0	0	291.8933449057804	1750.640020664956	1	0	1	2.256185568705037
262200.0	3000.0	1550.6400206650655	0.0	0	316.93800885177916	1750.640020664956	1	0	1	2.256185568705037
264268.15182504756	6000.0	482.4881956175182	0.0	0	0.0	1750.640020664956	1	0	1	2.256185568705037
265309.6312076552	2000.0	504.86974367705176	63.860930667150114	0	0.0	1814.5009513320401	1	0	1	0.3652862209046121
266037.7990472524	2000.0	776.701904079805	0.0	0	0.0	1814.5009513320401	1	0	1	1.8470640935756224
267076.31561312376	2000.0	738.18533820843	0.0	0	0.0	1814.5009513320401	1	0	1	1.8470640935756224
267688.7163157217	2000.0	1125.7846356104417	0.0	0	0.0	1814.5009513320401	1	0	1	1.8470640935756224
268643.20885294036	2000.0	1171.2920983917525	0.0	0	0.0	1814.5009513320401	1	0	1	1.8470640935756224
269901.76949997316	2000.0	912.7314513589122	0.0	0	0.0	1814.500951331982	1	0	1	1.847064093575625
270685.9443615035	2000.0	1128.5565898285506	0.0	0	0.0	1814.500951331982	1	0	1	1.847064093575626
271285.22665191034	2000.0	1529.274299421702	0.0	0	0.0	1814.5009513320401	1	0	1	1.8470640935756224
272200.0	2000.0	1614.5009513320629	0.0	0	341.4512525354512	1814.5009513320401	1	0	1	1.8470640935756224
273200.0	2000.0	1614.5009513320315	0.0	0	509.09496137552196	1814.500951331982	1	0	1	1.847064093575626
274200.0	2000.0	1614.5009513320208	0.0	0	180.96039797156118	1814.5009513320401	1	0	1	1.8470640935756224
275200.0	2000.0	1614.5009513320338	0.0	0	278.0707941225264	1814.5009513320401	1	0	1	1.8470640935756224
276200.0	2000.0	1614.500951332043	0.0	0	452.687755609164	1814.5009513320401	1	0	1	1.8470640935756224
277200.0	3000.0	1514.5009513321006	0.0	0	463.56048420700245	1714.5009513320983	1	0	2	1.4505702227381494
278578.10575054015	6000.0	1136.3952007919954	0.0	0	0.0	1714.5009513320401	1	0	1	2.0581563863172203
279409.3159120419	3000.0	1305.185039290288	0.0	0	0.0	1714.5009513320401	1	0	1	1.5650092057572773
280200.0	3000.0	1514.5009513321645	0.0	0	2.2010150969726965	1714.5009513320983	1	0	1	2.2581563863172174
281566.00659652654	6000.0	1148.4943548056563	0.0	0	0.0	1714.5009513321565	1	0	1	2.2581563863172143
282200.0	2000.0	1514.5009513321725	0.0	0	215.39739427767927	1714.5009513321565	1	0	1	0.75407898954094
283200.0	3000.0	1514.5009513321274	0.0	0	266.62782527465606	1714.5009513321565	1	0	1	1.8526912782090497
284248.2675623728	3000.0	1466.2333889593258	0.0	0	0.0	1714.5009513320983	1	0	1	2.2581563863172174
285200.0	2000.0	1514.500951332096	0.0	0	242.3103947120835	1714.5009513320983	1	0	1	1.4472261701008882
286200.0	2000.0	1514.5009513320836	0.0	0	494.191148129059	1714.5009513320983	1	0	1	1.8526912782090528
287200.0	2000.0	1514.500951332104	0.0	0	536.8155975256232	1714.5009513320983	1	0	1	1.8526912782090528
288200.0	2000.0	1514.50095133213	0.0	0	270.5043978803442	1714.5009513321565	1	0	1	1.8526912782090497
289200.0	2000.0	1514.5009513322016	0.0	0	295.56792132899864	1714.5009513321565	1	0	1	1.8526912782090497
290200.0	2000.0	1514.500951332191	0.0	0	339.96682600164786	1714.5009513320983	1	0	1	1.8526912782090528
291200.0	2000.0	1514.5009513321872	0.0	0	290.0995738998754	1714.5009513320983	1	0	1	1.8526912782090528
292200.0	2000.0	1514.5009513321736	0.0	0	635.4388249765616	1714.5009513320983	1	0	1	1.8526912782090528
293233.1576065163	3000.0	1481.3433448157866	0.0	0	0.0	1714.5009513320983	1	0	1	1.8526912782090528
294200.0	2000.0	1514.5009513320665	0.0	0	300.2704518486862	1714.5009513320983	1	0	1	1.4472261701008882
295200.0	2000.0	1514.5009513320952	0.0	0	458.931504035485	1714.5009513320983	1	0	1	1.8526912782090528
296627.19948407286	6000.0	1087.3014672592458	0.0	0	0.0	1714.5009513320983	1	0	1	1.8526912782090523
297200.0	2000.0	1514.5009513321952	0.0	0	133.7871959261247	1714.5009513321565	1	0	1	0.75407898954094
298200.0	2000.0	1514.500951332187	0.0	0	450.7569696493447	1714.5009513321565	1	0	1	1.8526912782090497
299200.0	3000.0	1514.5009513321836	0.0	0	232.50699328671908	1714.5009513320983	1	0	1	1.8526912782090528
300749.22420855676	3000.0	965.2767427754579	0.0	0	0.0	1714.5009513320983	1	0	1	2.2581563863172174
2.75	2.35	2.2	2.66	3.73	3.53	2.48	2.79	4.63	6.96	4.54	3.3	1.61	2.12	4.31	5.55	2.73	2.77	3.16	2.83	3.31	3.2	3.65	3.32	4.78	6.2	3.67	2.78	3.88	5.86	4.22	4.16	2.87	3.63	3.39	4.04	4.63	2.79	2.2	2.2	2.63	2.75	3.0	5.06	4.36	5.92	2.76	2.85	4.17	5.4	3.71	3.17	5.5	5.07	3.26	2.98	2.93	2.58	3.19	3.98	5.61	4.41	3.34	3.08	3.85	4.56	6.95	3.67	4.12	4.33	3.06	4.17	4.83	2.86	3.7	3.15	2.73	3.06	3.0	2.78	3.45	3.65	2.71	3.79	2.95	3.7	2.55	2.43	3.15	4.12	4.45	4.62	3.54	3.36	3.83	4.12	4.6	4.24	2.86	3.85	3.44	3.2	2.28	3.66	4.12	4.01	3.9	5.9	4.29	2.5	1.83	3.21	2.49	3.05	2.42	1.87	3.0	2.79	3.67	2.8	3.19	4.11	4.92	3.95	4.84	4.98	5.07	4.63	3.72	2.41	3.06	3.27	3.85	2.31	3.02	3.02	3.9	4.85	2.29	3.75	5.14	4.4	4.05	3.89	3.9	2.18	2.37	3.2	3.97	4.67	2.75	2.35	2.2	2.66	3.73	3.53	2.48	2.79	4.63	6.96	4.54	3.3	1.61	2.12	4.31	5.55	2.73	2.77	3.16	2.83	3.31	3.2	3.65	3.32	4.78	6.2	3.67	2.78	3.88	5.86	4.22	4.16	2.87	3.63	3.39	4.04	4.63	2.79	2.2	2.2	2.63	2.75	3.0	5.06	4.36	5.92	2.76	2.85	4.17	5.4	3.71	3.17	5.5	5.07	3.26	2.98	2.93	2.58	3.19	3.98	5.61	4.41	3.34	3.08	3.85	4.56	6.95	3.67	4.12	4.33	3.06	4.17	4.83	2.86	3.7	3.15	2.73	3.06	3.0	2.78	3.45	3.65	2.71	3.79	2.95	3.7	2.55	2.43	3.15	4.12	4.45	4.62	3.54	3.36	3.83	4.12	4.6	4.24	2.86	3.85	3.44	3.2	2.28	3.66	4.12	4.01	3.9	5.9	4.29	2.5	1.83	3.21	2.49	3.05	2.42	1.87	3.0	2.79	3.67	2.8	3.19	4.11	4.92	3.95	4.84	4.98	5.07	4.63	3.72	2.41	3.06	3.27	3.85	2.31	3.02	3.02	3.9	4.85	2.29	3.75	5.14	4.4	4.05	3.89	3.9	2.18	2.37	3.2
1.0	2.0	3.0	4.0	5.0	6.0	7.0	8.0	9.0	10.0	11.0	12.0	13.0	14.0	15.0	16.0	17.0	18.0	19.0	20.0	21.0	22.0	23.0	24.0	25.0	26.0	27.0	28.0	29.0	30.0	31.0	32.0	33.0	34.0	35.0	36.0	37.0	38.0	39.0	40.0	41.0	42.0	43.0	44.0	45.0	46.0	47.0	48.0	49.0	50.0	51.0	52.0	53.0	54.0	55.0	56.0	57.0	58.0	59.0	60.0	61.0	62.0	63.0	64.0	65.0	66.0	67.0	68.0	69.0	70.0	71.0	72.0	73.0	74.0	75.0	76.0	77.0	78.0	79.0	80.0	81.0	82.0	83.0	84.0	85.0	86.0	87.0	88.0	89.0	90.0	91.0	92.0	93.0	94.0	95.0	96.0	97.0	98.0	99.0	100.0	101.0	102.0	103.0	104.0	105.0	106.0	107.0	108.0	109.0	110.0	111.0	112.0	113.0	114.0	115.0	116.0	117.0	118.0	119.0	120.0	121.0	122.0	123.0	124.0	125.0	126.0	127.0	128.0	129.0	130.0	131.0	132.0	133.0	134.0	135.0	136.0	137.0	138.0	139.0	140.0	141.0	142.0	143.0	144.0	145.0	146.0	147.0	148.0	149.0	149.0	150.0	151.0	152.0	153.0	154.0	155.0	156.0	157.0	158.0	159.0	160.0	161.0	162.0	163.0	164.0	165.0	166.0	167.0	168.0	169.0	170.0	171.0	172.0	173.0	174.0	175.0	176.0	177.0	178.0	179.0	180.0	181.0	182.0	183.0	184.0	185.0	186.0	187.0	188.0	189.0	190.0	191.0	192.0	193.0	194.0	195.0	196.0	197.0	198.0	199.0	200.0	201.0	202.0	203.0	204.0	205.0	206.0	207.0	208.0	209.0	210.0	211.0	212.0	213.0	214.0	215.0	216.0	217.0	218.0	219.0	220.0	221.0	222.0	223.0	224.0	225.0	226.0	227.0	228.0	229.0	230.0	231.0	232.0	233.0	234.0	235.0	236.0	237.0	238.0	239.0	240.0	241.0	242.0	243.0	244.0	245.0	246.0	247.0	248.0	249.0	250.0	251.0	252.0	253.0	254.0	255.0	256.0	257.0	258.0	259.0	260.0	261.0	262.0	263.0	264.0	265.0	266.0	267.0	268.0	269.0	270.0	271.0	272.0	273.0	274.0	275.0	276.0	277.0	278.0	279.0	280.0	281.0	282.0	283.0	284.0	285.0	286.0	287.0	288.0	289.0	290.0	291.0	292.0	293.0	294.0	295.0	296.0	297.0
5239.912375479131
