2916.2914781320032	300.0	2000.0	78.16856739311952	0	0.0	2916.2914781320032	1	0	1	-0.6322036510165309
3306.210691293465	2000.0	2610.0807868385377	0.0	0	0.0	2916.2914781320032	1	0	1	-0.1652466550749656
4200.0	3000.0	2626.9125472613487	0.0	0	184.48667663922515	2826.912547261349	1	0	2	1.3409774523765277
5238.91668593571	3000.0	2484.104192732068	0.0	0	0.0	2723.0208786677786	1	0	2	1.9630136141197214
6222.843857783841	3000.0	2401.784303699125	0.0	0	0.0	2624.628161482966	1	0	2	1.977315032591029
7551.353417695419	6000.0	2073.2747437875446	0.0	0	0.0	2624.628161482966	1	0	1	1.980179246190441
8576.597858550025	3000.0	1945.5058588474762	0.0	0	0.0	2522.1037173975046	1	0	2	1.0964294366579828
9306.105122078443	3000.0	2143.0478689662177	0.0	0	0.0	2449.1529910446634	1	0	2	1.9989608071023413
10651.67900277431	3000.0	1662.916600200762	0.0	0	0.0	2314.595602975076	1	0	2	2.009303235994409
11475.993801295905	2000.0	1838.6018016791677	0.0	0	0.0	2314.595602975074	1	0	1	1.203653085614846
12200.0	2000.0	2042.1949831046618	0.0	0	220.62153080874486	2242.194983104666	1	0	2	1.4133655236608498
13200.0	3000.0	1942.1949831046604	0.0	0	315.5313927304978	2142.1949831046622	1	0	2	1.6211480630368906
14200.0	3000.0	1842.1949831046622	0.0	0	303.3879340896983	2042.1949831046622	1	0	2	2.0346875810355898
15200.0	3000.0	1742.1949831046618	0.0	0	142.73875414680515	1942.194983104664	1	0	2	2.0424007051929136
17656.12419017903	6000.0	286.07079292563003	0.0	0	0.0	1942.194983104664	1	0	1	2.0445029355064626
18203.31933208603	2000.0	738.8756510186279	0.0	0	0.0	1942.1949831046604	1	0	1	0.7404255387301888
18823.22080300287	2000.0	1118.9741801017892	0.0	0	0.0	1942.1949831046622	1	0	1	1.8390378273982981
19291.54766064258	2000.0	1650.6473224620822	0.0	0	0.0	1942.1949831046659	1	0	1	1.839037827398298
20200.0	2000.0	1742.1949831046622	0.0	0	370.82789659461196	1942.1949831046622	1	0	1	1.8390378273982981
21200.0	3000.0	1742.1949831046616	0.0	0	399.5647411787286	1942.1949831046586	1	0	1	1.8390378273982986
22200.0	2000.0	1742.1949831046652	0.0	0	226.60606515215113	1942.1949831046586	1	0	1	1.433572719290134
23200.0	3000.0	1642.1949831046663	0.0	0	195.97673276611022	1842.1949831046622	1	0	2	1.443446115979498
24704.743517881958	3000.0	986.9771134345115	0.0	0	0.0	1691.7206313164643	1	0	2	2.056515246220214
25376.0044375129	2000.0	1315.716193803572	0.0	0	0.0	1691.7206313164643	1	0	1	1.2484333463883417
26200.0	2000.0	1491.7206313164702	0.0	0	167.8959491882706	1691.7206313164606	1	0	1	1.8538984544965067
27200.0	2000.0	1491.7206313164727	0.0	0	418.60813115627025	1691.7206313164606	1	0	1	1.8538984544965067
28200.0	2000.0	1491.7206313164743	0.0	0	239.05039441158078	1691.7206313164606	1	0	1	1.8538984544965067
29200.0	2000.0	1491.720631316477	0.0	0	210.663281166635	1691.7206313164606	1	0	1	1.8538984544965067
30200.0	2000.0	1491.7206313164756	0.0	0	133.4032777788816	1691.7206313164606	1	0	1	1.8538984544965067
31200.0	2000.0	1491.7206313164743	0.0	0	531.6049743714466	1691.7206313164606	1	0	1	1.8538984544965067
32200.0	2000.0	1491.7206313164754	0.0	0	375.0369161085873	1691.7206313164606	1	0	1	1.8538984544965067
33200.0	2000.0	1491.720631316482	0.0	0	484.2046657183673	1691.720631316468	1	0	1	1.8538984544965067
34200.0	2000.0	1491.7206313164834	0.0	0	260.696415504528	1691.720631316468	1	0	1	1.8538984544965065
35200.0	3000.0	1491.7206313164916	0.0	0	307.31925133539335	1691.7206313164716	1	0	1	1.8538984544965063
36200.0	2000.0	1491.7206313164982	0.0	0	253.87510598570952	1691.7206313164788	1	0	1	1.4484333463883412
37200.0	2000.0	1491.7206313164907	0.0	0	349.92148310937773	1691.7206313164788	1	0	1	1.8538984544965058
38200.0	3000.0	1491.7206313164943	0.0	0	141.9608290301403	1691.720631316486	1	0	1	1.8538984544965056
39200.0	3000.0	1491.7206313164993	0.0	0	242.59975428411417	1691.720631316486	1	0	1	2.25936356260467
40200.0	2000.0	1491.7206313164975	0.0	0	404.6755654538574	1691.720631316486	1	0	1	1.4484333463883408
41200.0	2000.0	1491.7206313164984	0.0	0	362.75923352284735	1691.720631316486	1	0	1	1.8538984544965054
42200.0	3000.0	1391.7206313164954	0.0	0	29.479384595455485	1591.7206313164788	1	0	2	1.457410998873456
43200.0	2000.0	1391.7206313164859	0.0	0	444.1584895950873	1591.7206313164788	1	0	1	1.2534268225127325
44200.0	2000.0	1391.7206313164902	0.0	0	272.1757198286359	1591.7206313164788	1	0	1	1.8588919306208973
45200.0	2000.0	1391.720631316492	0.0	0	417.87572506369906	1591.7206313164788	1	0	1	1.8588919306208973
46200.0	2000.0	1391.720631316499	0.0	0	216.0220734282193	1591.7206313164788	1	0	1	1.8588919306208973
47200.0	2000.0	1391.720631316506	0.0	0	257.53555874679296	1591.7206313164788	1	0	1	1.8588919306208973
48200.0	2000.0	1391.7206313165093	0.0	0	333.79470040464366	1591.7206313164788	1	0	1	1.8588919306208973
49200.0	3000.0	1391.720631316514	0.0	0	237.38703366374102	1591.7206313164788	1	0	1	1.8588919306208975
50200.0	2000.0	1391.72063131651	0.0	0	412.7900646516864	1591.7206313164788	1	0	1	1.4534268225127327
51200.0	2000.0	1391.7206313165075	0.0	0	335.10518263089034	1591.7206313164716	1	0	1	1.858891930620898
52200.0	2000.0	1391.7206313165036	0.0	0	257.7981532810736	1591.7206313164716	1	0	1	1.858891930620898
53200.0	2000.0	1391.7206313165061	0.0	0	226.84595091793017	1591.7206313164643	1	0	1	1.8588919306208982
54200.0	2000.0	1391.7206313165018	0.0	0	326.5853366767333	1591.7206313164643	1	0	1	1.8588919306208982
55349.37364502585	2000.0	1242.3469862906493	0.0	0	0.0	1591.7206313164643	1	0	1	1.8588919306208982
56200.0	2000.0	1391.7206313164984	0.0	0	192.93436641134758	1591.720631316457	1	0	1	1.8588919306208984
57200.0	2000.0	1391.7206313165036	0.0	0	232.72056424408947	1591.720631316457	1	0	1	1.8588919306208984
58200.0	2000.0	1391.7206313165027	0.0	0	538.0904726537701	1591.720631316457	1	0	1	1.8588919306208984
59200.0	2000.0	1391.7206313165022	0.0	0	524.3124011214895	1591.7206313164643	1	0	1	1.8588919306208982
60200.0	2000.0	1391.7206313165038	0.0	0	198.358043870423	1591.7206313164643	1	0	1	1.8588919306208982
61200.0	2000.0	1391.7206313164954	0.0	0	306.347851982704	1591.7206313164643	1	0	1	1.8588919306208982
62200.0	2000.0	1391.720631316489	0.0	0	468.08840631601925	1591.7206313164643	1	0	1	1.8588919306208982
63200.0	3000.0	1391.720631316492	0.0	0	121.77552309969178	1591.7206313164643	1	0	1	1.8588919306208984
64200.0	2000.0	1391.720631316493	0.0	0	259.12873558337014	1591.7206313164643	1	0	1	1.4534268225127336
65200.0	2000.0	1391.720631316492	0.0	0	98.10327798084472	1591.7206313164643	1	0	1	1.8588919306208982
66360.72342457944	2000.0	1230.9972067370395	0.0	0	0.0	1591.7206313164497	1	0	1	1.8588919306208984
67256.91655566347	2000.0	1334.8040756530074	0.0	0	0.0	1591.7206313164352	1	0	1	1.8588919306208995
68200.0	2000.0	1391.7206313164788	0.0	0	141.64506022153364	1591.7206313164352	1	0	1	1.8588919306208995
69200.0	2000.0	1391.720631316481	0.0	0	308.6892371850845	1591.7206313164352	1	0	1	1.8588919306208995
70200.0	2000.0	1391.7206313164756	0.0	0	138.597120756589	1591.7206313164352	1	0	1	1.8588919306208995
71200.0	2000.0	1391.7206313164688	0.0	0	404.00663312809775	1591.7206313164206	1	0	1	1.8588919306209002
72200.0	2000.0	1391.7206313164602	0.0	0	514.1598140188435	1591.7206313164352	1	0	1	1.8588919306208995
73200.0	2000.0	1391.7206313164465	0.0	0	240.90673005674034	1591.7206313164206	1	0	1	1.8588919306209002
74200.0	2000.0	1391.7206313164484	0.0	0	402.8475163184921	1591.7206313164206	1	0	1	1.8588919306209002
75200.0	2000.0	1391.7206313164425	0.0	0	340.51495922620234	1591.7206313164206	1	0	1	1.8588919306209002
76200.0	2000.0	1391.7206313164359	0.0	0	267.91912274352217	1591.7206313164206	1	0	1	1.8588919306209002
77200.0	2000.0	1391.7206313164302	0.0	0	438.87715702674177	1591.7206313164206	1	0	1	1.8588919306209002
78200.0	2000.0	1391.7206313164127	0.0	0	463.7495330570673	1591.720631316406	1	0	1	1.8588919306209009
79200.0	2000.0	1391.7206313163997	0.0	0	51.75439856432786	1591.720631316406	1	0	1	1.8588919306209009
80200.0	2000.0	1391.7206313164004	0.0	0	250.1366206935927	1591.720631316406	1	0	1	1.8588919306209009
81200.0	2000.0	1391.7206313164143	0.0	0	573.9405583611078	1591.7206313164206	1	0	1	1.8588919306209002
82351.28904736052	6000.0	1240.4315839559008	0.0	0	0.0	1591.7206313164206	1	0	1	1.8588919306209004
83353.4256602328	6000.0	1238.2949710836315	0.0	0	0.0	1591.7206313164206	1	0	1	2.95750421928901
85999.84927798742	6000.0	200.0	608.1286466710055	0	0.0	2199.8492779874214	1	0	1	-0.7081506746991395
86493.01890687978	2000.0	762.0055464306181	55.17517532297262	0	0.0	2255.024453310398	1	0	1	0.38498539017681216
87214.09420171115	2000.0	1040.9302515992485	0.0	0	0.0	2255.0244533103833	1	0	1	1.8146487307827586
87790.26249267231	2000.0	1464.7619606380745	0.0	0	0.0	2255.0244533103833	1	0	1	1.8146487307827586
88283.39103431204	2000.0	1922.3205648343903	0.0	0	0.0	2205.7115991464234	1	0	2	1.4179934504215381
89200.0	3000.0	1914.0507025776442	0.0	0	301.5898314270453	2114.050702577617	1	0	2	1.6236563373526598
90200.0	3000.0	1814.0507025776549	0.0	0	340.83851440576836	2014.050702577646	1	0	2	2.03672860152439
91200.0	3000.0	1714.0507025776476	0.0	0	324.1486597124458	1914.050702577646	1	0	2	2.0439243958963353
92304.76225948993	6000.0	1609.2884430877043	0.0	0	0.0	1914.0507025776315	1	0	1	2.0463581265167723
93849.98672008471	6000.0	1064.063982492929	0.0	0	0.0	1914.0507025776315	1	0	1	2.9395053070767174
94224.57444674193	2000.0	1689.476255835718	0.0	0	0.0	1914.0507025776315	1	0	1	0.742280729740498
95200.0	3000.0	1714.0507025776499	0.0	0	389.0497827655927	1914.0507025776315	1	0	1	1.8408930184086076
96230.27534293731	3000.0	1683.7753596403454	0.0	0	0.0	1914.0507025776315	1	0	1	2.2463581265167725
97200.0	2000.0	1714.0507025776403	0.0	0	411.3729373150127	1914.0507025776315	1	0	1	1.4354279103004428
98200.0	3000.0	1614.0507025776396	0.0	0	40.63567576748028	1814.050702577617	1	0	2	1.4456819558340044
99432.911948024	6000.0	1381.1387545536497	0.0	0	0.0	1814.050702577617	1	0	1	2.052555782163495
100200.0	2000.0	1614.0507025776596	0.0	0	200.30525070938165	1814.050702577617	1	0	1	0.748478385387221
101665.08161107762	3000.0	1148.9690915000313	0.0	0	0.0	1814.050702577617	1	0	1	1.8470906740553308
102236.250182547	2000.0	1577.800520030634	0.0	0	0.0	1814.0507025776315	1	0	1	1.441625565947165
103200.0	3000.0	1614.05070257763	0.0	0	22.839327592708287	1814.0507025776315	1	0	1	1.84709067405533
104438.87275111239	3000.0	1375.1779514652253	0.0	0	0.0	1814.0507025776315	1	0	1	2.2525557821634945
105288.17776589976	2000.0	1525.8729366778596	0.0	0	0.0	1814.0507025776315	1	0	1	1.441625565947165
106200.0	2000.0	1614.0507025776153	0.0	0	320.95198175917903	1814.0507025776315	1	0	1	1.8470906740553297
107200.0	3000.0	1614.0507025776044	0.0	0	216.1395161075925	1814.050702577646	1	0	1	1.847090674055329
108200.0	3000.0	1614.0507025775978	0.0	0	236.60255099544884	1814.050702577646	1	0	1	2.2525557821634936
109200.0	3000.0	1614.0507025776067	0.0	0	329.9174511775782	1814.050702577646	1	0	1	2.2525557821634936
110200.0	3000.0	1514.05070257761	0.0	0	401.3226893308747	1714.050702577646	1	0	2	1.8560836646770031
111200.0	3000.0	1514.050702577618	0.0	0	238.26235529963742	1714.0507025776606	1	0	1	2.0581805060629446
112536.51743354175	6000.0	1177.5332690358775	0.0	0	0.0	1714.0507025776606	1	0	1	2.2581805060629443
113504.137772074	3000.0	1209.9129305036242	0.0	0	0.0	1714.0507025776606	1	0	1	1.5650333255029996
114228.26571860703	2000.0	1485.78498397059	0.0	0	0.0	1714.0507025776606	1	0	1	1.447250289846615
115200.0	2000.0	1514.0507025776103	0.0	0	178.3276741506561	1714.0507025776606	1	0	1	1.8527153979547797
116200.0	3000.0	1514.050702577622	0.0	0	90.61781554949994	1714.0507025776606	1	0	1	1.85271539795478
117258.67206755155	3000.0	1455.37863502607	0.0	0	0.0	1714.0507025776606	1	0	1	2.2581805060629447
118200.0	2000.0	1514.0507025776342	0.0	0	288.59546485795	1714.0507025776606	1	0	1	1.447250289846615
119200.0	2000.0	1514.0507025776146	0.0	0	181.8173843218974	1714.0507025776606	1	0	1	1.8527153979547797
120200.0	2000.0	1514.0507025776192	0.0	0	506.32788545111543	1714.0507025776606	1	0	1	1.8527153979547797
121200.0	2000.0	1514.0507025776292	0.0	0	245.4043045454746	1714.0507025776606	1	0	1	1.8527153979547797
122200.0	2000.0	1514.0507025776071	0.0	0	525.4532609269809	1714.050702577646	1	0	1	1.8527153979547806
123200.0	3000.0	1514.050702577631	0.0	0	243.34592776294448	1714.0507025776606	1	0	1	1.85271539795478
124200.0	3000.0	1514.0507025776278	0.0	0	346.56700465027825	1714.050702577646	1	0	1	2.258180506062945
125748.23883534405	6000.0	965.8118672335813	0.0	0	0.0	1714.0507025776606	1	0	1	2.2581805060629443
126244.94896990861	2000.0	1469.101732669008	0.0	0	0.0	1714.050702577646	1	0	1	0.7541031092866709
127200.0	2000.0	1514.0507025776133	0.0	0	270.03232008546183	1714.050702577646	1	0	1	1.8527153979547806
128200.0	3000.0	1514.0507025776085	0.0	0	219.90912199723243	1714.050702577646	1	0	1	1.8527153979547808
129200.0	2000.0	1514.0507025775864	0.0	0	403.90894921610015	1714.050702577646	1	0	1	1.447250289846616
130200.0	2000.0	1514.0507025775678	0.0	0	324.32895384145377	1714.0507025776315	1	0	1	1.852715397954781
131200.0	3000.0	1414.0507025775837	0.0	0	328.6863974607986	1614.0507025776606	1	0	2	1.4559436199822857
132200.0	2000.0	1414.0507025775667	0.0	0	461.4377849265584	1614.0507025776606	1	0	1	1.2523536080697797
133200.0	2000.0	1414.0507025775696	0.0	0	139.59488650676212	1614.0507025776897	1	0	1	1.8578187161779427
134200.0	2000.0	1414.0507025775662	0.0	0	229.54548199966666	1614.0507025776606	1	0	1	1.8578187161779436
135200.0	3000.0	1414.0507025775669	0.0	0	232.87007533191354	1614.0507025776606	1	0	1	1.8578187161779443
136200.0	2000.0	1414.0507025775662	0.0	0	73.17078108803253	1614.0507025776606	1	0	1	1.4523536080697794
137200.0	2000.0	1414.0507025775612	0.0	0	60.01926781079965	1614.0507025776606	1	0	1	1.857818716177944
138200.0	2000.0	1414.0507025775476	0.0	0	160.96411397110205	1614.0507025776606	1	0	1	1.857818716177944
139200.0	2000.0	1414.0507025775487	0.0	0	113.12986410476151	1614.0507025776606	1	0	1	1.857818716177944
140200.0	2000.0	1414.0507025775678	0.0	0	215.57252661103848	1614.0507025776606	1	0	1	1.857818716177944
141200.0	2000.0	1414.0507025775582	0.0	0	354.91238223281107	1614.0507025776606	1	0	1	1.857818716177944
142200.0	2000.0	1414.0507025775444	0.0	0	193.0444776857039	1614.0507025776606	1	0	1	1.857818716177944
143200.0	2000.0	1414.0507025775635	0.0	0	504.3788260789006	1614.0507025776606	1	0	1	1.857818716177944
144200.0	2000.0	1414.05070257757	0.0	0	480.178186030098	1614.0507025776897	1	0	1	1.8578187161779427
145200.0	3000.0	1414.0507025775437	0.0	0	365.2134540178231	1614.0507025776897	1	0	1	1.857818716177943
146200.0	2000.0	1414.0507025775485	0.0	0	141.56444171525072	1614.0507025776897	1	0	1	1.452353608069778
147200.0	2000.0	1414.0507025775216	0.0	0	224.16364487312967	1614.0507025776606	1	0	1	1.857818716177944
148200.0	3000.0	1414.0507025775569	0.0	0	289.62672213392216	1614.0507025776897	1	0	1	1.857818716177943
149200.0	2000.0	1414.0507025775778	0.0	0	237.3242417339061	1614.0507025776897	1	0	1	1.452353608069778
150200.0	3000.0	1414.0507025775967	0.0	0	95.85747023264412	1614.0507025776897	1	0	1	1.857818716177943
151200.0	2000.0	1414.0507025775778	0.0	0	335.10078452169546	1614.0507025776897	1	0	1	1.452353608069778
152200.0	2000.0	1414.0507025775833	0.0	0	465.2609947389574	1614.0507025776897	1	0	1	1.8578187161779427
153200.0	3000.0	1314.0507025775987	0.0	0	352.4366166474065	1514.0507025776897	1	0	2	1.4607285219718706
154200.0	2000.0	1314.0507025775685	0.0	0	536.6721401159593	1514.0507025776606	1	0	1	1.2569826711966825
155200.0	2000.0	1314.0507025775391	0.0	0	508.83721873999457	1514.0507025776606	1	0	1	1.8624477793048473
156200.0	3000.0	1314.0507025775244	0.0	0	228.2169928350486	1514.0507025776315	1	0	1	1.862447779304848
157200.0	2000.0	1314.0507025775498	0.0	0	365.8975830091513	1514.0507025776606	1	0	1	1.4569826711966827
158200.0	3000.0	1314.050702577581	0.0	0	96.6587528118398	1514.0507025776897	1	0	1	1.8624477793048462
159332.29046742336	3000.0	1181.7602351542364	0.0	0	104.0289429120312	1514.0507025777188	1	0	1	2.2679128874130097
160200.0	2000.0	1314.050702577576	0.0	0	74.36830671483767	1514.0507025776897	1	0	1	1.4569826711966811
161200.0	2000.0	1314.0507025775958	0.0	0	520.6577716624015	1514.0507025777188	1	0	1	1.8624477793048446
162200.0	2000.0	1314.0507025776142	0.0	0	397.86206325885723	1514.0507025777188	1	0	1	1.8624477793048446
163200.0	2000.0	1314.050702577601	0.0	0	572.35552921411	1514.0507025777188	1	0	1	1.8624477793048446
164200.0	2000.0	1314.0507025776046	0.0	0	374.0101557461603	1514.0507025777188	1	0	1	1.8624477793048446
165200.0	3000.0	1314.050702577606	0.0	0	59.09621819280437	1514.0507025777479	1	0	1	1.8624477793048435
166200.0	2000.0	1314.0507025776112	0.0	0	88.40848095403635	1514.0507025777188	1	0	1	1.4569826711966798
167200.0	2000.0	1314.0507025776196	0.0	0	199.2237920614134	1514.0507025776897	1	0	1	1.8624477793048455
168200.0	2000.0	1314.0507025776421	0.0	0	354.0975527163537	1514.0507025776897	1	0	1	1.8624477793048457
169200.0	2000.0	1314.050702577666	0.0	0	474.8126880977652	1514.0507025776897	1	0	1	1.8624477793048457
170200.0	3000.0	1314.0507025776542	0.0	0	246.323589164851	1514.0507025777188	1	0	1	1.8624477793048448
171200.0	2000.0	1314.050702577636	0.0	0	201.51600313550443	1514.0507025776897	1	0	1	1.4569826711966807
172200.0	2000.0	1314.0507025776724	0.0	0	315.8546631509962	1514.0507025776897	1	0	1	1.8624477793048457
173200.0	3000.0	1314.0507025776897	0.0	0	263.41789423301816	1514.0507025777188	1	0	1	1.8624477793048448
174200.0	2000.0	1314.0507025777072	0.0	0	325.5989261675568	1514.0507025777188	1	0	1	1.45698267119668
175200.0	2000.0	1314.0507025776806	0.0	0	132.23833432991523	1514.0507025777188	1	0	1	1.8624477793048446
176200.0	2000.0	1314.0507025776951	0.0	0	41.51746979213203	1514.0507025777479	1	0	1	1.8624477793048433
177200.0	2000.0	1314.0507025776917	0.0	0	202.3144691757334	1514.0507025777479	1	0	1	1.8624477793048433
178200.0	2000.0	1314.0507025776838	0.0	0	256.0565447807603	1514.0507025777479	1	0	1	1.8624477793048428
179200.0	2000.0	1314.0507025777072	0.0	0	462.9879715940915	1514.050702577777	1	0	1	1.862447779304842
180200.0	2000.0	1314.0507025776892	0.0	0	332.76457226954517	1514.050702577777	1	0	1	1.862447779304842
181200.0	2000.0	1314.050702577691	0.0	0	204.09180867523537	1514.050702577806	1	0	1	1.8624477793048413
182200.0	2000.0	1314.0507025776578	0.0	0	413.0649882124271	1514.050702577777	1	0	1	1.862447779304842
183200.0	2000.0	1314.0507025776517	0.0	0	222.47668966118363	1514.050702577777	1	0	1	1.862447779304842
184200.0	3000.0	1314.050702577642	0.0	0	248.64357030464453	1514.050702577777	1	0	1	1.862447779304842
185200.0	2000.0	1314.05070257762	0.0	0	374.71637477262993	1514.050702577777	1	0	1	1.4569826711966773
186200.0	2000.0	1314.0507025776149	0.0	0	392.5602345285588	1514.050702577777	1	0	1	1.862447779304842
187200.0	3000.0	1314.0507025775923	0.0	0	391.28917232577805	1514.050702577777	1	0	1	1.862447779304842
188200.0	3000.0	1314.0507025776242	0.0	0	385.0578782245575	1514.050702577806	1	0	1	2.2679128874130057
189200.0	2000.0	1314.0507025776274	0.0	0	373.0497026066296	1514.050702577777	1	0	1	1.4569826711966773
190200.0	2000.0	1314.050702577627	0.0	0	322.5339373969182	1514.050702577777	1	0	1	1.862447779304842
191200.0	3000.0	1314.0507025776224	0.0	0	164.89778484086855	1514.050702577777	1	0	1	1.862447779304842
192200.0	2000.0	1314.0507025776124	0.0	0	430.6747819064476	1514.050702577777	1	0	1	1.4569826711966773
193200.0	2000.0	1314.0507025776399	0.0	0	347.2219500154315	1514.050702577777	1	0	1	1.862447779304842
194200.0	2000.0	1314.0507025776471	0.0	0	472.6838505346677	1514.050702577777	1	0	1	1.862447779304842
195387.24790494682	2000.0	1126.802797630814	0.0	0	0.0	1514.050702577777	1	0	1	1.862447779304842
196215.60210095125	2000.0	1298.4486016263738	0.0	0	0.0	1514.050702577777	1	0	1	1.862447779304842
197200.0	2000.0	1314.0507025776092	0.0	0	276.5282819028653	1514.0507025777479	1	0	1	1.8624477793048433
198200.0	2000.0	1314.0507025775812	0.0	0	623.4793188954354	1514.0507025777479	1	0	1	1.8624477793048433
199200.0	2000.0	1314.050702577583	0.0	0	95.48976110082003	1514.0507025777479	1	0	1	1.8624477793048433
200200.0	2000.0	1314.05070257761	0.0	0	60.619551994634094	1514.050702577777	1	0	1	1.862447779304842
201200.0	2000.0	1314.0507025776287	0.0	0	248.61655233695637	1514.050702577777	1	0	1	1.862447779304842
202200.0	2000.0	1314.0507025776035	0.0	0	212.7852274083125	1514.0507025777479	1	0	1	1.8624477793048433
203200.0	2000.0	1314.0507025776333	0.0	0	318.8074644760054	1514.050702577777	1	0	1	1.862447779304842
204200.0	2000.0	1314.050702577613	0.0	0	56.03902871022001	1514.0507025777479	1	0	1	1.862447779304843
205200.0	2000.0	1314.0507025775655	0.0	0	81.95513598271646	1514.0507025777479	1	0	1	1.8624477793048433
206200.0	2000.0	1314.0507025776158	0.0	0	166.45943522499874	1514.050702577777	1	0	1	1.862447779304842
207200.0	2000.0	1314.050702577633	0.0	0	537.0324234117288	1514.050702577777	1	0	1	1.862447779304842
208200.0	2000.0	1314.0507025776203	0.0	0	569.1678029476316	1514.050702577777	1	0	1	1.862447779304842
209200.0	2000.0	1314.0507025776037	0.0	0	514.3910280416021	1514.050702577777	1	0	1	1.862447779304842
210200.0	2000.0	1314.0507025776103	0.0	0	323.86440199337085	1514.050702577777	1	0	1	1.862447779304842
211200.0	2000.0	1314.0507025776378	0.0	0	449.3192315765191	1514.050702577777	1	0	1	1.862447779304842
212200.0	3000.0	1314.0507025776067	0.0	0	328.6560704672884	1514.050702577777	1	0	1	1.862447779304842
213200.0	2000.0	1314.0507025776355	0.0	0	528.1330691734911	1514.050702577777	1	0	1	1.4569826711966773
214200.0	2000.0	1314.0507025776644	0.0	0	365.44631348809344	1514.050702577806	1	0	1	1.8624477793048408
215200.0	2000.0	1314.0507025776303	0.0	0	22.96836075207102	1514.050702577806	1	0	1	1.8624477793048408
216200.0	2000.0	1314.0507025776483	0.0	0	25.624154289544094	1514.0507025778352	1	0	1	1.8624477793048393
217200.0	2000.0	1314.0507025776628	0.0	0	33.57215573816211	1514.0507025778352	1	0	1	1.8624477793048393
218200.0	2000.0	1314.0507025776683	0.0	0	43.006066271162126	1514.0507025778643	1	0	1	1.8624477793048382
219200.0	2000.0	1314.050702577674	0.0	0	159.6439904490835	1514.0507025778352	1	0	1	1.8624477793048388
220200.0	2000.0	1314.0507025776985	0.0	0	433.1014229688153	1514.0507025778352	1	0	1	1.8624477793048393
221200.0	2000.0	1314.0507025776876	0.0	0	312.5902419030899	1514.0507025778352	1	0	1	1.8624477793048393
222200.0	2000.0	1314.0507025776888	0.0	0	404.7114876694104	1514.0507025778643	1	0	1	1.862447779304838
223200.0	3000.0	1314.0507025776706	0.0	0	66.46430477953982	1514.0507025778352	1	0	1	1.8624477793048393
224200.0	2000.0	1314.0507025776792	0.0	0	220.86050151352538	1514.0507025778352	1	0	1	1.4569826711966747
225200.0	2000.0	1314.050702577708	0.0	0	90.4312855611497	1514.0507025778352	1	0	1	1.8624477793048393
226200.0	2000.0	1314.0507025777074	0.0	0	366.6262025369797	1514.0507025778352	1	0	1	1.8624477793048393
227200.0	2000.0	1314.0507025776901	0.0	0	31.401024749618955	1514.0507025778352	1	0	1	1.8624477793048393
228200.0	2000.0	1314.0507025777251	0.0	0	65.37586438521976	1514.0507025778352	1	0	1	1.8624477793048393
229200.0	2000.0	1314.0507025777156	0.0	0	531.8893125526665	1514.0507025778352	1	0	1	1.8624477793048393
230200.0	2000.0	1314.0507025776826	0.0	0	599.4711393899634	1514.0507025778643	1	0	1	1.862447779304838
231200.0	3000.0	1314.050702577688	0.0	0	472.19898966528126	1514.0507025778643	1	0	1	1.8624477793048382
232378.20333969474	6000.0	1135.8473628829333	0.0	0	0.0	1514.0507025778643	1	0	1	2.267912887413002
233742.87631952902	6000.0	771.174383048637	0.0	0	0.0	1514.0507025778643	1	0	1	2.9610600679729475
234902.95432643945	2000.0	611.0963761382206	0.0	0	0.0	1514.0507025778643	1	0	1	0.7638354906367284
235520.77603520727	2000.0	993.2746673703667	0.0	0	0.0	1514.0507025778643	1	0	1	1.862447779304838
236200.0	2000.0	1314.0507025776224	0.0	0	11.70376647109515	1514.0507025778934	1	0	1	1.8624477793048368
237200.0	2000.0	1314.0507025776221	0.0	0	500.4087948379747	1514.0507025778934	1	0	1	1.8624477793048368
238200.0	2000.0	1314.0507025776167	0.0	0	579.151938703726	1514.0507025778934	1	0	1	1.8624477793048368
239200.0	2000.0	1314.05070257761	0.0	0	613.9020434862759	1514.0507025779225	1	0	1	1.8624477793048355
240200.0	2000.0	1314.0507025776049	0.0	0	316.437237985956	1514.0507025778934	1	0	1	1.8624477793048368
241200.0	3000.0	1314.0507025776265	0.0	0	178.63061802982702	1514.0507025778934	1	0	1	1.862447779304837
242200.0	3000.0	1314.050702577661	0.0	0	109.5036320213112	1514.0507025779516	1	0	1	2.2679128874129995
243200.0	3000.0	1314.0507025776822	0.0	0	354.2592262685066	1514.0507025779516	1	0	1	2.267912887412999
244434.84201378448	6000.0	1079.2086887932007	0.0	0	0.0	1514.0507025779225	1	0	1	2.267912887413
245260.48083188268	2000.0	1253.5698706950116	0.0	0	0.0	1514.0507025779225	1	0	1	0.763835490636726
246200.0	2000.0	1314.0507025776878	0.0	0	255.7849067269126	1514.0507025779516	1	0	1	1.8624477793048348
247200.0	2000.0	1314.0507025776778	0.0	0	395.97365583851933	1514.0507025779225	1	0	1	1.8624477793048355
248200.0	3000.0	1314.050702577699	0.0	0	344.08274140165304	1514.0507025779225	1	0	1	1.8624477793048357
249200.0	2000.0	1314.0507025777047	0.0	0	470.86487611418124	1514.0507025779225	1	0	1	1.456982671196671
250395.4722575968	3000.0	1118.5784449809162	0.0	0	0.0	1514.0507025779225	1	0	1	1.8624477793048353
251200.0	2000.0	1314.0507025776922	0.0	0	180.99845340530737	1514.0507025779225	1	0	1	1.456982671196671
252200.0	2000.0	1314.0507025777076	0.0	0	600.4551131200569	1514.0507025779225	1	0	1	1.8624477793048355
253200.0	2000.0	1314.0507025777536	0.0	0	268.3188280609902	1514.0507025779225	1	0	1	1.8624477793048355
254200.0	2000.0	1314.0507025777513	0.0	0	361.36716138976044	1514.0507025779225	1	0	1	1.8624477793048355
255200.0	2000.0	1314.0507025777754	0.0	0	421.50324369285954	1514.0507025779225	1	0	1	1.8624477793048355
256200.0	3000.0	1314.050702577767	0.0	0	350.9845609558106	1514.0507025779516	1	0	1	1.8624477793048346
257200.0	3000.0	1314.050702577779	0.0	0	234.3335253431287	1514.0507025779516	1	0	1	2.267912887412999
258200.0	2000.0	1314.0507025777806	0.0	0	303.33344417766784	1514.0507025779807	1	0	1	1.4569826711966691
259200.0	3000.0	1314.050702577797	0.0	0	302.50366158920224	1514.0507025779807	1	0	1	1.862447779304833
260200.0	2000.0	1314.0507025777893	0.0	0	506.8290029663185	1514.0507025779807	1	0	1	1.4569826711966685
261200.0	3000.0	1314.05070257779	0.0	0	456.1291017738695	1514.0507025780098	1	0	1	1.8624477793048317
262200.0	3000.0	1314.050702577787	0.0	0	144.16244522720808	1514.0507025779807	1	0	1	2.2679128874129972
263200.0	2000.0	1314.0507025777483	0.0	0	374.2923751875642	1514.0507025779516	1	0	1	1.456982671196669
264200.0	2000.0	1314.050702577685	0.0	0	461.6724028902245	1514.0507025779225	1	0	1	1.8624477793048357
265200.0	2000.0	1314.0507025776024	0.0	0	575.0351160276914	1514.0507025779225	1	0	1	1.8624477793048355
266200.0	2000.0	1314.0507025776571	0.0	0	380.12140496709617	1514.0507025779225	1	0	1	1.8624477793048355
267200.0	2000.0	1314.0507025776728	0.0	0	137.4549022455467	1514.0507025779225	1	0	1	1.8624477793048355
268200.0	2000.0	1314.0507025776403	0.0	0	16.281960232183337	1514.0507025779807	1	0	1	1.862447779304833
269200.0	2000.0	1314.0507025776149	0.0	0	454.2395418404485	1514.0507025779807	1	0	1	1.862447779304833
270200.0	2000.0	1314.0507025776685	0.0	0	266.7506795278168	1514.050702578039	1	0	1	1.8624477793048304
271200.0	2000.0	1314.0507025776812	0.0	0	460.7355046122684	1514.050702578039	1	0	1	1.8624477793048304
272200.0	2000.0	1314.0507025777038	0.0	0	471.47542729217093	1514.050702578039	1	0	1	1.8624477793048304
273200.0	2000.0	1314.0507025776992	0.0	0	359.20621753658634	1514.050702578039	1	0	1	1.8624477793048304
274556.95741238334	6000.0	957.0932901943853	0.0	0	0.0	1514.0507025780971	1	0	1	1.8624477793048282
275279.06753602164	2000.0	1234.9831665560716	0.0	0	0.0	1514.0507025780971	1	0	1	0.7638354906367182
276200.0	2000.0	1314.05070257763	0.0	0	209.16760541015537	1514.050702578039	1	0	1	1.8624477793048304
277200.0	2000.0	1314.050702577633	0.0	0	509.4700586569379	1514.0507025779807	1	0	1	1.862447779304833
278200.0	2000.0	1314.050702577638	0.0	0	404.08973357541254	1514.0507025779807	1	0	1	1.862447779304833
279200.0	2000.0	1314.0507025777222	0.0	0	399.2990697317291	1514.050702578039	1	0	1	1.8624477793048304
280200.0	2000.0	1314.050702577735	0.0	0	271.5845261151553	1514.0507025780971	1	0	1	1.8624477793048277
281200.0	2000.0	1314.050702577757	0.0	0	60.71859349979786	1514.0507025780971	1	0	1	1.8624477793048277
282200.0	2000.0	1314.0507025777777	0.0	0	219.30990897095762	1514.0507025781553	1	0	1	1.862447779304826
283200.0	2000.0	1314.050702577712	0.0	0	504.3240431434242	1514.0507025781553	1	0	1	1.8624477793048253
284200.0	2000.0	1314.0507025777179	0.0	0	236.73179508571047	1514.0507025781553	1	0	1	1.8624477793048253
285200.0	2000.0	1314.050702577751	0.0	0	49.90862522489624	1514.0507025782135	1	0	1	1.8624477793048233
286200.0	2000.0	1314.0507025777013	0.0	0	422.6067128222785	1514.0507025781553	1	0	1	1.8624477793048253
287200.0	2000.0	1314.0507025777208	0.0	0	202.6130823472049	1514.0507025781553	1	0	1	1.8624477793048253
288200.0	2000.0	1314.0507025777006	0.0	0	201.28475304576568	1514.0507025781553	1	0	1	1.8624477793048253
289200.0	2000.0	1314.0507025777097	0.0	0	398.09203154116403	1514.0507025781553	1	0	1	1.8624477793048253
290200.0	2000.0	1314.050702577656	0.0	0	354.00218776171096	1514.0507025781553	1	0	1	1.8624477793048253
291200.0	2000.0	1314.0507025776394	0.0	0	363.1687862421386	1514.0507025781553	1	0	1	1.8624477793048253
292200.0	2000.0	1314.0507025776446	0.0	0	380.06439928582404	1514.0507025782135	1	0	1	1.8624477793048229
293200.0	2000.0	1314.0507025776622	0.0	0	579.0439906450338	1514.0507025782135	1	0	1	1.8624477793048229
294200.0	2000.0	1314.0507025776271	0.0	0	378.1526651690365	1514.0507025782135	1	0	1	1.8624477793048229
295200.0	2000.0	1314.0507025776	0.0	0	486.56533160671825	1514.0507025782135	1	0	1	1.8624477793048229
296200.0	2000.0	1314.0507025775723	0.0	0	403.91388569393894	1514.0507025782135	1	0	1	1.8624477793048229
297200.0	3000.0	1314.0507025776183	0.0	0	9.485094120434951	1514.0507025782135	1	0	1	1.8624477793048229
298200.0	2000.0	1314.0507025776496	0.0	0	227.62132717610803	1514.0507025782135	1	0	1	1.4569826711966583
299288.6820748397	3000.0	1225.3686277379504	0.0	0	0.0	1514.0507025782717	1	0	1	1.8624477793048204
300200.0	2000.0	1314.0507025776692	0.0	0	95.19930652226321	1514.05070257833	1	0	1	1.4569826711966531
4.58	3.51	3.38	4.41	3.96	3.86	4.54	1.55	3.0	4.6	4.24	3.57	4.04	2.72	3.26	3.72	4.47	4.3	3.32	3.48	4.07	1.95	3.38	2.63	2.88	3.27	2.77	3.41	3.45	3.46	3.21	4.55	3.49	3.21	4.36	4.59	3.13	2.66	4.24	3.1	2.56	3.21	2.97	1.81	2.92	5.11	3.48	2.44	2.78	1.78	4.55	2.64	2.09	2.7	3.97	4.32	3.2	3.52	3.38	4.59	3.36	3.14	2.37	2.34	2.37	2.57	3.0	3.58	4.05	3.54	3.68	3.12	3.06	2.66	3.38	2.25	3.3	4.17	5.76	8.0	5.53	2.85	1.73	3.58	4.0	4.95	4.37	3.74	4.53	5.06	3.96	6.21	4.55	2.63	3.13	4.89	4.02	4.12	1.93	3.99	4.37	2.37	3.28	4.58	3.94	3.48	4.44	3.56	4.45	4.78	3.22	2.7	4.32	4.67	3.29	1.83	3.24	3.51	3.31	3.72	3.81	5.84	4.15	3.74	4.12	3.08	3.15	3.96	3.0	2.68	3.54	3.86	2.68	2.81	2.77	3.09	3.05	3.92	2.29	4.01	3.86	3.85	3.14	3.06	4.38	3.01	4.08	3.63	2.97	4.31	4.58	3.51	3.38	4.41	3.96	3.86	4.54	1.55	3.0	4.6	4.24	3.57	4.04	2.72	3.26	3.72	4.47	4.3	3.32	3.48	4.07	1.95	3.38	2.63	2.88	3.27	2.77	3.41	3.45	3.46	3.21	4.55	3.49	3.21	4.36	4.59	3.13	2.66	4.24	3.1	2.56	3.21	2.97	1.81	2.92	5.11	3.48	2.44	2.78	1.78	4.55	2.64	2.09	2.7	3.97	4.32	3.2	3.52	3.38	4.59	3.36	3.14	2.37	2.34	2.37	2.57	3.0	3.58	4.05	3.54	3.68	3.12	3.06	2.66	3.38	2.25	3.3	4.17	5.76	8.0	5.53	2.85	1.73	3.58	4.0	4.95	4.37	3.74	4.53	5.06	3.96	6.21	4.55	2.63	3.13	4.89	4.02	4.12	1.93	3.99	4.37	2.37	3.28	4.58	3.94	3.48	4.44	3.56	4.45	4.78	3.22	2.7	4.32	4.67	3.29	1.83	3.24	3.51	3.31	3.72	3.81	5.84	4.15	3.74	4.12	3.08	3.15	3.96	3.0	2.68	3.54	3.86	2.68	2.81	2.77	3.09	3.05	3.92	2.29	4.01	3.86	3.85	3.14	3.06	4.38	3.01	4.08	3.63	2.97	4.31	4.58
1.0	2.0	3.0	4.0	5.0	6.0	7.0	8.0	9.0	10.0	11.0	12.0	13.0	14.0	15.0	16.0	17.0	18.0	19.0	20.0	21.0	22.0	23.0	24.0	25.0	26.0	27.0	28.0	29.0	30.0	31.0	32.0	33.0	34.0	35.0	36.0	37.0	38.0	39.0	40.0	41.0	42.0	43.0	44.0	45.0	46.0	47.0	48.0	49.0	50.0	51.0	52.0	53.0	54.0	55.0	56.0	57.0	58.0	59.0	60.0	61.0	62.0	63.0	64.0	65.0	66.0	67.0	68.0	69.0	70.0	71.0	72.0	73.0	74.0	75.0	76.0	77.0	78.0	79.0	80.0	81.0	82.0	83.0	84.0	85.0	86.0	87.0	88.0	89.0	90.0	91.0	92.0	93.0	94.0	95.0	96.0	97.0	98.0	99.0	100.0	101.0	102.0	103.0	104.0	105.0	106.0	107.0	108.0	109.0	110.0	111.0	112.0	113.0	114.0	115.0	116.0	117.0	118.0	119.0	120.0	121.0	122.0	123.0	124.0	125.0	126.0	127.0	128.0	129.0	130.0	131.0	132.0	133.0	134.0	135.0	136.0	137.0	138.0	139.0	140.0	141.0	142.0	143.0	144.0	145.0	146.0	147.0	148.0	149.0	149.0	150.0	151.0	152.0	153.0	154.0	155.0	156.0	157.0	158.0	159.0	160.0	161.0	162.0	163.0	164.0	165.0	166.0	167.0	168.0	169.0	170.0	171.0	172.0	173.0	174.0	175.0	176.0	177.0	178.0	179.0	180.0	181.0	182.0	183.0	184.0	185.0	186.0	187.0	188.0	189.0	190.0	191.0	192.0	193.0	194.0	195.0	196.0	197.0	198.0	199.0	200.0	201.0	202.0	203.0	204.0	205.0	206.0	207.0	208.0	209.0	210.0	211.0	212.0	213.0	214.0	215.0	216.0	217.0	218.0	219.0	220.0	221.0	222.0	223.0	224.0	225.0	226.0	227.0	228.0	229.0	230.0	231.0	232.0	233.0	234.0	235.0	236.0	237.0	238.0	239.0	240.0	241.0	242.0	243.0	244.0	245.0	246.0	247.0	248.0	249.0	250.0	251.0	252.0	253.0	254.0	255.0	256.0	257.0	258.0	259.0	260.0	261.0	262.0	263.0	264.0	265.0	266.0	267.0	268.0	269.0	270.0	271.0	272.0	273.0	274.0	275.0	276.0	277.0	278.0	279.0	280.0	281.0	282.0	283.0	284.0	285.0	286.0	287.0	288.0	289.0	290.0	291.0	292.0	293.0	294.0	295.0	296.0	297.0	298.0	298.0	299.0
2720.7171344196595
