4316.099487962885	300.0	2000.0	118.7840849322599	0	0.0	4316.099487962885	1	0	1	-1.31661820479437
4945.149327589526	2000.0	2370.950160373358	0.0	0	0.0	4316.099487962885	1	0	1	-0.6164281767397837
5839.7133621911935	3000.0	2386.9297223115236	0.0	0	0.0	4226.643084502718	1	0	2	0.9138505122119813
7065.708710421425	3000.0	2038.3348392582689	0.0	0	0.0	4104.043549679695	1	0	2	1.5744743696152441
8186.889826689124	3000.0	1805.0356113638002	0.0	0	0.0	3991.9254380529246	1	0	2	1.627670201214383
9059.972674704222	3000.0	1844.6444785471913	0.0	0	0.0	3904.6171532514145	1	0	2	1.66474878458208
9691.32316912329	3000.0	2150.1589346862174	0.0	0	0.0	3841.482103809508	1	0	2	1.6921439087750523
10451.743792296495	3000.0	2313.696249195694	0.0	0	0.0	3765.4400414921874	1	0	2	1.7191884066999081
11090.568810525592	3000.0	2610.9887291436876	0.0	0	0.0	3701.5575396692784	1	0	2	1.7423423288849964
11843.603629080475	3000.0	2782.6504287333164	0.0	0	0.0	3626.2540578137905	1	0	2	1.7656337883555098
12525.26152891479	3000.0	3032.826738915569	0.0	0	0.0	3558.0882678303587	1	0	2	1.7872966585317873
13200.0	3000.0	3290.6144207218385	0.0	0	25.5107164903784	3490.6144207218385	1	0	2	1.8066893238636197
14200.0	3000.0	3190.614420721838	0.0	0	340.52630921533273	3390.6144207218385	1	0	2	1.8287585952137158
15611.637812334919	6000.0	2778.976608386918	0.0	0	0.0	3390.6144207218385	1	0	1	1.8383283150092105
16982.353577158505	3000.0	2271.1892670809734	0.0	0	0.0	3253.5428442394787	1	0	2	0.9703524821887237
18480.893738780094	3000.0	1622.7950892972253	0.0	0	0.0	3103.6888280773164	1	0	2	1.8956719236755906
19157.46406577165	2000.0	1946.2247623056667	0.0	0	0.0	3103.6888280773146	1	0	1	1.092200503175828
19842.99662942297	2000.0	2192.1389422892153	0.0	0	0.0	3035.1355717121805	1	0	2	1.3076259793908789
20520.85570360513	3000.0	2446.4939606888306	0.0	0	0.0	2967.349664293961	1	0	2	1.5199517061284396
21539.25104913354	3000.0	2326.259080607581	0.0	0	0.0	2865.5101297411275	1	0	2	1.9415317217506882
22432.350598394984	3000.0	2343.849576419992	0.0	0	0.0	2776.2001748149814	1	0	2	1.9559111022586397
23263.31965828386	3000.0	2429.78361054223	0.0	0	0.0	2693.1032688261002	1	0	2	1.9683679811203354
24863.987344524317	6000.0	1829.1159243017728	0.0	0	0.0	2693.1032688260966	1	0	1	1.971134196865374
25938.80430635344	3000.0	1646.8172662897384	0.0	0	0.0	2585.6215726431838	1	0	2	1.0881106995854868
26518.63235415348	2000.0	2009.00641370969	0.0	0	0.0	2527.6387678631763	1	0	2	1.1796323456317104
27200.0	3000.0	2259.502003278521	0.0	0	36.133587195356085	2459.5020032785214	1	0	2	1.5922633230619454
28336.273009468965	6000.0	2123.228993809556	0.0	0	0.0	2459.5020032785214	1	0	1	1.9997490019832584
29200.0	3000.0	2173.129304225419	0.0	0	35.86675192561961	2373.1293042254183	1	0	2	1.1131667255211615
32463.486608334555	6000.0	200.0	290.3573041091361	0	0.0	2663.486608334555	1	0	1	0.25901112391503855
33277.34585764347	2000.0	595.678650191367	209.5378995002887	0	0.0	2873.024507834838	1	0	1	-0.6168618293069761
33946.33773488762	2000.0	926.6867729472244	0.0	0	0.0	2873.024507834838	1	0	1	1.7389778563628662
34737.79432985375	2000.0	1135.2301779810923	0.0	0	0.0	2873.0245078348344	1	0	1	1.7389778563628673
35421.87454768394	2000.0	1451.149960150906	0.0	0	0.0	2873.0245078348307	1	0	1	1.7389778563628675
35843.74027807037	2000.0	2029.2842297644763	0.0	0	0.0	2873.0245078348307	1	0	1	1.738977856362868
36490.74050080866	3000.0	2317.583984752359	0.0	0	0.0	2808.324485561003	1	0	2	1.3465076671679017
37380.80332394685	3000.0	2338.5148793003473	0.0	0	0.0	2719.3182032471886	1	0	2	1.9641595741352778
38411.73306654637	3000.0	2204.4921624408835	0.0	0	0.0	2616.2252289872486	1	0	2	1.9778216612532333
39647.041851397174	3000.0	1845.6524991049914	0.0	0	0.0	2492.6943505021627	1	0	2	1.991277734211231
40649.691298919905	2000.0	1843.0030515822623	0.0	0	0.0	2492.6943505021627	1	0	1	1.185125064638998
41435.79244012234	2000.0	2056.90191037983	0.0	0	0.0	2492.6943505021627	1	0	1	1.7905901727471627
42200.0	3000.0	2216.2735945144073	0.0	0	54.122841061340296	2416.273594514394	1	0	2	1.3964834967589426
43210.27780441434	3000.0	2104.96800965863	0.0	0	0.0	2315.2458140729505	1	0	2	2.0118476691727167
44216.25322050696	3000.0	1998.395051956743	0.0	0	0.0	2214.648272463688	1	0	2	2.0214556374463695
45200.0	3000.0	1916.2735945143972	0.0	0	297.51169951479096	2116.2735945143795	1	0	2	2.0289116084822325
46200.0	3000.0	1816.2735945143968	0.0	0	88.70566829691961	2016.2735945143795	1	0	2	2.037174247236318
47665.27067070337	3000.0	1204.4758567406827	0.0	0	0.0	1869.74652744404	1	0	2	2.0468120758512107
48530.019427169755	2000.0	1339.7271002743037	0.0	0	0.0	1869.74652744404	1	0	1	1.2382479057549973
49200.0	2000.0	1669.7465274440613	0.0	0	40.55346732432372	1869.74652744404	1	0	1	1.843713013863162
50200.0	2000.0	1669.7465274440594	0.0	0	321.1963843924095	1869.74652744404	1	0	1	1.843713013863162
51277.48704270125	2000.0	1592.2594847428074	0.0	0	0.0	1869.7465274440474	1	0	1	1.8437130138631617
52200.0	3000.0	1577.4952317141776	0.0	0	174.41895163728623	1777.4952317141724	1	0	2	1.4473760127939619
53200.0	2000.0	1577.4952317141692	0.0	0	296.6660782081235	1777.4952317141724	1	0	1	1.2437453307747859
54200.0	2000.0	1577.4952317141722	0.0	0	161.1757315008872	1777.4952317141724	1	0	1	1.8492104388829507
55200.0	2000.0	1577.495231714169	0.0	0	410.24562734193023	1777.4952317141651	1	0	1	1.849210438882951
56200.0	2000.0	1577.4952317141729	0.0	0	524.414585809056	1777.4952317141651	1	0	1	1.849210438882951
57200.0	3000.0	1477.4952317141685	0.0	0	187.76461892303632	1677.4952317141579	1	0	2	1.4527802649641959
58200.0	3000.0	1477.4952317141694	0.0	0	66.84365987946512	1677.4952317141579	1	0	1	2.060103931631355
59200.0	2000.0	1477.4952317141642	0.0	0	132.97251734276506	1677.4952317141506	1	0	1	1.4491737154150264
60200.0	2000.0	1477.4952317141683	0.0	0	520.8985445764483	1677.4952317141433	1	0	1	1.8546388235231914
61200.0	3000.0	1477.495231714176	0.0	0	267.29943086711137	1677.4952317141433	1	0	1	1.8546388235231916
62200.0	2000.0	1477.4952317141704	0.0	0	377.9476661080771	1677.4952317141433	1	0	1	1.4491737154150268
63200.0	2000.0	1477.4952317141763	0.0	0	412.95592322978337	1677.4952317141433	1	0	1	1.8546388235231914
64200.0	3000.0	1477.495231714183	0.0	0	227.0427274931062	1677.4952317141506	1	0	1	1.854638823523191
65200.0	3000.0	1477.4952317141904	0.0	0	245.06047568470967	1677.4952317141579	1	0	1	2.260103931631355
67552.74879614143	6000.0	200.0	75.25356442722853	0	0.0	1752.7487961414008	1	0	1	1.807775441970142
68355.32441973819	2000.0	633.0667301496636	235.64235374642618	0	0.0	1988.3911498878297	1	0	1	-0.6765851716090654
68908.14499918056	2000.0	1080.2461507072794	0.0	0	0.0	1988.3911498878297	1	0	1	1.835881239537601
69690.43054378424	2000.0	1297.9606061035954	0.0	0	0.0	1988.3911498878297	1	0	1	1.835881239537601
70567.43475925025	2000.0	1420.9563906375931	0.0	0	0.0	1988.3911498878151	1	0	1	1.835881239537602
71460.8637632526	2000.0	1527.5273866352338	0.0	0	0.0	1988.3911498878151	1	0	1	1.835881239537602
72515.68999064245	2000.0	1472.701159245386	0.0	0	0.0	1988.3911498878151	1	0	1	1.835881239537602
73687.03602391033	2000.0	1301.3551259775165	0.0	0	0.0	1988.3911498878297	1	0	1	1.835881239537601
74837.42496910137	2000.0	1150.9661807864677	0.0	0	0.0	1988.3911498878297	1	0	1	1.835881239537601
75439.59868936884	2000.0	1548.7924605189883	0.0	0	0.0	1988.3911498878297	1	0	1	1.835881239537601
76230.73205805365	2000.0	1757.6590918341606	0.0	0	0.0	1988.3911498878297	1	0	1	1.835881239537601
77233.01598536503	2000.0	1755.37516452277	0.0	0	0.0	1988.3911498878297	1	0	1	1.835881239537601
78200.0	2000.0	1788.3911498877942	0.0	0	86.14243666290713	1988.3911498878297	1	0	1	1.835881239537601
79200.0	2000.0	1788.3911498877815	0.0	0	167.11735013847647	1988.3911498878297	1	0	1	1.835881239537601
80200.0	2000.0	1788.3911498877821	0.0	0	473.48197146148595	1988.3911498878297	1	0	1	1.835881239537601
81200.0	2000.0	1788.3911498877908	0.0	0	307.781145042085	1988.3911498878297	1	0	1	1.835881239537601
82200.0	2000.0	1788.3911498877928	0.0	0	364.6841870620992	1988.3911498878297	1	0	1	1.835881239537601
83200.0	3000.0	1688.3911498878017	0.0	0	289.9827735511499	1888.3911498878297	1	0	2	1.4401391595272603
84200.0	3000.0	1688.3911498877892	0.0	0	363.2551262160123	1888.3911498878442	1	0	1	2.0480060936343003
85742.91314787598	6000.0	1145.4780020118214	0.0	0	0.0	1888.3911498878588	1	0	1	2.2480060936342996
86200.0	2000.0	1688.3911498877826	0.0	0	2.544562389695784	1888.3911498878442	1	0	1	0.7439286968580261
87262.47445203054	3000.0	1625.91669785724	0.0	0	0.0	1888.3911498878442	1	0	1	1.8425409855261359
88200.0	3000.0	1594.6385950908418	0.0	0	214.56263882636267	1794.638595090917	1	0	2	1.85165604704008
89200.0	2000.0	1594.638595090844	0.0	0	472.29606705486367	1794.638595090917	1	0	1	1.2427605892051021
90200.0	3000.0	1494.6385950908339	0.0	0	193.69808017917967	1694.6385950909025	1	0	2	1.4518921043716797
92172.75078125687	6000.0	521.8878138339535	0.0	0	0.0	1694.638595090917	1	0	1	2.0592104240726603
92519.3300904489	2000.0	1175.3085046419224	0.0	0	0.0	1694.638595090917	1	0	1	0.7551330272963863
93200.0	2000.0	1494.638595090818	0.0	0	202.27352253024583	1694.638595090917	1	0	1	1.8537453159644959
94200.0	3000.0	1494.6385950908082	0.0	0	255.0981028604001	1694.6385950909025	1	0	1	1.853745315964497
95385.2879072812	6000.0	1309.3506878095995	0.0	0	0.0	1694.6385950909025	1	0	1	2.259210424072661
96888.04895783802	6000.0	806.589637252778	0.0	0	0.0	1694.6385950909025	1	0	1	2.9523576046326063
97812.18202182929	2000.0	882.4565732615117	0.0	0	0.0	1694.638595090888	1	0	1	0.755133027296388
98635.50008746462	2000.0	1059.1385076261831	0.0	0	0.0	1694.638595090888	1	0	1	1.8537453159644977
99200.0	2000.0	1494.638595090817	0.0	0	94.19027388984978	1694.6385950909025	1	0	1	1.8537453159644968
100200.0	2000.0	1494.6385950908066	0.0	0	602.3789809664158	1694.638595090888	1	0	1	1.8537453159644977
101752.68031075146	6000.0	941.9582843393564	0.0	0	0.0	1694.638595090888	1	0	1	1.8537453159644977
102273.10226486996	2000.0	1421.5363302208602	0.0	0	0.0	1694.6385950908734	1	0	1	0.7551330272963885
103200.0	2000.0	1494.638595090827	0.0	0	157.05322414160764	1694.638595090888	1	0	1	1.8537453159644977
104516.01713925792	3000.0	1178.6214558329166	0.0	0	0.0	1694.638595090888	1	0	1	1.8537453159644977
105200.0	2000.0	1494.6385950908343	0.0	0	127.43115927572944	1694.638595090888	1	0	1	1.448280207856333
106200.0	2000.0	1494.6385950908598	0.0	0	351.5567465817876	1694.6385950909025	1	0	1	1.8537453159644968
107200.0	2000.0	1494.638595090873	0.0	0	527.6749225662061	1694.6385950909025	1	0	1	1.8537453159644968
108200.0	2000.0	1494.638595090881	0.0	0	319.97658082730777	1694.6385950909025	1	0	1	1.8537453159644968
109200.0	3000.0	1494.638595090883	0.0	0	172.66747790212685	1694.6385950909025	1	0	1	1.853745315964497
110200.0	3000.0	1494.6385950908732	0.0	0	10.2696281321696	1694.6385950909025	1	0	1	2.2592104240726614
111200.0	2000.0	1494.6385950908598	0.0	0	505.97330383404915	1694.6385950909025	1	0	1	1.4482802078563322
112200.0	2000.0	1494.6385950908718	0.0	0	516.5036867431918	1694.6385950909025	1	0	1	1.8537453159644968
113465.96206237689	3000.0	1228.6765327139958	0.0	0	0.0	1694.6385950909025	1	0	1	1.853745315964497
114312.2594220325	2000.0	1382.3791730583835	0.0	0	0.0	1694.6385950909025	1	0	1	1.4482802078563322
115200.0	2000.0	1494.6385950908812	0.0	0	0.3640076045267051	1694.6385950909025	1	0	1	1.8537453159644968
116200.0	2000.0	1494.6385950908968	0.0	0	109.81334456220793	1694.638595090917	1	0	1	1.8537453159644959
117200.0	2000.0	1494.6385950909078	0.0	0	261.6005741568515	1694.6385950909316	1	0	1	1.853745315964495
118200.0	2000.0	1494.6385950908993	0.0	0	167.99907607992645	1694.6385950909316	1	0	1	1.853745315964495
119200.0	2000.0	1494.6385950909034	0.0	0	70.46251705117174	1694.6385950909316	1	0	1	1.853745315964495
120200.0	2000.0	1494.6385950908934	0.0	0	432.5263959713484	1694.6385950909316	1	0	1	1.853745315964495
121200.0	2000.0	1494.6385950909025	0.0	0	169.2754148953827	1694.6385950909316	1	0	1	1.853745315964495
122200.0	2000.0	1494.6385950908975	0.0	0	437.2945530822908	1694.6385950909316	1	0	1	1.853745315964495
123200.0	3000.0	1494.6385950909064	0.0	0	276.0058466020564	1694.6385950909462	1	0	1	1.8537453159644948
124200.0	3000.0	1494.6385950908884	0.0	0	10.113441512279678	1694.6385950909316	1	0	1	2.25921042407266
125200.0	2000.0	1494.6385950908898	0.0	0	334.56584679783555	1694.6385950909462	1	0	1	1.44828020785633
126200.0	2000.0	1494.6385950908934	0.0	0	430.75873958201555	1694.6385950909462	1	0	1	1.8537453159644945
127200.0	2000.0	1494.63859509091	0.0	0	256.77721553428273	1694.6385950909462	1	0	1	1.8537453159644945
128200.0	3000.0	1494.6385950908902	0.0	0	318.79303874364996	1694.6385950909316	1	0	1	1.8537453159644952
129200.0	2000.0	1494.6385950908864	0.0	0	562.9828883601003	1694.6385950909462	1	0	1	1.44828020785633
130200.0	3000.0	1494.6385950908843	0.0	0	103.35725251058466	1694.6385950909607	1	0	1	1.8537453159644939
131200.0	3000.0	1494.6385950908814	0.0	0	158.005062459677	1694.6385950909753	1	0	1	2.259210424072658
132200.0	2000.0	1494.6385950908605	0.0	0	211.52838027998223	1694.6385950909462	1	0	1	1.4482802078563295
133200.0	2000.0	1494.638595090842	0.0	0	399.3815728832851	1694.6385950909462	1	0	1	1.8537453159644943
134200.0	2000.0	1494.6385950908295	0.0	0	470.0411896907317	1694.6385950909462	1	0	1	1.8537453159644945
135200.0	3000.0	1494.6385950908511	0.0	0	542.4491349337914	1694.6385950909753	1	0	1	1.853745315964493
136444.96702249168	6000.0	1249.6715725991687	0.0	0	0.0	1694.6385950909753	1	0	1	2.259210424072658
137873.09468777612	6000.0	821.5439073147237	0.0	0	0.0	1694.6385950909753	1	0	1	2.9523576046326028
138614.00775558938	2000.0	1080.6308395014817	0.0	0	0.0	1694.6385950910044	1	0	1	0.7551330272963819
139200.0	2000.0	1494.6385950908498	0.0	0	24.609472514828667	1694.6385950910044	1	0	1	1.8537453159644914
140200.0	3000.0	1494.638595090825	0.0	0	346.41482091491343	1694.6385950910044	1	0	1	1.8537453159644917
141209.41228056914	6000.0	1485.2263145216943	0.0	0	0.0	1694.6385950910044	1	0	1	2.259210424072656
143049.70129170376	6000.0	644.9373033870445	0.0	0	0.0	1694.6385950910335	1	0	1	2.952357604632599
143702.43394093265	2000.0	992.2046541581465	0.0	0	0.0	1694.6385950910626	1	0	1	0.7551330272963788
144200.0	2000.0	1494.6385950907943	0.0	0	60.5244194669649	1694.6385950910626	1	0	1	1.8537453159644883
145200.0	2000.0	1494.6385950908025	0.0	0	419.33663441298995	1694.6385950910917	1	0	1	1.8537453159644868
146785.22632639014	3000.0	909.4122687006679	0.0	0	0.0	1694.6385950910917	1	0	1	1.853745315964487
147340.9268254708	2000.0	1353.711769620034	0.0	0	0.0	1694.6385950910917	1	0	1	1.4482802078563222
148200.0	2000.0	1494.6385950908193	0.0	0	172.30969173589256	1694.6385950910917	1	0	1	1.8537453159644868
149200.0	2000.0	1494.6385950908111	0.0	0	153.38762485265033	1694.6385950910626	1	0	1	1.8537453159644883
150200.0	2000.0	1494.6385950908486	0.0	0	347.9995096133207	1694.6385950910917	1	0	1	1.8537453159644868
151285.22321168543	2000.0	1409.41538340544	0.0	0	0.0	1694.6385950910917	1	0	1	1.8537453159644868
152200.0	2000.0	1494.6385950908607	0.0	0	118.70739025261719	1694.6385950910626	1	0	1	1.8537453159644883
153200.0	2000.0	1494.6385950908518	0.0	0	414.77332611972815	1694.6385950910626	1	0	1	1.8537453159644883
154200.0	2000.0	1494.6385950908532	0.0	0	560.6906060153269	1694.6385950910626	1	0	1	1.8537453159644883
155200.0	2000.0	1494.6385950908432	0.0	0	311.6923065344454	1694.6385950910917	1	0	1	1.8537453159644868
156200.0	2000.0	1494.6385950908689	0.0	0	428.85692157407175	1694.6385950910917	1	0	1	1.8537453159644868
157200.0	2000.0	1494.6385950908727	0.0	0	487.5837326371984	1694.6385950910917	1	0	1	1.8537453159644868
158200.0	2000.0	1494.6385950908493	0.0	0	530.1584386097675	1694.6385950910917	1	0	1	1.8537453159644868
159200.0	3000.0	1494.6385950908586	0.0	0	155.49354990417487	1694.6385950910917	1	0	1	1.853745315964487
160200.0	3000.0	1494.6385950908625	0.0	0	457.17009577155113	1694.6385950910917	1	0	1	2.2592104240726516
161200.0	3000.0	1494.6385950908302	0.0	0	211.0789259307494	1694.6385950910917	1	0	1	2.2592104240726516
162422.39165415335	6000.0	1272.2469409374496	0.0	0	0.0	1694.6385950910626	1	0	1	2.259210424072653
163803.41988621608	6000.0	891.218708874712	0.0	0	0.0	1694.6385950910626	1	0	1	2.952357604632598
164266.72829069715	2000.0	1427.9103043936502	0.0	0	0.0	1694.6385950910626	1	0	1	0.7551330272963788
165200.0	2000.0	1494.6385950908304	0.0	0	399.39647906899336	1694.6385950910626	1	0	1	1.8537453159644883
166200.0	2000.0	1494.6385950908095	0.0	0	446.59349460704834	1694.6385950910626	1	0	1	1.8537453159644883
167200.0	2000.0	1494.6385950907897	0.0	0	96.6201841312286	1694.6385950910626	1	0	1	1.8537453159644883
168200.0	2000.0	1494.6385950907963	0.0	0	104.21117110681371	1694.6385950910626	1	0	1	1.8537453159644883
169200.0	2000.0	1494.6385950907857	0.0	0	392.6335157381254	1694.6385950910626	1	0	1	1.8537453159644883
170200.0	2000.0	1494.6385950907977	0.0	0	463.600015815784	1694.6385950910626	1	0	1	1.8537453159644883
171200.0	2000.0	1494.6385950907938	0.0	0	548.309288658289	1694.6385950910335	1	0	1	1.8537453159644899
172200.0	3000.0	1494.638595090799	0.0	0	301.76270045054844	1694.6385950910335	1	0	1	1.85374531596449
173200.0	3000.0	1494.6385950907652	0.0	0	551.1031958668027	1694.6385950910335	1	0	1	2.2592104240726547
175397.42166425617	6000.0	297.21693083458615	0.0	0	0.0	1694.6385950910335	1	0	1	2.2592104240726547
175921.62282778762	2000.0	773.0157673031248	0.0	0	0.0	1694.6385950910335	1	0	1	0.7551330272963802
176361.89314351205	2000.0	1332.745451578679	0.0	0	0.0	1694.6385950910044	1	0	1	1.8537453159644914
177200.0	3000.0	1494.638595090725	0.0	0	302.44475977041293	1694.6385950910335	1	0	1	1.85374531596449
178819.8652342513	6000.0	874.7733608393975	0.0	0	0.0	1694.6385950910335	1	0	1	2.2592104240726547
179576.008529195	2000.0	1118.630065895688	0.0	0	0.0	1694.6385950910044	1	0	1	0.7551330272963819
180538.55771360084	2000.0	1156.080881489852	0.0	0	0.0	1694.6385950909753	1	0	1	1.8537453159644928
181619.9550956644	2000.0	1074.6834994263209	0.0	0	0.0	1694.6385950909753	1	0	1	1.8537453159644928
182437.66772831234	2000.0	1256.970866778366	0.0	0	0.0	1694.6385950909753	1	0	1	1.8537453159644928
183200.0	2000.0	1494.6385950907281	0.0	0	18.128919906623196	1694.6385950910044	1	0	1	1.8537453159644923
184200.0	2000.0	1494.6385950907181	0.0	0	344.3709743274376	1694.6385950910044	1	0	1	1.8537453159644914
185200.0	2000.0	1494.638595090739	0.0	0	549.5480819337827	1694.6385950910335	1	0	1	1.8537453159644899
186200.0	2000.0	1494.6385950907613	0.0	0	547.2899041668861	1694.6385950910335	1	0	1	1.8537453159644899
187218.2356984293	3000.0	1476.4028966614876	0.0	0	0.0	1694.6385950910335	1	0	1	1.85374531596449
188200.0	2000.0	1494.6385950907752	0.0	0	414.3412911503692	1694.6385950910335	1	0	1	1.4482802078563253
189200.0	2000.0	1494.6385950907554	0.0	0	14.368139976810198	1694.6385950910335	1	0	1	1.8537453159644899
190200.0	2000.0	1494.638595090751	0.0	0	278.1444220065023	1694.6385950910335	1	0	1	1.8537453159644899
191200.0	2000.0	1494.638595090749	0.0	0	551.0123277986131	1694.6385950910335	1	0	1	1.8537453159644899
192200.0	2000.0	1494.638595090777	0.0	0	267.3575864446757	1694.6385950910626	1	0	1	1.8537453159644883
193200.0	2000.0	1494.6385950907647	0.0	0	493.479439157265	1694.6385950910335	1	0	1	1.8537453159644899
194200.0	2000.0	1494.6385950907552	0.0	0	375.700824199972	1694.6385950910626	1	0	1	1.8537453159644883
195200.0	3000.0	1494.6385950907684	0.0	0	298.26571241000784	1694.6385950910626	1	0	1	1.8537453159644885
196200.0	2000.0	1494.6385950907477	0.0	0	22.62489286068012	1694.6385950910626	1	0	1	1.4482802078563237
197200.0	2000.0	1494.6385950907536	0.0	0	384.17530454989173	1694.6385950910626	1	0	1	1.8537453159644883
198200.0	2000.0	1494.6385950907331	0.0	0	160.47372323976015	1694.6385950910335	1	0	1	1.8537453159644888
199237.97132001823	2000.0	1456.667275072492	0.0	0	0.0	1694.6385950910335	1	0	1	1.8537453159644899
200339.97262966962	2000.0	1354.6659654211117	0.0	0	0.0	1694.6385950910335	1	0	1	1.8537453159644899
201200.0	2000.0	1494.6385950907427	0.0	0	369.4674189633515	1694.6385950910335	1	0	1	1.8537453159644899
202200.0	2000.0	1494.638595090734	0.0	0	436.2537810441572	1694.6385950910335	1	0	1	1.8537453159644899
203200.0	2000.0	1494.6385950907063	0.0	0	72.82420915615512	1694.6385950910044	1	0	1	1.85374531596449
204200.0	2000.0	1494.638595090675	0.0	0	440.67618838508497	1694.6385950909753	1	0	1	1.8537453159644928
205200.0	2000.0	1494.6385950906938	0.0	0	530.8059498706425	1694.6385950910044	1	0	1	1.8537453159644914
206200.0	3000.0	1494.638595090697	0.0	0	239.39564165950287	1694.6385950910044	1	0	1	1.8537453159644917
207350.71866514636	3000.0	1343.9199299443735	0.0	0	0.0	1694.6385950910044	1	0	1	2.2592104240726565
208200.0	2000.0	1494.6385950907277	0.0	0	44.64439107730868	1694.6385950910335	1	0	1	1.4482802078563266
209200.0	2000.0	1494.6385950907397	0.0	0	293.71292940244894	1694.6385950910335	1	0	1	1.8537453159644899
210200.0	2000.0	1494.6385950907184	0.0	0	439.1590341598785	1694.6385950910626	1	0	1	1.8537453159644883
211200.0	2000.0	1494.638595090713	0.0	0	376.8056646802288	1694.6385950910626	1	0	1	1.8537453159644883
212200.0	2000.0	1494.6385950906997	0.0	0	502.6706516862323	1694.6385950910626	1	0	1	1.8537453159644883
213200.0	3000.0	1494.6385950907243	0.0	0	91.18459386966424	1694.6385950910626	1	0	1	1.8537453159644885
214200.0	3000.0	1494.6385950906958	0.0	0	130.7117863971216	1694.6385950910917	1	0	1	2.2592104240726516
216623.97007257194	6000.0	200.0	129.331477481276	0	0.0	1823.9700725723815	1	0	1	1.4817729730823141
217296.04650407808	2000.0	748.529131419392	220.60556292552826	0	0.0	2044.575635497924	1	0	1	-0.5903979414671015
217727.02919205185	2000.0	1317.546443445598	0.0	0	0.0	2044.5756354978948	1	0	1	1.8318477247541798
218445.10394795664	2000.0	1599.4716875408576	0.0	0	0.0	2044.5756354978948	1	0	1	1.8318477247541798
219377.8098549522	2000.0	1666.7657805452982	0.0	0	0.0	2044.5756354978948	1	0	1	1.8318477247541798
220200.0	2000.0	1844.5756354975042	0.0	0	268.1695340354927	2044.5756354978948	1	0	1	1.8318477247541798
221200.0	2000.0	1844.5756354974715	0.0	0	251.813074337726	2044.5756354978948	1	0	1	1.8318477247541798
222314.85875131935	2000.0	1729.7168841780835	0.0	0	0.0	2044.5756354978948	1	0	1	1.8318477247541798
223431.32485616882	2000.0	1613.2507793285822	0.0	0	0.0	2044.5756354978657	1	0	1	1.831847724754182
224285.95100679892	2000.0	1758.6246286984788	0.0	0	0.0	2044.5756354978948	1	0	1	1.8318477247541798
225200.0	2000.0	1844.5756354973953	0.0	0	294.2393070667458	2044.5756354978948	1	0	1	1.8318477247541798
226275.65351795286	2000.0	1768.9221175445437	0.0	0	0.0	2044.5756354978657	1	0	1	1.8318477247541807
227226.24385359258	2000.0	1818.331781904828	0.0	0	0.0	2044.5756354978366	1	0	1	1.8318477247541842
228262.19173186127	2000.0	1782.383903636127	0.0	0	0.0	2044.5756354978366	1	0	1	1.8318477247541842
229200.0	2000.0	1750.7948086835406	0.0	0	295.4500890149502	1950.7948086840042	1	0	2	1.436036548309779
230200.0	2000.0	1750.7948086835534	0.0	0	344.42877883528126	1950.7948086840042	1	0	1	1.63846081464145
231200.0	2000.0	1750.7948086835493	0.0	0	339.2630108023295	1950.7948086840042	1	0	1	1.8384608146414503
232200.0	2000.0	1750.794808683513	0.0	0	489.09734917848255	1950.7948086840042	1	0	1	1.8384608146414503
233200.0	3000.0	1650.794808683506	0.0	0	256.9536214011605	1850.7948086840042	1	0	2	1.4426715947954776
235084.6796442528	6000.0	766.1151644306973	0.0	0	0.0	1850.7948086840042	1	0	1	2.050347965407811
235577.41873603218	2000.0	1273.3760726513387	0.0	0	0.0	1850.7948086840333	1	0	1	0.7462705686315348
236221.13834392768	2000.0	1629.65646475585	0.0	0	0.0	1850.7948086840333	1	0	1	1.8448828572996445
237200.0	2000.0	1650.7948086835315	0.0	0	366.4874939566944	1850.7948086840042	1	0	1	1.844882857299646
238200.0	2000.0	1650.794808683521	0.0	0	308.36407644546125	1850.7948086840042	1	0	1	1.844882857299646
239200.0	3000.0	1550.7948086835504	0.0	0	318.67188856663415	1750.7948086840042	1	0	2	1.4486410559128169
241103.08634442138	6000.0	647.7084642621785	0.0	0	0.0	1750.7948086840042	1	0	1	2.056176977652675
241481.71208342665	2000.0	1269.0827252568854	0.0	0	0.0	1750.7948086840042	1	0	1	0.7520995808764006
242200.0	2000.0	1550.7948086835395	0.0	0	321.8477773127379	1750.7948086840042	1	0	1	1.8507118695445102
243200.0	3000.0	1550.7948086835415	0.0	0	337.17803878628183	1750.7948086839751	1	0	1	1.850711869544512
244931.17392080536	6000.0	819.6208878781621	0.0	0	0.0	1750.7948086839751	1	0	1	2.256176977652677
245297.38973026155	2000.0	1453.4050784219442	0.0	0	0.0	1750.7948086839751	1	0	1	0.7520995808764023
246200.0	3000.0	1550.7948086834697	0.0	0	175.91764689958654	1750.794808683946	1	0	1	1.8507118695445137
247248.99781247665	3000.0	1501.796996206818	0.0	0	0.0	1750.794808683946	1	0	1	2.2561769776526783
248200.0	2000.0	1455.6945899311233	0.0	0	494.5244946862513	1655.694589931576	1	0	2	1.0483029201558758
249200.0	2000.0	1455.6945899311395	0.0	0	726.5283976233331	1655.694589931576	1	0	1	1.6557537317637379
250200.0	3000.0	1455.694589931153	0.0	0	477.5089111904963	1655.694589931576	1	0	1	1.855753731763738
251200.0	3000.0	1455.6945899311795	0.0	0	442.7716578414256	1655.694589931576	1	0	1	2.2612188398719026
252719.81691921002	6000.0	935.8776707211462	0.0	0	0.0	1655.6945899316343	1	0	1	2.2612188398719004
253679.22826150863	2000.0	976.466328422538	0.0	0	0.0	1655.6945899316343	1	0	1	0.7571414430956255
254200.0	2000.0	1455.694589931152	0.0	0	26.457654932077276	1655.6945899316343	1	0	1	1.8557537317637351
255200.0	2000.0	1455.6945899311343	0.0	0	455.1259922962345	1655.6945899316343	1	0	1	1.8557537317637351
256200.0	2000.0	1455.6945899311293	0.0	0	532.7463379203982	1655.6945899316343	1	0	1	1.8557537317637351
257200.0	2000.0	1455.6945899311304	0.0	0	582.6340154921345	1655.6945899316343	1	0	1	1.8557537317637351
258200.0	3000.0	1455.6945899311281	0.0	0	311.6622961361427	1655.6945899316343	1	0	1	1.8557537317637354
259200.0	2000.0	1455.6945899311486	0.0	0	199.34440247443854	1655.6945899316343	1	0	1	1.4502886236555692
260200.0	2000.0	1455.6945899311463	0.0	0	140.13948782897205	1655.6945899316343	1	0	1	1.8557537317637351
261200.0	2000.0	1455.6945899311306	0.0	0	421.6812829084811	1655.6945899316343	1	0	1	1.8557537317637351
262200.0	2000.0	1455.6945899311004	0.0	0	185.5577585863066	1655.6945899316343	1	0	1	1.8557537317637351
263259.07976006175	2000.0	1396.6148298693738	0.0	0	0.0	1655.6945899316634	1	0	1	1.855753731763734
264263.00631783035	2000.0	1392.6882721008035	0.0	0	0.0	1655.6945899316925	1	0	1	1.855753731763732
265251.05215230637	2000.0	1404.642437624709	0.0	0	0.0	1655.6945899316925	1	0	1	1.855753731763732
266200.0	2000.0	1455.6945899310526	0.0	0	457.16135555831715	1655.6945899316343	1	0	1	1.8557537317637351
267200.0	2000.0	1455.69458993104	0.0	0	356.5587341800565	1655.694589931576	1	0	1	1.855753731763738
268200.0	2000.0	1455.6945899310301	0.0	0	3.70567926147487	1655.694589931576	1	0	1	1.855753731763738
269200.0	2000.0	1455.6945899310404	0.0	0	307.1131478009629	1655.6945899315178	1	0	1	1.855753731763741
270200.0	2000.0	1455.6945899310278	0.0	0	80.33526319538942	1655.694589931576	1	0	1	1.855753731763738
271200.0	2000.0	1455.6945899310194	0.0	0	502.4275193020003	1655.6945899316343	1	0	1	1.8557537317637351
272200.0	3000.0	1455.6945899310526	0.0	0	229.77323580073426	1655.6945899316343	1	0	1	1.8557537317637354
273325.2361072917	3000.0	1330.4584826393316	0.0	0	0.0	1655.6945899316343	1	0	1	2.261218839871901
274200.0	2000.0	1455.694589931066	0.0	0	120.68632272846298	1655.694589931576	1	0	1	1.4502886236555734
275200.0	2000.0	1455.6945899310604	0.0	0	449.6071338581969	1655.694589931576	1	0	1	1.855753731763738
276200.0	2000.0	1455.694589931061	0.0	0	489.2118046458927	1655.694589931576	1	0	1	1.855753731763738
277200.0	2000.0	1455.694589931062	0.0	0	357.2957017142908	1655.694589931576	1	0	1	1.855753731763738
278200.0	3000.0	1455.6945899309937	0.0	0	140.4222163486411	1655.694589931576	1	0	1	1.8557537317637358
279200.0	3000.0	1455.6945899309512	0.0	0	317.4731346006738	1655.694589931576	1	0	1	2.2612188398719026
280200.0	3000.0	1455.6945899309044	0.0	0	106.71352950588334	1655.6945899315178	1	0	1	2.2612188398719058
281200.0	2000.0	1455.6945899309194	0.0	0	12.856994211208075	1655.6945899315178	1	0	1	1.4502886236555763
282200.0	2000.0	1455.6945899308944	0.0	0	305.25947725970764	1655.6945899315178	1	0	1	1.855753731763741
283200.0	2000.0	1455.6945899309064	0.0	0	569.2112214316148	1655.6945899315178	1	0	1	1.855753731763741
284200.0	2000.0	1455.694589930904	0.0	0	642.9185278846999	1655.694589931576	1	0	1	1.855753731763738
285342.5750809685	6000.0	1313.1195089623777	0.0	0	0.0	1655.694589931576	1	0	1	1.8557537317637383
287020.54981007933	6000.0	635.1447798515392	0.0	0	0.0	1655.6945899315178	1	0	1	2.95436602043185
287560.56644732464	2000.0	1095.1281426061762	0.0	0	0.0	1655.6945899315178	1	0	1	0.7571414430956314
288200.0	2000.0	1455.6945899307448	0.0	0	83.42945951322326	1655.6945899315178	1	0	1	1.855753731763741
289200.0	3000.0	1455.6945899306986	0.0	0	416.3867510044365	1655.6945899315178	1	0	1	1.8557537317637411
290397.00348918897	6000.0	1258.6911007417307	0.0	0	0.0	1655.6945899315178	1	0	1	2.2612188398719058
291200.0	3000.0	1455.69458993065	0.0	0	248.4133318074164	1655.694589931576	1	0	1	1.5680716593119577
293385.95002840116	6000.0	269.74456152948756	0.0	0	0.0	1655.6945899315178	1	0	1	2.2612188398719058
293825.0706327328	2000.0	830.6239571978649	0.0	0	0.0	1655.6945899315178	1	0	1	0.7571414430956314
294620.097422717	2000.0	1035.5971672136832	0.0	0	0.0	1655.694589931576	1	0	1	1.855753731763738
295525.4818683443	2000.0	1130.2127215862974	0.0	0	0.0	1655.694589931576	1	0	1	1.855753731763738
296341.3268190534	2000.0	1314.3677708772793	0.0	0	0.0	1655.6945899316343	1	0	1	1.8557537317637351
297200.0	2000.0	1455.6945899306538	0.0	0	170.38565733807627	1655.6945899316343	1	0	1	1.8557537317637351
298200.0	2000.0	1455.6945899306918	0.0	0	71.70524780917913	1655.694589931576	1	0	1	1.8557537317637358
299200.0	2000.0	1455.6945899306857	0.0	0	521.0048067953903	1655.6945899315178	1	0	1	1.855753731763741
300200.0	2000.0	1455.6945899306595	0.0	0	1.100550021219533	1655.694589931576	1	0	1	1.855753731763738
4.25	2.95	2.87	3.07	4.1	4.14	4.61	4.31	5.24	6.09	4.22	2.99	3.06	2.36	2.42	3.88	3.42	3.93	4.44	5.22	3.12	2.56	3.97	6.43	4.72	4.0	1.34	2.51	2.27	2.71	3.41	3.94	3.93	3.79	3.48	2.33	2.88	3.96	3.63	3.31	3.72	3.37	2.78	2.55	3.28	2.88	1.61	3.6	2.95	2.85	3.08	4.03	3.79	3.51	2.84	3.58	3.43	3.32	4.0	4.27	4.46	2.78	3.7	2.51	4.27	2.91	3.01	2.79	2.49	1.66	2.04	2.97	1.85	2.91	2.34	3.22	3.13	3.16	4.19	5.6	3.74	4.66	3.85	3.61	3.96	5.1	4.1	3.72	4.91	5.51	3.96	5.42	4.81	1.9	4.05	6.23	4.56	4.37	3.71	2.0	3.31	3.45	3.78	4.03	3.9	2.73	3.24	4.46	3.41	2.56	1.7	2.42	3.6	2.47	2.48	3.32	2.64	4.58	3.98	2.68	3.49	3.51	3.6	3.57	4.08	4.25	2.71	2.46	2.84	4.31	5.4	5.46	6.34	2.9	3.89	5.71	4.65	4.42	3.74	3.85	4.12	2.36	2.83	3.9	2.51	3.38	2.36	2.72	2.76	2.82	4.25	2.95	2.87	3.07	4.1	4.14	4.61	4.31	5.24	6.09	4.22	2.99	3.06	2.36	2.42	3.88	3.42	3.93	4.44	5.22	3.12	2.56	3.97	6.43	4.72	4.0	1.34	2.51	2.27	2.71	3.41	3.94	3.93	3.79	3.48	2.33	2.88	3.96	3.63	3.31	3.72	3.37	2.78	2.55	3.28	2.88	1.61	3.6	2.95	2.85	3.08	4.03	3.79	3.51	2.84	3.58	3.43	3.32	4.0	4.27	4.46	2.78	3.7	2.51	4.27	2.91	3.01	2.79	2.49	1.66	2.04	2.97	1.85	2.91	2.34	3.22	3.13	3.16	4.19	5.6	3.74	4.66	3.85	3.61	3.96	5.1	4.1	3.72	4.91	5.51	3.96	5.42	4.81	1.9	4.05	6.23	4.56	4.37	3.71	2.0	3.31	3.45	3.78	4.03	3.9	2.73	3.24	4.46	3.41	2.56	1.7	2.42	3.6	2.47	2.48	3.32	2.64	4.58	3.98	2.68	3.49	3.51	3.6	3.57	4.08	4.25	2.71	2.46	2.84	4.31	5.4	5.46	6.34	2.9	3.89	5.71	4.65	4.42	3.74	3.85	4.12	2.36	2.83	3.9	2.51	3.38	2.36	2.72	2.76	2.82
1.0	2.0	3.0	4.0	5.0	6.0	7.0	8.0	9.0	10.0	11.0	12.0	13.0	14.0	15.0	16.0	17.0	18.0	19.0	20.0	21.0	22.0	23.0	24.0	25.0	26.0	27.0	28.0	29.0	30.0	31.0	32.0	33.0	34.0	35.0	36.0	37.0	38.0	39.0	40.0	41.0	42.0	43.0	44.0	45.0	46.0	47.0	48.0	49.0	50.0	51.0	52.0	53.0	54.0	55.0	56.0	57.0	58.0	59.0	60.0	61.0	62.0	63.0	64.0	65.0	66.0	67.0	68.0	69.0	70.0	71.0	72.0	73.0	74.0	75.0	76.0	77.0	78.0	79.0	80.0	81.0	82.0	83.0	84.0	85.0	86.0	87.0	88.0	89.0	90.0	91.0	92.0	93.0	94.0	95.0	96.0	97.0	98.0	99.0	100.0	101.0	102.0	103.0	104.0	105.0	106.0	107.0	108.0	109.0	110.0	111.0	112.0	113.0	114.0	115.0	116.0	117.0	118.0	119.0	120.0	121.0	122.0	123.0	124.0	125.0	126.0	127.0	128.0	129.0	130.0	131.0	132.0	133.0	134.0	135.0	136.0	137.0	138.0	139.0	140.0	141.0	142.0	143.0	144.0	145.0	146.0	147.0	148.0	149.0	149.0	150.0	151.0	152.0	153.0	154.0	155.0	156.0	157.0	158.0	159.0	160.0	161.0	162.0	163.0	164.0	165.0	166.0	167.0	168.0	169.0	170.0	171.0	172.0	173.0	174.0	175.0	176.0	177.0	178.0	179.0	180.0	181.0	182.0	183.0	184.0	185.0	186.0	187.0	188.0	189.0	190.0	191.0	192.0	193.0	194.0	195.0	196.0	197.0	198.0	199.0	200.0	201.0	202.0	203.0	204.0	205.0	206.0	207.0	208.0	209.0	210.0	211.0	212.0	213.0	214.0	215.0	216.0	217.0	218.0	219.0	220.0	221.0	222.0	223.0	224.0	225.0	226.0	227.0	228.0	229.0	230.0	231.0	232.0	233.0	234.0	235.0	236.0	237.0	238.0	239.0	240.0	241.0	242.0	243.0	244.0	245.0	246.0	247.0	248.0	249.0	250.0	251.0	252.0	253.0	254.0	255.0	256.0	257.0	258.0	259.0	260.0	261.0	262.0	263.0	264.0	265.0	266.0	267.0	268.0	269.0	270.0	271.0	272.0	273.0	274.0	275.0	276.0	277.0	278.0	279.0	280.0	281.0	282.0	283.0	284.0	285.0	286.0	287.0	288.0	289.0	290.0	291.0	292.0	293.0	294.0	295.0	296.0	297.0	298.0	298.0
4096.87566715327
