4900.200853664362	300.0	2000.0	274.7194153599582	0	0.0	4900.200853664362	1	0	1	-2.5910571691877387
6499.171821773846	2000.0	1241.1319350795675	0.0	0	0.0	4740.303756853413	1	0	2	-1.2998378431923132
7878.087198609385	2000.0	724.3250205604751	0.0	0	0.0	4602.41221916986	1	0	2	0.8883102543553637
8565.501084972882	1000.0	1036.9111341969765	0.0	0	0.0	4602.412219169859	1	0	1	-0.4720805765436853
8982.673092674042	1000.0	1619.739126495818	0.0	0	0.0	4602.41221916986	1	0	1	0.4210666040162593
10419.515821306817	2000.0	1039.2121249997654	0.0	0	0.0	4458.727946306582	1	0	2	0.08664431190117847
11307.673366266003	2000.0	1062.2388255446622	0.0	0	0.0	4369.912191810665	1	0	2	1.0390937933143385
12153.037676684702	2000.0	1132.3380840840928	0.0	0	0.0	4285.375760768794	1	0	2	1.086076395559226
12789.297945845512	1000.0	1496.0778149232826	0.0	0	0.0	4285.375760768795	1	0	1	-0.28954345238831203
13768.513009922104	2000.0	1418.9412444390323	0.0	0	0.0	4187.454254361137	1	0	2	0.23999298121727125
14656.719258415638	2000.0	1441.9143710961482	0.0	0	0.0	4098.633629511785	1	0	2	1.175659823827637
15780.688026137454	2000.0	1205.5487266021519	0.0	0	0.0	3986.2367527396054	1	0	2	1.2236470977274578
16696.900023446273	2000.0	1197.7155295624502	0.0	0	0.0	3894.6155530087217	1	0	2	1.2652772027868924
17333.96107566065	2000.0	1560.6544773480741	0.0	0	0.0	3894.6155530087217	1	0	1	1.2727121497948382
18377.58095762278	2000.0	1517.0345953859483	0.0	0	0.0	3894.615553008729	1	0	1	1.4727121497948374
19217.732390164954	2000.0	1676.8831628437674	0.0	0	0.0	3894.6155530087217	1	0	1	1.4727121497948374
20018.819199201258	2000.0	1795.6876729038331	0.0	0	0.0	3814.506872105092	1	0	2	1.0949686456830603
20752.286216604312	2000.0	2062.220655500782	0.0	0	0.0	3814.506872105092	1	0	1	1.3027672928958143
21632.743421308514	2000.0	2093.7177303261606	0.0	0	0.0	3726.4611516346704	1	0	2	1.126373630717822
22439.63873256463	2000.0	2286.822419070043	0.0	0	0.0	3726.4611516346704	1	0	1	1.3336572717817332
24057.984533480263	2000.0	1668.4766181544082	0.0	0	0.0	3726.4611516346667	1	0	1	1.5336572717817345
25576.881583628336	2000.0	997.6898629915231	0.0	0	0.0	3574.571446619848	1	0	2	1.171395722655429
26040.33678642603	1000.0	1534.2346601938334	0.0	0	0.0	3574.571446619848	1	0	1	-0.004300209874342542
27155.114591616166	2000.0	1419.4568550036972	0.0	0	0.0	3574.5714466198515	1	0	1	0.8888469706856017
28090.90565856128	2000.0	1483.6657880585828	0.0	0	0.0	3574.5714466198515	1	0	1	1.5819941512455469
28970.732629617167	2000.0	1603.8388170026956	0.0	0	0.0	3574.5714466198515	1	0	1	1.5819941512455469
29506.31117778291	2000.0	2068.2602688369534	0.0	0	0.0	3574.571446619855	1	0	1	1.5819941512455458
30345.820337866448	2000.0	2144.800192745064	0.0	0	0.0	3490.620530611508	1	0	2	1.2002945438225294
31584.683303915743	2000.0	1905.9372266957694	0.0	0	0.0	3490.620530611508	1	0	1	1.4061974591120223
32431.307810532977	2000.0	2059.3127200785348	0.0	0	0.0	3490.6205306115044	1	0	1	1.6061974591120234
33261.37796964001	2000.0	2146.235545060801	0.0	0	0.0	3407.6135147008026	1	0	2	1.2229540021857992
34218.27884383576	2000.0	2189.3346708650542	0.0	0	0.0	3407.61351470081	1	0	1	1.4284903836476872
34912.391351248414	2000.0	2495.222163452402	0.0	0	0.0	3407.6135147008135	1	0	1	1.6284903836476854
35974.733168233855	3000.0	2326.646164768417	0.0	0	0.0	3301.379333002271	1	0	2	1.2482462966435577
36741.603509429595	3000.0	2483.0887894531083	0.0	0	0.0	3224.6922988827064	1	0	2	1.872856311449664
37883.70555589948	3000.0	2226.7765383362203	0.0	0	0.0	3110.482094235711	1	0	2	1.8936623818256058
39414.78349399373	2000.0	1695.69860024197	0.0	0	0.0	3110.482094235711	1	0	1	1.0908486911708795
40631.468250304766	2000.0	1479.0138439309399	0.0	0	0.0	3110.4820942357183	1	0	1	1.696313799279043
41652.5770262814	2000.0	1457.9050679543018	0.0	0	0.0	3110.4820942357183	1	0	1	1.696313799279043
42551.261840221094	1000.0	1559.2202540146063	0.0	0	0.0	3110.4820942357183	1	0	1	0.3100194381591525
43181.65129306933	1000.0	1928.8308011663764	0.0	0	0.0	3110.4820942357183	1	0	1	1.0031666187190977
43863.990657622446	1000.0	2246.4914366132593	0.0	0	0.0	3110.4820942357183	1	0	1	1.0031666187190977
44387.90664532716	1000.0	2722.575448908554	0.0	0	0.0	3110.4820942357183	1	0	1	1.0031666187190977
45200.0	2000.0	2910.4820942357064	0.0	0	119.74743900640169	3110.4820942357183	1	0	1	1.0031666187190975
46200.0	2000.0	2910.4820942357064	0.0	0	106.05058946809004	3110.4820942357183	1	0	1	1.696313799279043
47200.0	2000.0	2910.4820942357064	0.0	0	188.26057613558078	3110.4820942357183	1	0	1	1.696313799279043
48400.809072365504	3000.0	2589.5921146336514	0.0	0	0.0	2990.4011869991737	1	0	2	1.312572357720374
49982.40484226167	2000.0	2007.9963447374864	0.0	0	0.0	2990.4011869991664	1	0	1	1.1135689300475689
51122.42238689907	2000.0	1867.9788001000884	0.0	0	0.0	2990.4011869991664	1	0	1	1.7190340381557336
52109.74779237857	2000.0	1880.6533946205884	0.0	0	0.0	2990.4011869991664	1	0	1	1.7190340381557336
53299.74147124356	2000.0	1690.6597157556064	0.0	0	0.0	2990.4011869991664	1	0	1	1.7190340381557336
54622.363072348424	2000.0	1368.0381146507389	0.0	0	0.0	2990.4011869991737	1	0	1	1.7190340381557323
55195.35805613004	1000.0	1795.043130869123	0.0	0	0.0	2990.4011869991737	1	0	1	0.332739677035842
55841.42089596604	2000.0	2148.980291033129	0.0	0	0.0	2990.401186999181	1	0	1	1.0258868575957858
56588.213665718526	2000.0	2402.187521280651	0.0	0	0.0	2990.401186999181	1	0	1	1.719034038155731
57659.942703910936	2000.0	2330.4584830882395	0.0	0	0.0	2990.401186999181	1	0	1	1.719034038155731
58532.06019340963	2000.0	2458.3409935895506	0.0	0	0.0	2990.401186999181	1	0	1	1.719034038155731
59436.81884218381	2000.0	2553.5823448153546	0.0	0	0.0	2990.4011869991737	1	0	1	1.7190340381557323
60399.83684792684	2000.0	2590.564339072327	0.0	0	0.0	2990.4011869991737	1	0	1	1.7190340381557323
61200.0	2000.0	2790.4011869991687	0.0	0	14.095382418912777	2990.4011869991737	1	0	1	1.7190340381557323
62447.49216400922	2000.0	2542.9090229899416	0.0	0	0.0	2990.4011869991664	1	0	1	1.7190340381557336
63925.95438034273	2000.0	2064.4468066564345	0.0	0	0.0	2990.4011869991664	1	0	1	1.7190340381557336
64910.44163568545	1000.0	2079.9595513137247	0.0	0	0.0	2990.4011869991664	1	0	1	0.3327396770358433
65659.94404962487	1000.0	2330.4571373742992	0.0	0	0.0	2990.401186999159	1	0	1	1.025886857595789
66695.6534595593	2000.0	2294.747727439868	0.0	0	0.0	2990.401186999152	1	0	1	1.0258868575957911
67397.47204437431	1000.0	2592.929142624857	0.0	0	0.0	2990.401186999152	1	0	1	0.3327396770358456
68456.68381024682	2000.0	2533.717376752351	0.0	0	0.0	2990.4011869991446	1	0	1	1.0258868575957911
69735.0941223546	2000.0	2255.3070646445613	0.0	0	0.0	2990.4011869991373	1	0	1	1.7190340381557387
70912.72199296928	2000.0	2077.679194029878	0.0	0	0.0	2990.4011869991373	1	0	1	1.7190340381557387
71911.92229271853	2000.0	2078.478894280627	0.0	0	0.0	2990.4011869991373	1	0	1	1.7190340381557387
73161.50840340983	2000.0	1828.892783589327	0.0	0	0.0	2990.401186999152	1	0	1	1.719034038155736
74527.54621502222	2000.0	1462.8549719769403	0.0	0	0.0	2990.4011869991664	1	0	1	1.7190340381557336
75501.49921470619	2000.0	1488.9019722929706	0.0	0	0.0	2990.4011869991664	1	0	1	1.7190340381557336
76561.54436658627	2000.0	1428.8568204129049	0.0	0	0.0	2990.4011869991664	1	0	1	1.7190340381557336
77183.00689503943	1000.0	1807.3942919597484	0.0	0	0.0	2990.4011869991664	1	0	1	0.3327396770358433
78258.62367731909	2000.0	1731.7775096800872	0.0	0	0.0	2990.4011869991664	1	0	1	1.0258868575957885
79144.28844580575	2000.0	1846.1127411934322	0.0	0	0.0	2990.4011869991664	1	0	1	1.7190340381557336
80236.38746118268	2000.0	1754.0137258165128	0.0	0	0.0	2990.4011869991664	1	0	1	1.7190340381557336
81199.34257384081	2000.0	1791.0586131583811	0.0	0	0.0	2990.4011869991664	1	0	1	1.7190340381557336
82758.22999420683	2000.0	1232.1711927923518	0.0	0	0.0	2990.4011869991664	1	0	1	1.7190340381557336
83295.10688770829	1000.0	1695.2942992908982	0.0	0	0.0	2990.4011869991664	1	0	1	0.3327396770358433
84631.51450589889	2000.0	1358.886681100299	0.0	0	0.0	2990.401186999152	1	0	1	1.0258868575957911
85403.54134982447	2000.0	1586.8598371747053	0.0	0	0.0	2990.401186999152	1	0	1	1.719034038155736
86110.63046773286	2000.0	1879.7707192663265	0.0	0	0.0	2990.401186999152	1	0	1	1.719034038155736
87184.59228188203	2000.0	1805.808905117164	0.0	0	0.0	2990.401186999152	1	0	1	1.719034038155736
88567.15880606612	2000.0	1423.24238093308	0.0	0	0.0	2990.4011869991373	1	0	1	1.7190340381557387
89120.99444370178	1000.0	1869.406743297398	0.0	0	0.0	2990.4011869991373	1	0	1	0.3327396770358484
90375.51193947297	2000.0	1614.8892475262194	0.0	0	0.0	2990.401186999152	1	0	1	1.0258868575957911
91296.0554092813	1000.0	1694.3457777178858	0.0	0	0.0	2990.401186999152	1	0	1	0.3327396770358459
91807.189298449	1000.0	2183.211888550193	0.0	0	0.0	2990.401186999152	1	0	1	1.0258868575957911
92739.9938086386	2000.0	2250.407378360602	0.0	0	0.0	2990.401186999152	1	0	1	1.0258868575957911
93779.28168572938	2000.0	2211.1195012698286	0.0	0	0.0	2990.4011869991373	1	0	1	1.7190340381557387
94769.48380722148	2000.0	2220.917379777724	0.0	0	0.0	2990.4011869991373	1	0	1	1.7190340381557387
96131.76341890155	2000.0	1858.6377680976386	0.0	0	0.0	2990.4011869991373	1	0	1	1.7190340381557387
97127.0179176652	2000.0	1863.383269333983	0.0	0	0.0	2990.4011869991227	1	0	1	1.7190340381557414
98095.56329101582	2000.0	1894.8378959833688	0.0	0	0.0	2990.4011869991227	1	0	1	1.7190340381557414
99253.41589957547	2000.0	1736.9852874237126	0.0	0	0.0	2990.4011869991227	1	0	1	1.7190340381557414
100183.02716491607	2000.0	1807.3740220831025	0.0	0	0.0	2990.4011869991227	1	0	1	1.7190340381557414
101381.19899639711	2000.0	1609.202190602055	0.0	0	0.0	2990.4011869991227	1	0	1	1.7190340381557414
102500.64853971582	2000.0	1489.7526472833238	0.0	0	0.0	2990.401186999108	1	0	1	1.719034038155744
103455.31590630699	2000.0	1535.0852806921534	0.0	0	0.0	2990.401186999108	1	0	1	1.719034038155744
104795.19942300544	2000.0	1195.2017639937	0.0	0	0.0	2990.401186999108	1	0	1	1.719034038155744
105472.41296348539	1000.0	1517.9882235137354	0.0	0	0.0	2990.401186999108	1	0	1	0.33273967703585366
106811.59944320071	2000.0	1178.8017437984165	0.0	0	0.0	2990.401186999108	1	0	1	1.0258868575957987
107370.340854196	1000.0	1620.0603328031452	0.0	0	0.0	2990.4011869990936	1	0	1	0.3327396770358564
107921.66572937743	2000.0	2068.73545762171	0.0	0	0.0	2990.401186999108	1	0	1	1.0258868575957987
108501.20071041105	2000.0	2489.20047658809	0.0	0	0.0	2990.4011869991227	1	0	1	1.7190340381557414
109799.66059629533	2000.0	2190.740590703808	0.0	0	0.0	2990.401186999108	1	0	1	1.719034038155744
111337.28180800068	2000.0	1653.1193789984623	0.0	0	0.0	2990.401186999108	1	0	1	1.719034038155744
111925.1663208423	2000.0	2065.2348661568476	0.0	0	0.0	2990.401186999108	1	0	1	1.719034038155744
113018.87073095553	2000.0	1971.5304560436116	0.0	0	0.0	2990.401186999108	1	0	1	1.719034038155744
113762.17366943744	2000.0	2228.2275175617233	0.0	0	0.0	2990.4011869991227	1	0	1	1.7190340381557414
114831.643687064	2000.0	2158.7574999351555	0.0	0	0.0	2990.4011869991227	1	0	1	1.7190340381557414
115597.75727850008	2000.0	2392.6439084990834	0.0	0	0.0	2990.4011869991373	1	0	1	1.7190340381557387
116321.64089166508	2000.0	2668.760295334089	0.0	0	0.0	2990.4011869991373	1	0	1	1.7190340381557387
117200.0	2000.0	2790.401186999168	0.0	0	181.27033122777357	2990.4011869991373	1	0	1	1.7190340381557387
118200.0	2000.0	2790.401186999168	0.0	0	181.2185046011	2990.4011869991373	1	0	1	1.7190340381557387
119200.0	2000.0	2790.401186999158	0.0	0	241.68432566865522	2990.4011869991373	1	0	1	1.7190340381557387
120200.0	2000.0	2790.4011869991537	0.0	0	196.55393881190685	2990.4011869991373	1	0	1	1.7190340381557387
121200.0	2000.0	2790.401186999174	0.0	0	216.4370816188748	2990.4011869991373	1	0	1	1.7190340381557387
122200.0	2000.0	2790.401186999167	0.0	0	39.58142145408783	2990.4011869991373	1	0	1	1.7190340381557387
123200.0	2000.0	2790.401186999158	0.0	0	70.62339059716032	2990.4011869991373	1	0	1	1.7190340381557387
124301.4843130226	2000.0	2688.916873976566	0.0	0	0.0	2990.4011869991373	1	0	1	1.7190340381557387
125200.0	2000.0	2790.4011869991687	0.0	0	70.10391869058367	2990.4011869991373	1	0	1	1.7190340381557387
126960.16531631089	3000.0	1854.219339057196	0.0	0	0.0	2814.384655368034	1	0	2	1.3419874585133862
127760.21378657146	2000.0	2054.170868796619	0.0	0	0.0	2814.384655368034	1	0	1	1.142702786643118
128232.63757239719	2000.0	2581.747082970887	0.0	0	0.0	2814.384655368034	1	0	1	1.7481678947512829
130278.46888609864	3000.0	1331.3326378992988	0.0	0	0.0	2609.8015239978995	1	0	2	1.3653930994483456
131555.11484149258	2000.0	1054.6866825053253	0.0	0	0.0	2609.8015239978704	1	0	1	1.1711325904124035
132059.51420130546	1000.0	1550.2873226924423	0.0	0	0.0	2609.801523997856	1	0	1	0.3903033374006807
132879.58137394924	2000.0	1730.2201500486485	0.0	0	0.0	2609.8015239978704	1	0	1	1.0834505179606264
134111.5087315473	2000.0	1498.2927924506048	0.0	0	0.0	2609.801523997885	1	0	1	1.7765976985205687
135103.09551991816	2000.0	1506.7060040797523	0.0	0	0.0	2609.801523997885	1	0	1	1.7765976985205687
137257.0607611475	2000.0	352.740762850402	0.0	0	0.0	2609.801523997885	1	0	1	1.7765976985205687
137617.13568469623	500.0	992.6658393016521	0.0	0	0.0	2609.801523997885	1	0	1	-0.9959910237192124
138259.79691932478	1000.0	1350.0046046730995	0.0	0	0.0	2609.801523997885	1	0	1	0.39030333740067813
139033.66599796916	2000.0	1576.1355260287162	0.0	0	0.0	2609.801523997885	1	0	1	1.0834505179606235
140183.56630794174	2000.0	1426.2352160561234	0.0	0	0.0	2609.801523997885	1	0	1	1.7765976985205687
140973.08404795092	2000.0	1636.7174760469409	0.0	0	0.0	2609.801523997885	1	0	1	1.7765976985205687
141671.91904987575	2000.0	1937.8824741221172	0.0	0	0.0	2609.801523997885	1	0	1	1.7765976985205687
142729.39992886496	2000.0	1880.401595132936	0.0	0	0.0	2609.801523997885	1	0	1	1.7765976985205687
143789.35466294756	2000.0	1820.4468610503259	0.0	0	0.0	2609.801523997856	1	0	1	1.7765976985205725
144668.2362039105	2000.0	1941.5653200873862	0.0	0	0.0	2609.801523997856	1	0	1	1.7765976985205725
146073.81697589534	2000.0	1535.9845481025193	0.0	0	0.0	2609.801523997856	1	0	1	1.7765976985205725
147289.26322449336	2000.0	1320.5382995045065	0.0	0	0.0	2609.801523997856	1	0	1	1.7765976985205725
147794.50709261687	1000.0	1815.2944313810094	0.0	0	0.0	2609.801523997856	1	0	1	0.3903033374006821
148997.10488726042	2000.0	1612.696636737437	0.0	0	0.0	2609.801523997856	1	0	1	1.0834505179606273
150351.35851855215	2000.0	1258.4430054457248	0.0	0	0.0	2609.801523997856	1	0	1	1.7765976985205725
151100.76012310837	2000.0	1509.0414008894907	0.0	0	0.0	2609.8015239978267	1	0	1	1.7765976985205763
152052.31354599172	2000.0	1557.487978006155	0.0	0	0.0	2609.8015239977976	1	0	1	1.7765976985205798
152721.89052949753	2000.0	1887.9109945003602	0.0	0	0.0	2609.8015239978267	1	0	1	1.7765976985205763
154031.9260142452	2000.0	1577.8755097526866	0.0	0	0.0	2609.8015239978267	1	0	1	1.7765976985205763
154906.14163097506	1000.0	1703.659893022844	0.0	0	0.0	2609.8015239978267	1	0	1	0.3903033374006858
156203.3929568121	2000.0	1406.4085671858084	0.0	0	0.0	2609.8015239978267	1	0	1	1.0834505179606309
156993.0990504754	1000.0	1616.702473522514	0.0	0	0.0	2609.8015239978267	1	0	1	0.3903033374006858
158371.1617101365	2000.0	1238.6398138614027	0.0	0	0.0	2609.8015239977976	1	0	1	1.0834505179606346
159098.25334003783	1000.0	1511.5481839600543	0.0	0	0.0	2609.8015239977976	1	0	1	0.39030333740068945
160135.50920179003	2000.0	1474.2923222078632	0.0	0	0.0	2609.8015239977976	1	0	1	1.0834505179606346
161030.5449482924	2000.0	1579.2565757054715	0.0	0	0.0	2609.8015239977685	1	0	1	1.7765976985205834
161770.1939963039	2000.0	1839.6075276940228	0.0	0	0.0	2609.8015239977685	1	0	1	1.7765976985205834
162542.4534076295	2000.0	2067.3481163683828	0.0	0	0.0	2609.8015239977394	1	0	1	1.776597698520586
163321.31798509654	2000.0	2288.4835389013365	0.0	0	0.0	2609.8015239977394	1	0	1	1.7765976985205874
164615.96163481707	2000.0	1993.8398891808158	0.0	0	0.0	2609.8015239977394	1	0	1	1.7765976985205874
165716.52225437647	2000.0	1893.2792696213833	0.0	0	0.0	2609.8015239977394	1	0	1	1.7765976985205874
166567.2166568823	2000.0	2042.5848671155554	0.0	0	0.0	2609.8015239977394	1	0	1	1.7765976985205874
167422.82052455473	2000.0	2186.9809994431034	0.0	0	0.0	2609.8015239977685	1	0	1	1.7765976985205834
168215.7547114491	2000.0	2394.046812548759	0.0	0	0.0	2609.8015239977685	1	0	1	1.7765976985205834
169200.0	2000.0	2409.801523997879	0.0	0	59.16491015613428	2609.8015239977976	1	0	1	1.7765976985205798
170200.0	2000.0	2409.80152399787	0.0	0	133.260228809173	2609.8015239978267	1	0	1	1.7765976985205763
171225.11164574136	2000.0	2384.6898782565086	0.0	0	0.0	2609.8015239978267	1	0	1	1.7765976985205763
172671.25855616984	2000.0	1938.5429678280234	0.0	0	0.0	2609.8015239978267	1	0	1	1.7765976985205763
174255.84085729893	2000.0	1353.9606666989303	0.0	0	0.0	2609.8015239978267	1	0	1	1.7765976985205763
174814.5328805836	1000.0	1795.2686434142777	0.0	0	0.0	2609.8015239978267	1	0	1	0.3903033374006858
175987.6765376336	2000.0	1622.124986364271	0.0	0	0.0	2609.8015239978267	1	0	1	1.0834505179606309
176886.65166376095	2000.0	1723.1498602369609	0.0	0	0.0	2609.801523997856	1	0	1	1.7765976985205725
177633.5378333211	2000.0	1976.2636906767952	0.0	0	0.0	2609.8015239978267	1	0	1	1.7765976985205763
178262.41059062124	2000.0	2347.39093337669	0.0	0	0.0	2609.8015239977976	1	0	1	1.7765976985205798
179252.28594038863	2000.0	2258.5280486325646	0.0	0	0.0	2510.8139890210587	1	0	2	1.3856869733976034
180488.12424709118	2000.0	1899.1059112597407	0.0	0	0.0	2387.230158350809	1	0	2	1.5983335738260016
181763.98443929316	2000.0	1623.2457190577977	0.0	0	0.0	2387.230158350838	1	0	1	1.6019369631006324
182417.20859073137	2000.0	1970.0215676195653	0.0	0	0.0	2387.230158350838	1	0	1	1.8019369631006326
183282.2853967857	2000.0	2104.9447615652452	0.0	0	0.0	2387.230158350838	1	0	1	1.8019369631006326
184200.0	2000.0	2187.230158350938	0.0	0	340.2059157702606	2387.230158350867	1	0	1	1.8019369631006297
185200.0	2000.0	2187.230158350956	0.0	0	438.4391556243645	2387.230158350867	1	0	1	1.8019369631006297
186200.0	3000.0	2087.230158350956	0.0	0	100.54378687287681	2287.230158350867	1	0	2	1.4088138623109172
188620.025095745	3000.0	425.20255303144035	0.0	0	0.0	2045.2276487763156	1	0	2	2.0317502692858005
189360.68060560635	1000.0	684.5470431700753	0.0	0	0.0	2045.2276487763447	1	0	1	-0.1599598457996612
190328.72955948891	2000.0	716.4980892875075	0.0	0	0.0	2045.2276487763156	1	0	1	1.1386524428684477
191266.3618254319	1000.0	778.8658233445321	0.0	0	0.0	2045.2276487763156	1	0	1	0.44550526230850424
192038.03183937864	1000.0	1007.1958093978051	0.0	0	0.0	2045.2276487763156	1	0	1	1.1386524428684495
192685.19272763774	1000.0	1360.034921138731	0.0	0	0.0	2045.2276487763447	1	0	1	1.1386524428684472
193441.66528522252	1000.0	1603.5623635539346	0.0	0	0.0	2045.2276487763156	1	0	1	1.1386524428684486
194284.81445918485	2000.0	1760.4131895916082	0.0	0	0.0	2045.2276487763447	1	0	1	1.1386524428684472
195335.07034331033	2000.0	1710.157305466128	0.0	0	0.0	2045.2276487763738	1	0	1	1.831799623428392
196200.0	2000.0	1845.2276487764423	0.0	0	71.52309919844265	2045.2276487763447	1	0	1	1.8317996234283922
197200.0	2000.0	1845.2276487764375	0.0	0	179.14565259232768	2045.2276487763447	1	0	1	1.8317996234283922
198230.55480722347	2000.0	1814.6728415529817	0.0	0	0.0	2045.2276487763738	1	0	1	1.8317996234283904
199681.67992051825	2000.0	1363.5477282581733	0.0	0	0.0	2045.2276487763738	1	0	1	1.8317996234283904
200871.28562162598	2000.0	1173.9420271504523	0.0	0	0.0	2045.2276487763447	1	0	1	1.8317996234283918
201737.3924346089	2000.0	1307.835214167526	0.0	0	0.0	2045.2276487763447	1	0	1	1.8317996234283922
203043.57925705047	2000.0	1001.64839172594	0.0	0	0.0	2045.2276487763447	1	0	1	1.8317996234283922
203577.8062137063	1000.0	1467.421435070119	0.0	0	0.0	2045.2276487763738	1	0	1	0.44550526230849996
204816.84747730577	2000.0	1228.380171470646	0.0	0	0.0	2045.227648776403	1	0	1	1.1386524428684435
205754.30008784117	2000.0	1290.927560935226	0.0	0	0.0	2045.227648776403	1	0	1	1.8317996234283882
206706.13668560848	2000.0	1339.090963167887	0.0	0	0.0	2045.227648776432	1	0	1	1.8317996234283864
207760.0367141881	2000.0	1285.1909345882605	0.0	0	0.0	2045.227648776432	1	0	1	1.831799623428386
208490.38395591077	2000.0	1554.8436928656115	0.0	0	0.0	2045.227648776432	1	0	1	1.831799623428386
209619.09396773524	2000.0	1426.1336810411162	0.0	0	0.0	2045.227648776403	1	0	1	1.8317996234283873
210650.7259065643	2000.0	1394.5017422120463	0.0	0	0.0	2045.2276487763738	1	0	1	1.8317996234283904
211753.4139598732	2000.0	1291.8136889031714	0.0	0	0.0	2045.2276487763738	1	0	1	1.8317996234283904
213728.27021223266	2000.0	316.9574365437052	0.0	0	0.0	2045.2276487763738	1	0	1	1.8317996234283904
214346.3620161124	500.0	737.8791322461672	39.01349958222619	0	0.0	2084.24114835856	1	0	1	-1.1778038674203166
215006.0294704415	1000.0	1078.2116779170485	0.0	0	0.0	2084.24114835856	1	0	1	0.44257149119293265
215689.95024400542	1000.0	1394.2909043531522	0.0	0	0.0	2084.24114835856	1	0	1	1.135718671752878
216497.01640248057	1000.0	1587.2247458779805	0.0	0	0.0	2084.24114835856	1	0	1	1.135718671752878
217307.49910625	2000.0	1776.7420421085508	0.0	0	0.0	2084.24114835856	1	0	1	1.135718671752878
218599.79442797956	2000.0	1484.4467203789839	0.0	0	0.0	2084.2411483585893	1	0	1	1.8288658523128218
219761.5748628581	2000.0	1322.6662855004606	0.0	0	0.0	2084.2411483586184	1	0	1	1.8288658523128196
221038.37119982726	2000.0	1045.8699485313089	0.0	0	0.0	2084.2411483586475	1	0	1	1.8288658523128165
222056.72527163127	2000.0	1027.5158767272615	0.0	0	0.0	2084.2411483586184	1	0	1	1.8288658523128187
222671.95489326798	1000.0	1412.2862550905622	0.0	0	0.0	2084.2411483586475	1	0	1	0.4425714911929262
224046.69786878713	2000.0	1037.5432795714114	0.0	0	0.0	2084.2411483586475	1	0	1	1.1357186717528713
225113.14256927618	2000.0	971.0985790823838	0.0	0	0.0	2084.2411483586475	1	0	1	1.8288658523128165
226465.11654819082	2000.0	619.1246001677312	0.0	0	0.0	2084.2411483586475	1	0	1	1.8288658523128165
226969.97618324254	1000.0	1114.2649651160361	0.0	0	0.0	2084.2411483586475	1	0	1	0.4425714911929262
228178.9081777158	2000.0	905.3329706427826	0.0	0	0.0	2084.2411483586766	1	0	1	1.1357186717528691
228527.40993785879	1000.0	1556.8312104997967	0.0	0	0.0	2084.2411483586766	1	0	1	0.442571491192924
229571.248705479	2000.0	1512.9924428796041	0.0	0	0.0	2084.2411483586766	1	0	1	1.1357186717528691
231110.2442457444	2000.0	973.9969026142237	0.0	0	0.0	2084.2411483587057	1	0	1	1.8288658523128125
231608.86009136774	1000.0	1475.3810569909165	0.0	0	0.0	2084.2411483587057	1	0	1	0.4425714911929218
232555.71586865166	2000.0	1528.5252797069968	0.0	0	0.0	2084.2411483587057	1	0	1	1.135718671752867
233550.73491435155	2000.0	1533.5062340071022	0.0	0	0.0	2084.2411483587057	1	0	1	1.828865852312813
234552.51289766017	2000.0	1531.7282506984895	0.0	0	0.0	2084.2411483587057	1	0	1	1.828865852312812
235389.0619647581	2000.0	1695.1791836005937	0.0	0	0.0	2084.241148358735	1	0	1	1.8288658523128098
236200.0	2000.0	1884.241148358692	0.0	0	64.96569994228776	2084.241148358764	1	0	1	1.8288658523128076
237200.0	2000.0	1884.2411483586852	0.0	0	160.59684037492843	2084.241148358764	1	0	1	1.8288658523128076
238501.07699269097	2000.0	1583.1641556677087	0.0	0	0.0	2084.241148358764	1	0	1	1.8288658523128076
239878.52398688268	2000.0	1205.7171614759843	0.0	0	0.0	2084.241148358764	1	0	1	1.8288658523128076
240679.63947284827	1000.0	1404.6016755103974	0.0	0	0.0	2084.241148358764	1	0	1	0.4425714911929172
241599.9320483072	2000.0	1484.3091000514307	0.0	0	0.0	2084.241148358764	1	0	1	1.1357186717528625
242234.9687094207	2000.0	1849.27243893794	0.0	0	0.0	2084.241148358764	1	0	1	1.8288658523128076
243200.0	2000.0	1884.241148358652	0.0	0	245.99894777478767	2084.241148358793	1	0	1	1.8288658523128054
244424.2765969114	2000.0	1659.9645514472288	0.0	0	0.0	2084.241148358822	1	0	1	1.8288658523128032
245490.83702831366	2000.0	1593.4041200449715	0.0	0	0.0	2084.241148358851	1	0	1	1.8288658523128023
246371.97526910927	2000.0	1712.2658792493469	0.0	0	0.0	2084.241148358851	1	0	1	1.828865852312801
247720.54296491336	2000.0	1363.698183445287	0.0	0	0.0	2084.241148358822	1	0	1	1.8288658523128023
248809.07152754779	2000.0	1275.1696208108579	0.0	0	0.0	2084.241148358851	1	0	1	1.828865852312801
249737.11443556493	2000.0	1347.1267127937545	0.0	0	0.0	2084.241148358851	1	0	1	1.828865852312801
251093.1311638977	2000.0	991.1099844609777	0.0	0	0.0	2084.241148358822	1	0	1	1.8288658523128032
251648.57466565806	1000.0	1435.666482700595	0.0	0	0.0	2084.241148358822	1	0	1	0.4425714911929128
252485.3044926696	2000.0	1598.936655689045	0.0	0	0.0	2084.241148358822	1	0	1	1.135718671752858
253423.47087487738	2000.0	1660.7702734812515	0.0	0	0.0	2084.241148358822	1	0	1	1.8288658523128032
254647.4583975323	2000.0	1436.78275082635	0.0	0	0.0	2084.241148358851	1	0	1	1.8288658523128019
256024.45060878768	2000.0	1059.7905395709383	0.0	0	0.0	2084.2411483588803	1	0	1	1.8288658523127987
256545.1724726373	1000.0	1539.0686757213239	0.0	0	0.0	2084.2411483588803	1	0	1	0.44257149119290834
257200.0	2000.0	1884.2411483586159	0.0	0	62.02714122252655	2084.2411483588803	1	0	1	1.1357186717528536
258323.68431309302	2000.0	1760.5568352655744	0.0	0	0.0	2084.2411483588803	1	0	1	1.8288658523127987
259576.47710069933	2000.0	1507.7640476592778	0.0	0	0.0	2084.2411483588803	1	0	1	1.8288658523127987
260839.2549254395	2000.0	1244.9862229191024	0.0	0	0.0	2084.2411483588803	1	0	1	1.8288658523127987
261743.11984629807	2000.0	1341.1213020605176	0.0	0	0.0	2084.2411483588803	1	0	1	1.8288658523127987
262727.9271498178	2000.0	1356.3139985407688	0.0	0	0.0	2084.2411483589094	1	0	1	1.828865852312797
263603.4872931315	2000.0	1480.7538552271192	0.0	0	0.0	2084.2411483589094	1	0	1	1.8288658523127943
264401.17760457395	2000.0	1683.0635437846822	0.0	0	0.0	2084.2411483589676	1	0	1	1.8288658523127925
265200.0	2000.0	1884.2411483586077	0.0	0	47.84324547124561	2084.241148359026	1	0	1	1.8288658523127874
266200.0	2000.0	1884.2411483586168	0.0	0	168.54104438290233	2084.241148359084	1	0	1	1.828865852312783
267346.6979968439	2000.0	1737.543151514701	0.0	0	0.0	2084.241148359026	1	0	1	1.8288658523127839
268259.5458334119	2000.0	1824.6953149466408	0.0	0	0.0	2084.241148359026	1	0	1	1.8288658523127874
269200.0	2000.0	1884.241148358587	0.0	0	233.15222008741694	2084.2411483589676	1	0	1	1.8288658523127919
270323.4455169597	2000.0	1760.7956313988805	0.0	0	0.0	2084.2411483589676	1	0	1	1.8288658523127919
271200.0	2000.0	1884.2411483585095	0.0	0	183.7916036460665	2084.2411483589676	1	0	1	1.8288658523127919
272373.09805653844	2000.0	1711.1430918200974	0.0	0	0.0	2084.2411483589676	1	0	1	1.8288658523127919
273394.56944569555	2000.0	1689.6717026630186	0.0	0	0.0	2084.241148359026	1	0	1	1.82886585231279
274200.0	2000.0	1884.2411483585006	0.0	0	219.64478774461895	2084.2411483589676	1	0	1	1.8288658523127919
275200.0	2000.0	1884.2411483584772	0.0	0	26.19820823246846	2084.2411483589676	1	0	1	1.8288658523127919
276327.504037197	2000.0	1756.7371111614627	0.0	0	0.0	2084.2411483589676	1	0	1	1.8288658523127919
277200.0	2000.0	1884.2411483584756	0.0	0	339.66842933546286	2084.241148359026	1	0	1	1.8288658523127874
278200.0	2000.0	1884.2411483584578	0.0	0	444.2194181740633	2084.2411483589676	1	0	1	1.8288658523127919
280009.08854408725	2000.0	894.2437498625115	0.0	0	0.0	1903.332293950196	1	0	2	1.4392966391505067
281586.38946289493	2000.0	316.94283105485636	0.0	0	0.0	1903.332293950196	1	0	1	1.641586378766341
282204.5801066626	1000.0	701.8143610383486	3.0621737511261244	0	0.0	1906.3944677013205	1	0	1	0.4367216198177306
283103.4568743704	2000.0	802.9375933306385	0.0	0	0.0	1906.3944677013787	1	0	1	1.1482418428844288
284359.6521724719	2000.0	546.7422952290447	0.0	0	0.0	1906.3944677013787	1	0	1	1.841389023444374
285473.20330839924	1000.0	433.19115930167027	0.0	0	0.0	1906.3944677013787	1	0	1	0.4550946623244836
286280.5822939616	1000.0	625.812173739322	0.0	0	0.0	1906.3944677013787	1	0	1	1.1482418428844288
286730.1365514727	1000.0	1176.2579162282618	0.0	0	0.0	1906.3944677013787	1	0	1	1.1482418428844288
287531.2031581894	2000.0	1375.1913095115563	0.0	0	0.0	1906.3944677013787	1	0	1	1.1482418428844288
288278.2069674044	2000.0	1628.1875002965262	0.0	0	0.0	1906.3944677013205	1	0	1	1.8413890234443777
289325.8902244837	2000.0	1580.5042432171888	0.0	0	0.0	1906.3944677013205	1	0	1	1.8413890234443777
290302.86663062836	2000.0	1603.527837072505	0.0	0	0.0	1906.3944677013205	1	0	1	1.8413890234443777
291277.0067759279	2000.0	1629.387691772965	0.0	0	0.0	1906.3944677013205	1	0	1	1.8413890234443777
292200.0	2000.0	1706.3944677008265	0.0	0	248.9224450198817	1906.3944677013205	1	0	1	1.8413890234443777
293521.2050567456	2000.0	1385.18941095519	0.0	0	0.0	1906.3944677013205	1	0	1	1.8413890234443777
294830.65195703256	2000.0	1075.7425106682185	0.0	0	0.0	1906.3944677013205	1	0	1	1.8413890234443777
296275.9331386478	2000.0	630.4613290529686	0.0	0	0.0	1906.3944677013787	1	0	1	1.841389023444374
296708.85968914046	1000.0	1197.5347785603049	0.0	0	0.0	1906.3944677013787	1	0	1	0.4550946623244836
297389.6089358336	2000.0	1516.7855318672023	0.0	0	0.0	1906.3944677013787	1	0	1	1.1482418428844288
298200.0	2000.0	1706.394467700811	0.0	0	123.45547269238159	1906.3944677013787	1	0	1	1.841389023444374
299285.4584424612	2000.0	1620.9360252396348	0.0	0	0.0	1906.394467701437	1	0	1	1.84138902344437
300200.0	2000.0	1706.3944677008308	0.0	0	226.9943673548405	1906.394467701437	1	0	1	1.84138902344437
1.3	1.49	1.92	1.67	1.96	1.75	2.19	1.87	2.17	2.43	1.85	1.77	2.98	2.61	2.41	2.58	1.98	2.25	1.46	1.81	1.46	2.03	2.25	2.54	3.08	2.65	1.96	1.66	2.5	2.54	3.29	4.15	3.01	1.58	1.46	1.49	2.27	1.3	1.23	1.36	2.2	2.22	2.53	2.56	1.46	1.66	1.68	2.02	1.85	1.9	1.8	2.44	2.4	2.2	2.5	1.83	2.19	1.56	1.77	0.86	0.98	1.83	1.48	1.82	1.89	2.25	1.9	1.89	1.63	1.58	2.02	2.34	1.49	1.82	1.82	2.5	2.1	1.31	1.99	1.75	2.51	2.24	2.51	1.75	1.71	1.66	1.32	1.91	2.48	2.31	2.06	1.93	2.43	1.71	1.83	1.92	2.22	1.67	1.85	2.03	1.78	2.15	1.61	2.88	2.12	1.95	1.55	2.48	2.26	2.32	1.9	2.85	2.37	1.88	2.64	2.48	1.93	2.49	2.21	2.04	2.94	1.52	2.47	3.43	2.97	0.97	1.88	1.53	2.14	2.19	1.64	1.07	1.23	1.97	2.12	1.96	2.57	2.51	2.37	2.05	1.54	1.77	1.58	2.18	2.29	1.6	3.1	2.76	2.05	2.11	1.3	1.49	1.92	1.67	1.96	1.75	2.19	1.87	2.17	2.43	1.85	1.77	2.98	2.61	2.41	2.58	1.98	2.25	1.46	1.81	1.46	2.03	2.25	2.54	3.08	2.65	1.96	1.66	2.5	2.54	3.29	4.15	3.01	1.58	1.46	1.49	2.27	1.3	1.23	1.36	2.2	2.22	2.53	2.56	1.46	1.66	1.68	2.02	1.85	1.9	1.8	2.44	2.4	2.2	2.5	1.83	2.19	1.56	1.77	0.86	0.98	1.83	1.48	1.82	1.89	2.25	1.9	1.89	1.63	1.58	2.02	2.34	1.49	1.82	1.82	2.5	2.1	1.31	1.99	1.75	2.51	2.24	2.51	1.75	1.71	1.66	1.32	1.91	2.48	2.31	2.06	1.93	2.43	1.71	1.83	1.92	2.22	1.67	1.85	2.03	1.78	2.15	1.61	2.88	2.12	1.95	1.55	2.48	2.26	2.32	1.9	2.85	2.37	1.88	2.64	2.48	1.93	2.49	2.21	2.04	2.94	1.52	2.47	3.43	2.97	0.97	1.88	1.53	2.14	2.19	1.64	1.07	1.23	1.97	2.12	1.96	2.57	2.51	2.37	2.05	1.54	1.77	1.58	2.18	2.29	1.6	3.1	2.76	2.05	2.11
1.0	2.0	3.0	4.0	5.0	6.0	7.0	8.0	9.0	10.0	11.0	12.0	13.0	14.0	15.0	16.0	17.0	18.0	19.0	20.0	21.0	22.0	23.0	24.0	25.0	26.0	27.0	28.0	29.0	30.0	31.0	32.0	33.0	34.0	35.0	36.0	37.0	38.0	39.0	40.0	41.0	42.0	43.0	44.0	45.0	46.0	47.0	48.0	49.0	50.0	51.0	52.0	53.0	54.0	55.0	56.0	57.0	58.0	59.0	60.0	61.0	62.0	63.0	64.0	65.0	66.0	67.0	68.0	69.0	70.0	71.0	72.0	73.0	74.0	75.0	76.0	77.0	78.0	79.0	80.0	81.0	82.0	83.0	84.0	85.0	86.0	87.0	88.0	89.0	90.0	91.0	92.0	93.0	94.0	95.0	96.0	97.0	98.0	99.0	100.0	101.0	102.0	103.0	104.0	105.0	106.0	107.0	108.0	109.0	110.0	111.0	112.0	113.0	114.0	115.0	116.0	117.0	118.0	119.0	120.0	121.0	122.0	123.0	124.0	125.0	126.0	127.0	128.0	129.0	130.0	131.0	132.0	133.0	134.0	135.0	136.0	137.0	138.0	139.0	140.0	141.0	142.0	143.0	144.0	145.0	146.0	147.0	148.0	149.0	149.0	150.0	151.0	152.0	153.0	154.0	155.0	156.0	157.0	158.0	159.0	160.0	161.0	162.0	163.0	164.0	165.0	166.0	167.0	168.0	169.0	170.0	171.0	172.0	173.0	174.0	175.0	176.0	177.0	178.0	179.0	180.0	181.0	182.0	183.0	184.0	185.0	186.0	187.0	188.0	189.0	190.0	191.0	192.0	193.0	194.0	195.0	196.0	197.0	198.0	199.0	200.0	201.0	202.0	203.0	204.0	205.0	206.0	207.0	208.0	209.0	210.0	211.0	212.0	213.0	214.0	215.0	216.0	217.0	218.0	219.0	220.0	221.0	222.0	223.0	224.0	225.0	226.0	227.0	228.0	229.0	230.0	231.0	232.0	233.0	234.0	235.0	236.0	237.0	238.0	239.0	240.0	241.0	242.0	243.0	244.0	245.0	246.0	247.0	248.0	249.0	250.0	251.0	252.0	253.0	254.0	255.0	256.0	257.0	258.0	259.0	260.0	261.0	262.0	263.0	264.0	265.0	266.0	267.0	268.0	269.0	270.0	271.0	272.0	273.0	274.0	275.0	276.0	277.0	278.0	279.0	280.0	281.0	282.0	283.0	284.0	285.0	286.0	287.0	288.0	289.0	290.0	291.0	292.0	293.0	294.0	295.0	296.0	297.0	298.0	298.0
4285.6308997312135
