2496.3728773103844	500.0	2000.0	165.01815941429047	0	0.0	2496.3728773103844	1	0	1	-1.0934377506765476
3200.0	2000.0	2296.3728773103844	0.0	0	183.43371729398268	2496.3728773103844	1	0	1	0.4038792998038058
4290.3494495496125	6000.0	2206.023427760772	0.0	0	0.0	2496.3728773103844	1	0	1	1.7901736609236965
5579.566783664841	6000.0	1916.8060936455452	0.0	0	0.0	2496.3728773103862	1	0	1	2.888785949591806
6529.9562851288365	2000.0	1966.4165921815488	0.0	0	0.0	2496.372877310386	1	0	1	0.6915613722555867
7349.389154697188	2000.0	2065.0404356563618	0.0	0	0.0	2414.4295903535503	1	0	2	1.397214496523635
9711.292839244046	6000.0	703.1367511095032	0.0	0	0.0	2414.4295903535503	1	0	1	1.5991179467531533
10250.3032716226	2000.0	1164.12631873095	0.0	0	0.0	2414.4295903535512	1	0	1	0.700505658085044
10932.01498711004	2000.0	1482.4146032435103	0.0	0	0.0	2414.4295903535512	1	0	1	1.7991179467531535
11533.630218114968	2000.0	1880.7993722385813	0.0	0	0.0	2414.4295903535512	1	0	1	1.7991179467531535
12381.904250641343	2000.0	2032.5253397122067	0.0	0	0.0	2414.4295903535512	1	0	1	1.7991179467531535
13200.0	2000.0	2214.429590353548	0.0	0	149.54714859515116	2414.4295903535494	1	0	1	1.7991179467531537
14200.0	2000.0	2214.4295903535485	0.0	0	172.0237269463505	2414.4295903535476	1	0	1	1.7991179467531537
15200.0	2000.0	2214.429590353549	0.0	0	414.9246960130222	2414.4295903535476	1	0	1	1.7991179467531537
16463.683627466005	2000.0	1950.7459628875424	0.0	0	0.0	2414.429590353546	1	0	1	1.799117946753154
17200.0	2000.0	2140.797953100146	0.0	0	182.15842508191417	2340.797953100142	1	0	2	1.403858877864215
18200.0	2000.0	2140.7979531001447	0.0	0	278.0531355344974	2340.797953100142	1	0	1	1.6065845352167318
19200.0	3000.0	2040.7979531001465	0.0	0	146.62339885057008	2240.79795310014	1	0	2	1.4130199850896565
20200.0	3000.0	1940.7979531001433	0.0	0	299.0760186460393	2140.79795310014	1	0	2	2.0268093010812134
21291.84569533522	3000.0	1739.7676882314022	0.0	0	0.0	2031.613383566615	1	0	2	2.036105327268214
22200.0	3000.0	1740.797953100141	0.0	0	282.4413097972647	1940.7979531001292	1	0	2	2.0422368716070296
23200.0	3000.0	1640.7979531001445	0.0	0	368.7341994306298	1840.7979531001292	1	0	2	2.0485999590075012
24200.0	3000.0	1540.7979531001497	0.0	0	122.92432593241756	1740.7979531001292	1	0	2	2.054983761124669
25593.462891932013	3000.0	1007.9887719749298	0.0	0	0.0	1601.4516639069188	1	0	2	2.0620940048994187
26327.076737823223	2000.0	1274.3749260837199	0.0	0	0.0	1601.4516639069188	1	0	1	1.2529620086797684
27453.649948929364	2000.0	1147.8017149775792	0.0	0	0.0	1601.4516639069188	1	0	1	1.8584271167879332
28590.719796031222	2000.0	1010.7318678757242	0.0	0	0.0	1601.4516639069188	1	0	1	1.8584271167879332
29359.336270446012	2000.0	1242.115393460936	0.0	0	0.0	1601.4516639069188	1	0	1	1.8584271167879332
30200.0	2000.0	1401.4516639069504	0.0	0	197.48145980601112	1601.4516639069188	1	0	1	1.8584271167879332
31200.0	2000.0	1401.451663906949	0.0	0	670.1160281795055	1601.4516639069188	1	0	1	1.8584271167879332
32200.0	2000.0	1401.4516639069504	0.0	0	498.21841191026033	1601.4516639069188	1	0	1	1.8584271167879332
33200.0	2000.0	1401.4516639069552	0.0	0	250.6046987258851	1601.4516639069261	1	0	1	1.8584271167879332
34200.0	3000.0	1401.451663906953	0.0	0	313.4522362163334	1601.4516639069225	1	0	1	1.858427116787933
35200.0	3000.0	1401.4516639069527	0.0	0	351.44560682914744	1601.4516639069261	1	0	1	2.2638922248960975
36200.0	2000.0	1401.451663906953	0.0	0	648.6854340946084	1601.4516639069334	1	0	1	1.4529620086797679
37200.0	3000.0	1401.451663906956	0.0	0	49.992265243017755	1601.4516639069334	1	0	1	1.8584271167879325
38379.166746418356	3000.0	1222.2849174886014	0.0	0	0.0	1601.4516639069334	1	0	1	2.263892224896097
39200.0	2000.0	1401.4516639069636	0.0	0	176.7379065143541	1601.4516639069334	1	0	1	1.4529620086797679
40200.0	2000.0	1401.451663906961	0.0	0	523.4177828986067	1601.4516639069334	1	0	1	1.8584271167879325
41200.0	2000.0	1401.451663906961	0.0	0	431.23142833804013	1601.4516639069334	1	0	1	1.8584271167879325
42200.0	2000.0	1401.4516639069668	0.0	0	440.49489676029043	1601.4516639069407	1	0	1	1.858427116787932
43237.33555658467	3000.0	1364.1161073222916	0.0	0	0.0	1601.4516639069407	1	0	1	1.8584271167879323
44200.0	2000.0	1401.451663906971	0.0	0	529.2701531176644	1601.4516639069407	1	0	1	1.4529620086797674
45259.69986960766	3000.0	1341.7517942993054	0.0	0	0.0	1601.4516639069407	1	0	1	1.8584271167879323
46264.23249327175	2000.0	1337.2191706352066	0.0	0	0.0	1601.4516639069407	1	0	1	1.4529620086797674
47200.0	2000.0	1401.4516639069714	0.0	0	39.201812367020466	1601.4516639069407	1	0	1	1.858427116787932
48200.0	2000.0	1401.4516639069714	0.0	0	531.4414627886727	1601.4516639069407	1	0	1	1.858427116787932
49200.0	2000.0	1401.4516639069702	0.0	0	454.4865260678198	1601.4516639069407	1	0	1	1.858427116787932
50200.0	3000.0	1401.4516639069718	0.0	0	81.31060208183044	1601.4516639069407	1	0	1	1.8584271167879323
51200.0	2000.0	1401.4516639069666	0.0	0	341.7369216251682	1601.4516639069407	1	0	1	1.4529620086797674
52200.0	2000.0	1401.4516639069595	0.0	0	471.7215072586623	1601.4516639069407	1	0	1	1.858427116787932
53200.0	2000.0	1401.4516639069543	0.0	0	382.0258435536962	1601.4516639069407	1	0	1	1.858427116787932
54200.0	2000.0	1401.451663906947	0.0	0	456.6534864066052	1601.4516639069407	1	0	1	1.858427116787932
55200.0	2000.0	1401.4516639069475	0.0	0	227.23808831654605	1601.4516639069407	1	0	1	1.858427116787932
56255.142652831106	2000.0	1346.3090110758437	0.0	0	0.0	1601.4516639069407	1	0	1	1.858427116787932
57200.0	2000.0	1401.4516639069475	0.0	0	330.5713039935654	1601.4516639069407	1	0	1	1.858427116787932
58200.0	2000.0	1401.45166390694	0.0	0	98.14626783514541	1601.4516639069407	1	0	1	1.858427116787932
59200.0	2000.0	1401.4516639069434	0.0	0	420.0051903419735	1601.4516639069407	1	0	1	1.858427116787932
60200.0	2000.0	1401.451663906942	0.0	0	310.53706187011267	1601.4516639069407	1	0	1	1.858427116787932
61200.0	2000.0	1401.4516639069423	0.0	0	247.31383972476033	1601.4516639069407	1	0	1	1.858427116787932
62200.0	2000.0	1401.4516639069443	0.0	0	90.8725107546561	1601.4516639069407	1	0	1	1.858427116787932
63223.78114639452	2000.0	1377.670517512429	0.0	0	0.0	1601.4516639069407	1	0	1	1.858427116787932
64200.0	2000.0	1401.4516639069436	0.0	0	455.1411614609606	1601.4516639069334	1	0	1	1.8584271167879325
65200.0	2000.0	1401.4516639069425	0.0	0	156.64228943194757	1601.4516639069334	1	0	1	1.8584271167879325
66200.0	2000.0	1401.4516639069502	0.0	0	439.181059137627	1601.4516639069407	1	0	1	1.8584271167879323
67200.0	3000.0	1401.45166390695	0.0	0	384.1013716509042	1601.4516639069334	1	0	1	1.8584271167879325
68200.0	3000.0	1401.4516639069489	0.0	0	55.36386837399914	1601.4516639069334	1	0	1	2.263892224896097
69200.0	2000.0	1401.4516639069636	0.0	0	111.29938253024011	1601.4516639069334	1	0	1	1.4529620086797679
70200.0	2000.0	1401.4516639069684	0.0	0	490.89407244860195	1601.451663906948	1	0	1	1.8584271167879318
71200.0	2000.0	1401.4516639069784	0.0	0	182.01151034790382	1601.451663906948	1	0	1	1.8584271167879318
72294.10366081679	2000.0	1307.3480030902012	0.0	0	0.0	1601.451663906948	1	0	1	1.8584271167879318
73273.87909351588	2000.0	1327.572570391113	0.0	0	0.0	1601.451663906948	1	0	1	1.8584271167879318
74241.76255238846	2000.0	1359.6891115185294	0.0	0	0.0	1601.451663906948	1	0	1	1.8584271167879318
75200.0	2000.0	1401.4516639070127	0.0	0	200.8605613411928	1601.4516639069625	1	0	1	1.858427116787931
76200.0	2000.0	1401.4516639069939	0.0	0	177.90412611568172	1601.4516639069625	1	0	1	1.858427116787931
77200.0	2000.0	1401.4516639070064	0.0	0	370.733775076209	1601.4516639069625	1	0	1	1.858427116787931
78200.0	2000.0	1401.4516639070105	0.0	0	494.1651806650043	1601.4516639069625	1	0	1	1.858427116787931
79200.0	2000.0	1401.4516639070096	0.0	0	299.4235622920969	1601.4516639069625	1	0	1	1.858427116787931
80200.0	2000.0	1401.451663907018	0.0	0	495.6901409019629	1601.4516639069625	1	0	1	1.858427116787931
81200.0	2000.0	1401.4516639070034	0.0	0	298.65097614853585	1601.4516639069625	1	0	1	1.858427116787931
82428.38481836543	3000.0	1173.0668455415753	0.0	0	0.0	1601.4516639069625	1	0	1	1.8584271167879312
83200.0	2000.0	1401.451663907017	0.0	0	61.99401196336839	1601.4516639069625	1	0	1	1.4529620086797663
84200.0	2000.0	1401.451663907019	0.0	0	418.9470369413175	1601.4516639069625	1	0	1	1.858427116787931
85200.0	2000.0	1401.4516639070118	0.0	0	543.4317511788395	1601.451663906948	1	0	1	1.8584271167879318
86200.0	2000.0	1401.4516639070168	0.0	0	369.40546252591594	1601.451663906948	1	0	1	1.8584271167879318
87200.0	2000.0	1401.4516639070291	0.0	0	256.6829828474147	1601.451663906948	1	0	1	1.8584271167879318
88200.0	2000.0	1401.451663907018	0.0	0	546.8004058523657	1601.4516639069334	1	0	1	1.8584271167879325
89400.49235823646	2000.0	1200.9593056705758	0.0	0	0.0	1601.4516639069334	1	0	1	1.8584271167879325
90200.0	2000.0	1401.45166390701	0.0	0	157.17300689012336	1601.4516639069334	1	0	1	1.8584271167879325
91200.0	2000.0	1401.4516639070034	0.0	0	474.4020530817943	1601.4516639069334	1	0	1	1.8584271167879325
92200.0	2000.0	1401.4516639070014	0.0	0	454.81571679443005	1601.4516639069334	1	0	1	1.8584271167879325
93200.0	2000.0	1401.4516639070002	0.0	0	413.7538309590891	1601.4516639069334	1	0	1	1.8584271167879325
94472.33981130765	3000.0	1129.1118525993606	0.0	0	0.0	1601.4516639069334	1	0	1	1.8584271167879325
95592.98787507798	2000.0	1008.4637888290326	0.0	0	0.0	1601.4516639069334	1	0	1	1.4529620086797679
96421.48600110486	2000.0	1179.9656628021428	0.0	0	0.0	1601.4516639069334	1	0	1	1.8584271167879325
97200.0	2000.0	1401.451663907003	0.0	0	84.66190579286194	1601.4516639069334	1	0	1	1.8584271167879325
98200.0	2000.0	1401.451663907019	0.0	0	313.6849242445169	1601.451663906948	1	0	1	1.8584271167879318
99200.0	2000.0	1401.4516639070089	0.0	0	70.46474495535949	1601.451663906948	1	0	1	1.8584271167879318
100200.0	2000.0	1401.4516639070089	0.0	0	405.49444021104136	1601.451663906948	1	0	1	1.8584271167879318
101200.0	2000.0	1401.451663907015	0.0	0	305.9023680222599	1601.451663906948	1	0	1	1.8584271167879318
102200.0	2000.0	1401.451663907008	0.0	0	441.6061875001469	1601.451663906948	1	0	1	1.8584271167879318
103200.0	2000.0	1401.4516639070089	0.0	0	468.3115341287921	1601.4516639069625	1	0	1	1.858427116787931
104200.0	2000.0	1401.4516639070055	0.0	0	187.49071398335218	1601.4516639069625	1	0	1	1.858427116787931
105200.0	2000.0	1401.451663906995	0.0	0	173.80614637861436	1601.451663906977	1	0	1	1.8584271167879305
106200.0	2000.0	1401.4516639069852	0.0	0	323.8986077352165	1601.4516639069625	1	0	1	1.858427116787931
107200.0	2000.0	1401.45166390698	0.0	0	564.7200397268607	1601.4516639069625	1	0	1	1.858427116787931
108200.0	3000.0	1401.451663906971	0.0	0	397.3619948038249	1601.4516639069625	1	0	1	1.8584271167879312
109200.0	6000.0	1401.4516639069789	0.0	0	120.90497382928152	1601.4516639069625	1	0	1	2.2638922248960958
110417.60754859983	6000.0	1183.8441153071533	0.0	0	0.0	1601.4516639069625	1	0	1	2.9570394054560407
111200.0	3000.0	1401.451663906984	0.0	0	50.13645649224054	1601.451663906948	1	0	1	1.5707450443361517
112200.0	3000.0	1401.4516639069773	0.0	0	177.02906103123678	1601.451663906948	1	0	1	2.2638922248960966
113200.0	2000.0	1401.4516639069652	0.0	0	465.9381529410457	1601.451663906948	1	0	1	1.4529620086797672
114200.0	2000.0	1401.451663906971	0.0	0	110.18760993654723	1601.451663906948	1	0	1	1.8584271167879318
115200.0	2000.0	1401.4516639069657	0.0	0	438.00074856495485	1601.451663906948	1	0	1	1.8584271167879318
116200.0	3000.0	1401.4516639069825	0.0	0	54.42862656323996	1601.451663906948	1	0	1	1.858427116787932
117200.0	3000.0	1401.4516639069761	0.0	0	603.2306484541477	1601.451663906948	1	0	1	2.2638922248960966
118928.54101931652	6000.0	672.9106445904554	0.0	0	0.0	1601.451663906948	1	0	1	2.263892224896096
119476.20994799532	2000.0	1125.2417159116344	0.0	0	0.0	1601.451663906948	1	0	1	0.7598148281198221
120200.0	2000.0	1401.4516639069611	0.0	0	65.29095867856813	1601.451663906948	1	0	1	1.8584271167879318
121200.0	2000.0	1401.4516639069527	0.0	0	298.6339491446997	1601.4516639069625	1	0	1	1.858427116787931
122200.0	2000.0	1401.451663906947	0.0	0	514.9956929372711	1601.451663906948	1	0	1	1.8584271167879318
123200.0	2000.0	1401.4516639069489	0.0	0	578.3797741949529	1601.451663906948	1	0	1	1.8584271167879318
124200.0	6000.0	1401.4516639069363	0.0	0	197.65297427319456	1601.4516639069334	1	0	1	1.8584271167879327
125901.51629296369	6000.0	699.9353709432556	0.0	0	0.0	1601.4516639069334	1	0	1	2.957039405456042
126373.80275492824	2000.0	1227.648908978691	0.0	0	0.0	1601.4516639069334	1	0	1	0.7598148281198228
127200.0	2000.0	1401.4516639069398	0.0	0	411.1203021706315	1601.4516639069334	1	0	1	1.8584271167879325
128200.0	2000.0	1401.451663906941	0.0	0	368.0526078448165	1601.4516639069334	1	0	1	1.8584271167879325
129200.0	3000.0	1401.451663906928	0.0	0	12.393674226026633	1601.4516639069188	1	0	1	1.8584271167879334
130200.0	2000.0	1401.4516639069323	0.0	0	498.43626655508706	1601.4516639069188	1	0	1	1.4529620086797685
131200.0	3000.0	1401.4516639069218	0.0	0	494.26573392839055	1601.4516639069188	1	0	1	1.8584271167879334
133396.70262680156	6000.0	204.74903710537245	0.0	0	0.0	1601.451663906948	1	0	1	2.2638922248960966
134261.84487946506	2000.0	572.206301520544	232.5995170786818	0	0.0	1834.0511809856398	1	0	1	-0.6483107128551788
134919.3249793219	2000.0	914.7262016637453	0.0	0	0.0	1834.051180985669	1	0	1	1.8458986782850202
135531.795944189	2000.0	1302.2552367966123	0.0	0	0.0	1834.051180985669	1	0	1	1.8458986782850202
136200.0	2000.0	1634.0511809856248	0.0	0	41.279572487896075	1834.051180985698	1	0	1	1.8458986782850182
137200.0	2000.0	1634.0511809856368	0.0	0	167.04067503317492	1834.051180985698	1	0	1	1.8458986782850182
138200.0	2000.0	1634.0511809856382	0.0	0	348.8091681539663	1834.051180985698	1	0	1	1.8458986782850182
139200.0	2000.0	1634.051180985669	0.0	0	521.3465417761763	1834.051180985698	1	0	1	1.8458986782850182
141449.49611597054	6000.0	384.5550650151413	0.0	0	0.0	1834.0511809857271	1	0	1	1.8458986782850166
142035.87708985634	2000.0	798.1740911293521	0.0	0	0.0	1834.051180985698	1	0	1	0.7472863896169085
142626.79340587457	2000.0	1207.2577751111394	0.0	0	0.0	1834.051180985698	1	0	1	1.8458986782850182
143326.5491781713	2000.0	1507.5020028144238	0.0	0	0.0	1834.051180985698	1	0	1	1.8458986782850182
144200.0	2000.0	1634.0511809857235	0.0	0	149.06757095758803	1834.051180985698	1	0	1	1.8458986782850182
145290.4670177056	2000.0	1543.5841632801055	0.0	0	0.0	1834.051180985669	1	0	1	1.8458986782850202
146200.0	2000.0	1543.0978827562708	0.0	0	462.3368685285677	1743.0978827562358	1	0	2	1.4490126724985626
147200.0	2000.0	1543.0978827562449	0.0	0	187.89910967869218	1743.0978827562649	1	0	1	1.6511375028185142
148200.0	2000.0	1543.0978827562437	0.0	0	286.60893540194957	1743.0978827562649	1	0	1	1.8511375028185144
149213.07348802956	3000.0	1530.0243947266665	0.0	0	0.0	1743.0978827562649	1	0	1	1.8511375028185146
150200.0	2000.0	1543.097882756242	0.0	0	553.1205858849571	1743.0978827562649	1	0	1	1.4456723947103498
151200.0	3000.0	1543.097882756195	0.0	0	442.90573685691925	1743.0978827562358	1	0	1	1.8511375028185162
152200.0	3000.0	1543.0978827561744	0.0	0	319.7562692516949	1743.0978827562358	1	0	1	2.256602610926681
153639.45437905056	6000.0	1103.643503705636	0.0	0	0.0	1743.0978827562358	1	0	1	2.256602610926681
155267.1886575241	6000.0	475.90922523210423	0.0	0	0.0	1743.0978827562358	1	0	1	2.9497497914866253
156077.41886942976	2000.0	665.6790133264167	0.0	0	0.0	1743.0978827562358	1	0	1	0.7525252141504063
156570.9887817092	2000.0	1172.1091010469904	0.0	0	0.0	1743.0978827562358	1	0	1	1.851137502818516
157200.0	2000.0	1543.0978827562205	0.0	0	26.147791005292675	1743.0978827562649	1	0	1	1.8511375028185144
158200.0	2000.0	1543.0978827562367	0.0	0	271.32552300204406	1743.0978827562649	1	0	1	1.8511375028185144
159200.0	2000.0	1543.0978827562708	0.0	0	182.79203554152627	1743.0978827562649	1	0	1	1.8511375028185144
160200.0	2000.0	1543.0978827562706	0.0	0	490.0594946392812	1743.0978827562649	1	0	1	1.8511375028185144
161200.0	2000.0	1543.0978827562822	0.0	0	115.65043072588742	1743.0978827562649	1	0	1	1.8511375028185144
162200.0	2000.0	1543.097882756317	0.0	0	244.69804201612715	1743.0978827562649	1	0	1	1.8511375028185144
163200.0	2000.0	1543.0978827563004	0.0	0	348.3250545671326	1743.0978827562358	1	0	1	1.851137502818516
164200.0	2000.0	1543.0978827563242	0.0	0	344.1459384270711	1743.0978827562358	1	0	1	1.851137502818516
165318.65102226505	2000.0	1424.4468604912786	0.0	0	0.0	1743.0978827562358	1	0	1	1.851137502818516
166200.0	2000.0	1543.0978827563583	0.0	0	34.29718253767351	1743.0978827562358	1	0	1	1.851137502818516
167200.0	2000.0	1543.0978827563683	0.0	0	257.6395837676828	1743.0978827562358	1	0	1	1.851137502818516
168200.0	2000.0	1543.0978827563818	0.0	0	122.54025073163211	1743.0978827562649	1	0	1	1.8511375028185144
169200.0	2000.0	1543.0978827563677	0.0	0	543.2025919518783	1743.0978827562649	1	0	1	1.8511375028185144
170200.0	2000.0	1543.0978827563888	0.0	0	388.1276814721641	1743.097882756294	1	0	1	1.8511375028185129
171200.0	3000.0	1543.097882756391	0.0	0	400.27478764628177	1743.097882756294	1	0	1	1.851137502818513
172200.0	3000.0	1543.0978827564225	0.0	0	372.3777514921967	1743.097882756294	1	0	1	2.2566026109266777
173200.0	3000.0	1543.0978827564052	0.0	0	196.3188528402825	1743.097882756323	1	0	1	2.256602610926676
174276.32854830634	3000.0	1466.7693344501179	0.0	0	0.0	1743.0978827563813	1	0	1	2.256602610926674
175223.99815849803	2000.0	1519.0997242584785	0.0	0	0.0	1743.0978827564104	1	0	1	1.4456723947103431
176322.22503789834	2000.0	1420.8728448581317	0.0	0	0.0	1743.0978827564104	1	0	1	1.8511375028185064
177572.43364728446	2000.0	1170.664235472027	0.0	0	0.0	1743.0978827564104	1	0	1	1.8511375028185064
178446.82228287112	2000.0	1296.2755998853606	0.0	0	0.0	1743.0978827564104	1	0	1	1.851137502818507
179271.33201613525	2000.0	1471.7658666212042	0.0	0	0.0	1743.0978827564104	1	0	1	1.8511375028185064
180200.0	2000.0	1543.0978827564268	0.0	0	491.5387555624766	1743.0978827564104	1	0	1	1.8511375028185064
181200.0	3000.0	1543.0978827564102	0.0	0	210.47102682778495	1743.0978827564104	1	0	1	1.8511375028185066
182200.0	2000.0	1543.0978827564188	0.0	0	447.68546999947284	1743.0978827564104	1	0	1	1.4456723947103418
183200.0	2000.0	1543.0978827564281	0.0	0	428.8910559890792	1743.0978827564104	1	0	1	1.8511375028185064
184200.0	3000.0	1543.0978827564213	0.0	0	21.788199790142244	1743.0978827564104	1	0	1	1.8511375028185066
185200.0	3000.0	1543.0978827564193	0.0	0	408.05636711910483	1743.0978827564104	1	0	1	2.256602610926671
186200.0	3000.0	1543.097882756432	0.0	0	285.1012236047536	1743.0978827564395	1	0	1	2.2566026109266697
187551.6008819486	3000.0	1191.4970008078121	0.0	0	0.0	1743.0978827564686	1	0	1	2.256602610926668
188200.0	2000.0	1543.0978827564118	0.0	0	137.19841396601987	1743.0978827564395	1	0	1	1.4456723947103403
189200.0	2000.0	1543.0978827564484	0.0	0	419.43106987225474	1743.0978827564686	1	0	1	1.851137502818503
190200.0	2000.0	1543.0978827564506	0.0	0	268.1228619599424	1743.0978827564686	1	0	1	1.851137502818503
191200.0	3000.0	1543.0978827564504	0.0	0	232.8829039175762	1743.0978827564686	1	0	1	1.8511375028185033
192200.0	3000.0	1543.0978827564797	0.0	0	382.7107116051193	1743.0978827564395	1	0	1	2.2566026109266697
193200.0	3000.0	1543.0978827564966	0.0	0	308.32093918541796	1743.0978827564395	1	0	1	2.2566026109266697
194381.19608475573	3000.0	1361.9017980007632	0.0	0	0.0	1743.0978827564686	1	0	1	2.256602610926668
195274.18568024525	2000.0	1468.9122025112615	0.0	0	0.0	1743.0978827564977	1	0	1	1.4456723947103383
196200.0	2000.0	1543.097882756511	0.0	0	371.1166252127441	1743.0978827564977	1	0	1	1.8511375028185015
197200.0	2000.0	1543.0978827565364	0.0	0	511.6545306761982	1743.0978827564977	1	0	1	1.8511375028185015
198200.0	2000.0	1543.0978827565555	0.0	0	491.0683161508932	1743.0978827564977	1	0	1	1.8511375028185015
199200.0	3000.0	1543.0978827565564	0.0	0	205.88920932359179	1743.0978827564977	1	0	1	1.8511375028185015
200200.0	3000.0	1543.097882756571	0.0	0	118.00406940167886	1743.0978827565268	1	0	1	2.256602610926665
201200.0	3000.0	1543.0978827565777	0.0	0	164.4907795607287	1743.0978827565268	1	0	1	2.256602610926665
202452.44214715098	3000.0	1290.6557356055928	0.0	0	0.0	1743.0978827565268	1	0	1	2.256602610926665
203200.0	2000.0	1543.0978827565766	0.0	0	150.98752241401235	1743.0978827564977	1	0	1	1.445672394710337
204200.0	2000.0	1543.0978827565482	0.0	0	449.5051113384252	1743.0978827564977	1	0	1	1.8511375028185015
205200.0	2000.0	1543.0978827565127	0.0	0	185.3491869843856	1743.0978827564977	1	0	1	1.8511375028185015
206222.9024115966	2000.0	1520.1954711599515	0.0	0	0.0	1743.0978827564977	1	0	1	1.8511375028185015
207200.0	2000.0	1543.0978827565564	0.0	0	87.03838459742838	1743.0978827564977	1	0	1	1.8511375028185015
208200.0	2000.0	1543.0978827565662	0.0	0	440.9966908887436	1743.0978827564977	1	0	1	1.8511375028185015
209234.6750632062	3000.0	1508.4228195503947	0.0	0	0.0	1743.0978827565268	1	0	1	1.8511375028185013
210200.0	2000.0	1543.0978827565996	0.0	0	219.81391324006836	1743.0978827565268	1	0	1	1.4456723947103356
211254.9850934023	2000.0	1488.1127893542828	0.0	0	0.0	1743.0978827565268	1	0	1	1.8511375028185002
212316.38052364576	2000.0	1426.7173591108312	0.0	0	0.0	1743.0978827564977	1	0	1	1.8511375028185006
213200.0	2000.0	1543.0978827566046	0.0	0	227.78563930900418	1743.0978827565268	1	0	1	1.8511375028185002
214200.0	2000.0	1543.0978827565816	0.0	0	416.0379381469684	1743.0978827564977	1	0	1	1.8511375028185015
215200.0	2000.0	1543.0978827565807	0.0	0	492.6806950336613	1743.0978827565268	1	0	1	1.8511375028185002
216200.0	3000.0	1543.0978827565355	0.0	0	3.6950848931155633	1743.0978827564977	1	0	1	1.8511375028185015
217200.0	3000.0	1543.0978827565882	0.0	0	135.48202279262478	1743.0978827565268	1	0	1	2.256602610926665
218200.0	2000.0	1543.0978827566037	0.0	0	335.76564299096935	1743.0978827565268	1	0	1	1.4456723947103356
219200.0	2000.0	1543.0978827566087	0.0	0	420.45181907110964	1743.097882756556	1	0	1	1.8511375028184984
220200.0	2000.0	1543.0978827566214	0.0	0	383.88295912218746	1743.097882756556	1	0	1	1.8511375028184984
221200.0	2000.0	1543.0978827566166	0.0	0	59.16626110643847	1743.097882756556	1	0	1	1.8511375028184984
222200.0	2000.0	1543.0978827565798	0.0	0	339.0208633504808	1743.097882756556	1	0	1	1.8511375028184984
223200.0	2000.0	1543.097882756582	0.0	0	122.29280390910571	1743.097882756556	1	0	1	1.8511375028184984
224200.0	2000.0	1543.0978827565837	0.0	0	97.72070314190933	1743.097882756556	1	0	1	1.8511375028184984
225200.0	2000.0	1543.0978827566228	0.0	0	468.5800260013784	1743.097882756556	1	0	1	1.8511375028184984
226200.0	2000.0	1543.097882756602	0.0	0	309.1613679448492	1743.0978827565268	1	0	1	1.8511375028185002
227200.0	2000.0	1543.097882756562	0.0	0	298.55089051340474	1743.0978827565268	1	0	1	1.8511375028185002
228200.0	2000.0	1543.0978827565598	0.0	0	477.3829440624395	1743.0978827565268	1	0	1	1.8511375028185002
229237.38776603088	3000.0	1505.7101167256874	0.0	0	0.0	1743.097882756556	1	0	1	1.8511375028184986
230200.0	3000.0	1543.0978827565445	0.0	0	41.17557122607832	1743.0978827565268	1	0	1	2.256602610926665
231359.18773819463	3000.0	1383.9101445619244	0.0	0	0.0	1743.097882756556	1	0	1	2.2566026109266644
232200.0	2000.0	1459.0166565759912	0.0	0	283.02314069945714	1659.0166565759864	1	0	2	1.048396896725296
233200.0	2000.0	1459.0166565760173	0.0	0	393.84901465603616	1659.0166565759864	1	0	1	1.655585363072816
234200.0	3000.0	1459.0166565760078	0.0	0	154.31077711185208	1659.0166565759864	1	0	1	1.8555853630728163
235200.0	2000.0	1459.0166565759926	0.0	0	411.80403569716145	1659.0166565759573	1	0	1	1.450120254964653
236200.0	2000.0	1459.0166565759996	0.0	0	192.025405848457	1659.0166565759573	1	0	1	1.8555853630728176
237200.0	2000.0	1459.0166565759691	0.0	0	419.86757659653085	1659.0166565759573	1	0	1	1.8555853630728176
238313.80471832832	2000.0	1345.2119382476535	0.0	0	0.0	1659.0166565759573	1	0	1	1.8555853630728176
239200.0	2000.0	1459.0166565759741	0.0	0	73.53062834974844	1659.0166565759573	1	0	1	1.8555853630728176
240200.0	2000.0	1459.016656575953	0.0	0	462.5996892520925	1659.0166565759573	1	0	1	1.8555853630728176
241200.0	2000.0	1459.0166565759089	0.0	0	359.37900324407383	1659.0166565759573	1	0	1	1.8555853630728176
242200.0	2000.0	1459.0166565758925	0.0	0	497.44929724070244	1659.0166565759573	1	0	1	1.8555853630728176
243649.94188989146	3000.0	1009.0747666844059	0.0	0	0.0	1659.0166565759282	1	0	1	1.8555853630728185
244799.70026813797	2000.0	859.3163884379079	0.0	0	0.0	1659.0166565759282	1	0	1	1.4501202549646544
245625.55266815328	2000.0	1033.4639884225633	0.0	0	0.0	1659.0166565759282	1	0	1	1.855585363072819
246200.0	2000.0	1459.0166565758173	0.0	0	148.48884698815527	1659.016656575899	1	0	1	1.8555853630728205
247200.0	2000.0	1459.0166565758195	0.0	0	228.22794574615546	1659.016656575899	1	0	1	1.8555853630728205
248200.0	2000.0	1459.0166565758009	0.0	0	349.6333978595794	1659.01665657587	1	0	1	1.855585363072822
249200.0	2000.0	1459.0166565758261	0.0	0	303.61524630562053	1659.01665657587	1	0	1	1.855585363072822
250200.0	2000.0	1459.0166565758386	0.0	0	286.01113657059614	1659.01665657587	1	0	1	1.855585363072822
251200.0	2000.0	1459.016656575855	0.0	0	594.0499906182813	1659.01665657587	1	0	1	1.855585363072822
252347.54625532596	3000.0	1311.4704012498516	0.0	0	0.0	1659.01665657587	1	0	1	1.855585363072822
253200.0	2000.0	1459.016656575835	0.0	0	256.7594616242859	1659.01665657587	1	0	1	1.4501202549646575
254200.0	2000.0	1459.0166565758338	0.0	0	228.87705838266993	1659.01665657587	1	0	1	1.855585363072822
255200.0	2000.0	1459.0166565758375	0.0	0	248.55088313986198	1659.01665657587	1	0	1	1.855585363072822
256200.0	2000.0	1459.0166565758334	0.0	0	490.3079910273955	1659.01665657587	1	0	1	1.855585363072822
257200.0	3000.0	1459.016656575789	0.0	0	549.6176729075669	1659.01665657587	1	0	1	1.855585363072822
258323.80491878232	6000.0	1335.2117377934483	0.0	0	0.0	1659.01665657587	1	0	1	2.2610504711809862
259535.62218701164	6000.0	1123.3944695641233	0.0	0	0.0	1659.01665657587	1	0	1	2.954197651740931
260200.0	2000.0	1459.016656575765	0.0	0	176.04828435639502	1659.01665657587	1	0	1	0.7569730744047123
261482.31639229754	3000.0	1176.7002642782363	0.0	0	0.0	1659.01665657587	1	0	1	1.855585363072822
262200.0	2000.0	1459.016656575758	0.0	0	158.14318385341903	1659.016656575899	1	0	1	1.450120254964656
263200.0	2000.0	1459.0166565757604	0.0	0	271.28877526923316	1659.016656575899	1	0	1	1.8555853630728192
264200.0	2000.0	1459.0166565757183	0.0	0	599.4223222432774	1659.016656575841	1	0	1	1.8555853630728232
265200.0	3000.0	1459.0166565757372	0.0	0	172.61544389883056	1659.016656575841	1	0	1	1.8555853630728234
266200.0	3000.0	1459.0166565757424	0.0	0	404.6795852603391	1659.016656575841	1	0	1	2.261050471180988
267479.83851419203	6000.0	1179.178142383671	0.0	0	0.0	1659.016656575841	1	0	1	2.261050471180988
268200.0	3000.0	1459.0166565756613	0.0	0	244.5617378159077	1659.016656575841	1	0	1	1.567903290621043
269923.63954252773	6000.0	735.3771140479101	0.0	0	0.0	1659.016656575899	1	0	1	2.2610504711809853
270478.4591828935	2000.0	1180.557473682114	0.0	0	0.0	1659.016656575841	1	0	1	0.7569730744047137
271200.0	2000.0	1459.0166565755965	0.0	0	40.23996633995557	1659.016656575841	1	0	1	1.8555853630728234
272200.0	2000.0	1459.0166565756174	0.0	0	594.4625931566698	1659.016656575841	1	0	1	1.8555853630728234
273200.0	3000.0	1459.0166565756224	0.0	0	464.6074141643476	1659.016656575841	1	0	1	1.8555853630728234
275058.9129186984	6000.0	600.1037378771905	0.0	0	0.0	1659.016656575899	1	0	1	2.2610504711809853
275577.98902421945	2000.0	1081.0276323561193	0.0	0	0.0	1659.0166565759573	1	0	1	0.7569730744047078
276200.0	2000.0	1459.016656575509	0.0	0	199.78393677837448	1659.0166565759573	1	0	1	1.8555853630728176
277200.0	2000.0	1459.0166565754992	0.0	0	504.07287621172145	1659.0166565759573	1	0	1	1.8555853630728176
278200.0	3000.0	1459.0166565754694	0.0	0	52.930784497002605	1659.0166565759573	1	0	1	1.8555853630728176
279200.0	2000.0	1459.016656575508	0.0	0	412.0559370180126	1659.0166565759573	1	0	1	1.450120254964653
280200.0	3000.0	1459.016656575477	0.0	0	308.4152600846719	1659.0166565759573	1	0	1	1.8555853630728176
282416.70855156885	6000.0	242.3081050065849	0.0	0	0.0	1659.0166565759573	1	0	1	2.2610504711809796
283325.17451836215	2000.0	594.8169538540236	260.9748156406932	0	0.0	1919.9914722166723	1	0	1	-0.8239555717193595
283882.3954070558	2000.0	1037.5960651604796	0.0	0	0.0	1919.9914722166723	1	0	1	1.840505610792909
284682.1589615326	2000.0	1237.8325106837133	0.0	0	0.0	1919.9914722166723	1	0	1	1.840505610792909
285290.72188539366	2000.0	1629.269586822699	0.0	0	0.0	1919.9914722166723	1	0	1	1.840505610792909
286200.0	2000.0	1719.9914722163664	0.0	0	157.42848643637262	1919.9914722166723	1	0	1	1.840505610792909
287200.0	2000.0	1719.9914722164049	0.0	0	391.14053947967477	1919.9914722167305	1	0	1	1.8405056107929052
288200.0	2000.0	1719.9914722164085	0.0	0	508.7108806328033	1919.9914722167887	1	0	1	1.8405056107929014
289779.5929099822	6000.0	1140.3985622341484	0.0	0	0.0	1919.9914722167887	1	0	1	1.8405056107929016
290341.0186226633	2000.0	1578.9728495530826	0.0	0	0.0	1919.9914722167887	1	0	1	0.7418933221247918
291200.0	2000.0	1719.9914722164176	0.0	0	97.66742055892246	1919.9914722167887	1	0	1	1.8405056107929014
292269.2397067529	3000.0	1650.7517654635635	0.0	0	0.0	1919.9914722167887	1	0	1	1.8405056107929014
293200.0	2000.0	1719.991472216423	0.0	0	362.7441767771961	1919.9914722167887	1	0	1	1.4350405026847368
294200.0	2000.0	1719.9914722163696	0.0	0	311.96411541325506	1919.9914722167305	1	0	1	1.8405056107929052
295200.0	2000.0	1719.9914722163487	0.0	0	357.49682509171544	1919.9914722167305	1	0	1	1.8405056107929052
296502.1344565676	3000.0	1287.643569991976	0.0	0	0.0	1789.7780265599722	1	0	2	1.446857357315706
297200.0	2000.0	1589.7780265596186	0.0	0	263.37312280002516	1789.778026559914	1	0	1	1.2430414544787818
298200.0	2000.0	1589.7780265596923	0.0	0	254.03033288934967	1789.778026559914	1	0	1	1.8485065625869466
299200.0	2000.0	1589.7780265596944	0.0	0	611.3875029606279	1789.778026559914	1	0	1	1.8485065625869466
300902.53131139406	6000.0	887.2467151655802	0.0	0	0.0	1789.778026559914	1	0	1	1.8485065625869466
4.62	4.29	6.31	2.63	2.84	3.6	2.98	3.3	3.31	2.83	2.69	2.37	2.98	1.82	3.1	3.23	3.05	3.5	3.81	3.87	4.24	4.02	2.63	2.58	2.39	1.73	2.25	2.98	5.36	3.29	3.6	3.87	3.68	4.6	3.88	2.27	3.16	3.36	3.6	3.85	3.7	4.1	3.0	2.09	2.95	3.85	4.46	3.39	3.58	3.85	3.14	3.41	3.42	2.49	2.56	3.04	4.19	3.44	3.42	2.59	1.97	3.52	3.15	4.67	4.01	3.01	2.98	3.19	3.2	2.54	2.46	2.72	2.19	2.94	4.02	3.1	3.78	3.78	3.98	2.36	3.56	4.17	3.8	2.68	2.58	3.48	1.74	2.95	3.58	3.58	3.95	2.1	2.51	2.11	3.79	2.91	2.93	2.88	3.49	4.1	3.27	2.72	2.64	3.28	4.85	5.69	5.85	5.34	4.03	2.86	3.56	3.14	4.66	4.33	6.05	4.74	4.99	3.53	2.83	3.57	5.57	6.35	2.21	4.02	4.17	4.34	3.22	4.47	5.97	4.38	2.56	2.35	3.42	2.48	3.04	3.28	4.81	3.51	2.88	3.5	2.97	3.3	2.37	3.7	2.94	3.79	3.53	5.63	4.69	4.66	4.62	4.29	6.31	2.63	2.84	3.6	2.98	3.3	3.31	2.83	2.69	2.37	2.98	1.82	3.1	3.23	3.05	3.5	3.81	3.87	4.24	4.02	2.63	2.58	2.39	1.73	2.25	2.98	5.36	3.29	3.6	3.87	3.68	4.6	3.88	2.27	3.16	3.36	3.6	3.85	3.7	4.1	3.0	2.09	2.95	3.85	4.46	3.39	3.58	3.85	3.14	3.41	3.42	2.49	2.56	3.04	4.19	3.44	3.42	2.59	1.97	3.52	3.15	4.67	4.01	3.01	2.98	3.19	3.2	2.54	2.46	2.72	2.19	2.94	4.02	3.1	3.78	3.78	3.98	2.36	3.56	4.17	3.8	2.68	2.58	3.48	1.74	2.95	3.58	3.58	3.95	2.1	2.51	2.11	3.79	2.91	2.93	2.88	3.49	4.1	3.27	2.72	2.64	3.28	4.85	5.69	5.85	5.34	4.03	2.86	3.56	3.14	4.66	4.33	6.05	4.74	4.99	3.53	2.83	3.57	5.57	6.35	2.21	4.02	4.17	4.34	3.22	4.47	5.97	4.38	2.56	2.35	3.42	2.48	3.04	3.28	4.81	3.51	2.88	3.5	2.97	3.3	2.37	3.7	2.94	3.79	3.53	5.63	4.69	4.66	4.62	4.29
1.0	2.0	3.0	4.0	5.0	6.0	7.0	8.0	9.0	10.0	11.0	12.0	13.0	14.0	15.0	16.0	17.0	18.0	19.0	20.0	21.0	22.0	23.0	24.0	25.0	26.0	27.0	28.0	29.0	30.0	31.0	32.0	33.0	34.0	35.0	36.0	37.0	38.0	39.0	40.0	41.0	42.0	43.0	44.0	45.0	46.0	47.0	48.0	49.0	50.0	51.0	52.0	53.0	54.0	55.0	56.0	57.0	58.0	59.0	60.0	61.0	62.0	63.0	64.0	65.0	66.0	67.0	68.0	69.0	70.0	71.0	72.0	73.0	74.0	75.0	76.0	77.0	78.0	79.0	80.0	81.0	82.0	83.0	84.0	85.0	86.0	87.0	88.0	89.0	90.0	91.0	92.0	93.0	94.0	95.0	96.0	97.0	98.0	99.0	100.0	101.0	102.0	103.0	104.0	105.0	106.0	107.0	108.0	109.0	110.0	111.0	112.0	113.0	114.0	115.0	116.0	117.0	118.0	119.0	120.0	121.0	122.0	123.0	124.0	125.0	126.0	127.0	128.0	129.0	130.0	131.0	132.0	133.0	134.0	135.0	136.0	137.0	138.0	139.0	140.0	141.0	142.0	143.0	144.0	145.0	146.0	147.0	148.0	149.0	149.0	150.0	151.0	152.0	153.0	154.0	155.0	156.0	157.0	158.0	159.0	160.0	161.0	162.0	163.0	164.0	165.0	166.0	167.0	168.0	169.0	170.0	171.0	172.0	173.0	174.0	175.0	176.0	177.0	178.0	179.0	180.0	181.0	182.0	183.0	184.0	185.0	186.0	187.0	188.0	189.0	190.0	191.0	192.0	193.0	194.0	195.0	196.0	197.0	198.0	199.0	200.0	201.0	202.0	203.0	204.0	205.0	206.0	207.0	208.0	209.0	210.0	211.0	212.0	213.0	214.0	215.0	216.0	217.0	218.0	219.0	220.0	221.0	222.0	223.0	224.0	225.0	226.0	227.0	228.0	229.0	230.0	231.0	232.0	233.0	234.0	235.0	236.0	237.0	238.0	239.0	240.0	241.0	242.0	243.0	244.0	245.0	246.0	247.0	248.0	249.0	250.0	251.0	252.0	253.0	254.0	255.0	256.0	257.0	258.0	259.0	260.0	261.0	262.0	263.0	264.0	265.0	266.0	267.0	268.0	269.0	270.0	271.0	272.0	273.0	274.0	275.0	276.0	277.0	278.0	279.0	280.0	281.0	282.0	283.0	284.0	285.0	286.0	287.0	288.0	289.0	290.0	291.0	292.0	293.0	294.0	295.0	296.0	297.0	298.0	298.0	299.0	300.0
2211.914513515345
