2754.0107436110875	300.0	2000.0	269.4058699029076	0	0.0	2754.0107436110875	1	0	1	-1.7482081860028105
5317.656318594683	2000.0	436.35442501640364	0.0	0	0.0	2754.010743611087	1	0	1	-0.13999460939828418
5773.673177981258	500.0	980.3375656298285	0.0	0	0.0	2754.0107436110866	1	0	1	-1.0154633467521843
6842.495388502731	1000.0	911.5153551083555	0.0	0	0.0	2754.0107436110866	1	0	1	0.3708310143677068
7761.064155997257	1000.0	992.946587613828	0.0	0	0.0	2754.0107436110866	1	0	1	1.0639781949276523
8474.641431816994	1000.0	1279.369311794094	0.0	0	0.0	2754.0107436110884	1	0	1	1.063978194927652
9275.02245038857	1000.0	1478.9882932225185	0.0	0	0.0	2754.0107436110875	1	0	1	1.063978194927652
10072.868037964485	1000.0	1681.1427056466052	0.0	0	0.0	2754.01074361109	1	0	1	1.0639781949276519
10917.22458692518	1000.0	1836.7861566859099	0.0	0	0.0	2754.0107436110893	1	0	1	1.0639781949276519
11513.00168898531	1000.0	2241.0090546257798	0.0	0	0.0	2754.01074361109	1	0	1	1.0639781949276517
13579.888732486463	2000.0	1174.1220111246269	0.0	0	0.0	2754.0107436110884	1	0	1	1.0639781949276519
14522.318941104346	1000.0	1231.6918025067453	0.0	0	0.0	2754.0107436110884	1	0	1	0.37083101436770677
15202.946537642942	1000.0	1551.0642059681506	0.0	0	0.0	2754.0107436110884	1	0	1	1.0639781949276519
15659.16030611175	1000.0	2094.8504374993418	0.0	0	0.0	2754.0107436110884	1	0	1	1.0639781949276519
17309.13700325111	2000.0	1444.8737403599816	0.0	0	0.0	2754.01074361109	1	0	1	1.0639781949276519
18117.9036043122	1000.0	1636.1071392988954	0.0	0	0.0	2754.010743611092	1	0	1	0.3708310143677061
18855.196156015645	1000.0	1898.8145875954508	0.0	0	0.0	2754.01074361109	1	0	1	1.0639781949276517
19596.00712829965	1000.0	2158.0036153114434	0.0	0	0.0	2754.010743611092	1	0	1	1.0639781949276514
20443.099673961697	2000.0	2310.9110696493976	0.0	0	0.0	2754.010743611092	1	0	1	1.0639781949276514
21389.068137883725	2000.0	2364.94260572737	0.0	0	0.0	2754.0107436110957	1	0	1	1.757125375487596
22846.615316837815	3000.0	1761.6407088778694	0.0	0	0.0	2608.25602571568	1	0	2	1.3699908413103548
24094.288816211712	2000.0	1513.9672095039687	0.0	0	0.0	2608.25602571568	1	0	1	1.171327431091456
25298.940886014494	2000.0	1309.3151397011868	0.0	0	0.0	2608.2560257156765	1	0	1	1.7767925391996213
25907.324523236068	1000.0	1700.9315024796151	0.0	0	0.0	2608.2560257156765	1	0	1	0.39049817807973114
27468.15712404593	2000.0	1140.0989016697522	0.0	0	0.0	2608.25602571568	1	0	1	1.0836453586396757
28139.540050444306	1000.0	1468.715975271379	0.0	0	0.0	2608.25602571568	1	0	1	0.39049817807973075
28661.280090938842	1000.0	1946.9759347768413	0.0	0	0.0	2608.25602571568	1	0	1	1.083645358639676
30077.21124552667	2000.0	1531.0447801890125	0.0	0	0.0	2608.25602571568	1	0	1	1.0836453586396757
31221.868573568732	2000.0	1386.3874521469495	0.0	0	0.0	2608.25602571568	1	0	1	1.7767925391996209
32283.990684631757	2000.0	1324.2653410839218	0.0	0	0.0	2608.25602571568	1	0	1	1.7767925391996209
35111.698366071716	2000.0	200.0	703.4423403560381	0	0.0	3311.698366071716	1	0	1	-2.5263373100323108
35563.46334153606	500.0	772.8804903504139	24.645465814752882	0	0.0	3336.3438318864755	1	0	1	-1.274060204073367
36350.18585276449	1000.0	986.157979121991	0.0	0	0.0	3336.343831886479	1	0	1	0.26010695193503963
37098.861193091034	1000.0	1237.4826387954477	0.0	0	0.0	3336.343831886479	1	0	1	0.953254132494985
37906.87801563333	1000.0	1429.4658162531546	0.0	0	0.0	3336.343831886479	1	0	1	0.953254132494985
38525.69582257386	1000.0	1810.6480093126174	0.0	0	0.0	3336.343831886479	1	0	1	0.953254132494985
39182.6517247884	1000.0	2153.6921070980793	0.0	0	0.0	3336.343831886479	1	0	1	0.953254132494985
40937.64391694176	2000.0	1398.6999149447204	0.0	0	0.0	3336.343831886479	1	0	1	0.953254132494985
42126.23489996244	1000.0	1210.1089319240427	0.0	0	0.0	3336.3438318864864	1	0	1	0.2601069519350381
43199.13327261721	1000.0	1137.2105592692662	0.0	0	0.0	3336.3438318864864	1	0	1	0.9532541324949833
44105.2336239362	1000.0	1231.11020795028	0.0	0	0.0	3336.3438318864864	1	0	1	0.9532541324949833
45500.44537146487	1000.0	835.898460421608	0.0	0	0.0	3336.3438318864864	1	0	1	0.9532541324949833
46408.64269726066	1000.0	927.7011346258234	0.0	0	0.0	3336.3438318864864	1	0	1	0.9532541324949833
47255.125524540046	1000.0	1081.2183073464369	0.0	0	0.0	3336.343831886479	1	0	1	0.953254132494985
47820.342920114235	1000.0	1516.0009117722457	0.0	0	0.0	3336.343831886479	1	0	1	0.953254132494985
48382.73275451616	1000.0	1953.6110773703292	0.0	0	0.0	3336.343831886479	1	0	1	0.953254132494985
49233.209252278786	1000.0	2103.134579607703	0.0	0	0.0	3336.343831886479	1	0	1	0.953254132494985
49900.9121901894	1000.0	2435.4316416970846	0.0	0	0.0	3336.343831886479	1	0	1	0.953254132494985
50661.67977000648	1000.0	2674.664061880013	0.0	0	0.0	3336.343831886472	1	0	1	0.9532541324949868
52704.092075331864	2000.0	1632.251756554625	0.0	0	0.0	3336.343831886472	1	0	1	0.9532541324949866
53328.34701955528	1000.0	2007.9968123312028	0.0	0	0.0	3336.3438318864646	1	0	1	0.2601069519350434
54625.5802088271	2000.0	1581.0403041322002	0.0	0	0.0	3206.6205129592854	1	0	2	0.5762007116018235
55630.88294968421	2000.0	1575.7375632750911	0.0	0	0.0	3206.6205129592854	1	0	1	1.4762785326827692
56721.464361812956	2000.0	1485.156151146347	0.0	0	0.0	3206.6205129592927	1	0	1	1.6762785326827678
58036.887513644804	2000.0	1169.7329993144938	0.0	0	0.0	3206.6205129592854	1	0	1	1.6762785326827694
58543.87373455942	1000.0	1662.7467783998736	0.0	0	0.0	3206.6205129592854	1	0	1	0.2899841715628792
59260.935296635456	2000.0	1945.68521632383	0.0	0	0.0	3206.620512959278	1	0	1	0.983131352122826
60138.24598000616	2000.0	2068.374532953122	0.0	0	0.0	3206.620512959278	1	0	1	1.6762785326827712
62022.43900952893	2000.0	1184.1815034303531	0.0	0	0.0	3206.620512959278	1	0	1	1.6762785326827712
63435.52079369627	1000.0	771.0997192630148	0.0	0	0.0	3206.620512959278	1	0	1	0.28998417156288087
64093.626252550064	1000.0	1112.9942604092198	0.0	0	0.0	3206.6205129592854	1	0	1	0.9831313521228244
65014.07407248121	1000.0	1192.5464404780637	0.0	0	0.0	3206.6205129592854	1	0	1	0.9831313521228244
66111.0879791246	1000.0	1095.5325338346925	0.0	0	0.0	3206.6205129593	1	0	1	0.9831313521228231
66763.98183215657	1000.0	1442.6386808027212	0.0	0	0.0	3206.6205129593	1	0	1	0.9831313521228231
67281.43956221615	1000.0	1925.1809507431294	0.0	0	0.0	3206.6205129592927	1	0	1	0.9831313521228224
68660.70538279618	2000.0	1545.9151301631118	0.0	0	0.0	3206.6205129593	1	0	1	0.9831313521228218
69544.28621614716	1000.0	1662.334296812123	0.0	0	0.0	3206.6205129593	1	0	1	0.28998417156287615
70074.79841896358	1000.0	2131.8220939956927	0.0	0	0.0	3206.6205129593	1	0	1	0.9831313521228213
71554.62553194026	2000.0	1651.9949810190333	0.0	0	0.0	3206.6205129593145	1	0	1	0.983131352122818
72382.18945332993	2000.0	1824.431059629369	0.0	0	0.0	3206.620512959329	1	0	1	1.67627853268276
73319.4885922659	2000.0	1887.1319206933972	0.0	0	0.0	3206.620512959329	1	0	1	1.67627853268276
74538.56701396906	2000.0	1668.053498990246	0.0	0	0.0	3206.620512959329	1	0	1	1.67627853268276
75355.67144731815	1000.0	1850.9490656411538	0.0	0	0.0	3206.6205129593145	1	0	1	0.2899841715628722
76399.29551415509	2000.0	1807.3249988042087	0.0	0	0.0	3206.6205129593145	1	0	1	0.983131352122818
77625.98650347824	2000.0	1580.6340094810575	0.0	0	0.0	3206.6205129593	1	0	1	1.6762785326827665
78399.99653884787	1000.0	1806.623974111431	0.0	0	0.0	3206.6205129593145	1	0	1	0.2899841715628728
79293.61671122485	1000.0	1913.0038017344734	0.0	0	0.0	3206.620512959329	1	0	1	0.9831313521228149
80047.9061924868	1000.0	2158.714320472526	0.0	0	0.0	3206.620512959329	1	0	1	0.9831313521228149
80674.51724861529	1000.0	2532.1032643440444	0.0	0	0.0	3206.6205129593145	1	0	1	0.983131352122818
82228.00335461678	2000.0	1978.6171583425544	0.0	0	0.0	3206.6205129593145	1	0	1	0.983131352122818
82839.11802118941	1000.0	2367.5024917699316	0.0	0	0.0	3206.6205129593145	1	0	1	0.2899841715628728
84204.3962431733	2000.0	2002.2242697860456	0.0	0	0.0	3206.6205129593145	1	0	1	0.983131352122818
84935.24738344585	1000.0	2271.373129513482	0.0	0	0.0	3206.6205129593145	1	0	1	0.2899841715628728
86259.3930573892	2000.0	1947.2274555701429	0.0	0	0.0	3206.6205129593145	1	0	1	0.983131352122818
87348.05472686046	2000.0	1858.565786098883	0.0	0	0.0	3206.6205129593145	1	0	1	1.6762785326827632
89005.2096036968	2000.0	1201.4109092625401	0.0	0	0.0	3206.6205129593145	1	0	1	1.6762785326827632
89705.32001055869	1000.0	1501.3005024006557	0.0	0	0.0	3206.6205129593145	1	0	1	0.2899841715628728
90905.63397004361	2000.0	1300.986542915749	0.0	0	0.0	3206.6205129593145	1	0	1	0.983131352122818
91602.26628947315	1000.0	1604.3542234862205	0.0	0	0.0	3206.6205129593145	1	0	1	0.2899841715628728
92324.20451520252	1000.0	1882.4159977568434	0.0	0	0.0	3206.6205129593145	1	0	1	0.983131352122818
93644.80094522421	2000.0	1561.8195677351607	0.0	0	0.0	3206.6205129593145	1	0	1	0.983131352122818
94485.91006114341	1000.0	1720.7104518159463	0.0	0	0.0	3206.6205129593	1	0	1	0.28998417156287615
95335.36143336837	2000.0	1871.2590795909875	0.0	0	0.0	3206.6205129593	1	0	1	0.9831313521228213
96264.82330979641	1000.0	1941.797203162947	0.0	0	0.0	3206.6205129593	1	0	1	0.28998417156287615
96986.0301419918	1000.0	2220.5903709675704	0.0	0	0.0	3206.6205129593	1	0	1	0.9831313521228213
98271.27600463951	2000.0	1935.3445083198378	0.0	0	0.0	3206.6205129593	1	0	1	0.9831313521228213
99294.51233011861	1000.0	1912.1081828407382	0.0	0	0.0	3206.6205129593	1	0	1	0.28998417156287615
100469.51252909757	1000.0	1737.1079838617713	0.0	0	0.0	3206.6205129593	1	0	1	0.9831313521228213
101409.9984869389	1000.0	1796.622026020444	0.0	0	0.0	3206.6205129593	1	0	1	0.9831313521228213
102449.57902710982	1000.0	1757.0414858495117	0.0	0	0.0	3206.6205129592854	1	0	1	0.9831313521228244
103361.53570700662	1000.0	1845.0848059526986	0.0	0	0.0	3206.620512959271	1	0	1	0.9831313521228275
103878.63561139427	1000.0	2327.98490156504	0.0	0	0.0	3206.6205129592563	1	0	1	0.9831313521228308
104996.32925859948	2000.0	2210.2912543598395	0.0	0	0.0	3206.6205129592563	1	0	1	0.9831313521228306
106409.74499896524	2000.0	1796.875513994101	0.0	0	0.0	3206.6205129592563	1	0	1	1.6762785326827758
107217.68858704675	1000.0	1988.9319259125934	0.0	0	0.0	3206.6205129592563	1	0	1	0.2899841715628856
107735.79235115244	1000.0	2470.828161806905	0.0	0	0.0	3206.6205129592563	1	0	1	0.9831313521228308
108500.66865626929	2000.0	2705.9518566900506	0.0	0	0.0	3206.6205129592563	1	0	1	0.9831313521228306
109829.58410825614	2000.0	2377.0364047032053	0.0	0	0.0	3206.6205129592563	1	0	1	1.6762785326827758
111362.59364988546	2000.0	1844.0268630738694	0.0	0	0.0	3206.6205129592563	1	0	1	1.6762785326827758
112375.25415073348	1000.0	1831.3663622258541	0.0	0	0.0	3206.6205129592563	1	0	1	0.2899841715628856
113025.00273967124	1000.0	2181.617773288086	0.0	0	0.0	3206.6205129592563	1	0	1	0.9831313521228308
113656.79730044524	1000.0	2549.823212514096	0.0	0	0.0	3206.620512959271	1	0	1	0.9831313521228275
114589.69336374568	1000.0	2616.9271492136254	0.0	0	0.0	3206.620512959271	1	0	1	0.9831313521228275
116129.08571917145	2000.0	2077.53479378786	0.0	0	0.0	3206.620512959271	1	0	1	0.9831313521228277
116842.67176608223	1000.0	2363.9487468770885	0.0	0	0.0	3206.6205129592854	1	0	1	0.2899841715628792
118987.15150964168	2000.0	1219.469003317628	0.0	0	0.0	3206.6205129592854	1	0	1	0.9831313521228243
119728.74868568541	1000.0	1477.8718272739059	0.0	0	0.0	3206.620512959271	1	0	1	0.2899841715628825
120414.27556996263	1000.0	1792.3449429966909	0.0	0	0.0	3206.620512959271	1	0	1	0.9831313521228275
121221.8104614174	2000.0	1984.8100515419203	0.0	0	0.0	3206.620512959271	1	0	1	0.9831313521228277
122555.62029223012	2000.0	1651.000220729198	0.0	0	0.0	3206.620512959271	1	0	1	1.676278532682773
124461.23022716492	2000.0	745.3902857943826	0.0	0	0.0	3206.620512959271	1	0	1	1.676278532682773
125145.10601981354	1000.0	1061.5144931457576	0.0	0	0.0	3206.6205129592563	1	0	1	0.2899841715628856
125917.82243515906	1000.0	1288.7980778002309	0.0	0	0.0	3206.6205129592563	1	0	1	0.9831313521228308
126910.03472264997	1000.0	1296.5857903093215	0.0	0	0.0	3206.6205129592563	1	0	1	0.9831313521228308
127617.51205723129	1000.0	1589.108455728021	0.0	0	0.0	3206.620512959271	1	0	1	0.9831313521228275
128307.39729780308	1000.0	1899.2232151562146	0.0	0	0.0	3206.620512959271	1	0	1	0.9831313521228275
129141.23356553672	2000.0	1982.0033206492253	0.0	0	0.0	3123.236886185943	1	0	2	0.5960218448930761
130743.90715663985	2000.0	1379.3297295460895	0.0	0	0.0	3123.236886185943	1	0	1	1.4937533893108303
131445.65520678737	1000.0	1677.5816793985734	0.0	0	0.0	3123.236886185943	1	0	1	0.3074590281909402
132348.2370759507	1000.0	1774.9998102352597	0.0	0	0.0	3123.236886185943	1	0	1	1.0006062087508842
133271.3132934605	2000.0	1759.615970974492	0.0	0	0.0	3030.9292644349916	1	0	2	0.6137737062651853
134866.1070229082	2000.0	1164.8222415267728	0.0	0	0.0	3030.9292644349916	1	0	1	1.5116389736175817
135746.78413328188	1000.0	1284.1451311530952	0.0	0	0.0	3030.9292644349916	1	0	1	0.3253446124976916
136372.28641848866	1000.0	1658.6428459463123	0.0	0	0.0	3030.9292644349916	1	0	1	1.0184917930576367
137366.58383047298	1000.0	1664.3454339620073	0.0	0	0.0	3030.9292644349916	1	0	1	1.0184917930576367
138318.5002427221	1000.0	1712.4290217128805	0.0	0	0.0	3030.9292644349916	1	0	1	1.0184917930576367
139165.99026186042	1000.0	1864.9390025745734	0.0	0	0.0	3030.9292644349916	1	0	1	1.0184917930576367
139913.92531560993	1000.0	2117.003948825065	0.0	0	0.0	3030.9292644349916	1	0	1	1.0184917930576367
140623.11710152327	1000.0	2407.8121629117154	0.0	0	0.0	3030.9292644349916	1	0	1	1.0184917930576367
141809.98902235954	2000.0	2220.9402420754286	0.0	0	0.0	3030.9292644349916	1	0	1	1.0184917930576367
142540.31388302107	1000.0	2490.6153814139175	0.0	0	0.0	3030.9292644349625	1	0	1	0.3253446124976971
143752.72227379435	2000.0	2278.2069906406514	0.0	0	0.0	3030.9292644349625	1	0	1	1.0184917930576423
144472.35434625516	1000.0	2558.5749181798174	0.0	0	0.0	3030.9292644349625	1	0	1	0.3253446124976971
146010.94988286484	2000.0	2019.979381570142	0.0	0	0.0	3030.9292644349625	1	0	1	1.0184917930576423
146819.76800285096	1000.0	2211.161261584024	0.0	0	0.0	3030.9292644349625	1	0	1	0.3253446124976971
148292.53528779157	2000.0	1738.3939766434212	0.0	0	0.0	3030.9292644349625	1	0	1	1.0184917930576423
148982.34944074857	1000.0	2048.5798236863884	0.0	0	0.0	3030.9292644349334	1	0	1	0.3253446124977024
150200.9914116858	2000.0	1829.9378527491635	0.0	0	0.0	3030.9292644349625	1	0	1	1.0184917930576423
150915.99519943653	1000.0	2114.934064998462	0.0	0	0.0	3030.9292644349625	1	0	1	0.3253446124976971
152594.04946957005	2000.0	1436.8797948649476	0.0	0	0.0	3030.9292644349625	1	0	1	1.0184917930576423
153805.77467732315	1000.0	1225.1545871118662	0.0	0	0.0	3030.9292644349916	1	0	1	0.3253446124976916
154470.16157786435	500.0	1560.7676865706621	0.0	0	0.0	3030.9292644350207	1	0	1	-0.3678025680622593
155473.8178059257	1000.0	1557.1114585092928	0.0	0	0.0	3030.9292644349916	1	0	1	0.32534461249768926
156499.66809667047	1000.0	1531.2611677645293	0.0	0	0.0	3030.9292644349625	1	0	1	1.018491793057639
157661.5302540555	1000.0	1369.3990103795188	0.0	0	0.0	3030.9292644349916	1	0	1	1.0184917930576378
158385.39217513992	1000.0	1645.5370892951105	0.0	0	0.0	3030.9292644349916	1	0	1	1.0184917930576367
159014.43964465876	1000.0	2016.4896197762725	0.0	0	0.0	3030.9292644350207	1	0	1	1.0184917930576316
159675.9909116274	1000.0	2354.93835280765	0.0	0	0.0	3030.9292644350207	1	0	1	1.0184917930576316
160779.0338771826	2000.0	2251.895387252412	0.0	0	0.0	3030.9292644350207	1	0	1	1.0184917930576314
161449.68264155072	1000.0	2581.2466228843	0.0	0	0.0	3030.9292644349625	1	0	1	0.32534461249769486
163433.813168994	2000.0	1597.1160954409947	0.0	0	0.0	3030.9292644349334	1	0	1	1.0184917930576445
164213.2792830397	1000.0	1817.6499813952923	0.0	0	0.0	3030.9292644349334	1	0	1	0.3253446124977024
164741.10054900573	1000.0	2289.8287154293075	0.0	0	0.0	3030.9292644349625	1	0	1	1.0184917930576423
166201.4446462661	2000.0	1829.4846181689302	0.0	0	0.0	3030.9292644349625	1	0	1	1.0184917930576423
166877.14943597178	1000.0	2153.7798284632777	0.0	0	0.0	3030.9292644349625	1	0	1	0.3253446124976971
168668.63321907952	2000.0	1362.2960453555597	0.0	0	0.0	3030.9292644349625	1	0	1	1.0184917930576423
169232.9097114262	1000.0	1798.019553008869	0.0	0	0.0	3030.9292644349625	1	0	1	0.3253446124976971
170216.13998897496	2000.0	1814.7892754600953	0.0	0	0.0	3030.9292644349625	1	0	1	1.0184917930576423
171040.08911917522	2000.0	1990.8401452598714	0.0	0	0.0	3030.9292644349625	1	0	1	1.7116389736175874
172358.86460333518	2000.0	1672.0646610999052	0.0	0	0.0	3030.9292644349334	1	0	1	1.7116389736175928
173813.37471753312	2000.0	1217.5545469019532	0.0	0	0.0	3030.9292644349043	1	0	1	1.7116389736175983
174425.62073991596	1000.0	1605.30852451912	0.0	0	0.0	3030.9292644349043	1	0	1	0.32534461249770785
175035.27822405534	1000.0	1995.6510403797467	0.0	0	0.0	3030.9292644349043	1	0	1	1.018491793057653
176431.09448404543	2000.0	1599.8347803896277	0.0	0	0.0	3030.929264434846	1	0	1	1.0184917930576605
177129.36709451993	1000.0	1901.5621699151382	0.0	0	0.0	3030.929264434846	1	0	1	0.32534461249771873
178514.56782749167	2000.0	1516.3614369434115	0.0	0	0.0	3030.929264434875	1	0	1	1.0184917930576618
179236.78000532003	1000.0	1794.14925911505	0.0	0	0.0	3030.929264434875	1	0	1	0.32534461249771324
180102.94366168437	2000.0	1927.9856027506867	0.0	0	0.0	3030.929264434875	1	0	1	1.0184917930576582
180996.02875920237	2000.0	2034.9005052326927	0.0	0	0.0	3030.929264434846	1	0	1	1.711638973617609
183211.84104682942	2000.0	819.0882176056434	0.0	0	0.0	3030.929264434846	1	0	1	1.7116389736176076
183537.5254812594	500.0	1493.403783175636	0.0	0	0.0	3030.929264434817	1	0	1	-1.0609497486221673
184271.17948274344	1000.0	1759.7497816915939	0.0	0	0.0	3030.929264434817	1	0	1	0.32534461249772384
184939.5654998921	1000.0	2091.3637645429008	0.0	0	0.0	3030.929264434788	1	0	1	1.0184917930576747
185586.6278239542	1000.0	2444.3014404808305	0.0	0	0.0	3030.929264434788	1	0	1	1.0184917930576747
186576.9435816079	2000.0	2453.985682827112	0.0	0	0.0	3030.929264434788	1	0	1	1.0184917930576747
187700.20246314365	2000.0	2330.726801291356	0.0	0	0.0	3030.929264434788	1	0	1	1.7116389736176199
188843.50681649853	2000.0	2187.422447936482	0.0	0	0.0	3030.929264434817	1	0	1	1.7116389736176143
189947.37188069636	1000.0	2083.557383738657	0.0	0	0.0	3030.929264434788	1	0	1	0.3253446124977295
190696.6640529697	1000.0	2334.2652114653474	0.0	0	0.0	3030.929264434759	1	0	1	1.01849179305768
191413.43241488643	1000.0	2617.4968495485764	0.0	0	0.0	3030.929264434759	1	0	1	1.01849179305768
192849.25305679726	2000.0	2181.676207637761	0.0	0	0.0	3030.929264434759	1	0	1	1.01849179305768
194368.5496657993	1000.0	1662.3795986357054	0.0	0	0.0	3030.9292644347006	1	0	1	0.3253446124977425
195010.53323525158	1000.0	2020.3960291833992	0.0	0	0.0	3030.9292644347297	1	0	1	1.0184917930576856
195907.87252341106	1000.0	2123.05674102391	0.0	0	0.0	3030.9292644347297	1	0	1	1.0184917930576856
197123.20176775684	2000.0	1907.7274966781451	0.0	0	0.0	3030.9292644347006	1	0	1	1.0184917930576909
198129.53665103947	1000.0	1901.3926133955301	0.0	0	0.0	3030.9292644347006	1	0	1	0.3253446124977457
198913.7753515925	1000.0	2117.1539128425093	0.0	0	0.0	3030.9292644347297	1	0	1	1.0184917930576856
199684.05666931474	1000.0	2346.8725951202846	0.0	0	0.0	3030.9292644347297	1	0	1	1.0184917930576856
201474.57171799048	2000.0	1556.3575464445757	0.0	0	0.0	3030.929264434759	1	0	1	1.0184917930576833
202387.04804536156	1000.0	1643.8812190735123	0.0	0	0.0	3030.929264434759	1	0	1	0.3253446124977317
202854.66093772353	1000.0	2176.2683267115317	0.0	0	0.0	3030.929264434759	1	0	1	1.01849179305768
203999.11690785605	2000.0	2031.8123565790172	0.0	0	0.0	3030.929264434759	1	0	1	1.01849179305768
205330.53514684064	2000.0	1700.3941175944174	0.0	0	0.0	3030.929264434759	1	0	1	1.7116389736176252
206473.72171242582	2000.0	1557.2075520092349	0.0	0	0.0	3030.929264434788	1	0	1	1.711638973617623
207530.51960698832	2000.0	1500.4096574467364	0.0	0	0.0	3030.929264434817	1	0	1	1.7116389736176143
208704.92397276952	2000.0	1326.0052916655814	0.0	0	0.0	3030.929264434817	1	0	1	1.7116389736176143
210372.75597260328	2000.0	658.1732918318015	0.0	0	0.0	3030.929264434788	1	0	1	1.7116389736176199
210857.28996555338	500.0	1173.6392988817265	0.0	0	0.0	3030.929264434817	1	0	1	-1.0609497486221673
212136.73515341585	1000.0	894.1941110192711	0.0	0	0.0	3030.929264434817	1	0	1	0.32534461249772384
212692.95716441158	500.0	1337.9721000235388	0.0	0	0.0	3030.929264434846	1	0	1	-0.3678025680622271
213360.38910285587	1000.0	1670.5401615792389	0.0	0	0.0	3030.929264434846	1	0	1	0.3253446124977185
214105.0223242429	1000.0	1925.9069401922234	0.0	0	0.0	3030.929264434846	1	0	1	1.0184917930576638
215263.88785735043	1000.0	1767.0414070846805	0.0	0	0.0	3030.929264434846	1	0	1	1.0184917930576638
216075.74378544575	1000.0	1955.1854789893623	0.0	0	0.0	3030.929264434846	1	0	1	1.0184917930576638
216940.55441960457	1000.0	2090.3748448305387	0.0	0	0.0	3030.929264434875	1	0	1	1.0184917930576585
218309.58578015637	2000.0	1721.3434842787071	0.0	0	0.0	3030.929264434875	1	0	1	1.0184917930576582
218867.82498283143	1000.0	2163.104281603618	0.0	0	0.0	3030.929264434875	1	0	1	0.32534461249771324
220139.03490479954	2000.0	1891.8943596355125	0.0	0	0.0	3030.9292644349043	1	0	1	1.0184917930576531
220665.61276269806	1000.0	2365.3165017369847	0.0	0	0.0	3030.9292644349043	1	0	1	0.32534461249770785
221763.4836880779	2000.0	2267.4455763571623	0.0	0	0.0	3030.9292644349043	1	0	1	1.0184917930576531
222944.24902881158	2000.0	2086.6802356234807	0.0	0	0.0	3030.9292644349043	1	0	1	1.7116389736175983
224221.99181638836	2000.0	1808.9374480467034	0.0	0	0.0	3030.9292644349043	1	0	1	1.7116389736175983
224914.07721395942	1000.0	2116.8520504756625	0.0	0	0.0	3030.9292644349043	1	0	1	0.32534461249770785
225635.7515781837	2000.0	2395.1776862514084	0.0	0	0.0	3030.9292644349043	1	0	1	1.0184917930576531
226831.44123184634	2000.0	2199.4880325887357	0.0	0	0.0	3030.9292644349334	1	0	1	1.7116389736175939
228326.64460991844	2000.0	1704.2846545166317	0.0	0	0.0	3030.9292644349334	1	0	1	1.7116389736175928
229031.74632129722	1000.0	1999.1829431378485	0.0	0	0.0	3030.9292644349334	1	0	1	0.3253446124977024
230625.3929915626	2000.0	1405.5362728724804	0.0	0	0.0	3030.9292644349334	1	0	1	1.0184917930576476
231438.29719730708	1000.0	1592.6320671280416	0.0	0	0.0	3030.9292644349625	1	0	1	0.3253446124976992
233001.86978628684	2000.0	1029.0594781482705	0.0	0	0.0	3030.9292644349625	1	0	1	1.0184917930576423
233833.0296562936	1000.0	1197.8996081415353	0.0	0	0.0	3030.9292644349625	1	0	1	0.3253446124976971
234542.27090219347	1000.0	1488.6583622416624	0.0	0	0.0	3030.9292644349625	1	0	1	1.0184917930576423
235498.61290097598	2000.0	1532.3163634591633	0.0	0	0.0	3030.9292644349334	1	0	1	1.0184917930576476
236897.935193781	2000.0	1132.9940706541197	0.0	0	0.0	3030.9292644349334	1	0	1	1.7116389736175928
237768.283974435	1000.0	1262.6452900001286	0.0	0	0.0	3030.9292644349334	1	0	1	0.3253446124977024
238317.3364390913	1000.0	1713.5928253437846	0.0	0	0.0	3030.9292644349043	1	0	1	1.0184917930576498
239212.1636840257	2000.0	1818.7655804094043	0.0	0	0.0	3030.9292644349043	1	0	1	1.0184917930576531
240643.76366382153	2000.0	1387.1656006135809	0.0	0	0.0	3030.9292644349043	1	0	1	1.7116389736175983
241311.19754398943	1000.0	1719.7317204456751	0.0	0	0.0	3030.929264434875	1	0	1	0.32534461249771324
242267.6869942979	2000.0	1763.2422701372282	0.0	0	0.0	3030.9292644349043	1	0	1	1.0184917930576574
243173.74988791504	1000.0	1857.1793765200848	0.0	0	0.0	3030.9292644349043	1	0	1	0.32534461249770785
243764.13402868598	1000.0	2266.795235749144	0.0	0	0.0	3030.9292644349043	1	0	1	1.018491793057653
245156.5200372606	2000.0	1874.4092271745092	0.0	0	0.0	3030.9292644349043	1	0	1	1.0184917930576531
245770.1911296797	1000.0	2260.7381347554146	0.0	0	0.0	3030.929264434875	1	0	1	0.32534461249771324
246813.19324675357	2000.0	2217.7360176815746	0.0	0	0.0	3030.929264434875	1	0	1	1.0184917930576582
248162.08844600053	2000.0	1868.8408184345963	0.0	0	0.0	3030.929264434875	1	0	1	1.7116389736176036
249225.63132384844	1000.0	1805.2979405866827	0.0	0	0.0	3030.929264434875	1	0	1	0.32534461249771324
250525.78296494193	1000.0	1505.146299493177	0.0	0	0.0	3030.929264434846	1	0	1	1.0184917930576638
251330.25771613177	1000.0	1700.671548303303	0.0	0	0.0	3030.929264434817	1	0	1	1.0184917930576693
252245.26810640784	1000.0	1785.6611580272304	0.0	0	0.0	3030.929264434817	1	0	1	1.0184917930576693
253063.8654852028	1000.0	1967.063779232238	0.0	0	0.0	3030.929264434788	1	0	1	1.0184917930576747
253925.95914281928	1000.0	2104.970121615808	0.0	0	0.0	3030.929264434788	1	0	1	1.0184917930576747
255707.68717969448	2000.0	1323.2420847406013	0.0	0	0.0	3030.929264434759	1	0	1	1.01849179305768
256316.714289243	1000.0	1714.214975192072	0.0	0	0.0	3030.929264434759	1	0	1	0.3253446124977349
257354.44288868364	2000.0	1676.486375751462	0.0	0	0.0	3030.929264434788	1	0	1	1.0184917930576747
258406.47844640317	2000.0	1624.4508180319406	0.0	0	0.0	3030.929264434788	1	0	1	1.7116389736176199
259675.19301261753	2000.0	1355.7362518175548	0.0	0	0.0	3030.929264434788	1	0	1	1.7116389736176199
261038.6664075857	1000.0	992.2628568493733	0.0	0	0.0	3030.929264434759	1	0	1	0.3253446124977349
261397.17253206033	500.0	1633.7567323747473	0.0	0	0.0	3030.929264434759	1	0	1	-0.367802568062211
262067.25348304654	1000.0	1963.6757813885386	0.0	0	0.0	3030.929264434759	1	0	1	0.32534461249773466
263038.0132676279	1000.0	1992.9159968071906	0.0	0	0.0	3030.929264434788	1	0	1	1.0184917930576758
263828.9954132595	1000.0	2201.933851175646	0.0	0	0.0	3030.929264434817	1	0	1	1.018491793057668
265304.75007032114	2000.0	1726.1791941138958	0.0	0	0.0	3030.9292644346715	1	0	1	1.0184917930576876
265978.361298378	1000.0	2052.567966057065	0.0	0	0.0	3030.9292644346715	1	0	1	0.32534461249775115
266585.26529481716	1000.0	2445.663969617831	0.0	0	0.0	3030.9292644346133	1	0	1	1.018491793057707
268288.2379567471	2000.0	1742.6913076879323	0.0	0	0.0	3030.9292644346133	1	0	1	1.018491793057707
269049.7760669511	1000.0	1981.1531974840173	0.0	0	0.0	3030.9292644346133	1	0	1	0.3253446124977619
270593.7106891398	2000.0	1437.218575295316	0.0	0	0.0	3030.9292644346133	1	0	1	1.018491793057707
271218.7801889723	1000.0	1812.1490754628444	0.0	0	0.0	3030.9292644346133	1	0	1	0.3253446124977619
271906.5493036355	1000.0	2124.3799607996452	0.0	0	0.0	3030.9292644346133	1	0	1	1.018491793057707
273451.18036125274	2000.0	1579.7489031823957	0.0	0	0.0	3030.929264434555	1	0	1	1.0184917930577178
274344.28640040924	1000.0	1686.642864025868	0.0	0	0.0	3030.929264434497	1	0	1	0.325344612497775
275538.68970692024	1000.0	1492.2395575148942	0.0	0	0.0	3030.929264434555	1	0	1	1.0184917930577222
276587.85328542005	1000.0	1443.0759790150855	0.0	0	0.0	3030.929264434555	1	0	1	1.018491793057718
277351.9753769657	1000.0	1678.9538874693358	0.0	0	0.0	3030.9292644344387	1	0	1	1.0184917930577353
277915.505462237	1000.0	2115.4238021979872	0.0	0	0.0	3030.9292644343805	1	0	1	1.0184917930577502
279417.51495057036	2000.0	1613.414313864591	0.0	0	0.0	3030.9292644343222	1	0	1	1.018491793057761
280371.80273201864	1000.0	1659.1265324163066	0.0	0	0.0	3030.9292644343805	1	0	1	0.3253446124978051
281184.3324581831	1000.0	1846.5968062518598	0.0	0	0.0	3030.9292644343805	1	0	1	1.0184917930577502
281826.10387700284	1000.0	2204.8253874321194	0.0	0	0.0	3030.9292644343805	1	0	1	1.0184917930577502
283429.8274442088	2000.0	1601.1018202260968	0.0	0	0.0	3030.9292644343805	1	0	1	1.0184917930577502
284297.568208164	1000.0	1733.361056270862	0.0	0	0.0	3030.9292644343805	1	0	1	0.3253446124978051
284830.8241686131	1000.0	2200.105095821731	0.0	0	0.0	3030.9292644344387	1	0	1	1.0184917930577395
286133.60453950736	2000.0	1897.324724927435	0.0	0	0.0	3030.9292644344387	1	0	1	1.0184917930577395
287176.1433375504	1000.0	1854.7859268844272	0.0	0	0.0	3030.9292644343805	1	0	1	0.3253446124978051
288262.72654004407	1000.0	1768.2027243907796	0.0	0	0.0	3030.9292644343222	1	0	1	1.0184917930577524
289026.5047301247	1000.0	2004.4245343101015	0.0	0	0.0	3030.9292644343222	1	0	1	1.018491793057761
289801.4331604097	1000.0	2229.4961040251196	0.0	0	0.0	3030.9292644343222	1	0	1	1.018491793057761
291827.2137139264	2000.0	1203.7155505084652	0.0	0	0.0	3030.9292644343222	1	0	1	1.018491793057761
292918.39722250664	1000.0	1112.5320419282195	0.0	0	0.0	3030.929264434264	1	0	1	0.32534461249782676
293880.5455534234	1000.0	1150.3837110114805	0.0	0	0.0	3030.929264434206	1	0	1	1.0184917930577828
294715.29182066605	1000.0	1315.6374437688457	0.0	0	0.0	3030.929264434206	1	0	1	1.0184917930577828
295353.4346073182	1000.0	1677.494657116658	0.0	0	0.0	3030.9292644341476	1	0	1	1.018491793057787
296175.1480413815	1000.0	1855.7812230533507	0.0	0	0.0	3030.9292644340894	1	0	1	1.0184917930578044
297258.6028622094	1000.0	1772.3264022254314	0.0	0	0.0	3030.929264434031	1	0	1	1.0184917930578152
297998.7933147955	1000.0	2032.1359496393118	0.0	0	0.0	3030.929264434031	1	0	1	1.0184917930578152
299316.1752946444	2000.0	1714.7539697904126	0.0	0	0.0	3030.9292644340894	1	0	1	1.0184917930578044
300053.44994504756	1000.0	1977.479319387276	0.0	0	0.0	3030.9292644340894	1	0	1	0.32534461249785923
302017.5450547061	2000.0	1013.3842097287245	0.0	0	0.0	3030.9292644340894	1	0	1	1.0184917930578
1.31	0.75	0.72	1.2	1.37	1.11	1.07	1.22	1.45	1.39	1.22	1.15	1.58	1.93	1.3	1.26	1.29	2.05	2.36	3.35	1.81	1.89	1.84	1.45	1.38	1.78	1.51	1.82	2.29	2.03	0.64	0.85	1.27	1.29	1.78	1.58	1.64	1.36	0.92	1.18	1.26	1.33	0.66	1.18	1.49	1.62	0.95	1.24	1.47	1.19	1.24	1.91	2.26	1.73	1.82	1.97	2.2	1.9	1.1	1.08	0.75	1.14	1.34	1.07	1.65	1.51	1.37	1.76	1.54	2.05	2.05	1.99	1.45	1.95	2.48	1.51	1.4	1.52	1.54	1.39	2.0	1.29	1.26	2.06	2.18	1.56	1.47	2.07	1.95	1.42	1.59	0.88	2.07	1.01	1.52	1.53	1.35	1.08	0.87	1.16	1.24	1.64	1.48	1.27	1.51	2.2	2.46	1.56	0.89	0.8	1.42	1.2	1.77	0.94	1.29	1.33	0.96	1.69	1.95	1.3	1.81	0.85	1.38	1.02	1.3	1.07	1.89	1.82	1.44	1.49	1.98	1.39	0.98	1.52	1.44	1.17	1.2	1.45	1.38	1.09	1.33	1.19	1.53	1.26	1.52	1.02	1.84	1.51	1.53	1.05	1.31	0.75	0.72	1.2	1.37	1.11	1.07	1.22	1.45	1.39	1.22	1.15	1.58	1.93	1.3	1.26	1.29	2.05	2.36	3.35	1.81	1.89	1.84	1.45	1.38	1.78	1.51	1.82	2.29	2.03	0.64	0.85	1.27	1.29	1.78	1.58	1.64	1.36	0.92	1.18	1.26	1.33	0.66	1.18	1.49	1.62	0.95	1.24	1.47	1.19	1.24	1.91	2.26	1.73	1.82	1.97	2.2	1.9	1.1	1.08	0.75	1.14	1.34	1.07	1.65	1.51	1.37	1.76	1.54	2.05	2.05	1.99	1.45	1.95	2.48	1.51	1.4	1.52	1.54	1.39	2.0	1.29	1.26	2.06	2.18	1.56	1.47	2.07	1.95	1.42	1.59	0.88	2.07	1.01	1.52	1.53	1.35	1.08	0.87	1.16	1.24	1.64	1.48	1.27	1.51	2.2	2.46	1.56	0.89	0.8	1.42	1.2	1.77	0.94	1.29	1.33	0.96	1.69	1.95	1.3	1.81	0.85	1.38	1.02	1.3	1.07	1.89	1.82	1.44	1.49	1.98	1.39	0.98	1.52	1.44	1.17	1.2	1.45	1.38	1.09	1.33	1.19	1.53	1.26	1.52	1.02	1.84	1.51	1.53	1.05	1.31	0.75	0.72
1.0	2.0	3.0	4.0	5.0	6.0	7.0	8.0	9.0	10.0	11.0	12.0	13.0	14.0	15.0	16.0	17.0	18.0	19.0	20.0	21.0	22.0	23.0	24.0	25.0	26.0	27.0	28.0	29.0	30.0	31.0	32.0	33.0	34.0	35.0	36.0	37.0	38.0	39.0	40.0	41.0	42.0	43.0	44.0	45.0	46.0	47.0	48.0	49.0	50.0	51.0	52.0	53.0	54.0	55.0	56.0	57.0	58.0	59.0	60.0	61.0	62.0	63.0	64.0	65.0	66.0	67.0	68.0	69.0	70.0	71.0	72.0	73.0	74.0	75.0	76.0	77.0	78.0	79.0	80.0	81.0	82.0	83.0	84.0	85.0	86.0	87.0	88.0	89.0	90.0	91.0	92.0	93.0	94.0	95.0	96.0	97.0	98.0	99.0	100.0	101.0	102.0	103.0	104.0	105.0	106.0	107.0	108.0	109.0	110.0	111.0	112.0	113.0	114.0	115.0	116.0	117.0	118.0	119.0	120.0	121.0	122.0	123.0	124.0	125.0	126.0	127.0	128.0	129.0	130.0	131.0	132.0	133.0	134.0	135.0	136.0	137.0	138.0	139.0	140.0	141.0	142.0	143.0	144.0	145.0	146.0	147.0	148.0	149.0	149.0	150.0	151.0	152.0	153.0	154.0	155.0	156.0	157.0	158.0	159.0	160.0	161.0	162.0	163.0	164.0	165.0	166.0	167.0	168.0	169.0	170.0	171.0	172.0	173.0	174.0	175.0	176.0	177.0	178.0	179.0	180.0	181.0	182.0	183.0	184.0	185.0	186.0	187.0	188.0	189.0	190.0	191.0	192.0	193.0	194.0	195.0	196.0	197.0	198.0	199.0	200.0	201.0	202.0	203.0	204.0	205.0	206.0	207.0	208.0	209.0	210.0	211.0	212.0	213.0	214.0	215.0	216.0	217.0	218.0	219.0	220.0	221.0	222.0	223.0	224.0	225.0	226.0	227.0	228.0	229.0	230.0	231.0	232.0	233.0	234.0	235.0	236.0	237.0	238.0	239.0	240.0	241.0	242.0	243.0	244.0	245.0	246.0	247.0	248.0	249.0	250.0	251.0	252.0	253.0	254.0	255.0	256.0	257.0	258.0	259.0	260.0	261.0	262.0	263.0	264.0	265.0	266.0	267.0	268.0	269.0	270.0	271.0	272.0	273.0	274.0	275.0	276.0	277.0	278.0	279.0	280.0	281.0	282.0	283.0	284.0	285.0	286.0	287.0	288.0	289.0	290.0	291.0	292.0	293.0	294.0	295.0	296.0	297.0	298.0	298.0	299.0	300.0	301.0
2222.1679514322755
