4605.422043333733	300.0	2000.0	149.8483520817208	0	0.0	4605.422043333733	1	0	1	-1.6648689281485838
5193.904625210996	2000.0	2411.5174181227376	0.0	0	0.0	4605.422043333733	1	0	1	-0.7848211783768294
6297.098512436422	3000.0	2198.00414217477	0.0	0	0.0	4495.102654611192	1	0	2	0.7619570820333643
7556.7444424168325	3000.0	1812.393619196319	0.0	0	0.0	4369.13806161315	1	0	2	1.4385585452526544
8382.464701376075	2000.0	1904.1013343411516	0.0	0	0.0	4286.5660357172255	1	0	2	0.6805171329756508
9144.731021348929	2000.0	2065.6083823710114	0.0	0	0.0	4210.339403719939	1	0	2	1.1245995247492868
9786.578542551235	2000.0	2359.576109048475	0.0	0	0.0	4146.154651599709	1	0	2	1.1578871242997555
10662.104903891515	3000.0	2396.4971115741673	0.0	0	0.0	4058.6020154656826	1	0	2	1.1951297687959315
11789.844384672508	3000.0	2155.9836827150757	0.0	0	0.0	3945.8280673875834	1	0	2	1.6402622422531548
12926.104312993792	2000.0	2019.7237543937927	0.0	0	0.0	3945.828067387585	1	0	1	0.8470193334822802
13661.589379647512	2000.0	2284.2386877400704	0.0	0	0.0	3945.828067387585	1	0	1	1.4524844415904448
14751.015582951386	3000.0	2085.869864105807	0.0	0	0.0	3836.885447057197	1	0	2	1.085188288793097
15570.147140247193	3000.0	2184.825151080421	0.0	0	0.0	3754.9722913276164	1	0	2	1.7218224847010926
16650.520092451257	3000.0	1996.4149036559486	0.0	0	0.0	3646.9349961072094	1	0	2	1.7553728319592443
17296.410845402643	3000.0	2285.9350754094216	0.0	0	0.0	3582.3459208120676	1	0	2	1.7804753634348014
18535.531484514395	3000.0	1922.9023723864918	0.0	0	0.0	3458.4338569008905	1	0	2	1.8128382858592278
19483.0433303867	3000.0	1880.639341926961	0.0	0	0.0	3363.6826723136637	1	0	2	1.8392433881900185
20109.086015754914	3000.0	2191.9923880219258	0.0	0	0.0	3301.0784037768462	1	0	2	1.856503546906949
20662.24789340377	3000.0	2583.5143226081836	0.0	0	0.0	3245.762216011961	1	0	2	1.8695476259660808
21427.683998887816	3000.0	2741.5346065757367	0.0	0	0.0	3169.2186054635567	1	0	2	1.884932549085009
22680.69441245845	3000.0	2363.22315164804	0.0	0	0.0	3043.9175641064976	1	0	2	1.9095932787460077
23563.421171780818	3000.0	2392.22371639344	0.0	0	0.0	2955.6448881742654	1	0	2	1.927377631476077
24200.0	3000.0	2691.987005352335	0.0	0	28.630007806503272	2891.987005352341	1	0	2	1.9382867229007807
25200.0	3000.0	2591.9870053523346	0.0	0	497.9589325717752	2791.987005352341	1	0	2	1.951045871808976
26834.62998710541	6000.0	1957.3570182469236	0.0	0	0.0	2791.987005352341	1	0	1	1.95701442307792
27718.632342880464	2000.0	2073.354662471871	0.0	0	0.0	2791.9870053523446	1	0	1	0.6529370263016452
28649.397722722093	2000.0	2142.5892826302397	0.0	0	0.0	2791.9870053523446	1	0	1	1.7515493149697547
29347.802442490898	2000.0	2374.3440908845523	0.0	0	0.0	2722.146533375464	1	0	2	1.3591247167935134
30200.0	2000.0	2522.146533375453	0.0	0	286.1567461370287	2722.146533375464	1	0	1	1.561655239276479
31200.0	3000.0	2422.1465333754522	0.0	0	157.50005443726695	2622.146533375457	1	0	2	1.3706900521386949
32202.62908259793	3000.0	2319.254542517727	0.0	0	0.0	2521.883625115661	1	0	2	1.9895018498145673
33200.0	3000.0	2222.1465333754527	0.0	0	206.85404177538294	2422.1465333754604	1	0	2	1.9999191602113386
34200.0	3000.0	2122.146533375448	0.0	0	145.64943007117108	2322.146533375457	1	0	2	2.010846609316388
35200.0	3000.0	2022.1465333754422	0.0	0	351.013334254596	2222.146533375453	1	0	2	2.0196889811517655
36200.0	3000.0	1922.1465333754395	0.0	0	252.50384558861697	2122.146533375446	1	0	2	2.028435235737287
37516.84593832903	3000.0	1473.6160012134974	0.0	0	0.0	1990.4619395425398	1	0	2	2.0390640089135985
38344.4588667729	2000.0	1563.2417799252528	0.0	0	0.0	1907.700646698162	1	0	2	1.2344243481650017
39431.396576590676	2000.0	1476.304070107473	0.0	0	0.0	1907.700646698162	1	0	1	1.6413046629629982
40200.0	2000.0	1707.7006466981516	0.0	0	97.02253000580095	1907.700646698162	1	0	1	1.8413046629629983
41200.0	2000.0	1707.7006466981518	0.0	0	320.28765318160004	1907.7006466981547	1	0	1	1.8413046629629988
42200.0	2000.0	1707.70064669815	0.0	0	400.4308038502277	1907.7006466981547	1	0	1	1.8413046629629988
43200.0	2000.0	1707.7006466981497	0.0	0	414.84777617325017	1907.7006466981547	1	0	1	1.8413046629629988
44200.0	2000.0	1707.7006466981456	0.0	0	411.7345995099822	1907.7006466981475	1	0	1	1.8413046629629992
45200.0	3000.0	1607.700646698155	0.0	0	193.54855085616873	1807.7006466981547	1	0	2	1.4453569361724679
46200.0	2000.0	1607.7006466981436	0.0	0	526.4446419270389	1807.7006466981547	1	0	1	1.2419992082264366
47381.807874958315	3000.0	1307.7119842439959	0.0	0	0.0	1689.5198592023226	1	0	2	1.45235540322305
48200.0	2000.0	1489.5198592023112	0.0	0	191.3162109708719	1689.5198592023226	1	0	1	1.2485485583577276
49200.0	2000.0	1489.5198592023162	0.0	0	285.7804480637569	1689.5198592023226	1	0	1	1.8540136664658924
50450.30774879753	3000.0	1239.2121104047806	0.0	0	0.0	1689.5198592023153	1	0	1	1.854013666465893
51451.59018966151	2000.0	1237.9296695408032	0.0	0	0.0	1689.5198592023153	1	0	1	1.4485485583577282
52200.0	2000.0	1489.5198592023114	0.0	0	224.0447112433685	1689.5198592023153	1	0	1	1.8540136664658928
53200.0	2000.0	1489.5198592023185	0.0	0	420.8509934131944	1689.5198592023153	1	0	1	1.8540136664658928
54200.0	3000.0	1489.5198592023205	0.0	0	220.47307576688763	1689.5198592023153	1	0	1	1.854013666465893
55200.0	2000.0	1489.519859202323	0.0	0	366.1977448669277	1689.5198592023153	1	0	1	1.4485485583577282
56200.0	2000.0	1489.5198592023214	0.0	0	388.957687493079	1689.5198592023153	1	0	1	1.8540136664658928
57200.0	2000.0	1489.5198592023228	0.0	0	505.6785388100325	1689.5198592023153	1	0	1	1.8540136664658928
58200.0	2000.0	1489.519859202322	0.0	0	200.55412009354768	1689.5198592023153	1	0	1	1.8540136664658928
59200.0	2000.0	1489.5198592023146	0.0	0	63.8561784718986	1689.519859202308	1	0	1	1.8540136664658933
60200.0	2000.0	1489.5198592023112	0.0	0	249.6697567755691	1689.519859202308	1	0	1	1.8540136664658933
61200.0	2000.0	1489.519859202313	0.0	0	258.71422356949915	1689.519859202308	1	0	1	1.8540136664658933
62200.0	2000.0	1489.5198592023135	0.0	0	277.3712827967829	1689.519859202308	1	0	1	1.8540136664658933
63200.0	2000.0	1489.5198592023128	0.0	0	421.581109320854	1689.519859202308	1	0	1	1.8540136664658933
64200.0	2000.0	1489.5198592023191	0.0	0	383.58159185241675	1689.519859202308	1	0	1	1.8540136664658933
65200.0	2000.0	1489.5198592023203	0.0	0	613.3254366518595	1689.519859202308	1	0	1	1.8540136664658933
66200.0	3000.0	1489.5198592023185	0.0	0	319.52601087259245	1689.519859202308	1	0	1	1.8540136664658933
68646.08583884168	6000.0	200.0	156.5659796393565	0	0.0	1846.0858388416527	1	0	1	1.3183142063105318
69695.89305659695	2000.0	497.67123208483497	347.47844984009714	0	0.0	2193.564288681766	1	0	1	-1.3634483252005247
70609.13062576934	2000.0	584.4336629124653	0.0	0	0.0	2193.564288681766	1	0	1	1.8200346625081667
71410.57728708546	2000.0	782.987001596349	0.0	0	0.0	2193.564288681766	1	0	1	1.8200346625081667
71865.72750889347	2000.0	1327.836779788353	0.0	0	0.0	2193.564288681766	1	0	1	1.8200346625081667
72335.74735363903	2000.0	1857.8169350427986	0.0	0	0.0	2193.564288681766	1	0	1	1.8200346625081667
73564.07954064355	3000.0	1506.651529337829	0.0	0	0.0	2070.7310699813243	1	0	2	1.4274198484772938
74258.01391244534	2000.0	1743.3237203558367	0.0	0	0.0	2001.3376328011364	1	0	2	1.228328329089
75200.0	2000.0	1801.3376328011705	0.0	0	354.99834699821076	2001.3376328011364	1	0	1	1.6349710718453867
76966.18778688266	3000.0	858.531067230253	0.0	0	0.0	1824.7188541128562	1	0	2	1.4434807366105038
77908.33494159958	2000.0	916.3839125133293	0.0	0	0.0	1824.7188541128562	1	0	1	1.2409926391613126
78435.84561658859	2000.0	1388.8732375243244	0.0	0	0.0	1824.7188541128562	1	0	1	1.8464577472694774
79214.45144007755	2000.0	1610.2674140353802	0.0	0	0.0	1824.7188541128562	1	0	1	1.8464577472694774
80200.0	2000.0	1624.7188541129515	0.0	0	186.23514947885997	1824.7188541128562	1	0	1	1.8464577472694774
81200.0	2000.0	1624.7188541129585	0.0	0	185.79823274884257	1824.7188541128708	1	0	1	1.8464577472694763
82200.0	2000.0	1624.7188541129556	0.0	0	384.794121867395	1824.7188541128708	1	0	1	1.8464577472694763
83200.0	2000.0	1624.718854112941	0.0	0	150.38462178010377	1824.7188541128708	1	0	1	1.8464577472694763
84200.0	2000.0	1624.718854112949	0.0	0	103.56385925647919	1824.7188541128562	1	0	1	1.8464577472694774
85200.0	2000.0	1624.7188541129572	0.0	0	426.3943096368166	1824.7188541128562	1	0	1	1.8464577472694774
86200.0	2000.0	1624.7188541129597	0.0	0	240.07344535227458	1824.7188541128562	1	0	1	1.8464577472694774
87200.0	3000.0	1624.7188541129556	0.0	0	362.222167113403	1824.7188541128562	1	0	1	1.8464577472694774
88287.76687497426	6000.0	1536.9519791387056	0.0	0	0.0	1824.7188541128562	1	0	1	2.251922855377642
89200.0	6000.0	1624.7188541129797	0.0	0	96.7873203966592	1824.7188541128562	1	0	1	2.945070035937587
90200.56577112831	6000.0	1624.1530829846802	0.0	0	0.0	1824.7188541128562	1	0	1	2.945070035937587
92335.07772047697	6000.0	489.64113363601484	0.0	0	0.0	1824.7188541128708	1	0	1	2.9450700359375857
92735.29981391545	2000.0	1089.4190401975184	0.0	0	0.0	1824.7188541128708	1	0	1	0.7478454586013666
93200.0	2000.0	1624.7188541129685	0.0	0	20.92564317646611	1824.7188541128708	1	0	1	1.8464577472694763
94200.0	3000.0	1624.7188541129722	0.0	0	473.51013527222676	1824.7188541128853	1	0	1	1.8464577472694756
95410.67456033525	3000.0	1414.044293777712	0.0	0	0.0	1824.7188541128853	1	0	1	2.2519228553776403
96200.0	2000.0	1624.718854112967	0.0	0	109.70522760495078	1824.7188541128853	1	0	1	1.4409926391613108
97200.0	3000.0	1624.7188541129628	0.0	0	285.2905507855903	1824.7188541128853	1	0	1	1.8464577472694756
98200.0	2000.0	1624.718854112961	0.0	0	472.958071771689	1824.7188541128853	1	0	1	1.4409926391613108
99200.0	3000.0	1524.718854112964	0.0	0	74.0481178627524	1724.7188541128708	1	0	2	1.4504095354152737
100200.0	2000.0	1524.7188541129601	0.0	0	540.1812067163264	1724.7188541128708	1	0	1	1.2466759490581252
101200.0	2000.0	1524.7188541129658	0.0	0	412.34910319460323	1724.7188541128853	1	0	1	1.852141057166289
102378.33289878094	2000.0	1346.3859553320283	0.0	0	0.0	1724.7188541128999	1	0	1	1.8521410571662882
103737.01138163767	2000.0	987.7074724752911	0.0	0	0.0	1724.7188541128999	1	0	1	1.8521410571662882
104931.04144939544	2000.0	793.677404717514	0.0	0	0.0	1724.7188541128999	1	0	1	1.8521410571662882
105659.19248273753	2000.0	1065.526371375424	0.0	0	0.0	1724.7188541128999	1	0	1	1.8521410571662882
106266.89827743871	2000.0	1457.8205766742421	0.0	0	0.0	1724.7188541128999	1	0	1	1.8521410571662882
107200.0	2000.0	1524.7188541129376	0.0	0	429.3426656738593	1724.7188541128999	1	0	1	1.8521410571662882
108200.0	2000.0	1524.7188541129576	0.0	0	123.41986537021876	1724.7188541129144	1	0	1	1.8521410571662875
109200.0	2000.0	1524.7188541129592	0.0	0	479.24750007777766	1724.7188541129144	1	0	1	1.8521410571662875
110200.0	2000.0	1524.7188541129578	0.0	0	427.5596165685565	1724.7188541129144	1	0	1	1.8521410571662875
111200.0	3000.0	1524.718854112959	0.0	0	373.00122508349887	1724.7188541129144	1	0	1	1.8521410571662877
112200.0	3000.0	1524.7188541129606	0.0	0	231.5085733201413	1724.7188541129144	1	0	1	2.2576061652744523
114547.46223466076	6000.0	200.0	22.743380547809267	0	0.0	1747.4622346607357	1	0	1	2.1208969803362434
115683.71143418392	2000.0	423.84860192015515	360.09780144331114	0	0.0	2107.5600361040415	1	0	1	-1.432140052465392
116976.2588537739	2000.0	258.18309851007587	126.88191617990753	0	0.0	2234.4419522839453	1	0	1	1.0551962569448954
117422.53327911951	1000.0	811.9086731644888	0.0	0	0.0	2234.4419522839453	1	0	1	0.4301933929044504
118068.75119870457	2000.0	1165.6907535794337	0.0	0	0.0	2234.4419522839453	1	0	1	1.1233405734643955
118697.63281042741	2000.0	1536.8091418565953	0.0	0	0.0	2234.4419522839453	1	0	1	1.8164877540243407
119243.03154221398	2000.0	1991.410410070029	0.0	0	0.0	2234.4419522839453	1	0	1	1.8164877540243407
120200.0	2000.0	1938.7451065054056	0.0	0	430.2303217636945	2138.7451065053465	1	0	2	1.4214214933291303
121200.0	3000.0	1838.7451065054115	0.0	0	367.08130208319926	2038.745106505361	1	0	2	1.6293952654541723
122200.0	3000.0	1738.7451065054308	0.0	0	335.144422635145	1938.7451065053756	1	0	2	2.0421803730383723
123200.0	3000.0	1638.7451065054527	0.0	0	468.98267984336417	1838.7451065054047	1	0	2	2.048706623376947
124376.8275301346	6000.0	1461.9175763708556	0.0	0	0.0	1838.7451065054047	1	0	1	2.0510806710657215
126957.74210449589	6000.0	200.0	318.9969979904262	0	0.0	2157.742104495832	1	0	1	1.0228797216745908
127570.45040033682	2000.0	725.3240859566425	138.0323817975719	0	0.0	2295.774486293405	1	0	1	-0.11590702948118747
128176.76041921893	2000.0	1119.014067074523	0.0	0	0.0	2295.7744862934196	1	0	1	1.8108995499723521
128734.87824627385	2000.0	1560.8962400196122	0.0	0	0.0	2295.774486293434	1	0	1	1.8108995499723508
129292.42758192048	2000.0	2003.3469043729854	0.0	0	0.0	2295.774486293434	1	0	1	1.8108995499723508
130408.18037080516	3000.0	1776.0188365998513	0.0	0	0.0	2184.1992074049776	1	0	2	1.4186667815282248
131200.0	2000.0	1905.0172444855377	0.0	0	344.91945044029853	2105.0172444855125	1	0	2	1.2191026897570376
132200.0	2000.0	1905.0172444855216	0.0	0	255.78378688526573	2105.017244485498	1	0	1	1.6272580381745358
133200.0	3000.0	1805.017244485546	0.0	0	160.63268845409038	2005.017244485498	1	0	2	1.432454272779253
134230.92604675083	3000.0	1670.9985930595935	0.0	0	0.0	1901.9246398104005	1	0	2	2.0454310414305428
135200.0	2000.0	1701.9246398104306	0.0	0	413.0487893180689	1901.9246398104297	1	0	1	1.2362117972159048
136200.0	2000.0	1701.9246398104456	0.0	0	263.1620976535196	1901.9246398104297	1	0	1	1.8416769053240696
137200.0	2000.0	1701.9246398104465	0.0	0	512.9084948211676	1901.9246398104297	1	0	1	1.8416769053240696
138200.0	3000.0	1601.9246398104578	0.0	0	367.74822919932194	1801.9246398104588	1	0	2	1.44555829746003
139445.04535009872	3000.0	1356.8792897117376	0.0	0	0.0	1801.9246398104588	1	0	1	2.053267295756451
140200.0	2000.0	1601.924639810485	0.0	0	133.39412632302265	1801.9246398104588	1	0	1	1.4423370795401218
141200.0	2000.0	1601.924639810441	0.0	0	165.0054263494967	1801.9246398104588	1	0	1	1.8478021876482864
142200.0	2000.0	1601.9246398104817	0.0	0	313.14985758805415	1801.9246398104588	1	0	1	1.8478021876482864
143200.0	2000.0	1601.924639810467	0.0	0	225.9775584092131	1801.9246398104588	1	0	1	1.8478021876482864
144200.0	2000.0	1601.9246398104565	0.0	0	246.84374308088445	1801.9246398104588	1	0	1	1.8478021876482864
145200.0	2000.0	1601.9246398104062	0.0	0	171.39135154811083	1801.9246398104588	1	0	1	1.8478021876482864
146200.0	2000.0	1601.9246398104065	0.0	0	347.9091660042759	1801.9246398104588	1	0	1	1.8478021876482864
147200.0	2000.0	1601.9246398103917	0.0	0	267.3640170940489	1801.9246398104879	1	0	1	1.8478021876482846
148200.0	2000.0	1601.92463981039	0.0	0	558.7597236364381	1801.9246398104879	1	0	1	1.8478021876482846
149200.0	2000.0	1601.9246398103865	0.0	0	211.9867159097921	1801.9246398104879	1	0	1	1.8478021876482846
150200.0	2000.0	1601.9246398103685	0.0	0	386.89751930956845	1801.9246398104879	1	0	1	1.8478021876482846
151200.0	2000.0	1601.9246398103394	0.0	0	471.1639219817007	1801.9246398104879	1	0	1	1.8478021876482846
152862.75991202967	6000.0	939.1647277806744	0.0	0	0.0	1801.9246398104879	1	0	1	1.8478021876482846
153522.208725561	2000.0	1279.7159142493529	0.0	0	0.0	1801.9246398104588	1	0	1	0.7491898989801768
154200.0	2000.0	1601.9246398104005	0.0	0	163.8324342177948	1801.9246398104588	1	0	1	1.8478021876482864
155200.0	2000.0	1601.92463981039	0.0	0	248.76312754687387	1801.9246398104297	1	0	1	1.8478021876482882
156420.71159642228	2000.0	1381.213043388096	0.0	0	0.0	1801.9246398104005	1	0	1	1.8478021876482884
157555.32302103276	2000.0	1246.6016187776436	0.0	0	0.0	1801.9246398104005	1	0	1	1.8478021876482897
158442.67471688002	2000.0	1359.2499229303794	0.0	0	0.0	1801.9246398104005	1	0	1	1.8478021876482897
159200.0	2000.0	1601.9246398104144	0.0	0	191.62041999053326	1801.9246398103714	1	0	1	1.8478021876482913
160200.0	2000.0	1601.9246398104021	0.0	0	548.675836345763	1801.9246398103714	1	0	1	1.8478021876482913
161341.60465208648	3000.0	1460.3199877239533	0.0	0	0.0	1801.9246398104005	1	0	1	1.84780218764829
162200.0	2000.0	1601.9246398104337	0.0	0	107.66202769931988	1801.9246398104005	1	0	1	1.4423370795401251
163200.0	2000.0	1601.9246398104322	0.0	0	180.81030797612038	1801.9246398104005	1	0	1	1.8478021876482897
164200.0	2000.0	1601.924639810424	0.0	0	340.9005384941993	1801.9246398104005	1	0	1	1.8478021876482897
165200.0	2000.0	1601.9246398104262	0.0	0	296.3559207787912	1801.9246398104297	1	0	1	1.8478021876482882
166200.0	2000.0	1601.9246398104513	0.0	0	215.97967467701528	1801.9246398104297	1	0	1	1.8478021876482882
167529.37330877883	3000.0	1272.5513310316292	0.0	0	0.0	1801.9246398104297	1	0	1	1.8478021876482882
168301.0949594271	2000.0	1500.8296803833612	0.0	0	0.0	1801.9246398104297	1	0	1	1.4423370795401236
169200.0	2000.0	1601.9246398104633	0.0	0	323.47929018031573	1801.9246398104588	1	0	1	1.8478021876482864
170200.0	3000.0	1601.924639810444	0.0	0	238.45710631232942	1801.9246398104588	1	0	1	1.8478021876482866
171646.1673418177	3000.0	1155.7572979927381	0.0	0	0.0	1801.9246398104297	1	0	1	2.2532672957564523
172200.0	2000.0	1601.9246398104544	0.0	0	69.05928974488052	1801.9246398104297	1	0	1	1.4423370795401236
173200.0	2000.0	1601.9246398104747	0.0	0	530.4840368623554	1801.9246398104005	1	0	1	1.8478021876482897
174200.0	3000.0	1601.9246398104347	0.0	0	535.1553867100738	1801.9246398104297	1	0	1	1.8478021876482882
176299.40844766176	6000.0	502.51619214868083	0.0	0	0.0	1801.9246398104297	1	0	1	2.2532672957564532
177288.7078012767	2000.0	513.2168385337443	0.0	0	0.0	1801.9246398104005	1	0	1	0.7491898989801802
177982.8858485905	2000.0	819.0387912199386	0.0	0	0.0	1801.9246398104005	1	0	1	1.8478021876482897
178655.35285853513	2000.0	1146.571781275297	0.0	0	0.0	1801.9246398104005	1	0	1	1.8478021876482897
179200.0	2000.0	1601.924639810446	0.0	0	112.25187238692888	1801.9246398104005	1	0	1	1.8478021876482897
180200.0	2000.0	1601.9246398104135	0.0	0	639.4914051002124	1801.9246398104005	1	0	1	1.8478021876482897
181200.0	3000.0	1601.924639810387	0.0	0	155.0558946217934	1801.9246398104005	1	0	1	1.84780218764829
182200.0	2000.0	1601.9246398103885	0.0	0	160.9357118170301	1801.9246398104005	1	0	1	1.4423370795401251
183200.0	2000.0	1601.924639810377	0.0	0	328.5358973768889	1801.9246398104005	1	0	1	1.8478021876482897
184200.0	3000.0	1601.9246398103778	0.0	0	178.95638737769332	1801.9246398104005	1	0	1	1.84780218764829
185200.0	3000.0	1601.9246398103548	0.0	0	235.71690433472395	1801.9246398103714	1	0	1	2.2532672957564563
186908.20117817182	3000.0	893.7234616385502	0.0	0	0.0	1801.9246398103714	1	0	1	2.2532672957564563
187640.31602908493	2000.0	1161.6086107254214	0.0	0	0.0	1801.9246398103714	1	0	1	1.4423370795401267
188480.16157528627	2000.0	1321.7630645240752	0.0	0	0.0	1801.9246398103714	1	0	1	1.8478021876482913
189277.56015512205	2000.0	1524.364484688336	0.0	0	0.0	1801.9246398103714	1	0	1	1.8478021876482913
190200.0	2000.0	1601.9246398103414	0.0	0	156.91209605665063	1801.9246398103714	1	0	1	1.8478021876482913
191200.0	2000.0	1601.9246398103503	0.0	0	183.44088402029593	1801.9246398103714	1	0	1	1.8478021876482913
192200.0	2000.0	1601.9246398103426	0.0	0	187.27715982153313	1801.9246398103714	1	0	1	1.8478021876482913
193200.0	2000.0	1601.9246398103494	0.0	0	357.485397313867	1801.9246398103714	1	0	1	1.8478021876482913
194200.0	2000.0	1601.9246398103555	0.0	0	262.93624048886704	1801.9246398103714	1	0	1	1.8478021876482913
195200.0	3000.0	1601.92463981037	0.0	0	410.8546673246892	1801.9246398103423	1	0	1	1.8478021876482935
196270.00978912818	3000.0	1424.913871769365	0.0	0	0.0	1694.9236608975043	1	0	2	1.8574758600520516
197200.0	2000.0	1494.923660897522	0.0	0	133.74509065030725	1694.9236608975043	1	0	1	1.2482652238969338
198200.0	2000.0	1494.923660897501	0.0	0	290.49748004807043	1694.9236608975043	1	0	1	1.8537303320050986
199200.0	2000.0	1494.9236608974936	0.0	0	269.3386517705221	1694.9236608975334	1	0	1	1.8537303320050968
200200.0	2000.0	1494.9236608974757	0.0	0	227.91228651013807	1694.9236608975334	1	0	1	1.8537303320050968
201200.0	2000.0	1494.9236608975152	0.0	0	366.4245313894353	1694.9236608975334	1	0	1	1.8537303320050968
202200.0	2000.0	1494.9236608975332	0.0	0	593.3283149318304	1694.9236608975334	1	0	1	1.8537303320050968
203200.0	2000.0	1494.9236608975593	0.0	0	425.86597795021953	1694.9236608975625	1	0	1	1.8537303320050955
204200.0	2000.0	1494.9236608975368	0.0	0	8.47701814089669	1694.9236608975625	1	0	1	1.8537303320050955
205200.0	2000.0	1494.9236608975152	0.0	0	433.0679877514194	1694.9236608975334	1	0	1	1.8537303320050968
206200.0	2000.0	1494.9236608975277	0.0	0	436.23721914622	1694.9236608975334	1	0	1	1.8537303320050968
207200.0	2000.0	1494.9236608975377	0.0	0	409.98516851849854	1694.9236608975625	1	0	1	1.8537303320050955
208200.0	2000.0	1494.9236608975439	0.0	0	227.94380561672733	1694.9236608975625	1	0	1	1.8537303320050955
209200.0	2000.0	1494.9236608975448	0.0	0	417.4609810017282	1694.9236608975625	1	0	1	1.8537303320050955
210200.0	2000.0	1494.923660897531	0.0	0	5.3714037838508375	1694.9236608975625	1	0	1	1.8537303320050955
211200.0	2000.0	1494.9236608975107	0.0	0	84.6160421470122	1694.9236608975625	1	0	1	1.8537303320050955
212200.0	2000.0	1494.9236608974982	0.0	0	5.370062147645513	1694.9236608975334	1	0	1	1.8537303320050968
213200.0	2000.0	1494.9236608974836	0.0	0	387.61408113050857	1694.9236608975334	1	0	1	1.8537303320050968
214200.0	2000.0	1494.9236608974747	0.0	0	553.7170575258497	1694.9236608975043	1	0	1	1.8537303320050986
215200.0	3000.0	1494.9236608974672	0.0	0	232.07901540509192	1694.9236608975043	1	0	1	1.8537303320050986
216540.82823065933	6000.0	1154.0954302381404	0.0	0	0.0	1694.9236608975043	1	0	1	2.259195440113263
217451.82866697368	2000.0	1243.0949939237778	0.0	0	0.0	1694.9236608974752	1	0	1	0.7551180433369903
218208.5013197311	2000.0	1486.4223411663702	0.0	0	0.0	1694.9236608974752	1	0	1	1.8537303320051
219200.0	2000.0	1494.9236608974616	0.0	0	183.89451257983455	1694.9236608975043	1	0	1	1.8537303320050986
220200.0	2000.0	1494.9236608974873	0.0	0	220.56018331169616	1694.9236608975334	1	0	1	1.8537303320050968
221200.0	2000.0	1494.9236608974757	0.0	0	515.6058809551469	1694.9236608975043	1	0	1	1.8537303320050986
222313.61728005062	3000.0	1381.3063808468537	0.0	0	0.0	1694.9236608975043	1	0	1	1.8537303320050986
223200.0	2000.0	1494.923660897452	0.0	0	323.1381747988926	1694.9236608975043	1	0	1	1.448265223896934
224200.0	2000.0	1494.9236608974775	0.0	0	436.15191820799373	1694.9236608975043	1	0	1	1.8537303320050986
225583.0948166665	3000.0	1111.8288442309558	0.0	0	0.0	1694.9236608975043	1	0	1	1.8537303320050986
226415.8760465072	2000.0	1279.0476143902822	0.0	0	0.0	1694.9236608975043	1	0	1	1.448265223896934
227200.9002459267	2000.0	1494.0234149708167	0.0	0	0.0	1694.9236608975334	1	0	1	1.8537303320050968
228200.0	2000.0	1494.9236608975086	0.0	0	381.2689353108872	1694.9236608975334	1	0	1	1.8537303320050968
229200.0	2000.0	1494.9236608975539	0.0	0	212.44964515874744	1694.9236608975043	1	0	1	1.8537303320050986
230200.0	2000.0	1494.9236608975714	0.0	0	347.0755161716079	1694.9236608975043	1	0	1	1.8537303320050986
231200.0	2000.0	1494.9236608975857	0.0	0	112.73678433467285	1694.9236608975043	1	0	1	1.8537303320050986
232200.0	2000.0	1494.9236608975611	0.0	0	159.97593257017434	1694.9236608975334	1	0	1	1.8537303320050968
233200.0	2000.0	1494.9236608975384	0.0	0	256.04517656061216	1694.9236608975334	1	0	1	1.8537303320050968
234200.0	2000.0	1494.923660897521	0.0	0	173.0336355321051	1694.9236608975334	1	0	1	1.8537303320050968
235200.0	2000.0	1494.9236608974968	0.0	0	370.62558682152303	1694.9236608975334	1	0	1	1.8537303320050968
236200.0	3000.0	1494.9236608974632	0.0	0	371.6802304367302	1694.9236608975334	1	0	1	1.853730332005097
237200.0	3000.0	1494.9236608974911	0.0	0	224.8187144965923	1694.9236608975625	1	0	1	2.25919544011326
238529.37434360254	6000.0	1165.5493172949527	0.0	0	0.0	1694.9236608975625	1	0	1	2.259195440113259
239200.0	3000.0	1494.9236608975048	0.0	0	188.75901899838937	1694.9236608975916	1	0	1	1.5660482595533136
240200.0	3000.0	1494.9236608975318	0.0	0	2.274225414090324	1694.9236608975916	1	0	1	2.259195440113259
241200.0	2000.0	1494.9236608974895	0.0	0	467.46973152979626	1694.9236608975916	1	0	1	1.4482652238969291
242200.0	3000.0	1494.9236608974995	0.0	0	444.4153726818913	1694.9236608975916	1	0	1	1.853730332005094
243200.0	3000.0	1494.9236608975257	0.0	0	475.73994040850084	1694.9236608975916	1	0	1	2.259195440113259
244200.0	3000.0	1494.9236608975334	0.0	0	97.83458730185521	1694.9236608975625	1	0	1	2.25919544011326
245200.0	2000.0	1494.9236608975596	0.0	0	510.32371576552396	1694.9236608975916	1	0	1	1.4482652238969291
246253.86697557123	3000.0	1441.0566853263572	0.0	0	0.0	1694.9236608975916	1	0	1	1.853730332005094
247200.0	2000.0	1494.9236608975573	0.0	0	194.955387512804	1694.9236608975916	1	0	1	1.4482652238969291
248373.08123477956	3000.0	1321.8424261180037	0.0	0	0.0	1694.9236608975625	1	0	1	1.8537303320050955
249200.0	2000.0	1494.9236608975825	0.0	0	199.84505016109324	1694.9236608975625	1	0	1	1.448265223896931
250200.0	2000.0	1494.92366089757	0.0	0	117.13896436482901	1694.9236608975334	1	0	1	1.8537303320050968
251274.29414391954	2000.0	1420.6295169780492	0.0	0	0.0	1694.9236608975334	1	0	1	1.8537303320050968
252653.58637427815	2000.0	1041.3372866194109	0.0	0	0.0	1694.9236608974752	1	0	1	1.853730332005099
253726.53776637162	2000.0	968.3858945259292	0.0	0	0.0	1694.9236608974752	1	0	1	1.8537303320051
254500.1044247727	2000.0	1194.819236124864	0.0	0	0.0	1694.9236608975043	1	0	1	1.8537303320050986
255200.0	2000.0	1494.9236608975689	0.0	0	196.0875819127832	1694.9236608974752	1	0	1	1.8537303320051
256200.0	2000.0	1494.9236608975773	0.0	0	236.35809361192514	1694.9236608974752	1	0	1	1.8537303320051
257200.0	2000.0	1494.923660897578	0.0	0	169.10002806404373	1694.9236608974752	1	0	1	1.8537303320051
258200.0	2000.0	1494.9236608975943	0.0	0	469.3009897512675	1694.923660897446	1	0	1	1.8537303320051015
259200.0	2000.0	1494.9236608975998	0.0	0	476.1101597752713	1694.923660897446	1	0	1	1.8537303320051015
260200.0	2000.0	1494.9236608976012	0.0	0	499.7437064060068	1694.923660897446	1	0	1	1.8537303320051015
261200.0	3000.0	1494.9236608976125	0.0	0	115.47802866299753	1694.923660897446	1	0	1	1.8537303320051017
262362.08483246935	3000.0	1332.8388284282407	0.0	0	0.0	1694.923660897417	1	0	1	2.2591954401132677
263369.3642000025	2000.0	1325.55946089502	0.0	0	0.0	1694.9236608973297	1	0	1	1.4482652238969407
264627.0487077336	2000.0	1067.8749531640308	0.0	0	0.0	1694.9236608973588	1	0	1	1.853730332005106
265744.76807420416	2000.0	950.1555866934657	0.0	0	0.0	1694.9236608973006	1	0	1	1.853730332005108
266844.23135497334	2000.0	850.6923059242096	0.0	0	0.0	1694.9236608973588	1	0	1	1.8537303320051064
267580.18087765307	2000.0	1114.7427832445183	0.0	0	0.0	1694.9236608973588	1	0	1	1.853730332005106
268200.0	2000.0	1494.9236608975802	0.0	0	139.4352508226293	1694.923660897417	1	0	1	1.853730332005103
269200.0	2000.0	1494.9236608975502	0.0	0	602.8351662934292	1694.923660897417	1	0	1	1.853730332005103
270200.0	3000.0	1494.923660897542	0.0	0	296.3860263982788	1694.923660897417	1	0	1	1.853730332005103
271200.0	2000.0	1494.9236608974843	0.0	0	484.45084417023463	1694.9236608973588	1	0	1	1.4482652238969413
272200.0	3000.0	1494.9236608975345	0.0	0	256.8092136064661	1694.923660897417	1	0	1	1.853730332005103
273217.36508180306	6000.0	1477.558579094541	0.0	0	0.0	1694.923660897417	1	0	1	2.2591954401132677
275233.0708792043	6000.0	461.85278169325693	0.0	0	0.0	1694.923660897417	1	0	1	2.952342620673213
275744.8513609236	2000.0	950.0722999739949	0.0	0	0.0	1694.9236608974752	1	0	1	0.7551180433369903
276607.83457243344	2000.0	1087.0890884642026	0.0	0	0.0	1694.9236608974752	1	0	1	1.8537303320051
277200.0	2000.0	1494.923660897585	0.0	0	147.50834365043556	1694.9236608974752	1	0	1	1.8537303320051
278200.0	2000.0	1494.9236608976219	0.0	0	392.399650624895	1694.9236608974752	1	0	1	1.8537303320051
279309.73671471793	2000.0	1385.1869461796562	0.0	0	0.0	1694.9236608975334	1	0	1	1.8537303320050968
280200.0	2000.0	1494.9236608975195	0.0	0	393.8992228950374	1694.9236608975334	1	0	1	1.8537303320050968
281200.0	2000.0	1494.9236608975398	0.0	0	463.01102858927334	1694.9236608975334	1	0	1	1.8537303320050968
282200.0	2000.0	1494.9236608974998	0.0	0	409.29904437670484	1694.9236608975334	1	0	1	1.8537303320050968
283209.43347962736	2000.0	1485.4901812701444	0.0	0	0.0	1694.9236608974752	1	0	1	1.8537303320051
284200.0	2000.0	1494.9236608974793	0.0	0	436.0941530588316	1694.9236608974752	1	0	1	1.8537303320051
285200.0	2000.0	1494.9236608974593	0.0	0	169.5796173151466	1694.9236608974752	1	0	1	1.8537303320051
286200.0	2000.0	1494.92366089753	0.0	0	538.6486685083946	1694.9236608975334	1	0	1	1.8537303320050968
287200.0	2000.0	1494.9236608975145	0.0	0	437.1607246059575	1694.9236608974752	1	0	1	1.8537303320051
289560.7584541983	6000.0	200.0	65.83479330083523	0	0.0	1760.7584541982505	1	0	1	1.4580067336347264
290207.2177104136	2000.0	645.3506168394672	91.80987305471132	0	0.0	1852.568327252986	1	0	1	0.1953027639369881
291241.56520973786	2000.0	611.0031175151935	0.0	0	0.0	1852.5683272529277	1	0	1	1.844774290933369
292008.09457502613	2000.0	844.4737522269687	0.0	0	0.0	1852.5683272529277	1	0	1	1.844774290933369
292975.33310648374	2000.0	877.2352207694266	0.0	0	0.0	1852.5683272529277	1	0	1	1.844774290933369
293856.47874487645	2000.0	996.089582376645	0.0	0	0.0	1852.5683272528695	1	0	1	1.8447742909333726
294448.1130620568	2000.0	1404.4552651963422	0.0	0	0.0	1852.5683272528695	1	0	1	1.8447742909333726
295224.7443383815	2000.0	1627.8239888716619	0.0	0	0.0	1852.5683272529277	1	0	1	1.844774290933369
296200.0	2000.0	1652.56832725312	0.0	0	433.0287966351607	1852.5683272529277	1	0	1	1.844774290933369
297200.0	2000.0	1652.5683272531176	0.0	0	324.82632696902147	1852.5683272529277	1	0	1	1.844774290933369
298200.0	2000.0	1652.5683272530484	0.0	0	123.40709071810124	1852.5683272528695	1	0	1	1.8447742909333726
299200.0	2000.0	1652.5683272530748	0.0	0	206.48652997764293	1852.5683272528695	1	0	1	1.8447742909333726
300200.0	3000.0	1652.5683272530848	0.0	0	402.4792728869361	1852.5683272529277	1	0	1	1.8447742909333693
3.22	3.07	1.89	2.03	2.94	3.83	4.36	1.8	2.12	3.1	3.51	3.73	3.66	2.63	3.36	4.66	4.16	2.35	3.58	4.97	6.16	4.21	2.66	2.11	2.57	3.86	4.92	3.07	2.93	4.22	3.88	3.27	1.37	2.64	2.42	2.7	3.56	2.93	2.78	3.41	3.78	4.56	2.09	3.13	3.76	1.85	2.44	3.7	4.39	3.26	2.48	2.72	3.78	3.04	2.85	2.56	2.29	2.57	2.66	3.85	4.97	5.33	3.92	2.11	2.44	2.65	3.03	4.45	2.97	3.51	4.32	1.91	2.15	3.27	3.08	1.95	2.97	3.22	3.02	2.61	2.7	3.87	5.1	4.92	5.71	4.95	2.95	3.83	4.85	4.4	2.7	4.01	3.79	3.73	3.24	3.56	2.75	2.19	1.84	2.29	2.35	3.22	3.26	2.8	3.26	4.11	4.18	4.23	2.84	2.59	2.03	2.21	1.91	2.53	3.67	4.74	3.37	4.04	5.33	4.95	2.63	3.02	2.94	3.97	4.04	2.19	3.56	3.22	3.49	2.33	2.9	3.04	3.85	5.02	3.13	2.71	3.24	2.17	2.26	2.99	2.9	3.17	3.63	3.45	2.9	3.52	4.89	3.93	2.42	2.61	3.22	3.07	1.89	2.03	2.94	3.83	4.36	1.8	2.12	3.1	3.51	3.73	3.66	2.63	3.36	4.66	4.16	2.35	3.58	4.97	6.16	4.21	2.66	2.11	2.57	3.86	4.92	3.07	2.93	4.22	3.88	3.27	1.37	2.64	2.42	2.7	3.56	2.93	2.78	3.41	3.78	4.56	2.09	3.13	3.76	1.85	2.44	3.7	4.39	3.26	2.48	2.72	3.78	3.04	2.85	2.56	2.29	2.57	2.66	3.85	4.97	5.33	3.92	2.11	2.44	2.65	3.03	4.45	2.97	3.51	4.32	1.91	2.15	3.27	3.08	1.95	2.97	3.22	3.02	2.61	2.7	3.87	5.1	4.92	5.71	4.95	2.95	3.83	4.85	4.4	2.7	4.01	3.79	3.73	3.24	3.56	2.75	2.19	1.84	2.29	2.35	3.22	3.26	2.8	3.26	4.11	4.18	4.23	2.84	2.59	2.03	2.21	1.91	2.53	3.67	4.74	3.37	4.04	5.33	4.95	2.63	3.02	2.94	3.97	4.04	2.19	3.56	3.22	3.49	2.33	2.9	3.04	3.85	5.02	3.13	2.71	3.24	2.17	2.26	2.99	2.9	3.17	3.63	3.45	2.9	3.52	4.89	3.93	2.42	2.61
1.0	2.0	3.0	4.0	5.0	6.0	7.0	8.0	9.0	10.0	11.0	12.0	13.0	14.0	15.0	16.0	17.0	18.0	19.0	20.0	21.0	22.0	23.0	24.0	25.0	26.0	27.0	28.0	29.0	30.0	31.0	32.0	33.0	34.0	35.0	36.0	37.0	38.0	39.0	40.0	41.0	42.0	43.0	44.0	45.0	46.0	47.0	48.0	49.0	50.0	51.0	52.0	53.0	54.0	55.0	56.0	57.0	58.0	59.0	60.0	61.0	62.0	63.0	64.0	65.0	66.0	67.0	68.0	69.0	70.0	71.0	72.0	73.0	74.0	75.0	76.0	77.0	78.0	79.0	80.0	81.0	82.0	83.0	84.0	85.0	86.0	87.0	88.0	89.0	90.0	91.0	92.0	93.0	94.0	95.0	96.0	97.0	98.0	99.0	100.0	101.0	102.0	103.0	104.0	105.0	106.0	107.0	108.0	109.0	110.0	111.0	112.0	113.0	114.0	115.0	116.0	117.0	118.0	119.0	120.0	121.0	122.0	123.0	124.0	125.0	126.0	127.0	128.0	129.0	130.0	131.0	132.0	133.0	134.0	135.0	136.0	137.0	138.0	139.0	140.0	141.0	142.0	143.0	144.0	145.0	146.0	147.0	148.0	149.0	149.0	150.0	151.0	152.0	153.0	154.0	155.0	156.0	157.0	158.0	159.0	160.0	161.0	162.0	163.0	164.0	165.0	166.0	167.0	168.0	169.0	170.0	171.0	172.0	173.0	174.0	175.0	176.0	177.0	178.0	179.0	180.0	181.0	182.0	183.0	184.0	185.0	186.0	187.0	188.0	189.0	190.0	191.0	192.0	193.0	194.0	195.0	196.0	197.0	198.0	199.0	200.0	201.0	202.0	203.0	204.0	205.0	206.0	207.0	208.0	209.0	210.0	211.0	212.0	213.0	214.0	215.0	216.0	217.0	218.0	219.0	220.0	221.0	222.0	223.0	224.0	225.0	226.0	227.0	228.0	229.0	230.0	231.0	232.0	233.0	234.0	235.0	236.0	237.0	238.0	239.0	240.0	241.0	242.0	243.0	244.0	245.0	246.0	247.0	248.0	249.0	250.0	251.0	252.0	253.0	254.0	255.0	256.0	257.0	258.0	259.0	260.0	261.0	262.0	263.0	264.0	265.0	266.0	267.0	268.0	269.0	270.0	271.0	272.0	273.0	274.0	275.0	276.0	277.0	278.0	279.0	280.0	281.0	282.0	283.0	284.0	285.0	286.0	287.0	288.0	289.0	290.0	291.0	292.0	293.0	294.0	295.0	296.0	297.0	298.0	298.0
4339.842173508573
