5792.265623434127	300.0	2000.0	166.99843052369368	0	0.0	5792.265623434127	1	0	1	-2.748291331906279
6659.994440258327	2000.0	2045.4983014933794	0.0	0	0.0	5705.4927417517065	1	0	2	-2.123022228222581
7801.949218309484	2000.0	1789.348045637106	0.0	0	0.0	5591.29726394659	1	0	2	0.08612795574839016
8941.027322271457	2000.0	1536.3621312789373	0.0	0	0.0	5477.389453550394	1	0	2	0.19362932511215503
9702.645609419516	2000.0	1698.5820154160715	0.0	0	0.0	5401.227624835587	1	0	2	0.2681246497609865
10810.781476155846	2000.0	1479.6325620061089	0.0	0	0.0	5290.414038161953	1	0	2	0.35614372926166
11750.437515590693	1000.0	1539.9765225712601	0.0	0	0.0	5290.414038161951	1	0	1	-0.9980452193813172
12609.004877384663	1000.0	1681.4091607772878	0.0	0	0.0	5290.414038161947	1	0	1	-0.10489803882136972
13543.10988112148	1000.0	1747.3041570404714	0.0	0	0.0	5290.414038161947	1	0	1	-0.10489803882136789
14622.514087099971	2000.0	1559.9595304641305	0.0	0	0.0	5182.473617564099	1	0	2	-0.43601030472982133
15430.66365725805	2000.0	1670.9950032902434	0.0	0	0.0	5101.6586605482935	1	0	2	0.5328527636087672
16648.550444264805	2000.0	1331.3195375828159	0.0	0	0.0	4979.86998184762	1	0	2	0.6193550407059558
17415.034282215165	1000.0	1564.8356996324533	0.0	0	0.0	4979.869981847616	1	0	1	-0.7392921849965913
18054.940740613005	1000.0	1924.9292412346138	0.0	0	0.0	4979.869981847616	1	0	1	0.15385499556335522
19033.44763644001	2000.0	1848.5716558249055	0.0	0	0.0	4882.019292264913	1	0	2	-0.1910336639399232
20970.071609356793	2000.0	718.2852856164479	0.0	0	0.0	4688.356894973238	1	0	2	0.8241192479027342
21753.296275696357	1000.0	935.0606192768847	0.0	0	0.0	4688.356894973236	1	0	1	-0.52813197595428
22226.785190896142	1000.0	1461.5717040770976	0.0	0	0.0	4688.35689497324	1	0	1	0.36501520460566317
23001.962609805185	2000.0	1608.8765432771522	0.0	0	0.0	4610.8391530823355	1	0	2	0.004663530714092645
24155.552217742104	2000.0	1339.9279745465358	0.0	0	0.0	4495.48019228864	1	0	2	0.9619484264878244
25064.951320699067	2000.0	1339.5889612938756	0.0	0	0.0	4404.54028199294	1	0	2	1.0201667572988051
25655.101881697457	2000.0	1690.4233441956517	0.0	0	0.0	4345.525225893103	1	0	2	1.0587790662737746
26485.226176278025	2000.0	1777.2866201570246	0.0	0	0.0	4262.512796435047	1	0	2	1.0972008536520703
27039.57657290864	2000.0	2167.501183863348	0.0	0	0.0	4207.077756771985	1	0	2	1.1290513929091677
27699.51051522665	3000.0	2441.5738473135325	0.0	0	0.0	4141.084362540179	1	0	2	1.1582516358878538
28865.043835354798	3000.0	2159.4871951725722	0.0	0	0.0	4024.531030527367	1	0	2	1.6113277200887572
29608.50197364468	2000.0	2341.6832430536974	0.0	0	0.0	3950.185216698381	1	0	2	0.8363120258093144
30992.08489361749	2000.0	1958.1003230808876	0.0	0	0.0	3950.185216698381	1	0	1	1.2507260865747574
32227.039605763664	2000.0	1599.6501397201023	0.0	0	0.0	3826.689745483767	1	0	2	1.0867698839615643
33859.80098187191	2000.0	803.6126260010388	0.0	0	0.0	3663.413607872946	1	0	2	1.3395231315481255
34796.794493783316	1000.0	866.619114089631	0.0	0	0.0	3663.413607872946	1	0	1	-0.03183540226568948
35503.28978046319	1000.0	1160.1238274097561	0.0	0	0.0	3663.4136078729425	1	0	1	0.8613117782942559
36124.10801609231	1000.0	1539.305591780639	0.0	0	0.0	3663.413607872946	1	0	1	0.8613117782942562
37032.87470261483	2000.0	1539.6622366058725	0.0	0	0.0	3572.5369392206994	1	0	2	0.4832348439486602
37823.522869586945	2000.0	1749.0140696337548	0.0	0	0.0	3572.536939220692	1	0	1	1.3826011529180586
38591.94981437919	2000.0	1980.587124841517	0.0	0	0.0	3572.536939220692	1	0	1	1.5826011529180597
39513.266550179214	2000.0	2059.2703890414923	0.0	0	0.0	3572.536939220692	1	0	1	1.5826011529180597
40433.39632630084	2000.0	2047.1276353077074	0.0	0	0.0	3480.5239616085237	1	0	2	1.2026316329727484
41353.72745719091	2000.0	2126.796504417644	0.0	0	0.0	3480.5239616085237	1	0	1	1.408994213723675
42347.371286049776	2000.0	2133.15267555878	0.0	0	0.0	3480.5239616085237	1	0	1	1.6089942137236752
43038.49431397962	2000.0	2372.9173448359443	0.0	0	0.0	3411.4116588155375	1	0	2	1.2231348877201302
44608.74609262712	3000.0	1645.640388323692	0.0	0	0.0	3254.386480950787	1	0	2	1.4546597967716917
45524.71161244563	2000.0	1729.674868505185	0.0	0	0.0	3254.386480950787	1	0	1	1.0602059265557209
46128.453574283696	2000.0	2125.9329066671203	0.0	0	0.0	3254.386480950787	1	0	1	1.6656710346638857
46784.0206883788	2000.0	2470.3657925720213	0.0	0	0.0	3254.386480950787	1	0	1	1.6656710346638857
47525.000726165	2000.0	2729.385754785819	0.0	0	0.0	3254.386480950787	1	0	1	1.6656710346638857
48886.358773351385	3000.0	2231.8919028808014	0.0	0	0.0	3118.2506762321573	1	0	2	1.2873501217503842
49504.14573214697	2000.0	2614.1049440852235	0.0	0	0.0	3118.2506762321573	1	0	1	1.0892926951934674
50200.0	2000.0	2848.665249446892	0.0	0	234.40046773580252	3048.665249446851	1	0	2	1.3027255925175054
51200.0	3000.0	2748.665249446891	0.0	0	132.89316200224857	2948.6652494468435	1	0	2	1.52076477672556
52779.55561526419	3000.0	2011.1540726562903	0.0	0	0.0	2790.7096879204255	1	0	2	1.9502256670575568
53603.21732920558	2000.0	2187.4923587148983	0.0	0	0.0	2790.7096879204328	1	0	1	1.1462749501306473
54290.709113907964	2000.0	2500.0005740125093	0.0	0	0.0	2790.7096879204255	1	0	1	1.7517400582388132
55200.0	2000.0	2590.709687920477	0.0	0	321.8555206108722	2790.7096879204255	1	0	1	1.7517400582388132
56200.0	2000.0	2590.7096879204696	0.0	0	441.04167217286886	2790.7096879204255	1	0	1	1.7517400582388132
57200.0	2000.0	2590.7096879204714	0.0	0	532.0108819998641	2790.7096879204255	1	0	1	1.7517400582388132
58200.0	3000.0	2490.709687920469	0.0	0	250.24125922287203	2690.709687920418	1	0	2	1.3607535335202026
59200.0	3000.0	2390.709687920472	0.0	0	102.18613945228572	2590.709687920418	1	0	2	1.9804040423167208
60349.85379449104	3000.0	2125.870513980324	0.0	0	0.0	2475.724308471312	1	0	2	1.994702207216552
62144.14746010684	3000.0	1152.1474818029467	0.0	0	0.0	2296.294941909735	1	0	2	2.0120880537402153
62993.318252839024	2000.0	1302.9766890707617	0.0	0	0.0	2296.294941909735	1	0	1	1.2053856101990814
63860.00039365976	2000.0	1436.294548250022	0.0	0	0.0	2296.294941909735	1	0	1	1.8108507183072462
64600.78410432427	2000.0	1695.5108375855027	0.0	0	0.0	2296.2949419097276	1	0	1	1.8108507183072466
65504.33576430728	3000.0	1701.6040116041845	0.0	0	0.0	2205.9397759114217	1	0	2	1.417024383885669
66200.0	3000.0	1936.373352342188	0.0	0	179.51762405411864	2136.3733523421324	1	0	2	2.0280532152021613
67200.0	3000.0	1836.3733523421795	0.0	0	294.84892906376626	2036.3733523421251	1	0	2	2.0350665442580826
68200.0	3000.0	1736.3733523421886	0.0	0	198.3480321486859	1936.3733523421397	1	0	2	2.042402540549992
69200.0	2000.0	1736.3733523421915	0.0	0	346.4500366317807	1936.3733523421397	1	0	1	1.2339606147543911
70437.92536332614	2000.0	1498.447989016063	0.0	0	0.0	1936.3733523421397	1	0	1	1.839425722862556
71777.24514497604	2000.0	1159.1282073661673	0.0	0	0.0	1936.3733523421251	1	0	1	1.8394257228625568
73230.98047750065	2000.0	705.3928748415624	0.0	0	0.0	1936.3733523421397	1	0	1	1.839425722862556
73984.76122939595	1000.0	951.61212294624	0.0	0	0.0	1936.3733523421251	1	0	1	0.45313136174266655
74757.00105811117	1000.0	1179.372294231027	0.0	0	0.0	1936.3733523421251	1	0	1	1.1462785423026118
75947.09997718055	2000.0	989.2733751616338	0.0	0	0.0	1936.3733523421251	1	0	1	1.1462785423026116
77131.33616044238	2000.0	805.0371918998013	0.0	0	0.0	1936.3733523421397	1	0	1	1.839425722862556
77752.32871649362	1000.0	1184.044635848576	0.0	0	0.0	1936.3733523421397	1	0	1	0.4531313617426656
78593.31121489736	2000.0	1343.0621374448328	0.0	0	0.0	1936.3733523421397	1	0	1	1.146278542302611
79545.5864774861	2000.0	1390.7868748561077	0.0	0	0.0	1936.3733523421397	1	0	1	1.839425722862556
80202.03011726825	2000.0	1734.3432350739552	0.0	0	0.0	1936.3733523421542	1	0	1	1.839425722862555
81200.0	2000.0	1736.3733523421963	0.0	0	294.5174830056203	1936.3733523421542	1	0	1	1.839425722862555
82200.0	2000.0	1736.373352342204	0.0	0	293.3121190552047	1936.3733523421397	1	0	1	1.839425722862556
83200.0	2000.0	1736.3733523422031	0.0	0	108.53124253332498	1936.3733523421397	1	0	1	1.839425722862556
84200.0	2000.0	1736.3733523421997	0.0	0	204.53944932465674	1936.3733523421397	1	0	1	1.839425722862556
85200.0	2000.0	1736.3733523421881	0.0	0	211.0425226091611	1936.3733523421397	1	0	1	1.839425722862556
86200.0	2000.0	1736.3733523421834	0.0	0	119.60485733502719	1936.3733523421397	1	0	1	1.839425722862556
87666.82760067744	2000.0	1269.5457516647273	0.0	0	0.0	1936.3733523421397	1	0	1	1.839425722862556
88436.54937972495	2000.0	1499.8239726172121	0.0	0	0.0	1936.3733523421542	1	0	1	1.839425722862555
89867.507994956	2000.0	1068.8653573861857	0.0	0	0.0	1936.3733523421688	1	0	1	1.8394257228625537
91008.79461706095	2000.0	927.578735281221	0.0	0	0.0	1936.3733523421688	1	0	1	1.8394257228625537
91943.89030114922	2000.0	992.4830511929458	0.0	0	0.0	1936.3733523421688	1	0	1	1.8394257228625537
92820.83449738153	2000.0	1115.5388549606444	0.0	0	0.0	1936.3733523421688	1	0	1	1.8394257228625537
93930.95949904512	2000.0	1005.413853297061	0.0	0	0.0	1936.3733523421688	1	0	1	1.8394257228625537
95215.24301971511	2000.0	721.1303326270515	0.0	0	0.0	1936.3733523421688	1	0	1	1.8394257228625537
95907.7297293443	1000.0	1028.6436229978835	0.0	0	0.0	1936.3733523421688	1	0	1	0.4531313617426636
96931.55814503995	2000.0	1004.8152073022368	0.0	0	0.0	1936.3733523421688	1	0	1	1.1462785423026087
97658.5909386474	1000.0	1277.7824136947968	0.0	0	0.0	1936.3733523421834	1	0	1	0.45313136174266266
98882.71386269375	2000.0	1053.6594896484298	0.0	0	0.0	1936.3733523421688	1	0	1	1.1462785423026087
99557.76990867117	1000.0	1378.6034436710165	0.0	0	0.0	1936.3733523421688	1	0	1	0.4531313617426636
100522.03352240952	2000.0	1414.3398299326577	0.0	0	0.0	1936.3733523421542	1	0	1	1.1462785423026096
101355.38791128878	2000.0	1580.9854410534026	0.0	0	0.0	1936.3733523421688	1	0	1	1.8394257228625537
102295.30433413509	2000.0	1641.0690182071128	0.0	0	0.0	1936.3733523421542	1	0	1	1.839425722862555
103200.0	2000.0	1736.3733523421952	0.0	0	71.15804781792394	1936.3733523421688	1	0	1	1.8394257228625537
104200.0	2000.0	1736.373352342197	0.0	0	56.879580952445394	1936.3733523421688	1	0	1	1.8394257228625537
105200.0	2000.0	1736.3733523422004	0.0	0	191.22966838706634	1936.3733523421688	1	0	1	1.8394257228625537
106299.64095929007	2000.0	1636.7323930521404	0.0	0	0.0	1936.3733523421834	1	0	1	1.839425722862553
107310.20816460556	2000.0	1626.1651877366505	0.0	0	0.0	1936.373352342198	1	0	1	1.8394257228625521
108200.0	2000.0	1736.3733523421993	0.0	0	63.09156756445009	1936.3733523422125	1	0	1	1.839425722862551
109200.0	2000.0	1736.3733523422204	0.0	0	20.080956057820003	1936.3733523422125	1	0	1	1.839425722862551
110200.0	2000.0	1736.3733523422136	0.0	0	425.0329645642487	1936.3733523422125	1	0	1	1.839425722862551
111200.0	2000.0	1736.3733523422038	0.0	0	576.1552572731307	1936.3733523422125	1	0	1	1.839425722862551
112200.0	3000.0	1636.3733523421952	0.0	0	402.0130300390447	1836.3733523421688	1	0	2	1.4434154812193776
115004.51039381238	6000.0	200.0	368.1370414701782	0	0.0	2204.5103938123502	1	0	1	-0.16705219284310172
116078.45901221885	2000.0	376.19080047311354	250.1394188795802	0	0.0	2454.6498126919323	1	0	1	-0.8046345669202344
117360.18600146504	2000.0	298.43692616710496	203.97311494018592	0	0.0	2658.6229276321537	1	0	1	0.5464571051169811
117703.5106770792	1000.0	955.1122505529515	0.0	0	0.0	2658.6229276321537	1	0	1	0.3840014336382065
118644.00523979432	2000.0	1014.6176878378188	0.0	0	0.0	2658.6229276321537	1	0	1	1.0771486141981514
119331.61873968074	2000.0	1327.0041879514229	0.0	0	0.0	2658.6229276321537	1	0	1	1.7702957947580966
120302.45847209632	2000.0	1356.1644555358403	0.0	0	0.0	2658.6229276321683	1	0	1	1.7702957947580948
120702.795611576	1000.0	1955.8273160561487	0.0	0	0.0	2658.6229276321683	1	0	1	0.3840014336382045
121635.64430473573	2000.0	2022.9786228964101	0.0	0	0.0	2658.6229276321683	1	0	1	1.07714861419815
122509.83051845261	2000.0	2148.792409179527	0.0	0	0.0	2658.6229276321683	1	0	1	1.7702957947580948
123200.0	2000.0	2458.6229276321355	0.0	0	136.48230965029506	2658.6229276321683	1	0	1	1.7702957947580948
124318.9645736842	3000.0	2227.761896579518	0.0	0	0.0	2546.726470263762	1	0	2	1.38115524756513
125757.67459298066	3000.0	1645.1808753534253	0.0	0	0.0	2402.855468334121	1	0	2	2.0005181578436804
126658.70306100944	1000.0	1744.1524073246337	0.0	0	0.0	2402.8554683341063	1	0	1	-0.19143307375436658
128209.91271073585	2000.0	1192.942757598209	0.0	0	0.0	2402.8554683341063	1	0	1	1.1071792149137432
128819.41182873544	1000.0	1583.4436395986527	0.0	0	0.0	2402.8554683341063	1	0	1	0.4140320343537981
130155.9403721572	2000.0	1246.9150961768757	0.0	0	0.0	2402.8554683341063	1	0	1	1.1071792149137432
130859.36450707591	2000.0	1543.4909612581646	0.0	0	0.0	2402.8554683341063	1	0	1	1.8003263954736883
131622.6885052757	2000.0	1780.1669630583763	0.0	0	0.0	2402.8554683341063	1	0	1	1.8003263954736872
132644.28074365898	2000.0	1758.574724675119	0.0	0	0.0	2402.855468334121	1	0	1	1.8003263954736868
133296.940214519	2000.0	2105.9152538150943	0.0	0	0.0	2402.855468334121	1	0	1	1.8003263954736868
134293.43264927683	2000.0	2109.4228190572767	0.0	0	0.0	2402.8554683341063	1	0	1	1.8003263954736883
135611.29235007477	2000.0	1791.5631182593224	0.0	0	0.0	2402.855468334077	1	0	1	1.8003263954736897
136444.77249340323	2000.0	1958.0829749308575	0.0	0	0.0	2402.855468334077	1	0	1	1.8003263954736914
137200.0	2000.0	2202.855468334078	0.0	0	250.96803872121382	2402.855468334077	1	0	1	1.8003263954736914
138200.0	2000.0	2202.855468334094	0.0	0	336.7440363494097	2402.855468334077	1	0	1	1.8003263954736914
139200.0	3000.0	2102.8554683341213	0.0	0	260.32855825239676	2302.855468334077	1	0	2	1.406727318911897
140200.0	3000.0	2002.8554683341088	0.0	0	37.20882819170947	2202.855468334048	1	0	2	2.0219128456274267
141200.0	2000.0	1902.855468334115	0.0	0	316.3493934166909	2102.855468334077	1	0	2	1.219061165869137
142200.0	2000.0	1802.8554683340817	0.0	0	468.3058265738073	2002.855468334048	1	0	2	1.6320517711529081
143291.51809222222	2000.0	1602.1855668896408	0.0	0	0.0	1893.7036591118085	1	0	2	1.6401251349204546
144200.0	2000.0	1693.70365911184	0.0	0	132.04653332804446	1893.7036591118085	1	0	1	1.6422031431979
145273.20987576424	2000.0	1620.4937833476038	0.0	0	0.0	1893.7036591118085	1	0	1	1.8422031431979002
146236.17133580195	2000.0	1657.532323309876	0.0	0	0.0	1893.7036591118085	1	0	1	1.8422031431979002
147200.0	2000.0	1693.7036591118267	0.0	0	124.81078351457836	1893.7036591118085	1	0	1	1.8422031431979002
148376.09200380626	2000.0	1517.611655305552	0.0	0	0.0	1893.7036591118085	1	0	1	1.8422031431979002
149256.32482982846	2000.0	1637.378829283318	0.0	0	0.0	1893.7036591118085	1	0	1	1.8422031431979002
150200.0	2000.0	1693.703659111784	0.0	0	142.13795490018674	1893.7036591118085	1	0	1	1.8422031431979002
151200.0	2000.0	1693.7036591118026	0.0	0	343.0251663729723	1893.7036591118085	1	0	1	1.8422031431979002
152557.64899450378	2000.0	1336.0546646080197	0.0	0	0.0	1893.7036591117794	1	0	1	1.8422031431979022
153234.09121142988	2000.0	1659.6124476819152	0.0	0	0.0	1893.7036591117794	1	0	1	1.8422031431979022
154248.579534024	2000.0	1645.1241250877974	0.0	0	0.0	1893.7036591117503	1	0	1	1.8422031431979042
155200.0	2000.0	1693.703659111776	0.0	0	22.577410614292603	1893.7036591117503	1	0	1	1.8422031431979042
156340.46256247183	2000.0	1553.2410966399184	0.0	0	0.0	1893.7036591117212	1	0	1	1.8422031431979058
157542.23803150345	2000.0	1351.4656276082756	0.0	0	0.0	1893.703659111692	1	0	1	1.8422031431979062
158200.0	2000.0	1693.703659111687	0.0	0	65.74485032053781	1893.703659111692	1	0	1	1.8422031431979078
159200.0	2000.0	1693.7036591116812	0.0	0	170.89080978231505	1893.703659111692	1	0	1	1.8422031431979078
160200.0	2000.0	1693.7036591116619	0.0	0	61.67242056957912	1893.703659111663	1	0	1	1.8422031431979096
161727.15077368933	2000.0	1166.5528854223553	0.0	0	0.0	1893.703659111663	1	0	1	1.8422031431979096
162441.20800007138	1000.0	1452.4956590403249	0.0	0	0.0	1893.703659111663	1	0	1	0.45590878207801927
163200.0	1000.0	1693.7036591116944	0.0	0	263.7826386600209	1893.703659111692	1	0	1	1.1490559626379626
164200.0	2000.0	1693.7036591117028	0.0	0	273.8655419802817	1893.703659111692	1	0	1	1.1490559626379626
165200.0	2000.0	1693.7036591117057	0.0	0	265.66644544544397	1893.703659111663	1	0	1	1.8422031431979096
166200.0	2000.0	1693.7036591116803	0.0	0	43.015124221128644	1893.703659111634	1	0	1	1.8422031431979113
167200.0	2000.0	1693.703659111643	0.0	0	71.70852731191553	1893.7036591116048	1	0	1	1.8422031431979133
168402.88968599433	2000.0	1490.813973117295	0.0	0	0.0	1893.7036591115757	1	0	1	1.8422031431979153
170283.2607168714	2000.0	610.4429422402715	0.0	0	0.0	1893.7036591115757	1	0	1	1.8422031431979153
171026.0380647137	1000.0	867.665594397935	0.0	0	0.0	1893.7036591115757	1	0	1	0.45590878207802493
171535.7699437377	1000.0	1357.9337153739625	0.0	0	0.0	1893.7036591115757	1	0	1	1.1490559626379702
172426.56568893348	2000.0	1467.1379701781625	0.0	0	0.0	1893.7036591115757	1	0	1	1.14905596263797
173536.580060549	2000.0	1357.1235985626718	0.0	0	0.0	1893.7036591116048	1	0	1	1.842203143197915
174310.7299541253	2000.0	1582.973704986392	0.0	0	0.0	1893.703659111634	1	0	1	1.8422031431979113
175200.0	2000.0	1693.7036591116637	0.0	0	44.250863085559104	1893.703659111634	1	0	1	1.8422031431979113
176200.0	2000.0	1693.7036591116598	0.0	0	546.3940734575153	1893.7036591116048	1	0	1	1.8422031431979131
177200.0	2000.0	1693.7036591116548	0.0	0	351.3657457459776	1893.7036591116048	1	0	1	1.8422031431979133
178200.0	2000.0	1693.7036591116641	0.0	0	147.38705434300937	1893.7036591116048	1	0	1	1.8422031431979133
179200.0	2000.0	1693.7036591116507	0.0	0	129.9501480962499	1893.7036591116048	1	0	1	1.8422031431979133
180472.76059623223	2000.0	1420.9430628794562	0.0	0	0.0	1893.7036591116048	1	0	1	1.8422031431979133
181205.2676818263	2000.0	1688.4359772853804	0.0	0	0.0	1893.7036591116048	1	0	1	1.8422031431979133
182520.8855453191	2000.0	1372.8181137925756	0.0	0	0.0	1893.7036591116048	1	0	1	1.8422031431979133
183593.47732077143	2000.0	1300.226338340226	0.0	0	0.0	1893.7036591116048	1	0	1	1.8422031431979133
184307.38324263523	1000.0	1586.3204164764256	0.0	0	0.0	1893.7036591116048	1	0	1	0.455908782078023
185200.0	2000.0	1693.7036591116462	0.0	0	93.08866269761347	1893.7036591116048	1	0	1	1.1490559626379682
186200.0	2000.0	1693.7036591116516	0.0	0	364.64210872142576	1893.7036591115757	1	0	1	1.8422031431979153
187200.0	2000.0	1693.703659111662	0.0	0	296.2758343130117	1893.7036591115757	1	0	1	1.8422031431979153
188200.0	2000.0	1693.7036591116648	0.0	0	363.26549780153437	1893.7036591115757	1	0	1	1.8422031431979153
189200.0	2000.0	1693.7036591116662	0.0	0	365.03795086045284	1893.7036591115757	1	0	1	1.8422031431979153
190200.0	2000.0	1693.7036591116628	0.0	0	36.88836290463223	1893.7036591115757	1	0	1	1.8422031431979153
191200.0	2000.0	1693.7036591116396	0.0	0	381.1818018309423	1893.7036591115757	1	0	1	1.8422031431979153
192200.0	2000.0	1693.7036591116512	0.0	0	448.5163497401518	1893.7036591115466	1	0	1	1.8422031431979171
193200.0	2000.0	1693.7036591116353	0.0	0	156.68727452098392	1893.7036591115466	1	0	1	1.8422031431979171
194200.0	2000.0	1693.7036591116248	0.0	0	259.6722796349786	1893.7036591115175	1	0	1	1.842203143197919
195200.0	2000.0	1693.7036591116525	0.0	0	129.43738943414064	1893.7036591115466	1	0	1	1.8422031431979171
196250.84683095614	2000.0	1642.856828155501	0.0	0	0.0	1893.7036591115175	1	0	1	1.842203143197919
197200.0	2000.0	1693.703659111686	0.0	0	128.6421557115973	1893.7036591115175	1	0	1	1.842203143197919
198200.0	2000.0	1693.7036591116607	0.0	0	434.7976162090199	1893.7036591114884	1	0	1	1.8422031431979207
199200.0	2000.0	1693.7036591116498	0.0	0	280.2373984493024	1893.7036591114884	1	0	1	1.8422031431979207
200200.0	2000.0	1693.703659111647	0.0	0	377.83116541351774	1893.7036591114593	1	0	1	1.8422031431979227
201200.0	2000.0	1693.7036591116448	0.0	0	426.0705970154959	1893.7036591114593	1	0	1	1.8422031431979227
202200.0	2000.0	1693.7036591116391	0.0	0	92.68692743661813	1893.7036591114593	1	0	1	1.8422031431979227
203287.71640584053	2000.0	1605.987253271137	0.0	0	0.0	1893.7036591114593	1	0	1	1.8422031431979227
204200.0	2000.0	1693.7036591116675	0.0	0	64.63105246526538	1893.7036591114884	1	0	1	1.8422031431979207
205200.0	2000.0	1693.7036591116753	0.0	0	396.72256100998493	1893.7036591115175	1	0	1	1.842203143197919
206200.0	2000.0	1693.7036591116826	0.0	0	488.28826461877907	1893.7036591115175	1	0	1	1.842203143197919
207200.0	3000.0	1593.7036591117073	0.0	0	172.5797288120084	1793.7036591115175	1	0	2	1.4461369723791893
208200.0	2000.0	1593.7036591116716	0.0	0	484.386588155583	1793.7036591115175	1	0	1	1.2428147169449693
209200.0	2000.0	1593.7036591116807	0.0	0	326.54724172721035	1793.7036591115175	1	0	1	1.848279825053134
210290.63853434467	2000.0	1503.0651247670012	0.0	0	0.0	1793.7036591115175	1	0	1	1.848279825053134
211200.0	2000.0	1593.7036591116519	0.0	0	254.99470381252468	1793.7036591115175	1	0	1	1.848279825053134
212200.0	2000.0	1593.7036591116835	0.0	0	272.3808032819652	1793.7036591115175	1	0	1	1.848279825053134
213200.0	2000.0	1593.7036591116687	0.0	0	341.26967984240036	1793.7036591115175	1	0	1	1.848279825053134
214200.0	2000.0	1593.703659111692	0.0	0	506.6406307799625	1793.7036591115175	1	0	1	1.848279825053134
215200.0	3000.0	1593.7036591116757	0.0	0	308.33082876278786	1793.7036591115175	1	0	1	1.8482798250531343
216552.9142862679	6000.0	1240.78937284381	0.0	0	0.0	1793.7036591115175	1	0	1	2.2537449331612986
217316.5618008713	2000.0	1477.1418582403899	0.0	0	0.0	1793.7036591115175	1	0	1	0.7496675363850245
218200.0	2000.0	1593.7036591116985	0.0	0	174.44285551886423	1793.7036591114884	1	0	1	1.8482798250531358
219378.8963955214	2000.0	1414.8072635902708	0.0	0	0.0	1793.7036591114884	1	0	1	1.8482798250531358
220885.3049935534	2000.0	908.398665558255	0.0	0	0.0	1793.7036591114302	1	0	1	1.8482798250531385
222368.63919268057	2000.0	425.0644664310995	0.0	0	0.0	1793.7036591114302	1	0	1	1.848279825053139
223481.8066341782	1000.0	434.3714848089628	122.47445987548105	0	0.0	1916.1781189868925	1	0	1	-0.28038657869871164
224036.09571522012	1000.0	880.0824037670559	0.0	0	0.0	1916.1781189868925	1	0	1	1.1476073611141213
225121.10322553877	2000.0	795.0748934483925	0.0	0	0.0	1916.1781189868925	1	0	1	1.1476073611141213
226021.6603464835	2000.0	894.5177725036968	0.0	0	0.0	1916.1781189869216	1	0	1	1.8407545416740645
227158.7464878768	2000.0	757.4316311103626	0.0	0	0.0	1916.1781189868925	1	0	1	1.8407545416740665
227939.51847472045	2000.0	976.6596442667264	0.0	0	0.0	1916.1781189868634	1	0	1	1.8407545416740683
228937.80719594084	2000.0	978.3709230463224	0.0	0	0.0	1916.1781189868634	1	0	1	1.8407545416740683
229522.6492699428	2000.0	1393.5288490443413	0.0	0	0.0	1916.1781189868343	1	0	1	1.8407545416740703
230200.0	2000.0	1716.1781189871492	0.0	0	13.341290266514989	1916.1781189868343	1	0	1	1.8407545416740703
231200.0	2000.0	1716.178118987132	0.0	0	447.30420807766495	1916.1781189868343	1	0	1	1.8407545416740703
232200.0	2000.0	1716.178118987109	0.0	0	316.44155592264724	1916.1781189868343	1	0	1	1.8407545416740703
233491.05417040683	2000.0	1425.1239485802957	0.0	0	0.0	1916.1781189868343	1	0	1	1.8407545416740703
234274.63146409916	2000.0	1641.5466548879504	0.0	0	0.0	1916.1781189868343	1	0	1	1.8407545416740703
235506.28747447106	2000.0	1409.8906445160617	0.0	0	0.0	1916.1781189868343	1	0	1	1.8407545416740703
236593.34724480854	2000.0	1322.8308741785704	0.0	0	0.0	1916.1781189868343	1	0	1	1.8407545416740703
237330.02769550486	2000.0	1586.1504234822162	0.0	0	0.0	1916.1781189868343	1	0	1	1.8407545416740703
238843.2124199434	2000.0	1072.9656990437297	0.0	0	0.0	1916.1781189868052	1	0	1	1.840754541674072
239644.46566297914	2000.0	1271.7124560080076	0.0	0	0.0	1916.1781189868052	1	0	1	1.840754541674072
240411.699236038	2000.0	1504.478882949135	0.0	0	0.0	1916.1781189868343	1	0	1	1.8407545416740703
241461.37676683668	2000.0	1454.8013521504736	0.0	0	0.0	1916.1781189868343	1	0	1	1.8407545416740703
242843.58015544698	2000.0	1072.5979635401545	0.0	0	0.0	1916.1781189868052	1	0	1	1.840754541674072
244433.6371997475	2000.0	482.5409192396494	0.0	0	0.0	1916.1781189868052	1	0	1	1.840754541674072
245173.0157616315	1000.0	743.1623573556403	0.0	0	0.0	1916.1781189868052	1	0	1	0.4544601805541818
245832.588836878	1000.0	1083.5892821091747	0.0	0	0.0	1916.178118986776	1	0	1	1.1476073611141289
246949.9404971351	2000.0	966.2376218521115	0.0	0	0.0	1916.1781189868052	1	0	1	1.1476073611141269
247686.55222888442	1000.0	1229.625890102789	0.0	0	0.0	1916.178118986776	1	0	1	0.45446018055418363
248315.32670320512	1000.0	1600.851415782099	0.0	0	0.0	1916.178118986776	1	0	1	1.1476073611141289
249200.0	2000.0	1716.1781189872243	0.0	0	106.66750926605891	1916.178118986776	1	0	1	1.1476073611141286
250200.0	2000.0	1716.1781189872038	0.0	0	421.67432942645974	1916.178118986776	1	0	1	1.840754541674074
251344.43451075122	2000.0	1571.7436082359907	0.0	0	0.0	1916.178118986776	1	0	1	1.840754541674074
252200.0	2000.0	1716.178118987204	0.0	0	148.46147630142514	1916.178118986776	1	0	1	1.840754541674074
253200.0	2000.0	1716.1781189872138	0.0	0	33.023877004830865	1916.178118986776	1	0	1	1.840754541674074
254200.0	2000.0	1716.1781189872038	0.0	0	204.7536475296074	1916.178118986776	1	0	1	1.840754541674074
255200.0	2000.0	1716.178118987199	0.0	0	20.516235645278357	1916.178118986776	1	0	1	1.840754541674074
256268.1780257888	2000.0	1648.0000931983632	0.0	0	0.0	1916.178118986776	1	0	1	1.840754541674074
257302.79221628152	2000.0	1613.3859027056376	0.0	0	0.0	1916.1781189868052	1	0	1	1.840754541674072
258217.58326247803	2000.0	1698.5948565091696	0.0	0	0.0	1916.1781189868343	1	0	1	1.8407545416740703
259200.0	2000.0	1716.1781189871758	0.0	0	311.5879194633453	1916.1781189868343	1	0	1	1.8407545416740703
260200.0	2000.0	1716.178118987178	0.0	0	460.6270838539931	1916.1781189868052	1	0	1	1.840754541674072
261200.0	3000.0	1716.1781189871494	0.0	0	300.24992606198066	1916.1781189868052	1	0	1	1.8407545416740723
263232.61934229877	6000.0	683.5587766883215	0.0	0	0.0	1916.178118986718	1	0	1	2.24621964978224
264182.9828735916	2000.0	733.1952453955375	0.0	0	0.0	1916.178118986776	1	0	1	0.7421422530059655
265061.04501459934	2000.0	855.13310438778	0.0	0	0.0	1916.178118986718	1	0	1	1.8407545416740778
265978.9046897026	2000.0	937.2734292845371	0.0	0	0.0	1916.1781189866597	1	0	1	1.8407545416740816
266809.4366483574	2000.0	1106.7414706297347	0.0	0	0.0	1916.1781189866597	1	0	1	1.8407545416740816
267643.9938264007	2000.0	1272.184292586431	0.0	0	0.0	1916.1781189866597	1	0	1	1.8407545416740816
268272.3686492099	2000.0	1643.8094697772383	0.0	0	0.0	1916.1781189866597	1	0	1	1.8407545416740816
269241.9273215457	2000.0	1674.2507974414432	0.0	0	0.0	1916.1781189866597	1	0	1	1.8407545416740816
270210.574130393	2000.0	1705.6039885941552	0.0	0	0.0	1916.1781189866597	1	0	1	1.8407545416740816
271200.0	2000.0	1716.178118987088	0.0	0	421.23424530774355	1916.178118986718	1	0	1	1.8407545416740778
272200.0	2000.0	1716.1781189870578	0.0	0	244.71221317211166	1916.178118986718	1	0	1	1.8407545416740778
273200.0	2000.0	1716.17811898706	0.0	0	290.89120064186864	1916.178118986776	1	0	1	1.840754541674074
274640.5966666699	2000.0	1275.5814523171969	0.0	0	0.0	1916.178118986776	1	0	1	1.840754541674074
276400.62918630434	2000.0	515.548932682746	0.0	0	0.0	1916.178118986718	1	0	1	1.8407545416740778
277133.552078945	1000.0	782.6260400420622	0.0	0	0.0	1916.178118986718	1	0	1	0.4544601805541875
277819.6787793331	1000.0	1096.499339653954	0.0	0	0.0	1916.178118986718	1	0	1	1.1476073611141326
278560.9655248483	1000.0	1355.2125941387692	0.0	0	0.0	1916.178118986718	1	0	1	1.1476073611141326
279536.50161027134	2000.0	1379.6765087156884	0.0	0	0.0	1916.178118986718	1	0	1	1.1476073611141326
280358.947606398	2000.0	1557.2305125890273	0.0	0	0.0	1916.178118986718	1	0	1	1.8407545416740778
281200.0	2000.0	1716.178118987055	0.0	0	64.48039648227859	1916.178118986776	1	0	1	1.840754541674074
282200.0	2000.0	1716.1781189871003	0.0	0	270.18026458623353	1916.1781189868343	1	0	1	1.8407545416740703
283200.0	2000.0	1716.1781189870744	0.0	0	44.53135284275049	1916.178118986776	1	0	1	1.840754541674074
284441.25470277143	2000.0	1474.9234162155917	0.0	0	0.0	1916.178118986776	1	0	1	1.840754541674074
285445.05024600454	2000.0	1471.1278729825112	0.0	0	0.0	1916.1781189868343	1	0	1	1.8407545416740703
286200.0	2000.0	1716.1781189870524	0.0	0	61.69115002331091	1916.1781189868343	1	0	1	1.8407545416740703
287200.0	2000.0	1716.1781189870587	0.0	0	369.7301006746711	1916.1781189868343	1	0	1	1.8407545416740703
288200.0	2000.0	1716.1781189870203	0.0	0	334.44394459895557	1916.1781189868925	1	0	1	1.8407545416740665
289393.0513699905	3000.0	1523.1267489964766	0.0	0	0.0	1916.1781189868343	1	0	1	1.8407545416740705
290200.0	2000.0	1716.178118986977	0.0	0	90.87052701157518	1916.1781189868343	1	0	1	1.4352894335659057
291200.0	2000.0	1716.1781189870433	0.0	0	256.16232681728434	1916.1781189868343	1	0	1	1.8407545416740703
292221.8774897436	2000.0	1694.3006292434961	0.0	0	0.0	1916.1781189868343	1	0	1	1.8407545416740703
293200.0	2000.0	1716.1781189870546	0.0	0	136.82244204398012	1916.1781189868343	1	0	1	1.8407545416740703
294392.58586841536	2000.0	1523.5922505716458	0.0	0	0.0	1916.1781189868343	1	0	1	1.8407545416740703
295250.42409142124	2000.0	1665.7540275657302	0.0	0	0.0	1916.1781189868343	1	0	1	1.8407545416740703
296200.0	2000.0	1716.1781189869723	0.0	0	226.08189910685178	1916.1781189868925	1	0	1	1.8407545416740665
297278.73494297004	2000.0	1637.443176016964	0.0	0	0.0	1916.1781189868925	1	0	1	1.8407545416740665
298234.5652150459	2000.0	1681.6129039411273	0.0	0	0.0	1916.1781189868925	1	0	1	1.8407545416740665
299200.0	2000.0	1716.1781189869837	0.0	0	30.45052877801936	1916.1781189868925	1	0	1	1.8407545416740665
300200.0	2000.0	1716.1781189869832	0.0	0	67.8688135536504	1916.1781189868925	1	0	1	1.8407545416740665
2.79	1.88	2.24	2.77	2.11	1.37	1.34	1.4	2.25	2.3	1.96	1.7	1.78	1.88	0.79	1.73	1.75	2.5	2.21	2.18	3.26	4.03	2.91	2.46	1.68	1.98	2.25	1.46	1.49	1.29	2.21	3.48	2.26	2.39	2.95	2.69	2.72	3.36	1.9	2.63	3.13	2.09	3.04	2.72	3.3	3.37	2.28	2.33	2.36	2.98	3.52	4.27	3.02	3.1	2.84	2.02	2.4	2.97	3.38	4.17	5.17	3.94	2.73	2.54	1.6	0.86	2.46	1.19	1.22	2.11	2.24	1.92	2.21	2.33	2.99	3.59	2.54	2.5	1.85	2.58	1.45	1.69	2.61	1.55	1.77	2.36	2.29	1.63	1.7	1.49	1.78	1.75	1.78	1.48	2.68	2.84	2.0	2.47	2.94	2.07	2.26	2.41	1.99	2.63	3.81	5.25	5.54	2.4	2.63	3.01	2.11	2.04	2.41	2.73	1.46	2.75	3.19	3.06	3.17	1.6	0.9	1.39	1.56	1.59	2.0	2.77	2.28	2.33	2.61	1.52	2.41	3.12	4.25	3.65	2.2	2.94	2.92	1.73	2.19	2.31	2.75	2.07	2.36	2.54	2.48	3.01	1.53	2.56	2.71	1.82	2.79	1.88	2.24	2.77	2.11	1.37	1.34	1.4	2.25	2.3	1.96	1.7	1.78	1.88	0.79	1.73	1.75	2.5	2.21	2.18	3.26	4.03	2.91	2.46	1.68	1.98	2.25	1.46	1.49	1.29	2.21	3.48	2.26	2.39	2.95	2.69	2.72	3.36	1.9	2.63	3.13	2.09	3.04	2.72	3.3	3.37	2.28	2.33	2.36	2.98	3.52	4.27	3.02	3.1	2.84	2.02	2.4	2.97	3.38	4.17	5.17	3.94	2.73	2.54	1.6	0.86	2.46	1.19	1.22	2.11	2.24	1.92	2.21	2.33	2.99	3.59	2.54	2.5	1.85	2.58	1.45	1.69	2.61	1.55	1.77	2.36	2.29	1.63	1.7	1.49	1.78	1.75	1.78	1.48	2.68	2.84	2.0	2.47	2.94	2.07	2.26	2.41	1.99	2.63	3.81	5.25	5.54	2.4	2.63	3.01	2.11	2.04	2.41	2.73	1.46	2.75	3.19	3.06	3.17	1.6	0.9	1.39	1.56	1.59	2.0	2.77	2.28	2.33	2.61	1.52	2.41	3.12	4.25	3.65	2.2	2.94	2.92	1.73	2.19	2.31	2.75	2.07	2.36	2.54	2.48	3.01	1.53	2.56
1.0	2.0	3.0	4.0	5.0	6.0	7.0	8.0	9.0	10.0	11.0	12.0	13.0	14.0	15.0	16.0	17.0	18.0	19.0	20.0	21.0	22.0	23.0	24.0	25.0	26.0	27.0	28.0	29.0	30.0	31.0	32.0	33.0	34.0	35.0	36.0	37.0	38.0	39.0	40.0	41.0	42.0	43.0	44.0	45.0	46.0	47.0	48.0	49.0	50.0	51.0	52.0	53.0	54.0	55.0	56.0	57.0	58.0	59.0	60.0	61.0	62.0	63.0	64.0	65.0	66.0	67.0	68.0	69.0	70.0	71.0	72.0	73.0	74.0	75.0	76.0	77.0	78.0	79.0	80.0	81.0	82.0	83.0	84.0	85.0	86.0	87.0	88.0	89.0	90.0	91.0	92.0	93.0	94.0	95.0	96.0	97.0	98.0	99.0	100.0	101.0	102.0	103.0	104.0	105.0	106.0	107.0	108.0	109.0	110.0	111.0	112.0	113.0	114.0	115.0	116.0	117.0	118.0	119.0	120.0	121.0	122.0	123.0	124.0	125.0	126.0	127.0	128.0	129.0	130.0	131.0	132.0	133.0	134.0	135.0	136.0	137.0	138.0	139.0	140.0	141.0	142.0	143.0	144.0	145.0	146.0	147.0	148.0	149.0	149.0	150.0	151.0	152.0	153.0	154.0	155.0	156.0	157.0	158.0	159.0	160.0	161.0	162.0	163.0	164.0	165.0	166.0	167.0	168.0	169.0	170.0	171.0	172.0	173.0	174.0	175.0	176.0	177.0	178.0	179.0	180.0	181.0	182.0	183.0	184.0	185.0	186.0	187.0	188.0	189.0	190.0	191.0	192.0	193.0	194.0	195.0	196.0	197.0	198.0	199.0	200.0	201.0	202.0	203.0	204.0	205.0	206.0	207.0	208.0	209.0	210.0	211.0	212.0	213.0	214.0	215.0	216.0	217.0	218.0	219.0	220.0	221.0	222.0	223.0	224.0	225.0	226.0	227.0	228.0	229.0	230.0	231.0	232.0	233.0	234.0	235.0	236.0	237.0	238.0	239.0	240.0	241.0	242.0	243.0	244.0	245.0	246.0	247.0	248.0	249.0	250.0	251.0	252.0	253.0	254.0	255.0	256.0	257.0	258.0	259.0	260.0	261.0	262.0	263.0	264.0	265.0	266.0	267.0	268.0	269.0	270.0	271.0	272.0	273.0	274.0	275.0	276.0	277.0	278.0	279.0	280.0	281.0	282.0	283.0	284.0	285.0	286.0	287.0	288.0	289.0	290.0	291.0	292.0	293.0	294.0	295.0	296.0	297.0
5476.768244872215
