6118.829089758206	300.0	2000.0	223.56446100766203	0	0.0	6118.829089758206	1	0	1	-3.400367304047576
7233.265790391365	2000.0	1774.1196293035248	0.0	0	0.0	6007.3854196948905	1	0	2	-2.4304513457735992
7796.083168178641	1000.0	2211.3022515162493	0.0	0	0.0	6007.3854196948905	1	0	1	-1.6866692697330885
8427.284666580324	2000.0	2516.9806032743977	0.0	0	0.0	5944.265269854722	1	0	2	-1.146246786759976
9567.029738361416	2000.0	2263.2610243151953	0.0	0	0.0	5830.29076267661	1	0	2	-0.15615864624608589
11032.349637173777	2000.0	1651.4091356215963	0.0	0	0.0	5683.758772795371	1	0	2	-0.019822763595806703
12234.043603921107	1000.0	1449.7151688742654	0.0	0	0.0	5683.7587727953705	1	0	1	-1.3656521304715952
12755.095211116964	500.0	1928.6635616784072	0.0	0	0.0	5683.758772795369	1	0	1	-1.8587993110315395
13737.561563397523	2000.0	1847.9505741697926	0.0	0	0.0	5585.5121375673125	1	0	2	-1.4952620493841176
15108.367045225183	2000.0	1340.0645441593672	0.0	0	0.0	5448.431589384547	1	0	2	0.20345725086643074
15785.848989831784	1000.0	1662.5825995527662	0.0	0	0.0	5448.431589384547	1	0	1	-1.1412862930106857
16398.10890183648	1000.0	2050.3226875480696	0.0	0	0.0	5448.431589384547	1	0	1	-0.2481391124507401
17783.8787894402	2000.0	1525.9758111839772	0.0	0	0.0	5309.854600624176	1	0	2	-0.553348432946023
18535.903272468055	2000.0	1698.7488798533354	0.0	0	0.0	5234.652152321387	1	0	2	0.42088643082951216
19428.932551282138	2000.0	1716.416673157847	0.0	0	0.0	5145.349224439982	1	0	2	0.49449723837858023
20590.454067243336	2000.0	1438.7430056005278	0.0	0	0.0	5029.197072843861	1	0	2	0.5844366001938699
21423.863346848306	2000.0	1521.9927980350546	0.0	0	0.0	4945.856144883357	1	0	2	0.6570773191011297
22199.104833570655	2000.0	1669.22716264047	0.0	0	0.0	4868.331996211124	1	0	2	0.718339702366569
22940.035917039055	2000.0	1854.2029708252294	0.0	0	0.0	4794.238887864278	1	0	2	0.7721701533909524
24023.430183129614	3000.0	1662.4692781256153	0.0	0	0.0	4685.899461255223	1	0	2	0.842066717474256
24987.09171669538	3000.0	1602.4415912032712	0.0	0	0.0	4589.533307898644	1	0	2	1.313760272207278
25714.867371651857	3000.0	1801.8883707511488	0.0	0	0.0	4516.755742403002	1	0	2	1.3611131701788348
27146.923804366157	3000.0	1226.626294765416	0.0	0	0.0	4373.550099131568	1	0	2	1.433520678919332
28197.29905289634	2000.0	1071.2135213822205	0.0	0	0.0	4268.512574278549	1	0	2	0.6852495889048558
29123.412006483035	2000.0	1052.489272436858	0.0	0	0.0	4175.901278919882	1	0	2	1.1401178006837507
29877.890514258295	2000.0	1298.0107646615957	0.0	0	0.0	4175.901278919882	1	0	1	1.1512393359558861
30561.485556863823	2000.0	1546.0562177955142	0.0	0	0.0	4107.541774659323	1	0	2	0.9750583470697284
31598.496734130615	2000.0	1405.3439228020459	0.0	0	0.0	4003.8406569326435	1	0	2	1.2165279581386423
32339.207029171375	2000.0	1590.5625982572062	0.0	0	0.0	3929.7696274285627	1	0	2	1.2516877729870235
33410.46073666036	2000.0	1412.1835200193286	0.0	0	0.0	3822.6442566796686	1	0	2	1.2894021318147275
34542.02758856344	2000.0	1167.459982925936	0.0	0	0.0	3709.4875714893606	1	0	2	1.3293015812882687
35081.5257258337	1000.0	1627.9618456556761	0.0	0	0.0	3709.4875714893606	1	0	1	-0.04693097022422271
36118.51699716651	2000.0	1590.9705743228728	0.0	0	0.0	3709.487571489368	1	0	1	0.846216210335722
37184.2638699883	2000.0	1418.6490142189084	0.0	0	0.0	3602.9128842072023	1	0	2	1.165533491076995
38577.061428228655	2000.0	886.5717001545179	0.0	0	0.0	3463.633128383175	1	0	2	1.402349614429983
38926.55182177387	1000.0	1537.0813066093046	0.0	0	0.0	3463.633128383168	1	0	1	0.027325208977548532
39886.87142682256	2000.0	1576.7617015606131	0.0	0	0.0	3463.6331283831605	1	0	1	0.9204723895374958
40523.74428903835	2000.0	1939.8888393448158	0.0	0	0.0	3463.6331283831605	1	0	1	1.613619570097441
41132.57547876273	2000.0	2331.0576496204326	0.0	0	0.0	3463.6331283831605	1	0	1	1.613619570097441
41760.03820315474	2000.0	2640.8486527892223	0.0	0	0.0	3400.886855943958	1	0	2	1.225772718112073
42633.55791959825	2000.0	2767.3289363457166	0.0	0	0.0	3400.886855943958	1	0	1	1.4302284027214338
43666.92187763872	2000.0	2733.964978305245	0.0	0	0.0	3400.886855943958	1	0	1	1.630228402721434
45192.00266750821	2000.0	2208.884188435751	0.0	0	0.0	3400.886855943958	1	0	1	1.630228402721434
46141.93221762563	2000.0	2163.961683306602	0.0	0	0.0	3305.893900932242	1	0	2	1.2492539632960717
46968.38598270273	2000.0	2337.5079182295053	0.0	0	0.0	3305.893900932242	1	0	1	1.4537223223390257
47976.1630029539	2000.0	2329.7308979783356	0.0	0	0.0	3305.8939009322494	1	0	1	1.6537223223390238
48965.32681093187	2000.0	2340.567090000373	0.0	0	0.0	3305.8939009322567	1	0	1	1.653722322339022
49700.268196674144	2000.0	2605.6257042581	0.0	0	0.0	3305.8939009322567	1	0	1	1.653722322339022
50355.47506584844	2000.0	2884.898148166386	0.0	0	0.0	3240.373214014835	1	0	2	1.2648429916861001
51254.5997929344	3000.0	2895.8609483718283	0.0	0	0.0	3150.4607413062404	1	0	2	1.4827640910474749
52684.08768823722	3000.0	2323.424263538736	0.0	0	0.0	3007.5119517759595	1	0	2	1.9132477662177738
53652.15424886172	2000.0	2355.357702914238	0.0	0	0.0	3007.5119517759595	1	0	1	1.1104797928450119
55697.927203894265	2000.0	1309.5847478816886	0.0	0	0.0	3007.5119517759667	1	0	1	1.715944900953175
56318.83999101175	1000.0	1688.6719607641946	0.0	0	0.0	3007.5119517759667	1	0	1	0.3296505398332849
57311.71705749689	2000.0	1695.7948942790556	0.0	0	0.0	3007.5119517759595	1	0	1	1.0227977203932304
58465.36612018026	2000.0	1542.1458315956788	0.0	0	0.0	3007.5119517759667	1	0	1	1.715944900953175
59082.502414539005	2000.0	1925.0095372369312	0.0	0	0.0	3007.5119517759667	1	0	1	1.715944900953175
59725.4037558822	2000.0	2282.108195893734	0.0	0	0.0	3007.5119517759667	1	0	1	1.715944900953175
60770.972372726326	3000.0	2131.9827173651975	0.0	0	0.0	2902.9550900915565	1	0	2	1.329403802662407
61508.41059334637	3000.0	2320.8006746831456	0.0	0	0.0	2829.211268029554	1	0	2	1.9486114365568352
62906.02625107866	3000.0	1783.4234511776303	0.0	0	0.0	2689.44970225633	1	0	2	1.9668021048234647
63609.55065808145	2000.0	2009.5466034745598	0.0	0	0.0	2619.097261556046	1	0	2	1.1676324316178661
64709.11981107316	2000.0	1909.9774504828488	0.0	0	0.0	2619.097261556046	1	0	1	1.5754198307345617
65287.64371989722	2000.0	2331.453541658783	0.0	0	0.0	2619.097261556046	1	0	1	1.7754198307345619
66200.0	2000.0	2327.861633545722	0.0	0	43.61806244098989	2527.8616335457627	1	0	2	1.3829919548973792
67223.2968906082	2000.0	2304.5647429375194	0.0	0	62.38781815530092	2527.861633545748	1	0	1	1.5865486368264208
68772.03808016489	2000.0	1755.8235533808354	0.0	0	0.0	2527.8616335457773	1	0	1	1.78654863682642
69697.18998208076	2000.0	1830.6716514649788	0.0	0	0.0	2527.8616335457773	1	0	1	1.7865486368264185
70519.16137248553	2000.0	2008.7002610602094	0.0	0	0.0	2527.8616335457773	1	0	1	1.7865486368264185
71805.24419564147	2000.0	1722.617437904272	0.0	0	0.0	2527.8616335457773	1	0	1	1.7865486368264185
73005.81532926954	2000.0	1522.0463042762142	0.0	0	0.0	2527.8616335457773	1	0	1	1.7865486368264185
74002.26508335843	2000.0	1525.5965501873204	0.0	0	0.0	2527.8616335457773	1	0	1	1.7865486368264185
74725.29463959731	2000.0	1802.5669939484262	0.0	0	0.0	2527.8616335457773	1	0	1	1.7865486368264185
75352.50973554229	2000.0	2175.3518980034446	0.0	0	0.0	2527.8616335457773	1	0	1	1.7865486368264185
76281.52968360999	2000.0	2246.3319499357467	0.0	0	0.0	2527.8616335457773	1	0	1	1.7865486368264185
77318.80320425755	2000.0	2209.0584292881886	0.0	0	0.0	2527.8616335457773	1	0	1	1.7865486368264185
78268.96520202256	2000.0	2258.8964315231888	0.0	0	0.0	2527.8616335457773	1	0	1	1.7865486368264185
79200.0	2000.0	2327.8616335457486	0.0	0	213.17450432702026	2527.861633545792	1	0	1	1.7865486368264167
80200.0	2000.0	2327.861633545755	0.0	0	148.16177540420904	2527.8616335457773	1	0	1	1.7865486368264185
81286.60295813122	2000.0	2241.2586754145414	0.0	0	0.0	2527.8616335457773	1	0	1	1.7865486368264185
82200.0	2000.0	2327.8616335457687	0.0	0	54.60987098883197	2527.8616335457773	1	0	1	1.7865486368264185
83200.0	2000.0	2327.861633545763	0.0	0	294.66946354279935	2527.8616335457773	1	0	1	1.7865486368264185
84375.97720415921	2000.0	2151.884429386556	0.0	0	0.0	2527.8616335457773	1	0	1	1.7865486368264185
85360.16378118821	2000.0	2167.6978523575635	0.0	0	0.0	2527.8616335457773	1	0	1	1.7865486368264185
86256.94044328957	2000.0	2270.9211902562024	0.0	0	0.0	2527.8616335457773	1	0	1	1.7865486368264185
87200.0	2000.0	2327.861633545755	0.0	0	177.918051915447	2527.8616335457627	1	0	1	1.7865486368264203
88200.0	2000.0	2327.8616335457664	0.0	0	35.94069086037052	2527.8616335457627	1	0	1	1.7865486368264203
89253.60093247876	2000.0	2274.260701067018	0.0	0	0.0	2527.8616335457627	1	0	1	1.7865486368264203
90375.36613404646	2000.0	2152.4954994993113	0.0	0	0.0	2527.8616335457627	1	0	1	1.7865486368264203
91559.78241418044	2000.0	1968.0792193653342	0.0	0	0.0	2527.8616335457627	1	0	1	1.7865486368264203
92864.09513104975	2000.0	1663.7665024960265	0.0	0	0.0	2527.861633545748	1	0	1	1.7865486368264218
93909.72667974455	2000.0	1618.1349538012244	0.0	0	0.0	2527.861633545748	1	0	1	1.7865486368264218
94793.86446947898	2000.0	1733.9971640667818	0.0	0	0.0	2527.8616335457627	1	0	1	1.7865486368264203
95841.12414011308	2000.0	1686.7374934326776	0.0	0	0.0	2527.861633545748	1	0	1	1.7865486368264218
96719.84384865544	2000.0	1808.0177848903263	0.0	0	0.0	2527.861633545748	1	0	1	1.7865486368264218
97529.94701930838	2000.0	1997.9146142373609	0.0	0	0.0	2527.861633545748	1	0	1	1.7865486368264218
98200.0	2000.0	2327.8616335457327	0.0	0	126.56631103093969	2527.861633545748	1	0	1	1.7865486368264218
99202.30598510776	3000.0	2225.3250499272026	0.0	0	0.0	2427.6310350349813	1	0	2	1.394052723025651
100200.0	2000.0	2127.861633545738	0.0	0	36.23747700218519	2327.8616335457627	1	0	2	1.1999228677699048
101200.0	3000.0	2027.86163354574	0.0	0	107.74551065549895	2227.8616335457773	1	0	2	1.6141312376621824
102417.34074657288	3000.0	1688.7868123155856	0.0	0	0.0	2106.1275588885037	1	0	2	2.0301909805128444
103482.65319395787	2000.0	1516.9431201920847	0.0	0	0.0	1999.596314149996	1	0	2	1.2273030130247629
104937.83991647448	2000.0	1061.7563976754761	0.0	0	0.0	1999.596314149996	1	0	1	1.6350941528534044
106070.045124824	2000.0	929.5511893259593	0.0	0	0.0	1999.596314149996	1	0	1	1.8350941528534046
107280.01377343398	2000.0	719.5825407159643	0.0	0	0.0	1999.5963141499815	1	0	1	1.8350941528534057
107767.84819392818	1000.0	1231.7481202217587	0.0	0	0.0	1999.5963141499815	1	0	1	0.44879979173351536
109054.76294611793	2000.0	944.8333680320025	0.0	0	0.0	1999.5963141499815	1	0	1	1.1419469722934605
109892.65906392687	2000.0	1106.9372502230547	0.0	0	0.0	1999.5963141499815	1	0	1	1.8350941528534057
110452.62452177962	2000.0	1546.9717923703029	0.0	0	0.0	1999.5963141499815	1	0	1	1.8350941528534057
111403.18392966001	2000.0	1596.4123844899111	0.0	0	0.0	1999.596314149967	1	0	1	1.8350941528534066
112200.0	2000.0	1799.5963141499028	0.0	0	137.43482957375818	1999.596314149967	1	0	1	1.8350941528534066
113200.0	2000.0	1799.5963141498967	0.0	0	482.1597850074322	1999.596314149967	1	0	1	1.8350941528534066
114200.0	2000.0	1799.596314149899	0.0	0	408.3784679232922	1999.5963141499815	1	0	1	1.8350941528534057
115200.0	2000.0	1799.5963141499208	0.0	0	423.0111720096611	1999.5963141499815	1	0	1	1.8350941528534057
116326.71198003252	2000.0	1672.8843341174113	0.0	0	0.0	1999.5963141499815	1	0	1	1.8350941528534057
117227.73206899922	2000.0	1771.8642451506994	0.0	0	0.0	1999.5963141499815	1	0	1	1.8350941528534057
118365.42223488323	2000.0	1634.1740792666924	0.0	0	0.0	1999.5963141499815	1	0	1	1.8350941528534057
119720.39351335763	2000.0	1279.202800792277	0.0	0	0.0	1999.5963141499815	1	0	1	1.8350941528534057
120736.63094114859	2000.0	1262.96537300132	0.0	0	0.0	1999.5963141499815	1	0	1	1.8350941528534057
122092.87674230961	2000.0	906.7195718402832	0.0	0	0.0	1999.5963141499815	1	0	1	1.8350941528534057
122946.54936302677	2000.0	1053.046951123135	0.0	0	0.0	1999.596314149996	1	0	1	1.8350941528534046
123861.56123925642	2000.0	1138.0350748934827	0.0	0	0.0	1999.596314149996	1	0	1	1.8350941528534046
124716.28462003903	2000.0	1283.311694110867	0.0	0	0.0	1999.596314149996	1	0	1	1.8350941528534046
125293.32833328884	2000.0	1706.2679808610533	0.0	0	0.0	1999.596314149996	1	0	1	1.8350941528534046
126200.0	2000.0	1799.5963141498971	0.0	0	238.41001481135027	1999.5963141499815	1	0	1	1.8350941528534057
127200.0	2000.0	1799.5963141498944	0.0	0	220.4134709120117	1999.5963141499815	1	0	1	1.8350941528534057
128200.0	2000.0	1699.5963141499155	0.0	0	372.3898965558619	1899.5963141499815	1	0	2	1.439289053887495
129200.0	2000.0	1699.596314149927	0.0	0	191.8432195314963	1899.5963141499815	1	0	1	1.64182637017146
130200.0	2000.0	1699.5963141499237	0.0	0	271.44059183438367	1899.5963141499815	1	0	1	1.8418263701714601
131200.0	2000.0	1699.5963141499228	0.0	0	192.75025767546322	1899.5963141499815	1	0	1	1.8418263701714592
132200.0	2000.0	1699.5963141499412	0.0	0	361.92447320671636	1899.596314149996	1	0	1	1.841826370171459
133843.87044278003	2000.0	1055.7258713699034	0.0	0	0.0	1899.596314149996	1	0	1	1.8418263701714588
134973.499105386	2000.0	926.0972087639047	0.0	0	0.0	1899.596314149996	1	0	1	1.841826370171459
135573.44124082336	2000.0	1326.155073326557	0.0	0	0.0	1899.596314149967	1	0	1	1.841826370171461
136733.40648292503	2000.0	1166.1898312249036	0.0	0	0.0	1899.596314149967	1	0	1	1.841826370171461
137584.9656570368	2000.0	1314.6306571130715	0.0	0	0.0	1899.596314149967	1	0	1	1.841826370171461
138211.74335220447	2000.0	1687.852961945412	0.0	0	0.0	1899.596314149967	1	0	1	1.841826370171461
139228.35479974814	2000.0	1671.2415144017234	0.0	0	0.0	1899.596314149967	1	0	1	1.841826370171461
140200.0	2000.0	1699.596314149907	0.0	0	156.27326929342235	1899.596314149996	1	0	1	1.841826370171459
141200.0	2000.0	1699.5963141499255	0.0	0	139.59168206443428	1899.596314149996	1	0	1	1.841826370171459
142208.98247008576	2000.0	1690.6138440641525	0.0	0	0.0	1899.596314149996	1	0	1	1.841826370171459
143200.0	2000.0	1699.5963141498862	0.0	0	149.8835754453903	1899.596314149996	1	0	1	1.841826370171459
144331.41588038258	2000.0	1568.1804337673095	0.0	0	0.0	1899.596314149996	1	0	1	1.841826370171459
145200.0	2000.0	1699.5963141499171	0.0	0	110.33743579071597	1899.596314149996	1	0	1	1.841826370171459
146515.0019361007	2000.0	1384.5943780492105	0.0	0	0.0	1899.596314149996	1	0	1	1.841826370171459
147684.6029812635	2000.0	1214.9933328863683	0.0	0	0.0	1899.596314149996	1	0	1	1.841826370171459
148423.3596579532	2000.0	1476.236656196673	0.0	0	0.0	1899.596314149967	1	0	1	1.841826370171461
149218.80519224546	2000.0	1680.7911219044029	0.0	0	0.0	1899.596314149967	1	0	1	1.841826370171461
150200.0	2000.0	1699.596314149878	0.0	0	193.8397008497559	1899.596314149967	1	0	1	1.841826370171461
151292.0739795441	2000.0	1607.5223346057999	0.0	0	0.0	1899.596314149996	1	0	1	1.841826370171459
152408.27421670884	2000.0	1491.3220974410715	0.0	0	0.0	1899.596314149996	1	0	1	1.841826370171459
153698.57207604882	2000.0	1201.024238101084	0.0	0	0.0	1899.596314149967	1	0	1	1.841826370171461
154718.3908344222	2000.0	1181.2054797276892	0.0	0	0.0	1899.596314149967	1	0	1	1.841826370171461
156087.2215156281	2000.0	812.3747985217926	0.0	0	0.0	1899.596314149996	1	0	1	1.8418263701714601
156756.75463452667	1000.0	1142.84167962323	0.0	0	0.0	1899.596314149996	1	0	1	0.4555320090515689
157648.76393076402	2000.0	1250.8323833858485	0.0	0	0.0	1899.596314149967	1	0	1	1.1486791896115158
158363.0087807604	2000.0	1536.5875333894326	0.0	0	0.0	1899.596314149967	1	0	1	1.841826370171461
159961.65259244037	2000.0	937.9437217094526	0.0	0	0.0	1899.596314149967	1	0	1	1.841826370171461
160775.80702163102	1000.0	1123.7892925188155	0.0	0	0.0	1899.596314149967	1	0	1	0.4555320090515707
161540.21073966197	1000.0	1359.3855744878877	0.0	0	0.0	1899.596314149967	1	0	1	1.1486791896115158
162231.42276373974	1000.0	1668.17355041014	0.0	0	0.0	1899.596314149967	1	0	1	1.1486791896115158
163200.0	2000.0	1699.5963141498864	0.0	0	178.01995309256017	1899.5963141499378	1	0	1	1.1486791896115178
164286.41004221642	2000.0	1613.186271933428	0.0	0	0.0	1899.5963141499087	1	0	1	1.8418263701714646
165200.0	1000.0	1699.5963141498987	0.0	0	149.4748007497401	1899.5963141499087	1	0	1	0.4555320090515744
166664.87503654233	2000.0	1234.7212776075623	0.0	0	0.0	1899.5963141499087	1	0	1	1.1486791896115194
167200.0	1000.0	1699.5963141498876	0.0	0	58.90168969455408	1899.5963141499087	1	0	1	0.4555320090515744
168531.6294506963	2000.0	1367.9668634536051	0.0	0	0.0	1899.5963141499087	1	0	1	1.1486791896115194
169795.48767724194	2000.0	1104.1086369079467	0.0	0	0.0	1899.5963141498796	1	0	1	1.8418263701714666
170728.88672976883	2000.0	1170.7095843810594	0.0	0	0.0	1899.5963141498505	1	0	1	1.841826370171467
171537.35942969332	2000.0	1362.23688445657	0.0	0	0.0	1899.5963141498796	1	0	1	1.8418263701714666
172270.0514919905	2000.0	1629.544822159362	0.0	0	0.0	1899.5963141498505	1	0	1	1.8418263701714686
173200.0	2000.0	1699.5963141498414	0.0	0	354.6070841620385	1899.5963141498505	1	0	1	1.8418263701714686
174200.0	2000.0	1699.5963141498332	0.0	0	413.3393609773775	1899.5963141498214	1	0	1	1.8418263701714697
175273.3102664739	3000.0	1518.9550210285129	0.0	0	0.0	1792.2652875023778	1	0	2	1.4464107714119594
176200.0	2000.0	1592.2652875024478	0.0	0	342.88136110521737	1792.2652875023778	1	0	1	1.2428978950298268
177200.0	2000.0	1592.2652875024298	0.0	0	192.78994785810937	1792.2652875023487	1	0	1	1.8483630031379934
178200.0	2000.0	1592.265287502437	0.0	0	384.81466494180495	1792.2652875023487	1	0	1	1.8483630031379934
179200.0	2000.0	1592.2652875024487	0.0	0	370.7098575459386	1792.2652875023778	1	0	1	1.8483630031379916
180200.0	2000.0	1592.2652875024803	0.0	0	145.29118465291685	1792.2652875023778	1	0	1	1.8483630031379916
181200.0	2000.0	1592.2652875025037	0.0	0	285.25789506721776	1792.2652875023778	1	0	1	1.8483630031379916
182200.0	2000.0	1592.2652875024846	0.0	0	34.40132996079046	1792.2652875023778	1	0	1	1.8483630031379916
183487.50021123976	2000.0	1304.7650762626781	0.0	0	0.0	1792.2652875023778	1	0	1	1.8483630031379916
184318.73862578705	2000.0	1473.526661715378	0.0	0	0.0	1792.2652875023778	1	0	1	1.8483630031379916
185530.7300575552	2000.0	1261.5352299472524	0.0	0	0.0	1792.2652875024069	1	0	1	1.8483630031379898
186319.17781809942	2000.0	1473.0874694030497	0.0	0	0.0	1792.2652875024069	1	0	1	1.8483630031379898
187260.6464917947	2000.0	1531.6187957077532	0.0	0	0.0	1792.2652875024069	1	0	1	1.8483630031379898
188214.69278022673	2000.0	1577.572507275709	0.0	0	0.0	1792.2652875024069	1	0	1	1.8483630031379898
189200.0	2000.0	1592.2652875024494	0.0	0	148.70400801463984	1792.2652875024069	1	0	1	1.8483630031379898
190200.0	2000.0	1592.265287502465	0.0	0	133.17801959181088	1792.2652875024069	1	0	1	1.8483630031379898
191432.0396116151	2000.0	1360.2256758874032	0.0	0	0.0	1792.2652875024069	1	0	1	1.8483630031379898
192662.96025708484	2000.0	1129.3050304176627	0.0	0	0.0	1792.2652875024069	1	0	1	1.8483630031379898
194020.67141053817	2000.0	771.593876964309	0.0	0	0.0	1792.2652875024069	1	0	1	1.8483630031379898
194731.72830732662	1000.0	1060.5369801759036	0.0	0	0.0	1792.265287502436	1	0	1	0.462068642018098
195448.17583820672	2000.0	1344.0894492958128	0.0	0	0.0	1792.265287502436	1	0	1	1.1552158225780431
196200.0	2000.0	1592.2652875025444	0.0	0	135.9683388841513	1792.265287502465	1	0	1	1.8483630031379867
197200.0	2000.0	1592.2652875025447	0.0	0	209.38427379296627	1792.265287502436	1	0	1	1.8483630031379883
198257.19759570135	2000.0	1535.0676918012032	0.0	0	0.0	1792.265287502436	1	0	1	1.8483630031379883
199200.0	2000.0	1592.2652875025651	0.0	0	131.24716136255302	1792.265287502465	1	0	1	1.8483630031379867
200200.0	2000.0	1592.2652875025724	0.0	0	63.28642841568217	1792.265287502465	1	0	1	1.8483630031379867
201235.75781845223	2000.0	1556.5074690503366	0.0	0	0.0	1792.265287502465	1	0	1	1.8483630031379867
202291.57678141774	2000.0	1500.688506084821	0.0	0	0.0	1792.265287502465	1	0	1	1.8483630031379867
203454.04983774188	2000.0	1338.215449760659	0.0	0	0.0	1792.265287502436	1	0	1	1.8483630031379883
204653.4417297958	1000.0	1138.8235577067405	0.0	0	0.0	1792.265287502465	1	0	1	0.46206864201809633
205200.0	1000.0	1592.2652875025399	0.0	0	86.89107507525478	1792.265287502436	1	0	1	1.1552158225780431
206533.0882102224	2000.0	1259.1770772801353	0.0	0	0.0	1792.265287502436	1	0	1	1.1552158225780431
207338.2170368993	2000.0	1454.0482506032743	0.0	0	0.0	1792.265287502436	1	0	1	1.8483630031379883
208200.0	2000.0	1592.2652875025633	0.0	0	157.9964647293964	1792.265287502436	1	0	1	1.8483630031379883
209200.0	2000.0	1592.2652875025797	0.0	0	179.86247328438913	1792.265287502465	1	0	1	1.8483630031379867
210200.0	2000.0	1592.2652875025788	0.0	0	389.03337722460856	1792.265287502465	1	0	1	1.8483630031379867
211200.0	2000.0	1592.2652875026008	0.0	0	366.9358538094675	1792.265287502465	1	0	1	1.8483630031379867
212298.38026203762	2000.0	1493.8850254650222	0.0	0	0.0	1792.265287502465	1	0	1	1.8483630031379867
213518.35183823816	2000.0	1273.9134492644605	0.0	0	0.0	1792.265287502436	1	0	1	1.8483630031379883
214200.0	2000.0	1592.2652875026188	0.0	0	25.888530447758967	1792.265287502436	1	0	1	1.8483630031379883
215200.0	2000.0	1592.2652875026201	0.0	0	143.4505005144456	1792.265287502436	1	0	1	1.8483630031379883
216586.15549801817	2000.0	1206.1097894844497	0.0	0	0.0	1792.2652875024069	1	0	1	1.8483630031379898
217615.4613034096	1000.0	1176.8039840930114	0.0	0	0.0	1792.2652875024069	1	0	1	0.4620686420180998
218200.0	1000.0	1592.2652875026147	0.0	0	54.581680445204256	1792.2652875024069	1	0	1	1.155215822578045
219200.0	2000.0	1592.2652875026185	0.0	0	188.2553316989506	1792.2652875024069	1	0	1	1.155215822578045
220430.33631273924	2000.0	1361.9289747633889	0.0	0	0.0	1792.2652875024069	1	0	1	1.8483630031379898
221341.0301065599	2000.0	1451.235180942765	0.0	0	0.0	1792.2652875023778	1	0	1	1.8483630031379916
222245.23006015745	2000.0	1547.03522734522	0.0	0	0.0	1792.2652875023487	1	0	1	1.8483630031379934
223200.0	2000.0	1592.265287502659	0.0	0	144.84751079929993	1792.2652875023487	1	0	1	1.8483630031379934
224200.0	2000.0	1592.2652875026702	0.0	0	165.22398715431336	1792.2652875023487	1	0	1	1.8483630031379934
225200.0	2000.0	1592.265287502674	0.0	0	137.2894278744643	1792.2652875023196	1	0	1	1.848363003137995
226200.0	2000.0	1592.2652875026688	0.0	0	270.6195686250867	1792.2652875023196	1	0	1	1.848363003137995
227441.4244238077	2000.0	1350.840863694979	0.0	0	0.0	1792.2652875023196	1	0	1	1.848363003137995
228200.0	2000.0	1592.2652875026918	0.0	0	51.50339840454399	1792.2652875023196	1	0	1	1.848363003137995
229200.0	2000.0	1592.265287502683	0.0	0	179.26731001187	1792.2652875023196	1	0	1	1.848363003137995
230333.15251561205	2000.0	1459.1127718906494	0.0	0	0.0	1792.2652875022904	1	0	1	1.8483630031379965
231200.0	2000.0	1592.2652875027272	0.0	0	254.96215647560894	1792.2652875023196	1	0	1	1.848363003137995
232200.0	2000.0	1592.2652875026934	0.0	0	190.22447619246668	1792.2652875022904	1	0	1	1.8483630031379965
233200.0	2000.0	1592.2652875027043	0.0	0	122.6956810966658	1792.2652875022904	1	0	1	1.8483630031379965
234200.0	2000.0	1592.2652875026804	0.0	0	230.6032954643888	1792.2652875022613	1	0	1	1.8483630031379978
235200.0	2000.0	1592.2652875027065	0.0	0	18.904988449969096	1792.2652875022613	1	0	1	1.8483630031379983
236200.0	2000.0	1592.2652875027038	0.0	0	372.04015621409053	1792.2652875022613	1	0	1	1.8483630031379983
237302.71048444233	2000.0	1489.5548030603832	0.0	0	0.0	1792.2652875022613	1	0	1	1.8483630031379983
238280.28089045687	2000.0	1511.9843970458292	0.0	0	0.0	1792.2652875022613	1	0	1	1.8483630031379983
239469.68680126444	2000.0	1322.5784862382482	0.0	0	0.0	1792.2652875022322	1	0	1	1.8483630031380003
240610.31004639965	2000.0	1181.955241103072	0.0	0	0.0	1792.2652875022322	1	0	1	1.8483630031380003
242012.84318411132	2000.0	779.4221033914008	0.0	0	0.0	1792.2652875022322	1	0	1	1.8483630031380003
242985.57989020878	2000.0	806.6853972939434	0.0	0	0.0	1792.2652875022031	1	0	1	1.8483630031380018
243593.8548609409	2000.0	1198.410426561843	0.0	0	0.0	1792.2652875022031	1	0	1	1.8483630031380018
244403.53740579897	2000.0	1388.7278817038127	0.0	0	0.0	1792.2652875022031	1	0	1	1.8483630031380018
245496.71551389995	2000.0	1295.5497736028058	0.0	0	0.0	1792.2652875022031	1	0	1	1.8483630031380018
246200.0	2000.0	1592.2652875027584	0.0	0	108.96113193704514	1792.2652875022031	1	0	1	1.8483630031380018
247200.0	2000.0	1592.2652875027932	0.0	0	320.63926673689275	1792.2652875022322	1	0	1	1.8483630031380003
248200.0	3000.0	1592.2652875028102	0.0	0	137.5976257113216	1792.2652875022322	1	0	1	1.8483630031380005
249200.0	2000.0	1592.2652875028446	0.0	0	185.851566178957	1792.2652875022322	1	0	1	1.4428978950298357
250200.0	2000.0	1592.2652875028264	0.0	0	141.82669413957046	1792.2652875022322	1	0	1	1.8483630031380003
251200.0	2000.0	1592.2652875028305	0.0	0	319.98066066071624	1792.2652875022322	1	0	1	1.8483630031380003
252200.0	2000.0	1592.2652875028543	0.0	0	7.007403177878587	1792.2652875022322	1	0	1	1.8483630031380003
253291.56719170974	2000.0	1500.6980957931144	0.0	0	0.0	1792.2652875022322	1	0	1	1.8483630031380003
254546.75008708052	2000.0	1245.5152004223307	0.0	0	0.0	1792.2652875022613	1	0	1	1.8483630031379983
255455.5293363648	2000.0	1336.7359511380732	0.0	0	0.0	1792.2652875022613	1	0	1	1.8483630031379983
256876.8503541789	2000.0	915.4149333239566	0.0	0	0.0	1792.2652875022904	1	0	1	1.8483630031379974
257547.51002838102	1000.0	1244.7552591218398	0.0	0	0.0	1792.2652875022904	1	0	1	0.46206864201810643
258343.21222898012	2000.0	1449.0530585227361	0.0	0	0.0	1792.2652875022904	1	0	1	1.1552158225780516
259247.9686028686	2000.0	1544.2966846342536	0.0	0	0.0	1792.2652875022904	1	0	1	1.8483630031379965
260200.0	2000.0	1592.2652875028525	0.0	0	429.8783845103462	1792.2652875022904	1	0	1	1.8483630031379965
261200.0	2000.0	1592.2652875028746	0.0	0	129.7012048018223	1792.2652875022904	1	0	1	1.8483630031379965
262200.0	2000.0	1592.2652875028673	0.0	0	235.73382653534645	1792.2652875022613	1	0	1	1.8483630031379978
263378.0101667067	3000.0	1414.2551207962529	0.0	0	0.0	1792.2652875023196	1	0	1	1.8483630031379963
264200.0	2000.0	1592.265287502959	0.0	0	263.12615708692465	1792.2652875023196	1	0	1	1.4428978950298297
265365.4637408514	2000.0	1426.8015466515446	0.0	0	0.0	1792.2652875023778	1	0	1	1.8483630031379916
266200.0	2000.0	1592.2652875029346	0.0	0	164.4507322035497	1792.2652875023778	1	0	1	1.8483630031379916
267242.42790102016	2000.0	1549.8373864827493	0.0	0	0.0	1792.2652875023778	1	0	1	1.8483630031379916
268200.0	2000.0	1592.2652875029253	0.0	0	79.85187879466685	1792.2652875023196	1	0	1	1.8483630031379943
269324.1465847604	2000.0	1468.1187027425563	0.0	0	0.0	1792.2652875023778	1	0	1	1.8483630031379916
270200.0	2000.0	1592.265287502934	0.0	0	83.4493100871332	1792.2652875023778	1	0	1	1.8483630031379916
271200.0	2000.0	1592.2652875029098	0.0	0	230.0931227900437	1792.2652875023778	1	0	1	1.8483630031379916
272200.0	2000.0	1592.265287502865	0.0	0	245.2035472857533	1792.2652875023196	1	0	1	1.8483630031379943
273200.0	2000.0	1592.2652875029119	0.0	0	96.15706418425543	1792.2652875023196	1	0	1	1.848363003137995
274200.0	2000.0	1592.2652875029135	0.0	0	348.8917032031459	1792.2652875023196	1	0	1	1.848363003137995
275200.0	2000.0	1592.2652875029285	0.0	0	589.2184473256348	1792.2652875023196	1	0	1	1.848363003137995
276200.0	2000.0	1592.2652875029403	0.0	0	142.4156914576306	1792.2652875023778	1	0	1	1.8483630031379923
277200.0	2000.0	1592.265287502921	0.0	0	153.60527834272943	1792.2652875023196	1	0	1	1.848363003137995
278200.0	2000.0	1592.2652875028798	0.0	0	55.76609036687296	1792.2652875023196	1	0	1	1.848363003137995
279200.0	2000.0	1592.2652875029032	0.0	0	82.9284688179614	1792.2652875022613	1	0	1	1.8483630031379983
280200.0	2000.0	1592.2652875029005	0.0	0	483.71029750048183	1792.2652875022613	1	0	1	1.8483630031379983
281200.0	2000.0	1592.2652875028696	0.0	0	17.23482412978774	1792.2652875022613	1	0	1	1.8483630031379983
282438.5075408367	2000.0	1353.7577466661357	0.0	0	0.0	1792.2652875022613	1	0	1	1.8483630031379983
283513.995318655	2000.0	1278.2699688478708	0.0	0	0.0	1792.2652875022613	1	0	1	1.8483630031379983
284270.68427769956	2000.0	1521.5810098033378	0.0	0	0.0	1792.2652875023196	1	0	1	1.848363003137995
285560.0896720236	2000.0	1232.1756154792931	0.0	0	0.0	1792.2652875023196	1	0	1	1.848363003137995
286760.8392271689	2000.0	1031.4260603340072	0.0	0	0.0	1792.2652875023196	1	0	1	1.848363003137995
287566.92002302944	2000.0	1225.34526447346	0.0	0	0.0	1792.2652875023196	1	0	1	1.848363003137995
288401.21173248166	2000.0	1391.0535550213044	0.0	0	0.0	1792.2652875023196	1	0	1	1.848363003137995
289245.97620375693	2000.0	1546.2890837460286	0.0	0	0.0	1792.2652875022613	1	0	1	1.8483630031379983
290273.0916338224	2000.0	1519.1736536805631	0.0	0	0.0	1792.2652875022613	1	0	1	1.8483630031379983
291265.65997584735	2000.0	1526.6053116556313	0.0	0	0.0	1792.2652875022613	1	0	1	1.8483630031379983
292454.7965186225	2000.0	1337.468768880481	0.0	0	0.0	1792.2652875022031	1	0	1	1.8483630031380018
293332.9141888882	2000.0	1459.3510986147462	0.0	0	0.0	1792.2652875022031	1	0	1	1.8483630031380018
294200.0	2000.0	1592.2652875029146	0.0	0	147.32350617751945	1792.2652875022031	1	0	1	1.8483630031380018
295200.0	2000.0	1592.2652875028987	0.0	0	172.53400021546986	1792.265287502145	1	0	1	1.8483630031380052
296200.0	2000.0	1592.2652875028923	0.0	0	134.86503501376137	1792.265287502145	1	0	1	1.8483630031380052
297200.0	2000.0	1592.2652875028741	0.0	0	340.57020636147354	1792.265287502145	1	0	1	1.8483630031380052
298224.4612175302	2000.0	1567.804069972726	0.0	0	0.0	1792.2652875022031	1	0	1	1.8483630031380018
299200.0	2000.0	1592.2652875028484	0.0	0	167.9995784262428	1792.265287502145	1	0	1	1.8483630031380052
300382.6730411714	2000.0	1409.592246331459	0.0	0	0.0	1792.265287502145	1	0	1	1.8483630031380052
2.13	1.71	2.56	2.12	1.64	1.09	1.1	2.15	1.81	1.1	1.38	1.58	2.32	1.92	1.75	2.27	3.17	3.81	3.76	4.34	2.73	2.55	2.51	2.87	3.43	2.56	2.27	2.22	1.88	2.22	2.09	2.17	1.91	2.75	2.83	2.51	2.02	2.07	1.32	1.58	2.58	2.5	1.93	2.65	3.22	2.57	1.78	1.98	1.37	1.02	1.7	1.92	2.11	2.57	3.78	3.97	2.11	2.63	2.17	3.2	2.55	0.96	1.14	2.13	3.13	1.74	1.82	1.93	2.61	2.95	2.07	2.25	1.99	2.25	2.24	2.32	2.93	2.14	2.27	2.69	2.64	2.56	1.74	1.7	2.39	2.11	1.78	2.07	2.88	1.82	2.53	3.01	4.21	2.65	3.06	2.68	3.22	2.05	1.76	2.33	1.91	1.78	1.78	2.0	3.17	2.84	2.99	3.7	3.37	2.59	2.17	2.86	1.9	1.77	2.15	1.9	2.37	2.61	2.87	4.02	3.41	2.79	1.93	2.61	3.07	3.05	1.73	1.49	2.0	2.85	1.84	2.06	2.46	2.86	2.78	2.07	2.65	1.68	2.42	2.35	1.77	2.34	2.79	2.31	1.85	2.19	1.75	1.91	2.0	2.84	2.13	1.71	2.56	2.12	1.64	1.09	1.1	2.15	1.81	1.1	1.38	1.58	2.32	1.92	1.75	2.27	3.17	3.81	3.76	4.34	2.73	2.55	2.51	2.87	3.43	2.56	2.27	2.22	1.88	2.22	2.09	2.17	1.91	2.75	2.83	2.51	2.02	2.07	1.32	1.58	2.58	2.5	1.93	2.65	3.22	2.57	1.78	1.98	1.37	1.02	1.7	1.92	2.11	2.57	3.78	3.97	2.11	2.63	2.17	3.2	2.55	0.96	1.14	2.13	3.13	1.74	1.82	1.93	2.61	2.95	2.07	2.25	1.99	2.25	2.24	2.32	2.93	2.14	2.27	2.69	2.64	2.56	1.74	1.7	2.39	2.11	1.78	2.07	2.88	1.82	2.53	3.01	4.21	2.65	3.06	2.68	3.22	2.05	1.76	2.33	1.91	1.78	1.78	2.0	3.17	2.84	2.99	3.7	3.37	2.59	2.17	2.86	1.9	1.77	2.15	1.9	2.37	2.61	2.87	4.02	3.41	2.79	1.93	2.61	3.07	3.05	1.73	1.49	2.0	2.85	1.84	2.06	2.46	2.86	2.78	2.07	2.65	1.68	2.42	2.35	1.77	2.34	2.79	2.31	1.85	2.19	1.75	1.91
1.0	2.0	3.0	4.0	5.0	6.0	7.0	8.0	9.0	10.0	11.0	12.0	13.0	14.0	15.0	16.0	17.0	18.0	19.0	20.0	21.0	22.0	23.0	24.0	25.0	26.0	27.0	28.0	29.0	30.0	31.0	32.0	33.0	34.0	35.0	36.0	37.0	38.0	39.0	40.0	41.0	42.0	43.0	44.0	45.0	46.0	47.0	48.0	49.0	50.0	51.0	52.0	53.0	54.0	55.0	56.0	57.0	58.0	59.0	60.0	61.0	62.0	63.0	64.0	65.0	66.0	67.0	68.0	69.0	70.0	71.0	72.0	73.0	74.0	75.0	76.0	77.0	78.0	79.0	80.0	81.0	82.0	83.0	84.0	85.0	86.0	87.0	88.0	89.0	90.0	91.0	92.0	93.0	94.0	95.0	96.0	97.0	98.0	99.0	100.0	101.0	102.0	103.0	104.0	105.0	106.0	107.0	108.0	109.0	110.0	111.0	112.0	113.0	114.0	115.0	116.0	117.0	118.0	119.0	120.0	121.0	122.0	123.0	124.0	125.0	126.0	127.0	128.0	129.0	130.0	131.0	132.0	133.0	134.0	135.0	136.0	137.0	138.0	139.0	140.0	141.0	142.0	143.0	144.0	145.0	146.0	147.0	148.0	149.0	149.0	150.0	151.0	152.0	153.0	154.0	155.0	156.0	157.0	158.0	159.0	160.0	161.0	162.0	163.0	164.0	165.0	166.0	167.0	168.0	169.0	170.0	171.0	172.0	173.0	174.0	175.0	176.0	177.0	178.0	179.0	180.0	181.0	182.0	183.0	184.0	185.0	186.0	187.0	188.0	189.0	190.0	191.0	192.0	193.0	194.0	195.0	196.0	197.0	198.0	199.0	200.0	201.0	202.0	203.0	204.0	205.0	206.0	207.0	208.0	209.0	210.0	211.0	212.0	213.0	214.0	215.0	216.0	217.0	218.0	219.0	220.0	221.0	222.0	223.0	224.0	225.0	226.0	227.0	228.0	229.0	230.0	231.0	232.0	233.0	234.0	235.0	236.0	237.0	238.0	239.0	240.0	241.0	242.0	243.0	244.0	245.0	246.0	247.0	248.0	249.0	250.0	251.0	252.0	253.0	254.0	255.0	256.0	257.0	258.0	259.0	260.0	261.0	262.0	263.0	264.0	265.0	266.0	267.0	268.0	269.0	270.0	271.0	272.0	273.0	274.0	275.0	276.0	277.0	278.0	279.0	280.0	281.0	282.0	283.0	284.0	285.0	286.0	287.0	288.0	289.0	290.0	291.0	292.0	293.0	294.0	295.0	296.0	297.0
5673.772821649184
