4415.021850052891	300.0	2000.0	146.32027848947916	0	0.0	4415.021850052891	1	0	1	-1.532404555557942
5287.803885640823	2000.0	2127.217964412067	0.0	0	0.0	4415.02185005289	1	0	1	-0.6704759456793694
5973.647453964097	3000.0	2372.7900392564657	0.0	0	0.0	4346.437493220563	1	0	2	0.8547904438598986
7290.280759517562	3000.0	1924.4934031476535	0.0	0	0.0	4214.774162665215	1	0	2	1.5210893971265063
8178.685524442308	2000.0	1947.2481617304322	0.0	0	0.0	4125.933686172741	1	0	2	0.758824435806662
8861.107115707582	2000.0	2196.584411338633	0.0	0	0.0	4057.691527046215	1	0	2	1.1982445815191145
9751.193727382893	3000.0	2217.489138495789	0.0	0	0.0	3968.6828658786826	1	0	2	1.2346377234740635
10730.738612053216	3000.0	2139.989765358434	0.0	0	0.0	3870.7283774116504	1	0	2	1.678081871271674
11924.573264216262	3000.0	1826.7716479790836	0.0	0	0.0	3751.3449121953463	1	0	2	1.7194296177409796
12588.441949356238	2000.0	2096.51609432511	0.0	0	0.0	3684.9580436813485	1	0	2	0.9369361697944338
13787.724266645884	3000.0	1777.3055453064999	0.0	0	0.0	3565.029811952383	1	0	2	1.3710237783037307
15215.463165235813	2000.0	1349.5666467165724	0.0	0	0.0	3565.029811952383	1	0	1	0.9793668858888886
15776.875823151257	1000.0	1788.1539888011307	0.0	0	0.0	3565.029811952385	1	0	1	0.19853763287716264
17054.68624413692	2000.0	1510.3435678154694	0.0	0	0.0	3565.029811952387	1	0	1	0.8916848134371075
17557.512050590893	1000.0	2007.5177613614967	0.0	0	0.0	3565.029811952387	1	0	1	0.19853763287716197
18483.45786980816	2000.0	2081.5719421442295	0.0	0	0.0	3565.029811952387	1	0	1	0.8916848134371071
19763.439754971885	2000.0	1801.590056980502	0.0	0	0.0	3565.029811952383	1	0	1	1.584831993997053
20437.301184502703	2000.0	2060.3424844965994	0.0	0	0.0	3497.643668999299	1	0	2	1.2006701671557645
21191.933162569527	2000.0	2230.2473086230943	0.0	0	0.0	3422.180471192616	1	0	2	1.4196044662354053
22089.82201327255	2000.0	2332.3584579200683	0.0	0	0.0	3422.180471192616	1	0	1	1.4246919498992994
23281.204521093903	2000.0	2021.837699316581	0.0	0	0.0	3303.0422204104834	1	0	2	1.2465933157234463
24099.053109048084	2000.0	2203.9891113624017	0.0	0	0.0	3303.0422204104834	1	0	1	1.4543980400191052
24937.862201767064	2000.0	2365.1800186434252	0.0	0	0.0	3303.0422204104834	1	0	1	1.6543980400191054
25781.62972711777	2000.0	2437.0357407576557	0.0	0	0.0	3218.6654678754167	1	0	2	1.2688513906808105
26538.60797389079	2000.0	2680.057493984635	0.0	0	0.0	3218.6654678754167	1	0	1	1.4736456916940317
27389.397254266387	2000.0	2829.268213609036	0.0	0	0.0	3218.6654678754167	1	0	1	1.6736456916940319
28243.98160199933	2000.0	2974.68386587609	0.0	0	0.0	3218.6654678754167	1	0	1	1.6736456916940319
29206.874048912287	2000.0	3011.791418963129	0.0	0	0.0	3218.6654678754167	1	0	1	1.6736456916940319
30200.0	3000.0	2919.352872766645	0.0	0	24.032813936835737	3119.3528727666453	1	0	2	1.288560570074453
31450.706612665	3000.0	2543.575598835146	0.0	0	0.0	2994.282211500151	1	0	2	1.9184860588174462
32200.0	2000.0	2719.352872766649	0.0	0	76.1362377118312	2919.352872766656	1	0	2	1.1217489898911897
33200.0	2000.0	2719.352872766653	0.0	0	86.00995780889207	2919.35287276666	1	0	1	1.531359924792317
34200.0	2000.0	2719.3528727666576	0.0	0	174.95360620362771	2919.352872766667	1	0	1	1.7313599247923155
35200.0	2000.0	2719.352872766653	0.0	0	16.161294060686487	2919.3528727666635	1	0	1	1.731359924792316
36521.38691539992	2000.0	2397.965957366736	0.0	0	0.0	2919.3528727666635	1	0	1	1.7313599247923162
37454.88175357882	2000.0	2464.471119187836	0.0	0	0.0	2919.3528727666635	1	0	1	1.7313599247923162
38339.541315402836	2000.0	2579.8115573638215	0.0	0	0.0	2919.3528727666708	1	0	1	1.7313599247923148
39273.22681588928	2000.0	2646.126056877379	0.0	0	0.0	2919.3528727666708	1	0	1	1.7313599247923148
40271.48489116752	2000.0	2647.867981599144	0.0	0	0.0	2919.3528727666708	1	0	1	1.7313599247923148
41200.0	2000.0	2719.35287276668	0.0	0	137.5365212009856	2919.352872766678	1	0	1	1.7313599247923137
42296.6469325345	2000.0	2622.705940232177	0.0	0	0.0	2919.352872766678	1	0	1	1.7313599247923137
43519.14809910697	3000.0	2277.9546570024704	0.0	0	0.0	2797.102756109438	1	0	2	1.3459198597810982
44617.72773356842	3000.0	2069.517059094873	0.0	0	0.0	2687.2447926632885	1	0	2	1.9680825588827164
45489.88640116804	3000.0	2110.142524735287	0.0	0	0.0	2600.0289259033234	1	0	2	1.9804483066492042
46974.20140584453	3000.0	1477.39601959115	0.0	0	0.0	2451.597425435677	1	0	2	1.9943676120401719
48571.18581832253	2000.0	880.4116071131477	0.0	0	0.0	2451.597425435677	1	0	1	1.1896815083585448
49631.88257503806	2000.0	819.7148503976225	0.0	0	0.0	2451.597425435677	1	0	1	1.7951466164667096
50305.63385446137	1000.0	1145.9635709743131	0.0	0	0.0	2451.597425435677	1	0	1	0.4088522553468193
50891.07487235001	1000.0	1560.5225530856703	0.0	0	0.0	2451.597425435677	1	0	1	1.1019994359067644
51877.645235929325	2000.0	1573.9521895063508	0.0	0	0.0	2451.597425435677	1	0	1	1.1019994359067644
52899.98613784018	2000.0	1551.6112875954973	0.0	0	0.0	2451.5974254356697	1	0	1	1.7951466164667105
53832.89329400532	2000.0	1618.7041314303451	0.0	0	0.0	2451.5974254356624	1	0	1	1.7951466164667114
55018.633393414806	2000.0	1432.9640320208516	0.0	0	0.0	2451.5974254356624	1	0	1	1.7951466164667114
55880.46122831534	2000.0	1571.136197120326	0.0	0	0.0	2451.5974254356624	1	0	1	1.7951466164667114
57201.01569108613	2000.0	1250.5817343495353	0.0	0	0.0	2451.5974254356697	1	0	1	1.7951466164667105
57716.7050401802	1000.0	1734.8923852554717	0.0	0	0.0	2451.5974254356624	1	0	1	0.40885225534682096
58599.23671378267	2000.0	1852.360711652993	0.0	0	0.0	2451.5974254356624	1	0	1	1.101999435906766
59520.02197139984	2000.0	1931.5754540358198	0.0	0	0.0	2451.5974254356624	1	0	1	1.7951466164667114
60200.0	2000.0	2251.597425435662	0.0	0	18.298965695234074	2451.5974254356624	1	0	1	1.7951466164667114
61200.0	2000.0	2251.597425435666	0.0	0	139.70755590259068	2451.5974254356697	1	0	1	1.7951466164667105
62200.0	2000.0	2151.5974254356597	0.0	0	469.11518955232896	2351.5974254356697	1	0	2	1.401543903955121
63337.40406283748	3000.0	1900.4529563144317	0.0	0	0.0	2237.8570191519175	1	0	2	1.6139776091764133
64200.0	2000.0	1951.5974254356588	0.0	0	39.09276914584916	2151.5974254356697	1	0	2	1.2161284343944694
65200.0	2000.0	1951.5974254356615	0.0	0	593.948343011114	2151.5974254356697	1	0	1	1.6235346356877212
66200.0	3000.0	1851.5974254356772	0.0	0	518.0595941980428	2051.5974254356843	1	0	2	1.4283154420926814
67200.0	3000.0	1851.5974254356724	0.0	0	206.72767647153523	2051.597425435677	1	0	1	2.0367932194825045
68275.72001204145	3000.0	1668.3054121900814	0.0	0	0.0	1944.0254242315277	1	0	2	1.8424296803683395
69289.5670412196	2000.0	1654.4583830119295	0.0	0	0.0	1944.0254242315132	1	0	1	1.2334503054502246
70431.41977910975	2000.0	1512.605645121783	0.0	0	0.0	1944.0254242315132	1	0	1	1.8389154135583894
71339.7254055966	2000.0	1604.3000186349234	0.0	0	0.0	1944.0254242315132	1	0	1	1.8389154135583894
72344.77903527682	2000.0	1599.246388954712	0.0	0	0.0	1944.0254242315132	1	0	1	1.8389154135583894
73290.83306586095	2000.0	1653.1923583705739	0.0	0	0.0	1944.0254242315132	1	0	1	1.8389154135583894
74231.78340907142	2000.0	1712.2420151601077	0.0	0	0.0	1944.0254242315132	1	0	1	1.8389154135583894
75200.0	2000.0	1744.025424231541	0.0	0	351.1281564708479	1944.0254242315132	1	0	1	1.8389154135583894
76200.0	2000.0	1744.0254242315407	0.0	0	110.04088812295231	1944.0254242315277	1	0	1	1.8389154135583883
77200.0	2000.0	1744.0254242315286	0.0	0	488.3082979749306	1944.0254242315277	1	0	1	1.8389154135583883
78200.0	2000.0	1744.0254242315189	0.0	0	439.17244143890275	1944.0254242315277	1	0	1	1.8389154135583883
79200.0	2000.0	1744.0254242315198	0.0	0	120.13453878114524	1944.0254242315132	1	0	1	1.8389154135583894
80367.16402990372	2000.0	1576.8613943277915	0.0	0	0.0	1944.0254242315132	1	0	1	1.8389154135583894
81200.28081293905	2000.0	1743.744611292448	0.0	0	0.0	1944.0254242315132	1	0	1	1.8389154135583894
82238.54601803848	2000.0	1705.4794061930352	0.0	0	0.0	1944.0254242315132	1	0	1	1.8389154135583894
83200.0	2000.0	1744.0254242315248	0.0	0	388.32170443888754	1944.0254242314986	1	0	1	1.8389154135583903
84200.0	2000.0	1744.0254242315314	0.0	0	315.87813930569973	1944.0254242314986	1	0	1	1.8389154135583903
85200.0	2000.0	1744.0254242315436	0.0	0	383.1201204810932	1944.0254242314986	1	0	1	1.8389154135583903
86292.7058912684	2000.0	1651.3195329631405	0.0	0	0.0	1944.0254242314986	1	0	1	1.8389154135583903
87200.0	2000.0	1744.0254242315414	0.0	0	31.64167478676245	1944.0254242314986	1	0	1	1.8389154135583903
88200.0	2000.0	1744.025424231561	0.0	0	12.144976189520094	1944.0254242314986	1	0	1	1.8389154135583903
89200.0	2000.0	1744.0254242315686	0.0	0	57.897671253813314	1944.0254242314986	1	0	1	1.8389154135583903
90200.0	2000.0	1744.0254242315837	0.0	0	125.15482576057548	1944.0254242314986	1	0	1	1.8389154135583903
91200.0	2000.0	1744.0254242315914	0.0	0	156.0265821255016	1944.0254242314986	1	0	1	1.8389154135583903
92200.0	2000.0	1744.025424231591	0.0	0	9.51739086213638	1944.0254242314986	1	0	1	1.8389154135583903
93200.0	2000.0	1744.0254242316041	0.0	0	277.01748309264076	1944.0254242314986	1	0	1	1.8389154135583903
94200.0	2000.0	1744.0254242316053	0.0	0	321.29883150778187	1944.0254242314986	1	0	1	1.8389154135583903
95502.8425807158	2000.0	1441.182843515806	0.0	0	0.0	1944.0254242314986	1	0	1	1.8389154135583903
96826.79022998935	2000.0	1117.2351942422697	0.0	0	0.0	1944.0254242314986	1	0	1	1.8389154135583903
97581.32300871427	1000.0	1362.7024155173426	0.0	0	0.0	1944.0254242314986	1	0	1	0.45262105243849987
98379.648255845	2000.0	1564.3771683866287	0.0	0	0.0	1944.0254242314986	1	0	1	1.1457682329984449
99432.3577288381	2000.0	1511.6676953935182	0.0	0	0.0	1944.025424231484	1	0	1	1.8389154135583912
100419.88844347706	2000.0	1524.1369807545454	0.0	0	0.0	1944.025424231484	1	0	1	1.8389154135583912
101630.43979371828	2000.0	1313.5856305133038	0.0	0	0.0	1944.0254242314695	1	0	1	1.838915413558392
103030.72376575456	2000.0	913.3016584770207	0.0	0	0.0	1944.0254242314695	1	0	1	1.838915413558392
103437.47718643173	1000.0	1506.5482377998646	0.0	0	0.0	1944.025424231455	1	0	1	0.4526210524385028
104509.133066402	2000.0	1434.8923578295949	0.0	0	0.0	1944.025424231455	1	0	1	1.145768232998448
106040.27571687345	2000.0	903.7497073581367	0.0	0	0.0	1944.025424231455	1	0	1	1.8389154135583932
106572.07905594714	1000.0	1371.9463682844548	0.0	0	0.0	1944.0254242314404	1	0	1	0.45262105243850376
107383.85731586801	2000.0	1560.1681083635858	0.0	0	0.0	1944.0254242314404	1	0	1	1.1457682329984489
108200.0	2000.0	1744.0254242316016	0.0	0	271.20215946591634	1944.0254242314404	1	0	1	1.838915413558394
109200.0	2000.0	1744.0254242316248	0.0	0	89.6331357017043	1944.025424231455	1	0	1	1.8389154135583932
110200.0	2000.0	1744.0254242316266	0.0	0	307.3740831395553	1944.025424231455	1	0	1	1.8389154135583932
111200.0	2000.0	1744.0254242316219	0.0	0	66.46625967888394	1944.025424231455	1	0	1	1.8389154135583932
112220.26300242194	2000.0	1723.7624218096987	0.0	0	0.0	1944.025424231455	1	0	1	1.8389154135583932
113200.0	2000.0	1744.0254242316275	0.0	0	152.51866687914298	1944.025424231455	1	0	1	1.8389154135583932
114806.37965570587	2000.0	1137.64576852577	0.0	0	0.0	1944.0254242314404	1	0	1	1.838915413558394
116021.28456962573	2000.0	922.7408546058952	0.0	0	0.0	1944.0254242314259	1	0	1	1.8389154135583952
116739.94139408013	2000.0	1204.0840301514882	0.0	0	0.0	1944.0254242314113	1	0	1	1.838915413558396
117483.90906463737	2000.0	1460.1163595942578	0.0	0	0.0	1944.0254242313968	1	0	1	1.8389154135583972
118200.0	2000.0	1744.0254242316346	0.0	0	1.1226211516768672	1944.0254242313968	1	0	1	1.8389154135583972
119444.40579803391	2000.0	1499.6196261976895	0.0	0	0.0	1944.0254242313822	1	0	1	1.8389154135583978
121153.99958476682	2000.0	790.0258394647838	0.0	0	0.0	1944.0254242313822	1	0	1	1.8389154135583978
121702.22181304908	1000.0	1241.8036111825288	0.0	0	0.0	1944.0254242313968	1	0	1	0.4526210524385068
122532.43457800755	2000.0	1411.590846224051	0.0	0	0.0	1944.0254242313968	1	0	1	1.145768232998452
123297.70074742638	2000.0	1646.3246768052359	0.0	0	0.0	1944.0254242313968	1	0	1	1.8389154135583972
124200.0	2000.0	1744.0254242316091	0.0	0	221.2822471681866	1944.0254242313968	1	0	1	1.8389154135583972
125247.28378002599	2000.0	1696.7416442055994	0.0	0	0.0	1944.0254242313968	1	0	1	1.8389154135583972
126200.0	2000.0	1744.0254242315946	0.0	0	16.606659229728393	1944.0254242313968	1	0	1	1.8389154135583972
127200.0	2000.0	1744.025424231595	0.0	0	1.635919514184934	1944.0254242313968	1	0	1	1.8389154135583972
128701.3283449487	2000.0	1242.697079282881	0.0	0	0.0	1944.0254242313968	1	0	1	1.8389154135583972
129991.30249073831	2000.0	952.7229334932737	0.0	0	0.0	1944.0254242313968	1	0	1	1.8389154135583972
130784.53041599902	2000.0	1159.495008232544	0.0	0	0.0	1944.0254242313968	1	0	1	1.8389154135583972
131576.0149175604	2000.0	1368.0105066711942	0.0	0	0.0	1944.0254242314113	1	0	1	1.8389154135583963
132327.30801840138	2000.0	1616.7174058302078	0.0	0	0.0	1944.0254242314259	1	0	1	1.838915413558396
133431.77734534084	2000.0	1512.248078890753	0.0	0	0.0	1944.025424231455	1	0	1	1.8389154135583934
134576.87644589262	2000.0	1367.1489783390016	0.0	0	0.0	1944.0254242314259	1	0	1	1.8389154135583943
135721.36677335837	2000.0	1222.658650873269	0.0	0	0.0	1944.025424231455	1	0	1	1.8389154135583932
136848.76856155283	2000.0	1095.2568626788425	0.0	0	0.0	1944.025424231484	1	0	1	1.8389154135583912
137793.16184293342	2000.0	1150.8635812982661	0.0	0	0.0	1944.025424231484	1	0	1	1.8389154135583912
138828.51719200794	2000.0	1115.5082322237324	0.0	0	0.0	1944.025424231484	1	0	1	1.8389154135583912
139570.9093297179	2000.0	1373.1160945138022	0.0	0	0.0	1944.025424231484	1	0	1	1.8389154135583912
140200.53240122268	2000.0	1743.493023009041	0.0	0	0.0	1944.0254242315132	1	0	1	1.8389154135583894
141200.0	2000.0	1744.02542423172	0.0	0	50.91092230763752	1944.0254242315132	1	0	1	1.8389154135583894
142200.0	2000.0	1744.0254242316971	0.0	0	272.7116575134278	1944.0254242315132	1	0	1	1.8389154135583894
143200.0	2000.0	1744.0254242317003	0.0	0	436.7585661102203	1944.0254242315132	1	0	1	1.8389154135583894
144383.95769766995	3000.0	1560.0677265617487	0.0	0	0.0	1944.0254242315423	1	0	1	1.8389154135583876
145307.4383131302	2000.0	1544.2390495554635	0.0	0	0.0	1851.6773626854992	1	0	2	1.0375784465856883
146716.99225466163	2000.0	1134.6851080240199	0.0	0	0.0	1851.6773626854992	1	0	1	1.6448288548631202
147795.554196371	2000.0	1056.1231663146323	0.0	0	0.0	1851.6773626854701	1	0	1	1.844828854863122
148375.9117809498	2000.0	1475.765581735812	0.0	0	0.0	1851.6773626854992	1	0	1	1.8448288548631204
149200.0	2000.0	1651.677362685612	0.0	0	200.6108974670933	1851.6773626854701	1	0	1	1.844828854863122
150200.0	2000.0	1651.6773626856038	0.0	0	341.6274275727628	1851.6773626854701	1	0	1	1.844828854863122
151200.0	2000.0	1651.6773626855968	0.0	0	37.66500183171593	1851.6773626854992	1	0	1	1.8448288548631204
152200.0	2000.0	1651.6773626855872	0.0	0	351.1704940831987	1851.6773626854701	1	0	1	1.844828854863122
153200.0	2000.0	1651.6773626855809	0.0	0	479.8525533884822	1851.6773626854701	1	0	1	1.844828854863122
154200.0	3000.0	1651.6773626855704	0.0	0	26.906968389230315	1851.6773626854992	1	0	1	1.8448288548631218
155200.0	2000.0	1651.6773626855895	0.0	0	511.6231992546818	1851.6773626854992	1	0	1	1.4393637467549558
156200.0	2000.0	1651.6773626855716	0.0	0	143.96315109962597	1851.6773626854992	1	0	1	1.8448288548631204
157200.0	2000.0	1651.6773626855975	0.0	0	386.90444359954563	1851.6773626854992	1	0	1	1.8448288548631204
158200.0	2000.0	1651.6773626856063	0.0	0	251.8121805342089	1851.6773626855284	1	0	1	1.8448288548631187
159200.0	2000.0	1651.677362685572	0.0	0	310.66014940000605	1851.6773626855284	1	0	1	1.8448288548631187
160200.0	2000.0	1651.677362685586	0.0	0	312.36574148229556	1851.6773626855284	1	0	1	1.8448288548631187
161200.0	3000.0	1651.677362685574	0.0	0	218.7379408615525	1851.6773626855284	1	0	1	1.8448288548631187
162200.0	2000.0	1651.6773626856018	0.0	0	466.51604782789946	1851.6773626855284	1	0	1	1.439363746754954
164124.2845611961	3000.0	534.9643453699089	0.0	0	0.0	1659.2489065659174	1	0	2	1.4532657169211742
164584.80214868303	1000.0	1074.446757882954	0.0	0	0.0	1659.2489065659174	1	0	1	-0.13618589742281417
165531.9244337635	2000.0	1127.3244728024654	0.0	0	0.0	1659.2489065659174	1	0	1	1.1624263912452957
166467.40590851367	2000.0	1191.8429980522976	0.0	0	0.0	1659.2489065659174	1	0	1	1.8555735718052406
167257.5556986629	2000.0	1401.693207903047	0.0	0	0.0	1659.2489065659174	1	0	1	1.8555735718052406
168200.0	2000.0	1459.2489065659693	0.0	0	236.0262257710565	1659.2489065659465	1	0	1	1.8555735718052393
169442.02307052677	2000.0	1217.2258360391818	0.0	0	0.0	1659.2489065659756	1	0	1	1.8555735718052384
170200.0	2000.0	1459.2489065659738	0.0	0	45.81554780821898	1659.2489065659756	1	0	1	1.8555735718052377
171200.0	2000.0	1459.2489065660063	0.0	0	370.9675870400097	1659.2489065659756	1	0	1	1.8555735718052377
172200.0	2000.0	1459.2489065659995	0.0	0	217.57407670957036	1659.2489065659465	1	0	1	1.8555735718052393
173200.0	2000.0	1459.248906566021	0.0	0	282.5116075881233	1659.2489065659756	1	0	1	1.8555735718052377
174200.0	2000.0	1459.2489065660143	0.0	0	108.18771537829889	1659.2489065659756	1	0	1	1.8555735718052377
175263.1309729333	2000.0	1396.117933632728	0.0	0	0.0	1659.2489065659756	1	0	1	1.8555735718052377
176265.94377957087	2000.0	1393.305126995163	0.0	0	0.0	1659.2489065659756	1	0	1	1.8555735718052377
177200.0	2000.0	1459.2489065660532	0.0	0	120.82743090909207	1659.2489065659756	1	0	1	1.8555735718052377
178220.76776474534	2000.0	1438.48114182069	0.0	0	0.0	1659.2489065659756	1	0	1	1.8555735718052377
179200.0	2000.0	1459.248906565982	0.0	0	239.1004596769635	1659.2489065659465	1	0	1	1.8555735718052393
180333.55668927627	2000.0	1325.692217289692	0.0	0	0.0	1659.2489065659174	1	0	1	1.8555735718052406
181271.71173304506	2000.0	1387.5371735209005	0.0	0	0.0	1659.2489065659174	1	0	1	1.8555735718052397
182427.1043508705	2000.0	1232.1445556954554	0.0	0	0.0	1659.2489065659174	1	0	1	1.8555735718052406
183200.0	2000.0	1459.2489065659624	0.0	0	7.045558187412098	1659.2489065659465	1	0	1	1.8555735718052404
184200.0	2000.0	1459.2489065659443	0.0	0	139.4714166095364	1659.2489065659465	1	0	1	1.8555735718052393
185200.0	2000.0	1459.2489065659536	0.0	0	42.97027351320139	1659.2489065659465	1	0	1	1.8555735718052393
186568.8383517435	2000.0	1090.4105548224484	0.0	0	0.0	1659.2489065659465	1	0	1	1.8555735718052393
187334.61870595388	1000.0	1324.6302006120827	0.0	0	0.0	1659.2489065659465	1	0	1	0.46927921068534895
188340.68666132574	2000.0	1318.562245240228	0.0	0	0.0	1659.2489065659465	1	0	1	1.1624263912452941
189330.1332822049	2000.0	1329.1156243610792	0.0	0	0.0	1659.2489065659174	1	0	1	1.8555735718052406
190327.41450709203	2000.0	1331.834399473923	0.0	0	0.0	1659.2489065659174	1	0	1	1.8555735718052406
191299.20807023506	2000.0	1360.040836330853	0.0	0	0.0	1659.2489065659174	1	0	1	1.8555735718052406
192200.0	2000.0	1459.2489065659156	0.0	0	137.05220919448766	1659.2489065659174	1	0	1	1.8555735718052406
193200.0	2000.0	1459.2489065659477	0.0	0	192.61823603874655	1659.2489065659174	1	0	1	1.8555735718052406
194200.0	2000.0	1459.2489065659388	0.0	0	495.9929026363825	1659.2489065659174	1	0	1	1.8555735718052406
195200.0	3000.0	1459.2489065659277	0.0	0	396.1852905206033	1659.2489065659174	1	0	1	1.8555735718052409
197523.00164301583	3000.0	200.0	63.752736449900155	0	0.0	1723.0016430157702	1	0	1	1.877758378312374
198831.09593238038	2000.0	376.3400284366521	484.43431780119363	0	0.0	2207.4359608170344	1	0	1	-1.4932244815643174
199305.6620134247	1000.0	901.7739473923355	0.0	0	0.0	2207.4359608170344	1	0	1	0.4325521722311188
200537.7109099019	2000.0	669.7250509151129	0.0	0	0.0	2207.4359608170344	1	0	1	1.125699352791064
201487.56757579686	2000.0	719.8683850201618	0.0	0	0.0	2207.4359608170344	1	0	1	1.8188465333510089
202208.62959458248	1000.0	998.806366234532	0.0	0	0.0	2207.4359608170344	1	0	1	0.4325521722311188
203364.49067745722	2000.0	842.9452833598089	0.0	0	0.0	2207.4359608170344	1	0	1	1.125699352791064
203995.48018710327	2000.0	1211.9557737137372	0.0	0	0.0	2207.4359608170344	1	0	1	1.8188465333510089
204826.96462943344	2000.0	1380.4713313835614	0.0	0	0.0	2207.4359608170344	1	0	1	1.8188465333510089
205790.93248982623	2000.0	1416.5034709907413	0.0	0	0.0	2207.4359608170344	1	0	1	1.8188465333510089
206618.76648101225	2000.0	1588.6694798047085	0.0	0	0.0	2207.4359608170053	1	0	1	1.8188465333510115
207961.60032595418	2000.0	1245.8356348627672	0.0	0	0.0	2207.4359608170053	1	0	1	1.8188465333510115
208915.5257217334	2000.0	1291.9102390835353	0.0	0	0.0	2207.4359608170053	1	0	1	1.8188465333510115
209618.41664483887	2000.0	1589.0193159780438	0.0	0	0.0	2207.4359608170053	1	0	1	1.8188465333510115
210200.0	2000.0	2007.435960816917	0.0	0	13.727574004908092	2207.435960816976	1	0	1	1.818846533351014
211200.0	2000.0	2007.4359608169484	0.0	0	294.20269490784267	2207.4359608170053	1	0	1	1.8188465333510115
212200.0	2000.0	2007.435960816968	0.0	0	51.53594811656512	2207.4359608170344	1	0	1	1.8188465333510089
213200.0	2000.0	2007.4359608169461	0.0	0	322.3906458260899	2207.4359608170344	1	0	1	1.8188465333510089
214200.0	2000.0	2007.4359608169552	0.0	0	573.1904321910697	2207.4359608170344	1	0	1	1.8188465333510089
215200.0	3000.0	1907.4359608169461	0.0	0	341.7036428573774	2107.4359608170053	1	0	2	1.4240836279220335
216818.03587848262	6000.0	1289.4000823342835	0.0	0	0.0	2107.4359608170053	1	0	1	2.032533874109231
217616.14196014573	2000.0	1491.294000671181	0.0	0	0.0	2107.4359608170053	1	0	1	0.7284564773329569
218386.755298619	2000.0	1720.6806621978917	0.0	0	0.0	2107.4359608170053	1	0	1	1.8270687660010665
219200.0	2000.0	1907.4359608168936	0.0	0	9.565590033162152	2107.4359608170053	1	0	1	1.8270687660010665
220200.0	2000.0	1907.4359608169118	0.0	0	333.55893077503424	2107.4359608170053	1	0	1	1.8270687660010665
221200.0	2000.0	1907.4359608169075	0.0	0	156.83807485591387	2107.4359608170053	1	0	1	1.8270687660010665
222200.51934331647	2000.0	1906.9166175004184	0.0	0	0.0	2107.4359608170053	1	0	1	1.8270687660010665
223200.0	2000.0	1907.4359608168847	0.0	0	191.53637370929937	2107.4359608170053	1	0	1	1.8270687660010665
224200.0	2000.0	1907.4359608168793	0.0	0	328.5607258787786	2107.4359608170053	1	0	1	1.8270687660010665
225200.0	2000.0	1907.435960816896	0.0	0	186.97780182384304	2107.4359608170053	1	0	1	1.8270687660010665
226397.31030746942	3000.0	1590.394622600506	0.0	0	0.0	1987.704930070031	1	0	2	1.4336496844195792
227200.0	2000.0	1787.7049300699518	0.0	0	139.62492360625765	1987.704930070031	1	0	1	1.2304640579013262
228200.0	2000.0	1787.7049300699446	0.0	0	286.6463870125299	1987.704930070031	1	0	1	1.835929166009491
229253.65333848077	2000.0	1734.0515915892029	0.0	0	0.0	1987.704930070031	1	0	1	1.835929166009491
230200.0	2000.0	1787.7049300699898	0.0	0	139.61493956123013	1987.70493007006	1	0	1	1.8359291660094887
231200.0	2000.0	1787.704930069996	0.0	0	6.514415915531572	1987.70493007006	1	0	1	1.8359291660094887
232200.0	2000.0	1787.7049300700003	0.0	0	183.7242689235718	1987.70493007006	1	0	1	1.8359291660094887
233200.0	2000.0	1787.7049300700153	0.0	0	262.7250895619218	1987.70493007006	1	0	1	1.8359291660094887
234200.0	2000.0	1787.7049300700114	0.0	0	201.5488591704052	1987.70493007006	1	0	1	1.8359291660094887
235547.4876111861	3000.0	1305.4685577652529	0.0	0	0.0	1852.9561689513794	1	0	2	1.4425607187686758
236552.51012629914	2000.0	1300.4460426522312	0.0	0	0.0	1852.9561689513503	1	0	1	1.2392854161327316
237536.42948472538	2000.0	1316.526684225972	0.0	0	0.0	1852.9561689513503	1	0	1	1.8447505242408966
238216.437886598	2000.0	1636.5182823533764	0.0	0	0.0	1852.9561689514085	1	0	1	1.8447505242408944
239200.0	2000.0	1652.9561689513914	0.0	0	427.33387991259224	1852.9561689514085	1	0	1	1.8447505242408933
240200.0	2000.0	1652.9561689514112	0.0	0	5.988788845250383	1852.9561689514085	1	0	1	1.8447505242408933
241378.4345039246	2000.0	1474.5216650267992	0.0	0	0.0	1852.9561689514085	1	0	1	1.8447505242408933
242223.1422279304	2000.0	1629.8139410209847	0.0	0	0.0	1852.9561689514376	1	0	1	1.8447505242408913
243200.0	2000.0	1652.9561689513873	0.0	0	426.3194623164309	1852.9561689514376	1	0	1	1.8447505242408913
244447.2026584578	2000.0	1405.7535104935926	0.0	0	0.0	1852.9561689514376	1	0	1	1.8447505242408913
245649.27897877037	2000.0	1203.6771901810253	0.0	0	0.0	1852.9561689514667	1	0	1	1.8447505242408906
246370.3699830025	1000.0	1482.586185948895	0.0	0	0.0	1852.9561689514376	1	0	1	0.45845616312100096
247610.34903817816	2000.0	1242.607130773249	0.0	0	0.0	1852.9561689514376	1	0	1	1.151603343680946
248525.71175412997	2000.0	1327.244414821457	0.0	0	0.0	1852.9561689514667	1	0	1	1.8447505242408897
249807.36745035884	2000.0	1045.5887185925872	0.0	0	0.0	1852.9561689514667	1	0	1	1.8447505242408897
251271.03355342982	2000.0	581.9226155216156	0.0	0	0.0	1852.9561689514376	1	0	1	1.84475052424089
251956.81331880318	1000.0	896.1428501482472	0.0	0	0.0	1852.9561689514376	1	0	1	0.45845616312100096
253056.50606182046	2000.0	796.4501071309398	0.0	0	0.0	1852.9561689514376	1	0	1	1.151603343680946
253755.4005281438	2000.0	1097.5556408075813	0.0	0	0.0	1852.9561689514376	1	0	1	1.8447505242408913
254788.1634647956	2000.0	1064.792704155791	0.0	0	0.0	1852.9561689514376	1	0	1	1.8447505242408913
255496.88601015328	1000.0	1356.0701587981075	0.0	0	0.0	1852.9561689514085	1	0	1	0.4584561631210028
256243.05574424818	2000.0	1609.900424703217	0.0	0	0.0	1852.9561689514085	1	0	1	1.151603343680948
257200.0	2000.0	1652.9561689513848	0.0	0	470.1002729931206	1852.9561689513794	1	0	1	1.8447505242408948
258200.0	2000.0	1652.9561689513912	0.0	0	380.46892085822765	1852.9561689513794	1	0	1	1.8447505242408948
259200.0	2000.0	1652.9561689514198	0.0	0	272.10801235216786	1852.9561689513794	1	0	1	1.8447505242408948
260222.57730583294	3000.0	1630.3788631184966	0.0	0	0.0	1852.9561689514085	1	0	1	1.8447505242408946
261404.15927114664	2000.0	1448.7968978047902	0.0	0	0.0	1852.9561689514085	1	0	1	1.4392854161327286
262200.0	2000.0	1652.9561689514292	0.0	0	24.2405496131978	1852.9561689514085	1	0	1	1.8447505242408946
263765.3044595915	2000.0	1087.651709359901	0.0	0	0.0	1852.9561689513794	1	0	1	1.844750524240895
264249.02487972216	1000.0	1603.9312892292885	0.0	0	0.0	1852.9561689514667	1	0	1	0.4584561631210006
265200.0	2000.0	1652.9561689514767	0.0	0	256.7293551705079	1852.956168951525	1	0	1	1.1516033436809407
266200.0	2000.0	1652.9561689514937	0.0	0	237.85291269019945	1852.956168951525	1	0	1	1.844750524240886
267245.8638124049	2000.0	1607.0923565465862	0.0	0	0.0	1852.956168951525	1	0	1	1.844750524240886
268236.15460678225	2000.0	1616.8015621691936	0.0	0	0.0	1852.956168951525	1	0	1	1.844750524240886
269911.04403103143	2000.0	941.9121379200687	0.0	0	0.0	1852.956168951525	1	0	1	1.844750524240886
270559.7633933056	1000.0	1293.1927756458451	0.0	0	0.0	1852.956168951525	1	0	1	0.4584561631209957
271462.56996844034	2000.0	1390.386200511073	0.0	0	0.0	1852.956168951525	1	0	1	1.1516033436809407
272200.0	2000.0	1652.9561689513803	0.0	0	189.59819571842672	1852.956168951525	1	0	1	1.844750524240886
273200.0	2000.0	1652.9561689513164	0.0	0	246.58942026103614	1852.956168951525	1	0	1	1.844750524240886
274200.0	2000.0	1652.9561689512584	0.0	0	112.38672797515756	1852.9561689514667	1	0	1	1.8447505242408897
275313.3474055139	2000.0	1539.6087634373307	0.0	0	0.0	1852.9561689514667	1	0	1	1.8447505242408897
276306.35074190766	2000.0	1546.6054270436232	0.0	0	0.0	1852.9561689514085	1	0	1	1.8447505242408933
277228.20202322456	2000.0	1624.7541457267885	0.0	0	0.0	1852.9561689514667	1	0	1	1.8447505242408897
278598.96876377816	2000.0	1253.987405173173	0.0	0	0.0	1852.9561689514667	1	0	1	1.8447505242408897
279545.95728914445	2000.0	1306.9988798068957	0.0	0	0.0	1852.9561689514667	1	0	1	1.8447505242408897
280384.2908753937	2000.0	1468.6652935576772	0.0	0	0.0	1852.956168951525	1	0	1	1.8447505242408873
281319.7457720864	2000.0	1533.21039686505	0.0	0	0.0	1852.9561689514667	1	0	1	1.8447505242408897
282396.1584887603	2000.0	1456.7976801911157	0.0	0	0.0	1852.9561689514667	1	0	1	1.8447505242408897
283479.1437238547	2000.0	1373.8124450966923	0.0	0	0.0	1852.9561689514667	1	0	1	1.8447505242408897
284708.946956344	2000.0	1144.0092126073332	0.0	0	0.0	1852.9561689514667	1	0	1	1.8447505242408897
285462.7546450965	2000.0	1390.2015238548306	0.0	0	0.0	1852.9561689514667	1	0	1	1.8447505242408897
286430.89470987907	2000.0	1422.061459072209	0.0	0	0.0	1852.9561689514085	1	0	1	1.8447505242408933
287448.7740514195	2000.0	1404.1821175317236	0.0	0	0.0	1852.9561689514085	1	0	1	1.8447505242408933
288356.3573112765	2000.0	1496.5988576746743	0.0	0	0.0	1852.9561689514085	1	0	1	1.8447505242408933
289322.4341960977	2000.0	1530.5219728534528	0.0	0	0.0	1852.9561689514085	1	0	1	1.8447505242408933
290200.0	2000.0	1652.956168951153	0.0	0	102.13783154735574	1852.9561689514085	1	0	1	1.8447505242408933
291200.0	2000.0	1652.9561689511258	0.0	0	154.22723911353387	1852.9561689514085	1	0	1	1.8447505242408933
292200.0	2000.0	1652.9561689510908	0.0	0	375.51657426409656	1852.9561689514085	1	0	1	1.8447505242408933
293606.5377762501	3000.0	1246.4183927010224	0.0	0	0.0	1852.9561689514667	1	0	1	1.8447505242408897
294200.0	2000.0	1652.9561689511431	0.0	0	76.19151965685887	1852.9561689514667	1	0	1	1.439285416132725
295200.0	2000.0	1652.9561689511424	0.0	0	242.41122069646372	1852.9561689514667	1	0	1	1.8447505242408897
296200.0	2000.0	1652.9561689511581	0.0	0	14.81362940184772	1852.9561689514667	1	0	1	1.8447505242408897
297200.0	2000.0	1652.9561689511668	0.0	0	52.09103898820467	1852.9561689514667	1	0	1	1.8447505242408897
298200.0	2000.0	1652.9561689512304	0.0	0	464.0291976890876	1852.9561689514667	1	0	1	1.8447505242408897
299200.0	2000.0	1652.9561689512097	0.0	0	271.3120600967086	1852.9561689514667	1	0	1	1.8447505242408897
300200.0	2000.0	1652.9561689512077	0.0	0	71.62269020569511	1852.9561689514667	1	0	1	1.8447505242408897
2.81	3.76	2.59	2.63	2.98	3.5	4.02	2.91	3.53	1.31	1.53	1.98	1.93	2.17	2.37	1.62	3.13	2.7	2.18	2.11	2.53	2.7	1.66	2.13	2.32	2.98	1.78	2.53	2.11	2.66	2.37	1.61	2.07	1.53	2.63	2.33	2.26	2.4	3.04	3.38	4.12	4.0	1.74	1.26	1.83	1.98	1.92	2.19	1.74	2.15	2.4	2.07	1.44	2.17	1.93	3.02	2.97	3.05	1.87	2.75	4.05	5.31	3.24	3.44	2.39	2.18	2.97	2.77	2.79	2.35	2.77	3.03	3.49	2.9	2.24	1.56	2.48	2.13	3.13	3.02	3.14	2.07	2.43	2.41	2.36	3.23	2.1	1.51	2.48	3.15	1.95	1.69	1.42	1.83	2.54	1.54	1.78	1.8	1.96	2.07	2.47	1.16	2.63	3.37	2.68	3.51	2.49	1.51	2.58	1.82	1.61	2.21	2.84	2.53	2.09	1.34	1.7	2.21	3.15	2.39	1.98	1.88	2.13	1.7	1.85	2.2	2.11	2.26	2.41	2.41	1.76	1.98	2.15	1.7	2.22	2.65	1.97	2.93	4.26	2.7	3.34	2.03	1.77	2.75	3.87	3.13	2.65	2.61	3.86	2.1	2.81	3.76	2.59	2.63	2.98	3.5	4.02	2.91	3.53	1.31	1.53	1.98	1.93	2.17	2.37	1.62	3.13	2.7	2.18	2.11	2.53	2.7	1.66	2.13	2.32	2.98	1.78	2.53	2.11	2.66	2.37	1.61	2.07	1.53	2.63	2.33	2.26	2.4	3.04	3.38	4.12	4.0	1.74	1.26	1.83	1.98	1.92	2.19	1.74	2.15	2.4	2.07	1.44	2.17	1.93	3.02	2.97	3.05	1.87	2.75	4.05	5.31	3.24	3.44	2.39	2.18	2.97	2.77	2.79	2.35	2.77	3.03	3.49	2.9	2.24	1.56	2.48	2.13	3.13	3.02	3.14	2.07	2.43	2.41	2.36	3.23	2.1	1.51	2.48	3.15	1.95	1.69	1.42	1.83	2.54	1.54	1.78	1.8	1.96	2.07	2.47	1.16	2.63	3.37	2.68	3.51	2.49	1.51	2.58	1.82	1.61	2.21	2.84	2.53	2.09	1.34	1.7	2.21	3.15	2.39	1.98	1.88	2.13	1.7	1.85	2.2	2.11	2.26	2.41	2.41	1.76	1.98	2.15	1.7	2.22	2.65	1.97	2.93	4.26	2.7	3.34	2.03	1.77	2.75	3.87	3.13	2.65	2.61	3.86	2.1
1.0	2.0	3.0	4.0	5.0	6.0	7.0	8.0	9.0	10.0	11.0	12.0	13.0	14.0	15.0	16.0	17.0	18.0	19.0	20.0	21.0	22.0	23.0	24.0	25.0	26.0	27.0	28.0	29.0	30.0	31.0	32.0	33.0	34.0	35.0	36.0	37.0	38.0	39.0	40.0	41.0	42.0	43.0	44.0	45.0	46.0	47.0	48.0	49.0	50.0	51.0	52.0	53.0	54.0	55.0	56.0	57.0	58.0	59.0	60.0	61.0	62.0	63.0	64.0	65.0	66.0	67.0	68.0	69.0	70.0	71.0	72.0	73.0	74.0	75.0	76.0	77.0	78.0	79.0	80.0	81.0	82.0	83.0	84.0	85.0	86.0	87.0	88.0	89.0	90.0	91.0	92.0	93.0	94.0	95.0	96.0	97.0	98.0	99.0	100.0	101.0	102.0	103.0	104.0	105.0	106.0	107.0	108.0	109.0	110.0	111.0	112.0	113.0	114.0	115.0	116.0	117.0	118.0	119.0	120.0	121.0	122.0	123.0	124.0	125.0	126.0	127.0	128.0	129.0	130.0	131.0	132.0	133.0	134.0	135.0	136.0	137.0	138.0	139.0	140.0	141.0	142.0	143.0	144.0	145.0	146.0	147.0	148.0	149.0	149.0	150.0	151.0	152.0	153.0	154.0	155.0	156.0	157.0	158.0	159.0	160.0	161.0	162.0	163.0	164.0	165.0	166.0	167.0	168.0	169.0	170.0	171.0	172.0	173.0	174.0	175.0	176.0	177.0	178.0	179.0	180.0	181.0	182.0	183.0	184.0	185.0	186.0	187.0	188.0	189.0	190.0	191.0	192.0	193.0	194.0	195.0	196.0	197.0	198.0	199.0	200.0	201.0	202.0	203.0	204.0	205.0	206.0	207.0	208.0	209.0	210.0	211.0	212.0	213.0	214.0	215.0	216.0	217.0	218.0	219.0	220.0	221.0	222.0	223.0	224.0	225.0	226.0	227.0	228.0	229.0	230.0	231.0	232.0	233.0	234.0	235.0	236.0	237.0	238.0	239.0	240.0	241.0	242.0	243.0	244.0	245.0	246.0	247.0	248.0	249.0	250.0	251.0	252.0	253.0	254.0	255.0	256.0	257.0	258.0	259.0	260.0	261.0	262.0	263.0	264.0	265.0	266.0	267.0	268.0	269.0	270.0	271.0	272.0	273.0	274.0	275.0	276.0	277.0	278.0	279.0	280.0	281.0	282.0	283.0	284.0	285.0	286.0	287.0	288.0	289.0	290.0	291.0	292.0	293.0	294.0	295.0	296.0	297.0	298.0	298.0
4142.600352925368
