3120.6559868354084	300.0	2000.0	152.1732560555159	0	0.0	3120.6559868354084	1	0	1	-1.1096750128118698
4128.898701629568	2000.0	1991.7572852058413	0.0	0	0.0	3120.655986835409	1	0	1	-0.2028461446988274
5002.923948551128	2000.0	2117.7320382842818	0.0	0	0.0	3120.6559868354097	1	0	1	1.694273840187054
6039.714119773493	2000.0	2080.9418670619175	0.0	0	0.0	3120.6559868354097	1	0	1	1.694273840187054
7063.772550539135	2000.0	2056.8834362962743	0.0	0	0.0	3120.655986835409	1	0	1	1.6942738401870538
7842.597412990462	2000.0	2278.058573844948	0.0	0	0.0	3120.655986835409	1	0	1	1.694273840187054
9119.070600764591	2000.0	2001.5853860708207	0.0	0	0.0	3120.6559868354125	1	0	1	1.6942738401870536
10270.777902155842	2000.0	1849.8780846795698	0.0	0	0.0	3120.6559868354125	1	0	1	1.6942738401870532
11431.320573530176	2000.0	1689.3354133052349	0.0	0	0.0	3120.6559868354107	1	0	1	1.6942738401870536
12477.617927720288	2000.0	1643.0380591151234	0.0	0	0.0	3120.6559868354107	1	0	1	1.6942738401870538
13449.557255079215	2000.0	1671.0987317561965	0.0	0	0.0	3120.6559868354107	1	0	1	1.6942738401870538
14539.320307283322	2000.0	1581.3356795520876	0.0	0	0.0	3120.6559868354107	1	0	1	1.6942738401870538
15685.263391148073	2000.0	1435.392595687336	0.0	0	0.0	3120.6559868354125	1	0	1	1.6942738401870532
16546.94789460409	2000.0	1573.7080922313198	0.0	0	0.0	3120.6559868354143	1	0	1	1.6942738401870532
17589.469314769558	2000.0	1531.1866720658513	0.0	0	0.0	3120.655986835416	1	0	1	1.694273840187053
18932.505678628946	2000.0	1188.1503082064658	0.0	0	0.0	3120.655986835418	1	0	1	1.6942738401870523
19916.218948956222	2000.0	1204.437037879191	0.0	0	0.0	3120.655986835416	1	0	1	1.6942738401870527
20316.111129325047	1000.0	1804.5448575103653	0.0	0	0.0	3120.655986835416	1	0	1	0.3079794790671623
21216.287106157757	2000.0	1904.3688806776559	0.0	0	0.0	3120.6559868354198	1	0	1	1.0011266596271067
21919.182140594425	2000.0	2201.4738462409905	0.0	0	0.0	3120.6559868354198	1	0	1	1.6942738401870518
22595.063412299416	2000.0	2525.592574535996	0.0	0	0.0	3120.6559868354198	1	0	1	1.6942738401870518
23429.798746332253	2000.0	2690.8572405031573	0.0	0	0.0	3120.6559868354198	1	0	1	1.6942738401870518
24203.849509619537	2000.0	2916.806477215879	0.0	0	0.0	3120.6559868354198	1	0	1	1.6942738401870518
25200.0	2000.0	2920.6559868354157	0.0	0	161.78675405403555	3120.6559868354234	1	0	1	1.694273840187051
26200.0	2000.0	2920.6559868354148	0.0	0	362.0312722798517	3120.655986835427	1	0	1	1.6942738401870505
27200.0	2000.0	2920.6559868354116	0.0	0	118.82833705445591	3120.655986835427	1	0	1	1.6942738401870505
28200.0	3000.0	2820.6559868354143	0.0	0	172.72018941025817	3020.655986835427	1	0	2	1.3077366193692677
29231.015189598966	3000.0	2686.539278276555	0.0	0	0.0	2917.5544678755323	1	0	2	1.9330562235158473
30211.604531037407	3000.0	2607.8910026942676	0.0	0	0.0	2819.495533731686	1	0	2	1.9487270339360148
31200.0	3000.0	2520.655986835416	0.0	0	272.7653703003416	2720.655986835427	1	0	2	1.9621645321543153
32335.89377175397	3000.0	2271.17283790605	0.0	0	0.0	2607.066609660029	1	0	2	1.9786345876107438
33878.88592460838	3000.0	1573.8814697661905	0.0	0	0.0	2452.7673943745795	1	0	2	1.9960417111677367
34608.97953039447	2000.0	1843.7878639800958	0.0	0	0.0	2452.767394374572	1	0	1	1.1895542209422765
35321.038292258134	2000.0	2131.7291021164224	0.0	0	0.0	2452.7673943745685	1	0	1	1.795019329050442
36424.42903198999	3000.0	1917.9992884113863	0.0	0	0.0	2342.4283204013846	1	0	2	1.4032059956898335
37476.12264572507	3000.0	1761.136313302793	0.0	0	0.0	2237.258959027873	1	0	2	2.0189421704638306
38404.81696094289	2000.0	1739.5725665631949	0.0	0	0.0	2144.389527506086	1	0	2	1.2166504243608336
39200.0	2000.0	1944.3895275060859	0.0	0	131.12621366700478	2144.389527506086	1	0	1	1.6241217343840568
40341.15252931518	2000.0	1803.236998190898	0.0	0	0.0	2144.3895275060786	1	0	1	1.8241217343840577
41298.190625833886	2000.0	1846.1989016721911	0.0	0	0.0	2144.3895275060713	1	0	1	1.8241217343840583
42200.0	2000.0	1944.3895275060709	0.0	0	86.52389401061373	2144.3895275060713	1	0	1	1.8241217343840583
43200.0	2000.0	1944.389527506074	0.0	0	408.6421126793357	2144.3895275060713	1	0	1	1.8241217343840583
44200.0	2000.0	1944.389527506078	0.0	0	230.23907604564738	2144.3895275060713	1	0	1	1.8241217343840583
45377.91572837974	3000.0	1648.682226288363	0.0	0	0.0	2026.5979546680974	1	0	2	1.430913430289144
46200.0	2000.0	1826.5979546680994	0.0	0	149.13745357224252	2026.5979546680974	1	0	1	1.2276970708889676
47200.0	2000.0	1826.5979546680953	0.0	0	58.79988967598183	2026.5979546680974	1	0	1	1.8331621789971324
48200.0	2000.0	1726.5979546680871	0.0	0	357.837149260602	1926.5979546680828	1	0	2	1.4374968826641075
49200.0	2000.0	1726.5979546680853	0.0	0	256.3135463087892	1926.5979546680755	1	0	1	1.6400721699325957
50200.0	2000.0	1726.59795466809	0.0	0	385.6843329626063	1926.5979546680755	1	0	1	1.840072169932596
51200.0	2000.0	1726.597954668088	0.0	0	312.28246303203196	1926.5979546680755	1	0	1	1.840072169932596
52200.0	2000.0	1726.5979546680912	0.0	0	327.21373437215516	1926.5979546680755	1	0	1	1.840072169932596
53200.0	2000.0	1626.597954668085	0.0	0	217.38120586195146	1826.5979546680755	1	0	2	1.4442563429972974
54200.0	2000.0	1626.5979546680915	0.0	0	423.50383632244484	1826.5979546680755	1	0	1	1.6463455829331664
55200.0	2000.0	1626.59795466809	0.0	0	216.7708373557034	1826.5979546680755	1	0	1	1.8463455829331665
56486.2308533549	2000.0	1340.367101313195	0.0	0	0.0	1826.5979546680755	1	0	1	1.8463455829331665
57453.993714632314	2000.0	1372.604240035782	0.0	0	0.0	1826.5979546680755	1	0	1	1.8463455829331665
58312.86258863046	2000.0	1513.73536603763	0.0	0	0.0	1826.5979546680755	1	0	1	1.8463455829331665
59427.43834590548	2000.0	1399.1596087626153	0.0	0	0.0	1826.5979546680755	1	0	1	1.8463455829331665
60824.4110382694	2000.0	1002.1869163987056	0.0	0	0.0	1826.5979546680755	1	0	1	1.8463455829331665
61659.57922770729	1000.0	1167.0187269608127	0.0	0	0.0	1826.5979546680755	1	0	1	0.46005122181327623
62200.0	1000.0	1626.5979546681078	0.0	0	14.492597429620218	1826.5979546680828	1	0	1	1.153198402373221
63526.10596451575	2000.0	1300.4919901523554	0.0	0	0.0	1826.5979546680828	1	0	1	1.1531984023732211
64999.005707172575	2000.0	827.5922474955313	0.0	0	0.0	1826.5979546680828	1	0	1	1.8463455829331663
66084.27460905923	1000.0	742.3233456088901	0.0	0	0.0	1826.59795466809	1	0	1	0.4600512218132756
66599.90420794302	1000.0	1226.6937467250823	0.0	0	0.0	1826.5979546680828	1	0	1	1.1531984023732205
68116.77517378339	2000.0	709.8227808847064	0.0	0	0.0	1826.5979546680755	1	0	1	1.1531984023732214
69089.5259440665	2000.0	737.0720106015996	0.0	0	0.0	1826.5979546680755	1	0	1	1.8463455829331665
69455.90354042736	1000.0	1370.6944142407253	0.0	0	0.0	1826.5979546680755	1	0	1	0.46005122181327623
70707.25059618353	2000.0	1119.3473584845674	0.0	0	0.0	1826.5979546680755	1	0	1	1.1531984023732214
71964.39140252997	2000.0	862.2065521381139	0.0	0	0.0	1826.5979546680755	1	0	1	1.8463455829331665
72899.58439948026	2000.0	927.0135551878182	0.0	0	0.0	1826.5979546680755	1	0	1	1.8463455829331665
74402.22515333424	2000.0	424.37280133383604	0.0	0	0.0	1826.5979546680755	1	0	1	1.8463455829331665
75136.97750061641	1000.0	689.620454051663	0.0	0	0.0	1826.59795466809	1	0	1	0.4600512218132754
75805.6680554887	1000.0	1020.9298991793918	0.0	0	0.0	1826.59795466809	1	0	1	1.1531984023732207
76200.0	1000.0	1626.5979546680799	0.0	0	16.526213034274406	1826.59795466809	1	0	1	1.1531984023732207
77200.0	2000.0	1626.5979546680974	0.0	0	89.07889134477591	1826.5979546681046	1	0	1	1.1531984023732198
78200.0	2000.0	1626.5979546680944	0.0	0	60.06545601654216	1826.59795466809	1	0	1	1.8463455829331656
79269.47524872894	2000.0	1557.1227059391458	0.0	0	0.0	1826.59795466809	1	0	1	1.8463455829331656
80833.9988862865	2000.0	992.5990683815893	0.0	0	0.0	1826.5979546681046	1	0	1	1.8463455829331648
81884.34755874911	2000.0	942.2503959189856	0.0	0	0.0	1826.5979546681046	1	0	1	1.8463455829331648
82706.98041732641	2000.0	1119.6175373417004	0.0	0	0.0	1826.5979546681046	1	0	1	1.8463455829331648
83841.75849823844	2000.0	984.8394564296849	0.0	0	0.0	1826.5979546681192	1	0	1	1.846345582933164
84585.70959429459	2000.0	1240.8883603735478	0.0	0	0.0	1826.5979546681338	1	0	1	1.8463455829331632
85200.0	2000.0	1626.5979546681317	0.0	0	71.05766019958537	1826.5979546681192	1	0	1	1.846345582933164
86200.0	2000.0	1626.5979546681485	0.0	0	170.44804341960116	1826.5979546681192	1	0	1	1.846345582933164
87316.41324082969	2000.0	1510.1847138384544	0.0	0	0.0	1826.5979546681192	1	0	1	1.846345582933164
88450.00213616803	2000.0	1376.5958185001025	0.0	0	0.0	1826.5979546681192	1	0	1	1.846345582933164
89389.58465469569	2000.0	1437.013299972431	0.0	0	0.0	1826.5979546681046	1	0	1	1.8463455829331648
90250.3314225377	2000.0	1576.2665321304169	0.0	0	0.0	1826.5979546681046	1	0	1	1.8463455829331648
91200.0	2000.0	1626.5979546681212	0.0	0	357.6498924350017	1826.5979546681046	1	0	1	1.8463455829331648
92200.0	2000.0	1626.5979546681058	0.0	0	479.91762362203735	1826.5979546681046	1	0	1	1.8463455829331648
93294.32240839793	6000.0	1532.275546270169	0.0	0	0.0	1826.5979546681046	1	0	1	1.8463455829331652
94756.31674791624	6000.0	1070.281206751865	0.0	0	0.0	1826.5979546681046	1	0	1	2.9449578716012748
95763.28297688169	2000.0	1063.3149777864078	0.0	0	0.0	1826.5979546681046	1	0	1	0.7477332942650553
96506.08905404109	2000.0	1320.5089006270161	0.0	0	0.0	1826.5979546681046	1	0	1	1.8463455829331648
97313.41026351546	2000.0	1513.1876911526601	0.0	0	0.0	1826.5979546681046	1	0	1	1.8463455829331648
98200.0	2000.0	1626.5979546681117	0.0	0	204.41348859101709	1826.5979546681046	1	0	1	1.8463455829331648
99200.0	2000.0	1626.5979546681167	0.0	0	112.87928811676102	1826.5979546681192	1	0	1	1.846345582933164
100200.0	2000.0	1626.5979546681308	0.0	0	400.0781978357845	1826.5979546681192	1	0	1	1.846345582933164
101200.0	2000.0	1626.5979546681308	0.0	0	471.58986260337406	1826.5979546681192	1	0	1	1.846345582933164
102200.0	2000.0	1626.5979546681197	0.0	0	227.95727199075918	1826.5979546681192	1	0	1	1.846345582933164
103200.0	2000.0	1626.5979546681028	0.0	0	37.466320360210375	1826.5979546681192	1	0	1	1.846345582933164
104200.0	2000.0	1626.5979546680985	0.0	0	319.1346502014785	1826.5979546681192	1	0	1	1.846345582933164
105824.56990034983	2000.0	1002.0280543182752	0.0	0	0.0	1826.5979546681192	1	0	1	1.846345582933164
106553.42803087809	2000.0	1273.1699237900154	0.0	0	0.0	1826.5979546681192	1	0	1	1.846345582933164
107200.0	2000.0	1626.5979546680935	0.0	0	181.80307419285236	1826.5979546681192	1	0	1	1.846345582933164
108200.0	2000.0	1626.597954668102	0.0	0	484.22276020993013	1826.5979546681046	1	0	1	1.8463455829331648
109200.0	3000.0	1626.5979546681142	0.0	0	163.010930084929	1826.5979546681046	1	0	1	1.846345582933165
110288.84579975702	3000.0	1537.7521549110747	0.0	0	0.0	1826.5979546681046	1	0	1	2.25181069104133
111390.95123906956	3000.0	1435.646715598537	0.0	0	0.0	1826.59795466809	1	0	1	2.2518106910413307
112200.0	2000.0	1626.5979546680992	0.0	0	258.98052489577094	1826.59795466809	1	0	1	1.440880474825001
113200.0	2000.0	1626.5979546681099	0.0	0	174.17170191452897	1826.59795466809	1	0	1	1.8463455829331656
114200.0	2000.0	1626.5979546680992	0.0	0	27.83566237919149	1826.5979546681046	1	0	1	1.8463455829331648
115200.0	2000.0	1626.5979546681015	0.0	0	216.67767101006757	1826.5979546681192	1	0	1	1.846345582933164
116200.0	2000.0	1626.5979546681097	0.0	0	184.4924817376159	1826.5979546681192	1	0	1	1.846345582933164
117200.0	2000.0	1626.5979546681247	0.0	0	386.7125022767432	1826.5979546681192	1	0	1	1.846345582933164
118200.0	2000.0	1626.597954668122	0.0	0	21.02987940107414	1826.5979546681046	1	0	1	1.8463455829331648
119200.0	2000.0	1626.5979546681333	0.0	0	181.20138197067718	1826.5979546681192	1	0	1	1.846345582933164
120200.0	2000.0	1626.5979546681401	0.0	0	309.43074172278284	1826.5979546681192	1	0	1	1.846345582933164
121200.0	2000.0	1626.5979546681335	0.0	0	281.00625523804047	1826.5979546681192	1	0	1	1.846345582933164
122200.0	2000.0	1626.5979546681397	0.0	0	293.6839795949927	1826.5979546681192	1	0	1	1.846345582933164
123200.0	2000.0	1626.597954668129	0.0	0	313.4813848376216	1826.5979546681192	1	0	1	1.846345582933164
124291.76270876844	2000.0	1534.8352458997072	0.0	0	0.0	1826.5979546681192	1	0	1	1.846345582933164
125453.6277068166	2000.0	1372.9702478515476	0.0	0	0.0	1826.5979546681046	1	0	1	1.8463455829331648
126200.0	1000.0	1626.5979546681465	0.0	0	47.26370727250469	1826.5979546681192	1	0	1	0.46005122181327374
127209.26209858712	2000.0	1617.335856081035	0.0	0	0.0	1826.5979546681192	1	0	1	1.153198402373219
128617.79115824588	2000.0	1208.8067964222769	0.0	0	0.0	1826.5979546681192	1	0	1	1.846345582933164
129872.4534496424	2000.0	954.1445050257387	0.0	0	0.0	1826.5979546681192	1	0	1	1.846345582933164
130315.18025414708	1000.0	1511.4177005210474	0.0	0	0.0	1826.5979546681192	1	0	1	0.46005122181327374
131460.27035937167	2000.0	1366.3275952964984	0.0	0	0.0	1826.5979546681629	1	0	1	1.1531984023732178
132431.1714363795	2000.0	1395.4265182886986	0.0	0	0.0	1826.5979546681774	1	0	1	1.8463455829331608
133504.0496637913	2000.0	1322.54829087691	0.0	0	0.0	1826.597954668192	1	0	1	1.8463455829331596
134915.6677784378	2000.0	910.9301762303849	0.0	0	0.0	1826.597954668192	1	0	1	1.8463455829331596
135673.78888779666	1000.0	1152.8090668715354	0.0	0	0.0	1826.597954668192	1	0	1	0.4600512218132693
136346.3106367562	1000.0	1480.2873179119745	0.0	0	0.0	1826.597954668192	1	0	1	1.1531984023732145
137634.188380575	2000.0	1192.4095740931648	0.0	0	0.0	1826.597954668192	1	0	1	1.1531984023732145
138325.976386605	2000.0	1500.621568063181	0.0	0	0.0	1826.597954668192	1	0	1	1.8463455829331596
139478.35409292416	2000.0	1348.2438617440132	0.0	0	0.0	1826.597954668192	1	0	1	1.8463455829331596
140548.35052950092	2000.0	1278.2474251672363	0.0	0	0.0	1826.597954668221	1	0	1	1.8463455829331579
141919.16902459052	2000.0	907.4289300776485	0.0	0	0.0	1826.597954668221	1	0	1	1.8463455829331579
142624.1667754469	1000.0	1202.4311792212598	0.0	0	0.0	1826.597954668221	1	0	1	0.46005122181326763
143225.38827848408	1000.0	1601.2096761841246	0.0	0	0.0	1826.597954668221	1	0	1	1.1531984023732127
144239.4498771084	2000.0	1587.1480775598263	0.0	0	0.0	1826.597954668221	1	0	1	1.1531984023732127
145592.02952975963	2000.0	1234.568424908557	0.0	0	0.0	1826.597954668221	1	0	1	1.8463455829331579
146216.89307356774	1000.0	1609.7048811004606	0.0	0	0.0	1826.597954668221	1	0	1	0.46005122181326763
147200.0	2000.0	1626.5979546682106	0.0	0	13.438644692563685	1826.5979546682502	1	0	1	1.1531984023732111
148901.67091323773	2000.0	924.9270414304913	0.0	0	0.0	1826.5979546682502	1	0	1	1.8463455829331563
149662.31403423246	1000.0	1164.2839204357506	0.0	0	0.0	1826.5979546682502	1	0	1	0.46005122181326585
150200.0	1000.0	1626.597954668228	0.0	0	136.8750702663092	1826.5979546682502	1	0	1	1.153198402373211
151399.99843123226	2000.0	1426.5995234359677	0.0	0	0.0	1826.5979546682502	1	0	1	1.1531984023732111
152426.80473290224	2000.0	1399.7932217659852	0.0	0	0.0	1826.5979546682502	1	0	1	1.8463455829331563
153362.56090346904	2000.0	1464.0370511991653	0.0	0	0.0	1826.5979546682793	1	0	1	1.8463455829331543
154612.86573730188	2000.0	1213.7322173663208	0.0	0	0.0	1826.5979546682793	1	0	1	1.8463455829331543
155360.1964763331	2000.0	1466.4014783350697	0.0	0	0.0	1826.5979546682502	1	0	1	1.8463455829331563
156308.5112048027	2000.0	1518.086749865475	0.0	0	0.0	1826.5979546682793	1	0	1	1.8463455829331543
157200.0	2000.0	1626.5979546681647	0.0	0	88.00519821143826	1826.5979546682502	1	0	1	1.8463455829331556
158423.58920681544	2000.0	1403.008747852749	0.0	0	0.0	1826.5979546682793	1	0	1	1.8463455829331543
159549.68455778816	2000.0	1276.9133968800365	0.0	0	0.0	1826.5979546682793	1	0	1	1.8463455829331543
160348.76075758514	2000.0	1477.837197083084	0.0	0	0.0	1826.5979546682793	1	0	1	1.8463455829331543
161260.95800015994	2000.0	1565.639954508278	0.0	0	0.0	1826.5979546682793	1	0	1	1.8463455829331543
162528.36819757713	2000.0	1298.2297570911046	0.0	0	0.0	1826.5979546682793	1	0	1	1.8463455829331543
163751.36674845553	2000.0	1075.231206212682	0.0	0	0.0	1826.5979546682793	1	0	1	1.8463455829331543
164785.71472071545	2000.0	1040.88323395274	0.0	0	0.0	1826.5979546682793	1	0	1	1.8463455829331543
165505.61216114607	2000.0	1320.9857935220969	0.0	0	0.0	1826.5979546682793	1	0	1	1.8463455829331543
166685.93171178608	2000.0	1140.6662428821185	0.0	0	0.0	1826.5979546683084	1	0	1	1.8463455829331528
167478.96472036326	2000.0	1347.6332343049244	0.0	0	0.0	1826.5979546682793	1	0	1	1.8463455829331543
168432.55661983177	2000.0	1394.0413348364184	0.0	0	0.0	1826.5979546682502	1	0	1	1.8463455829331563
169227.37069048607	2000.0	1599.2272641821303	0.0	0	0.0	1826.5979546682502	1	0	1	1.8463455829331563
170200.0	2000.0	1626.5979546682222	0.0	0	260.24373417146853	1826.5979546682793	1	0	1	1.8463455829331543
171200.0	2000.0	1626.5979546682058	0.0	0	362.6886587697081	1826.5979546682793	1	0	1	1.8463455829331554
172200.0	2000.0	1626.5979546682108	0.0	0	246.16958995294408	1826.5979546682502	1	0	1	1.8463455829331552
173200.0	2000.0	1626.5979546682324	0.0	0	247.92322412354406	1826.5979546682502	1	0	1	1.8463455829331563
174200.0	2000.0	1626.5979546682474	0.0	0	120.02937589856447	1826.5979546682502	1	0	1	1.8463455829331563
175200.0	2000.0	1626.597954668229	0.0	0	159.6919139107049	1826.5979546682502	1	0	1	1.846345582933157
176200.0	2000.0	1626.5979546682508	0.0	0	91.47211268081446	1826.5979546682502	1	0	1	1.8463455829331563
177200.0	2000.0	1626.5979546682315	0.0	0	73.0171589985548	1826.5979546682502	1	0	1	1.846345582933157
178200.0	2000.0	1626.5979546682331	0.0	0	488.8830232223554	1826.5979546682502	1	0	1	1.8463455829331563
179200.0	3000.0	1626.5979546682659	0.0	0	366.24367506738054	1826.5979546682793	1	0	1	1.8463455829331545
180280.81500740425	3000.0	1545.7829472639905	0.0	0	0.0	1826.5979546682502	1	0	1	2.251810691041321
181200.0	2000.0	1626.5979546682443	0.0	0	328.5780479669629	1826.5979546682502	1	0	1	1.4408804748249917
182200.0	2000.0	1626.5979546682197	0.0	0	167.1807300275832	1826.597954668192	1	0	1	1.8463455829331588
183200.0	2000.0	1626.59795466823	0.0	0	68.2803556904837	1826.597954668192	1	0	1	1.846345582933159
184200.0	2000.0	1626.5979546682263	0.0	0	318.91817626252305	1826.5979546681629	1	0	1	1.84634558293316
185200.0	2000.0	1626.5979546682097	0.0	0	364.61914671602426	1826.597954668192	1	0	1	1.8463455829331596
186200.0	2000.0	1626.597954668214	0.0	0	302.0609265503299	1826.597954668221	1	0	1	1.8463455829331579
187200.0	2000.0	1626.5979546682058	0.0	0	183.04037521558348	1826.597954668221	1	0	1	1.8463455829331579
188200.0	2000.0	1626.5979546682465	0.0	0	235.13824694560026	1826.597954668221	1	0	1	1.8463455829331579
189200.0	2000.0	1626.5979546682522	0.0	0	267.1786460399744	1826.597954668221	1	0	1	1.8463455829331579
190474.97422696245	2000.0	1351.6237277057978	0.0	0	0.0	1826.597954668221	1	0	1	1.8463455829331579
191200.0	2000.0	1626.5979546682306	0.0	0	165.47513915915624	1826.597954668221	1	0	1	1.8463455829331579
192200.0	2000.0	1626.597954668215	0.0	0	430.18779897413333	1826.597954668221	1	0	1	1.8463455829331579
193200.0	2000.0	1626.5979546681615	0.0	0	212.27210248084157	1826.597954668221	1	0	1	1.8463455829331579
194200.0	2000.0	1626.5979546681835	0.0	0	378.8359103918774	1826.597954668221	1	0	1	1.8463455829331579
195256.53543403564	2000.0	1570.0625206324994	0.0	0	0.0	1826.597954668192	1	0	1	1.846345582933159
196292.20588405262	2000.0	1534.3920706155352	0.0	0	0.0	1826.5979546681629	1	0	1	1.8463455829331612
197200.0	2000.0	1626.5979546681588	0.0	0	138.24913407396525	1826.597954668192	1	0	1	1.8463455829331603
198200.0	2000.0	1626.5979546681674	0.0	0	236.59679011671687	1826.597954668192	1	0	1	1.8463455829331588
199200.0	2000.0	1626.5979546681683	0.0	0	346.02843868682976	1826.597954668192	1	0	1	1.8463455829331596
200200.0	2000.0	1626.5979546681415	0.0	0	339.23542555523454	1826.5979546681629	1	0	1	1.8463455829331612
201200.0	2000.0	1626.5979546681137	0.0	0	216.20383310256875	1826.5979546681338	1	0	1	1.8463455829331625
202200.0	2000.0	1626.5979546681176	0.0	0	239.56676144493395	1826.5979546681338	1	0	1	1.8463455829331632
203200.0	2000.0	1626.5979546681303	0.0	0	386.6521758517192	1826.5979546681629	1	0	1	1.8463455829331623
204200.0	2000.0	1626.5979546681426	0.0	0	151.10962287668372	1826.5979546681629	1	0	1	1.8463455829331612
205261.31935410702	2000.0	1565.278600561122	0.0	0	0.0	1826.5979546681629	1	0	1	1.8463455829331612
206466.31945274546	2000.0	1360.2785019227174	0.0	0	0.0	1826.5979546681629	1	0	1	1.8463455829331612
207247.18110869674	2000.0	1579.4168459714726	0.0	0	0.0	1826.597954668192	1	0	1	1.84634558293316
208332.95494298433	2000.0	1493.6430116838567	0.0	0	0.0	1826.5979546681629	1	0	1	1.8463455829331612
209436.50817232218	2000.0	1390.0897823459827	0.0	0	0.0	1826.597954668192	1	0	1	1.8463455829331596
210378.95529865948	2000.0	1447.6426560086975	0.0	0	0.0	1826.597954668192	1	0	1	1.8463455829331596
211700.97320854227	2000.0	1125.624746125915	0.0	0	0.0	1826.597954668192	1	0	1	1.8463455829331596
212338.19644232298	1000.0	1488.4015123452102	0.0	0	0.0	1826.597954668192	1	0	1	0.4600512218132693
213525.94155047784	2000.0	1300.6564041903337	0.0	0	0.0	1826.5979546681629	1	0	1	1.1531984023732158
214570.64145062258	1000.0	1255.9565040455823	0.0	0	0.0	1826.5979546681629	1	0	1	0.46005122181327107
215296.51660078016	1000.0	1530.0813538879931	0.0	0	0.0	1826.597954668192	1	0	1	1.1531984023732145
216200.0	2000.0	1626.59795466817	0.0	0	10.668732756719692	1826.597954668221	1	0	1	1.1531984023732127
217200.0	1000.0	1626.597954668175	0.0	0	215.56664285363513	1826.597954668221	1	0	1	0.46005122181326763
218296.8432735247	2000.0	1529.7546811434765	0.0	0	0.0	1826.597954668221	1	0	1	1.1531984023732127
219704.07322457785	2000.0	1122.5247300903306	0.0	0	0.0	1826.5979546682502	1	0	1	1.8463455829331563
220988.77309505155	2000.0	837.8248596166501	0.0	0	0.0	1826.5979546682793	1	0	1	1.8463455829331543
222273.0456045427	2000.0	553.5523501255018	0.0	0	0.0	1826.5979546682793	1	0	1	1.8463455829331543
223109.5796391422	1000.0	717.0183155260366	0.0	0	0.0	1826.5979546683375	1	0	1	0.46005122181326136
223906.80131170165	1000.0	919.7966429665513	0.0	0	0.0	1826.5979546683084	1	0	1	1.1531984023732076
224827.66826442338	1000.0	998.9296902448265	0.0	0	0.0	1826.5979546683084	1	0	1	1.1531984023732076
225348.98230804727	1000.0	1477.6156466209663	0.0	0	0.0	1826.5979546683375	1	0	1	1.1531984023732058
226209.26667371855	2000.0	1617.3312809496801	0.0	0	0.0	1826.5979546683375	1	0	1	1.1531984023732058
227200.0	2000.0	1626.59795466824	0.0	0	165.55847150782938	1826.5979546683375	1	0	1	1.846345582933151
228389.77127219454	2000.0	1436.8266824737022	0.0	0	0.0	1826.5979546683375	1	0	1	1.846345582933151
229713.50632241162	2000.0	1113.091632256608	0.0	0	0.0	1826.5979546683375	1	0	1	1.846345582933151
230540.93658794445	2000.0	1285.661366723755	0.0	0	0.0	1826.5979546683084	1	0	1	1.8463455829331528
231684.4664726128	2000.0	1142.1314820553698	0.0	0	0.0	1826.5979546683084	1	0	1	1.8463455829331528
232836.15405965992	2000.0	990.4438950082698	0.0	0	0.0	1826.5979546682793	1	0	1	1.846345582933153
233384.2506642838	2000.0	1442.3472903844138	0.0	0	0.0	1826.5979546682793	1	0	1	1.8463455829331543
234216.35460405366	2000.0	1610.2433506145603	0.0	0	0.0	1826.5979546683084	1	0	1	1.8463455829331528
235200.0	2000.0	1626.597954668238	0.0	0	93.29895466883318	1826.5979546683084	1	0	1	1.8463455829331528
236200.0	2000.0	1626.5979546682372	0.0	0	208.00841763525386	1826.5979546683084	1	0	1	1.8463455829331519
237200.0	2000.0	1626.597954668234	0.0	0	111.82526332553243	1826.5979546683375	1	0	1	1.846345582933151
238200.0	2000.0	1626.5979546682424	0.0	0	143.97025131282862	1826.5979546683666	1	0	1	1.8463455829331497
239200.0	2000.0	1626.597954668224	0.0	0	239.00744377981755	1826.5979546683375	1	0	1	1.8463455829331499
240200.0	2000.0	1626.597954668252	0.0	0	297.0951393585128	1826.5979546683666	1	0	1	1.846345582933149
241200.0	3000.0	1626.5979546682763	0.0	0	266.80796910554636	1826.5979546683957	1	0	1	1.8463455829331483
242428.89600849935	6000.0	1397.7019461689301	0.0	0	0.0	1826.5979546683957	1	0	1	2.251810691041312
244342.001344864	6000.0	484.596609804261	0.0	0	0.0	1826.5979546683666	1	0	1	2.9449578716012588
245188.50467935388	2000.0	644.8142695675378	6.720994253174361	0	0.0	1833.3189489215438	1	0	1	0.7070044728226292
245971.10021057495	2000.0	862.2187383464966	0.0	0	0.0	1833.3189489215438	1	0	1	1.845942727009785
246810.46488757848	2000.0	1022.8540613429482	0.0	0	0.0	1833.3189489215438	1	0	1	1.845942727009785
247499.52996208123	2000.0	1333.7889868402428	0.0	0	0.0	1833.3189489215729	1	0	1	1.8459427270097835
248351.64088298776	2000.0	1481.6780659337069	0.0	0	0.0	1833.3189489215729	1	0	1	1.8459427270097835
249200.0	2000.0	1633.318948921461	0.0	0	375.18308218356105	1833.3189489215729	1	0	1	1.8459427270097835
250200.0	2000.0	1633.3189489214435	0.0	0	171.8110485264624	1833.3189489215438	1	0	1	1.845942727009784
251200.0	2000.0	1633.3189489214685	0.0	0	116.3705167316366	1833.3189489215729	1	0	1	1.8459427270097835
252200.0	2000.0	1633.3189489215042	0.0	0	250.6693144638557	1833.318948921602	1	0	1	1.8459427270097826
253200.0	2000.0	1633.318948921539	0.0	0	323.038363744854	1833.318948921631	1	0	1	1.8459427270097797
254820.68271123295	2000.0	1012.6362376886334	0.0	0	0.0	1833.318948921631	1	0	1	1.8459427270097797
255408.59235070288	2000.0	1424.7265982187068	0.0	0	0.0	1833.3189489216602	1	0	1	1.8459427270097781
256200.0	2000.0	1633.3189489215565	0.0	0	25.876402445603162	1833.3189489216602	1	0	1	1.8459427270097781
257200.0	2000.0	1633.318948921542	0.0	0	342.48236579768127	1833.318948921631	1	0	1	1.8459427270097797
258200.0	3000.0	1633.318948921514	0.0	0	285.45587793781306	1833.318948921631	1	0	1	1.84594272700978
259200.0	2000.0	1633.318948921499	0.0	0	338.9808965039265	1833.318948921602	1	0	1	1.4404776189016169
260200.0	3000.0	1633.3189489215101	0.0	0	197.91215562509024	1833.3189489215729	1	0	1	1.8459427270097823
261200.0	3000.0	1533.3189489215051	0.0	0	158.1190099643427	1733.3189489215729	1	0	2	1.8551783696156452
262427.4723166234	2000.0	1305.8466322981371	0.0	0	0.0	1733.3189489215729	1	0	1	1.246208588158342
263200.0	2000.0	1533.318948921525	0.0	0	40.49906516674673	1733.3189489215729	1	0	1	1.8516736962665077
264200.0	2000.0	1533.3189489215133	0.0	0	274.57795028638793	1733.3189489215729	1	0	1	1.8516736962665075
265229.4577775473	2000.0	1503.8611713742232	0.0	0	0.0	1733.318948921631	1	0	1	1.8516736962665041
266200.0	2000.0	1533.3189489215551	0.0	0	79.41589727479732	1733.3189489216893	1	0	1	1.8516736962665004
267200.0	2000.0	1533.3189489215476	0.0	0	231.07862587634008	1733.3189489217475	1	0	1	1.851673696266499
268200.0	2000.0	1533.3189489215358	0.0	0	322.2262302299496	1733.3189489216893	1	0	1	1.8516736962664986
269200.0	2000.0	1533.3189489215472	0.0	0	337.830713895848	1733.3189489217475	1	0	1	1.8516736962664972
270200.0	2000.0	1533.3189489215595	0.0	0	560.6613804280641	1733.3189489217475	1	0	1	1.8516736962664972
271200.0	2000.0	1533.3189489215017	0.0	0	327.0957448625704	1733.318948921631	1	0	1	1.8516736962665017
272200.0	2000.0	1533.3189489215001	0.0	0	256.8071602685377	1733.3189489216893	1	0	1	1.8516736962665021
273401.62578068767	2000.0	1331.693168233834	0.0	0	0.0	1733.3189489217475	1	0	1	1.8516736962664972
275099.8919136103	2000.0	633.4270353112266	0.0	0	0.0	1733.3189489218057	1	0	1	1.851673696266496
275947.87289819366	1000.0	785.446050727859	0.0	0	0.0	1733.3189489218057	1	0	1	0.4653793351466037
276618.3863593512	1000.0	1114.9325895703032	0.0	0	0.0	1733.3189489218057	1	0	1	1.1585265157065487
277220.2557187641	1000.0	1513.063230157468	0.0	0	0.0	1733.3189489218057	1	0	1	1.1585265157065487
278503.2798600252	2000.0	1230.0390888964102	0.0	0	0.0	1733.318948921864	1	0	1	1.1585265157065465
279365.0459521402	1000.0	1368.2729967814764	0.0	0	0.0	1733.3189489218057	1	0	1	0.4653793351466037
280200.0	2000.0	1533.3189489216097	0.0	0	59.72096881369362	1733.3189489217475	1	0	1	1.158526515706552
281331.5354580271	2000.0	1401.7834908944571	0.0	0	0.0	1733.3189489217475	1	0	1	1.8516736962664972
282637.2013916318	2000.0	1096.117557289716	0.0	0	0.0	1733.3189489217475	1	0	1	1.8516736962664972
284731.5130183439	2000.0	200.0	198.19406942230813	0	0.0	1931.5130183441215	1	0	1	0.6544275707154891
285438.7100751139	1000.0	628.2261016182456	135.4231583882824	0	0.0	2066.9361767324153	1	0	1	-0.36865255266321234
285969.9391177123	1000.0	1096.9970590198004	0.0	0	0.0	2066.9361767324735	1	0	1	1.1370335782264227
287033.637122021	2000.0	1033.2990547111235	0.0	0	0.0	2066.9361767324735	1	0	1	1.1370335782264225
288118.6825527507	2000.0	948.2536239814181	0.0	0	0.0	2066.9361767324735	1	0	1	1.8301807587863679
289331.19810523995	2000.0	735.738071492144	0.0	0	0.0	2066.9361767324735	1	0	1	1.8301807587863679
290527.33184548974	2000.0	539.6043312423459	0.0	0	0.0	2066.9361767324735	1	0	1	1.8301807587863679
291259.99358679814	1000.0	806.9425899339237	0.0	0	0.0	2066.9361767324735	1	0	1	0.4438863976664775
292089.43371171947	1000.0	977.5024650126467	0.0	0	0.0	2066.9361767324735	1	0	1	1.1370335782264227
293393.17561605637	2000.0	673.7605606756927	0.0	0	0.0	2066.9361767324735	1	0	1	1.1370335782264234
294160.40043655876	1000.0	906.5357401732826	0.0	0	0.0	2066.9361767325317	1	0	1	0.4438863976664739
294828.89738301677	1000.0	1238.038793715296	0.0	0	0.0	2066.9361767325317	1	0	1	1.1370335782264183
296039.3340227507	2000.0	1027.602153981336	0.0	0	0.0	2066.9361767324735	1	0	1	1.1370335782264198
296747.8137347926	1000.0	1319.122441939468	0.0	0	0.0	2066.9361767324735	1	0	1	0.4438863976664775
298130.8742266299	2000.0	936.0619501021092	0.0	0	0.0	2066.9361767324735	1	0	1	1.1370335782264225
298681.6753860355	1000.0	1385.2607906964536	0.0	0	0.0	2066.9361767324735	1	0	1	0.4438863976664775
299203.1148644498	1000.0	1863.8213122821608	0.0	0	0.0	2066.9361767324735	1	0	1	1.1370335782264227
300200.0	2000.0	1866.9361767319529	0.0	0	0.9358009722200222	2066.9361767325317	1	0	1	1.137033578226418
2.18	1.88	2.43	2.37	2.86	1.97	2.18	2.28	1.84	2.57	1.81	1.87	1.99	2.88	2.05	1.89	2.06	1.97	2.59	2.95	2.19	2.33	2.49	2.8	2.71	3.23	4.03	3.95	2.62	2.5	2.14	2.93	3.97	3.31	2.65	2.36	2.25	1.59	2.44	3.15	3.13	3.01	2.99	2.15	2.86	2.63	3.65	3.17	2.24	2.94	3.21	3.0	1.66	1.78	2.19	1.82	1.77	1.64	1.68	1.39	1.9	0.89	0.87	1.91	1.27	1.93	2.17	1.81	1.8	2.28	1.7	1.49	1.47	2.09	2.63	1.93	1.83	1.66	1.98	2.1	1.78	2.84	3.61	2.0	1.89	1.85	2.57	3.16	4.45	5.66	6.78	3.79	1.78	2.39	2.32	2.36	3.31	3.27	2.92	2.44	3.3	1.34	1.68	2.88	3.89	5.03	3.75	3.44	3.08	2.17	1.96	2.63	2.43	2.64	2.46	2.7	3.82	4.19	2.92	2.82	2.75	1.83	0.97	1.47	1.58	1.92	1.16	1.78	2.58	2.05	1.61	1.0	1.52	1.64	2.33	2.69	1.88	1.99	2.05	1.46	2.03	1.89	1.59	2.18	1.73	1.27	1.56	2.51	1.84	2.19	2.18	1.88	2.43	2.37	2.86	1.97	2.18	2.28	1.84	2.57	1.81	1.87	1.99	2.88	2.05	1.89	2.06	1.97	2.59	2.95	2.19	2.33	2.49	2.8	2.71	3.23	4.03	3.95	2.62	2.5	2.14	2.93	3.97	3.31	2.65	2.36	2.25	1.59	2.44	3.15	3.13	3.01	2.99	2.15	2.86	2.63	3.65	3.17	2.24	2.94	3.21	3.0	1.66	1.78	2.19	1.82	1.77	1.64	1.68	1.39	1.9	0.89	0.87	1.91	1.27	1.93	2.17	1.81	1.8	2.28	1.7	1.49	1.47	2.09	2.63	1.93	1.83	1.66	1.98	2.1	1.78	2.84	3.61	2.0	1.89	1.85	2.57	3.16	4.45	5.66	6.78	3.79	1.78	2.39	2.32	2.36	3.31	3.27	2.92	2.44	3.3	1.34	1.68	2.88	3.89	5.03	3.75	3.44	3.08	2.17	1.96	2.63	2.43	2.64	2.46	2.7	3.82	4.19	2.92	2.82	2.75	1.83	0.97	1.47	1.58	1.92	1.16	1.78	2.58	2.05	1.61	1.0	1.52	1.64	2.33	2.69	1.88	1.99	2.05	1.46	2.03	1.89	1.59	2.18	1.73	1.27	1.56	2.51	1.84	2.19	2.18	1.88
1.0	2.0	3.0	4.0	5.0	6.0	7.0	8.0	9.0	10.0	11.0	12.0	13.0	14.0	15.0	16.0	17.0	18.0	19.0	20.0	21.0	22.0	23.0	24.0	25.0	26.0	27.0	28.0	29.0	30.0	31.0	32.0	33.0	34.0	35.0	36.0	37.0	38.0	39.0	40.0	41.0	42.0	43.0	44.0	45.0	46.0	47.0	48.0	49.0	50.0	51.0	52.0	53.0	54.0	55.0	56.0	57.0	58.0	59.0	60.0	61.0	62.0	63.0	64.0	65.0	66.0	67.0	68.0	69.0	70.0	71.0	72.0	73.0	74.0	75.0	76.0	77.0	78.0	79.0	80.0	81.0	82.0	83.0	84.0	85.0	86.0	87.0	88.0	89.0	90.0	91.0	92.0	93.0	94.0	95.0	96.0	97.0	98.0	99.0	100.0	101.0	102.0	103.0	104.0	105.0	106.0	107.0	108.0	109.0	110.0	111.0	112.0	113.0	114.0	115.0	116.0	117.0	118.0	119.0	120.0	121.0	122.0	123.0	124.0	125.0	126.0	127.0	128.0	129.0	130.0	131.0	132.0	133.0	134.0	135.0	136.0	137.0	138.0	139.0	140.0	141.0	142.0	143.0	144.0	145.0	146.0	147.0	148.0	149.0	149.0	150.0	151.0	152.0	153.0	154.0	155.0	156.0	157.0	158.0	159.0	160.0	161.0	162.0	163.0	164.0	165.0	166.0	167.0	168.0	169.0	170.0	171.0	172.0	173.0	174.0	175.0	176.0	177.0	178.0	179.0	180.0	181.0	182.0	183.0	184.0	185.0	186.0	187.0	188.0	189.0	190.0	191.0	192.0	193.0	194.0	195.0	196.0	197.0	198.0	199.0	200.0	201.0	202.0	203.0	204.0	205.0	206.0	207.0	208.0	209.0	210.0	211.0	212.0	213.0	214.0	215.0	216.0	217.0	218.0	219.0	220.0	221.0	222.0	223.0	224.0	225.0	226.0	227.0	228.0	229.0	230.0	231.0	232.0	233.0	234.0	235.0	236.0	237.0	238.0	239.0	240.0	241.0	242.0	243.0	244.0	245.0	246.0	247.0	248.0	249.0	250.0	251.0	252.0	253.0	254.0	255.0	256.0	257.0	258.0	259.0	260.0	261.0	262.0	263.0	264.0	265.0	266.0	267.0	268.0	269.0	270.0	271.0	272.0	273.0	274.0	275.0	276.0	277.0	278.0	279.0	280.0	281.0	282.0	283.0	284.0	285.0	286.0	287.0	288.0	289.0	290.0	291.0	292.0	293.0	294.0	295.0	296.0	297.0	298.0	298.0	299.0	300.0
2819.6536743270876
