4146.422589724948	300.0	2000.0	177.26921897365662	0	0.0	4146.422589724948	1	0	1	-1.578876197033152
4856.667394810263	2000.0	2289.7551949146837	0.0	0	0.0	4146.422589724947	1	0	1	-0.531923167170826
5709.164786205803	2000.0	2352.0080643795905	0.0	0	0.0	4061.1728505853935	1	0	2	0.9940861100070948
7160.696404321628	2000.0	1755.3232844521829	0.0	0	0.0	3916.0196887738107	1	0	2	1.2520061490102228
8808.910591326265	2000.0	942.287678747081	0.0	0	0.0	3751.198270073345	1	0	2	1.307243083181294
9674.364359087529	1000.0	1076.8339109858161	0.0	0	0.0	3751.198270073345	1	0	1	-0.061095384974949984
10642.76795693547	1000.0	1108.4303131378756	0.0	0	0.0	3751.198270073345	1	0	1	0.8320517955849953
11131.786181954387	1000.0	1619.4120881189576	0.0	0	0.0	3751.1982700733442	1	0	1	0.8320517955849952
12348.837558814681	2000.0	1280.6555735726317	0.0	0	0.0	3629.4931323873134	1	0	2	0.46313544612737345
13577.3191566385	2000.0	929.3258159664326	0.0	0	0.0	3506.644972604934	1	0	2	1.391767381343896
14480.154975927968	1000.0	1026.4899966769651	0.0	0	0.0	3506.644972604936	1	0	1	0.015414787572577637
15180.829309741357	1000.0	1325.8156628635763	0.0	0	0.0	3506.644972604936	1	0	1	0.908561968132523
16032.463033640497	1000.0	1474.1819389644363	0.0	0	0.0	3506.644972604936	1	0	1	0.908561968132523
16965.122853612906	1000.0	1541.522118992025	0.0	0	0.0	3506.644972604934	1	0	1	0.9085619681325235
18469.392071892937	2000.0	886.8259788839935	0.0	0	0.0	3356.2180507769335	1	0	2	0.5348411954971279
18855.96886904222	500.0	1500.24918173471	0.0	0	0.0	3356.2180507769317	1	0	1	-1.3310714108013542
19526.784428182622	1000.0	1829.433622594308	0.0	0	0.0	3356.2180507769317	1	0	1	0.25522295031853703
20590.194060866128	2000.0	1766.023989910802	0.0	0	0.0	3356.2180507769335	1	0	1	0.948370130878482
21868.65165102665	2000.0	1487.5663997502827	0.0	0	0.0	3356.2180507769335	1	0	1	1.6415173114384272
23086.643496198285	1000.0	1269.5745545786433	0.0	0	0.0	3356.2180507769335	1	0	1	0.2552229503185369
23719.323176971102	1000.0	1636.8948738058266	0.0	0	0.0	3356.2180507769335	1	0	1	0.9483701308784821
25144.331637963107	1000.0	1211.8864128138266	0.0	0	0.0	3356.2180507769335	1	0	1	0.9483701308784821
26112.734046714893	1000.0	1243.4840040620397	0.0	0	0.0	3356.2180507769335	1	0	1	0.9483701308784821
26739.632685562272	1000.0	1616.5853652146557	0.0	0	0.0	3356.21805077693	1	0	1	0.948370130878483
27407.75460345106	1000.0	1948.463447325866	0.0	0	0.0	3356.21805077693	1	0	1	0.948370130878483
28141.971109062695	1000.0	2214.2469417142283	0.0	0	0.0	3356.2180507769262	1	0	1	0.948370130878484
29088.612430893718	1000.0	2267.6056198832052	0.0	0	0.0	3356.2180507769262	1	0	1	0.948370130878484
30306.52151461925	1000.0	2049.696536157676	0.0	0	0.0	3356.2180507769262	1	0	1	0.948370130878484
31034.53855685277	1000.0	2321.679493924159	0.0	0	0.0	3356.2180507769262	1	0	1	0.948370130878484
32149.329374691824	2000.0	2095.409594301198	0.0	0	0.0	3244.7389689930133	1	0	2	0.5690444869675064
33887.52228017606	2000.0	1357.2166888169672	0.0	0	0.0	3244.7389689930205	1	0	1	1.4678496228902889
35442.535997295054	1000.0	802.2029716979741	0.0	0	0.0	3244.738968993017	1	0	1	0.2815552617703979
35915.50279368828	500.0	1329.2361753047398	0.0	0	0.0	3244.7389689930096	1	0	1	-0.41159191878954615
36790.346857917546	1000.0	1454.3921110754827	0.0	0	0.0	3244.7389689930133	1	0	1	0.2815552617703988
37372.63037717735	1000.0	1872.1085918156728	0.0	0	0.0	3244.7389689930133	1	0	1	0.9747024423303442
38214.41100698721	1000.0	2030.3279620058167	0.0	0	0.0	3244.7389689930133	1	0	1	0.9747024423303442
39114.863637952076	1000.0	2129.875331040956	0.0	0	0.0	3244.7389689930133	1	0	1	0.9747024423303442
39945.6379777933	1000.0	2299.100991199724	0.0	0	0.0	3244.7389689930133	1	0	1	0.9747024423303442
40929.270049199215	2000.0	2315.468919793812	0.0	0	0.0	3244.7389689930133	1	0	1	0.9747024423303443
41844.113318887714	2000.0	2400.625650105309	0.0	0	0.0	3244.7389689930205	1	0	1	1.6678496228902877
43793.69529768996	2000.0	1451.0436713030606	0.0	0	0.0	3244.7389689930205	1	0	1	1.6678496228902877
44261.253519878854	1000.0	1983.4854491141696	0.0	0	0.0	3244.7389689930205	1	0	1	0.28155526177039747
45383.753863099824	2000.0	1860.9851058932031	0.0	0	0.0	3244.7389689930205	1	0	1	0.9747024423303426
46570.78759608971	2000.0	1673.951372903325	0.0	0	0.0	3244.7389689930205	1	0	1	1.6678496228902877
47123.953907423675	1000.0	2120.7850615693515	0.0	0	0.0	3244.7389689930205	1	0	1	0.28155526177039747
48710.77786001678	2000.0	1533.9611089762466	0.0	0	0.0	3244.7389689930205	1	0	1	0.9747024423303426
49956.44548443878	1000.0	1288.2934845542427	0.0	0	0.0	3244.7389689930133	1	0	1	0.281555261770399
50376.98882660978	1000.0	1867.7501423832455	0.0	0	0.0	3244.7389689930133	1	0	1	0.9747024423303442
51531.46791109313	2000.0	1713.271057899892	0.0	0	0.0	3244.7389689930133	1	0	1	0.9747024423303443
52315.19727413295	1000.0	1929.5416948600712	0.0	0	0.0	3244.7389689930133	1	0	1	0.281555261770399
52976.074824689844	1000.0	2268.6641443031804	0.0	0	0.0	3244.7389689930133	1	0	1	0.9747024423303442
54726.314714639404	2000.0	1518.424254353623	0.0	0	0.0	3244.738968993006	1	0	1	0.9747024423303456
55760.48688946336	1000.0	1484.2520795296607	0.0	0	0.0	3244.738968993006	1	0	1	0.2815552617704007
56462.984805113985	1000.0	1781.7541638790387	0.0	0	0.0	3244.738968993006	1	0	1	0.9747024423303459
57520.30683916055	2000.0	1724.4321298324755	0.0	0	0.0	3244.738968993006	1	0	1	0.9747024423303456
58380.35416230058	1000.0	1864.3848066924493	0.0	0	0.0	3244.738968993006	1	0	1	0.2815552617704007
59297.97517171633	1000.0	1946.7637972766995	0.0	0	0.0	3244.738968993006	1	0	1	0.9747024423303459
60113.2458991154	1000.0	2131.4930698776307	0.0	0	0.0	3244.738968993006	1	0	1	0.9747024423303459
61421.62490829234	2000.0	1823.1140607006905	0.0	0	0.0	3244.738968993006	1	0	1	0.9747024423303456
62617.08531926116	1000.0	1627.6536497318746	0.0	0	0.0	3244.738968993006	1	0	1	0.2815552617704007
63428.264215560455	1000.0	1816.4747534325845	0.0	0	0.0	3244.738968993006	1	0	1	0.9747024423303459
64009.07943821275	1000.0	2235.659530780288	0.0	0	0.0	3244.738968993006	1	0	1	0.9747024423303459
65578.35050147044	2000.0	1666.3884675225877	0.0	0	0.0	3244.738968993006	1	0	1	0.9747024423303456
66222.9302228466	1000.0	2021.8087461464193	0.0	0	0.0	3244.738968992984	1	0	1	0.28155526177040396
66893.94839313405	2000.0	2350.7905758589786	0.0	0	0.0	3244.7389689929914	1	0	1	0.9747024423303503
68313.7825386779	2000.0	1930.9564303151315	0.0	0	0.0	3244.7389689929987	1	0	1	1.6678496228902933
69519.69389530446	2000.0	1725.0450736885696	0.0	0	0.0	3244.7389689929987	1	0	1	1.6678496228902926
70093.77548173752	1000.0	2150.963487255508	0.0	0	0.0	3244.7389689929987	1	0	1	0.28155526177040224
71653.32903600417	2000.0	1591.409932988849	0.0	0	0.0	3244.7389689929987	1	0	1	0.9747024423303474
72201.24910029458	1000.0	2043.4898686984416	0.0	0	0.0	3244.738968992984	1	0	1	0.2815552617704057
73779.9785167978	2000.0	1464.760452195216	0.0	0	0.0	3244.738968992984	1	0	1	0.9747024423303507
74707.56971624309	1000.0	1537.169252749922	0.0	0	0.0	3244.738968992984	1	0	1	0.2815552617704057
75507.66783162579	1000.0	1737.071137367228	0.0	0	0.0	3244.738968992984	1	0	1	0.9747024423303509
76540.44813123373	1000.0	1704.2908377592871	0.0	0	0.0	3244.738968992984	1	0	1	0.9747024423303509
77326.23084653929	1000.0	1918.5081224537241	0.0	0	0.0	3244.738968992984	1	0	1	0.9747024423303509
77904.7318231698	1000.0	2340.007145823187	0.0	0	0.0	3244.738968992984	1	0	1	0.9747024423303509
79248.86935378617	2000.0	1995.8696152068192	0.0	0	0.0	3244.738968992984	1	0	1	0.9747024423303507
80164.4768304254	1000.0	2080.262138567592	0.0	0	0.0	3244.7389689929696	1	0	1	0.2815552617704088
81573.3130241226	2000.0	1671.42594487038	0.0	0	0.0	3244.7389689929696	1	0	1	0.9747024423303541
82465.74880767438	1000.0	1778.990161318604	0.0	0	0.0	3244.738968992955	1	0	1	0.28155526177041224
83114.63251241937	1000.0	2130.1064565736024	0.0	0	0.0	3244.738968992955	1	0	1	0.9747024423303574
84122.37759255177	1000.0	2122.3613764411953	0.0	0	0.0	3244.738968992955	1	0	1	0.9747024423303574
85376.12192418196	1000.0	1868.617044810985	0.0	0	0.0	3244.738968992955	1	0	1	0.9747024423303574
86134.1385398508	1000.0	2110.6004291421314	0.0	0	0.0	3244.738968992955	1	0	1	0.9747024423303574
86983.42263186464	1000.0	2261.316337128284	0.0	0	0.0	3244.738968992955	1	0	1	0.9747024423303574
88054.1408174249	1000.0	2190.598151568016	0.0	0	0.0	3244.738968992955	1	0	1	0.9747024423303574
88978.5033576045	1000.0	2266.2356113884234	0.0	0	0.0	3244.7389689929405	1	0	1	0.9747024423303606
90216.22397259419	2000.0	1904.7429348997634	0.0	0	0.0	3120.9669074939884	1	0	2	0.5945468839536154
91028.08621261113	1000.0	2092.880694882832	0.0	0	0.0	3120.9669074939884	1	0	1	0.10791684397524187
92241.35066093093	2000.0	1879.6162465630175	0.0	0	0.0	3120.9669074939884	1	0	1	1.0010640245351872
93676.16709019893	2000.0	1444.7998172950186	0.0	0	0.0	3120.9669074939884	1	0	1	1.6942112050951326
94575.16565740763	1000.0	1545.8012500863101	0.0	0	0.0	3120.9669074939884	1	0	1	0.3079168439752421
95439.75667544507	1000.0	1681.2102320488873	0.0	0	0.0	3120.9669074939884	1	0	1	1.0010640245351872
96492.12962442925	1000.0	1628.8372830647127	0.0	0	0.0	3120.966907494003	1	0	1	1.0010640245351845
97165.43834181044	1000.0	1955.528565683507	0.0	0	0.0	3120.966907494003	1	0	1	1.0010640245351845
98046.32603808523	1000.0	2074.6408694087304	0.0	0	0.0	3120.966907494003	1	0	1	1.0010640245351845
99355.08168232396	1000.0	1765.8852251700132	0.0	0	0.0	3120.9669074940175	1	0	1	1.0010640245351814
100270.57222098422	1000.0	1850.3946865097494	0.0	0	0.0	3120.9669074940175	1	0	1	1.0010640245351814
100923.32684987625	1000.0	2197.640057617707	0.0	0	0.0	3120.9669074940175	1	0	1	1.0010640245351814
102099.6086586105	2000.0	2021.3582488834554	0.0	0	0.0	3120.9669074940175	1	0	1	1.0010640245351814
103267.62454112823	2000.0	1853.3423663657386	0.0	0	0.0	3120.9669074940175	1	0	1	1.6942112050951266
103992.73529023919	1000.0	2128.2316172547758	0.0	0	0.0	3120.9669074940175	1	0	1	0.30791684397523633
104760.6871388641	1000.0	2360.2797686298586	0.0	0	0.0	3120.9669074940175	1	0	1	1.0010640245351814
105650.31301319688	1000.0	2470.653894297067	0.0	0	0.0	3120.9669074940175	1	0	1	1.0010640245351814
106223.95145454099	1000.0	2897.0154529529514	0.0	0	0.0	3120.9669074940175	1	0	1	1.0010640245351814
107200.0	2000.0	2920.9669074939666	0.0	0	61.99311506883532	3120.9669074940175	1	0	1	1.0010640245351814
108200.0	2000.0	2920.966907493953	0.0	0	133.24071091788937	3120.966907494003	1	0	1	1.6942112050951295
109893.19122151255	2000.0	2227.775685981406	0.0	0	0.0	3120.966907494003	1	0	1	1.6942112050951295
111071.64770583005	2000.0	2049.3192016639146	0.0	0	0.0	3120.966907494003	1	0	1	1.6942112050951295
111983.44473247006	2000.0	2137.5221750238975	0.0	0	0.0	3120.966907494003	1	0	1	1.6942112050951295
113020.34196851224	2000.0	2100.6249389817235	0.0	0	0.0	3120.966907494003	1	0	1	1.6942112050951295
114260.71243855915	2000.0	1860.2544689348094	0.0	0	0.0	3120.9669074940175	1	0	1	1.6942112050951266
115746.53932065076	2000.0	1374.4275868431812	0.0	0	0.0	3120.966907494003	1	0	1	1.6942112050951295
116457.3224704323	1000.0	1663.6444370616439	0.0	0	0.0	3120.966907494003	1	0	1	0.3079168439752392
117245.84360814698	1000.0	1875.1232993469391	0.0	0	0.0	3120.966907494003	1	0	1	1.0010640245351845
117882.23418493866	1000.0	2238.732722555274	0.0	0	0.0	3120.9669074940175	1	0	1	1.0010640245351814
119052.07761838078	2000.0	2068.8892891131495	0.0	0	0.0	3120.9669074940175	1	0	1	1.0010640245351814
120563.12241448608	2000.0	1557.8444930078463	0.0	0	0.0	3120.9669074940175	1	0	1	1.6942112050951266
121323.70677661679	1000.0	1797.260130877139	0.0	0	0.0	3120.9669074940175	1	0	1	0.30791684397523633
122193.07102275659	1000.0	1927.895884737342	0.0	0	0.0	3120.966907494003	1	0	1	1.0010640245351845
123002.5074930372	1000.0	2118.4594144567263	0.0	0	0.0	3120.966907494003	1	0	1	1.0010640245351845
123859.39688450834	1000.0	2261.5700229856034	0.0	0	0.0	3120.966907494003	1	0	1	1.0010640245351845
124725.04528424708	1000.0	2395.9216232468675	0.0	0	0.0	3120.966907494003	1	0	1	1.0010640245351845
125755.47695525865	2000.0	2365.489952235301	0.0	0	0.0	3120.966907494003	1	0	1	1.0010640245351843
127889.2259056793	2000.0	1231.741001814648	0.0	0	0.0	3120.966907494003	1	0	1	1.6942112050951295
128598.9746924179	1000.0	1521.9922150760456	0.0	0	0.0	3120.966907494003	1	0	1	0.3079168439752392
129133.13309731091	1000.0	1987.8338101830454	0.0	0	0.0	3120.966907494003	1	0	1	1.0010640245351845
130014.10169122796	2000.0	2106.865216266008	0.0	0	0.0	3120.966907494003	1	0	1	1.0010640245351843
130778.52229618534	2000.0	2342.444611308632	0.0	0	0.0	3120.966907494003	1	0	1	1.6942112050951295
132183.45249785893	2000.0	1937.5144096350402	0.0	0	0.0	3120.9669074939884	1	0	1	1.6942112050951326
133334.22275330403	2000.0	1786.7441541899577	0.0	0	0.0	3120.9669074939884	1	0	1	1.6942112050951308
134761.54726176965	2000.0	1359.4196457243502	0.0	0	0.0	3120.966907494003	1	0	1	1.6942112050951295
135464.39385062963	1000.0	1656.5730568643949	0.0	0	0.0	3120.966907494003	1	0	1	0.3079168439752392
136503.81095467994	2000.0	1617.155952814089	0.0	0	0.0	3120.966907494003	1	0	1	1.0010640245351843
137259.67119118577	2000.0	1861.2957163082494	0.0	0	0.0	3120.966907494032	1	0	1	1.6942112050951237
138009.0492354214	2000.0	2111.9176720726045	0.0	0	0.0	3120.966907494032	1	0	1	1.6942112050951237
140493.70982556796	2000.0	627.2570819260642	0.0	0	0.0	3120.966907494032	1	0	1	1.6942112050951237
141126.99545499872	1000.0	993.9714524952889	0.0	0	0.0	3120.966907494032	1	0	1	0.3079168439752333
141897.75941351446	1000.0	1223.207493979557	0.0	0	0.0	3120.966907494032	1	0	1	1.0010640245351785
142783.16905338227	1000.0	1337.7978541117484	0.0	0	0.0	3120.966907494032	1	0	1	1.0010640245351785
143388.19688536972	1000.0	1732.7700221243217	0.0	0	0.0	3120.966907494032	1	0	1	1.0010640245351785
144752.34766818158	2000.0	1368.6192393124657	0.0	0	0.0	3120.966907494032	1	0	1	1.0010640245351783
145252.29427490337	1000.0	1868.6726325906654	0.0	0	0.0	3120.966907494032	1	0	1	0.3079168439752333
146466.64123515954	2000.0	1654.3256723345062	0.0	0	0.0	3120.966907494061	1	0	1	1.0010640245351725
147898.94209257685	2000.0	1222.024814917232	0.0	0	0.0	3120.966907494061	1	0	1	1.6942112050951177
148753.2174309143	1000.0	1367.7494765797821	0.0	0	0.0	3120.966907494032	1	0	1	0.3079168439752333
149479.93959656332	1000.0	1641.027310930757	0.0	0	0.0	3120.966907494032	1	0	1	1.0010640245351785
150216.553682446	1000.0	1904.4132250480225	0.0	0	0.0	3120.966907494032	1	0	1	1.0010640245351785
151597.22485816723	2000.0	1523.742049326821	0.0	0	0.0	3120.966907494032	1	0	1	1.0010640245351783
152302.86544447357	1000.0	1818.101463020438	0.0	0	0.0	3120.966907494032	1	0	1	0.3079168439752333
153251.2001678939	2000.0	1869.7667396001154	0.0	0	0.0	3120.966907494061	1	0	1	1.0010640245351725
154305.15464013044	2000.0	1815.8122673635617	0.0	0	0.0	3120.966907494061	1	0	1	1.6942112050951177
155096.02886233106	2000.0	2024.9380451629468	0.0	0	0.0	3120.966907494061	1	0	1	1.6942112050951177
156230.87195956145	2000.0	1890.0949479325416	0.0	0	0.0	3120.9669074940903	1	0	1	1.694211205095113
157768.59973029082	2000.0	1352.3671772031553	0.0	0	0.0	3120.9669074940903	1	0	1	1.694211205095112
158489.68655102278	1000.0	1631.2803564711844	0.0	0	0.0	3120.9669074940903	1	0	1	0.3079168439752216
159079.53301896344	1000.0	2041.4338885304846	0.0	0	0.0	3120.966907494061	1	0	1	1.0010640245351714
159789.83909683287	1000.0	2331.1278106610025	0.0	0	0.0	3120.966907494061	1	0	1	1.0010640245351725
160246.7655045772	1000.0	2874.2014029167035	0.0	0	0.0	3120.966907494061	1	0	1	1.0010640245351725
161439.3911607449	2000.0	2681.575746749003	0.0	0	0.0	3120.966907494061	1	0	1	1.0010640245351725
162420.71319110424	2000.0	2700.2537163896554	0.0	0	0.0	3120.966907494061	1	0	1	1.6942112050951177
164045.91616523947	2000.0	2075.0507422544197	0.0	0	0.0	3120.966907494032	1	0	1	1.6942112050951237
165541.57489098777	2000.0	1579.3920165060622	0.0	0	0.0	3120.966907493974	1	0	1	1.694211205095133
166058.81870644994	1000.0	2062.1482010438995	0.0	0	0.0	3120.966907493974	1	0	1	0.3079168439752451
166975.53356159476	2000.0	2145.433345899074	0.0	0	0.0	3120.9669074939447	1	0	1	1.001064024535196
168039.37921668869	1000.0	2081.587690805155	0.0	0	0.0	3120.9669074939156	1	0	1	0.30791684397525443
169088.8131934199	2000.0	2032.1537140739279	0.0	0	0.0	3120.9669074938865	1	0	1	1.0010640245352078
170057.54345503228	2000.0	2063.4234524615304	0.0	0	0.0	3120.9669074938574	1	0	1	1.6942112050951552
171998.75965833393	2000.0	1122.2072491598929	0.0	0	0.0	3120.9669074938574	1	0	1	1.6942112050951588
172722.35209614094	1000.0	1398.6148113528893	0.0	0	0.0	3120.9669074938574	1	0	1	0.30791684397526853
173992.9640745848	1000.0	1128.002832909017	0.0	0	0.0	3120.9669074938283	1	0	1	1.001064024535216
175077.50790364362	1000.0	1043.4590038502015	0.0	0	0.0	3120.9669074938283	1	0	1	1.0010640245352196
175692.73703137628	1000.0	1428.2298761175427	0.0	0	0.0	3120.966907493799	1	0	1	1.0010640245352254
176286.89922727647	1000.0	1834.0676802173466	0.0	0	0.0	3120.96690749377	1	0	1	1.0010640245352314
177114.92337468022	1000.0	2006.0435328136234	0.0	0	0.0	3120.966907493799	1	0	1	1.0010640245352254
178036.8903871107	1000.0	2084.076520383137	0.0	0	0.0	3120.966907493799	1	0	1	1.0010640245352254
178819.48608818243	1000.0	2301.4808193114227	0.0	0	0.0	3120.966907493799	1	0	1	1.0010640245352254
179604.80561786456	1000.0	2516.1612896292454	0.0	0	0.0	3120.966907493799	1	0	1	1.0010640245352254
180231.38981688043	1000.0	2889.5770906133766	0.0	0	0.0	3120.966907493799	1	0	1	1.0010640245352254
181384.51627482122	2000.0	2736.4506326725796	0.0	0	0.0	3120.9669074938283	1	0	1	1.0010640245352196
183632.76630069522	2000.0	1488.200606798613	0.0	0	0.0	3120.9669074938283	1	0	1	1.6942112050951645
184826.1283402255	1000.0	1294.8385672683344	0.0	0	0.0	3120.9669074938283	1	0	1	0.30791684397527436
186047.7524258976	1000.0	1073.2144815962483	0.0	0	0.0	3120.9669074938283	1	0	1	1.0010640245352196
186764.40182954705	1000.0	1356.5650779468117	0.0	0	0.0	3120.9669074938283	1	0	1	1.0010640245352196
187391.87551139382	1000.0	1729.091396100047	0.0	0	0.0	3120.9669074938283	1	0	1	1.0010640245352196
188112.42727252797	1000.0	2008.5396349658822	0.0	0	0.0	3120.966907493799	1	0	1	1.0010640245352254
188854.8951106898	1000.0	2266.0717968040867	0.0	0	0.0	3120.966907493799	1	0	1	1.0010640245352254
190104.61928486192	2000.0	2016.3476226319497	0.0	0	0.0	3120.96690749377	1	0	1	1.001064024535229
192382.89211907503	2000.0	738.0747884188269	0.0	0	0.0	3120.966907493799	1	0	1	1.694211205095174
192803.9526358493	500.0	1317.0142716445541	0.0	0	0.0	3120.966907493799	1	0	1	-1.0783775171446108
193509.6619480956	1000.0	1611.3049593982287	0.0	0	0.0	3120.966907493799	1	0	1	0.30791684397527996
194587.8707353312	2000.0	1533.0961721626293	0.0	0	0.0	3120.9669074938283	1	0	1	1.0010640245352196
195738.37085293094	2000.0	1382.5960545628793	0.0	0	0.0	3120.966907493799	1	0	1	1.6942112050951705
196233.88120046665	1000.0	1887.0857070271616	0.0	0	0.0	3120.966907493799	1	0	1	0.3079168439752802
197134.93148190313	2000.0	1986.0354255907027	0.0	0	0.0	3120.96690749377	1	0	1	1.001064024535229
199202.81883614673	2000.0	918.1480713470952	0.0	0	0.0	3120.96690749377	1	0	1	1.6942112050951763
199917.3107538528	1000.0	1203.6561536410497	0.0	0	0.0	3120.96690749377	1	0	1	0.30791684397528607
200598.35998871786	1000.0	1522.6069187759765	0.0	0	0.0	3120.96690749377	1	0	1	1.0010640245352314
201494.36433849818	1000.0	1626.602568995638	0.0	0	0.0	3120.96690749377	1	0	1	1.0010640245352314
202040.51323056384	1000.0	2080.4536769299743	0.0	0	0.0	3120.96690749377	1	0	1	1.0010640245352314
203073.26696684628	2000.0	2047.6999406475188	0.0	0	0.0	3120.96690749377	1	0	1	1.0010640245352311
203822.11767235262	1000.0	2298.849235141147	0.0	0	0.0	3120.966907493712	1	0	1	0.30791684397529306
205064.17332296242	2000.0	2056.793584531367	0.0	0	0.0	3120.966907493712	1	0	1	1.0010640245352427
206203.29763081195	2000.0	1803.7568458968492	0.0	0	0.0	3007.054476708756	1	0	2	1.310357447449587
206802.6819131585	1000.0	2204.3725635502715	0.0	0	0.0	3007.054476708756	1	0	1	0.12973375520081115
207907.25167314158	2000.0	2099.802803567208	0.0	0	0.0	3007.0544767087267	1	0	1	1.0228809357607618
209556.8034641361	2000.0	1450.2510125727151	0.0	0	0.0	3007.0544767086976	1	0	1	1.7160281163207114
210415.30551577423	1000.0	1591.7489609345491	0.0	0	0.0	3007.0544767086685	1	0	1	0.32973375520082715
211819.4607178742	1000.0	1187.5937588345807	0.0	0	0.0	3007.0544767086685	1	0	1	1.0228809357607722
212680.00473190408	1000.0	1327.049744804717	0.0	0	0.0	3007.0544767086685	1	0	1	1.0228809357607722
213247.03148125604	1000.0	1760.0229954527433	0.0	0	0.0	3007.0544767086685	1	0	1	1.0228809357607722
213913.14731328737	1000.0	2093.9071634214297	0.0	0	0.0	3007.0544767086685	1	0	1	1.0228809357607722
215390.0184044752	2000.0	1617.036072233597	0.0	0	0.0	3007.0544767086685	1	0	1	1.0228809357607722
216462.28203150633	2000.0	1544.7724452024486	0.0	0	0.0	3007.0544767086685	1	0	1	1.7160281163207176
218067.43196965897	2000.0	939.6225070498269	0.0	0	0.0	3007.0544767086685	1	0	1	1.7160281163207176
218678.38626489768	1000.0	1328.668211811105	0.0	0	0.0	3007.0544767086976	1	0	1	0.32973375520082193
219387.50044666513	1000.0	1619.5540300436312	0.0	0	0.0	3007.0544767086976	1	0	1	1.022880935760767
220843.89098617499	2000.0	1163.1634905338085	0.0	0	0.0	3007.054476708756	1	0	1	1.0228809357607607
221461.51750378963	1000.0	1545.5369729191711	0.0	0	0.0	3007.054476708756	1	0	1	0.3297337552008113
222117.32363497445	1000.0	1889.7308417343443	0.0	0	0.0	3007.054476708756	1	0	1	1.0228809357607564
223654.1949152609	2000.0	1352.8595614479132	0.0	0	0.0	3007.054476708785	1	0	1	1.0228809357607513
224342.96201740918	1000.0	1664.0924592996084	0.0	0	0.0	3007.054476708785	1	0	1	0.32973375520080594
225008.61862193147	1000.0	1998.4358547773331	0.0	0	0.0	3007.054476708785	1	0	1	1.0228809357607511
225949.66960272676	1000.0	2057.384873982061	0.0	0	0.0	3007.054476708814	1	0	1	1.0228809357607491
227305.1361133176	2000.0	1701.9183633912437	0.0	0	0.0	3007.054476708814	1	0	1	1.022880935760746
228614.13471945384	2000.0	1392.9197572550106	0.0	0	0.0	3007.054476708814	1	0	1	1.7160281163206912
229446.38165889558	1000.0	1560.672817813269	0.0	0	0.0	3007.054476708785	1	0	1	0.32973375520080594
230534.1657536605	1000.0	1472.8887230483465	0.0	0	0.0	3007.054476708785	1	0	1	1.0228809357607511
231370.14512210208	1000.0	1636.9093546067236	0.0	0	0.0	3007.054476708814	1	0	1	1.0228809357607458
232041.81834945368	1000.0	1965.236127255148	0.0	0	0.0	3007.054476708814	1	0	1	1.0228809357607458
232973.14472010583	1000.0	2033.9097566029957	0.0	0	0.0	3007.054476708814	1	0	1	1.0228809357607427
234112.24993976674	1000.0	1894.8045369420904	0.0	0	0.0	3007.054476708814	1	0	1	1.0228809357607458
235171.7001193787	1000.0	1835.3543573301536	0.0	0	0.0	3007.054476708814	1	0	1	1.0228809357607458
236081.01961536345	1000.0	1926.034861345382	0.0	0	0.0	3007.054476708814	1	0	1	1.0228809357607458
236789.11431238402	1000.0	2217.9401643248452	0.0	0	0.0	3007.054476708814	1	0	1	1.02288093576075
237925.6475051206	1000.0	2081.406971588265	0.0	0	0.0	3007.054476708814	1	0	1	1.0228809357607458
238490.01890479933	1000.0	2517.03557190952	0.0	0	0.0	3007.054476708814	1	0	1	1.0228809357607458
239847.80831304827	2000.0	2159.2461636605804	0.0	0	0.0	3007.054476708843	1	0	1	1.0228809357607405
241101.66854255792	2000.0	1905.3859341509385	0.0	0	0.0	3007.0544767088722	1	0	1	1.7160281163206825
242362.5120400157	2000.0	1644.5424366931502	0.0	0	0.0	3007.054476708843	1	0	1	1.7160281163206836
243277.0255311119	1000.0	1730.028945596937	0.0	0	0.0	3007.054476708843	1	0	1	0.3297337552007953
244284.81298707938	1000.0	1722.2414896294301	0.0	0	0.0	3007.054476708814	1	0	1	1.0228809357607458
245495.20761040947	1000.0	1511.846866299327	0.0	0	0.0	3007.054476708814	1	0	1	1.0228809357607458
246169.1451186649	1000.0	1837.9093580439007	0.0	0	0.0	3007.054476708814	1	0	1	1.0228809357607458
246969.8129735359	1000.0	2037.2415031728503	0.0	0	0.0	3007.054476708785	1	0	1	1.0228809357607511
248403.21503871173	1000.0	1603.839437997031	0.0	0	0.0	3007.054476708756	1	0	1	1.0228809357607564
249341.7814096271	1000.0	1665.2730670816993	0.0	0	0.0	3007.054476708756	1	0	1	1.0228809357607564
250001.99275130566	1000.0	2005.0617254031256	0.0	0	0.0	3007.054476708785	1	0	1	1.0228809357607511
250837.03798101586	2000.0	2170.016495692908	0.0	0	0.0	3007.054476708756	1	0	1	1.0228809357607564
251545.0639575312	2000.0	2461.9905191775892	0.0	0	0.0	3007.054476708756	1	0	1	1.7160281163207016
253015.03168456478	2000.0	1992.0227921439969	0.0	0	0.0	3007.0544767087267	1	0	1	1.716028116320707
254143.58338566517	1000.0	1863.471091043583	0.0	0	0.0	3007.0544767087267	1	0	1	0.3297337552008165
254996.65829142666	1000.0	2010.396185282128	0.0	0	0.0	3007.0544767087267	1	0	1	1.0228809357607618
256093.6735109508	2000.0	1803.679443805588	0.0	0	0.0	2897.352954756294	1	0	2	0.6379490483575908
256711.51931274412	2000.0	2185.8336420122855	0.0	0	0.0	2897.352954756294	1	0	1	1.5350176820005061
257825.84580746293	2000.0	2071.5071472934596	0.0	0	0.0	2897.352954756294	1	0	1	1.7350176820005063
259134.15426220628	2000.0	1763.1986925501028	0.0	0	0.0	2897.352954756294	1	0	1	1.735017682000508
260004.20311131407	1000.0	1893.1498434423077	0.0	0	0.0	2897.352954756352	1	0	1	0.3487233208806086
261046.70421583924	2000.0	1850.6487389171284	0.0	0	0.0	2897.352954756294	1	0	1	1.0418705014405594
262346.3874840622	2000.0	1550.9654706941997	0.0	0	0.0	2897.352954756265	1	0	1	1.7350176820005074
263087.2719099446	1000.0	1810.0810448117877	0.0	0	0.0	2897.352954756265	1	0	1	0.34872332088062485
264528.98813227576	2000.0	1368.3648224806016	0.0	0	0.0	2897.3529547562066	1	0	1	1.041870501440569
265238.9297320914	1000.0	1658.4232226650001	0.0	0	0.0	2897.3529547561775	1	0	1	0.3487233208806353
266117.3075491112	1000.0	1780.045405645118	0.0	0	0.0	2897.3529547561193	1	0	1	1.0418705014405902
266881.32146678097	1000.0	2016.0314879753541	0.0	0	0.0	2897.352954756061	1	0	1	1.0418705014405996
267765.44504781015	2000.0	2131.907906946202	0.0	0	0.0	2897.352954756061	1	0	1	1.0418705014405996
269155.74513975956	2000.0	1741.6078149967486	0.0	0	0.0	2897.352954756003	1	0	1	1.7350176820005545
269991.2190003266	1000.0	1906.1339544297182	0.0	0	0.0	2897.3529547559447	1	0	1	0.34872332088066793
270968.33911641635	1000.0	1929.013838339984	0.0	0	0.0	2897.3529547559447	1	0	1	1.0418705014406187
272222.35848027974	1000.0	1674.9944744765487	0.0	0	0.0	2897.3529547559447	1	0	1	1.0418705014406187
273000.4307384507	1000.0	1896.9222163055533	0.0	0	0.0	2897.3529547559447	1	0	1	1.0418705014406187
273702.42714217334	1000.0	2194.9258125829638	0.0	0	0.0	2897.3529547559447	1	0	1	1.0418705014406187
274875.6565877884	2000.0	2021.6963669678175	0.0	0	0.0	2897.3529547558865	1	0	1	1.0418705014406284
276007.23071611376	1000.0	1890.1222386424322	0.0	0	0.0	2897.3529547558865	1	0	1	0.34872332088068325
276710.23688021826	1000.0	2187.1160745379075	0.0	0	0.0	2897.3529547558283	1	0	1	1.041870501440638
277816.0800844639	2000.0	2081.272870292337	0.0	0	0.0	2897.3529547558865	1	0	1	1.0418705014406284
279056.11725041224	2000.0	1841.2357043439474	0.0	0	0.0	2897.3529547559447	1	0	1	1.7350176820005638
280305.805692196	2000.0	1591.5472625602015	0.0	0	0.0	2897.3529547559447	1	0	1	1.7350176820005638
281877.7730379583	2000.0	1019.5799167979483	0.0	0	0.0	2897.352954756003	1	0	1	1.7350176820005545
282316.00719292514	1000.0	1581.3457618311534	0.0	0	0.0	2897.352954756003	1	0	1	0.34872332088066416
283297.79244853987	2000.0	1599.5605062164661	0.0	0	0.0	2897.352954756003	1	0	1	1.0418705014406093
283888.97678071033	1000.0	2008.3761740460095	0.0	0	0.0	2897.3529547559447	1	0	1	0.34872332088066793
285118.81319665984	2000.0	1778.5397580964616	0.0	0	0.0	2897.3529547559447	1	0	1	1.0418705014406187
285847.59685721825	2000.0	2049.756097538051	0.0	0	0.0	2897.3529547559447	1	0	1	1.7350176820005638
286468.6037770344	2000.0	2428.7491777219034	0.0	0	0.0	2897.3529547558865	1	0	1	1.7350176820005736
287999.083317793	2000.0	1898.2696369632527	0.0	0	0.0	2897.3529547558283	1	0	1	1.7350176820005832
289220.1101459006	1000.0	1677.2428088556603	0.0	0	0.0	2897.3529547558865	1	0	1	0.34872332088068514
289818.6455346707	1000.0	2078.707420085534	0.0	0	0.0	2897.3529547558865	1	0	1	1.0418705014406284
290577.5297074733	1000.0	2319.8232472829495	0.0	0	0.0	2897.3529547558865	1	0	1	1.0418705014406284
291901.0050821448	2000.0	1996.3478726114538	0.0	0	0.0	2897.3529547558865	1	0	1	1.0418705014406284
292723.86280475394	2000.0	2173.4901500022693	0.0	0	0.0	2897.3529547558865	1	0	1	1.7350176820005736
294205.4644054247	2000.0	1691.8885493315086	0.0	0	0.0	2897.3529547558865	1	0	1	1.7350176820005736
294847.09640744416	1000.0	2050.2565473120503	0.0	0	0.0	2897.3529547558865	1	0	1	0.34872332088068325
295975.94836547924	2000.0	1921.4045892769823	0.0	0	0.0	2897.3529547558865	1	0	1	1.0418705014406284
297383.7311682612	2000.0	1513.6217864950536	0.0	0	0.0	2897.3529547559447	1	0	1	1.7350176820005676
298498.1398779478	1000.0	1399.2130768083991	0.0	0	0.0	2897.3529547559447	1	0	1	0.3487233208806736
299112.6521310012	1000.0	1784.7008237549971	0.0	0	0.0	2897.352954756003	1	0	1	1.0418705014406093
300403.14540228155	2000.0	1494.2075524746608	0.0	0	0.0	2897.352954756061	1	0	1	1.0418705014406016
301076.5792965866	1000.0	1820.7736581695776	0.0	0	0.0	2897.3529547559447	1	0	1	0.3487233208806717
2.14	2.69	1.18	1.62	1.29	1.25	1.31	1.89	2.31	2.09	1.3	1.82	1.09	1.91	1.07	1.89	2.44	1.93	0.91	1.3	0.88	1.11	1.45	1.51	1.32	1.04	1.1	1.74	1.96	1.14	0.82	0.94	0.89	1.3	1.33	1.56	1.6	1.73	0.9	0.87	1.91	2.43	1.68	1.84	1.59	0.74	2.12	1.36	1.15	1.83	1.26	1.23	1.67	1.55	1.46	1.53	1.45	0.92	0.7	1.51	1.49	1.31	2.35	2.02	1.7	1.41	1.9	1.45	1.8	1.71	1.34	1.24	1.27	1.6	2.04	1.15	1.4	1.16	1.45	1.18	0.64	1.22	1.46	1.32	1.0	1.39	1.59	1.76	2.19	0.98	1.02	1.31	0.91	1.48	0.74	1.07	1.22	2.25	2.24	1.05	1.04	1.0	1.66	2.49	2.25	1.26	1.26	1.89	2.4	1.16	1.45	1.77	1.4	1.53	1.89	1.74	1.55	1.27	0.93	1.14	1.6	1.55	0.96	1.54	1.54	1.86	2.03	1.71	1.69	2.03	1.54	1.86	2.58	2.69	1.1	0.92	1.3	1.6	1.26	2.06	1.16	1.63	1.97	2.02	1.41	1.12	2.2	1.66	1.42	2.18	2.14	2.69	1.18	1.62	1.29	1.25	1.31	1.89	2.31	2.09	1.3	1.82	1.09	1.91	1.07	1.89	2.44	1.93	0.91	1.3	0.88	1.11	1.45	1.51	1.32	1.04	1.1	1.74	1.96	1.14	0.82	0.94	0.89	1.3	1.33	1.56	1.6	1.73	0.9	0.87	1.91	2.43	1.68	1.84	1.59	0.74	2.12	1.36	1.15	1.83	1.26	1.23	1.67	1.55	1.46	1.53	1.45	0.92	0.7	1.51	1.49	1.31	2.35	2.02	1.7	1.41	1.9	1.45	1.8	1.71	1.34	1.24	1.27	1.6	2.04	1.15	1.4	1.16	1.45	1.18	0.64	1.22	1.46	1.32	1.0	1.39	1.59	1.76	2.19	0.98	1.02	1.31	0.91	1.48	0.74	1.07	1.22	2.25	2.24	1.05	1.04	1.0	1.66	2.49	2.25	1.26	1.26	1.89	2.4	1.16	1.45	1.77	1.4	1.53	1.89	1.74	1.55	1.27	0.93	1.14	1.6	1.55	0.96	1.54	1.54	1.86	2.03	1.71	1.69	2.03	1.54	1.86	2.58	2.69	1.1	0.92	1.3	1.6	1.26	2.06	1.16	1.63	1.97	2.02	1.41	1.12	2.2	1.66	1.42	2.18	2.14	2.69
1.0	2.0	3.0	4.0	5.0	6.0	7.0	8.0	9.0	10.0	11.0	12.0	13.0	14.0	15.0	16.0	17.0	18.0	19.0	20.0	21.0	22.0	23.0	24.0	25.0	26.0	27.0	28.0	29.0	30.0	31.0	32.0	33.0	34.0	35.0	36.0	37.0	38.0	39.0	40.0	41.0	42.0	43.0	44.0	45.0	46.0	47.0	48.0	49.0	50.0	51.0	52.0	53.0	54.0	55.0	56.0	57.0	58.0	59.0	60.0	61.0	62.0	63.0	64.0	65.0	66.0	67.0	68.0	69.0	70.0	71.0	72.0	73.0	74.0	75.0	76.0	77.0	78.0	79.0	80.0	81.0	82.0	83.0	84.0	85.0	86.0	87.0	88.0	89.0	90.0	91.0	92.0	93.0	94.0	95.0	96.0	97.0	98.0	99.0	100.0	101.0	102.0	103.0	104.0	105.0	106.0	107.0	108.0	109.0	110.0	111.0	112.0	113.0	114.0	115.0	116.0	117.0	118.0	119.0	120.0	121.0	122.0	123.0	124.0	125.0	126.0	127.0	128.0	129.0	130.0	131.0	132.0	133.0	134.0	135.0	136.0	137.0	138.0	139.0	140.0	141.0	142.0	143.0	144.0	145.0	146.0	147.0	148.0	149.0	149.0	150.0	151.0	152.0	153.0	154.0	155.0	156.0	157.0	158.0	159.0	160.0	161.0	162.0	163.0	164.0	165.0	166.0	167.0	168.0	169.0	170.0	171.0	172.0	173.0	174.0	175.0	176.0	177.0	178.0	179.0	180.0	181.0	182.0	183.0	184.0	185.0	186.0	187.0	188.0	189.0	190.0	191.0	192.0	193.0	194.0	195.0	196.0	197.0	198.0	199.0	200.0	201.0	202.0	203.0	204.0	205.0	206.0	207.0	208.0	209.0	210.0	211.0	212.0	213.0	214.0	215.0	216.0	217.0	218.0	219.0	220.0	221.0	222.0	223.0	224.0	225.0	226.0	227.0	228.0	229.0	230.0	231.0	232.0	233.0	234.0	235.0	236.0	237.0	238.0	239.0	240.0	241.0	242.0	243.0	244.0	245.0	246.0	247.0	248.0	249.0	250.0	251.0	252.0	253.0	254.0	255.0	256.0	257.0	258.0	259.0	260.0	261.0	262.0	263.0	264.0	265.0	266.0	267.0	268.0	269.0	270.0	271.0	272.0	273.0	274.0	275.0	276.0	277.0	278.0	279.0	280.0	281.0	282.0	283.0	284.0	285.0	286.0	287.0	288.0	289.0	290.0	291.0	292.0	293.0	294.0	295.0	296.0	297.0	298.0	298.0	299.0	300.0
3771.9185770100976
