5150.452323679919	300.0	2000.0	128.886517624856	0	0.0	5150.452323679919	1	0	1	-1.9414803322651897
5926.806409924673	2000.0	2146.0105051307696	0.0	0	0.0	5072.816915055443	1	0	2	-1.5400020526339528
7305.209128807952	3000.0	1629.7675143591637	0.0	0	0.0	4934.976643167116	1	0	2	0.6443068693116119
7993.588811399916	1000.0	1941.3878317671995	0.0	0	0.0	4934.976643167116	1	0	1	-1.1101516140701644
9349.447642775629	2000.0	1449.9431172539132	0.0	0	0.0	4799.3907600295415	1	0	2	-0.1330580087646025
10279.29632971901	2000.0	1427.1095616161922	0.0	0	0.0	4706.405891335203	1	0	2	0.8308450926994819
11026.677521839998	2000.0	1604.990250283106	0.0	0	0.0	4631.667772123103	1	0	2	0.8851969750744113
11694.75360161709	2000.0	1870.1065625283059	0.0	0	0.0	4564.860164145395	1	0	2	0.9272901850314899
12374.30314521278	3000.0	2122.6020645730487	0.0	0	0.0	4496.905209785827	1	0	2	0.9692091007925593
13150.949725196428	3000.0	2268.290826591038	0.0	0	0.0	4419.240551787463	1	0	2	1.4135488180516145
14107.05773992296	2000.0	2312.1828118645044	0.0	0	0.0	4419.240551787463	1	0	1	0.618793559303861
14865.869508137324	3000.0	2477.489866828703	0.0	0	0.0	4343.359374966027	1	0	2	0.8561636184394544
15777.181375089287	3000.0	2475.0468131815437	0.0	0	0.0	4252.22818827083	1	0	2	1.507225880903504
16962.791018679232	3000.0	2170.876205232604	0.0	0	0.0	4133.667223911836	1	0	2	1.5609273650790711
17976.232341809333	2000.0	2056.0907497894923	0.0	0	0.0	4032.3230915988224	1	0	2	0.799953952720875
18784.430704213275	2000.0	2167.072551145156	0.0	0	0.0	3951.503255358426	1	0	2	1.2417488270670756
19464.903005989472	2000.0	2418.553019191338	0.0	0	0.0	3883.456025180805	1	0	2	1.270460100044835
20234.931288687025	3000.0	2571.5219082240346	0.0	0	0.0	3806.453196911054	1	0	2	1.299431343145322
20814.740524245783	3000.0	2933.7317491093986	0.0	0	0.0	3748.472273355179	1	0	2	1.7266967091978298
21587.127814958003	3000.0	3084.105729325955	0.0	0	0.0	3671.2335442839612	1	0	2	1.75134672229254
22364.093487635193	3000.0	3229.443489381046	0.0	0	0.0	3593.5369770162397	1	0	2	1.7730621865057068
23579.69292762046	3000.0	2892.284105397251	0.0	0	0.0	3471.977033017709	1	0	2	1.8080635201883384
24590.30487911179	3000.0	2780.610958756788	0.0	0	0.0	3370.915837868579	1	0	2	1.837132670046794
25618.83570019897	3000.0	2649.2270555608925	0.0	0	0.0	3268.0627557598636	1	0	2	1.8621078367830592
26498.328265030523	3000.0	2681.7852342461847	0.0	0	0.0	3180.1134992767074	1	0	2	1.8822257750929614
27575.58064255919	3000.0	2496.807618964647	0.0	0	0.0	3072.38826152384	1	0	2	1.9044897087743857
28343.588215158525	3000.0	2651.999289105383	0.0	0	0.0	2995.587504263909	1	0	2	1.9202955931922194
29436.37159339375	3000.0	2449.9375730466363	0.0	0	0.0	2886.30916644038	1	0	2	1.9371640117009663
30837.093379335915	3000.0	1909.143608510256	0.0	0	0.0	2746.2369878461686	1	0	2	1.9577949744131575
31501.140317368598	2000.0	2178.691976674303	0.0	0	0.0	2679.8322940428952	1	0	2	1.1596891326687482
32580.419943306955	3000.0	1991.4843881421134	0.0	0	0.0	2571.904331449059	1	0	2	1.5776880985568376
33460.92208800699	2000.0	2110.982243442082	0.0	0	0.0	2571.9043314490664	1	0	1	1.1758299675992945
34348.68833483631	2000.0	2223.215996612761	0.0	0	0.0	2571.9043314490627	1	0	1	1.7812950757074593
35269.87281034065	2000.0	2302.031521108422	0.0	0	0.0	2571.904331449059	1	0	1	1.7812950757074597
36200.0	2000.0	2371.904331449066	0.0	0	198.83464116635878	2571.9043314490555	1	0	1	1.7812950757074604
37212.14721107509	3000.0	2258.5423992664614	0.0	0	0.0	2470.6896103415347	1	0	2	1.3899548801822512
38200.0	2000.0	2171.904331449071	0.0	0	306.36734906274796	2371.9043314490555	1	0	2	1.1942049591811057
39200.0	2000.0	2171.9043314490714	0.0	0	278.55960881736974	2371.9043314490555	1	0	1	1.603493667954201
40200.0	3000.0	2071.904331449066	0.0	0	178.46049430240964	2271.904331449048	1	0	2	1.4099785617434561
41200.0	3000.0	1971.904331449067	0.0	0	270.37309260241454	2171.9043314490555	1	0	2	2.0243379305373113
42200.0	3000.0	1871.9043314490636	0.0	0	271.70246783058974	2071.9043314490555	1	0	2	2.0324916015676635
43290.716997496565	6000.0	1781.187333952504	0.0	0	0.0	2071.9043314490555	1	0	1	2.0352706008700228
44629.37528015129	6000.0	1442.5290512977754	0.0	0	0.0	2071.9043314490555	1	0	1	2.928417781429968
46686.13716198336	6000.0	385.76716946570275	0.0	0	0.0	2071.9043314490555	1	0	1	2.928417781429968
47451.584271294574	2000.0	663.9539678969161	43.633907742430324	0	0.0	2115.5382391914827	1	0	1	0.4660157907638424
48248.99767098563	2000.0	866.5405682058621	0.0	0	0.0	2115.5382391914827	1	0	1	1.826431525886534
49056.77726295171	2000.0	1058.7609762397683	0.0	0	0.0	2115.5382391914827	1	0	1	1.826431525886534
49591.89397438563	2000.0	1523.6442648058558	0.0	0	0.0	2115.5382391914827	1	0	1	1.826431525886534
50219.88626674575	2000.0	1895.6519724457355	0.0	0	0.0	2115.5382391914827	1	0	1	1.826431525886534
51200.0	3000.0	1817.52686586606	0.0	0	278.92521680604113	2017.5268658660498	1	0	2	1.4310289751668843
52224.69834530892	2000.0	1792.828520557138	0.0	0	0.0	2017.5268658660498	1	0	1	1.2283517238444646
53200.0	2000.0	1817.5268658660602	0.0	0	209.71782552488003	2017.5268658660498	1	0	1	1.8338168319526293
54200.0	3000.0	1717.5268658660596	0.0	0	241.43916872055706	1917.5268658660498	1	0	2	1.4382386461443022
55200.0	2000.0	1717.526865866055	0.0	0	334.85553567470924	1917.5268658660498	1	0	1	1.2352014939518268
56375.94182408166	2000.0	1541.5850417843897	0.0	0	0.0	1917.5268658660425	1	0	1	1.8406666020599922
57200.0	2000.0	1717.526865866047	0.0	0	35.892785009498766	1917.5268658660425	1	0	1	1.8406666020599922
58200.0	2000.0	1717.5268658660475	0.0	0	56.61286013684003	1917.5268658660425	1	0	1	1.8406666020599922
59200.0	2000.0	1717.5268658660525	0.0	0	143.39145769050083	1917.5268658660352	1	0	1	1.8406666020599924
60200.0	2000.0	1717.5268658660486	0.0	0	521.7379356669699	1917.5268658660352	1	0	1	1.8406666020599924
61200.0	2000.0	1717.526865866045	0.0	0	427.3605040955881	1917.5268658660352	1	0	1	1.8406666020599924
62200.0	3000.0	1717.526865866044	0.0	0	34.17613839622936	1917.526865866028	1	0	1	1.840666602059993
63200.0	2000.0	1717.5268658660361	0.0	0	162.4507996141183	1917.5268658660207	1	0	1	1.435201493951829
64200.0	3000.0	1617.5268658660339	0.0	0	117.72151819881401	1817.5268658660134	1	0	2	1.4451225164466972
67087.71729762206	6000.0	200.0	470.1904317560301	0	0.0	2287.717297622039	1	0	1	-0.7819856698532539
67762.23616642336	2000.0	657.6934705216229	132.21233932291915	0	0.0	2419.9296369449658	1	0	1	-0.09334729024493305
68928.1293549001	2000.0	491.80028204488883	0.0	0	0.0	2419.9296369449876	1	0	1	1.7985390343606893
69438.34925405025	1000.0	981.5803828947475	0.0	0	0.0	2419.929636944973	1	0	1	0.4122446732407994
70210.9115031334	2000.0	1209.0181338115838	0.0	0	0.0	2419.9296369449585	1	0	1	1.1053918538007461
70814.16837182545	2000.0	1605.761265119527	0.0	0	0.0	2419.9296369449585	1	0	1	1.7985390343606913
71504.4411258287	2000.0	1915.4885111162785	0.0	0	0.0	2419.9296369449585	1	0	1	1.7985390343606913
72200.0	2000.0	2219.9296369449658	0.0	0	193.59269612457138	2419.929636944944	1	0	1	1.7985390343606928
73686.46903009944	3000.0	1584.8137038355858	0.0	0	0.0	2271.282733935004	1	0	2	1.4087537133850159
74975.23922656098	2000.0	1296.0435073740423	0.0	0	0.0	2271.2827339349897	1	0	1	1.2077052225251041
75699.51609874582	2000.0	1571.7666351891971	0.0	0	0.0	2271.282733935004	1	0	1	1.8131703306332674
76442.7702075041	2000.0	1828.5125264309156	0.0	0	0.0	2271.282733935004	1	0	1	1.8131703306332674
77253.66206468358	2000.0	2017.6206692514338	0.0	0	0.0	2271.282733935004	1	0	1	1.8131703306332674
78200.0	2000.0	1976.648940403386	0.0	0	98.73984342861513	2176.648940403378	1	0	2	1.4189973017469284
79200.0	3000.0	1876.6489404034044	0.0	0	225.04897580602847	2076.6489404033928	1	0	2	1.6267681413282165
80200.0	2000.0	1776.6489404034237	0.0	0	215.88812652595516	1976.6489404034219	1	0	2	1.2289078836807061
81200.0	3000.0	1676.6489404034219	0.0	0	243.88498840585817	1876.6489404034073	1	0	2	1.6410614610802636
82393.15536715866	6000.0	1483.4935732447543	0.0	0	0.0	1876.6489404034073	1	0	1	2.048746690363242
83379.90421731674	6000.0	1496.7447230866692	0.0	0	0.0	1876.6489404034219	1	0	1	2.9418938709231868
84200.0	3000.0	1676.6489404034096	0.0	0	121.88440769395675	1876.6489404034219	1	0	1	1.5555995098032966
85200.0	3000.0	1676.6489404034007	0.0	0	131.54552882352436	1876.6489404034219	1	0	1	2.248746690363242
86869.27010661528	6000.0	1007.3788337881178	0.0	0	0.0	1876.6489404034219	1	0	1	2.248746690363242
87640.57673211645	2000.0	1236.0722082869777	0.0	0	0.0	1876.6489404034219	1	0	1	0.7446692935869673
88279.05109559833	2000.0	1597.5978448050864	0.0	0	0.0	1876.6489404034219	1	0	1	1.8432815822550768
89200.0	2000.0	1676.648940403411	0.0	0	416.7472996813158	1876.6489404034219	1	0	1	1.8432815822550768
90200.0	2000.0	1676.6489404034155	0.0	0	316.31748824620445	1876.6489404034219	1	0	1	1.8432815822550768
91200.0	2000.0	1676.6489404034173	0.0	0	347.4239929798932	1876.6489404034219	1	0	1	1.8432815822550768
92264.17631044606	3000.0	1506.054998912761	0.0	0	0.0	1770.2313093588018	1	0	2	1.4482280953446272
93289.76914151326	3000.0	1480.4621678455537	0.0	0	0.0	1770.2313093588018	1	0	1	2.055087878968292
94203.84628701492	2000.0	1566.3850223438844	0.0	0	0.0	1770.2313093587873	1	0	1	1.4441576627519637
95200.0	2000.0	1570.2313093588125	0.0	0	484.2684634243633	1770.2313093587727	1	0	1	1.849622770860129
96200.0	2000.0	1570.2313093588205	0.0	0	515.9157796557556	1770.2313093587727	1	0	1	1.849622770860129
97200.0	3000.0	1570.2313093588257	0.0	0	384.9265770488564	1770.2313093587727	1	0	1	1.8496227708601292
98200.0	3000.0	1570.231309358824	0.0	0	487.17112935334444	1770.2313093587727	1	0	1	2.2550878789682938
99720.136867924	6000.0	1050.094441434835	0.0	0	0.0	1770.2313093587727	1	0	1	2.2550878789682938
100554.66305345354	3000.0	1215.5682559053016	0.0	0	0.0	1770.2313093587727	1	0	1	1.5619406984083488
101238.11990988425	2000.0	1532.1113994745895	0.0	0	0.0	1770.2313093587873	1	0	1	1.4441576627519637
102200.0	2000.0	1570.2313093588382	0.0	0	43.20332605646399	1770.2313093587873	1	0	1	1.8496227708601283
103200.0	2000.0	1570.2313093588307	0.0	0	24.04199292193516	1770.2313093587727	1	0	1	1.849622770860129
104513.21625943702	2000.0	1257.0150499218103	0.0	0	0.0	1770.2313093587727	1	0	1	1.849622770860129
105662.62272561964	2000.0	1107.6085837391831	0.0	0	0.0	1770.2313093587727	1	0	1	1.849622770860129
106200.0	1000.0	1570.2313093588357	0.0	0	120.30353149412258	1770.2313093587727	1	0	1	0.4633284097402387
107200.0	2000.0	1570.2313093588355	0.0	0	410.88608471390035	1770.2313093587582	1	0	1	1.1564755903001847
108200.0	2000.0	1570.2313093588307	0.0	0	394.22855943431205	1770.2313093587582	1	0	1	1.8496227708601298
109200.0	2000.0	1570.2313093588377	0.0	0	524.9125240565045	1770.2313093587582	1	0	1	1.8496227708601298
110200.0	3000.0	1570.2313093588396	0.0	0	487.88899571109505	1770.2313093587582	1	0	1	1.84962277086013
112122.9484199217	6000.0	647.2828894371453	0.0	0	0.0	1770.2313093587582	1	0	1	2.255087878968294
112514.0963356463	2000.0	1256.134973712539	0.0	0	0.0	1770.2313093587727	1	0	1	0.7510104821920194
113200.0	2000.0	1570.2313093588427	0.0	0	52.682841442350764	1770.2313093587727	1	0	1	1.849622770860129
114200.0	2000.0	1570.2313093588218	0.0	0	279.28494386561215	1770.2313093587727	1	0	1	1.849622770860129
115200.0	2000.0	1570.2313093588275	0.0	0	380.57226598438865	1770.2313093587727	1	0	1	1.849622770860129
116200.0	3000.0	1570.2313093588211	0.0	0	278.9423577932175	1770.2313093587727	1	0	1	1.8496227708601292
117200.0	2000.0	1570.231309358804	0.0	0	362.95278289842827	1770.2313093587582	1	0	1	1.4441576627519652
118200.0	2000.0	1570.2313093588114	0.0	0	516.790391364455	1770.2313093587436	1	0	1	1.8496227708601307
119200.0	3000.0	1470.2313093588102	0.0	0	215.91459520669014	1670.2313093587436	1	0	2	1.4532167470498636
121068.82189789701	6000.0	601.4094114617956	0.0	0	0.0	1670.2313093587436	1	0	1	2.0604780495599204
121725.46716895208	2000.0	944.7641404067307	0.0	0	0.0	1670.2313093587436	1	0	1	0.7564006527836467
122414.64877165735	2000.0	1255.5825377014596	0.0	0	0.0	1670.2313093587436	1	0	1	1.8550129414517564
123418.01397735674	2000.0	1252.2173320020806	0.0	0	0.0	1670.2313093587436	1	0	1	1.8550129414517564
124252.72518649285	2000.0	1417.5061228659556	0.0	0	0.0	1670.2313093587436	1	0	1	1.8550129414517564
125200.0	2000.0	1470.2313093587984	0.0	0	440.2358195951092	1670.2313093587436	1	0	1	1.8550129414517564
126200.0	2000.0	1470.2313093588057	0.0	0	593.4271703650011	1670.2313093587436	1	0	1	1.8550129414517564
127200.0	2000.0	1470.231309358807	0.0	0	507.71695989316504	1670.2313093587436	1	0	1	1.8550129414517564
128200.0	2000.0	1470.2313093588089	0.0	0	245.0211567243823	1670.2313093587436	1	0	1	1.8550129414517564
129200.0	2000.0	1470.2313093588118	0.0	0	188.55299342582293	1670.2313093587436	1	0	1	1.8550129414517564
130200.0	2000.0	1470.2313093588114	0.0	0	160.12161464251403	1670.2313093587582	1	0	1	1.8550129414517555
131200.0	2000.0	1470.2313093588189	0.0	0	104.08693094647606	1670.2313093587582	1	0	1	1.8550129414517555
132200.0	2000.0	1470.2313093588316	0.0	0	251.1735021355271	1670.2313093587727	1	0	1	1.8550129414517547
133200.0	2000.0	1470.2313093587982	0.0	0	191.50762915002997	1670.2313093587582	1	0	1	1.8550129414517555
134658.6008393818	2000.0	1011.6304699769817	0.0	0	0.0	1670.2313093587582	1	0	1	1.8550129414517555
135882.51849891138	2000.0	787.7128104474257	0.0	0	0.0	1670.2313093587873	1	0	1	1.8550129414517542
136200.0	1000.0	1470.231309358818	0.0	0	29.947908851521788	1670.2313093587873	1	0	1	0.4687185803318638
137200.0	2000.0	1470.2313093588252	0.0	0	424.7993962682376	1670.2313093587873	1	0	1	1.1618657608918088
138200.0	2000.0	1470.2313093588364	0.0	0	361.8967034825182	1670.2313093587873	1	0	1	1.8550129414517542
139200.0	3000.0	1470.2313093588389	0.0	0	245.987328078656	1670.2313093587873	1	0	1	1.8550129414517542
140200.0	2000.0	1470.2313093588589	0.0	0	475.81979577068705	1670.2313093587873	1	0	1	1.4495478333435896
141200.0	2000.0	1470.231309358837	0.0	0	386.53072503430303	1670.2313093587873	1	0	1	1.8550129414517542
142657.61403795975	2000.0	1012.6172713991019	0.0	0	0.0	1670.2313093587873	1	0	1	1.8550129414517542
143819.77882639776	2000.0	850.452482961101	0.0	0	0.0	1670.2313093588164	1	0	1	1.8550129414517524
144580.21771569888	2000.0	1090.0135936599645	0.0	0	0.0	1670.2313093588164	1	0	1	1.8550129414517524
145284.3384583002	2000.0	1385.8928510586659	0.0	0	0.0	1670.2313093588455	1	0	1	1.855012941451751
146200.0	2000.0	1470.2313093588639	0.0	0	338.15480314023443	1670.2313093588455	1	0	1	1.855012941451751
147200.0	2000.0	1470.231309358853	0.0	0	46.680539237655466	1670.2313093588455	1	0	1	1.855012941451751
148200.0	2000.0	1470.231309358876	0.0	0	145.89842902999953	1670.2313093588746	1	0	1	1.8550129414517498
149200.0	2000.0	1470.2313093588575	0.0	0	198.74985804481548	1670.2313093588746	1	0	1	1.8550129414517498
150200.0	2000.0	1470.231309358825	0.0	0	320.58432309891214	1670.2313093588455	1	0	1	1.855012941451751
151200.0	2000.0	1470.2313093588332	0.0	0	632.6764819491655	1670.2313093588455	1	0	1	1.855012941451751
152200.0	3000.0	1470.2313093588402	0.0	0	454.66252685981453	1670.2313093588746	1	0	1	1.8550129414517498
153779.97182116838	6000.0	890.2594881904454	0.0	0	0.0	1670.2313093588746	1	0	1	2.260478049559914
154222.90753050227	2000.0	1447.3237788565907	0.0	0	0.0	1670.2313093588746	1	0	1	0.75640065278364
155200.0	2000.0	1470.2313093588552	0.0	0	379.9902513110719	1670.2313093589037	1	0	1	1.855012941451748
156200.0	2000.0	1470.2313093588523	0.0	0	103.17353556663147	1670.2313093589328	1	0	1	1.8550129414517476
157392.37207188332	2000.0	1277.8592374755085	0.0	0	0.0	1670.2313093589328	1	0	1	1.8550129414517467
158503.64340487547	2000.0	1166.587904483344	0.0	0	0.0	1670.2313093589328	1	0	1	1.8550129414517467
159392.48694774605	2000.0	1277.744361612785	0.0	0	0.0	1670.2313093589619	1	0	1	1.855012941451745
160200.0	2000.0	1470.2313093588432	0.0	0	137.25536790903425	1670.231309358991	1	0	1	1.8550129414517436
161200.0	2000.0	1470.2313093588064	0.0	0	295.8561303614406	1670.2313093589619	1	0	1	1.855012941451744
162200.0	2000.0	1470.2313093588236	0.0	0	269.6931548870343	1670.2313093589619	1	0	1	1.855012941451745
163200.0	2000.0	1470.2313093587936	0.0	0	103.52499106005416	1670.2313093589328	1	0	1	1.855012941451746
164200.0	2000.0	1470.231309358841	0.0	0	93.84635304962285	1670.2313093589619	1	0	1	1.8550129414517456
165200.0	2000.0	1470.2313093588416	0.0	0	211.7681307963794	1670.2313093589619	1	0	1	1.855012941451745
166200.0	2000.0	1470.2313093588539	0.0	0	96.10441297394573	1670.2313093589619	1	0	1	1.855012941451745
167276.1826490091	2000.0	1394.0486603497661	0.0	0	0.0	1670.2313093589619	1	0	1	1.855012941451745
168200.0	2000.0	1470.2313093589041	0.0	0	11.852308130619349	1670.23130935902	1	0	1	1.8550129414517427
169200.0	2000.0	1470.2313093589046	0.0	0	350.1395679731213	1670.23130935902	1	0	1	1.8550129414517422
170200.0	2000.0	1470.2313093588684	0.0	0	452.88493304280564	1670.2313093590492	1	0	1	1.8550129414517404
171259.00088198262	3000.0	1411.2304273762438	0.0	0	108.45489537419053	1670.23130935902	1	0	1	1.8550129414517422
172200.0	2000.0	1470.2313093588707	0.0	0	95.48082455052645	1670.2313093590492	1	0	1	1.4495478333435758
173200.0	2000.0	1470.2313093588464	0.0	0	261.8296950929507	1670.2313093590492	1	0	1	1.8550129414517404
174200.0	2000.0	1470.2313093588493	0.0	0	110.2254230074177	1670.2313093590492	1	0	1	1.8550129414517404
175200.0	2000.0	1470.2313093588327	0.0	0	435.7811271760438	1670.23130935902	1	0	1	1.8550129414517422
176200.0	2000.0	1470.2313093588418	0.0	0	88.50218617983046	1670.23130935902	1	0	1	1.8550129414517422
177200.0	2000.0	1470.2313093588346	0.0	0	505.05820007575676	1670.231309358991	1	0	1	1.8550129414517436
178200.0	3000.0	1470.231309358831	0.0	0	257.06749431655044	1670.231309358991	1	0	1	1.8550129414517438
179200.0	2000.0	1470.2313093588386	0.0	0	487.48430927065783	1670.231309358991	1	0	1	1.449547833343579
180200.0	2000.0	1470.2313093588525	0.0	0	31.289015623013256	1670.231309358991	1	0	1	1.8550129414517436
181200.0	2000.0	1470.23130935887	0.0	0	383.52179584119585	1670.231309358991	1	0	1	1.8550129414517436
182200.0	2000.0	1470.2313093589216	0.0	0	311.0919591206475	1670.23130935902	1	0	1	1.8550129414517422
183200.0	2000.0	1470.2313093588998	0.0	0	121.27260548892082	1670.23130935902	1	0	1	1.8550129414517422
184200.0	2000.0	1470.2313093588825	0.0	0	51.755206811241806	1670.23130935902	1	0	1	1.8550129414517422
185200.0	2000.0	1470.2313093588589	0.0	0	330.68878484578454	1670.23130935902	1	0	1	1.8550129414517422
186200.0	2000.0	1470.2313093588405	0.0	0	423.79876903808326	1670.23130935902	1	0	1	1.8550129414517422
187228.88518878407	2000.0	1441.346120574754	0.0	0	0.0	1670.23130935902	1	0	1	1.8550129414517422
188200.0	2000.0	1470.2313093588286	0.0	0	203.5043347500614	1670.23130935902	1	0	1	1.8550129414517422
189200.0	2000.0	1470.231309358854	0.0	0	384.0493666641414	1670.2313093590492	1	0	1	1.8550129414517404
190200.0	2000.0	1470.231309358857	0.0	0	408.31268569489475	1670.2313093590492	1	0	1	1.8550129414517404
191200.0	3000.0	1470.2313093588639	0.0	0	166.51447807854856	1670.2313093590492	1	0	1	1.8550129414517407
192634.5078364453	6000.0	1035.7234729135632	0.0	0	0.0	1670.2313093590492	1	0	1	2.260478049559905
193200.0	3000.0	1470.2313093588377	0.0	0	49.77857409280841	1670.23130935902	1	0	1	1.5673308689999614
194200.0	3000.0	1470.2313093588625	0.0	0	505.46926822379464	1670.2313093590492	1	0	1	2.2604780495599055
197020.22482931698	6000.0	200.0	549.9935199581273	0	0.0	2220.2248293169832	1	0	1	-1.0551581580998222
197606.7729721768	2000.0	696.201701216022	82.74984407585148	0	0.0	2302.974673392833	1	0	1	0.21511048813885203
198270.03030278248	2000.0	1032.9443706103557	0.0	0	0.0	2302.9746733928623	1	0	1	1.8102218412620676
198843.74958992505	2000.0	1459.2250834678032	0.0	0	0.0	2302.9746733928623	1	0	1	1.8102218412620676
199297.31692807176	2000.0	2005.6577453211198	0.0	0	0.0	2302.9746733928623	1	0	1	1.8102218412620676
200200.0	3000.0	2012.7063662000287	0.0	0	80.8816510020988	2212.706366200029	1	0	2	1.415677179780248
201210.69527899544	2000.0	2002.011087204589	0.0	0	0.0	2212.706366200029	1	0	1	1.2129258605453312
202200.0	3000.0	1913.775894099548	0.0	0	132.26822028009337	2113.7758940995554	1	0	2	1.4241069564737359
203209.8049398052	3000.0	1802.990460313808	0.0	0	0.0	2012.7954001189792	1	0	2	2.037384135265371
204200.0	2000.0	1812.7954001189983	0.0	0	62.13800614135107	2012.7954001189792	1	0	1	1.228690926361669
205432.94393210814	2000.0	1579.8514680108597	0.0	0	0.0	2012.7954001189792	1	0	1	1.8341560344698338
206424.8177660505	2000.0	1587.9776340685266	0.0	0	0.0	2012.7954001189792	1	0	1	1.8341560344698342
207447.9672879775	2000.0	1564.828112141531	0.0	0	0.0	2012.7954001190083	1	0	1	1.8341560344698316
208214.42414208344	2000.0	1798.371258035622	0.0	0	0.0	2012.7954001190374	1	0	1	1.8341560344698298
209200.0	2000.0	1812.7954001190815	0.0	0	356.6954868293542	2012.7954001190374	1	0	1	1.8341560344698296
210200.0	2000.0	1812.7954001190624	0.0	0	512.1883076362137	2012.7954001190374	1	0	1	1.8341560344698296
211301.89177683828	3000.0	1600.7144455969142	0.0	0	0.0	1902.6062224351917	1	0	2	1.4396264158671817
212200.0	2000.0	1702.6062224351992	0.0	0	159.75209908513352	1902.6062224351917	1	0	1	1.2361679798749243
213200.0	3000.0	1602.6062224351776	0.0	0	400.29090096708387	1802.6062224351044	1	0	2	1.4455011161265237
214289.1854786585	3000.0	1513.4207437766877	0.0	0	89.49762626044685	1802.6062224350753	1	0	1	2.0532275246066582
215251.62550581375	2000.0	1550.9807166214175	0.0	0	0.0	1802.6062224350753	1	0	1	1.44229730839033
216200.0	2000.0	1602.6062224351754	0.0	0	92.88580877741333	1802.6062224351044	1	0	1	1.8477624164984936
217200.0	2000.0	1602.6062224351904	0.0	0	216.88040505870595	1802.6062224351044	1	0	1	1.847762416498493
218283.00026767844	2000.0	1519.6059547567359	0.0	0	0.0	1802.6062224351335	1	0	1	1.8477624164984912
219200.0	2000.0	1602.6062224351792	0.0	0	100.80465814270428	1802.6062224351044	1	0	1	1.847762416498493
220200.0	2000.0	1602.6062224351717	0.0	0	334.35711022125906	1802.6062224350753	1	0	1	1.8477624164984947
221200.0	2000.0	1602.6062224351508	0.0	0	441.3638787447999	1802.6062224350753	1	0	1	1.8477624164984947
222200.0	2000.0	1602.6062224351224	0.0	0	426.3727628706256	1802.6062224350753	1	0	1	1.8477624164984947
223405.66759080687	2000.0	1396.9386316282246	0.0	0	0.0	1802.6062224350753	1	0	1	1.8477624164984947
224200.0	2000.0	1602.6062224350803	0.0	0	118.28140605631052	1802.6062224350462	1	0	1	1.847762416498496
225200.0	2000.0	1602.6062224350492	0.0	0	243.54987887464813	1802.6062224350171	1	0	1	1.8477624164984978
226200.0	2000.0	1602.6062224350505	0.0	0	267.4699248020188	1802.6062224350171	1	0	1	1.8477624164984978
227200.0	2000.0	1602.6062224350374	0.0	0	49.04106797161512	1802.606222434988	1	0	1	1.847762416498499
228200.0	2000.0	1602.6062224350392	0.0	0	381.1574722371588	1802.606222434988	1	0	1	1.8477624164984996
229200.0	2000.0	1602.60622243504	0.0	0	203.93728715894395	1802.6062224350171	1	0	1	1.8477624164984987
230200.0	3000.0	1602.606222435033	0.0	0	165.97147683807998	1802.6062224350171	1	0	1	1.847762416498498
231200.0	6000.0	1602.606222435043	0.0	0	142.26669240448973	1802.6062224350171	1	0	1	2.253227524606663
232571.7627534176	6000.0	1230.8434690174497	0.0	0	0.0	1802.606222434988	1	0	1	2.9463747051666096
233479.77100620244	3000.0	1322.8352162326144	0.0	0	0.0	1802.606222434988	1	0	1	1.5600803440467195
234200.0	2000.0	1602.6062224350696	0.0	0	289.3037615205685	1802.606222434988	1	0	1	1.442297308390335
235200.0	3000.0	1602.6062224350383	0.0	0	74.16442645146162	1802.606222434959	1	0	1	1.8477624164985014
236200.0	2000.0	1602.6062224350317	0.0	0	242.86514841782628	1802.606222434959	1	0	1	1.4422973083903368
237200.0	2000.0	1602.606222435033	0.0	0	111.35153916454874	1802.606222434959	1	0	1	1.8477624164985014
238200.0	2000.0	1602.6062224350655	0.0	0	303.5925322076655	1802.6062224350171	1	0	1	1.8477624164984987
239200.0	3000.0	1602.6062224350908	0.0	0	260.5301264791924	1802.6062224350462	1	0	1	1.8477624164984976
240205.4722521937	3000.0	1597.1339702413975	0.0	0	0.0	1802.6062224350753	1	0	1	2.2532275246066593
241200.0	2000.0	1602.6062224351151	0.0	0	236.42363188037416	1802.6062224350753	1	0	1	1.44229730839033
242245.7906833347	3000.0	1452.236470766958	0.0	0	0.0	1698.0271541016118	1	0	2	1.451869366613039
243218.69455400793	2000.0	1479.332600093731	0.0	0	0.0	1698.0271541016118	1	0	1	1.2481018251887592
244200.0	2000.0	1498.0271541016712	0.0	0	133.8943763220741	1698.027154101641	1	0	1	1.8535669332969233
245200.0	2000.0	1498.0271541016832	0.0	0	318.69374246516963	1698.027154101641	1	0	1	1.8535669332969227
246200.0	3000.0	1498.0271541016918	0.0	0	335.57253860574565	1698.02715410167	1	0	1	1.853566933296922
247500.67683850796	6000.0	1197.3503155937415	0.0	0	0.0	1698.02715410167	1	0	1	2.2590320414050855
248565.57516037818	6000.0	1132.451993723488	0.0	0	0.0	1698.02715410167	1	0	1	2.9521792219650305
249200.0	2000.0	1498.0271541016648	0.0	0	167.211481811275	1698.02715410167	1	0	1	0.7549546446288113
250200.0	2000.0	1498.0271541016834	0.0	0	69.82479542403598	1698.02715410167	1	0	1	1.853566933296921
251336.07079860187	2000.0	1361.9563554998244	0.0	0	0.0	1698.0271541016991	1	0	1	1.8535669332969196
252204.4409628447	2000.0	1493.5861912569878	0.0	0	0.0	1698.02715410167	1	0	1	1.8535669332969205
253404.69112045452	2000.0	1293.3360336471785	0.0	0	0.0	1698.02715410167	1	0	1	1.853566933296921
254356.99384285542	2000.0	1341.0333112462613	0.0	0	0.0	1698.02715410167	1	0	1	1.853566933296921
255650.14608333295	2000.0	1047.8810707687217	0.0	0	0.0	1698.02715410167	1	0	1	1.853566933296921
256392.08794480615	2000.0	1305.9392092955375	0.0	0	0.0	1698.02715410167	1	0	1	1.853566933296921
257200.0	2000.0	1498.0271541016944	0.0	0	258.3173391642922	1698.02715410167	1	0	1	1.853566933296921
258200.0	2000.0	1498.0271541017348	0.0	0	357.0612557489367	1698.0271541016991	1	0	1	1.8535669332969196
259598.42033149413	6000.0	1099.606822607606	0.0	0	0.0	1698.0271541016991	1	0	1	1.8535669332969194
260200.0	2000.0	1498.0271541016903	0.0	0	115.43090025376296	1698.0271541016991	1	0	1	0.7549546446288099
261200.0	2000.0	1498.0271541016998	0.0	0	217.69784744392382	1698.0271541016991	1	0	1	1.8535669332969196
262200.0	3000.0	1498.0271541017314	0.0	0	368.7129685137188	1698.0271541017282	1	0	1	1.853566933296919
263200.0	2000.0	1498.0271541017373	0.0	0	355.82294917607214	1698.0271541017282	1	0	1	1.4481018251887523
264200.0	2000.0	1498.0271541017578	0.0	0	516.0147289041197	1698.0271541017573	1	0	1	1.8535669332969158
265200.0	2000.0	1498.0271541018221	0.0	0	320.78887153591495	1698.0271541017573	1	0	1	1.8535669332969165
266200.0	2000.0	1498.0271541017892	0.0	0	427.65289870352717	1698.0271541017573	1	0	1	1.8535669332969165
267200.0	2000.0	1498.027154101815	0.0	0	387.0265987745952	1698.0271541016991	1	0	1	1.8535669332969196
268200.0	3000.0	1498.0271541018035	0.0	0	427.3972148152534	1698.0271541016991	1	0	1	1.8535669332969198
269842.7680931225	6000.0	855.2590609793021	0.0	0	0.0	1698.0271541016991	1	0	1	2.259032041405084
270479.65587063076	2000.0	1218.3712834711037	0.0	0	0.0	1698.0271541016991	1	0	1	0.7549546446288099
271200.0	2000.0	1498.0271541018717	0.0	0	128.33313210128108	1698.0271541016991	1	0	1	1.8535669332969196
272367.0562136875	2000.0	1330.9709404143402	0.0	0	0.0	1698.0271541016991	1	0	1	1.8535669332969196
273200.0	2000.0	1498.027154101825	0.0	0	152.3520088515943	1698.0271541016991	1	0	1	1.8535669332969196
274200.0	2000.0	1498.0271541018933	0.0	0	329.31471318757394	1698.0271541017573	1	0	1	1.8535669332969182
275200.0	2000.0	1498.0271541019113	0.0	0	501.85998728103004	1698.0271541018155	1	0	1	1.8535669332969134
276200.0	2000.0	1498.027154101915	0.0	0	402.7427207628498	1698.0271541018155	1	0	1	1.8535669332969134
277200.0	2000.0	1498.0271541019347	0.0	0	417.4007264908287	1698.0271541018155	1	0	1	1.8535669332969134
278200.0	2000.0	1498.0271541019786	0.0	0	435.7530903489678	1698.0271541018155	1	0	1	1.8535669332969134
279444.18526766176	2000.0	1253.8418864401785	0.0	0	0.0	1698.0271541018155	1	0	1	1.8535669332969134
280485.3484694365	2000.0	1212.6786846653686	0.0	0	0.0	1698.0271541018737	1	0	1	1.8535669332969102
281200.0	2000.0	1498.0271541018922	0.0	0	85.0850527525181	1698.027154101932	1	0	1	1.8535669332969071
282200.0	2000.0	1498.027154101875	0.0	0	192.76435531210154	1698.027154101932	1	0	1	1.8535669332969071
283381.1702283529	2000.0	1316.8569257489728	0.0	0	0.0	1698.027154101932	1	0	1	1.8535669332969071
284666.88316531	2000.0	1031.143988791799	0.0	0	0.0	1698.027154101932	1	0	1	1.8535669332969071
285434.7034156719	2000.0	1263.323738429951	0.0	0	0.0	1698.0271541018737	1	0	1	1.8535669332969102
286200.0	2000.0	1498.0271541018694	0.0	0	125.96001629822422	1698.0271541018155	1	0	1	1.8535669332969125
287200.0	2000.0	1498.027154101931	0.0	0	403.78044203994796	1698.0271541018155	1	0	1	1.8535669332969134
288200.0	3000.0	1498.0271541019088	0.0	0	368.098100886622	1698.0271541018155	1	0	1	1.8535669332969136
289200.0	2000.0	1498.0271541019135	0.0	0	378.14106436725706	1698.0271541018155	1	0	1	1.4481018251887487
290200.0	2000.0	1498.0271541018906	0.0	0	225.18490555882454	1698.0271541018737	1	0	1	1.8535669332969125
291200.0	2000.0	1498.0271541019101	0.0	0	13.853159055521246	1698.0271541018737	1	0	1	1.8535669332969102
292693.70130966965	2000.0	1004.325844432278	0.0	0	0.0	1698.0271541018737	1	0	1	1.8535669332969102
293279.7884145842	2000.0	1418.238739517718	0.0	0	0.0	1698.0271541018737	1	0	1	1.8535669332969102
294200.0	2000.0	1498.0271541019288	0.0	0	245.37361419398803	1698.0271541018737	1	0	1	1.8535669332969102
295200.0	2000.0	1498.0271541019592	0.0	0	528.074517395522	1698.027154101932	1	0	1	1.8535669332969071
296397.6566154718	2000.0	1300.3705386301463	0.0	0	0.0	1698.027154101932	1	0	1	1.8535669332969071
297279.43509034003	2000.0	1418.5920637619206	0.0	0	0.0	1698.027154101932	1	0	1	1.8535669332969071
298200.0	2000.0	1498.0271541019506	0.0	0	104.3917695733835	1698.0271541018737	1	0	1	1.853566933296909
299200.0	2000.0	1498.0271541019774	0.0	0	262.9006169489585	1698.0271541018737	1	0	1	1.8535669332969102
300200.0	2000.0	1498.0271541020247	0.0	0	445.2776731385384	1698.0271541018737	1	0	1	1.8535669332969102
3.66	3.36	1.62	1.6	2.29	2.73	3.9	3.87	1.77	3.06	3.1	2.72	2.17	2.35	3.68	4.95	5.05	1.99	2.25	2.95	3.29	2.5	3.83	4.44	3.23	2.66	3.04	2.77	3.14	2.13	2.43	3.5	2.88	2.22	3.34	4.16	4.32	5.25	5.61	5.51	4.15	2.22	2.86	2.93	3.49	3.88	2.24	3.52	4.12	2.92	1.91	2.54	2.13	2.65	3.88	3.89	3.83	2.85	3.93	4.65	1.56	2.65	2.72	1.19	2.32	3.51	3.43	3.41	2.06	1.89	3.17	3.45	2.73	3.23	3.09	4.15	5.51	6.12	4.7	3.59	4.38	2.83	2.88	3.02	4.23	3.42	3.43	3.92	2.79	3.01	3.98	4.98	4.84	5.73	3.87	3.15	2.51	1.81	2.39	1.74	1.46	2.49	3.29	4.26	5.37	3.89	3.21	4.02	3.8	3.63	3.35	3.3	3.78	4.39	5.02	3.29	3.34	2.49	1.99	3.56	4.0	3.95	3.02	3.1	2.12	2.0	2.79	3.24	1.95	1.61	1.63	2.94	4.07	5.07	3.5	2.55	2.4	1.39	2.09	3.31	4.41	2.34	2.18	2.8	3.49	4.73	5.31	4.34	3.74	2.44	3.66	3.36	1.62	1.6	2.29	2.73	3.9	3.87	1.77	3.06	3.1	2.72	2.17	2.35	3.68	4.95	5.05	1.99	2.25	2.95	3.29	2.5	3.83	4.44	3.23	2.66	3.04	2.77	3.14	2.13	2.43	3.5	2.88	2.22	3.34	4.16	4.32	5.25	5.61	5.51	4.15	2.22	2.86	2.93	3.49	3.88	2.24	3.52	4.12	2.92	1.91	2.54	2.13	2.65	3.88	3.89	3.83	2.85	3.93	4.65	1.56	2.65	2.72	1.19	2.32	3.51	3.43	3.41	2.06	1.89	3.17	3.45	2.73	3.23	3.09	4.15	5.51	6.12	4.7	3.59	4.38	2.83	2.88	3.02	4.23	3.42	3.43	3.92	2.79	3.01	3.98	4.98	4.84	5.73	3.87	3.15	2.51	1.81	2.39	1.74	1.46	2.49	3.29	4.26	5.37	3.89	3.21	4.02	3.8	3.63	3.35	3.3	3.78	4.39	5.02	3.29	3.34	2.49	1.99	3.56	4.0	3.95	3.02	3.1	2.12	2.0	2.79	3.24	1.95	1.61	1.63	2.94	4.07	5.07	3.5	2.55	2.4	1.39	2.09	3.31	4.41	2.34	2.18	2.8	3.49	4.73	5.31	4.34
1.0	2.0	3.0	4.0	5.0	6.0	7.0	8.0	9.0	10.0	11.0	12.0	13.0	14.0	15.0	16.0	17.0	18.0	19.0	20.0	21.0	22.0	23.0	24.0	25.0	26.0	27.0	28.0	29.0	30.0	31.0	32.0	33.0	34.0	35.0	36.0	37.0	38.0	39.0	40.0	41.0	42.0	43.0	44.0	45.0	46.0	47.0	48.0	49.0	50.0	51.0	52.0	53.0	54.0	55.0	56.0	57.0	58.0	59.0	60.0	61.0	62.0	63.0	64.0	65.0	66.0	67.0	68.0	69.0	70.0	71.0	72.0	73.0	74.0	75.0	76.0	77.0	78.0	79.0	80.0	81.0	82.0	83.0	84.0	85.0	86.0	87.0	88.0	89.0	90.0	91.0	92.0	93.0	94.0	95.0	96.0	97.0	98.0	99.0	100.0	101.0	102.0	103.0	104.0	105.0	106.0	107.0	108.0	109.0	110.0	111.0	112.0	113.0	114.0	115.0	116.0	117.0	118.0	119.0	120.0	121.0	122.0	123.0	124.0	125.0	126.0	127.0	128.0	129.0	130.0	131.0	132.0	133.0	134.0	135.0	136.0	137.0	138.0	139.0	140.0	141.0	142.0	143.0	144.0	145.0	146.0	147.0	148.0	149.0	149.0	150.0	151.0	152.0	153.0	154.0	155.0	156.0	157.0	158.0	159.0	160.0	161.0	162.0	163.0	164.0	165.0	166.0	167.0	168.0	169.0	170.0	171.0	172.0	173.0	174.0	175.0	176.0	177.0	178.0	179.0	180.0	181.0	182.0	183.0	184.0	185.0	186.0	187.0	188.0	189.0	190.0	191.0	192.0	193.0	194.0	195.0	196.0	197.0	198.0	199.0	200.0	201.0	202.0	203.0	204.0	205.0	206.0	207.0	208.0	209.0	210.0	211.0	212.0	213.0	214.0	215.0	216.0	217.0	218.0	219.0	220.0	221.0	222.0	223.0	224.0	225.0	226.0	227.0	228.0	229.0	230.0	231.0	232.0	233.0	234.0	235.0	236.0	237.0	238.0	239.0	240.0	241.0	242.0	243.0	244.0	245.0	246.0	247.0	248.0	249.0	250.0	251.0	252.0	253.0	254.0	255.0	256.0	257.0	258.0	259.0	260.0	261.0	262.0	263.0	264.0	265.0	266.0	267.0	268.0	269.0	270.0	271.0	272.0	273.0	274.0	275.0	276.0	277.0	278.0	279.0	280.0	281.0	282.0	283.0	284.0	285.0	286.0	287.0	288.0	289.0	290.0	291.0	292.0	293.0	294.0	295.0	296.0	297.0
4881.965777184085
