2495.6733153360933	500.0	2000.0	104.48477571782206	0	0.0	2495.6733153360933	1	0	1	-0.7316808805326259
3200.0	3000.0	2295.6733153360933	0.0	0	110.7638792493185	2495.673315336093	1	0	1	0.40395862086802814
5173.117644826942	6000.0	1322.5556705091526	0.0	0	0.0	2495.6733153360938	1	0	1	2.195718090096083
5928.563048849116	2000.0	1567.1102664869786	0.0	0	0.0	2495.6733153360933	1	0	1	0.6916406933198088
6529.654774806807	2000.0	1966.018540529287	0.0	0	0.0	2495.6733153360915	1	0	1	1.7902529819879187
7253.462114456299	2000.0	2242.211200879796	0.0	0	0.0	2495.673315336092	1	0	1	1.7902529819879187
8200.0	2000.0	2201.0195267817253	0.0	0	313.16863803112756	2401.0195267817226	1	0	2	1.39679643833736
9200.0	3000.0	2101.0195267817257	0.0	0	246.9750444859419	2301.0195267817217	1	0	2	1.607095743998094
10200.0	3000.0	2001.019526781724	0.0	0	231.1254059572948	2201.019526781719	1	0	2	2.021667126759096
11200.0	3000.0	1901.0195267817244	0.0	0	74.85314694268345	2101.01952678172	1	0	2	2.0306636055823963
12330.063175340778	3000.0	1657.9500339068686	0.0	0	0.0	1988.0132092476415	1	0	2	2.03942848368891
13200.0	2000.0	1788.0132092476465	0.0	0	248.48565282821983	1988.0132092476415	1	0	1	1.2304425312122647
14200.0	2000.0	1788.0132092476465	0.0	0	323.7575287454547	1988.0132092476415	1	0	1	1.8359076393204297
15200.0	2000.0	1788.0132092476458	0.0	0	183.6220735912393	1988.0132092476415	1	0	1	1.8359076393204297
16200.0	2000.0	1788.0132092476445	0.0	0	121.8539644501434	1988.0132092476415	1	0	1	1.8359076393204297
17398.014358887143	2000.0	1589.9988503605066	0.0	0	0.0	1988.013209247647	1	0	1	1.8359076393204292
18240.30957946948	2000.0	1747.7036297781708	0.0	0	0.0	1988.0132092476451	1	0	1	1.8359076393204292
19200.0	2000.0	1788.013209247647	0.0	0	321.6780312348965	1988.0132092476451	1	0	1	1.8359076393204292
20200.0	2000.0	1788.0132092476433	0.0	0	140.95080758079348	1988.0132092476415	1	0	1	1.8359076393204297
21200.0	2000.0	1788.0132092476458	0.0	0	544.268548350643	1988.0132092476415	1	0	1	1.8359076393204297
22200.0	3000.0	1688.0132092476442	0.0	0	405.3669418619975	1888.0132092476342	1	0	2	1.4400882282360097
23521.062432245162	6000.0	1366.9507770024838	0.0	0	0.0	1888.0132092476342	1	0	1	2.048030062181623
24330.396924776505	2000.0	1557.6162844711437	0.0	0	0.0	1888.0132092476342	1	0	1	0.7439526654053489
25532.040434106984	2000.0	1355.9727751406679	0.0	0	0.0	1888.0132092476342	1	0	1	1.8425649540734583
26479.713033882057	2000.0	1408.3001753655958	0.0	0	0.0	1888.0132092476342	1	0	1	1.8425649540734583
27200.0	2000.0	1688.0132092476526	0.0	0	101.38038772500659	1888.0132092476306	1	0	1	1.8425649540734588
28200.0	2000.0	1688.0132092476526	0.0	0	280.8990114428452	1888.0132092476306	1	0	1	1.8425649540734588
29200.0	2000.0	1688.013209247653	0.0	0	335.7768700271299	1888.013209247627	1	0	1	1.842564954073459
30200.0	2000.0	1688.0132092476526	0.0	0	48.19721582286002	1888.013209247627	1	0	1	1.842564954073459
31200.0	2000.0	1688.0132092476542	0.0	0	315.1421200175246	1888.0132092476233	1	0	1	1.8425649540734592
32200.0	2000.0	1688.013209247655	0.0	0	547.0909470151564	1888.0132092476197	1	0	1	1.8425649540734597
33200.0	3000.0	1588.0132092476545	0.0	0	212.36890229002893	1788.0132092476197	1	0	2	1.4465977943854393
34882.135964994515	6000.0	905.8772442531335	0.0	0	0.0	1788.0132092476124	1	0	1	2.0540733222026915
35268.98617018594	2000.0	1519.0270390617086	0.0	0	0.0	1788.0132092476124	1	0	1	0.7499959254264177
36200.0	2000.0	1588.0132092476495	0.0	0	113.42054352949344	1788.0132092476051	1	0	1	1.8486082140945275
37200.0	2000.0	1588.0132092476504	0.0	0	473.2580883668488	1788.0132092476051	1	0	1	1.8486082140945275
38200.0	2000.0	1588.0132092476524	0.0	0	440.1668923249381	1788.0132092476051	1	0	1	1.8486082140945275
39200.0	3000.0	1588.0132092476515	0.0	0	201.087087072352	1788.0132092476051	1	0	1	1.8486082140945277
40366.29291060787	2000.0	1421.7202986397729	0.0	0	0.0	1788.0132092476051	1	0	1	1.4431431059863629
41200.0	2000.0	1588.0132092476415	0.0	0	88.7985580210443	1788.0132092475978	1	0	1	1.8486082140945281
42200.0	2000.0	1588.0132092476313	0.0	0	280.5756723417144	1788.0132092475978	1	0	1	1.8486082140945281
43236.5892169627	2000.0	1551.4239922849333	0.0	0	0.0	1788.0132092475978	1	0	1	1.8486082140945281
44232.21082119583	2000.0	1555.802388051805	0.0	0	0.0	1788.0132092476051	1	0	1	1.8486082140945275
45279.76484221723	2000.0	1508.2483670304096	0.0	0	0.0	1788.0132092476051	1	0	1	1.8486082140945275
46200.0	2000.0	1588.0132092476385	0.0	0	127.9060714548541	1788.0132092476051	1	0	1	1.8486082140945275
47200.0	2000.0	1588.0132092476522	0.0	0	275.77837852286757	1788.0132092476124	1	0	1	1.8486082140945272
48200.0	2000.0	1588.0132092476533	0.0	0	383.8686561648574	1788.0132092476197	1	0	1	1.8486082140945268
49200.0	2000.0	1588.013209247649	0.0	0	285.6195106692612	1788.0132092476124	1	0	1	1.8486082140945272
50200.0	2000.0	1588.0132092476406	0.0	0	393.1181346067533	1788.0132092476051	1	0	1	1.8486082140945275
51200.0	3000.0	1588.0132092476497	0.0	0	436.7307286981086	1788.0132092476051	1	0	1	1.8486082140945277
53912.831242114305	6000.0	200.0	324.8180328666593	0	0.0	2112.831242114262	1	0	1	0.2980891860814145
54658.20167474497	2000.0	645.6837351162036	191.05416774686378	0	0.0	2303.8854098611264	1	0	1	-0.4348015071576324
55347.43012113629	2000.0	956.4552887248822	0.0	0	0.0	2303.8854098611337	1	0	1	1.810135787991659
56512.201535301596	2000.0	791.6838745595768	0.0	0	0.0	2303.885409861141	1	0	1	1.8101357879916584
57133.404090086246	2000.0	1170.481319774925	0.0	0	0.0	2303.8854098611337	1	0	1	1.810135787991659
57653.98881450299	2000.0	1649.896595358182	0.0	0	0.0	2303.8854098611337	1	0	1	1.810135787991659
58200.0	2000.0	2103.885409861179	0.0	0	60.66686317634594	2303.8854098611337	1	0	1	1.810135787991659
59200.0	2000.0	2103.8854098611746	0.0	0	59.673261491749145	2303.8854098611337	1	0	1	1.810135787991659
61233.71578846995	2000.0	1070.169621391225	0.0	0	0.0	2303.8854098611337	1	0	1	1.810135787991659
61867.115260946026	1000.0	1436.770148915146	0.0	0	0.0	2303.8854098611337	1	0	1	0.4238414268717688
63336.0876005563	2000.0	967.7978093048733	0.0	0	0.0	2303.8854098611337	1	0	1	1.116988607431714
64033.39768085957	1000.0	1270.4877290016084	0.0	0	0.0	2303.885409861141	1	0	1	0.42384142687176823
64930.27177648125	2000.0	1373.613633379919	0.0	0	0.0	2303.8854098611337	1	0	1	1.116988607431714
65467.6116483436	2000.0	1836.273761517565	0.0	0	0.0	2303.8854098611264	1	0	1	1.81013578799166
66200.0	2000.0	2103.8854098611523	0.0	0	115.47675940331828	2303.885409861112	1	0	1	1.8101357879916606
67200.0	3000.0	2003.8854098611582	0.0	0	239.246773762643	2203.885409861119	1	0	2	1.416133373539234
68200.0	3000.0	1903.8854098611694	0.0	0	84.52442788126064	2103.8854098611337	1	0	2	2.0304667410989774
69365.79165178961	3000.0	1621.5145928925833	0.0	0	0.0	1987.3062446821568	1	0	2	2.039347876212867
70200.0	3000.0	1703.8854098611566	0.0	0	3.449572847908712	1903.8854098611191	1	0	2	2.0456110835659156
71200.0	3000.0	1603.885409861159	0.0	0	446.04904126090696	1803.8854098611046	1	0	2	2.0508705942568537
72312.1229497177	3000.0	1491.7624601434554	0.0	0	0.0	1803.8854098611046	1	0	1	2.053152811465115
73200.0	2000.0	1603.88540986115	0.0	0	325.84035719910753	1803.8854098611191	1	0	1	1.4422225952487848
74200.0	2000.0	1603.8854098611537	0.0	0	384.11828256971785	1803.8854098611046	1	0	1	1.8476877033569503
75200.0	3000.0	1503.8854098611655	0.0	0	99.77288908993069	1703.8854098611046	1	0	2	1.4515925891143229
76422.77483665814	2000.0	1281.110573203029	0.0	0	0.0	1703.88540986109	1	0	1	1.2477920400768612
77200.0	2000.0	1503.885409861171	0.0	0	28.086910144251306	1703.88540986109	1	0	1	1.853257148185026
78338.37652323354	2000.0	1365.5088866276183	0.0	0	0.0	1703.88540986109	1	0	1	1.853257148185026
79200.0	2000.0	1503.8854098611705	0.0	0	267.9869148880389	1703.88540986109	1	0	1	1.853257148185026
80200.0	2000.0	1503.885409861168	0.0	0	469.44091334323457	1703.8854098611046	1	0	1	1.8532571481850253
81200.0	3000.0	1503.8854098611596	0.0	0	399.906454920565	1703.8854098611046	1	0	1	1.8532571481850253
82200.0	6000.0	1503.8854098611644	0.0	0	312.0533602448704	1703.8854098611046	1	0	1	2.25872225629319
83200.0	6000.0	1503.8854098611637	0.0	0	66.35053043672815	1703.8854098611046	1	0	1	2.9518694368531353
84459.68754952471	6000.0	1244.1978603364562	0.0	0	0.0	1703.8854098611046	1	0	1	2.9518694368531353
85484.43007706567	6000.0	1219.4553327954834	0.0	0	0.0	1703.8854098611046	1	0	1	2.9518694368531353
86257.31901268548	2000.0	1446.5663971756694	0.0	0	0.0	1703.8854098611191	1	0	1	0.7546448595169147
87200.0	2000.0	1503.885409861152	0.0	0	115.73642586005735	1703.8854098611191	1	0	1	1.8532571481850244
88200.0	3000.0	1503.8854098611619	0.0	0	27.805599523693672	1703.8854098611191	1	0	1	1.8532571481850244
89200.0	2000.0	1503.885409861154	0.0	0	94.17968027939787	1703.8854098611191	1	0	1	1.4477920400768598
90200.0	2000.0	1503.8854098611728	0.0	0	411.34173063571507	1703.8854098611191	1	0	1	1.8532571481850244
91200.0	2000.0	1503.8854098611712	0.0	0	528.366068630974	1703.8854098611191	1	0	1	1.8532571481850244
92200.0	2000.0	1503.885409861175	0.0	0	313.950547340326	1703.8854098611191	1	0	1	1.8532571481850244
93200.0	2000.0	1503.8854098611916	0.0	0	278.64613123478193	1703.8854098611191	1	0	1	1.8532571481850244
94200.0	2000.0	1503.8854098612	0.0	0	327.5040073315613	1703.8854098611191	1	0	1	1.8532571481850244
95284.6782374124	3000.0	1419.207172448806	0.0	0	0.0	1703.8854098611191	1	0	1	1.8532571481850244
96200.0	2000.0	1503.8854098611935	0.0	0	360.13218988350127	1703.8854098611191	1	0	1	1.4477920400768598
97200.0	3000.0	1503.885409861176	0.0	0	220.35503459635947	1703.8854098611191	1	0	1	1.8532571481850244
98200.0	3000.0	1503.8854098611891	0.0	0	123.5217632665881	1703.8854098611337	1	0	1	2.2587222562931886
99200.0	2000.0	1503.885409861195	0.0	0	339.29327296263364	1703.8854098611337	1	0	1	1.4477920400768591
100200.0	3000.0	1503.8854098611941	0.0	0	493.45957541164535	1703.8854098611482	1	0	1	1.853257148185023
101393.66230938648	6000.0	1310.223100474728	0.0	0	0.0	1703.8854098611482	1	0	1	2.2587222562931872
102938.90972191612	6000.0	764.9756879450879	0.0	0	0.0	1703.8854098611482	1	0	1	2.951869436853132
103320.09481315932	2000.0	1383.7905967018971	0.0	0	0.0	1703.8854098611482	1	0	1	0.7546448595169133
104200.0	2000.0	1503.8854098612126	0.0	0	47.004707440704806	1703.8854098611482	1	0	1	1.853257148185023
105200.0	2000.0	1503.885409861203	0.0	0	412.0540455493756	1703.8854098611337	1	0	1	1.8532571481850237
106200.0	2000.0	1503.8854098612028	0.0	0	300.78822598622355	1703.8854098611337	1	0	1	1.8532571481850237
107200.0	3000.0	1503.8854098611948	0.0	0	131.2532855730533	1703.8854098611191	1	0	1	1.8532571481850244
108265.6054633988	3000.0	1438.279946462405	0.0	0	0.0	1703.8854098611191	1	0	1	2.258722256293189
109200.0	2000.0	1503.8854098612028	0.0	0	67.02416699212336	1703.8854098611337	1	0	1	1.4477920400768591
110200.0	2000.0	1503.8854098611855	0.0	0	174.06868305969692	1703.8854098611337	1	0	1	1.8532571481850237
111200.0	2000.0	1503.8854098611891	0.0	0	314.99453569340403	1703.8854098611337	1	0	1	1.8532571481850237
112200.0	2000.0	1503.8854098611773	0.0	0	247.28770452928438	1703.8854098611337	1	0	1	1.8532571481850237
113200.0	2000.0	1503.8854098611823	0.0	0	500.67077451238583	1703.8854098611191	1	0	1	1.8532571481850244
114200.0	3000.0	1503.8854098611698	0.0	0	65.35014800028875	1703.8854098611191	1	0	1	1.8532571481850244
115213.65008221864	3000.0	1490.2353276425174	0.0	0	0.0	1703.8854098611191	1	0	1	2.258722256293189
116200.0	2000.0	1503.8854098611494	0.0	0	331.0347618604137	1703.8854098611191	1	0	1	1.4477920400768598
117200.0	2000.0	1503.8854098611507	0.0	0	473.21708018745994	1703.8854098611191	1	0	1	1.8532571481850244
118200.0	2000.0	1503.8854098611394	0.0	0	431.83405020112696	1703.8854098611046	1	0	1	1.8532571481850253
119200.0	3000.0	1503.885409861141	0.0	0	31.17744149979262	1703.8854098611046	1	0	1	1.8532571481850253
120200.0	2000.0	1503.8854098611562	0.0	0	376.4861437827785	1703.8854098611046	1	0	1	1.4477920400768607
121200.0	2000.0	1503.8854098611546	0.0	0	535.1344784414978	1703.8854098611046	1	0	1	1.8532571481850253
122200.0	2000.0	1503.8854098611678	0.0	0	543.3288773409731	1703.8854098611046	1	0	1	1.8532571481850253
123200.0	3000.0	1503.885409861183	0.0	0	324.8091276679479	1703.8854098611046	1	0	1	1.8532571481850253
125422.56210259424	6000.0	281.32330726694596	0.0	0	0.0	1703.8854098611191	1	0	1	2.258722256293189
126228.29846358275	2000.0	589.1265620624371	113.53961578401106	0	0.0	1817.4250256451342	1	0	1	0.06704120439322059
127095.36181105244	2000.0	722.0632145927414	0.0	0	0.0	1817.4250256451487	1	0	1	1.8468911877653957
127965.59779399776	2000.0	851.8272316474186	0.0	0	0.0	1817.4250256451487	1	0	1	1.8468911877653957
128436.88873587511	2000.0	1380.5362897700613	0.0	0	0.0	1817.4250256451487	1	0	1	1.8468911877653957
129200.0	2000.0	1617.4250256451667	0.0	0	177.03211567993276	1817.4250256451487	1	0	1	1.8468911877653957
130200.0	2000.0	1617.4250256451637	0.0	0	475.17596274193784	1817.4250256451487	1	0	1	1.8468911877653957
131200.0	3000.0	1617.425025645154	0.0	0	375.11695723947196	1817.4250256451342	1	0	1	1.846891187765396
132200.0	6000.0	1617.4250256451485	0.0	0	34.61170521413442	1817.4250256451342	1	0	1	2.2523562958735615
133284.1894967894	6000.0	1533.2355288557424	0.0	0	0.0	1817.4250256451196	1	0	1	2.945503476433507
134697.68695867946	6000.0	1119.7380669656338	0.0	0	0.0	1817.4250256450905	1	0	1	2.9455034764335086
135463.3736863229	2000.0	1354.0513393221904	0.0	0	0.0	1817.4250256450905	1	0	1	0.7482788990972896
136200.0	2000.0	1617.425025645101	0.0	0	55.23246477931389	1817.4250256450905	1	0	1	1.8468911877653993
137453.73057374774	2000.0	1363.6944518973637	0.0	0	0.0	1817.4250256450905	1	0	1	1.8468911877653993
138319.90502166495	2000.0	1497.5200039801684	0.0	0	0.0	1817.4250256450905	1	0	1	1.8468911877653993
139200.0	2000.0	1617.4250256451205	0.0	0	110.61626548951608	1817.4250256451196	1	0	1	1.8468911877653973
140200.0	2000.0	1617.4250256451448	0.0	0	281.79633869830286	1817.4250256451196	1	0	1	1.8468911877653973
141200.0	2000.0	1617.425025645146	0.0	0	90.6362954537617	1817.4250256450905	1	0	1	1.8468911877653993
142200.0	2000.0	1617.4250256451269	0.0	0	341.9129405329586	1817.4250256450905	1	0	1	1.8468911877653993
143200.0	2000.0	1617.4250256450907	0.0	0	278.09046893188497	1817.4250256450905	1	0	1	1.8468911877653993
144200.0	2000.0	1617.4250256450835	0.0	0	599.731059436046	1817.4250256451196	1	0	1	1.8468911877653973
145200.0	3000.0	1617.4250256450764	0.0	0	384.4501761284482	1817.4250256451196	1	0	1	1.8468911877653975
146294.45683886786	6000.0	1522.968186777216	0.0	0	0.0	1817.4250256451487	1	0	1	2.25235629587356
148363.17394178122	6000.0	454.2510838638466	0.0	0	0.0	1817.4250256451487	1	0	1	2.9455034764335055
149332.22816443758	2000.0	514.6987679943973	29.501906786917175	0	0.0	1846.9269324320485	1	0	1	0.5694952547461862
149969.24967712705	2000.0	877.6772553049668	0.0	0	0.0	1846.9269324320485	1	0	1	1.8451189841357987
150481.33922763553	2000.0	1365.587704796494	0.0	0	0.0	1846.9269324320194	1	0	1	1.8451189841358007
151200.0	2000.0	1646.9269324320023	0.0	0	231.9035605606041	1846.9269324320194	1	0	1	1.8451189841358007
152200.0	3000.0	1646.9269324320169	0.0	0	298.7649125101161	1846.9269324320485	1	0	1	1.845118984135799
155015.6244804226	6000.0	200.0	368.6975479905475	0	0.0	2215.6244804226444	1	0	1	0.030594825135360715
155728.67458587556	2000.0	624.880797115338	137.93090256831172	0	0.0	2353.5553829908895	1	0	1	-0.12086977594095172
156536.34111435284	2000.0	817.2142686380337	0.0	0	0.0	2353.5553829908895	1	0	1	1.805327928137028
157089.01189943115	2000.0	1264.5434835597375	0.0	0	0.0	2353.5553829908895	1	0	1	1.805327928137028
157621.04196094527	2000.0	1732.5134220456007	0.0	0	0.0	2353.5553829908895	1	0	1	1.805327928137028
158200.0	2000.0	2095.659579085399	0.0	0	42.714992568216985	2295.659579085419	1	0	2	1.409223077037234
159492.9604465941	3000.0	1673.4030878318565	0.0	0	0.0	2166.3635344259965	1	0	2	1.6192144745007135
160369.79882876953	2000.0	1796.5647056564267	0.0	0	0.0	2166.3635344260256	1	0	1	1.2168540603351141
161200.0	2000.0	1966.3635344259737	0.0	0	114.43120943929534	2166.3635344260547	1	0	1	1.8223191684432742
162200.0	2000.0	1966.3635344259797	0.0	0	447.36014741362305	2166.3635344260547	1	0	1	1.8223191684432742
163200.0	2000.0	1966.3635344259442	0.0	0	225.815649427881	2166.3635344260547	1	0	1	1.8223191684432742
164200.0	3000.0	1866.3635344259453	0.0	0	105.39843133627437	2066.3635344260547	1	0	2	1.427860594442044
165489.69844639255	2000.0	1576.6650880334018	0.0	0	0.0	2066.3635344260547	1	0	1	1.224758789698164
166856.91434968624	2000.0	1209.4491847397164	0.0	0	0.0	2066.3635344260547	1	0	1	1.8302238978063288
167594.34227547553	2000.0	1472.0212589504274	0.0	0	0.0	2066.3635344260547	1	0	1	1.8302238978063288
168380.92836618552	2000.0	1685.435168240437	0.0	0	0.0	2066.3635344260547	1	0	1	1.8302238978063288
169205.05350313982	2000.0	1861.3100312861175	0.0	0	0.0	2066.3635344260547	1	0	1	1.8302238978063288
170200.0	2000.0	1866.3635344259458	0.0	0	296.18336577064474	2066.3635344260547	1	0	1	1.8302238978063288
171200.0	3000.0	1766.3635344259505	0.0	0	270.56183972914005	1966.3635344260547	1	0	2	1.4349241427595771
172200.0	6000.0	1766.3635344259555	0.0	0	75.73209548456362	1966.3635344260547	1	0	1	2.042869057734536
174214.6922444386	6000.0	751.6712899873289	0.0	0	0.0	1966.3635344260256	1	0	1	2.936016238294483
175729.62205269944	2000.0	413.40612262799846	176.6646409015054	0	0.0	2143.0281753275194	1	0	1	-0.33421106319417254
176688.39613402484	2000.0	506.6081167344752	51.97607543186433	0	0.0	2195.0042507593753	1	0	1	1.5080556068833328
177584.0999067345	2000.0	610.9043440248049	0.0	0	0.0	2195.0042507594044	1	0	1	1.8199120594745175
178362.27779046356	2000.0	832.7264602957572	0.0	0	0.0	2195.0042507594335	1	0	1	1.8199120594745137
179275.65782358457	2000.0	919.3464271747367	0.0	0	0.0	2195.0042507594335	1	0	1	1.8199120594745137
179928.12161182976	2000.0	1266.882638929526	0.0	0	0.0	2195.0042507594335	1	0	1	1.8199120594745137
180608.9089199002	2000.0	1586.0953308590804	0.0	0	0.0	2195.0042507594626	1	0	1	1.8199120594745117
181232.3044314115	2000.0	1962.6998193477975	0.0	0	0.0	2195.0042507594626	1	0	1	1.8199120594745113
182200.0	3000.0	1898.234693900436	0.0	0	157.10809331038035	2098.234693900624	1	0	2	1.4252512213475093
183200.0	3000.0	1798.2346939004137	0.0	0	179.478443483531	1998.2346939006238	1	0	2	2.0382669771533495
184200.0	3000.0	1698.2346939003887	0.0	0	150.09873085981235	1898.2346939005656	1	0	2	2.0452648687449693
186246.75196983598	6000.0	651.4827240643872	0.0	0	0.0	1898.2346939005365	1	0	1	2.0473787304303657
186615.55310942305	2000.0	1282.6815844772855	0.0	0	0.0	1898.2346939005074	1	0	1	0.7433013336540937
187200.0	2000.0	1698.234693900367	0.0	0	233.36859160725726	1898.2346939005074	1	0	1	1.8419136223222032
188594.47558010314	3000.0	1303.7591137972186	0.0	0	0.0	1898.2346939005074	1	0	1	1.8419136223222035
189352.47666005068	2000.0	1545.758033849674	0.0	0	0.0	1898.2346939005365	1	0	1	1.436448514214037
190200.0	2000.0	1698.23469390034	0.0	0	272.737259801419	1898.2346939005365	1	0	1	1.8419136223222017
191200.0	2000.0	1698.2346939003492	0.0	0	345.18612717598444	1898.2346939005365	1	0	1	1.8419136223222017
192200.0	2000.0	1698.2346939003694	0.0	0	215.7392562275054	1898.2346939005656	1	0	1	1.8419136223221997
193200.0	2000.0	1698.2346939003771	0.0	0	31.159280835883692	1898.2346939005656	1	0	1	1.8419136223221997
194200.0	2000.0	1698.2346939003792	0.0	0	4.01854263592395	1898.2346939005947	1	0	1	1.8419136223221977
195200.0	2000.0	1698.2346939004028	0.0	0	202.89841163996607	1898.2346939005947	1	0	1	1.8419136223221977
196200.0	2000.0	1698.2346939003903	0.0	0	226.35969018554897	1898.2346939006238	1	0	1	1.8419136223221957
197200.0	2000.0	1698.234693900387	0.0	0	322.3846298678545	1898.2346939005947	1	0	1	1.8419136223221977
198200.0	3000.0	1598.234693900352	0.0	0	51.57603385002585	1798.2346939005656	1	0	2	1.4462474993781536
199200.0	2000.0	1598.2346939003605	0.0	0	507.22446339949965	1798.2346939005656	1	0	1	1.2425519361254715
200200.0	3000.0	1498.2346939003605	0.0	0	547.2954990317521	1698.2346939005656	1	0	2	1.4514296586723263
203887.49340243344	6000.0	200.0	1389.2587085330474	0	0.0	3087.493402433436	1	0	1	-6.353690151288573
205194.63741424703	2000.0	221.8846833772523	329.0286951908326	0	0.0	3416.5220976242563	1	0	1	-1.446611397408653
205634.1140939788	1000.0	800.1689847552176	17.760981109717207	0	0.0	3434.283078733977	1	0	1	0.12863951642030136
206592.4248737102	2000.0	841.8582050238148	0.0	0	0.0	3434.283078733977	1	0	1	0.9283525836385498
207410.13706668347	2000.0	1024.146012050564	0.0	0	0.0	3434.2830787340063	1	0	1	1.6214997641984874
208465.46419329714	2000.0	968.8188854368921	0.0	0	0.0	3434.283078733977	1	0	1	1.621499764198489
209565.134104515	1000.0	869.1489742190532	0.0	0	0.0	3434.283078733977	1	0	1	0.2352054030786015
210295.96475167543	1000.0	1138.3183270585705	0.0	0	0.0	3434.283078733948	1	0	1	0.9283525836385575
210820.83460168846	1000.0	1613.4484770455545	0.0	0	0.0	3434.283078733948	1	0	1	0.9283525836385575
211392.99665649174	1000.0	2041.286422242279	0.0	0	0.0	3434.283078733948	1	0	1	0.9283525836385575
212620.3900920064	2000.0	1813.892986727645	0.0	0	0.0	3434.283078733948	1	0	1	0.9283525836385575
213140.69481259075	1000.0	2293.58826614329	0.0	0	0.0	3434.283078733948	1	0	1	0.23520540307861237
213771.96096980417	2000.0	2662.3221089298436	0.0	0	0.0	3434.283078733948	1	0	1	0.9283525836385575
214361.58573119034	2000.0	3072.6973475436766	0.0	0	0.0	3434.283078733977	1	0	1	1.6214997641985012
215200.0	3000.0	3150.441651853093	0.0	0	136.8349975218589	3350.4416518530634	1	0	2	1.2355799166640258
216200.0	3000.0	3050.4416518531007	0.0	0	437.14204661981785	3250.4416518530343	1	0	2	1.8631352426527372
217465.61997821863	3000.0	2658.2596758126	0.0	0	0.0	3123.8796540311305	1	0	2	1.892419109627876
218297.7069088278	3000.0	2742.9640521425194	0.0	0	0.0	3040.670960970223	1	0	2	1.9111151201065417
219200.0	3000.0	2750.441651853083	0.0	0	171.46708265377674	2950.441651852976	1	0	2	1.9262443226875423
220200.0	3000.0	2650.4416518530684	0.0	0	307.21026130599785	2850.441651852947	1	0	2	1.9421861541917824
221534.65069656595	6000.0	2315.7909552871392	0.0	0	0.0	2850.441651852947	1	0	1	1.9480408494566153
222458.86669716352	3000.0	2299.1533546297833	0.0	0	0.0	2758.020051793137	1	0	2	1.065571037675093
223200.0	3000.0	2483.9067215096647	0.0	0	208.7872550432803	2683.9067215094983	1	0	2	1.968454153113444
224200.0	3000.0	2383.906721509621	0.0	0	246.56680471554864	2583.9067215094983	1	0	2	1.9807097996016618
225547.9985352255	3000.0	1901.1083327615868	0.0	0	0.0	2449.106867986964	1	0	2	1.9978895592391008
226790.67115222634	3000.0	1534.1684540606482	0.0	0	0.0	2324.8396062868997	1	0	2	2.0094984910878884
227650.61396249692	2000.0	1674.2256437900392	0.0	0	0.0	2324.8396062868997	1	0	1	1.2026700384278484
228440.8974504399	2000.0	1883.9421558470501	0.0	0	0.0	2324.8396062869288	1	0	1	1.8081351465360105
229306.3935895983	3000.0	1931.8964027728018	0.0	0	0.0	2238.2899923711084	1	0	2	1.4141475992847932
230200.0	3000.0	1948.9293513309303	0.0	0	336.1178165008023	2148.9293513309094	1	0	2	2.026329149606077
231200.0	6000.0	1948.9293513309121	0.0	0	200.22091505807475	2148.9293513309094	1	0	1	2.029217537051794
232200.0	6000.0	1948.9293513309167	0.0	0	178.68523174681468	2148.9293513309094	1	0	1	2.9223647176117398
233251.86443594442	6000.0	1897.0649153865231	0.0	0	0.0	2148.9293513309094	1	0	1	2.9223647176117398
235258.10677903553	6000.0	890.8225722954044	0.0	0	0.0	2148.9293513309385	1	0	1	2.922364717611737
236057.34647218444	2000.0	1091.5828791464992	0.0	0	0.0	2148.9293513309094	1	0	1	0.7251401402755203
236882.49440695572	2000.0	1266.4349443751898	0.0	0	0.0	2148.9293513308803	1	0	1	1.8237524289436324
237579.13589957712	2000.0	1569.7934517537883	0.0	0	0.0	2148.9293513308803	1	0	1	1.8237524289436324
238427.4640280245	2000.0	1721.4653233063734	0.0	0	0.0	2148.9293513308803	1	0	1	1.8237524289436324
239200.0	2000.0	1948.9293513308694	0.0	0	315.18750442168675	2148.9293513308803	1	0	1	1.8237524289436324
240200.0	2000.0	1948.9293513308558	0.0	0	359.5559799570183	2148.9293513309094	1	0	1	1.82375242894363
241481.3115210796	3000.0	1539.4866781432834	0.0	0	0.0	2020.798199222918	1	0	2	1.4312569808079423
242269.74167415014	2000.0	1672.2135097656967	0.0	0	0.0	1941.9551839158812	1	0	2	1.2322379775279242
243200.0	2000.0	1741.9551839158273	0.0	0	439.0912287510582	1941.9551839159103	1	0	1	1.639053848344037
244200.0	3000.0	1741.9551839158478	0.0	0	258.5479328839865	1941.9551839159103	1	0	1	1.8390538483440373
245245.30143695796	3000.0	1592.123603262099	0.0	0	0.0	1837.4250402201142	1	0	2	1.8494854399438885
246200.0	3000.0	1541.9551839158873	0.0	0	269.2787505048618	1741.9551839159685	1	0	2	2.0547385503236897
247279.7290866235	3000.0	1462.226097292398	0.0	0	0.0	1741.9551839159685	1	0	1	2.056665530142393
248200.0	2000.0	1541.9551839158974	0.0	0	465.1582254516543	1741.9551839159394	1	0	1	1.4457353139260656
249200.0	3000.0	1541.9551839159053	0.0	0	513.6873491175647	1741.9551839159394	1	0	1	1.8512004220342302
250633.16044163055	6000.0	1108.794742285343	0.0	0	0.0	1741.9551839159103	1	0	1	2.2566655301423966
251247.93028677243	2000.0	1494.0248971434874	0.0	0	0.0	1741.9551839159394	1	0	1	0.7525881333661205
252200.0	3000.0	1541.9551839159176	0.0	0	310.4404194178351	1741.9551839159394	1	0	1	1.8512004220342302
254329.71293724375	6000.0	412.2422466721475	0.0	0	0.0	1741.9551839159394	1	0	1	2.256665530142395
254898.9438642342	2000.0	843.0113196817317	0.0	0	0.0	1741.9551839159394	1	0	1	0.7525881333661205
255460.86442580773	2000.0	1281.0907581081728	0.0	0	0.0	1741.9551839159394	1	0	1	1.8512004220342302
256200.0	2000.0	1541.9551839159087	0.0	0	159.0438722113904	1741.9551839159394	1	0	1	1.8512004220342302
257200.0	3000.0	1541.9551839159074	0.0	0	349.6030128960556	1741.9551839159103	1	0	1	1.851200422034232
258200.0	2000.0	1541.9551839159203	0.0	0	34.931479217193555	1741.9551839158812	1	0	1	1.445735313926069
259200.0	2000.0	1541.9551839159346	0.0	0	313.3306986032112	1741.9551839158812	1	0	1	1.8512004220342335
260200.0	2000.0	1541.955183915953	0.0	0	468.8295182638685	1741.9551839158812	1	0	1	1.8512004220342335
261200.0	3000.0	1541.9551839159546	0.0	0	28.938785616628593	1741.9551839159103	1	0	1	1.851200422034232
262200.0	2000.0	1541.9551839159572	0.0	0	344.70110153692076	1741.9551839159394	1	0	1	1.4457353139260656
263200.0	3000.0	1541.9551839159988	0.0	0	165.87031252193265	1741.9551839159976	1	0	1	1.851200422034227
264200.0	2000.0	1541.9551839159953	0.0	0	213.86306302249432	1741.9551839159685	1	0	1	1.4457353139260627
265200.0	2000.0	1541.9551839160467	0.0	0	150.0794944075751	1741.9551839159685	1	0	1	1.8512004220342284
266200.0	2000.0	1541.9551839160101	0.0	0	378.2351976429927	1741.9551839159685	1	0	1	1.8512004220342284
267200.0	3000.0	1541.9551839160963	0.0	0	183.8147564487881	1741.9551839159685	1	0	1	1.8512004220342286
268200.0	3000.0	1541.9551839161209	0.0	0	9.44793145247968	1741.9551839159103	1	0	1	2.2566655301423966
269200.0	2000.0	1541.9551839161363	0.0	0	170.54819390462944	1741.9551839159685	1	0	1	1.4457353139260638
270200.0	2000.0	1541.9551839161459	0.0	0	287.399247480731	1741.9551839159103	1	0	1	1.8512004220342317
271200.0	2000.0	1541.9551839160818	0.0	0	484.04995542700635	1741.9551839159103	1	0	1	1.8512004220342317
272200.0	3000.0	1541.9551839161147	0.0	0	113.58497252629604	1741.9551839159685	1	0	1	1.8512004220342286
273200.0	3000.0	1541.9551839160897	0.0	0	343.6141577429953	1741.9551839159685	1	0	1	2.256665530142393
274200.0	2000.0	1541.9551839160945	0.0	0	261.6990319325705	1741.9551839159685	1	0	1	1.4457353139260638
275200.0	2000.0	1541.9551839160583	0.0	0	373.93463008629624	1741.9551839159103	1	0	1	1.8512004220342317
276200.0	2000.0	1541.9551839159938	0.0	0	405.32734091952443	1741.9551839159103	1	0	1	1.8512004220342317
277200.0	2000.0	1541.955183915996	0.0	0	479.4493516807561	1741.9551839159103	1	0	1	1.8512004220342317
278200.0	2000.0	1541.955183915982	0.0	0	314.18071272288216	1741.9551839159103	1	0	1	1.8512004220342317
279200.0	2000.0	1541.955183916025	0.0	0	490.08214086003136	1741.9551839159103	1	0	1	1.8512004220342317
280200.0	3000.0	1541.955183916018	0.0	0	388.21598996123066	1741.9551839159103	1	0	1	1.851200422034232
281786.15888211626	6000.0	955.7963017997363	0.0	0	0.0	1741.9551839159685	1	0	1	2.256665530142393
282258.9257249841	2000.0	1483.0294589318844	0.0	0	0.0	1741.9551839159685	1	0	1	0.7525881333661188
283200.0	3000.0	1541.955183915965	0.0	0	103.94234739942476	1741.9551839159685	1	0	1	1.8512004220342286
284610.97042227635	3000.0	1130.9847616396196	0.0	0	0.0	1741.9551839159103	1	0	1	2.2566655301423966
285670.5549625202	2000.0	1071.4002213957938	0.0	0	0.0	1741.9551839159103	1	0	1	1.4457353139260671
286704.01832867484	2000.0	1037.9368552411834	0.0	0	0.0	1741.9551839159103	1	0	1	1.851200422034231
287663.3501913	2000.0	1078.6049926160536	0.0	0	0.0	1741.9551839160267	1	0	1	1.8512004220342257
288316.03790580743	2000.0	1425.9172781086056	0.0	0	0.0	1741.9551839160267	1	0	1	1.8512004220342253
289200.0	2000.0	1541.9551839159892	0.0	0	59.69733933772659	1741.9551839159685	1	0	1	1.8512004220342284
290200.0	2000.0	1541.955183915977	0.0	0	350.66606538486667	1741.9551839160267	1	0	1	1.8512004220342253
291200.0	2000.0	1541.95518391599	0.0	0	6.312568992434535	1741.9551839159685	1	0	1	1.8512004220342284
292200.0	2000.0	1541.9551839159858	0.0	0	391.99855503672734	1741.9551839160267	1	0	1	1.8512004220342253
293200.0	2000.0	1541.955183916031	0.0	0	508.44589378056116	1741.9551839160267	1	0	1	1.8512004220342253
294200.0	3000.0	1541.9551839159792	0.0	0	111.91297946998384	1741.9551839160267	1	0	1	1.8512004220342255
295592.57228912023	6000.0	1149.3828947957468	0.0	0	0.0	1741.9551839159685	1	0	1	2.2566655301423912
296598.5600133729	3000.0	1143.3951705430313	0.0	0	0.0	1741.9551839159685	1	0	1	1.5635183495824483
297503.61746565177	2000.0	1238.337718264111	0.0	0	0.0	1741.9551839159685	1	0	1	1.4457353139260638
298441.3322785247	2000.0	1300.6229053912434	0.0	0	0.0	1741.9551839159685	1	0	1	1.8512004220342284
299200.868568519	2000.0	1541.086615396968	0.0	0	0.0	1741.9551839160267	1	0	1	1.8512004220342253
300200.0	2000.0	1541.9551839159187	0.0	0	464.05311986402376	1741.9551839160267	1	0	1	1.8512004220342253
6.17	2.32	2.86	2.87	3.01	3.8	4.29	3.07	2.39	2.81	3.37	3.43	2.46	1.84	1.47	2.59	2.87	3.22	4.03	5.35	5.39	2.03	2.28	1.41	2.58	2.48	2.99	2.21	3.23	4.43	4.9	4.05	4.27	3.13	4.11	5.07	3.0	1.92	2.98	3.6	1.8	1.89	2.26	2.57	3.54	3.75	3.03	4.29	5.5	2.54	1.32	2.31	2.44	1.58	2.61	3.32	2.02	1.03	1.36	1.76	1.92	1.75	2.7	3.95	4.22	3.01	3.46	4.4	4.87	3.45	3.35	4.47	3.37	1.54	3.49	2.25	3.41	4.46	5.76	6.9	8.38	5.28	4.87	2.98	3.37	2.51	3.0	3.49	3.94	2.5	3.09	4.33	3.5	3.87	3.86	3.17	4.33	5.5	5.61	3.88	4.66	3.24	3.71	3.9	4.03	3.48	2.49	3.08	4.17	3.28	3.86	3.56	2.5	3.32	4.12	3.7	3.1	3.23	3.52	3.78	4.41	3.7	2.37	2.72	2.98	3.29	3.43	4.12	5.14	4.95	4.62	4.3	2.8	2.86	2.14	2.4	3.06	3.15	2.42	2.43	3.72	4.66	4.45	5.83	4.36	2.63	2.73	3.53	4.83	6.21	6.17	2.32	2.86	2.87	3.01	3.8	4.29	3.07	2.39	2.81	3.37	3.43	2.46	1.84	1.47	2.59	2.87	3.22	4.03	5.35	5.39	2.03	2.28	1.41	2.58	2.48	2.99	2.21	3.23	4.43	4.9	4.05	4.27	3.13	4.11	5.07	3.0	1.92	2.98	3.6	1.8	1.89	2.26	2.57	3.54	3.75	3.03	4.29	5.5	2.54	1.32	2.31	2.44	1.58	2.61	3.32	2.02	1.03	1.36	1.76	1.92	1.75	2.7	3.95	4.22	3.01	3.46	4.4	4.87	3.45	3.35	4.47	3.37	1.54	3.49	2.25	3.41	4.46	5.76	6.9	8.38	5.28	4.87	2.98	3.37	2.51	3.0	3.49	3.94	2.5	3.09	4.33	3.5	3.87	3.86	3.17	4.33	5.5	5.61	3.88	4.66	3.24	3.71	3.9	4.03	3.48	2.49	3.08	4.17	3.28	3.86	3.56	2.5	3.32	4.12	3.7	3.1	3.23	3.52	3.78	4.41	3.7	2.37	2.72	2.98	3.29	3.43	4.12	5.14	4.95	4.62	4.3	2.8	2.86	2.14	2.4	3.06	3.15	2.42	2.43	3.72	4.66	4.45	5.83	4.36	2.63	2.73	3.53	4.83	6.21	6.17	2.32
1.0	2.0	3.0	4.0	5.0	6.0	7.0	8.0	9.0	10.0	11.0	12.0	13.0	14.0	15.0	16.0	17.0	18.0	19.0	20.0	21.0	22.0	23.0	24.0	25.0	26.0	27.0	28.0	29.0	30.0	31.0	32.0	33.0	34.0	35.0	36.0	37.0	38.0	39.0	40.0	41.0	42.0	43.0	44.0	45.0	46.0	47.0	48.0	49.0	50.0	51.0	52.0	53.0	54.0	55.0	56.0	57.0	58.0	59.0	60.0	61.0	62.0	63.0	64.0	65.0	66.0	67.0	68.0	69.0	70.0	71.0	72.0	73.0	74.0	75.0	76.0	77.0	78.0	79.0	80.0	81.0	82.0	83.0	84.0	85.0	86.0	87.0	88.0	89.0	90.0	91.0	92.0	93.0	94.0	95.0	96.0	97.0	98.0	99.0	100.0	101.0	102.0	103.0	104.0	105.0	106.0	107.0	108.0	109.0	110.0	111.0	112.0	113.0	114.0	115.0	116.0	117.0	118.0	119.0	120.0	121.0	122.0	123.0	124.0	125.0	126.0	127.0	128.0	129.0	130.0	131.0	132.0	133.0	134.0	135.0	136.0	137.0	138.0	139.0	140.0	141.0	142.0	143.0	144.0	145.0	146.0	147.0	148.0	149.0	149.0	150.0	151.0	152.0	153.0	154.0	155.0	156.0	157.0	158.0	159.0	160.0	161.0	162.0	163.0	164.0	165.0	166.0	167.0	168.0	169.0	170.0	171.0	172.0	173.0	174.0	175.0	176.0	177.0	178.0	179.0	180.0	181.0	182.0	183.0	184.0	185.0	186.0	187.0	188.0	189.0	190.0	191.0	192.0	193.0	194.0	195.0	196.0	197.0	198.0	199.0	200.0	201.0	202.0	203.0	204.0	205.0	206.0	207.0	208.0	209.0	210.0	211.0	212.0	213.0	214.0	215.0	216.0	217.0	218.0	219.0	220.0	221.0	222.0	223.0	224.0	225.0	226.0	227.0	228.0	229.0	230.0	231.0	232.0	233.0	234.0	235.0	236.0	237.0	238.0	239.0	240.0	241.0	242.0	243.0	244.0	245.0	246.0	247.0	248.0	249.0	250.0	251.0	252.0	253.0	254.0	255.0	256.0	257.0	258.0	259.0	260.0	261.0	262.0	263.0	264.0	265.0	266.0	267.0	268.0	269.0	270.0	271.0	272.0	273.0	274.0	275.0	276.0	277.0	278.0	279.0	280.0	281.0	282.0	283.0	284.0	285.0	286.0	287.0	288.0	289.0	290.0	291.0	292.0	293.0	294.0	295.0	296.0	297.0	298.0	298.0	299.0	300.0
2322.264595144001
