4767.603510643615	300.0	2000.0	130.3750492214115	0	0.0	4767.603510643615	1	0	1	-1.6587114572975254
5656.120058085026	2000.0	2022.6317978144468	0.0	0	0.0	4678.751855899473	1	0	2	-1.2472919932644186
6873.419778208563	3000.0	1683.6021056785564	0.0	0	0.0	4557.021883887119	1	0	2	0.9208829521573308
7813.337911001267	2000.0	1649.6921596065813	0.0	0	0.0	4463.030070607847	1	0	2	0.577859351287548
8547.48967427358	2000.0	1842.1252200070364	0.0	0	0.0	4389.614894280616	1	0	2	1.029477496139634
9730.956651262433	2000.0	1540.3115453192988	0.0	0	0.0	4271.268196581731	1	0	2	1.092254957055645
10697.941535671378	2000.0	1476.6281724694604	0.0	0	0.0	4174.569708140837	1	0	2	1.140848224359401
11362.937172905156	2000.0	1745.1329715123063	0.0	0	0.0	4108.070144417462	1	0	2	1.1753727057264054
11907.447357126684	2000.0	2146.171768868624	0.0	0	0.0	4053.6191259953093	1	0	2	1.2015612923980412
12626.35103122645	3000.0	2355.3777273588826	0.0	0	0.0	3981.7287585853337	1	0	2	1.230708544145738
13523.627089255993	3000.0	2368.3740635263857	0.0	0	0.0	3892.001152782377	1	0	2	1.669970264600982
14659.111034497628	3000.0	2119.3417237605863	0.0	0	0.0	3778.4527582582123	1	0	2	1.7108065226131532
15481.811289090247	3000.0	2214.3714437087037	0.0	0	0.0	3696.1827327989486	1	0	2	1.742107821781344
16398.554771290284	3000.0	2205.9536132886606	0.0	0	0.0	3604.5083845789413	1	0	2	1.7713461030334878
17341.89119491122	3000.0	2168.283547305627	0.0	0	0.0	3510.1747422168446	1	0	2	1.7991163945360953
18242.343290860827	3000.0	2177.7862417610645	0.0	0	0.0	3420.129532621888	1	0	2	1.8245431550946458
18765.029120580708	3000.0	2602.8318290691996	0.0	0	0.0	3367.860949649903	1	0	2	1.8409966538439937
19594.39870640168	3000.0	2690.5252846661283	0.0	0	0.0	3284.9239910678043	1	0	2	1.8598728800426514
20200.0	3000.0	3024.363861707977	0.0	0	100.24108094911571	3224.363861707974	1	0	2	1.8732413256018399
21200.0	6000.0	3024.363861707979	0.0	0	12.057223487434385	3224.3638617079705	1	0	1	1.877855421658327
22279.934376518115	6000.0	2944.4294851898658	0.0	0	0.0	3224.3638617079705	1	0	1	2.771002602218272
24021.35060621968	6000.0	2203.0132554882975	0.0	0	0.0	3224.3638617079705	1	0	1	2.771002602218272
25703.706528928487	3000.0	1352.4217405086088	0.0	0	0.0	3056.128269437093	1	0	2	1.0103123833234537
26705.43775345124	2000.0	1350.690515985856	0.0	0	0.0	3056.1282694370966	1	0	1	1.1014375646540318
27893.352558753526	2000.0	1162.775710683567	0.0	0	0.0	3056.1282694370966	1	0	1	1.7069026727621965
28743.97235234874	2000.0	1312.1559170883488	0.0	0	0.0	3056.1282694370966	1	0	1	1.7069026727621965
29283.851457763307	2000.0	1772.276811673778	0.0	0	0.0	3056.1282694370966	1	0	1	1.7069026727621965
29690.59478751795	2000.0	2365.533481919134	0.0	0	0.0	3056.128269437093	1	0	1	1.7069026727621974
30480.26661549076	3000.0	2496.8944711490426	0.0	0	0.0	2977.1610866398114	1	0	2	1.3175094660937576
31759.413649160368	3000.0	2089.8327341124736	0.0	0	0.0	2849.24638327285	1	0	2	1.9418102031894977
32913.030633528775	2000.0	1936.2157497440617	0.0	0	0.0	2849.24638327285	1	0	1	1.1372989939241667
33813.61639684029	2000.0	2035.6299864325456	0.0	0	0.0	2849.2463832728536	1	0	1	1.7427641020323303
34876.52485201502	2000.0	1972.7215312578144	0.0	0	0.0	2849.2463832728536	1	0	1	1.7427641020323303
35548.787287091545	2000.0	2300.459096181295	0.0	0	0.0	2849.246383272857	1	0	1	1.7427641020323308
36200.0	2000.0	2649.2463832728413	0.0	0	112.78717464393412	2849.246383272861	1	0	1	1.7427641020323295
37695.19834950338	3000.0	2004.5281988191216	0.0	0	0.0	2699.72654832252	1	0	2	1.3590144727310793
38597.786990702	3000.0	2011.6806935006316	0.0	0	0.0	2609.4676842026456	1	0	2	1.9791550139290774
39525.7783522376	3000.0	1990.8901958114755	0.0	0	0.0	2516.6685480490924	1	0	2	1.9905597314105103
40200.0	3000.0	2249.246383272824	0.0	0	7.069940420529747	2449.246383272839	1	0	2	1.99894385805184
41906.215101739326	3000.0	1372.409771359562	0.0	0	0.0	2278.6248730988955	1	0	2	2.013440796745907
42890.26298085503	2000.0	1388.3618922438668	0.0	0	0.0	2278.624873098888	1	0	1	1.2070300394649243
44063.99295672052	2000.0	1214.631916378375	0.0	0	0.0	2278.624873098888	1	0	1	1.812495147573089
44655.31149453362	2000.0	1623.3133785652794	0.0	0	0.0	2278.624873098888	1	0	1	1.812495147573089
45302.63700170146	2000.0	1975.987871397442	0.0	0	0.0	2278.624873098888	1	0	1	1.812495147573089
46200.0	2000.0	2078.6248730989078	0.0	0	429.1152727380031	2278.6248730988955	1	0	1	1.8124951475730882
47200.0	2000.0	1978.6248730989105	0.0	0	389.04992228330957	2178.624873098888	1	0	2	1.4180326902539986
48200.0	3000.0	1878.6248730989153	0.0	0	506.25919222484663	2078.624873098888	1	0	2	1.6262695712161424
50717.1557554911	6000.0	361.469117607822	0.0	0	0.0	2078.624873098888	1	0	1	2.0347601089344267
51773.93238274815	2000.0	400.8035593842402	96.1110690334769	0	0.0	2174.735942132371	1	0	1	0.14634361888237046
53153.47631903443	2000.0	200.0	178.7403769020372	0	0.0	2353.4763190344092	1	0	1	0.7346688028828796
53572.75164094022	500.0	859.7118618466018	78.98718375239957	0	0.0	2432.463502786806	1	0	1	-1.4493033572799359
54275.3361537521	2000.0	1157.1273490347307	0.0	0	0.0	2432.463502786799	1	0	1	0.41091410635435266
54977.112848280274	2000.0	1455.350654506554	0.0	0	0.0	2432.4635027867917	1	0	1	1.7972084674742441
55420.34596925079	2000.0	2012.1175335360401	0.0	0	0.0	2432.4635027867917	1	0	1	1.7972084674742441
56327.826813477295	2000.0	2104.6366893095333	0.0	0	0.0	2432.4635027867917	1	0	1	1.7972084674742441
57200.0	2000.0	2232.4635027868335	0.0	0	78.51350146272307	2432.4635027867917	1	0	1	1.7972084674742441
58200.0	2000.0	2232.4635027868308	0.0	0	264.8380342111559	2432.4635027867844	1	0	1	1.797208467474245
59200.0	2000.0	2232.463502786834	0.0	0	284.03419751792535	2432.463502786777	1	0	1	1.7972084674742455
60200.0	2000.0	2132.4635027868308	0.0	0	281.4108766487916	2332.463502786777	1	0	2	1.4036545983372728
61200.0	2000.0	2032.4635027868314	0.0	0	109.63324779750837	2232.46350278677	1	0	2	1.6138694811035423
62310.72387344477	3000.0	1810.667241997594	0.0	0	0.0	2121.3911154422967	1	0	2	1.6235645214535221
63239.9949020006	2000.0	1788.4691105861698	0.0	0	0.0	2028.4640125867154	1	0	2	1.225648355961206
64200.0	2000.0	1828.4640125867745	0.0	0	291.16433494457306	2028.4640125867154	1	0	1	1.6330267963523042
65638.66336553979	2000.0	1389.800647046986	0.0	0	0.0	2028.4640125867154	1	0	1	1.8330267963523044
66672.0010604325	2000.0	1356.462952154275	0.0	0	0.0	2028.46401258673	1	0	1	1.8330267963523037
67459.4923191419	2000.0	1568.9716934448927	0.0	0	0.0	2028.46401258673	1	0	1	1.8330267963523033
68200.0	2000.0	1828.4640125867709	0.0	0	75.37160575769667	2028.46401258673	1	0	1	1.8330267963523037
69200.0	3000.0	1828.464012586782	0.0	0	233.1915399508871	2028.46401258673	1	0	1	1.833026796352304
70200.0	3000.0	1828.4640125867802	0.0	0	485.786157990864	2028.46401258673	1	0	1	2.2384919044604685
72410.71132973999	6000.0	617.7526828467887	0.0	0	0.0	2028.46401258673	1	0	1	2.238491904460468
73169.7569052264	2000.0	858.7071073603984	0.0	0	0.0	2028.46401258673	1	0	1	0.734414507684194
73730.13878546716	2000.0	1298.325227119619	0.0	0	0.0	2028.4640125867154	1	0	1	1.8330267963523044
74251.21286382595	2000.0	1777.25114876083	0.0	0	0.0	2028.4640125867154	1	0	1	1.8330267963523044
75200.0	2000.0	1828.4640125867638	0.0	0	225.51720935254707	2028.4640125867154	1	0	1	1.8330267963523044
76641.10636045453	3000.0	1243.247016086781	0.0	0	0.0	1884.3533765412576	1	0	2	1.4401123645155183
77421.46578580883	2000.0	1462.8875907324757	0.0	0	0.0	1884.3533765412576	1	0	1	1.2373314952739003
78200.0	2000.0	1684.3533765413074	0.0	0	198.65013886758243	1884.3533765412576	1	0	1	1.842796603382065
79200.0	2000.0	1684.353376541298	0.0	0	529.4234395175299	1884.3533765412576	1	0	1	1.842796603382065
80200.0	3000.0	1584.353376541318	0.0	0	384.67211253996356	1784.3533765412576	1	0	2	1.4465603310143245
81200.0	3000.0	1584.35337654133	0.0	0	206.33271832420724	1784.3533765412576	1	0	1	2.0542835702185993
82200.0	3000.0	1584.3533765413408	0.0	0	117.38348634135036	1784.3533765412576	1	0	1	2.2542835702185995
83200.0	6000.0	1584.3533765413447	0.0	0	85.79794099999708	1784.3533765412576	1	0	1	2.2542835702185995
84702.64325175007	6000.0	1081.7101247912778	0.0	0	0.0	1784.3533765412576	1	0	1	2.947430750778545
85200.0	2000.0	1584.3533765413486	0.0	0	58.198052878535236	1784.353376541243	1	0	1	0.750206173442326
86200.0	2000.0	1584.3533765413404	0.0	0	377.0021450362983	1784.3533765412285	1	0	1	1.8488184621104364
87200.0	2000.0	1584.3533765413463	0.0	0	274.1103412623197	1784.353376541243	1	0	1	1.8488184621104355
88200.0	2000.0	1584.3533765413522	0.0	0	359.73106277690385	1784.353376541243	1	0	1	1.8488184621104355
89200.0	2000.0	1584.3533765413536	0.0	0	189.701432441856	1784.353376541243	1	0	1	1.8488184621104355
90392.8840051687	3000.0	1272.1809708557792	0.0	0	0.0	1665.0649760243687	1	0	2	1.4536160461475016
91460.63772803755	2000.0	1204.4272479869333	0.0	0	0.0	1665.0649760243687	1	0	1	1.249812311818975
92408.90203767686	2000.0	1256.1629383476263	0.0	0	0.0	1665.0649760243687	1	0	1	1.8552774199271398
93236.43591447556	2000.0	1428.6290615489322	0.0	0	0.0	1665.0649760243832	1	0	1	1.8552774199271391
94200.0	2000.0	1465.0649760245064	0.0	0	14.306045937497402	1665.0649760243832	1	0	1	1.8552774199271391
95200.0	2000.0	1465.0649760245074	0.0	0	66.39084752934286	1665.0649760243832	1	0	1	1.8552774199271391
96200.0	2000.0	1465.0649760245292	0.0	0	261.41031995305093	1665.0649760243832	1	0	1	1.8552774199271391
97200.0	2000.0	1465.0649760245242	0.0	0	401.9438753516006	1665.0649760243832	1	0	1	1.8552774199271391
98200.0	2000.0	1465.064976024532	0.0	0	565.6067066643591	1665.0649760243832	1	0	1	1.8552774199271391
99200.0	3000.0	1465.0649760245315	0.0	0	427.2658999085397	1665.0649760243832	1	0	1	1.8552774199271393
100386.67085233562	6000.0	1278.394123688902	0.0	0	0.0	1665.0649760243832	1	0	1	2.260742528035304
101200.0	2000.0	1465.0649760245142	0.0	0	114.92036921248655	1665.0649760243832	1	0	1	0.7566651312590295
102200.0	2000.0	1465.0649760245174	0.0	0	400.02677851892076	1665.0649760243978	1	0	1	1.8552774199271382
103200.0	2000.0	1465.0649760245174	0.0	0	459.7548220958415	1665.0649760243978	1	0	1	1.8552774199271382
104200.0	2000.0	1465.06497602452	0.0	0	196.07535915315384	1665.0649760243978	1	0	1	1.8552774199271382
105516.02845737129	2000.0	1149.0365186532356	0.0	0	0.0	1665.0649760244123	1	0	1	1.8552774199271376
106465.53248178361	2000.0	1199.5324942409136	0.0	0	0.0	1665.0649760243978	1	0	1	1.8552774199271382
107200.0	2000.0	1465.0649760245262	0.0	0	239.86728268310253	1665.0649760243978	1	0	1	1.8552774199271382
108200.0	2000.0	1465.0649760245274	0.0	0	474.44262576985057	1665.0649760243978	1	0	1	1.8552774199271382
109200.0	2000.0	1465.064976024528	0.0	0	566.2832870093116	1665.0649760243978	1	0	1	1.8552774199271382
110263.61191605729	3000.0	1401.4530599672312	0.0	0	0.0	1665.0649760243978	1	0	1	1.8552774199271385
111200.0	2000.0	1465.0649760245135	0.0	0	451.5096232455253	1665.0649760243978	1	0	1	1.4498123118189736
112200.0	2000.0	1465.0649760245055	0.0	0	102.57084822627075	1665.0649760243978	1	0	1	1.8552774199271382
113200.0	2000.0	1465.0649760245146	0.0	0	411.33845014622784	1665.0649760243978	1	0	1	1.8552774199271382
114200.0	2000.0	1465.0649760245292	0.0	0	280.8249064857373	1665.0649760243978	1	0	1	1.8552774199271382
115200.0	2000.0	1465.0649760245199	0.0	0	519.21293528979	1665.0649760243978	1	0	1	1.8552774199271382
116699.56310089734	6000.0	965.5018751271731	0.0	0	0.0	1665.0649760243978	1	0	1	1.8552774199271385
117231.53223905721	2000.0	1433.532736967312	0.0	0	0.0	1665.0649760244123	1	0	1	0.756665131259028
118200.0	2000.0	1465.0649760245215	0.0	0	429.06804386359	1665.0649760243978	1	0	1	1.8552774199271382
119200.0	2000.0	1465.0649760245358	0.0	0	20.57378287333995	1665.0649760244123	1	0	1	1.8552774199271376
120200.0	2000.0	1465.0649760245326	0.0	0	83.58854466224147	1665.0649760244123	1	0	1	1.8552774199271376
121517.45250683035	2000.0	1147.6124691941773	0.0	0	0.0	1665.0649760244269	1	0	1	1.855277419927137
122200.0	2000.0	1465.0649760245312	0.0	0	85.87525898798776	1665.0649760244269	1	0	1	1.855277419927137
123200.0	2000.0	1465.0649760245199	0.0	0	324.9579736861051	1665.0649760244269	1	0	1	1.855277419927137
124200.0	2000.0	1465.0649760245224	0.0	0	408.25126315852685	1665.0649760244269	1	0	1	1.855277419927137
125200.0	3000.0	1465.0649760245303	0.0	0	296.43486126879	1665.0649760244269	1	0	1	1.8552774199271371
126200.0	2000.0	1465.0649760245124	0.0	0	488.4937346380757	1665.0649760244269	1	0	1	1.4498123118189723
127200.0	3000.0	1465.0649760245017	0.0	0	81.81307543095318	1665.0649760244269	1	0	1	1.8552774199271371
128200.0	2000.0	1465.0649760245026	0.0	0	550.2694766167406	1665.0649760244269	1	0	1	1.4498123118189723
129200.0	2000.0	1465.064976024497	0.0	0	418.0829844541295	1665.0649760244269	1	0	1	1.855277419927137
130200.0	3000.0	1465.0649760244994	0.0	0	230.12540657773206	1665.0649760244414	1	0	1	1.8552774199271365
131200.0	3000.0	1465.0649760244844	0.0	0	46.479291071678745	1665.0649760244414	1	0	1	2.2607425280353013
132285.14521819292	3000.0	1379.9197578315589	0.0	0	0.0	1665.0649760244269	1	0	1	2.260742528035302
133200.0	2000.0	1465.0649760244619	0.0	0	162.34897749338415	1665.0649760244123	1	0	1	1.449812311818973
134200.0	2000.0	1465.0649760244946	0.0	0	434.0128991434467	1665.0649760244123	1	0	1	1.8552774199271376
135200.0	3000.0	1465.0649760244999	0.0	0	321.54982536053285	1665.0649760243832	1	0	1	1.8552774199271393
136200.0	3000.0	1465.064976024514	0.0	0	4.312564325227868	1665.0649760244123	1	0	1	2.2607425280353026
137200.0	2000.0	1465.0649760244905	0.0	0	276.9497389206372	1665.0649760243832	1	0	1	1.4498123118189745
138200.0	2000.0	1465.0649760244946	0.0	0	186.09438608196797	1665.0649760243832	1	0	1	1.8552774199271391
139200.0	2000.0	1465.0649760244635	0.0	0	273.54078824885073	1665.0649760243832	1	0	1	1.8552774199271391
140200.0	2000.0	1465.0649760244892	0.0	0	448.8160890721192	1665.0649760243832	1	0	1	1.8552774199271391
141200.0	2000.0	1465.0649760244685	0.0	0	373.26262229061103	1665.0649760243832	1	0	1	1.8552774199271391
142200.0	2000.0	1465.0649760244892	0.0	0	399.59826931593125	1665.0649760243832	1	0	1	1.8552774199271391
143200.0	2000.0	1465.0649760244717	0.0	0	433.4744350904948	1665.0649760243832	1	0	1	1.8552774199271391
144200.0	2000.0	1465.0649760244658	0.0	0	364.6298005831195	1665.064976024354	1	0	1	1.8552774199271407
145200.0	3000.0	1465.0649760244853	0.0	0	453.3349246663565	1665.064976024354	1	0	1	1.855277419927141
146200.0	6000.0	1465.0649760244903	0.0	0	96.86802743581939	1665.064976024354	1	0	1	2.2607425280353053
147200.0	6000.0	1465.0649760245103	0.0	0	66.94689569371985	1665.0649760243832	1	0	1	2.9538897085952485
148647.25652267205	6000.0	1017.8084533524731	0.0	0	0.0	1665.0649760243832	1	0	1	2.9538897085952485
149305.88730165423	2000.0	1359.1776743702985	0.0	0	0.0	1665.0649760243832	1	0	1	0.7566651312590295
150200.0	2000.0	1465.0649760245421	0.0	0	425.32585013849894	1665.0649760243832	1	0	1	1.8552774199271391
151200.0	2000.0	1465.064976024547	0.0	0	183.56316353342845	1665.0649760243832	1	0	1	1.8552774199271391
152200.0	2000.0	1465.064976024521	0.0	0	109.14522051659878	1665.064976024354	1	0	1	1.8552774199271407
153200.0	2000.0	1465.064976024544	0.0	0	414.0500059197366	1665.064976024354	1	0	1	1.8552774199271407
154200.0	2000.0	1465.0649760245244	0.0	0	504.82264158077305	1665.064976024354	1	0	1	1.8552774199271407
155200.0	2000.0	1465.0649760244892	0.0	0	75.82777671134681	1665.064976024354	1	0	1	1.8552774199271407
156200.0	2000.0	1465.0649760244658	0.0	0	354.31892434405745	1665.064976024354	1	0	1	1.8552774199271407
157200.0	2000.0	1465.0649760244453	0.0	0	167.73430985445157	1665.064976024354	1	0	1	1.8552774199271407
158200.0	2000.0	1465.0649760244523	0.0	0	111.56977505420218	1665.064976024325	1	0	1	1.855277419927142
159304.22645006457	2000.0	1360.8385259598758	0.0	0	0.0	1665.064976024354	1	0	1	1.8552774199271407
160200.0	2000.0	1465.064976024426	0.0	0	200.31647865040577	1665.064976024354	1	0	1	1.8552774199271407
161200.0	2000.0	1465.064976024422	0.0	0	386.3424764255178	1665.064976024354	1	0	1	1.8552774199271407
162200.0	2000.0	1465.0649760244444	0.0	0	502.5266240341298	1665.064976024354	1	0	1	1.8552774199271407
163200.0	3000.0	1465.0649760244235	0.0	0	261.6072699439246	1665.064976024354	1	0	1	1.855277419927141
164200.0	2000.0	1465.0649760244385	0.0	0	306.42170241239364	1665.064976024354	1	0	1	1.449812311818976
165200.0	2000.0	1465.064976024439	0.0	0	498.1579847672547	1665.064976024325	1	0	1	1.855277419927142
166200.0	3000.0	1465.0649760244228	0.0	0	91.34941087491461	1665.064976024325	1	0	1	1.8552774199271422
167200.0	2000.0	1465.0649760244014	0.0	0	292.86029135715216	1665.064976024296	1	0	1	1.449812311818979
168200.0	2000.0	1465.0649760243948	0.0	0	564.0667660030886	1665.064976024296	1	0	1	1.8552774199271436
169200.0	3000.0	1465.0649760244091	0.0	0	429.8534642457671	1665.064976024296	1	0	1	1.8552774199271438
170328.14981609074	6000.0	1336.9151599336778	0.0	0	0.0	1665.064976024296	1	0	1	2.2607425280353084
171488.62555077378	6000.0	1176.4394252506345	0.0	0	0.0	1665.0649760242668	1	0	1	2.9538897085952547
172200.0	2000.0	1465.0649760244412	0.0	0	201.6446206459368	1665.0649760242668	1	0	1	0.7566651312590356
173200.0	2000.0	1465.064976024474	0.0	0	158.02880557093886	1665.0649760242668	1	0	1	1.8552774199271451
174200.0	2000.0	1465.0649760244764	0.0	0	54.21759646231658	1665.064976024296	1	0	1	1.8552774199271436
175493.31968265222	2000.0	1171.7452933722525	0.0	0	0.0	1665.0649760242668	1	0	1	1.8552774199271451
176354.0239212976	2000.0	1311.041054726832	0.0	0	0.0	1665.0649760242668	1	0	1	1.8552774199271451
177355.79609990673	2000.0	1309.2688761176742	0.0	0	0.0	1665.0649760242668	1	0	1	1.8552774199271451
178200.0	2000.0	1465.0649760244216	0.0	0	78.0563618184824	1665.0649760242668	1	0	1	1.8552774199271451
179200.0	2000.0	1465.064976024414	0.0	0	477.3049956872128	1665.0649760242668	1	0	1	1.8552774199271451
180350.09659805708	3000.0	1314.9683779673828	0.0	0	0.0	1665.064976024296	1	0	1	1.8552774199271438
181494.65004285905	2000.0	1170.414933165413	0.0	0	0.0	1665.064976024296	1	0	1	1.449812311818979
182417.712311801	2000.0	1247.3526642234556	0.0	0	0.0	1665.064976024325	1	0	1	1.855277419927142
183329.45470806147	2000.0	1335.61026796301	0.0	0	0.0	1665.064976024325	1	0	1	1.855277419927142
184200.0	2000.0	1465.0649760244614	0.0	0	54.9279473691131	1665.064976024325	1	0	1	1.855277419927142
185200.0	2000.0	1465.06497602449	0.0	0	454.8878656071902	1665.064976024296	1	0	1	1.8552774199271436
186200.0	2000.0	1465.06497602449	0.0	0	339.58943957061274	1665.064976024296	1	0	1	1.8552774199271436
187200.0	2000.0	1465.0649760244853	0.0	0	237.1919425817905	1665.064976024296	1	0	1	1.8552774199271436
188200.0	2000.0	1465.0649760245053	0.0	0	423.23943564109504	1665.064976024296	1	0	1	1.8552774199271436
189200.0	2000.0	1465.064976024509	0.0	0	227.70772571966518	1665.064976024296	1	0	1	1.8552774199271436
190200.0	2000.0	1465.064976024482	0.0	0	391.8497863628436	1665.064976024296	1	0	1	1.8552774199271436
191265.5234023127	2000.0	1399.5415737117748	0.0	0	0.0	1665.064976024296	1	0	1	1.8552774199271436
192540.842835802	2000.0	1124.2221402224748	0.0	0	0.0	1665.0649760242668	1	0	1	1.8552774199271451
193544.51583974535	2000.0	1120.5491362791427	0.0	0	0.0	1665.0649760242668	1	0	1	1.8552774199271451
194200.0	2000.0	1465.06497602446	0.0	0	178.89499303451157	1665.0649760242668	1	0	1	1.8552774199271451
195200.0	2000.0	1465.0649760244187	0.0	0	481.38644010198186	1665.0649760242668	1	0	1	1.8552774199271451
196200.0	2000.0	1465.064976024412	0.0	0	310.32658169363276	1665.0649760242668	1	0	1	1.8552774199271451
197200.0	3000.0	1465.0649760244357	0.0	0	423.51592510627233	1665.0649760242668	1	0	1	1.8552774199271453
199089.65038975846	6000.0	575.4145862659736	0.0	0	0.0	1665.0649760242668	1	0	1	2.2607425280353097
199729.35053549858	2000.0	935.7144405258532	0.0	0	0.0	1665.0649760242668	1	0	1	0.7566651312590356
200314.38859997	2000.0	1350.6763760544438	0.0	0	0.0	1665.0649760242668	1	0	1	1.8552774199271451
201848.26462075568	2000.0	816.8003552687262	0.0	0	0.0	1665.0649760242668	1	0	1	1.8552774199271451
202617.9218141808	1000.0	1047.1431618436059	0.0	0	0.0	1665.0649760242668	1	0	1	0.46898305880725477
203223.79793766074	2000.0	1441.267038363663	0.0	0	0.0	1665.0649760242668	1	0	1	1.1621302393672
204200.0	2000.0	1465.0649760243823	0.0	0	280.2857461081003	1665.0649760242668	1	0	1	1.8552774199271451
205200.0	2000.0	1465.0649760243953	0.0	0	117.05087097722571	1665.0649760242668	1	0	1	1.8552774199271451
206200.0	2000.0	1465.0649760244426	0.0	0	336.68276830780087	1665.0649760242668	1	0	1	1.8552774199271451
207200.0	2000.0	1465.064976024448	0.0	0	312.8029893631756	1665.064976024296	1	0	1	1.8552774199271436
208200.0	2000.0	1465.0649760244207	0.0	0	327.20091189065715	1665.064976024296	1	0	1	1.8552774199271436
209200.0	2000.0	1465.0649760244473	0.0	0	481.67058651326806	1665.064976024296	1	0	1	1.8552774199271436
210200.0	2000.0	1465.0649760244266	0.0	0	413.79711319567286	1665.064976024296	1	0	1	1.8552774199271436
211200.0	2000.0	1465.0649760243982	0.0	0	416.22741691657575	1665.064976024296	1	0	1	1.8552774199271436
212200.0	2000.0	1465.0649760243714	0.0	0	176.38976299684145	1665.064976024296	1	0	1	1.8552774199271436
213200.0	2000.0	1465.064976024326	0.0	0	390.4221854721545	1665.064976024296	1	0	1	1.8552774199271436
214612.86321614878	2000.0	1052.2017598755294	0.0	0	0.0	1665.064976024296	1	0	1	1.8552774199271436
215673.7764700372	2000.0	991.2885059871267	0.0	0	0.0	1665.0649760242668	1	0	1	1.855277419927144
216248.9387213631	2000.0	1416.126254661221	0.0	0	0.0	1665.0649760242668	1	0	1	1.8552774199271451
217200.0	2000.0	1465.0649760243432	0.0	0	330.0902764374332	1665.0649760242668	1	0	1	1.8552774199271451
218200.0	2000.0	1465.0649760243712	0.0	0	506.0475693985936	1665.0649760242668	1	0	1	1.8552774199271451
219200.0	3000.0	1465.0649760244119	0.0	0	307.88754564826377	1665.064976024296	1	0	1	1.8552774199271438
221021.01342773947	6000.0	644.0515482849571	0.0	0	0.0	1665.064976024325	1	0	1	2.2607425280353066
221642.951882584	2000.0	1022.1130934404239	0.0	0	0.0	1665.064976024325	1	0	1	0.7566651312590325
222200.0	2000.0	1465.064976024439	0.0	0	100.89720518293325	1665.064976024325	1	0	1	1.855277419927142
223200.0	2000.0	1465.0649760244357	0.0	0	509.45625273595215	1665.064976024325	1	0	1	1.855277419927142
224200.0	2000.0	1465.0649760244303	0.0	0	591.2606448401348	1665.064976024296	1	0	1	1.8552774199271436
225200.0	2000.0	1465.064976024418	0.0	0	367.8375267518277	1665.064976024296	1	0	1	1.8552774199271436
226200.0	2000.0	1465.064976024433	0.0	0	224.0162477826816	1665.064976024296	1	0	1	1.8552774199271436
227200.0	2000.0	1465.064976024435	0.0	0	552.0215580019576	1665.0649760242668	1	0	1	1.8552774199271451
228200.0	2000.0	1465.0649760244419	0.0	0	411.69137156009674	1665.0649760242668	1	0	1	1.8552774199271451
229200.0	2000.0	1465.064976024447	0.0	0	605.8096402877709	1665.0649760242668	1	0	1	1.8552774199271451
230200.0	3000.0	1465.0649760244191	0.0	0	378.91598626147606	1665.0649760242668	1	0	1	1.8552774199271453
231200.0	3000.0	1465.064976024423	0.0	0	269.62585345015395	1665.0649760242668	1	0	1	2.26074252803531
232200.0	3000.0	1465.064976024427	0.0	0	466.32475235682796	1665.064976024296	1	0	1	2.2607425280353084
233944.34186644477	6000.0	720.7231095796603	0.0	0	0.0	1665.064976024296	1	0	1	2.2607425280353084
234561.05193716064	2000.0	1104.0130388637376	0.0	0	0.0	1665.064976024296	1	0	1	0.7566651312590339
235289.5017024262	2000.0	1375.5632735981844	0.0	0	0.0	1665.064976024325	1	0	1	1.855277419927142
236200.0	2000.0	1465.0649760244103	0.0	0	270.8315535724396	1665.064976024325	1	0	1	1.855277419927142
237200.0	2000.0	1465.0649760244419	0.0	0	228.83869531090022	1665.064976024325	1	0	1	1.855277419927142
238200.0	2000.0	1465.0649760244605	0.0	0	224.32825543321087	1665.064976024325	1	0	1	1.855277419927142
239200.0	2000.0	1465.064976024428	0.0	0	354.2822102047503	1665.064976024325	1	0	1	1.855277419927142
240200.0	2000.0	1465.0649760244396	0.0	0	128.9835476502194	1665.064976024325	1	0	1	1.855277419927142
241241.48794350494	2000.0	1423.577032519515	0.0	0	0.0	1665.064976024296	1	0	1	1.8552774199271436
242200.0	2000.0	1465.0649760244319	0.0	0	93.36797650551307	1665.064976024296	1	0	1	1.8552774199271436
243200.0	2000.0	1465.0649760244355	0.0	0	358.4613485131995	1665.064976024325	1	0	1	1.855277419927142
244200.0	2000.0	1465.0649760244319	0.0	0	317.762582915253	1665.064976024296	1	0	1	1.8552774199271436
245200.0	2000.0	1465.0649760244512	0.0	0	432.15251383482246	1665.0649760242668	1	0	1	1.8552774199271451
246200.0	2000.0	1465.064976024485	0.0	0	319.4798356171232	1665.0649760242377	1	0	1	1.8552774199271465
247200.0	3000.0	1465.0649760244582	0.0	0	442.3269702301768	1665.0649760242377	1	0	1	1.8552774199271467
248200.0	3000.0	1465.064976024478	0.0	0	415.0560052462679	1665.0649760242377	1	0	1	2.2607425280353115
250184.4968109887	6000.0	480.5681650357829	0.0	0	0.0	1665.0649760242377	1	0	1	2.260742528035311
250841.53190566372	2000.0	823.5330703607434	0.0	0	0.0	1665.0649760242086	1	0	1	0.7566651312590383
251548.34438023728	2000.0	1116.7205957871834	0.0	0	0.0	1665.0649760242086	1	0	1	1.855277419927148
252200.0	2000.0	1465.0649760244544	0.0	0	121.62562834462733	1665.0649760241795	1	0	1	1.8552774199271496
253200.0	2000.0	1465.0649760244492	0.0	0	119.60099498878117	1665.0649760241795	1	0	1	1.8552774199271496
254200.0	2000.0	1465.0649760244173	0.0	0	38.19632618696778	1665.0649760241795	1	0	1	1.8552774199271496
255200.0	2000.0	1465.0649760244014	0.0	0	293.46077646283084	1665.0649760241795	1	0	1	1.8552774199271496
256200.0	2000.0	1465.0649760243969	0.0	0	253.02850459414185	1665.0649760241795	1	0	1	1.8552774199271496
257200.0	2000.0	1465.064976024411	0.0	0	506.3717207763402	1665.0649760242086	1	0	1	1.855277419927148
258200.0	2000.0	1465.0649760244246	0.0	0	490.0189075010712	1665.0649760242086	1	0	1	1.855277419927148
259200.0	3000.0	1465.0649760244382	0.0	0	32.87738188914955	1665.0649760242086	1	0	1	1.8552774199271482
260200.0	2000.0	1465.0649760244532	0.0	0	379.56672407174483	1665.0649760242377	1	0	1	1.4498123118189818
261200.0	2000.0	1465.0649760244435	0.0	0	309.1193257471896	1665.0649760242377	1	0	1	1.8552774199271465
262200.0	2000.0	1465.0649760244223	0.0	0	401.58872617568704	1665.0649760242377	1	0	1	1.8552774199271465
263200.0	2000.0	1465.064976024399	0.0	0	316.70284036616795	1665.0649760242086	1	0	1	1.855277419927146
264200.0	3000.0	1465.0649760243832	0.0	0	212.7991372262477	1665.0649760241504	1	0	1	1.8552774199271502
265200.0	3000.0	1465.0649760244069	0.0	0	354.00475001480663	1665.0649760240922	1	0	1	2.260742528035319
266700.14946714323	6000.0	964.9155088811576	0.0	0	0.0	1665.064976024034	1	0	1	2.2607425280353217
267273.9725016023	2000.0	1391.0924744220895	0.0	0	0.0	1665.064976024034	1	0	1	0.7566651312590472
268243.0221465273	2000.0	1422.0428294971357	0.0	0	0.0	1665.064976024034	1	0	1	1.855277419927157
269200.0	2000.0	1465.0649760243864	0.0	0	2.2946961182169616	1665.0649760240922	1	0	1	1.855277419927154
270514.0982339239	2000.0	1150.9667421003865	0.0	0	0.0	1665.0649760240922	1	0	1	1.855277419927154
271200.0	2000.0	1465.0649760243218	0.0	0	100.97115096228663	1665.0649760240922	1	0	1	1.855277419927154
272200.0	2000.0	1465.0649760243364	0.0	0	264.30074922012864	1665.064976024034	1	0	1	1.855277419927157
273200.0	2000.0	1465.0649760243605	0.0	0	332.51715955813415	1665.0649760239758	1	0	1	1.8552774199271598
274200.0	2000.0	1465.0649760243728	0.0	0	401.2160779531114	1665.0649760239176	1	0	1	1.8552774199271629
275200.0	2000.0	1465.0649760242813	0.0	0	397.86090938030975	1665.0649760239176	1	0	1	1.8552774199271629
276200.0	3000.0	1465.064976024291	0.0	0	27.84928055963246	1665.0649760239758	1	0	1	1.85527741992716
277200.0	2000.0	1465.0649760243316	0.0	0	295.1572873748373	1665.064976024034	1	0	1	1.4498123118189923
278200.0	3000.0	1465.064976024355	0.0	0	427.1280826117145	1665.064976024034	1	0	1	1.8552774199271571
279200.0	3000.0	1465.0649760244178	0.0	0	265.09149411466205	1665.064976024034	1	0	1	2.2607425280353217
280867.87171230896	6000.0	797.1932637154601	0.0	0	0.0	1665.0649760239758	1	0	1	2.2607425280353226
281511.62074140774	2000.0	1153.4442346167236	0.0	0	0.0	1665.0649760239758	1	0	1	0.7566651312590503
282200.0	2000.0	1465.0649760244469	0.0	0	112.29092430591118	1665.0649760239758	1	0	1	1.8552774199271598
283200.0	3000.0	1465.0649760245255	0.0	0	306.7730031639803	1665.0649760239758	1	0	1	1.85527741992716
284200.0	3000.0	1465.0649760245267	0.0	0	243.69209521560697	1665.064976024034	1	0	1	2.2607425280353217
285577.72433989414	3000.0	1087.3406361304014	0.0	0	0.0	1665.0649760239758	1	0	1	2.260742528035325
286483.9385227914	2000.0	1181.126453233182	0.0	0	0.0	1665.0649760239758	1	0	1	1.4498123118189952
287200.0	2000.0	1465.064976024536	0.0	0	199.61565118824365	1665.0649760239758	1	0	1	1.8552774199271598
288200.0	2000.0	1465.064976024503	0.0	0	115.96633639041102	1665.064976024034	1	0	1	1.855277419927157
289200.0	2000.0	1465.0649760244376	0.0	0	406.57327980041737	1665.0649760239758	1	0	1	1.8552774199271598
290200.0	2000.0	1465.0649760245194	0.0	0	331.82883966277586	1665.0649760239758	1	0	1	1.8552774199271598
291200.0	2000.0	1465.0649760245608	0.0	0	374.7823692340753	1665.0649760239758	1	0	1	1.8552774199271598
292200.0	2000.0	1465.0649760245421	0.0	0	289.2866388114635	1665.0649760239758	1	0	1	1.8552774199271598
293200.0	2000.0	1465.064976024533	0.0	0	472.6130680004717	1665.064976024034	1	0	1	1.855277419927157
294200.0	3000.0	1465.064976024575	0.0	0	368.2008211136563	1665.064976024034	1	0	1	1.8552774199271571
295319.2097109083	6000.0	1345.8552651162656	0.0	0	0.0	1665.064976024034	1	0	1	2.2607425280353217
296381.0716791415	6000.0	1283.993296883046	0.0	0	0.0	1665.064976024034	1	0	1	2.9538897085952662
297557.40312791505	6000.0	1107.6618481094538	0.0	0	0.0	1665.0649760239758	1	0	1	2.953889708595267
298200.0	2000.0	1465.06497602452	0.0	0	171.50354526977753	1665.064976024034	1	0	1	0.7566651312590472
299200.0	3000.0	1465.0649760245471	0.0	0	316.07867256953614	1665.064976024034	1	0	1	1.8552774199271571
300200.0	3000.0	1465.0649760245476	0.0	0	164.75098297477234	1665.064976024034	1	0	1	2.2607425280353217
2.48	3.15	2.65	2.19	1.63	2.56	3.34	4.01	4.7	3.07	3.38	3.74	3.23	3.76	4.81	6.14	7.24	3.64	3.31	2.64	2.24	1.95	1.85	2.62	3.75	4.53	3.28	2.03	2.02	2.02	2.62	3.53	1.88	2.77	3.3	3.52	1.99	2.2	1.54	2.24	3.36	3.42	4.4	5.57	3.35	2.2	2.86	1.88	1.14	2.79	3.75	2.65	2.34	2.43	3.44	3.01	3.08	2.98	2.26	2.65	1.49	2.22	2.85	4.11	5.32	5.8	2.61	3.04	3.7	3.7	3.8	2.03	3.17	4.36	4.44	4.55	3.88	4.39	5.15	5.0	4.08	2.79	3.56	3.32	3.27	2.86	1.82	2.42	3.16	2.57	2.77	3.53	3.82	5.19	5.17	3.38	2.91	3.08	3.94	2.49	1.97	2.75	3.83	3.65	4.46	3.28	3.57	2.78	2.93	3.94	5.17	5.28	3.61	3.12	2.42	2.46	1.84	3.13	3.58	4.31	3.48	3.6	3.09	4.26	3.92	4.4	3.51	2.58	3.78	5.06	4.61	2.62	3.01	3.07	2.75	3.38	2.43	2.79	3.38	4.71	5.93	6.64	6.26	4.17	4.17	3.97	2.94	2.75	3.81	2.17	2.48	3.15	2.65	2.19	1.63	2.56	3.34	4.01	4.7	3.07	3.38	3.74	3.23	3.76	4.81	6.14	7.24	3.64	3.31	2.64	2.24	1.95	1.85	2.62	3.75	4.53	3.28	2.03	2.02	2.02	2.62	3.53	1.88	2.77	3.3	3.52	1.99	2.2	1.54	2.24	3.36	3.42	4.4	5.57	3.35	2.2	2.86	1.88	1.14	2.79	3.75	2.65	2.34	2.43	3.44	3.01	3.08	2.98	2.26	2.65	1.49	2.22	2.85	4.11	5.32	5.8	2.61	3.04	3.7	3.7	3.8	2.03	3.17	4.36	4.44	4.55	3.88	4.39	5.15	5.0	4.08	2.79	3.56	3.32	3.27	2.86	1.82	2.42	3.16	2.57	2.77	3.53	3.82	5.19	5.17	3.38	2.91	3.08	3.94	2.49	1.97	2.75	3.83	3.65	4.46	3.28	3.57	2.78	2.93	3.94	5.17	5.28	3.61	3.12	2.42	2.46	1.84	3.13	3.58	4.31	3.48	3.6	3.09	4.26	3.92	4.4	3.51	2.58	3.78	5.06	4.61	2.62	3.01	3.07	2.75	3.38	2.43	2.79	3.38	4.71	5.93	6.64	6.26	4.17	4.17	3.97	2.94	2.75	3.81	2.17
1.0	2.0	3.0	4.0	5.0	6.0	7.0	8.0	9.0	10.0	11.0	12.0	13.0	14.0	15.0	16.0	17.0	18.0	19.0	20.0	21.0	22.0	23.0	24.0	25.0	26.0	27.0	28.0	29.0	30.0	31.0	32.0	33.0	34.0	35.0	36.0	37.0	38.0	39.0	40.0	41.0	42.0	43.0	44.0	45.0	46.0	47.0	48.0	49.0	50.0	51.0	52.0	53.0	54.0	55.0	56.0	57.0	58.0	59.0	60.0	61.0	62.0	63.0	64.0	65.0	66.0	67.0	68.0	69.0	70.0	71.0	72.0	73.0	74.0	75.0	76.0	77.0	78.0	79.0	80.0	81.0	82.0	83.0	84.0	85.0	86.0	87.0	88.0	89.0	90.0	91.0	92.0	93.0	94.0	95.0	96.0	97.0	98.0	99.0	100.0	101.0	102.0	103.0	104.0	105.0	106.0	107.0	108.0	109.0	110.0	111.0	112.0	113.0	114.0	115.0	116.0	117.0	118.0	119.0	120.0	121.0	122.0	123.0	124.0	125.0	126.0	127.0	128.0	129.0	130.0	131.0	132.0	133.0	134.0	135.0	136.0	137.0	138.0	139.0	140.0	141.0	142.0	143.0	144.0	145.0	146.0	147.0	148.0	149.0	149.0	150.0	151.0	152.0	153.0	154.0	155.0	156.0	157.0	158.0	159.0	160.0	161.0	162.0	163.0	164.0	165.0	166.0	167.0	168.0	169.0	170.0	171.0	172.0	173.0	174.0	175.0	176.0	177.0	178.0	179.0	180.0	181.0	182.0	183.0	184.0	185.0	186.0	187.0	188.0	189.0	190.0	191.0	192.0	193.0	194.0	195.0	196.0	197.0	198.0	199.0	200.0	201.0	202.0	203.0	204.0	205.0	206.0	207.0	208.0	209.0	210.0	211.0	212.0	213.0	214.0	215.0	216.0	217.0	218.0	219.0	220.0	221.0	222.0	223.0	224.0	225.0	226.0	227.0	228.0	229.0	230.0	231.0	232.0	233.0	234.0	235.0	236.0	237.0	238.0	239.0	240.0	241.0	242.0	243.0	244.0	245.0	246.0	247.0	248.0	249.0	250.0	251.0	252.0	253.0	254.0	255.0	256.0	257.0	258.0	259.0	260.0	261.0	262.0	263.0	264.0	265.0	266.0	267.0	268.0	269.0	270.0	271.0	272.0	273.0	274.0	275.0	276.0	277.0	278.0	279.0	280.0	281.0	282.0	283.0	284.0	285.0	286.0	287.0	288.0	289.0	290.0	291.0	292.0	293.0	294.0	295.0	296.0	297.0	298.0	298.0
4455.63079026537
