4141.025759981663	300.0	2000.0	371.2241533683844	0	0.0	4141.025759981663	1	0	1	-2.715949765307408
5062.200085872992	1000.0	2078.8256741086716	0.0	0	0.0	4141.025759981663	1	0	1	-0.5294001371088224
6310.185833607788	2000.0	1706.041351600396	0.0	0	0.0	4016.2271852081835	1	0	2	0.31862824723814326
8057.532007500414	2000.0	783.9605603185073	0.0	0	0.0	3841.492567818921	1	0	2	1.273563551490774
8610.459096352588	1000.0	1231.033471466334	0.0	0	0.0	3841.492567818922	1	0	1	-0.09343951384924476
9677.895244878739	2000.0	1056.853708087569	0.0	0	0.0	3734.748952966308	1	0	2	0.4265121984624564
10366.22934305256	1000.0	1368.5196099137474	0.0	0	0.0	3734.748952966309	1	0	1	-0.055452023103165216
11259.350622771295	1000.0	1475.3983301950132	0.0	0	0.0	3734.74895296631	1	0	1	0.83769515745678
11956.393879045108	1000.0	1778.3550739212014	0.0	0	0.0	3734.7489529663108	1	0	1	0.8376951574567794
12524.391913674399	1000.0	2210.3570392919114	0.0	0	0.0	3734.748952966309	1	0	1	0.8376951574567801
13897.29218678398	2000.0	1700.1667388713736	0.0	0	0.0	3597.458925655352	1	0	2	0.4724448499932371
14713.53168640357	1000.0	1883.9272392517826	0.0	0	0.0	3597.4589256553536	1	0	1	-0.011200411598481841
15545.923355552375	1000.0	2051.5355701029785	0.0	0	0.0	3597.4589256553536	1	0	1	0.8819467689614635
16745.007681877978	2000.0	1732.542811144817	0.0	0	0.0	3477.5504930227926	1	0	2	0.5068921020854834
17852.41874850912	2000.0	1625.131744513671	0.0	0	0.0	3477.550493022787	1	0	1	1.4098132976327318
18697.01821286184	1000.0	1780.532280160953	0.0	0	0.0	3477.550493022787	1	0	1	0.22351893651284196
19783.906007526286	1000.0	1693.644485496502	0.0	0	0.0	3477.5504930227835	1	0	1	0.9166661170727878
20609.032013062897	1000.0	1868.5184799598856	0.0	0	0.0	3477.55049302278	1	0	1	0.9166661170727894
21618.923239841864	1000.0	1858.6272531809193	0.0	0	0.0	3477.55049302278	1	0	1	0.9166661170727894
22872.48298111149	1000.0	1605.0675119112973	0.0	0	0.0	3477.5504930227835	1	0	1	0.9166661170727884
24277.402527457714	1000.0	1200.1479655650742	0.0	0	0.0	3477.5504930227835	1	0	1	0.9166661170727884
24843.193503534047	500.0	1634.356989488741	0.0	0	0.0	3477.5504930227835	1	0	1	-0.4696282440471023
25694.250059688937	1000.0	1783.3004333338508	0.0	0	0.0	3477.5504930227835	1	0	1	0.22351893651284307
26504.70244135087	1000.0	1972.84805167192	0.0	0	0.0	3477.5504930227835	1	0	1	0.9166661170727884
27575.132242371626	1000.0	1902.418250651163	0.0	0	0.0	3477.5504930227835	1	0	1	0.9166661170727884
28444.705587006913	1000.0	2032.8449060158807	0.0	0	0.0	3477.5504930227835	1	0	1	0.9166661170727884
29531.12362117424	2000.0	1837.7850684318184	0.0	0	0.0	3368.9086896060508	1	0	2	0.5388561848991
30992.748095880186	2000.0	1376.1605937258705	0.0	0	0.0	3368.9086896060508	1	0	1	1.4383543000183456
31975.667117960264	2000.0	1393.2415716457947	0.0	0	0.0	3368.9086896060508	1	0	1	1.6383543000183458
32584.07455992357	1000.0	1784.834129682485	0.0	0	0.0	3368.9086896060508	1	0	1	0.25205993889845546
34123.81055024529	2000.0	1245.0981393607642	0.0	0	0.0	3368.9086896060435	1	0	1	0.9452071194584014
34733.393740389685	1000.0	1635.5149492163603	0.0	0	0.0	3368.9086896060326	1	0	1	0.2520599388984588
35536.57988617868	1000.0	1832.3288034273614	0.0	0	0.0	3368.908689606029	1	0	1	0.945207119458406
36408.57350288277	1000.0	1960.3351867232684	0.0	0	0.0	3368.9086896060253	1	0	1	0.9452071194584071
37323.79685962853	1000.0	2045.1118299775064	0.0	0	0.0	3368.9086896060253	1	0	1	0.9452071194584071
37956.386009253256	1000.0	2412.522680352771	0.0	0	0.0	3368.908689606018	1	0	1	0.945207119458409
38630.40512639357	1000.0	2738.5035632124564	0.0	0	0.0	3368.908689606018	1	0	1	0.945207119458409
39796.888007622874	2000.0	2572.0206819831496	0.0	0	0.0	3368.908689606018	1	0	1	0.9452071194584089
41293.87003576293	2000.0	2075.0386538430903	0.0	0	0.0	3368.908689606018	1	0	1	1.638354300018354
41990.59935991563	1000.0	2378.3093296903958	0.0	0	0.0	3368.908689606018	1	0	1	0.2520599388984638
43514.86568041013	2000.0	1854.0430091959038	0.0	0	0.0	3368.9086896060253	1	0	1	0.9452071194584069
44056.86423654458	1000.0	2312.044453061451	0.0	0	0.0	3368.9086896060253	1	0	1	0.2520599388984619
45289.75342178734	2000.0	2079.155267818683	0.0	0	0.0	3368.9086896060253	1	0	1	0.9452071194584069
45889.38031677661	1000.0	2479.5283728294153	0.0	0	0.0	3368.9086896060326	1	0	1	0.2520599388984601
47297.88263617364	2000.0	2071.0260534323784	0.0	0	0.0	3368.9086896060253	1	0	1	0.9452071194584069
48176.65619741021	1000.0	2192.25249219581	0.0	0	0.0	3368.9086896060326	1	0	1	0.2520599388984601
49017.49134706532	1000.0	2351.4173425407007	0.0	0	0.0	3368.9086896060326	1	0	1	0.9452071194584053
50218.42073828423	2000.0	2150.4879513217943	0.0	0	0.0	3368.9086896060326	1	0	1	0.9452071194584052
51380.008444664156	2000.0	1988.9002449418608	0.0	0	0.0	3368.9086896060253	1	0	1	1.638354300018352
52395.316943241975	2000.0	1973.59174636404	0.0	0	0.0	3368.9086896060253	1	0	1	1.638354300018352
53502.18916803839	2000.0	1866.7195215676256	0.0	0	0.0	3368.9086896060253	1	0	1	1.638354300018352
54339.31453075067	2000.0	2029.5941588553453	0.0	0	0.0	3368.9086896060253	1	0	1	1.638354300018352
55954.58716577008	2000.0	1414.3215238359442	0.0	0	0.0	3368.9086896060253	1	0	1	1.638354300018352
56737.717525938955	1000.0	1631.1911636670657	0.0	0	0.0	3368.9086896060253	1	0	1	0.2520599388984619
57678.79949978023	1000.0	1690.1091898257894	0.0	0	0.0	3368.9086896060253	1	0	1	0.9452071194584071
58466.7149455033	2000.0	1823.4021995304147	0.0	0	0.0	3290.1171450337206	1	0	2	0.5598386812705205
60434.89108725984	2000.0	855.2260577738757	0.0	0	0.0	3290.117145033728	1	0	1	1.4574396615279244
60886.52155052605	500.0	1403.5955945076669	0.0	0	0.0	3290.117145033728	1	0	1	-1.1151490607118564
61853.98620813506	1000.0	1436.1309368986558	0.0	0	0.0	3290.117145033735	1	0	1	0.2711453004080324
62687.996585433124	1000.0	1602.1205596005937	0.0	0	0.0	3290.117145033735	1	0	1	0.9642924809679778
63838.64281468579	1000.0	1451.4743303479381	0.0	0	0.0	3290.117145033735	1	0	1	0.9642924809679778
64714.49217268378	1000.0	1575.6249723499504	0.0	0	0.0	3290.117145033735	1	0	1	0.9642924809679778
65286.36857263295	1000.0	2003.7485724007688	0.0	0	0.0	3290.117145033735	1	0	1	0.9642924809679778
66746.28397120566	2000.0	1543.8331738280672	0.0	0	0.0	3290.1171450337497	1	0	1	0.9642924809679765
67421.34654046084	1000.0	1868.7706045728942	0.0	0	0.0	3290.117145033757	1	0	1	0.2711453004080272
68584.82269259154	1000.0	1705.2944524421955	0.0	0	0.0	3290.1171450337497	1	0	1	0.964292480967974
69237.24587857148	1000.0	2052.8712664622526	0.0	0	0.0	3290.117145033757	1	0	1	0.9642924809679727
70654.51006529744	2000.0	1635.6070797362897	0.0	0	0.0	3290.117145033757	1	0	1	0.9642924809679728
71078.04685359397	1000.0	2212.070291439738	0.0	0	0.0	3290.117145033757	1	0	1	0.27114530040802753
71928.20893927426	2000.0	2361.9082057594396	0.0	0	0.0	3290.117145033757	1	0	1	0.9642924809679728
73168.46209544453	2000.0	2121.655049589188	0.0	0	0.0	3290.117145033757	1	0	1	1.6574396615279179
74458.41349477267	2000.0	1831.7036502610517	0.0	0	0.0	3290.117145033757	1	0	1	1.6574396615279179
75995.97665954565	2000.0	1294.1404854880864	0.0	0	0.0	3290.117145033757	1	0	1	1.6574396615279179
76827.17450950807	1000.0	1462.942635525662	0.0	0	0.0	3290.117145033757	1	0	1	0.27114530040802753
77610.91710098625	1000.0	1679.2000440474949	0.0	0	0.0	3290.117145033757	1	0	1	0.9642924809679727
78778.26080407729	1000.0	1511.856340956441	0.0	0	0.0	3290.1171450337424	1	0	1	0.9642924809679763
79909.21326765399	1000.0	1380.9038773797286	0.0	0	0.0	3290.117145033728	1	0	1	0.9642924809679796
80559.61440192893	1000.0	1730.502743104799	0.0	0	0.0	3290.117145033728	1	0	1	0.9642924809679796
81056.88456942106	1000.0	2233.2325756126843	0.0	0	0.0	3290.117145033728	1	0	1	0.9642924809679796
82692.92850055541	2000.0	1597.1886444783167	0.0	0	0.0	3290.117145033728	1	0	1	0.9642924809679795
83191.05814569863	1000.0	2099.058999335091	0.0	0	0.0	3290.1171450337133	1	0	1	0.27114530040803775
84600.45997141214	2000.0	1689.6571736215778	0.0	0	0.0	3290.1171450337133	1	0	1	0.9642924809679828
85810.817791115	1000.0	1479.2993539187194	0.0	0	0.0	3290.1171450337133	1	0	1	0.27114530040803775
86838.15388394141	1000.0	1451.9632610923084	0.0	0	0.0	3290.1171450337133	1	0	1	0.9642924809679829
87858.95060283862	1000.0	1431.1665421951084	0.0	0	0.0	3290.117145033728	1	0	1	0.9642924809679796
89546.74549446483	1000.0	743.3716505689074	0.0	0	0.0	3290.117145033728	1	0	1	0.9642924809679796
90011.03855614952	500.0	1279.0785888842238	0.0	0	0.0	3290.117145033728	1	0	1	-0.4220018801519113
90832.20612569674	1000.0	1457.9110193369934	0.0	0	0.0	3290.1171450337133	1	0	1	0.2711453004080375
91522.3142368153	1000.0	1767.8029082184228	0.0	0	0.0	3290.1171450336988	1	0	1	0.9642924809679864
92176.25626413486	1000.0	2113.860880898884	0.0	0	0.0	3290.1171450336988	1	0	1	0.9642924809679864
92703.69267684534	1000.0	2586.4244681884147	0.0	0	0.0	3290.117145033684	1	0	1	0.9642924809679898
94102.29430879807	2000.0	2187.8228362356786	0.0	0	0.0	3290.1171450336697	1	0	1	0.9642924809679931
95333.29490681323	2000.0	1956.822238220519	0.0	0	0.0	3290.1171450336697	1	0	1	1.6574396615279383
96761.88775348061	2000.0	1528.2293915531343	0.0	0	0.0	3290.117145033684	1	0	1	1.657439661527935
98000.37983541473	1000.0	1289.7373096190054	0.0	0	0.0	3290.1171450336697	1	0	1	0.27114530040804796
99223.04303505289	1000.0	1067.0741099808383	0.0	0	0.0	3290.1171450336697	1	0	1	0.9642924809679931
100172.42835410843	1000.0	1117.6887909252857	0.0	0	0.0	3290.1171450336697	1	0	1	0.9642924809679931
101071.73412615054	1000.0	1218.3830188831823	0.0	0	0.0	3290.117145033684	1	0	1	0.9642924809679898
101909.890501899	1000.0	1380.226643134727	0.0	0	0.0	3290.117145033684	1	0	1	0.9642924809679898
102654.04062921091	1000.0	1636.0765158228444	0.0	0	0.0	3290.117145033684	1	0	1	0.9642924809679898
103360.38315066641	1000.0	1929.7339943673303	0.0	0	0.0	3290.117145033684	1	0	1	0.9642924809679898
104722.2713765282	2000.0	1567.845768505532	0.0	0	0.0	3290.117145033684	1	0	1	0.9642924809679898
105422.22687755534	1000.0	1867.890267478373	0.0	0	0.0	3290.1171450336697	1	0	1	0.27114530040804796
105837.92856940559	1000.0	2452.188575628131	0.0	0	0.0	3290.1171450336697	1	0	1	0.9642924809679931
107078.26334311497	2000.0	2211.8538019187563	0.0	0	0.0	3290.1171450336697	1	0	1	0.9642924809679931
108411.53831380555	2000.0	1878.5788312281654	0.0	0	0.0	3290.1171450336697	1	0	1	1.6574396615279383
109868.7306123139	2000.0	1421.386532719822	0.0	0	0.0	3290.117145033684	1	0	1	1.657439661527935
110457.52957131011	1000.0	1832.5875737236129	0.0	0	0.0	3290.117145033684	1	0	1	0.27114530040804463
111995.4476102758	2000.0	1294.6695347579166	0.0	0	0.0	3290.117145033684	1	0	1	0.9642924809679898
112837.90626849858	1000.0	1452.2108765351318	0.0	0	0.0	3290.117145033684	1	0	1	0.27114530040804463
113448.00598569764	1000.0	1842.1111593360692	0.0	0	0.0	3290.117145033684	1	0	1	0.9642924809679898
114159.11710508131	1000.0	2131.0000399524074	0.0	0	0.0	3290.1171450336988	1	0	1	0.9642924809679864
115484.85013971967	2000.0	1805.267005314066	0.0	0	0.0	3290.1171450337133	1	0	1	0.9642924809679828
116561.51078954323	2000.0	1728.6063554905102	0.0	0	0.0	3290.1171450337133	1	0	1	1.657439661527928
117678.48493871551	2000.0	1611.6322063182336	0.0	0	0.0	3290.1171450337133	1	0	1	1.657439661527928
118763.98361581477	2000.0	1526.1335292189844	0.0	0	0.0	3290.1171450337133	1	0	1	1.657439661527928
119438.53154821752	1000.0	1851.585596816223	0.0	0	0.0	3290.1171450337133	1	0	1	0.27114530040803775
120691.19711614033	2000.0	1598.9200288934055	0.0	0	0.0	3290.1171450337133	1	0	1	0.9642924809679828
121343.25721530395	1000.0	1946.8599297297937	0.0	0	0.0	3290.1171450337133	1	0	1	0.27114530040803775
122788.31495968568	2000.0	1501.8021853480664	0.0	0	0.0	3290.1171450337133	1	0	1	0.9642924809679828
123293.608146667	1000.0	1996.5089983667492	0.0	0	0.0	3290.1171450337133	1	0	1	0.27114530040803775
124785.665192695	2000.0	1504.4519523387432	0.0	0	0.0	3290.1171450337133	1	0	1	0.9642924809679828
126180.61198851297	2000.0	970.0104769389789	0.0	0	0.0	3150.6224654519174	1	0	2	1.2789714127521552
126871.78159806556	1000.0	1278.8408673863914	0.0	0	0.0	3150.622465451903	1	0	1	0.1018621077259696
128129.0759904494	2000.0	1021.5464750025494	0.0	0	0.0	3150.622465451903	1	0	1	0.9950092882859148
128523.01756071406	1000.0	1627.604904737909	0.0	0	0.0	3150.622465451903	1	0	1	0.3018621077259697
129561.5720147234	2000.0	1589.050450728583	0.0	0	0.0	3150.6224654519174	1	0	1	0.9950092882859118
131011.42314195412	2000.0	1139.1993234978604	0.0	0	0.0	3150.6224654519174	1	0	1	1.688156468845857
131767.85376774846	1000.0	1382.768697703514	0.0	0	0.0	3150.622465451903	1	0	1	0.3018621077259691
132620.20205242006	1000.0	1530.4204130319392	0.0	0	0.0	3150.622465451932	1	0	1	0.9950092882859105
133717.28176005284	1000.0	1433.3407053991666	0.0	0	0.0	3150.6224654519174	1	0	1	0.9950092882859106
134481.24296915784	1000.0	1669.3794962941683	0.0	0	0.0	3150.6224654519465	1	0	1	0.995009288285907
135248.84337402508	1000.0	1901.7790914269076	0.0	0	0.0	3150.6224654519465	1	0	1	0.9950092882859058
136083.42192690144	1000.0	2067.20053855053	0.0	0	0.0	3150.6224654519465	1	0	1	0.9950092882859058
137808.14189060105	2000.0	1342.4805748509143	0.0	0	0.0	3150.6224654519465	1	0	1	0.9950092882859056
138413.39362471135	1000.0	1737.2288407406377	0.0	0	0.0	3150.6224654519465	1	0	1	0.30186210772596067
138831.3661330361	1000.0	2319.256332415886	0.0	0	0.0	3150.6224654519465	1	0	1	0.9950092882859058
140045.90329633874	2000.0	2104.719169113224	0.0	0	0.0	3150.6224654519756	1	0	1	0.9950092882858999
141542.0505264813	2000.0	1608.5719389707053	0.0	0	0.0	3150.6224654520047	1	0	1	1.6881564688458388
142209.73136088447	1000.0	1940.891104567534	0.0	0	0.0	3150.6224654520047	1	0	1	0.3018621077259486
143387.70325238892	2000.0	1762.9192130631175	0.0	0	0.0	3150.6224654520047	1	0	1	0.9950092882858937
145027.13721324777	2000.0	1123.4852522042754	0.0	0	0.0	3150.6224654519756	1	0	1	1.688156468845845
146166.3626179185	1000.0	984.2598475335583	0.0	0	0.0	3150.6224654519756	1	0	1	0.30186210772595473
146914.08941547535	1000.0	1236.533049976679	0.0	0	0.0	3150.6224654519756	1	0	1	0.9950092882858999
147662.5499645511	1000.0	1488.0725009009643	0.0	0	0.0	3150.6224654520047	1	0	1	0.9950092882858939
148412.59200382247	1000.0	1738.0304616296066	0.0	0	0.0	3150.6224654520047	1	0	1	0.9950092882858939
148992.6241356601	1000.0	2157.99832979201	0.0	0	0.0	3150.6224654520047	1	0	1	0.9950092882858939
150206.71314458043	2000.0	1943.909320871682	0.0	0	0.0	3150.6224654520047	1	0	1	0.9950092882858937
151750.59793766556	2000.0	1400.0245277865456	0.0	0	0.0	3150.622465452034	1	0	1	1.6881564688458328
152659.01184276748	1000.0	1491.6106226846182	0.0	0	0.0	3150.622465452063	1	0	1	0.3018621077259366
153716.5926905936	1000.0	1434.0297748585094	0.0	0	0.0	3150.622465452034	1	0	1	0.9950092882858879
154529.76860458148	1000.0	1620.8538608705926	0.0	0	0.0	3150.622465452034	1	0	1	0.9950092882858879
154995.25856270306	1000.0	2155.3639027489894	0.0	0	0.0	3150.6224654520047	1	0	1	0.9950092882858939
156506.6897882078	2000.0	1643.9326772442387	0.0	0	0.0	3150.6224654520047	1	0	1	0.9950092882858937
157343.54966393387	1000.0	1807.07280151816	0.0	0	0.0	3150.622465452034	1	0	1	0.3018621077259427
158969.15187854212	2000.0	1181.4705869099148	0.0	0	0.0	3150.622465452034	1	0	1	0.9950092882858876
160043.08746043217	1000.0	1107.535005019849	0.0	0	0.0	3150.622465452034	1	0	1	0.3018621077259427
160972.43680041202	1000.0	1178.1856650399873	0.0	0	0.0	3150.622465452034	1	0	1	0.9950092882858879
161836.81305026202	1000.0	1313.8094151899738	0.0	0	0.0	3150.622465452063	1	0	1	0.9950092882858842
162821.96740590327	1000.0	1328.6550595487342	0.0	0	0.0	3150.622465452063	1	0	1	0.9950092882858818
163572.45705741845	1000.0	1578.1654080335766	0.0	0	0.0	3150.622465452063	1	0	1	0.9950092882858818
164123.93703067943	1000.0	2026.6854347725944	0.0	0	0.0	3150.622465452063	1	0	1	0.9950092882858818
164959.97951557217	2000.0	2190.642949879837	0.0	0	0.0	3150.622465452092	1	0	1	0.9950092882858756
166131.03890967395	2000.0	2019.5835557780529	0.0	0	0.0	3150.622465452121	1	0	1	1.6881564688458148
168384.07767585394	2000.0	766.5447895980187	0.0	0	0.0	3150.622465452092	1	0	1	1.6881564688458208
169250.3744290469	1000.0	900.2480364050879	0.0	0	0.0	3150.622465452092	1	0	1	0.3018621077259306
170038.93060420005	1000.0	1111.6918612519376	0.0	0	0.0	3150.622465452092	1	0	1	0.9950092882858758
171125.494220682	1000.0	1025.1282447699648	0.0	0	0.0	3150.622465452063	1	0	1	0.9950092882858818
172174.3735208614	1000.0	976.2489445905454	0.0	0	0.0	3150.622465452063	1	0	1	0.9950092882858818
172783.0871817924	500.0	1367.5352836595848	0.0	0	0.0	3150.622465452063	1	0	1	-0.39128507283400904
173851.61370793686	1000.0	1299.0087575151358	0.0	0	0.0	3150.622465452063	1	0	1	0.30186210772593636
174595.7894106632	1000.0	1554.8330547888258	0.0	0	0.0	3150.622465452092	1	0	1	0.9950092882858805
175406.67129355788	1000.0	1743.9511718941606	0.0	0	0.0	3150.622465452092	1	0	1	0.9950092882858758
176232.22708635184	1000.0	1918.395379100223	0.0	0	0.0	3150.622465452121	1	0	1	0.9950092882858697
176995.43332648295	1000.0	2155.1891389691364	0.0	0	0.0	3150.62246545215	1	0	1	0.9950092882858637
178231.57023400284	2000.0	1919.0522314492514	0.0	0	0.0	3150.62246545215	1	0	1	0.9950092882858638
179477.7905561687	2000.0	1672.8319092833613	0.0	0	0.0	3150.62246545215	1	0	1	1.688156468845809
180042.87407378844	1000.0	2107.7483916636256	0.0	0	0.0	3150.622465452121	1	0	1	0.3018621077259245
181202.9260794159	2000.0	1947.6963860361723	0.0	0	0.0	3150.622465452121	1	0	1	0.9950092882858697
182090.57422336255	2000.0	2060.048242089536	0.0	0	0.0	3150.622465452121	1	0	1	1.6881564688458148
183872.503717023	2000.0	1278.1187484290863	0.0	0	0.0	3150.622465452121	1	0	1	1.6881564688458148
184473.6544606014	1000.0	1676.96800485071	0.0	0	0.0	3150.622465452121	1	0	1	0.3018621077259245
185230.12994929147	1000.0	1920.4925161606093	0.0	0	0.0	3150.622465452121	1	0	1	0.9950092882858697
186181.72812380843	1000.0	1968.894341643661	0.0	0	0.0	3150.622465452092	1	0	1	0.9950092882858758
187192.26744061624	1000.0	1958.3550248358517	0.0	0	0.0	3150.622465452092	1	0	1	0.9950092882858758
188049.81132986862	1000.0	2100.8111355834617	0.0	0	0.0	3150.622465452063	1	0	1	0.9950092882858818
188734.87258500652	1000.0	2415.7498804455327	0.0	0	0.0	3150.622465452063	1	0	1	0.9950092882858818
190152.49675098847	2000.0	1998.1257144635892	0.0	0	0.0	3150.622465452063	1	0	1	0.9950092882858815
190749.79748551015	1000.0	2400.824979941919	0.0	0	0.0	3150.622465452063	1	0	1	0.3018621077259366
191541.33260297994	2000.0	2609.2898624721315	0.0	0	0.0	3150.622465452092	1	0	1	0.9950092882858756
193231.45446735207	2000.0	1919.1679981000045	0.0	0	0.0	3150.622465452092	1	0	1	1.6881564688458208
193975.8973747561	1000.0	2174.725090695959	0.0	0	0.0	3150.622465452092	1	0	1	0.3018621077259306
195145.04486484703	2000.0	2005.57760060506	0.0	0	0.0	3150.622465452092	1	0	1	0.9950092882858756
196061.15150523433	1000.0	2089.4709602177522	0.0	0	0.0	3150.622465452063	1	0	1	0.3018621077259366
197743.9473107389	2000.0	1406.6751547131757	0.0	0	0.0	3150.622465452092	1	0	1	0.9950092882858756
198516.4735093399	1000.0	1634.1489561121834	0.0	0	0.0	3150.622465452092	1	0	1	0.3018621077259306
199121.99884227512	1000.0	2028.623623176944	0.0	0	0.0	3150.622465452092	1	0	1	0.9950092882858758
200339.2786482458	2000.0	1811.3438172062758	0.0	0	0.0	3150.622465452063	1	0	1	0.9950092882858815
201384.33785601915	2000.0	1766.2846094329243	0.0	0	0.0	3150.622465452034	1	0	1	1.6881564688458328
202501.77061442914	2000.0	1648.8518510228935	0.0	0	0.0	3150.6224654520047	1	0	1	1.6881564688458388
203293.63361039918	2000.0	1856.9888550528578	0.0	0	0.0	3150.6224654519756	1	0	1	1.688156468845845
204757.44318696318	2000.0	1393.179278488904	0.0	0	0.0	3150.6224654519756	1	0	1	1.688156468845845
205547.70450628462	1000.0	1602.917959167458	0.0	0	0.0	3150.6224654519756	1	0	1	0.30186210772595473
206361.2589455242	1000.0	1789.3635199278565	0.0	0	0.0	3150.6224654519465	1	0	1	0.9950092882859058
206962.355303067	1000.0	2188.267162385066	0.0	0	0.0	3150.6224654519465	1	0	1	0.9950092882859058
208657.7742812722	2000.0	1492.8481841798393	0.0	0	0.0	3150.6224654519465	1	0	1	0.9950092882859105
209421.09609583995	1000.0	1729.5263696120667	0.0	0	0.0	3150.6224654519174	1	0	1	0.30186210772596667
210791.00489511667	1000.0	1359.617570335369	0.0	0	0.0	3150.6224654519174	1	0	1	0.9950092882859118
211556.34623930135	1000.0	1594.2762261507055	0.0	0	0.0	3150.6224654519465	1	0	1	0.9950092882859058
212813.06490729877	1000.0	1337.5575581532999	0.0	0	0.0	3150.6224654519756	1	0	1	0.9950092882859023
213656.86641665897	1000.0	1493.756048793114	0.0	0	0.0	3150.6224654520047	1	0	1	0.9950092882858939
214278.87373315962	1000.0	1871.7487322924587	0.0	0	0.0	3150.6224654520047	1	0	1	0.9950092882858939
215925.47453611615	2000.0	1225.1479293359316	0.0	0	0.0	3150.622465452034	1	0	1	0.9950092882858876
216872.16568524585	1000.0	1278.456780206229	0.0	0	0.0	3150.622465452034	1	0	1	0.3018621077259427
217595.33410391703	1000.0	1555.2883615350895	0.0	0	0.0	3150.622465452034	1	0	1	0.9950092882858879
218171.66894880912	1000.0	1978.953516642988	0.0	0	0.0	3150.6224654520047	1	0	1	0.9950092882858939
219535.8851859846	2000.0	1614.737279467516	0.0	0	0.0	3150.6224654519756	1	0	1	0.9950092882858999
220269.832653935	1000.0	1880.7898115171256	0.0	0	0.0	3150.6224654519756	1	0	1	0.30186210772595473
221229.3698595433	2000.0	1921.2526059088282	0.0	0	0.0	3150.6224654519756	1	0	1	0.9950092882858999
222112.6880150226	2000.0	2037.9344504294936	0.0	0	0.0	3150.6224654519756	1	0	1	1.688156468845845
222822.9363658182	2000.0	2327.6860996338733	0.0	0	0.0	3150.6224654519465	1	0	1	1.6881564688458508
224436.48426700084	2000.0	1714.1381984512168	0.0	0	0.0	3150.6224654519756	1	0	1	1.688156468845845
225113.9385324024	1000.0	2036.6839330496637	0.0	0	0.0	3150.6224654519465	1	0	1	0.30186210772596067
226249.1077128975	2000.0	1901.514752554555	0.0	0	0.0	3150.6224654519174	1	0	1	0.9950092882859118
227226.43223020958	1000.0	1924.1902352425077	0.0	0	0.0	3150.6224654519465	1	0	1	0.30186210772596067
228431.11711718573	1000.0	1719.5053482663661	0.0	0	0.0	3150.6224654519756	1	0	1	0.9950092882858999
229346.76585371065	1000.0	1803.856611741457	0.0	0	0.0	3150.6224654519756	1	0	1	0.9950092882858999
230104.01821664048	1000.0	2046.6042488116107	0.0	0	0.0	3150.6224654519756	1	0	1	0.9950092882858999
231038.31682057056	2000.0	2112.305644881541	0.0	0	0.0	3150.6224654519756	1	0	1	0.9950092882858999
232267.62399076257	2000.0	1882.9984746895134	0.0	0	0.0	3150.6224654519756	1	0	1	1.688156468845845
233317.80692647968	2000.0	1832.81553897243	0.0	0	0.0	3150.6224654520047	1	0	1	1.6881564688458388
234648.5030743293	1000.0	1502.1193911227642	0.0	0	0.0	3150.6224654520047	1	0	1	0.3018621077259486
235354.6720460945	1000.0	1795.9504193575651	0.0	0	0.0	3150.6224654520047	1	0	1	0.9950092882858939
236155.6583232974	1000.0	1994.964142154677	0.0	0	0.0	3150.6224654519756	1	0	1	0.9950092882858999
237649.21764476842	1000.0	1501.4048206836592	0.0	0	0.0	3150.6224654519756	1	0	1	0.9950092882858999
238353.62610536418	500.0	1796.9963600878984	0.0	0	0.0	3150.6224654520047	1	0	1	-0.39128507283399705
239573.68628112087	1000.0	1576.9361843311974	0.0	0	0.0	3150.6224654520047	1	0	1	0.3018621077259484
240391.75063587358	1000.0	1758.8718295784724	0.0	0	0.0	3150.6224654520047	1	0	1	0.9950092882858939
240995.3612667507	1000.0	2155.261198701377	0.0	0	0.0	3150.6224654519756	1	0	1	0.9950092882858999
241637.91096826346	1000.0	2512.7114971886253	0.0	0	0.0	3150.6224654519756	1	0	1	0.9950092882858961
242467.55778691627	2000.0	2683.0646785358167	0.0	0	0.0	3150.6224654519465	1	0	1	0.9950092882859056
243653.25461537365	2000.0	2497.3678500784413	0.0	0	0.0	3150.6224654519756	1	0	1	1.6881564688458497
244373.547010441	2000.0	2777.0754550111196	0.0	0	0.0	3150.6224654519756	1	0	1	1.688156468845845
245304.6662544945	2000.0	2845.956210957587	0.0	0	0.0	3150.6224654520047	1	0	1	1.6881564688458388
247062.0508447953	2000.0	2088.5716206567713	0.0	0	0.0	3150.6224654519756	1	0	1	1.688156468845845
248162.7820961108	1000.0	1987.8403693412665	0.0	0	0.0	3150.6224654519756	1	0	1	0.30186210772595473
248902.50504429854	1000.0	2248.1174211535285	0.0	0	0.0	3150.6224654519756	1	0	1	0.9950092882858999
249797.01470663084	1000.0	2353.60775882122	0.0	0	0.0	3150.6224654519465	1	0	1	0.9950092882859034
250772.58697775914	2000.0	2280.4782605800865	0.0	0	0.0	3053.065238339128	1	0	2	0.6093209244921751
252249.9955064245	2000.0	1803.0697319147484	0.0	0	0.0	3053.065238339099	1	0	1	1.507484143964699
253350.4120815235	1000.0	1702.6531568157375	0.0	0	0.0	3053.0652383390698	1	0	1	0.32118978284481564
254163.32797831873	1000.0	1889.7372600205315	0.0	0	0.0	3053.0652383390698	1	0	1	1.0143369634047608
254872.82546991354	1000.0	2180.2397684257357	0.0	0	0.0	3053.0652383390407	1	0	1	1.0143369634047663
255731.96027571455	2000.0	2321.1049626247036	0.0	0	0.0	3053.0652383390698	1	0	1	1.014336963404764
256999.90661029835	2000.0	2053.1586280408974	0.0	0	0.0	3053.0652383390698	1	0	1	1.707484143964706
258205.00096332905	2000.0	1848.0642750102381	0.0	0	0.0	3053.065238339099	1	0	1	1.7074841439647004
258909.47724331517	1000.0	2143.5879950241115	0.0	0	0.0	3053.0652383390698	1	0	1	0.32118978284481564
260552.5979739966	2000.0	1500.4672643426654	0.0	0	0.0	3053.0652383390698	1	0	1	1.0143369634047608
261191.9277221381	1000.0	1861.1375162011684	0.0	0	0.0	3053.0652383390698	1	0	1	0.32118978284481564
262641.74144886556	2000.0	1411.3237894736617	0.0	0	0.0	3053.0652383390116	1	0	1	1.0143369634047663
263275.0445932827	1000.0	1778.020645056486	0.0	0	0.0	3053.0652383389533	1	0	1	0.3211897828448312
263975.562927849	1000.0	2077.5023104901693	0.0	0	0.0	3053.0652383389825	1	0	1	1.0143369634047785
264937.5199028419	2000.0	2115.5453354973015	0.0	0	0.0	3053.0652383390116	1	0	1	1.0143369634047708
266230.334523822	2000.0	1822.73071451718	0.0	0	0.0	3053.0652383390116	1	0	1	1.707484143964717
267397.2175155735	2000.0	1655.8477227657377	0.0	0	0.0	3053.0652383389533	1	0	1	1.7074841439647281
268361.01105657517	2000.0	1692.0541817640005	0.0	0	0.0	3053.065238338895	1	0	1	1.7074841439647392
269518.5058722314	2000.0	1534.5593661078517	0.0	0	0.0	3053.0652383389533	1	0	1	1.7074841439647281
270175.77980470716	1000.0	1877.285433632105	0.0	0	0.0	3053.0652383390116	1	0	1	0.32118978284482674
271678.69274227746	2000.0	1374.3724960617913	0.0	0	0.0	3053.0652383390116	1	0	1	1.0143369634047719
272174.8113863283	1000.0	1878.2538520109226	0.0	0	0.0	3053.0652383390116	1	0	1	0.32118978284482674
273728.5442251452	2000.0	1324.5210131941453	0.0	0	0.0	3053.0652383390116	1	0	1	1.0143369634047719
274231.1496453973	1000.0	1821.9155929420438	0.0	0	0.0	3053.0652383390116	1	0	1	0.32118978284482674
275793.0769474102	2000.0	1259.988290929198	0.0	0	0.0	3053.0652383390698	1	0	1	1.0143369634047608
276279.2604546759	1000.0	1773.8047836634598	0.0	0	0.0	3053.0652383390698	1	0	1	0.32118978284481564
277040.15627743077	2000.0	2012.908960908592	0.0	0	0.0	3053.0652383390698	1	0	1	1.0143369634047608
278240.29496956925	2000.0	1812.7702687700753	0.0	0	0.0	3053.0652383390698	1	0	1	1.707484143964706
279456.05459393124	2000.0	1597.010644408018	0.0	0	0.0	3053.0652383390698	1	0	1	1.707484143964706
280182.60372942424	1000.0	1870.4615089150057	0.0	0	0.0	3053.0652383390116	1	0	1	0.32118978284482674
280851.3652466533	1000.0	2201.6999916858476	0.0	0	0.0	3053.0652383390116	1	0	1	1.0143369634047719
281729.583466804	1000.0	2323.481771535149	0.0	0	0.0	3053.0652383389533	1	0	1	1.014336963404783
282759.26406139456	1000.0	2293.801176944595	0.0	0	0.0	3053.0652383389533	1	0	1	1.014336963404783
283839.4916988681	1000.0	2213.5735394710646	0.0	0	0.0	3053.0652383389533	1	0	1	1.014336963404783
284453.9087627445	1000.0	2599.156475594614	0.0	0	0.0	3053.0652383389533	1	0	1	1.014336963404783
285835.2536388036	2000.0	2217.811599535544	0.0	0	0.0	3053.065238338895	1	0	1	1.014336963404794
286685.20822255994	1000.0	2367.8570157791723	0.0	0	0.0	3053.0652383387787	1	0	1	0.3211897828448642
287738.5506206544	2000.0	2314.5146176847506	0.0	0	0.0	3053.0652383387787	1	0	1	1.014336963404816
289112.44386035285	2000.0	1940.621377986312	0.0	0	0.0	3053.0652383387787	1	0	1	1.7074841439647612
289911.2993673227	1000.0	2141.765871016375	0.0	0	0.0	3053.0652383387787	1	0	1	0.3211897828448709
290711.5624616158	1000.0	2341.5027767232723	0.0	0	0.0	3053.0652383387787	1	0	1	1.014336963404816
291789.1124262037	2000.0	2263.9528121354033	0.0	0	0.0	3053.065238338837	1	0	1	1.0143369634048116
292713.952849578	2000.0	2339.11238876112	0.0	0	0.0	3053.065238338895	1	0	1	1.7074841439647392
293893.2029103487	2000.0	2159.862327990318	0.0	0	0.0	3053.065238338895	1	0	1	1.7074841439647392
295649.7681680809	2000.0	1403.2970702580928	0.0	0	0.0	3053.065238338837	1	0	1	1.7074841439647415
296362.96146755246	1000.0	1690.1037707865348	0.0	0	0.0	3053.065238338837	1	0	1	0.3211897828448598
297120.4133800045	1000.0	1932.651858334442	0.0	0	0.0	3053.065238338837	1	0	1	1.014336963404805
298173.6261578732	2000.0	1879.4390804657558	0.0	0	0.0	3053.065238338837	1	0	1	1.014336963404805
299045.28927441523	2000.0	2007.7759639237706	0.0	0	0.0	3053.065238338895	1	0	1	1.7074841439647392
300053.37807966967	2000.0	1999.687158669368	0.0	0	0.0	3053.065238338895	1	0	1	1.7074841439647392
301457.2172327548	2000.0	1595.8480055841592	0.0	0	0.0	3053.065238338895	1	0	1	1.7074841439647392
1.17	1.67	2.38	1.33	1.44	1.91	1.25	1.36	1.45	1.11	1.4	1.59	2.28	1.81	0.9	1.15	1.08	1.33	1.25	0.76	0.96	1.45	1.51	1.25	1.51	2.33	1.17	2.18	1.87	1.78	1.47	1.41	1.39	1.29	1.17	1.31	1.44	1.61	2.04	1.22	1.61	1.33	1.4	1.62	1.2	1.44	2.21	1.91	1.65	2.26	2.09	1.25	1.55	1.15	2.22	0.61	1.04	0.94	1.04	0.96	1.41	1.93	1.15	1.44	1.1	1.59	1.91	1.85	1.91	2.55	1.8	1.39	1.61	1.3	1.26	0.75	1.47	1.61	1.68	1.78	1.53	0.73	1.27	1.12	0.66	0.93	0.86	1.24	1.45	1.87	1.76	2.32	1.61	0.8	1.03	1.19	1.38	1.58	1.67	1.59	1.11	1.66	2.1	2.12	1.77	1.52	1.74	1.18	1.54	1.59	1.54	2.15	2.2	1.73	2.1	1.73	1.45	1.71	1.59	1.69	1.31	2.06	1.48	2.09	2.32	2.03	1.11	1.39	1.19	1.12	1.0	1.38	1.54	1.14	1.32	2.27	1.44	0.93	1.99	2.04	1.45	1.27	1.07	1.67	1.68	2.06	2.26	1.51	1.18	1.66	1.17	1.67	2.38	1.33	1.44	1.91	1.25	1.36	1.45	1.11	1.4	1.59	2.28	1.81	0.9	1.15	1.08	1.33	1.25	0.76	0.96	1.45	1.51	1.25	1.51	2.33	1.17	2.18	1.87	1.78	1.47	1.41	1.39	1.29	1.17	1.31	1.44	1.61	2.04	1.22	1.61	1.33	1.4	1.62	1.2	1.44	2.21	1.91	1.65	2.26	2.09	1.25	1.55	1.15	2.22	0.61	1.04	0.94	1.04	0.96	1.41	1.93	1.15	1.44	1.1	1.59	1.91	1.85	1.91	2.55	1.8	1.39	1.61	1.3	1.26	0.75	1.47	1.61	1.68	1.78	1.53	0.73	1.27	1.12	0.66	0.93	0.86	1.24	1.45	1.87	1.76	2.32	1.61	0.8	1.03	1.19	1.38	1.58	1.67	1.59	1.11	1.66	2.1	2.12	1.77	1.52	1.74	1.18	1.54	1.59	1.54	2.15	2.2	1.73	2.1	1.73	1.45	1.71	1.59	1.69	1.31	2.06	1.48	2.09	2.32	2.03	1.11	1.39	1.19	1.12	1.0	1.38	1.54	1.14	1.32	2.27	1.44	0.93	1.99	2.04	1.45	1.27	1.07	1.67	1.68	2.06	2.26	1.51	1.18	1.66	1.17	1.67
1.0	2.0	3.0	4.0	5.0	6.0	7.0	8.0	9.0	10.0	11.0	12.0	13.0	14.0	15.0	16.0	17.0	18.0	19.0	20.0	21.0	22.0	23.0	24.0	25.0	26.0	27.0	28.0	29.0	30.0	31.0	32.0	33.0	34.0	35.0	36.0	37.0	38.0	39.0	40.0	41.0	42.0	43.0	44.0	45.0	46.0	47.0	48.0	49.0	50.0	51.0	52.0	53.0	54.0	55.0	56.0	57.0	58.0	59.0	60.0	61.0	62.0	63.0	64.0	65.0	66.0	67.0	68.0	69.0	70.0	71.0	72.0	73.0	74.0	75.0	76.0	77.0	78.0	79.0	80.0	81.0	82.0	83.0	84.0	85.0	86.0	87.0	88.0	89.0	90.0	91.0	92.0	93.0	94.0	95.0	96.0	97.0	98.0	99.0	100.0	101.0	102.0	103.0	104.0	105.0	106.0	107.0	108.0	109.0	110.0	111.0	112.0	113.0	114.0	115.0	116.0	117.0	118.0	119.0	120.0	121.0	122.0	123.0	124.0	125.0	126.0	127.0	128.0	129.0	130.0	131.0	132.0	133.0	134.0	135.0	136.0	137.0	138.0	139.0	140.0	141.0	142.0	143.0	144.0	145.0	146.0	147.0	148.0	149.0	149.0	150.0	151.0	152.0	153.0	154.0	155.0	156.0	157.0	158.0	159.0	160.0	161.0	162.0	163.0	164.0	165.0	166.0	167.0	168.0	169.0	170.0	171.0	172.0	173.0	174.0	175.0	176.0	177.0	178.0	179.0	180.0	181.0	182.0	183.0	184.0	185.0	186.0	187.0	188.0	189.0	190.0	191.0	192.0	193.0	194.0	195.0	196.0	197.0	198.0	199.0	200.0	201.0	202.0	203.0	204.0	205.0	206.0	207.0	208.0	209.0	210.0	211.0	212.0	213.0	214.0	215.0	216.0	217.0	218.0	219.0	220.0	221.0	222.0	223.0	224.0	225.0	226.0	227.0	228.0	229.0	230.0	231.0	232.0	233.0	234.0	235.0	236.0	237.0	238.0	239.0	240.0	241.0	242.0	243.0	244.0	245.0	246.0	247.0	248.0	249.0	250.0	251.0	252.0	253.0	254.0	255.0	256.0	257.0	258.0	259.0	260.0	261.0	262.0	263.0	264.0	265.0	266.0	267.0	268.0	269.0	270.0	271.0	272.0	273.0	274.0	275.0	276.0	277.0	278.0	279.0	280.0	281.0	282.0	283.0	284.0	285.0	286.0	287.0	288.0	289.0	290.0	291.0	292.0	293.0	294.0	295.0	296.0	297.0	298.0	298.0	299.0	300.0
3539.4906499426115
