4005.078529727248	300.0	2000.0	433.0688782998031	0	0.0	4005.078529727248	1	0	1	-3.027830212749098
4951.430641950897	1000.0	2053.647887776352	0.0	0	0.0	4005.0785297272487	1	0	1	-0.4690581757307485
6307.880909610314	1000.0	1697.1976201169348	0.0	0	0.0	4005.078529727249	1	0	1	0.7349146285951873
7184.81976597252	1000.0	1820.2587637547297	0.0	0	0.0	4005.07852972725	1	0	1	0.7349146285951869
7847.564285004094	1000.0	2157.514244723155	0.0	0	0.0	4005.0785297272487	1	0	1	0.7349146285951874
9129.132806139283	2000.0	1747.7888714744477	0.0	0	0.0	3876.921677613732	1	0	2	0.37359995853723615
10869.802612205336	2000.0	833.0520848017883	0.0	0	0.0	3702.8546970071257	1	0	2	1.3298868055749398
11683.798429437767	1000.0	1019.0562675693549	0.0	0	0.0	3702.854697007123	1	0	1	-0.04472253123210562
12498.59290491782	1000.0	1204.2617920893044	0.0	0	0.0	3702.854697007124	1	0	1	0.8484246493278397
13224.31384795942	1000.0	1478.5408490477053	0.0	0	0.0	3702.854697007124	1	0	1	0.8484246493278397
14073.558091621517	1000.0	1629.296605385609	0.0	0	0.0	3702.854697007124	1	0	1	0.8484246493278397
14691.203354916588	1000.0	2011.6513420905371	0.0	0	0.0	3702.854697007124	1	0	1	0.8484246493278397
16408.23388024858	2000.0	1122.9177642253471	0.0	0	0.0	3531.1516444739227	1	0	2	0.48379125920474203
17345.2966516994	500.0	1185.854992774527	0.0	0	0.0	3531.1516444739227	1	0	1	-1.3778625871860928
17966.981633425105	500.0	1564.1700110488193	0.0	0	0.0	3531.151644473921	1	0	1	0.20843177393379794
18953.502212228923	1000.0	1577.6494322449998	0.0	0	0.0	3531.151644473921	1	0	1	0.20843177393379886
20025.5595647294	1000.0	1505.5920797445206	0.0	0	0.0	3531.1516444739173	1	0	1	0.9015789544937445
20422.182390532773	500.0	2108.9692539411462	0.0	0	0.0	3531.1516444739173	1	0	1	-0.48471540662614604
21380.35546668223	1000.0	2150.796177791688	0.0	0	0.0	3531.1516444739173	1	0	1	0.20843177393379952
22450.726059623306	1000.0	2080.4255848506123	0.0	0	0.0	3531.1516444739173	1	0	1	0.9015789544937449
23426.759014440908	2000.0	2006.7893345512557	0.0	0	0.0	3433.5483489921644	1	0	2	0.5228120579184974
24466.233610540057	2000.0	1863.3672788421925	0.0	0	0.0	3329.6008893822473	1	0	2	1.4414005330421484
25447.004330791406	2000.0	1882.596558590841	0.0	0	0.0	3329.6008893822473	1	0	1	1.4480392863355496
26350.462100567336	2000.0	1979.1387888149084	0.0	0	0.0	3329.6008893822436	1	0	1	1.6480392863355509
27404.648663051063	2000.0	1924.952226331179	0.0	0	0.0	3329.60088938224	1	0	1	1.6480392863355517
27942.63231156608	2000.0	2333.170212964658	0.0	0	0.0	3275.8025245307363	1	0	2	1.2573546735386303
28770.368029583635	2000.0	2505.434494947106	0.0	0	0.0	3275.8025245307326	1	0	1	1.4607683659423443
29823.175461097915	2000.0	2452.6270634328257	0.0	0	0.0	3275.8025245307326	1	0	1	1.6607683659423444
31041.49858621263	2000.0	2234.303938318111	0.0	0	0.0	3275.8025245307326	1	0	1	1.6607683659423444
32777.394074738906	2000.0	1498.4084497918345	0.0	0	0.0	3275.8025245307326	1	0	1	1.6607683659423444
33454.508552523184	1000.0	1821.2939720075578	0.0	0	0.0	3275.8025245307326	1	0	1	0.2744740048224532
34517.66790845033	2000.0	1758.1346160804146	0.0	0	0.0	3275.8025245307326	1	0	1	0.9676211853823996
35157.270791475414	1000.0	2118.53173305533	0.0	0	0.0	3275.8025245307363	1	0	1	0.2744740048224532
36074.25845573409	2000.0	2201.5440687966525	0.0	0	0.0	3275.8025245307363	1	0	1	0.9676211853823978
37186.6382666213	2000.0	2089.164257909445	0.0	0	0.0	3275.8025245307363	1	0	1	1.6607683659423433
38499.77609966395	2000.0	1776.026424866797	0.0	0	0.0	3275.8025245307363	1	0	1	1.6607683659423433
39191.27507160864	1000.0	2084.5274529221097	0.0	0	0.0	3275.8025245307363	1	0	1	0.2744740048224532
39931.486448884774	1000.0	2344.31607564597	0.0	0	0.0	3275.8025245307363	1	0	1	0.9676211853823984
40686.84619612331	1000.0	2588.95632840744	0.0	0	0.0	3275.8025245307435	1	0	1	0.9676211853823968
41964.82755513729	2000.0	2310.97496939346	0.0	0	0.0	3275.8025245307435	1	0	1	0.9676211853823968
42952.35124192353	1000.0	2323.451282607228	0.0	0	0.0	3275.8025245307435	1	0	1	0.27447400482245166
43690.31053571578	1000.0	2585.491988814968	0.0	0	0.0	3275.8025245307435	1	0	1	0.9676211853823968
45115.900135460564	2000.0	2159.9023890701837	0.0	0	0.0	3275.8025245307435	1	0	1	0.9676211853823968
45520.571196279474	1000.0	2755.231328251273	0.0	0	0.0	3275.8025245307435	1	0	1	0.27447400482245166
46339.47287817058	2000.0	2936.329646360167	0.0	0	0.0	3275.8025245307435	1	0	1	0.9676211853823968
48185.29720977579	2000.0	2090.5053147549615	0.0	0	0.0	3275.8025245307435	1	0	1	1.660768365942342
49093.13609506167	1000.0	2182.6664294690836	0.0	0	0.0	3275.8025245307363	1	0	1	0.2744740048224532
49869.894198055685	1000.0	2405.9083264750684	0.0	0	0.0	3275.802524530729	1	0	1	0.9676211853824
50849.94300105645	1000.0	2425.8595234742957	0.0	0	0.0	3275.802524530729	1	0	1	0.9676211853824
51840.42601747106	1000.0	2435.376507059688	0.0	0	0.0	3275.802524530729	1	0	1	0.9676211853824
53143.830670338975	1000.0	2131.971854191761	0.0	0	0.0	3275.802524530729	1	0	1	0.9676211853824
54826.04667075111	1000.0	1449.7558537796203	0.0	0	0.0	3275.802524530729	1	0	1	0.9676211853824
55514.36657407468	500.0	1761.4359504560528	0.0	0	0.0	3275.8025245307217	1	0	1	-0.4186731757374891
56438.42905756457	1000.0	1837.3734669661585	0.0	0	0.0	3275.8025245307217	1	0	1	0.2744740048224563
57828.74702068272	1000.0	1447.0555038480077	0.0	0	0.0	3275.802524530729	1	0	1	0.9676211853824
59009.98815405591	1000.0	1265.8143704748213	0.0	0	0.0	3275.802524530729	1	0	1	0.9676211853824
59871.52910615428	1000.0	1404.2734183764567	0.0	0	0.0	3275.802524530729	1	0	1	0.9676211853824
61339.78754977961	1000.0	936.0149747511257	0.0	0	0.0	3275.8025245307363	1	0	1	0.9676211853823987
61777.292725581116	500.0	1498.5097989496212	0.0	0	0.0	3275.8025245307363	1	0	1	-0.4186731757374924
62761.143853465685	1000.0	1514.6586710650517	0.0	0	0.0	3275.802524530729	1	0	1	0.27447400482245454
63451.57327796935	1000.0	1824.2292465613798	0.0	0	0.0	3275.802524530729	1	0	1	0.9676211853824
64640.95785961366	1000.0	1634.8446649170664	0.0	0	0.0	3275.8025245307363	1	0	1	0.9676211853823984
65431.71064595244	1000.0	1844.0918785782922	0.0	0	0.0	3275.8025245307363	1	0	1	0.9676211853823984
66154.12956081686	1000.0	2121.6729637138715	0.0	0	0.0	3275.8025245307435	1	0	1	0.9676211853823968
67199.91560153912	2000.0	2075.8869229916054	0.0	0	0.0	3275.802524530751	1	0	1	0.9676211853823948
68237.2897615533	2000.0	2038.5127629774224	0.0	0	0.0	3275.802524530751	1	0	1	1.660768365942338
69705.8356698654	2000.0	1569.9668546653327	0.0	0	0.0	3275.8025245307654	1	0	1	1.6607683659423371
70565.9747451101	1000.0	1709.8277794206256	0.0	0	0.0	3275.802524530751	1	0	1	0.27447400482244977
71843.56216359687	2000.0	1432.240360933853	0.0	0	0.0	3275.802524530751	1	0	1	0.9676211853823948
72620.30647102057	1000.0	1655.4960535101711	0.0	0	0.0	3275.8025245307654	1	0	1	0.27447400482244655
73351.60092268359	1000.0	1924.2016018471472	0.0	0	0.0	3275.8025245307654	1	0	1	0.9676211853823917
74895.30490932851	2000.0	1380.4976152022368	0.0	0	0.0	3275.8025245307654	1	0	1	0.9676211853823915
75769.76932899652	1000.0	1506.033195534223	0.0	0	0.0	3275.8025245307654	1	0	1	0.27447400482244655
76891.0113686745	1000.0	1384.7911558562557	0.0	0	0.0	3275.80252453078	1	0	1	0.9676211853823882
77837.19305039443	1000.0	1438.60947413633	0.0	0	0.0	3275.80252453078	1	0	1	0.9676211853823882
78481.54915169862	1000.0	1794.2533728321355	0.0	0	0.0	3275.80252453078	1	0	1	0.9676211853823882
79199.50572068614	2000.0	2076.2968038446234	0.0	0	0.0	3275.80252453078	1	0	1	0.9676211853823882
80212.1035855451	2000.0	2063.698938985653	0.0	0	0.0	3275.80252453078	1	0	1	1.6607683659423333
81069.51500228587	2000.0	2206.287522244885	0.0	0	0.0	3275.80252453078	1	0	1	1.6607683659423333
82785.09576526695	2000.0	1490.7067592638205	0.0	0	0.0	3275.8025245307654	1	0	1	1.6607683659423367
83668.89661283715	1000.0	1606.9059116936176	0.0	0	0.0	3275.80252453078	1	0	1	0.27447400482244305
84245.56469304883	1000.0	2030.2378314819382	0.0	0	0.0	3275.8025245307945	1	0	1	0.9676211853823848
85502.20692572727	2000.0	1773.595598803503	0.0	0	0.0	3275.8025245307945	1	0	1	0.9676211853823848
86568.38546791393	1000.0	1707.4170566168323	0.0	0	0.0	3275.802524530809	1	0	1	0.2744740048224364
87307.64162633842	1000.0	1968.1608981923614	0.0	0	0.0	3275.802524530809	1	0	1	0.9676211853823815
89154.98530815203	2000.0	936.0828481973617	0.0	0	0.0	3091.0681563494145	1	0	2	0.595280375909486
89802.993356376	1000.0	1288.074799973381	0.0	0	0.0	3091.0681563494145	1	0	1	0.11386094751980902
90833.63235520541	1000.0	1257.4358011439579	0.0	0	0.0	3091.0681563494145	1	0	1	1.0070081280797543
91568.741755301	1000.0	1522.3264010483558	0.0	0	0.0	3091.0681563494145	1	0	1	1.0070081280797543
92477.15283304127	1000.0	1613.9153233080804	0.0	0	0.0	3091.0681563494145	1	0	1	1.0070081280797543
93131.25512525039	1000.0	1959.813031098965	0.0	0	0.0	3091.0681563494145	1	0	1	1.0070081280797543
93805.26693467973	1000.0	2285.8012216696447	0.0	0	0.0	3091.0681563494145	1	0	1	1.0070081280797543
94971.01983955028	2000.0	2120.048316799113	0.0	0	0.0	3091.0681563494145	1	0	1	1.0070081280797543
96175.7572728804	2000.0	1915.3108834689956	0.0	0	0.0	3091.0681563494145	1	0	1	1.7001553086396994
98742.78560289636	2000.0	348.2825534530451	0.0	0	0.0	3091.0681563494145	1	0	1	1.7001553086396994
99144.13592758376	500.0	946.9322287656438	0.0	0	0.0	3091.0681563494145	1	0	1	-1.072433413600082
99915.89852510019	1000.0	1175.1696312492031	0.0	0	0.0	3091.068156349429	1	0	1	0.3138609475198063
100524.3178480594	1000.0	1566.750308289976	0.0	0	0.0	3091.068156349429	1	0	1	1.0070081280797518
101310.2486505886	2000.0	1780.8195057607854	0.0	0	0.0	3091.068156349429	1	0	1	1.0070081280797516
102883.44117546089	2000.0	1207.6269808884888	0.0	0	0.0	3091.068156349429	1	0	1	1.7001553086396968
103693.24501640996	1000.0	1397.8231399394133	0.0	0	0.0	3091.0681563494145	1	0	1	0.3138609475198092
104518.48650025831	1000.0	1572.5816560910625	0.0	0	0.0	3091.068156349429	1	0	1	1.0070081280797518
105233.2392876835	1000.0	1857.8288686658764	0.0	0	0.0	3091.068156349429	1	0	1	1.0070081280797518
106096.71604231259	2000.0	1908.0044385738759	0.0	0	0.0	3004.720480886521	1	0	2	0.6192457368123705
107873.17211728984	2000.0	1131.5483635966393	0.0	0	0.0	3004.720480886521	1	0	1	1.5164521378872418
108611.9269033496	1000.0	1392.79357753687	0.0	0	0.0	3004.720480886521	1	0	1	0.3301577767673515
109840.18411159393	1000.0	1164.5363692925364	0.0	0	0.0	3004.7204808865354	1	0	1	1.0233049573272939
110636.96080422749	1000.0	1367.7596766589713	0.0	0	0.0	3004.7204808865354	1	0	1	1.0233049573272939
111481.9613916143	1000.0	1522.7590892721828	0.0	0	0.0	3004.7204808865354	1	0	1	1.0233049573272939
112158.50730604857	1000.0	1846.2131748378833	0.0	0	0.0	3004.7204808865354	1	0	1	1.0233049573272939
113556.09097077936	1000.0	1448.629510107096	0.0	0	0.0	3004.72048088655	1	0	1	1.0233049573272914
114716.50058173895	1000.0	1288.2198991475148	0.0	0	0.0	3004.72048088655	1	0	1	1.0233049573272914
115326.74684989479	500.0	1677.973630991684	0.0	0	0.0	3004.72048088655	1	0	1	-0.3629894037925996
116486.9052186909	1000.0	1517.8152621955812	0.0	0	0.0	3004.72048088655	1	0	1	0.33015777676734603
117672.89274598045	1000.0	1331.8277349060406	0.0	0	0.0	3004.7204808865645	1	0	1	1.0233049573272888
118546.72891158117	1000.0	1457.9915693053263	0.0	0	0.0	3004.720480886579	1	0	1	1.023304957327286
119327.13659037923	1000.0	1677.5838905072678	0.0	0	0.0	3004.720480886579	1	0	1	1.023304957327286
119955.85120499867	1000.0	2048.8692758878315	0.0	0	0.0	3004.720480886579	1	0	1	1.023304957327286
121093.4462570683	2000.0	1911.274223818205	0.0	0	0.0	3004.720480886579	1	0	1	1.023304957327286
123192.1364678259	2000.0	812.5840130605891	0.0	0	0.0	3004.720480886579	1	0	1	1.7164521378872313
123880.57301745503	1000.0	1124.1474634314661	0.0	0	0.0	3004.720480886579	1	0	1	0.3301577767673409
124591.13612256575	1000.0	1413.5843583207386	0.0	0	0.0	3004.7204808865645	1	0	1	1.0233049573272888
125485.31230776389	1000.0	1519.408173122595	0.0	0	0.0	3004.7204808865645	1	0	1	1.0233049573272888
126101.09407502275	1000.0	1903.626405863763	0.0	0	0.0	3004.7204808865645	1	0	1	1.0233049573272888
126952.28737939213	1000.0	2052.433101494372	0.0	0	0.0	3004.7204808865645	1	0	1	1.0233049573272888
127781.64083280176	1000.0	2223.079648084747	0.0	0	0.0	3004.7204808865645	1	0	1	1.0233049573272888
128796.78794243869	1000.0	2207.932538447818	0.0	0	0.0	3004.720480886579	1	0	1	1.023304957327286
129548.82389624049	1000.0	2455.8965846460155	0.0	0	0.0	3004.720480886579	1	0	1	1.023304957327286
130926.92483083544	2000.0	2077.795650051061	0.0	0	0.0	3004.720480886579	1	0	1	1.023304957327286
132641.92987473682	2000.0	1362.7906061497013	0.0	0	0.0	3004.7204808865936	1	0	1	1.7164521378872328
133176.5925435058	1000.0	1828.1279373807088	0.0	0	0.0	3004.7204808865936	1	0	1	0.3301577767673367
134894.0139796017	2000.0	1110.7065012848261	0.0	0	0.0	3004.720480886608	1	0	1	1.023304957327281
135602.5542728146	1000.0	1402.1662080719543	0.0	0	0.0	3004.720480886608	1	0	1	0.3301577767673357
136565.64527435528	1000.0	1439.0752065312927	0.0	0	0.0	3004.7204808866372	1	0	1	1.0233049573272754
137524.04532924376	1000.0	1480.6751516428285	0.0	0	0.0	3004.7204808866372	1	0	1	1.0233049573272754
138014.53647169808	1000.0	1990.1840091885117	0.0	0	0.0	3004.7204808866372	1	0	1	1.0233049573272754
138890.33135858495	2000.0	2114.389122301667	0.0	0	0.0	3004.7204808866372	1	0	1	1.0233049573272757
140505.57189831097	2000.0	1499.1485825756736	0.0	0	0.0	3004.7204808866663	1	0	1	1.7164521378872155
141578.19443739732	1000.0	1426.5260434893057	0.0	0	0.0	3004.7204808866663	1	0	1	0.33015777676732505
142317.94258676402	1000.0	1686.777894122587	0.0	0	0.0	3004.7204808866663	1	0	1	1.0233049573272703
143005.36984749406	1000.0	1999.3506333925416	0.0	0	0.0	3004.7204808866663	1	0	1	1.0233049573272703
143826.76153536755	2000.0	2177.9589455190116	0.0	0	0.0	3004.7204808866663	1	0	1	1.0233049573272703
144912.5053499385	2000.0	2092.215130948085	0.0	0	0.0	3004.7204808866954	1	0	1	1.71645213788721
145930.8735877076	2000.0	2073.8468931789694	0.0	0	0.0	3004.7204808866954	1	0	1	1.71645213788721
147295.51595811968	2000.0	1709.2045227668941	0.0	0	0.0	3004.7204808866954	1	0	1	1.71645213788721
148650.98648080832	2000.0	1218.1869478093736	0.0	0	0.0	2869.1734286178253	1	0	2	1.3335551308873472
149442.4295215455	1000.0	1426.7439070721598	0.0	0	0.0	2869.1734286178253	1	0	1	0.15330232617361406
150134.03377787507	1000.0	1735.1396507425832	0.0	0	0.0	2869.1734286178253	1	0	1	1.0464495067335595
150883.28320565438	1000.0	1985.8902229632608	0.0	0	0.0	2869.1734286178544	1	0	1	1.0464495067335546
151392.55621936792	1000.0	2476.617209249676	0.0	0	0.0	2869.1734286178544	1	0	1	1.0464495067335546
152242.14436652686	2000.0	2627.0290620907235	0.0	0	0.0	2869.1734286178544	1	0	1	1.0464495067335546
154855.40857696146	2000.0	1013.7648516561269	0.0	0	0.0	2869.1734286178835	1	0	1	1.739596687293498
155470.70083611595	500.0	1398.4725925016335	0.0	0	0.0	2869.1734286178835	1	0	1	-1.032992034946286
156275.65659460367	1000.0	1593.5168340139082	0.0	0	0.0	2869.1734286178835	1	0	1	0.35330232617360746
156772.03513098287	1000.0	2097.1382976346836	0.0	0	0.0	2869.1734286178544	1	0	1	1.0464495067335546
157889.26110380038	2000.0	1979.9123248171677	0.0	0	0.0	2869.1734286178544	1	0	1	1.0464495067335546
159177.51065655056	2000.0	1691.6627720669997	0.0	0	0.0	2869.1734286178835	1	0	1	1.7395966872934951
159679.04903298794	1000.0	2190.1243956296075	0.0	0	0.0	2869.1734286178835	1	0	1	0.3533023261736049
161412.62844890667	2000.0	1456.5449797108593	0.0	0	0.0	2869.1734286178835	1	0	1	1.04644950673355
162097.58341389915	1000.0	1771.590014718407	0.0	0	0.0	2869.1734286178835	1	0	1	0.3533023261736049
163610.86320389988	2000.0	1258.3102247176646	0.0	0	0.0	2869.1734286178835	1	0	1	1.04644950673355
164154.78098632515	1000.0	1714.3924422923988	0.0	0	0.0	2869.1734286178835	1	0	1	0.3533023261736049
166228.88402479692	2000.0	640.2894038206229	0.0	0	0.0	2869.1734286178544	1	0	1	1.0464495067335509
167020.0221030694	500.0	849.1513255481418	0.0	0	0.0	2869.1734286178544	1	0	1	-1.0329920349462816
167550.4051998551	500.0	1318.7682287624332	0.0	0	0.0	2869.1734286178253	1	0	1	0.35330232617361396
168433.0241386241	1000.0	1436.1492899934606	0.0	0	0.0	2869.1734286178253	1	0	1	0.353302326173614
169710.0341183911	1000.0	1159.1393102264406	0.0	0	0.0	2869.1734286178253	1	0	1	1.0464495067335595
170473.50065176003	1000.0	1395.6727768574985	0.0	0	0.0	2869.1734286178253	1	0	1	1.0464495067335595
171204.36424013355	1000.0	1664.8091884839482	0.0	0	0.0	2869.1734286178253	1	0	1	1.0464495067335595
171726.28080464533	1000.0	2142.892623972194	0.0	0	0.0	2869.1734286178253	1	0	1	1.0464495067335595
172745.32455947218	2000.0	2123.848869145366	0.0	0	0.0	2869.1734286178544	1	0	1	1.0464495067335546
173592.69411915552	2000.0	2276.479309461996	0.0	0	0.0	2869.1734286178835	1	0	1	1.7395966872934951
174281.07474421384	2000.0	2588.098684403698	0.0	0	0.0	2869.1734286178835	1	0	1	1.7395966872934951
175200.0	2000.0	2669.17342861753	0.0	0	175.05897954895045	2869.1734286178835	1	0	1	1.7395966872934951
176200.0	2000.0	2669.173428617525	0.0	0	271.1805709397595	2869.1734286178835	1	0	1	1.7395966872934951
177200.0	2000.0	2669.1734286175056	0.0	0	336.5110875792452	2869.1734286178835	1	0	1	1.7395966872934951
178786.92242247157	3000.0	1923.5587638987874	0.0	0	0.0	2710.4811863707146	1	0	2	1.3579791940564458
180285.53306482514	2000.0	1424.9481215452429	0.0	0	0.0	2710.4811863707146	1	0	1	1.1578153249478114
180956.20672046297	1000.0	1754.2744659073978	0.0	0	0.0	2710.4811863707146	1	0	1	0.3769860719360859
181825.47627699163	1000.0	1885.0049093787125	0.0	0	0.0	2710.4811863707437	1	0	1	1.070133252496027
182399.53921901193	1000.0	2310.941967358434	0.0	0	0.0	2710.481186370802	1	0	1	1.0701332524960199
183808.49648147932	2000.0	1901.9847048910253	0.0	0	0.0	2710.481186370802	1	0	1	1.0701332524960188
185246.56855289525	2000.0	1463.912633475079	0.0	0	0.0	2710.481186370773	1	0	1	1.7632804330559648
185879.33402996958	1000.0	1831.147156400737	0.0	0	0.0	2710.481186370802	1	0	1	0.3769860719360738
187548.41510923824	2000.0	1162.066077132065	0.0	0	0.0	2710.481186370802	1	0	1	1.0701332524960188
188634.64164176426	1000.0	1075.8395446060554	0.0	0	0.0	2710.481186370802	1	0	1	0.3769860719360738
189598.92566676985	1000.0	1111.5555196004364	0.0	0	0.0	2710.481186370773	1	0	1	1.070133252496022
190208.8155303306	1000.0	1501.6656560396611	0.0	0	0.0	2710.481186370773	1	0	1	1.070133252496023
190831.08010471918	1000.0	1879.4010816511127	0.0	0	0.0	2710.481186370802	1	0	1	1.070133252496019
192669.3869054912	2000.0	1041.0942808791078	0.0	0	0.0	2710.481186370802	1	0	1	1.0701332524960188
193532.95724635955	1000.0	1177.5239400107812	0.0	0	0.0	2710.481186370773	1	0	1	0.376986071936077
194333.99830289264	1000.0	1376.4828834776845	0.0	0	0.0	2710.481186370802	1	0	1	1.0701332524960205
195065.69827389583	2000.0	1644.7829124744721	0.0	0	0.0	2710.481186370802	1	0	1	1.0701332524960188
196805.9142017843	2000.0	904.5669845859943	0.0	0	0.0	2710.481186370802	1	0	1	1.763280433055964
197777.4565304211	1000.0	933.024655949191	0.0	0	0.0	2710.481186370802	1	0	1	0.3769860719360738
198884.48201954667	1000.0	825.9991668236297	0.0	0	0.0	2710.481186370773	1	0	1	1.070133252496023
199300.77010990639	500.0	1409.711076463897	0.0	0	0.0	2710.481186370802	1	0	1	-0.3161611086238719
199845.2944990255	1000.0	1865.1866873447739	0.0	0	0.0	2710.481186370802	1	0	1	0.3769860719360736
202089.87569664684	2000.0	620.6054897234036	0.0	0	0.0	2710.481186370773	1	0	1	1.070133252496023
202878.93533294406	500.0	831.5458534262082	0.0	0	0.0	2710.481186370773	1	0	1	-1.0093082891838132
203583.0241421586	500.0	1127.4570442116476	0.0	0	0.0	2710.481186370773	1	0	1	0.3769860719360776
204902.28489346566	1000.0	808.1962929045744	0.0	0	0.0	2710.481186370802	1	0	1	0.3769860719360736
205823.78025526783	1000.0	886.7009311024135	0.0	0	0.0	2710.481186370773	1	0	1	1.070133252496023
206243.70034496504	500.0	1466.7808414052226	0.0	0	0.0	2710.481186370802	1	0	1	-0.3161611086238719
207570.42561414096	1000.0	1140.0555722292654	0.0	0	0.0	2710.481186370773	1	0	1	0.37698607193607764
208370.9499819405	1000.0	1339.531204429715	0.0	0	0.0	2710.481186370773	1	0	1	1.070133252496023
209323.50776910232	1000.0	1386.973417267911	0.0	0	0.0	2710.481186370773	1	0	1	1.070133252496023
210289.93745085914	1000.0	1420.5437355111203	0.0	0	0.0	2710.481186370802	1	0	1	1.0701332524960214
211136.4779898018	1000.0	1574.0031965684568	0.0	0	0.0	2710.481186370802	1	0	1	1.070133252496019
211946.5379357952	1000.0	1763.943250575031	0.0	0	0.0	2710.481186370802	1	0	1	1.070133252496019
213007.04766903774	1000.0	1703.4335173324744	0.0	0	0.0	2710.481186370773	1	0	1	1.070133252496023
213813.56838347987	1000.0	1896.912802890321	0.0	0	0.0	2710.481186370773	1	0	1	1.070133252496023
214677.10112324884	1000.0	2033.3800631213435	0.0	0	0.0	2710.4811863707437	1	0	1	1.070133252496027
215671.39305829603	2000.0	2039.0881280741892	0.0	0	0.0	2710.4811863707437	1	0	1	1.070133252496027
216906.69382513777	2000.0	1803.7873612324552	0.0	0	0.0	2710.4811863707437	1	0	1	1.763280433055972
218440.10158504354	2000.0	1270.379601326679	0.0	0	0.0	2710.4811863707437	1	0	1	1.763280433055972
219294.53933747017	1000.0	1415.9418489000454	0.0	0	0.0	2710.4811863707437	1	0	1	0.3769860719360819
219823.37268869506	1000.0	1887.1084976751642	0.0	0	0.0	2710.4811863707437	1	0	1	1.070133252496027
220940.77169855312	2000.0	1769.709487817098	0.0	0	0.0	2710.4811863707437	1	0	1	1.070133252496027
222013.72192111393	2000.0	1696.7592652563033	0.0	0	0.0	2710.4811863707437	1	0	1	1.763280433055972
223424.74820045277	2000.0	1285.7329859174527	0.0	0	0.0	2710.481186370773	1	0	1	1.7632804330559682
223983.45929382608	1000.0	1727.0218925441536	0.0	0	0.0	2710.481186370773	1	0	1	0.37698607193607786
225618.04966223595	2000.0	1092.4315241342906	0.0	0	0.0	2710.481186370773	1	0	1	1.070133252496023
226294.3024412659	1000.0	1416.178745104355	0.0	0	0.0	2710.481186370773	1	0	1	0.37698607193607786
226924.10722557496	1000.0	1786.3739607952646	0.0	0	0.0	2710.481186370773	1	0	1	1.070133252496023
227391.70532571504	1000.0	2318.775860655212	0.0	0	0.0	2710.481186370773	1	0	1	1.070133252496023
228326.53591051613	2000.0	2383.9452758541483	0.0	0	0.0	2710.481186370802	1	0	1	1.0701332524960188
229546.84876071804	2000.0	2163.632425652251	0.0	0	0.0	2710.481186370802	1	0	1	1.763280433055964
230837.02980870276	2000.0	1873.4513776675572	0.0	0	0.0	2710.481186370802	1	0	1	1.763280433055963
232520.32120581775	2000.0	1190.1599805525827	0.0	0	0.0	2710.481186370802	1	0	1	1.763280433055964
233309.25619890355	1000.0	1401.2249874667898	0.0	0	0.0	2710.481186370802	1	0	1	0.3769860719360738
233819.84741598464	1000.0	1890.6337703857348	0.0	0	0.0	2710.481186370773	1	0	1	1.070133252496023
234885.54381089067	2000.0	1824.9373754796914	0.0	0	0.0	2710.481186370773	1	0	1	1.070133252496023
236094.26849294538	1000.0	1616.2126934249886	0.0	0	0.0	2710.481186370773	1	0	1	0.37698607193607786
236925.6638073909	1000.0	1784.8173789794866	0.0	0	0.0	2710.481186370773	1	0	1	1.070133252496023
237843.8676087184	1000.0	1866.613577652006	0.0	0	0.0	2710.481186370802	1	0	1	1.070133252496019
238471.35077692344	1000.0	2239.1304094469624	0.0	0	0.0	2710.481186370802	1	0	1	1.070133252496019
240358.68027189776	2000.0	1351.800914472656	0.0	0	0.0	2710.481186370802	1	0	1	1.0701332524960188
241065.58497615482	1000.0	1644.8962102156067	0.0	0	0.0	2710.481186370802	1	0	1	0.3769860719360738
241920.69023449635	1000.0	1789.7909518740728	0.0	0	0.0	2710.481186370831	1	0	1	1.070133252496015
242712.97003734612	1000.0	1997.5111490242823	0.0	0	0.0	2710.481186370802	1	0	1	1.070133252496019
243719.8335762926	2000.0	1990.6476100777659	0.0	0	0.0	2710.481186370802	1	0	1	1.0701332524960188
244526.916044056	2000.0	2183.5651423144022	0.0	0	0.0	2710.481186370802	1	0	1	1.763280433055964
245798.15082843325	2000.0	1912.3303579371518	0.0	0	0.0	2710.481186370831	1	0	1	1.7632804330559617
247533.85484485768	1000.0	1176.6263415127116	0.0	0	0.0	2710.481186370802	1	0	1	0.3769860719360738
248291.14966387892	1000.0	1419.3315224914795	0.0	0	0.0	2710.481186370831	1	0	1	1.070133252496015
249061.29895795597	1000.0	1649.1822284144266	0.0	0	0.0	2710.481186370831	1	0	1	1.070133252496015
250144.64999028083	2000.0	1565.8311960895364	0.0	0	0.0	2710.481186370802	1	0	1	1.0701332524960188
251675.57481899575	2000.0	1034.9063673746014	0.0	0	0.0	2710.481186370802	1	0	1	1.763280433055964
252417.1954313557	1000.0	1293.2857550146325	0.0	0	0.0	2710.481186370773	1	0	1	0.37698607193607536
253041.5178754806	1000.0	1668.9633108897294	0.0	0	0.0	2710.481186370773	1	0	1	1.070133252496023
253954.48035696076	1000.0	1756.0008294095746	0.0	0	0.0	2710.481186370773	1	0	1	1.070133252496023
254576.88583415528	1000.0	2133.5953522150826	0.0	0	0.0	2710.481186370802	1	0	1	1.070133252496019
255850.5443094323	2000.0	1859.9368769380944	0.0	0	0.0	2710.481186370802	1	0	1	1.0701332524960188
256796.26343860207	1000.0	1914.21774776835	0.0	0	0.0	2710.481186370802	1	0	1	0.3769860719360738
257680.53766418766	1000.0	2029.9435221827384	0.0	0	0.0	2710.481186370773	1	0	1	1.070133252496023
258587.95598785146	1000.0	2122.52519851896	0.0	0	0.0	2710.481186370802	1	0	1	1.070133252496019
259607.16612335324	1000.0	2103.3150630171726	0.0	0	0.0	2710.481186370802	1	0	1	1.070133252496019
260243.11961748853	1000.0	2467.3615688818672	0.0	0	0.0	2710.481186370773	1	0	1	1.070133252496023
262510.4160498344	2000.0	1200.0651365359788	0.0	0	0.0	2710.4811863707437	1	0	1	1.0701332524960245
263824.8070183247	1000.0	885.6741680456752	0.0	0	0.0	2710.4811863706564	1	0	1	0.3769860719360868
264384.5833695478	500.0	1325.8978168225487	0.0	0	0.0	2710.4811863706855	1	0	1	-0.31616110862385494
265208.71611673187	1000.0	1501.7650696384615	0.0	0	0.0	2710.4811863706564	1	0	1	0.37698607193608813
266391.78093990945	1000.0	1318.7002464608822	0.0	0	0.0	2710.4811863706564	1	0	1	1.070133252496044
267678.8188836228	1000.0	1031.662302747513	0.0	0	0.0	2710.4811863706564	1	0	1	1.0701332524960392
268737.0448571964	1000.0	973.4363291739667	0.0	0	0.0	2710.4811863706564	1	0	1	1.0701332524960392
269298.00792895164	1000.0	1412.4732574187121	0.0	0	0.0	2710.481186370598	1	0	1	1.0701332524960423
269794.2315846174	1000.0	1916.2496017529943	0.0	0	0.0	2710.481186370598	1	0	1	1.0701332524960472
271786.9912828445	2000.0	923.4899035258925	0.0	0	0.0	2710.4811863706564	1	0	1	1.070133252496039
272513.14456364006	1000.0	1197.3366227303143	0.0	0	0.0	2710.4811863706564	1	0	1	0.37698607193609396
273603.3209809953	1000.0	1107.1602053750535	0.0	0	0.0	2710.4811863706564	1	0	1	1.0701332524960392
274324.2358347565	1000.0	1386.2453516137618	0.0	0	0.0	2710.4811863706564	1	0	1	1.0701332524960392
275170.79464259994	1000.0	1539.6865437703952	0.0	0	0.0	2710.4811863706564	1	0	1	1.0701332524960392
276105.25686137273	1000.0	1605.2243249975756	0.0	0	0.0	2710.4811863706564	1	0	1	1.0701332524960392
277230.7815192601	1000.0	1479.6996671101724	0.0	0	0.0	2710.4811863706564	1	0	1	1.0701332524960392
278027.62117191753	1000.0	1682.8600144526915	0.0	0	0.0	2710.4811863706564	1	0	1	1.0701332524960392
278558.0257228795	1000.0	2152.4554634907036	0.0	0	0.0	2710.4811863706564	1	0	1	1.0701332524960392
279979.1784001013	2000.0	1731.302786268918	0.0	0	0.0	2710.4811863706564	1	0	1	1.070133252496039
280698.34234952606	1000.0	2012.1388368441528	0.0	0	0.0	2710.4811863706564	1	0	1	0.37698607193609396
281715.2643462724	2000.0	1995.2168400977707	0.0	0	0.0	2710.4811863706564	1	0	1	1.070133252496039
282838.0774036118	2000.0	1872.403782758348	0.0	0	0.0	2710.4811863706564	1	0	1	1.7632804330559844
284402.691106718	2000.0	1307.7900796521687	0.0	0	0.0	2710.4811863707146	1	0	1	1.7632804330559826
285407.4376705063	1000.0	1303.043515863785	0.0	0	0.0	2710.4811863706564	1	0	1	0.37698607193609396
286403.9367426187	1000.0	1306.5444437514468	0.0	0	0.0	2710.4811863707146	1	0	1	1.0701332524960343
286981.5873270976	1000.0	1728.893859272553	0.0	0	0.0	2710.481186370773	1	0	1	1.070133252496023
287973.4535722012	2000.0	1737.0276141690379	0.0	0	0.0	2710.481186370831	1	0	1	1.070133252496015
289587.0830829314	2000.0	1123.3981034388762	0.0	0	0.0	2710.481186370773	1	0	1	1.7632804330559682
290433.0426684969	1000.0	1277.4385178734212	0.0	0	0.0	2710.481186370831	1	0	1	0.3769860719360698
291257.4037722401	1000.0	1453.0774141301902	0.0	0	0.0	2710.481186370831	1	0	1	1.070133252496015
291912.9979383106	1000.0	1797.483248059655	0.0	0	0.0	2710.481186370831	1	0	1	1.070133252496015
292603.7088829707	2000.0	2106.772303399574	0.0	0	0.0	2710.481186370773	1	0	1	1.070133252496023
293533.3353769155	2000.0	2177.1458094546533	0.0	0	0.0	2710.4811863707146	1	0	1	1.7632804330559761
294936.099566824	2000.0	1774.3816195462005	0.0	0	0.0	2710.4811863707146	1	0	1	1.7632804330559761
296547.5410927888	2000.0	1162.9400935813355	0.0	0	0.0	2710.4811863707146	1	0	1	1.7632804330559761
297906.8299645361	2000.0	803.6512218340529	0.0	0	0.0	2710.4811863707146	1	0	1	1.7632804330559761
298683.2266472174	1000.0	1027.2545391527096	0.0	0	0.0	2710.4811863707146	1	0	1	0.3769860719360859
299374.3392228193	1000.0	1336.1419635507812	0.0	0	0.0	2710.4811863707146	1	0	1	1.070133252496031
300013.7927791462	1000.0	1696.6884072238684	0.0	0	0.0	2710.4811863707146	1	0	1	1.070133252496031
300601.73823444743	1000.0	2108.742951922668	0.0	0	0.0	2710.481186370773	1	0	1	1.070133252496023
0.88	1.09	0.73	1.22	1.99	2.12	1.04	1.95	0.88	1.55	1.33	2.05	0.87	0.7	0.8	1.01	0.65	1.42	1.22	1.49	2.14	2.31	2.15	2.19	2.91	1.82	2.18	1.77	1.25	1.46	1.83	1.55	1.66	1.87	1.49	1.29	1.24	1.37	1.53	1.17	1.22	1.3	2.15	1.46	1.1	1.17	1.03	1.42	0.8	0.88	0.67	0.67	1.23	1.02	0.85	0.98	1.25	0.85	1.23	1.36	1.08	1.27	1.63	1.98	2.15	1.88	1.14	1.62	1.81	1.62	1.54	1.64	1.42	1.1	1.33	2.34	2.2	2.05	1.69	1.15	1.7	1.6	1.29	1.07	1.69	1.3	1.55	1.11	1.16	1.37	1.69	2.19	1.71	1.03	0.52	1.0	1.8	2.51	1.32	1.93	1.38	1.32	2.2	1.19	1.18	1.1	1.12	1.36	1.47	0.93	1.04	0.75	1.0	1.14	0.81	0.93	1.58	1.85	1.38	1.05	1.25	1.1	1.44	1.34	0.94	1.26	1.95	1.62	1.53	1.81	1.47	1.22	1.08	1.16	1.81	2.24	1.67	1.09	1.19	1.63	2.55	2.44	1.26	1.44	2.04	1.76	1.17	1.26	2.22	0.95	0.88	1.09	0.73	1.22	1.99	2.12	1.04	1.95	0.88	1.55	1.33	2.05	0.87	0.7	0.8	1.01	0.65	1.42	1.22	1.49	2.14	2.31	2.15	2.19	2.91	1.82	2.18	1.77	1.25	1.46	1.83	1.55	1.66	1.87	1.49	1.29	1.24	1.37	1.53	1.17	1.22	1.3	2.15	1.46	1.1	1.17	1.03	1.42	0.8	0.88	0.67	0.67	1.23	1.02	0.85	0.98	1.25	0.85	1.23	1.36	1.08	1.27	1.63	1.98	2.15	1.88	1.14	1.62	1.81	1.62	1.54	1.64	1.42	1.1	1.33	2.34	2.2	2.05	1.69	1.15	1.7	1.6	1.29	1.07	1.69	1.3	1.55	1.11	1.16	1.37	1.69	2.19	1.71	1.03	0.52	1.0	1.8	2.51	1.32	1.93	1.38	1.32	2.2	1.19	1.18	1.1	1.12	1.36	1.47	0.93	1.04	0.75	1.0	1.14	0.81	0.93	1.58	1.85	1.38	1.05	1.25	1.1	1.44	1.34	0.94	1.26	1.95	1.62	1.53	1.81	1.47	1.22	1.08	1.16	1.81	2.24	1.67	1.09	1.19	1.63	2.55	2.44	1.26	1.44	2.04	1.76	1.17	1.26	2.22	0.95	0.88	1.09
1.0	2.0	3.0	4.0	5.0	6.0	7.0	8.0	9.0	10.0	11.0	12.0	13.0	14.0	15.0	16.0	17.0	18.0	19.0	20.0	21.0	22.0	23.0	24.0	25.0	26.0	27.0	28.0	29.0	30.0	31.0	32.0	33.0	34.0	35.0	36.0	37.0	38.0	39.0	40.0	41.0	42.0	43.0	44.0	45.0	46.0	47.0	48.0	49.0	50.0	51.0	52.0	53.0	54.0	55.0	56.0	57.0	58.0	59.0	60.0	61.0	62.0	63.0	64.0	65.0	66.0	67.0	68.0	69.0	70.0	71.0	72.0	73.0	74.0	75.0	76.0	77.0	78.0	79.0	80.0	81.0	82.0	83.0	84.0	85.0	86.0	87.0	88.0	89.0	90.0	91.0	92.0	93.0	94.0	95.0	96.0	97.0	98.0	99.0	100.0	101.0	102.0	103.0	104.0	105.0	106.0	107.0	108.0	109.0	110.0	111.0	112.0	113.0	114.0	115.0	116.0	117.0	118.0	119.0	120.0	121.0	122.0	123.0	124.0	125.0	126.0	127.0	128.0	129.0	130.0	131.0	132.0	133.0	134.0	135.0	136.0	137.0	138.0	139.0	140.0	141.0	142.0	143.0	144.0	145.0	146.0	147.0	148.0	149.0	149.0	150.0	151.0	152.0	153.0	154.0	155.0	156.0	157.0	158.0	159.0	160.0	161.0	162.0	163.0	164.0	165.0	166.0	167.0	168.0	169.0	170.0	171.0	172.0	173.0	174.0	175.0	176.0	177.0	178.0	179.0	180.0	181.0	182.0	183.0	184.0	185.0	186.0	187.0	188.0	189.0	190.0	191.0	192.0	193.0	194.0	195.0	196.0	197.0	198.0	199.0	200.0	201.0	202.0	203.0	204.0	205.0	206.0	207.0	208.0	209.0	210.0	211.0	212.0	213.0	214.0	215.0	216.0	217.0	218.0	219.0	220.0	221.0	222.0	223.0	224.0	225.0	226.0	227.0	228.0	229.0	230.0	231.0	232.0	233.0	234.0	235.0	236.0	237.0	238.0	239.0	240.0	241.0	242.0	243.0	244.0	245.0	246.0	247.0	248.0	249.0	250.0	251.0	252.0	253.0	254.0	255.0	256.0	257.0	258.0	259.0	260.0	261.0	262.0	263.0	264.0	265.0	266.0	267.0	268.0	269.0	270.0	271.0	272.0	273.0	274.0	275.0	276.0	277.0	278.0	279.0	280.0	281.0	282.0	283.0	284.0	285.0	286.0	287.0	288.0	289.0	290.0	291.0	292.0	293.0	294.0	295.0	296.0	297.0	298.0	298.0	299.0	300.0
3178.049527689673
