4789.272477474672	300.0	2000.0	266.2101542159362	0	0.0	4789.272477474672	1	0	1	-2.461428160702064
5764.074312069232	1000.0	2025.1981654054398	0.0	0	0.0	4789.272477474672	1	0	1	-0.9083989055317692
7158.728368293028	2000.0	1491.0787035592637	0.0	0	0.0	4649.807071852292	1	0	2	-0.03289489315472538
8138.129503583548	1000.0	1511.6775682687426	0.0	0	0.0	4649.80707185229	1	0	1	-0.5026392124063809
8806.23096194749	1000.0	1843.5761099047995	0.0	0	0.0	4649.80707185229	1	0	1	0.39050796815356514
10259.371683462732	2000.0	1245.1213162380336	0.0	0	0.0	4504.492999700765	1	0	2	0.059964066305483205
10976.321440781992	1000.0	1528.171558918774	0.0	0	0.0	4504.492999700766	1	0	1	-0.41167026428030984
12861.976213143742	2000.0	453.95130932085044	0.0	0	0.0	4315.92752246459	1	0	2	0.15871343975117552
13276.864935368312	500.0	1039.06258709628	0.0	0	0.0	4315.92752246459	1	0	1	-1.6918060787009646
13794.52741911384	1000.0	1521.4001033507536	0.0	0	0.0	4315.927522464592	1	0	1	-0.1055117175810749
14754.587823275926	2000.0	1465.33365877246	0.0	0	0.0	4219.921482048383	1	0	2	0.22549184881400863
15428.817177013083	2000.0	1723.6813696615877	0.0	0	0.0	4152.4985466746675	1	0	2	1.1538423855363984
16341.513490423516	2000.0	1719.7154249101122	0.0	0	0.0	4061.228915333626	1	0	2	1.1923330413417657
17767.28767746681	2000.0	1293.941237866818	0.0	0	0.0	4061.228915333628	1	0	1	1.2038787660846373
18709.27091714294	2000.0	1257.7596742230714	0.0	0	0.0	3967.0305913660104	1	0	2	1.0333859810864605
19339.889012024192	1000.0	1627.141579341821	0.0	0	0.0	3967.0305913660104	1	0	1	-0.1424221693921393
20243.55431787053	2000.0	1633.1097429108522	0.0	0	0.0	3876.664060781379	1	0	2	0.3773233528687917
21110.720787295068	2000.0	1679.2266265438582	0.0	0	0.0	3789.9474138389232	1	0	2	1.3040306575386633
22300.04205324524	2000.0	1370.9732339986704	0.0	0	0.0	3671.0152872439066	1	0	2	1.342026524111669
23164.249209095145	1000.0	1506.7660781487666	0.0	0	0.0	3671.0152872439066	1	0	1	-0.03428684106678953
24121.355738298043	1000.0	1549.6595489458714	0.0	0	0.0	3671.0152872439103	1	0	1	0.8588603394931547
25181.565332155533	1000.0	1489.4499550883822	0.0	0	0.0	3671.0152872439103	1	0	1	0.8588603394931547
25861.38593740491	1000.0	1809.6293498390096	0.0	0	0.0	3671.0152872439103	1	0	1	0.8588603394931547
26968.14615727391	1000.0	1702.8691299700122	0.0	0	0.0	3671.0152872439103	1	0	1	0.8588603394931547
27586.116200087436	1000.0	2084.899087156491	0.0	0	0.0	3671.0152872439103	1	0	1	0.8588603394931547
28495.140821306275	1000.0	2175.8744659376525	0.0	0	0.0	3671.015287243914	1	0	1	0.8588603394931532
30389.178695656265	2000.0	1092.4328041526676	0.0	0	0.0	3481.611499808918	1	0	2	0.4943455846219881
31340.52764638417	1000.0	1141.0838534247605	0.0	0	0.0	3481.611499808918	1	0	1	0.022399756765975665
31720.365513164204	1000.0	1761.2459866447234	0.0	0	0.0	3481.611499808918	1	0	1	0.9155469373259209
32576.503476772195	2000.0	1905.1080230367363	0.0	0	0.0	3481.6114998089215	1	0	1	0.91554693732592
33734.88733323548	2000.0	1746.7241665734568	0.0	0	0.0	3481.6114998089215	1	0	1	1.6086941178858651
34706.716564280854	1000.0	1774.8949355280836	0.0	0	0.0	3481.611499808925	1	0	1	0.22239975676597487
35881.24642879475	1000.0	1600.3650710141922	0.0	0	0.0	3481.611499808929	1	0	1	0.9155469373259186
37113.251114924984	1000.0	1368.3603848839664	0.0	0	0.0	3481.611499808925	1	0	1	0.9155469373259191
38397.441375212984	1000.0	1084.1701245959557	0.0	0	0.0	3481.611499808925	1	0	1	0.9155469373259191
39190.238326463084	1000.0	1291.3731733458608	0.0	0	0.0	3481.611499808925	1	0	1	0.9155469373259191
39553.951289135584	1000.0	1927.6602106733587	0.0	0	0.0	3481.611499808918	1	0	1	0.9155469373259209
40291.67167505736	2000.0	2189.9398247515837	0.0	0	0.0	3481.611499808925	1	0	1	0.9155469373259189
41148.58911394921	2000.0	2333.0223858597305	0.0	0	0.0	3481.611499808925	1	0	1	1.608694117885864
42121.939613273	2000.0	2359.6718865359303	0.0	0	0.0	3481.611499808925	1	0	1	1.608694117885864
43628.09586237401	2000.0	1853.5156374349235	0.0	0	0.0	3481.611499808925	1	0	1	1.608694117885864
44398.56401146506	2000.0	2083.047488343864	0.0	0	0.0	3481.611499808925	1	0	1	1.608694117885864
45140.14579386411	2000.0	2341.4657059448255	0.0	0	0.0	3481.6114998089324	1	0	1	1.6086941178858623
46019.04998787658	2000.0	2462.5615119323616	0.0	0	0.0	3481.611499808925	1	0	1	1.608694117885864
47607.91496884292	2000.0	1873.6965309660177	0.0	0	0.0	3481.611499808925	1	0	1	1.608694117885864
48417.81130357242	1000.0	2063.800196236522	0.0	0	0.0	3481.611499808925	1	0	1	0.22239975676597387
49085.30035211656	2000.0	2329.562242837972	0.0	0	0.0	3414.862594954524	1	0	2	0.5289349996712281
49825.31947071973	2000.0	2589.543124234804	0.0	0	0.0	3414.862594954524	1	0	1	1.4266060827980653
51774.786563035654	3000.0	1445.1293226872917	0.0	0	0.0	3219.9158857229413	1	0	2	1.2607075969124457
52737.56591419376	2000.0	1482.3499715291837	0.0	0	0.0	3219.9158857229413	1	0	1	1.067905652460512
54134.313133885255	2000.0	1085.6027518376882	0.0	0	0.0	3219.9158857229413	1	0	1	1.6733707605686767
54581.72660267246	500.0	1638.1892830504883	0.0	0	0.0	3219.9158857229413	1	0	1	-1.0992179616711049
55643.37060451208	2000.0	1576.5452812108692	0.0	0	0.0	3219.9158857229413	1	0	1	0.2870763994487861
56436.99265975792	1000.0	1782.9232259650275	0.0	0	0.0	3219.915885722934	1	0	1	0.28707639944878816
57091.818475170345	1000.0	2128.0974105525984	0.0	0	0.0	3219.9158857229268	1	0	1	0.980223580008735
58240.00963869602	2000.0	1979.9062470269214	0.0	0	0.0	3219.9158857229268	1	0	1	0.9802235800087349
59087.15321965058	2000.0	2132.762666072372	0.0	0	0.0	3219.9158857229268	1	0	1	1.67337076056868
60500.087224308285	2000.0	1719.8286614146746	0.0	0	0.0	3219.9158857229268	1	0	1	1.67337076056868
62582.00022076068	2000.0	637.915664962273	0.0	0	0.0	3219.9158857229268	1	0	1	1.67337076056868
63388.90981714222	500.0	831.0060685807229	0.0	0	0.0	3219.9158857229195	1	0	1	-1.0992179616710995
63911.782286619295	500.0	1308.133599103645	0.0	0	0.0	3219.9158857229195	1	0	1	0.2870763994487911
65099.8909758052	1000.0	1120.0249099177352	0.0	0	0.0	3219.9158857229268	1	0	1	0.2870763994487896
65856.11923649017	1000.0	1363.7966492327719	0.0	0	0.0	3219.9158857229268	1	0	1	0.9802235800087353
66992.35588447544	1000.0	1227.5600012474922	0.0	0	0.0	3219.9158857229268	1	0	1	0.9802235800087357
67943.81798713667	1000.0	1276.0978985862698	0.0	0	0.0	3219.915885722934	1	0	1	0.980223580008734
68576.55668339002	1000.0	1643.3592023329127	0.0	0	0.0	3219.9158857229268	1	0	1	0.980223580008734
69680.87475964241	1000.0	1539.0411260805422	0.0	0	0.0	3219.915885722934	1	0	1	0.9802235800087333
70827.2411492633	1000.0	1392.674736459646	0.0	0	0.0	3219.915885722934	1	0	1	0.9802235800087333
71562.3906135499	1000.0	1657.5252721730544	0.0	0	0.0	3219.915885722934	1	0	1	0.9802235800087333
72160.91063020081	1000.0	2059.005255522125	0.0	0	0.0	3219.915885722934	1	0	1	0.9802235800087333
73337.04846602607	2000.0	1882.8674196968657	0.0	0	0.0	3219.915885722934	1	0	1	0.9802235800087333
74088.38961911527	1000.0	2131.5262666076696	0.0	0	0.0	3219.915885722934	1	0	1	0.28707639944878816
74750.97992314392	1000.0	2468.9359625790303	0.0	0	0.0	3219.915885722934	1	0	1	0.9802235800087333
76436.00436336758	2000.0	1783.9115223553838	0.0	0	0.0	3219.915885722934	1	0	1	0.9802235800087333
77481.11157338913	1000.0	1738.8043123338127	0.0	0	0.0	3219.915885722934	1	0	1	0.28707639944878816
78659.52583008145	2000.0	1560.390055641512	0.0	0	0.0	3219.9158857229486	1	0	1	0.9802235800087302
79874.58505838127	2000.0	1345.3308273416956	0.0	0	0.0	3219.9158857229486	1	0	1	1.6733707605686754
80455.55671249407	1000.0	1764.3591732288962	0.0	0	0.0	3219.9158857229486	1	0	1	0.28707639944878494
81901.73678271988	2000.0	1318.1791030030888	0.0	0	0.0	3219.915885722934	1	0	1	0.9802235800087333
82761.71166833767	1000.0	1458.204217385276	0.0	0	0.0	3219.9158857229195	1	0	1	0.2870763994487914
84163.01051341332	1000.0	1056.9053723096229	0.0	0	0.0	3219.9158857229195	1	0	1	0.9802235800087366
84834.50010751151	500.0	1385.4157782114298	0.0	0	0.0	3219.9158857229195	1	0	1	-0.40607078111115424
85773.37739372718	1000.0	1446.5384919957685	0.0	0	0.0	3219.9158857229195	1	0	1	0.28707639944879115
86592.89231621397	1000.0	1627.023569508967	0.0	0	0.0	3219.9158857229195	1	0	1	0.9802235800087366
87297.16552177597	1000.0	1922.7503639469787	0.0	0	0.0	3219.915885722934	1	0	1	0.9802235800087333
87992.13419505727	1000.0	2227.7816906656826	0.0	0	0.0	3219.915885722934	1	0	1	0.9802235800087333
89214.63611135625	2000.0	2005.2797743667197	0.0	0	0.0	3219.9158857229486	1	0	1	0.9802235800087302
90145.22031633997	2000.0	2074.6955693830037	0.0	0	0.0	3219.9158857229486	1	0	1	1.6733707605686754
91525.60690372373	2000.0	1694.3089819992515	0.0	0	0.0	3219.915885722963	1	0	1	1.673370760568672
92111.81595113047	1000.0	2108.0999345925147	0.0	0	0.0	3219.915885722963	1	0	1	0.28707639944878177
93958.44894184226	2000.0	1261.4669438807164	0.0	0	0.0	3219.915885722963	1	0	1	0.9802235800087269
95009.62855635224	1000.0	1210.287329370737	0.0	0	0.0	3219.915885722963	1	0	1	0.28707639944878177
95693.47110194551	1000.0	1526.444783777475	0.0	0	0.0	3219.915885722963	1	0	1	0.9802235800087269
96260.16300388885	1000.0	1959.752881834147	0.0	0	0.0	3219.915885722963	1	0	1	0.9802235800087269
97012.6936732878	1000.0	2207.2222124351924	0.0	0	0.0	3219.915885722963	1	0	1	0.9802235800087269
97970.38215337099	1000.0	2249.5337323519907	0.0	0	0.0	3219.9158857229486	1	0	1	0.9802235800087301
98605.60377676695	1000.0	2614.3121089560336	0.0	0	0.0	3219.9158857229486	1	0	1	0.9802235800087301
99787.81390719276	2000.0	2432.1019785302256	0.0	0	0.0	3219.9158857229486	1	0	1	0.9802235800087302
101805.02851561127	2000.0	1414.8873701117327	0.0	0	0.0	3219.9158857229486	1	0	1	1.6733707605686754
102538.43171918132	1000.0	1681.4841665416911	0.0	0	0.0	3219.9158857229486	1	0	1	0.28707639944878494
103557.77772706549	1000.0	1662.138158657494	0.0	0	0.0	3219.915885722934	1	0	1	0.9802235800087333
104153.09756390286	1000.0	2066.818321820113	0.0	0	0.0	3219.915885722934	1	0	1	0.9802235800087333
105407.272809684	1000.0	1812.6430760389765	0.0	0	0.0	3219.915885722934	1	0	1	0.9802235800087333
106701.46444101751	2000.0	1389.0322815721142	0.0	0	0.0	3090.4967225895816	1	0	2	0.6003271931002239
107839.10016622272	1000.0	1251.3965563668967	0.0	0	0.0	3090.4967225895816	1	0	1	0.11397301005856564
109000.60272804393	1000.0	1089.8939945456982	0.0	0	0.0	3090.496722589567	1	0	1	1.0071201906185137
109845.46960423447	1000.0	1245.0271183551472	0.0	0	0.0	3090.4967225895525	1	0	1	1.0071201906185165
110552.5544130466	1000.0	1537.942309543025	0.0	0	0.0	3090.496722589538	1	0	1	1.0071201906185194
111631.77546606766	1000.0	1458.7212565219534	0.0	0	0.0	3090.496722589538	1	0	1	1.0071201906185194
112816.82996559593	1000.0	1273.6667569936888	0.0	0	0.0	3090.496722589538	1	0	1	1.0071201906185194
113915.5455725456	500.0	1174.9511500440167	0.0	0	0.0	3090.496722589538	1	0	1	-0.37917417050137125
114536.72272768	500.0	1553.7739949096285	0.0	0	0.0	3090.496722589538	1	0	1	0.31397301005857403
115209.82961631942	1000.0	1880.6671062701982	0.0	0	0.0	3090.496722589538	1	0	1	0.31397301005857403
116205.12798401839	1000.0	1885.3687385712317	0.0	0	0.0	3090.496722589538	1	0	1	1.0071201906185194
117102.25567908587	1000.0	1988.2410435037532	0.0	0	0.0	3090.4967225895525	1	0	1	1.0071201906185165
118699.57280545442	1000.0	1390.923917135228	0.0	0	0.0	3090.4967225895525	1	0	1	1.0071201906185165
119685.20455588927	1000.0	1405.2921667003661	0.0	0	0.0	3090.496722589538	1	0	1	1.0071201906185194
120706.47673334015	1000.0	1384.0199892494832	0.0	0	0.0	3090.4967225895525	1	0	1	1.0071201906185165
121561.96036617905	1000.0	1528.536356410586	0.0	0	0.0	3090.4967225895525	1	0	1	1.0071201906185165
122876.37040205878	1000.0	1214.1263205308524	0.0	0	0.0	3090.4967225895525	1	0	1	1.0071201906185165
123788.34452447256	1000.0	1302.152198117058	0.0	0	0.0	3090.496722589538	1	0	1	1.0071201906185194
124503.31300057952	1000.0	1587.1837220100865	0.0	0	0.0	3090.496722589538	1	0	1	1.0071201906185194
125172.46308894543	1000.0	1918.0336336441862	0.0	0	0.0	3090.496722589538	1	0	1	1.0071201906185194
127353.15919259364	2000.0	737.3375299959658	0.0	0	0.0	3090.496722589538	1	0	1	1.0071201906185194
128011.78504131002	500.0	1078.7116812795875	0.0	0	0.0	3090.4967225895525	1	0	1	-1.0723213510613194
129588.53107729214	1000.0	501.9656452974908	0.0	0	0.0	3090.4967225895525	1	0	1	0.31397301005857126
130165.55654172869	500.0	924.9401808609307	0.0	0	0.0	3090.4967225895525	1	0	1	-0.37917417050137414
131140.01192285246	1000.0	950.4847997371493	0.0	0	0.0	3090.496722589538	1	0	1	0.3139730100585718
132302.47745256222	1000.0	788.0192700273802	0.0	0	0.0	3090.4967225895234	1	0	1	1.0071201906185219
133321.31103459912	1000.0	769.1856879905222	0.0	0	0.0	3090.4967225895525	1	0	1	1.0071201906185183
134016.32623115627	1000.0	1074.1704914334082	0.0	0	0.0	3090.496722589596	1	0	1	1.0071201906185108
135063.68455733388	1000.0	1026.8121652558004	0.0	0	0.0	3090.496722589596	1	0	1	1.007120190618508
135589.3794785104	1000.0	1501.1172440792793	0.0	0	0.0	3090.496722589596	1	0	1	1.007120190618508
136292.45866161896	1000.0	1798.0380609707288	0.0	0	0.0	3090.496722589596	1	0	1	1.007120190618508
137123.7617551526	2000.0	1966.7349674370687	0.0	0	0.0	3090.496722589567	1	0	1	1.0071201906185137
138050.81065015236	2000.0	2039.6860724373216	0.0	0	0.0	3090.496722589567	1	0	1	1.7002673711784588
139648.04584051954	2000.0	1442.450882070158	0.0	0	0.0	3090.496722589567	1	0	1	1.7002673711784588
140288.49016503815	1000.0	1802.0065575515832	0.0	0	0.0	3090.496722589567	1	0	1	0.31397301005856854
141505.42711306372	1000.0	1585.0696095259964	0.0	0	0.0	3090.496722589538	1	0	1	1.0071201906185194
142310.2905212768	1000.0	1780.2062013129112	0.0	0	0.0	3090.496722589538	1	0	1	1.0071201906185194
143892.02849686483	2000.0	1040.2944281660307	0.0	0	0.0	2932.3229250306904	1	0	2	0.6266855633447077
144785.0042145774	1000.0	1147.3187104534868	0.0	0	0.0	2932.3229250306904	1	0	1	0.14287447785549068
145798.87600424685	1000.0	1133.4469207840184	0.0	0	0.0	2932.3229250306904	1	0	1	1.036021658415436
146447.68683429738	1000.0	1484.6360907334993	0.0	0	0.0	2932.3229250306904	1	0	1	1.036021658415436
147502.542887192	1000.0	1429.7800378388745	0.0	0	0.0	2932.3229250307195	1	0	1	1.0360216584154311
148530.2301914405	1000.0	1402.0927335903923	0.0	0	0.0	2932.3229250307195	1	0	1	1.0360216584154311
149387.7475698715	1000.0	1544.575355159385	0.0	0	0.0	2932.3229250307195	1	0	1	1.0360216584154311
150007.74717025008	1000.0	1924.5757547808175	0.0	0	0.0	2932.3229250307195	1	0	1	1.0360216584154311
150978.26872511665	1000.0	1954.0541999142604	0.0	0	0.0	2932.3229250307486	1	0	1	1.0360216584154263
151714.25184677943	1000.0	2218.071078251479	0.0	0	0.0	2932.3229250307486	1	0	1	1.0360216584154263
152806.83955059282	2000.0	2125.4833744381026	0.0	0	0.0	2932.3229250307486	1	0	1	1.0360216584154263
153418.91513237747	1000.0	2513.4077926534537	0.0	0	0.0	2932.3229250307486	1	0	1	0.3428744778554811
154982.42437023812	2000.0	1949.898554792809	0.0	0	0.0	2932.3229250307486	1	0	1	1.0360216584154263
155992.67849302487	2000.0	1939.644432006069	0.0	0	0.0	2932.3229250307195	1	0	1	1.7291688389753763
156996.19425333885	1000.0	1936.1286716920588	0.0	0	0.0	2932.3229250306904	1	0	1	0.3428744778554909
157940.8936755821	1000.0	1991.42924944881	0.0	0	0.0	2932.3229250306904	1	0	1	1.036021658415436
158452.9367833058	1000.0	2479.3861417251073	0.0	0	0.0	2932.3229250307195	1	0	1	1.0360216584154311
159405.5117828319	2000.0	2526.811142199019	0.0	0	0.0	2932.3229250307195	1	0	1	1.036021658415431
161151.64878897415	2000.0	1780.6741360567307	0.0	0	0.0	2932.3229250306904	1	0	1	1.7291688389753812
161855.47504454394	1000.0	2076.847880486942	0.0	0	0.0	2932.3229250306904	1	0	1	0.3428744778554909
163216.18211668252	2000.0	1716.1408083483486	0.0	0	0.0	2932.3229250306904	1	0	1	1.036021658415436
163889.52872357782	2000.0	2042.794201453028	0.0	0	0.0	2932.3229250306904	1	0	1	1.7291688389753812
164672.53025880604	2000.0	2259.792666224798	0.0	0	0.0	2932.3229250306904	1	0	1	1.7291688389753812
165717.51157922845	2000.0	2110.3132137601724	0.0	0	0.0	2827.8247929884237	1	0	2	1.3403487958015308
166898.08145275046	2000.0	1929.7433402381585	0.0	0	0.0	2827.8247929884237	1	0	1	1.5461050752166061
168039.38130851433	2000.0	1788.443484474276	0.0	0	0.0	2827.8247929883946	1	0	1	1.746105075216611
168976.73911528266	2000.0	1851.0856777059155	0.0	0	0.0	2827.8247929883946	1	0	1	1.746105075216611
169810.32051683482	2000.0	2017.5042761537768	0.0	0	0.0	2827.8247929883946	1	0	1	1.746105075216611
171160.7848293375	2000.0	1667.0399636510936	0.0	0	0.0	2827.8247929883946	1	0	1	1.746105075216611
171802.61032035382	1000.0	2025.2144726347706	0.0	0	0.0	2827.8247929884237	1	0	1	0.35981071409671617
173909.43823437463	2000.0	918.3865586139959	0.0	0	0.0	2827.824792988453	1	0	1	1.0529578946566585
174783.22321867675	1000.0	1044.6015743118382	0.0	0	0.0	2827.8247929884237	1	0	1	0.35981071409671617
175883.18133128065	1000.0	944.6434617079149	0.0	0	0.0	2827.8247929883946	1	0	1	1.0529578946566658
176975.97156314412	1000.0	851.8532298444666	0.0	0	0.0	2827.8247929883946	1	0	1	1.0529578946566658
177707.64291759464	1000.0	1120.181875393966	0.0	0	0.0	2827.8247929883946	1	0	1	1.0529578946566658
178492.70866675657	1000.0	1335.1161262319965	0.0	0	0.0	2827.8247929883655	1	0	1	1.0529578946566676
179994.6698332298	1000.0	833.1549597587998	0.0	0	0.0	2827.8247929883655	1	0	1	1.0529578946566702
180682.98594061707	1000.0	1144.8388523714839	0.0	0	0.0	2827.8247929883655	1	0	1	1.0529578946566702
181303.3899016176	1000.0	1524.4348913709596	0.0	0	0.0	2827.8247929883946	1	0	1	1.0529578946566658
182516.7914585347	2000.0	1311.0333344538801	0.0	0	0.0	2827.8247929883946	1	0	1	1.0529578946566658
183473.89465767384	1000.0	1353.9301353147268	0.0	0	0.0	2827.8247929883946	1	0	1	0.3598107140967207
184566.55436238094	1000.0	1261.2704306076218	0.0	0	0.0	2827.8247929883946	1	0	1	1.0529578946566658
186001.76439545676	1000.0	826.0603975318091	0.0	0	0.0	2827.8247929883946	1	0	1	1.0529578946566658
187126.1855965898	1000.0	701.6391963987732	0.0	0	0.0	2827.8247929883946	1	0	1	1.0529578946566658
187527.973582553	500.0	1299.8512104355648	0.0	0	0.0	2827.8247929883946	1	0	1	-0.3333364664632249
188150.62816608205	1000.0	1677.1966269065088	0.0	0	0.0	2827.8247929883946	1	0	1	0.3598107140967205
189093.00668889564	2000.0	1734.8181040929724	0.0	0	0.0	2827.8247929883946	1	0	1	1.0529578946566658
189943.57170782267	2000.0	1884.253085165932	0.0	0	0.0	2827.8247929883946	1	0	1	1.746105075216611
191195.06715596124	2000.0	1632.757637027361	0.0	0	0.0	2827.8247929883655	1	0	1	1.7461050752166154
192918.81238975486	2000.0	909.0124032337544	0.0	0	0.0	2827.8247929883946	1	0	1	1.746105075216611
193927.6694312149	2000.0	900.1553617737412	0.0	0	0.0	2827.8247929883946	1	0	1	1.746105075216611
194910.10874394613	2000.0	917.7160490425156	0.0	0	0.0	2827.8247929883946	1	0	1	1.746105075216611
196402.41471347338	2000.0	425.410079515271	0.0	0	0.0	2827.8247929883946	1	0	1	1.746105075216611
197272.63527480533	1000.0	576.2546490741069	21.065130890791863	0	0.0	2848.8899238791782	1	0	1	0.23013508950755113
197705.36379496838	1000.0	1143.5261289110229	0.0	0	0.0	2848.8899238791782	1	0	1	1.0496730554122475
198653.3022145087	2000.0	1195.5877093707109	0.0	0	0.0	2848.8899238792073	1	0	1	1.0496730554122429
199329.03560229854	2000.0	1519.8543215808693	0.0	0	0.0	2848.8899238792073	1	0	1	1.742820235972188
200459.74063308406	2000.0	1389.1492907953436	0.0	0	0.0	2848.8899238792073	1	0	1	1.742820235972188
201494.1831984852	2000.0	1354.7067253941818	0.0	0	0.0	2848.8899238791782	1	0	1	1.7428202359721925
202313.48046796987	1000.0	1535.409455909511	0.0	0	0.0	2848.8899238791782	1	0	1	0.35652587485230225
203559.3480042016	1000.0	1289.5419196778134	0.0	0	0.0	2848.8899238792073	1	0	1	1.0496730554122438
204122.53191864735	1000.0	1726.3580052320635	0.0	0	0.0	2848.8899238792364	1	0	1	1.0496730554122382
205330.5775483344	2000.0	1518.312375545015	0.0	0	0.0	2848.8899238792364	1	0	1	1.049673055412242
205882.7742059858	1000.0	1966.1157178936417	0.0	0	0.0	2848.8899238792364	1	0	1	0.3565258748522931
206752.33176952	2000.0	2096.558154359415	0.0	0	0.0	2848.8899238792656	1	0	1	1.0496730554122335
207869.96107371495	2000.0	1978.9288501644692	0.0	0	0.0	2848.8899238792656	1	0	1	1.7428202359721787
208800.33521229465	2000.0	2048.554711584785	0.0	0	0.0	2848.8899238792656	1	0	1	1.7428202359721787
209875.92804778682	2000.0	1972.9618760926028	0.0	0	0.0	2848.8899238792656	1	0	1	1.7428202359721787
211074.5758527246	2000.0	1774.314071154811	0.0	0	0.0	2848.8899238792947	1	0	1	1.7428202359721743
212558.8852850939	1000.0	1290.0046387855075	0.0	0	0.0	2848.8899238792947	1	0	1	0.35652587485228393
213530.716100208	1000.0	1318.173823671418	0.0	0	0.0	2848.8899238792947	1	0	1	1.049673055412229
214352.94534199158	1000.0	1495.9445818878185	0.0	0	0.0	2848.8899238792656	1	0	1	1.0496730554122309
214967.60620224485	1000.0	1881.2837216345442	0.0	0	0.0	2848.8899238792656	1	0	1	1.0496730554122338
216360.84274669286	1000.0	1488.0471771865352	0.0	0	0.0	2848.8899238792656	1	0	1	1.0496730554122338
217208.395044708	1000.0	1640.4948791713766	0.0	0	0.0	2848.8899238792364	1	0	1	1.0496730554122382
217838.07123791735	1000.0	2010.818685962066	0.0	0	0.0	2848.8899238792073	1	0	1	1.0496730554122429
218620.5817241087	1000.0	2228.308199770716	0.0	0	0.0	2848.8899238792073	1	0	1	1.0496730554122429
219504.310156641	1000.0	2344.5797672383947	0.0	0	0.0	2848.8899238792073	1	0	1	1.0496730554122429
220274.9741982939	1000.0	2573.9157255854793	0.0	0	0.0	2848.8899238791782	1	0	1	1.0496730554122475
221810.40744825322	2000.0	2038.4824756261685	0.0	0	0.0	2848.8899238791782	1	0	1	1.0496730554122473
222320.58975348625	1000.0	2528.3001703931423	0.0	0	0.0	2848.8899238791782	1	0	1	0.35652587485230225
223691.00112455664	2000.0	2157.888799322729	0.0	0	0.0	2848.8899238791782	1	0	1	1.0496730554122473
225180.38799516074	2000.0	1668.5019287186265	0.0	0	0.0	2848.8899238791782	1	0	1	1.7428202359721925
226338.86951223202	1000.0	1510.0204116473365	0.0	0	0.0	2848.88992387912	1	0	1	0.3565258748523087
227461.53977399057	2000.0	1275.0831237129078	0.0	0	0.0	2736.6228977032297	1	0	2	0.6625278163515879
228424.68028814014	2000.0	1311.9426095633235	0.0	0	0.0	2736.622897703259	1	0	1	1.5596138219687743
229129.54500130104	1000.0	1607.077896402413	0.0	0	0.0	2736.6228977032297	1	0	1	0.37331946084888595
230838.43356037064	2000.0	898.1893373328271	0.0	0	0.0	2736.6228977032297	1	0	1	1.066466641408831
231425.19337330843	1000.0	1311.4295243950796	0.0	0	0.0	2736.6228977032297	1	0	1	0.37331946084888595
232407.64959071684	1000.0	1328.9733069866415	0.0	0	0.0	2736.6228977032297	1	0	1	1.066466641408831
233419.68086932934	1000.0	1316.942028374137	0.0	0	0.0	2736.6228977032297	1	0	1	1.066466641408831
234330.760042873	1000.0	1405.8628548304423	0.0	0	0.0	2736.6228977032297	1	0	1	1.066466641408831
235045.37095954057	1000.0	1691.2519381629004	0.0	0	0.0	2736.6228977032297	1	0	1	1.066466641408831
235590.693478269	1000.0	2145.929419434441	0.0	0	0.0	2736.6228977032297	1	0	1	1.066466641408831
236594.56234367978	2000.0	2142.060554023662	0.0	0	0.0	2736.622897703259	1	0	1	1.0664666414088269
237803.59623405864	2000.0	1933.0266636448398	0.0	0	0.0	2736.622897703259	1	0	1	1.759613821968772
238693.0474296552	2000.0	2043.5754680482705	0.0	0	0.0	2736.622897703259	1	0	1	1.759613821968772
240075.57373227683	2000.0	1661.0491654266511	0.0	0	0.0	2736.622897703288	1	0	1	1.759613821968768
240950.24855154	1000.0	1786.3743461634567	0.0	0	0.0	2736.622897703288	1	0	1	0.3733194608488776
242355.9929298448	2000.0	1380.6299678586556	0.0	0	0.0	2736.622897703288	1	0	1	1.0664666414088226
243376.2192676788	1000.0	1360.4036300246603	0.0	0	0.0	2736.622897703288	1	0	1	0.3733194608488776
244390.76465990848	1000.0	1345.8582377949688	0.0	0	0.0	2736.622897703288	1	0	1	1.0664666414088229
245322.23575600906	1000.0	1414.3871416943982	0.0	0	0.0	2736.622897703346	1	0	1	1.0664666414088178
246309.47463883893	1000.0	1427.1482588645165	0.0	0	0.0	2736.622897703346	1	0	1	1.0664666414088146
247014.14645622778	1000.0	1722.4764414756494	0.0	0	0.0	2736.622897703346	1	0	1	1.0664666414088146
247708.66506682776	1000.0	2027.9578308756693	0.0	0	0.0	2736.622897703317	1	0	1	1.0664666414088186
248495.76033285036	1000.0	2240.8625648531147	0.0	0	0.0	2736.622897703346	1	0	1	1.0664666414088146
249329.77778083071	1000.0	2406.84511687271	0.0	0	0.0	2736.622897703346	1	0	1	1.0664666414088146
250220.7781096107	1000.0	2515.844788092729	0.0	0	0.0	2736.6228977034043	1	0	1	1.0664666414088095
252297.15939628688	2000.0	1439.4635014165376	0.0	0	0.0	2736.6228977034043	1	0	1	1.0664666414088064
253176.12552242636	1000.0	1560.4973752770786	0.0	0	0.0	2736.6228977034043	1	0	1	0.37331946084886114
254422.5381724478	1000.0	1314.0847252556737	0.0	0	0.0	2736.622897703375	1	0	1	1.0664666414088104
255220.58513063513	1000.0	1516.037767068331	0.0	0	0.0	2736.622897703346	1	0	1	1.0664666414088146
255964.2803321045	1000.0	1772.3425655989465	0.0	0	0.0	2736.622897703375	1	0	1	1.0664666414088104
257568.04029279342	2000.0	1168.582604910042	0.0	0	0.0	2736.622897703375	1	0	1	1.0664666414088102
258366.24943278864	1000.0	1370.3734649148357	0.0	0	0.0	2736.622897703375	1	0	1	0.37331946084886525
259104.76571012312	1000.0	1631.8571875803475	0.0	0	0.0	2736.622897703375	1	0	1	1.0664666414088104
259689.08631605745	1000.0	2047.5365816459753	0.0	0	0.0	2736.622897703346	1	0	1	1.0664666414088146
260544.82949810385	1000.0	2191.793399599601	0.0	0	0.0	2736.622897703346	1	0	1	1.0664666414088146
262059.76121153316	1000.0	1676.8616861703001	0.0	0	0.0	2736.622897703346	1	0	1	1.0664666414088146
263411.76225008385	1000.0	1324.8606476195826	0.0	0	0.0	2736.622897703259	1	0	1	1.066466641408822
264479.7467369919	1000.0	1256.8761607115728	0.0	0	0.0	2736.622897703346	1	0	1	1.0664666414088162
265580.49863898306	1000.0	1156.1242587204883	0.0	0	0.0	2736.622897703375	1	0	1	1.0664666414088104
266547.59490982594	1000.0	1189.0279878776087	0.0	0	0.0	2736.622897703375	1	0	1	1.0664666414088104
267775.183664846	1000.0	961.4392328575215	0.0	0	0.0	2736.622897703375	1	0	1	1.0664666414088104
268223.90722739865	500.0	1512.7156703048709	0.0	0	0.0	2736.622897703375	1	0	1	-0.3198277197110805
269705.3349795709	1000.0	1031.287918132663	0.0	0	0.0	2736.622897703375	1	0	1	0.373319460848865
270907.75163872907	1000.0	828.8712589744722	0.0	0	0.0	2736.622897703375	1	0	1	1.0664666414088104
271448.24132719537	500.0	1288.3815705082145	0.0	0	0.0	2736.622897703375	1	0	1	-0.3198277197110805
272430.5202373102	1000.0	1306.1026603933797	0.0	0	0.0	2736.622897703317	1	0	1	0.37331946084887324
273101.2626591722	1000.0	1635.3602385314057	0.0	0	0.0	2736.622897703317	1	0	1	1.0664666414088186
273806.78694193676	1000.0	1929.835955766774	0.0	0	0.0	2736.622897703317	1	0	1	1.0664666414088186
274949.37380616507	2000.0	1787.249091538465	0.0	0	0.0	2736.622897703375	1	0	1	1.0664666414088102
275624.15139803255	1000.0	2112.4714996709604	0.0	0	0.0	2736.622897703375	1	0	1	0.37331946084886525
276833.1570422165	1000.0	1903.465855486973	0.0	0	0.0	2736.622897703375	1	0	1	1.0664666414088104
277797.8217379459	1000.0	1938.8011597576533	0.0	0	0.0	2736.622897703375	1	0	1	1.0664666414088104
279066.35159229627	1000.0	1670.2713054072808	0.0	0	0.0	2736.622897703375	1	0	1	1.0664666414088104
279830.5186987143	1000.0	1906.1041989892676	0.0	0	0.0	2736.622897703375	1	0	1	1.0664666414088104
280886.79642920604	1000.0	1849.82646849761	0.0	0	0.0	2736.622897703375	1	0	1	1.0664666414088104
282000.60678236	1000.0	1736.016115343686	0.0	0	0.0	2736.622897703375	1	0	1	1.0664666414088104
282799.0018040572	1000.0	1937.6210936464659	0.0	0	0.0	2736.622897703375	1	0	1	1.0664666414088104
283638.22555968777	1000.0	2098.3973380159578	0.0	0	0.0	2736.622897703375	1	0	1	1.0664666414088104
284307.5547675105	1000.0	2429.068130193268	0.0	0	0.0	2736.6228977034334	1	0	1	1.066466641408807
285451.6401147174	2000.0	2284.9827829863766	0.0	0	0.0	2736.6228977034334	1	0	1	1.0664666414088022
286488.8497718941	2000.0	2247.7731258097165	0.0	0	0.0	2736.6228977034334	1	0	1	1.7596138219687474
287604.9456037199	2000.0	2131.6772939839157	0.0	0	0.0	2736.6228977034916	1	0	1	1.7596138219687427
289156.70014575426	2000.0	1579.9227519495407	0.0	0	0.0	2736.6228977034334	1	0	1	1.7596138219687474
290797.40501490084	2000.0	939.2178828029491	0.0	0	0.0	2736.622897703375	1	0	1	1.7596138219687554
291446.9957926762	1000.0	1289.6271050275873	0.0	0	0.0	2736.6228977034334	1	0	1	0.37331946084885703
291826.3541712452	1000.0	1910.2687264586161	0.0	0	0.0	2736.622897703375	1	0	1	1.0664666414088104
293594.29938209563	2000.0	1142.3235156081942	0.0	0	0.0	2736.6228977034334	1	0	1	1.0664666414088022
294592.7761192534	1000.0	1143.8467784504346	0.0	0	0.0	2736.6228977034334	1	0	1	0.37331946084885703
295202.4528994059	1000.0	1534.1699982980483	0.0	0	0.0	2736.6228977034334	1	0	1	1.0664666414088022
295818.36872425635	1000.0	1918.2541734476486	0.0	0	0.0	2736.6228977034334	1	0	1	1.0664666414088022
296678.73375932086	1000.0	2057.889138383215	0.0	0	0.0	2736.6228977034334	1	0	1	1.0664666414088022
297510.6003032802	1000.0	2226.022594423861	0.0	0	0.0	2736.6228977034334	1	0	1	1.0664666414088022
298873.6282531559	2000.0	1862.9946445482124	0.0	0	0.0	2736.6228977034916	1	0	1	1.0664666414087938
299928.11863665713	1000.0	1808.5042610469768	0.0	0	0.0	2736.62289770355	1	0	1	0.37331946084884043
300684.50751274126	1000.0	2052.1153849628754	0.0	0	0.0	2736.62289770355	1	0	1	1.0664666414087856
0.96	1.7	1.58	1.32	1.37	1.85	1.52	1.32	1.37	2.24	3.34	2.86	1.52	2.03	1.67	1.99	2.18	1.36	1.46	0.81	1.11	1.29	1.03	1.39	1.77	0.61	0.96	2.29	2.47	1.29	1.01	0.74	1.07	0.86	1.74	2.33	2.55	1.83	0.92	2.51	2.71	2.47	1.08	1.34	2.46	2.9	1.77	1.69	1.67	0.8	1.69	1.46	1.58	1.91	2.19	1.68	1.61	1.16	0.68	0.76	1.15	1.29	0.82	1.1	1.36	1.01	1.08	1.47	1.63	1.19	1.67	1.62	0.9	1.98	2.41	1.73	1.27	1.89	0.71	0.83	0.96	1.42	1.69	1.47	1.93	2.14	1.3	1.59	1.27	0.81	1.07	1.54	1.1	1.34	1.31	1.25	1.2	1.17	1.31	1.32	0.71	1.52	1.56	0.82	1.24	1.37	1.27	1.1	0.59	0.61	1.36	0.87	1.2	0.82	0.87	0.83	0.94	0.9	1.15	1.64	1.58	1.19	1.1	0.94	0.81	0.94	1.17	1.07	1.04	1.61	1.22	1.75	2.87	1.64	1.46	1.77	0.97	1.47	2.05	1.24	0.96	1.36	1.33	1.2	1.51	1.38	1.03	1.61	1.45	0.96	0.96	1.7	1.58	1.32	1.37	1.85	1.52	1.32	1.37	2.24	3.34	2.86	1.52	2.03	1.67	1.99	2.18	1.36	1.46	0.81	1.11	1.29	1.03	1.39	1.77	0.61	0.96	2.29	2.47	1.29	1.01	0.74	1.07	0.86	1.74	2.33	2.55	1.83	0.92	2.51	2.71	2.47	1.08	1.34	2.46	2.9	1.77	1.69	1.67	0.8	1.69	1.46	1.58	1.91	2.19	1.68	1.61	1.16	0.68	0.76	1.15	1.29	0.82	1.1	1.36	1.01	1.08	1.47	1.63	1.19	1.67	1.62	0.9	1.98	2.41	1.73	1.27	1.89	0.71	0.83	0.96	1.42	1.69	1.47	1.93	2.14	1.3	1.59	1.27	0.81	1.07	1.54	1.1	1.34	1.31	1.25	1.2	1.17	1.31	1.32	0.71	1.52	1.56	0.82	1.24	1.37	1.27	1.1	0.59	0.61	1.36	0.87	1.2	0.82	0.87	0.83	0.94	0.9	1.15	1.64	1.58	1.19	1.1	0.94	0.81	0.94	1.17	1.07	1.04	1.61	1.22	1.75	2.87	1.64	1.46	1.77	0.97	1.47	2.05	1.24	0.96	1.36	1.33	1.2	1.51	1.38	1.03	1.61	1.45	0.96	0.96
1.0	2.0	3.0	4.0	5.0	6.0	7.0	8.0	9.0	10.0	11.0	12.0	13.0	14.0	15.0	16.0	17.0	18.0	19.0	20.0	21.0	22.0	23.0	24.0	25.0	26.0	27.0	28.0	29.0	30.0	31.0	32.0	33.0	34.0	35.0	36.0	37.0	38.0	39.0	40.0	41.0	42.0	43.0	44.0	45.0	46.0	47.0	48.0	49.0	50.0	51.0	52.0	53.0	54.0	55.0	56.0	57.0	58.0	59.0	60.0	61.0	62.0	63.0	64.0	65.0	66.0	67.0	68.0	69.0	70.0	71.0	72.0	73.0	74.0	75.0	76.0	77.0	78.0	79.0	80.0	81.0	82.0	83.0	84.0	85.0	86.0	87.0	88.0	89.0	90.0	91.0	92.0	93.0	94.0	95.0	96.0	97.0	98.0	99.0	100.0	101.0	102.0	103.0	104.0	105.0	106.0	107.0	108.0	109.0	110.0	111.0	112.0	113.0	114.0	115.0	116.0	117.0	118.0	119.0	120.0	121.0	122.0	123.0	124.0	125.0	126.0	127.0	128.0	129.0	130.0	131.0	132.0	133.0	134.0	135.0	136.0	137.0	138.0	139.0	140.0	141.0	142.0	143.0	144.0	145.0	146.0	147.0	148.0	149.0	149.0	150.0	151.0	152.0	153.0	154.0	155.0	156.0	157.0	158.0	159.0	160.0	161.0	162.0	163.0	164.0	165.0	166.0	167.0	168.0	169.0	170.0	171.0	172.0	173.0	174.0	175.0	176.0	177.0	178.0	179.0	180.0	181.0	182.0	183.0	184.0	185.0	186.0	187.0	188.0	189.0	190.0	191.0	192.0	193.0	194.0	195.0	196.0	197.0	198.0	199.0	200.0	201.0	202.0	203.0	204.0	205.0	206.0	207.0	208.0	209.0	210.0	211.0	212.0	213.0	214.0	215.0	216.0	217.0	218.0	219.0	220.0	221.0	222.0	223.0	224.0	225.0	226.0	227.0	228.0	229.0	230.0	231.0	232.0	233.0	234.0	235.0	236.0	237.0	238.0	239.0	240.0	241.0	242.0	243.0	244.0	245.0	246.0	247.0	248.0	249.0	250.0	251.0	252.0	253.0	254.0	255.0	256.0	257.0	258.0	259.0	260.0	261.0	262.0	263.0	264.0	265.0	266.0	267.0	268.0	269.0	270.0	271.0	272.0	273.0	274.0	275.0	276.0	277.0	278.0	279.0	280.0	281.0	282.0	283.0	284.0	285.0	286.0	287.0	288.0	289.0	290.0	291.0	292.0	293.0	294.0	295.0	296.0	297.0	298.0	298.0	299.0
4208.793434051123
