4428.320884669051	300.0	2000.0	132.91926171674774	0	0.0	4428.320884669051	1	0	1	-1.4595204105032138
5299.257142127033	2000.0	2129.063742542019	0.0	0	0.0	4428.320884669052	1	0	1	-0.6780181165673448
6152.742912796533	3000.0	2190.2293948055676	0.0	0	0.0	4342.972307602101	1	0	2	0.8537369375264807
6829.769354794805	3000.0	2445.5003086074703	0.0	0	0.0	4275.269663402275	1	0	2	1.4986337249919606
7656.947101623596	3000.0	2535.604787095799	0.0	0	0.0	4192.551888719396	1	0	2	1.537956112245374
8527.827897795933	3000.0	2577.635911306228	0.0	0	0.0	4105.463809102162	1	0	2	1.5782840659642543
9682.183911039045	3000.0	2307.8442967388023	0.0	0	0.0	3990.0282077778484	1	0	2	1.6238380220540511
10400.72380662978	2000.0	2589.3044011480665	0.0	0	0.0	3990.0282077778484	1	0	1	0.8289057015006256
11255.353406826027	3000.0	2649.2118409321924	0.0	0	0.0	3904.5652477582216	1	0	2	1.060503163211443
11965.098820440635	3000.0	2868.4918859561258	0.0	0	0.0	3833.5907063967625	1	0	2	1.6947814771511096
12959.852438446858	3000.0	2774.2629061492808	0.0	0	0.0	3734.1153445961427	1	0	2	1.7268536264065852
13734.547633975979	3000.0	2922.0981910672463	0.0	0	0.0	3656.645825043228	1	0	2	1.7560968033475117
14589.640774098438	3000.0	2981.4957369325384	0.0	0	0.0	3571.13651103098	1	0	2	1.7817899799440826
15719.199769804	3000.0	2738.9808416564197	0.0	0	0.0	3458.1806114604224	1	0	2	1.812734374154104
16456.921169159305	3000.0	2927.4873023655846	0.0	0	0.0	3384.4084715248937	1	0	2	1.8346382228017135
17774.603634499734	3000.0	2478.036590491109	0.0	0	0.0	3252.6402249908497	1	0	2	1.8636201359165705
18759.341663646897	3000.0	2394.8247584292317	0.0	0	0.0	3154.166422076134	1	0	2	1.8877841242016349
19859.657384122023	3000.0	2184.4774659065874	0.0	0	0.0	3044.1348500286113	1	0	2	1.908135002159674
20433.57908103989	2000.0	2553.1635992969327	0.0	0	0.0	2986.7426803368216	1	0	2	1.1119468238903132
21657.022365364213	3000.0	2207.3759865401794	0.0	0	0.0	2864.398351904394	1	0	2	1.5351910913233113
22473.09443119404	3000.0	2309.6967141273713	0.0	0	0.0	2782.7911453214074	1	0	2	1.955752203773618
23200.0	3000.0	2510.1005884408146	0.0	0	49.370751809958165	2710.1005884408114	1	0	2	1.9657333823561576
24200.0	3000.0	2410.100588440815	0.0	0	374.9619284108376	2610.1005884408114	1	0	2	1.9772051249362332
25231.673502301015	6000.0	2378.4270861398004	0.0	0	0.0	2610.1005884408114	1	0	1	1.9820250711132767
27203.925814222788	6000.0	1406.1747742180282	0.0	0	0.0	2610.100588440815	1	0	1	2.875172251673222
27884.464507434488	3000.0	1657.582211685158	0.0	0	0.0	2542.046719119644	1	0	2	1.0950416581045388
28508.841962091108	3000.0	1970.7670115628775	0.0	0	0.0	2479.608973653987	1	0	2	1.9958999423923387
29200.0	3000.0	2210.4931698630917	0.0	0	89.57576680935381	2410.4931698630935	1	0	2	2.002607882489325
30200.0	3000.0	2110.4931698630908	0.0	0	484.2033583671764	2310.493169863097	1	0	2	2.0111826091145755
32834.22061816534	6000.0	476.2725516977457	0.0	0	0.0	2310.4931698630935	1	0	1	2.014974306749239
33478.128799158345	2000.0	832.3643707047353	0.0	0	0.0	2310.49316986309	1	0	1	0.7108969099729656
33995.364092710755	2000.0	1315.1290771523247	0.0	0	0.0	2310.49316986309	1	0	1	1.8095091986410752
34451.11729356812	2000.0	1859.3758762949576	0.0	0	0.0	2310.4931698630826	1	0	1	1.8095091986410758
35200.0	3000.0	2035.6048992198757	0.0	0	320.05904898692097	2235.604899219892	1	0	2	1.4134249589313352
36200.0	6000.0	2035.6048992198762	0.0	0	148.99005003689672	2235.604899219885	1	0	1	2.0218499142706268
37794.96620803408	6000.0	1440.6386911858008	0.0	0	0.0	2235.604899219892	1	0	1	2.914997094830571
38471.608140623866	2000.0	1763.9967585960148	0.0	0	0.0	2235.604899219885	1	0	1	0.7177725174943526
39200.0	2000.0	2035.604899219883	0.0	0	89.8022060308067	2235.6048992198776	1	0	1	1.8163848061624628
40200.0	3000.0	1935.6048992198905	0.0	0	251.85935422807233	2135.604899219885	1	0	2	1.421959177719054
41200.0	3000.0	1835.6048992198898	0.0	0	177.6818750706152	2035.604899219892	1	0	2	2.03552009798189
42200.0	3000.0	1735.6048992198837	0.0	0	428.6199649150076	1935.604899219892	1	0	2	2.0423520498126257
43219.91465906789	6000.0	1715.6902401519976	0.0	0	0.0	1935.604899219892	1	0	1	2.044941870220339
44644.4029219342	6000.0	1291.2019772856875	0.0	0	0.0	1935.604899219892	1	0	1	2.938089050780284
45610.300784271385	6000.0	1325.3041149484968	0.0	0	0.0	1935.604899219892	1	0	1	2.938089050780284
46275.856165869496	3000.0	1659.748733350383	0.0	0	0.0	1935.6048992198848	1	0	1	1.5517946896603951
47200.0	2000.0	1735.604899219873	0.0	0	269.8424467961813	1935.6048992198848	1	0	1	1.4340116540040106
48200.0	2000.0	1735.60489921988	0.0	0	332.5862972742543	1935.6048992198848	1	0	1	1.8394767621121753
49280.18276867536	3000.0	1547.4038536769826	0.0	0	0.0	1827.5866223523408	1	0	2	1.4445863273890163
50200.0	2000.0	1627.586622352352	0.0	0	227.70561924538924	1827.586622352348	1	0	1	1.2408213787128533
51200.0	2000.0	1627.5866223523517	0.0	0	485.63884445467556	1827.5866223523408	1	0	1	1.8462864868210185
52373.65563052009	2000.0	1453.930991832273	0.0	0	0.0	1827.586622352348	1	0	1	1.846286486821018
53200.0	2000.0	1627.5866223523585	0.0	0	118.15093340898602	1827.5866223523408	1	0	1	1.8462864868210185
54200.0	2000.0	1627.586622352359	0.0	0	28.323472698306432	1827.5866223523408	1	0	1	1.8462864868210185
55200.0	2000.0	1627.5866223523547	0.0	0	209.43405644333689	1827.5866223523408	1	0	1	1.8462864868210185
56200.0	2000.0	1627.5866223523526	0.0	0	362.49116759841854	1827.5866223523408	1	0	1	1.8462864868210185
57200.0	2000.0	1627.5866223523622	0.0	0	437.50364033280493	1827.5866223523408	1	0	1	1.8462864868210185
58200.0	3000.0	1527.5866223523606	0.0	0	266.38642453043576	1727.586622352348	1	0	2	1.450048052779058
59667.21691807465	6000.0	1060.369704277709	0.0	0	0.0	1727.586622352348	1	0	1	2.057450754336257
60229.972795049194	2000.0	1497.6138273031577	0.0	0	0.0	1727.586622352348	1	0	1	0.7533733575599829
61200.0	2000.0	1527.5866223523576	0.0	0	545.0430885761889	1727.586622352348	1	0	1	1.8519856462280926
62200.0	3000.0	1527.586622352363	0.0	0	35.04219392336381	1727.5866223523553	1	0	1	1.8519856462280921
63200.0	3000.0	1527.586622352361	0.0	0	304.4031774125033	1727.5866223523626	1	0	1	2.2574507543362565
64327.60786421373	2000.0	1399.978758138625	0.0	0	0.0	1727.5866223523626	1	0	1	1.446520538119927
65200.0	2000.0	1440.3474087737309	0.0	0	68.56712502976734	1640.3474087737413	1	0	2	1.4551638878029647
66200.0	2000.0	1440.3474087737452	0.0	0	222.06568070873618	1640.347408773756	1	0	1	1.656524519833996
67200.0	2000.0	1440.3474087737577	0.0	0	308.89992748787336	1640.347408773785	1	0	1	1.8565245198339952
68200.0	2000.0	1440.3474087737527	0.0	0	201.1089741254982	1640.347408773785	1	0	1	1.8565245198339944
69200.0	2000.0	1440.3474087737768	0.0	0	112.54450521715626	1640.347408773785	1	0	1	1.8565245198339944
70200.0	2000.0	1440.347408773772	0.0	0	476.5892315111705	1640.347408773785	1	0	1	1.8565245198339944
71200.0	2000.0	1440.3474087737704	0.0	0	513.2947022260632	1640.347408773785	1	0	1	1.8565245198339944
72205.69424126268	2000.0	1434.6531675110866	0.0	0	0.0	1640.347408773785	1	0	1	1.8565245198339944
73200.0	2000.0	1440.347408773757	0.0	0	507.743022804294	1640.3474087737995	1	0	1	1.8565245198339935
74200.0	2000.0	1440.347408773753	0.0	0	541.6791130673955	1640.347408773785	1	0	1	1.8565245198339944
75200.0	3000.0	1440.3474087737739	0.0	0	531.5232263447833	1640.347408773785	1	0	1	1.8565245198339946
76717.93051907414	6000.0	922.4168896996275	0.0	0	0.0	1640.347408773785	1	0	1	2.261989627942159
77663.57429992032	2000.0	976.7731088534524	0.0	0	0.0	1640.347408773785	1	0	1	0.7579122311658848
78458.98809901453	2000.0	1181.359309759245	0.0	0	0.0	1640.347408773785	1	0	1	1.8565245198339944
79577.0907188526	2000.0	1063.2566899211938	0.0	0	0.0	1640.3474087737995	1	0	1	1.8565245198339935
80579.59059818812	2000.0	1060.7568105856749	0.0	0	0.0	1640.347408773785	1	0	1	1.8565245198339944
81214.96470550241	2000.0	1425.3827032713782	0.0	0	0.0	1640.3474087737704	1	0	1	1.856524519833995
82200.0	2000.0	1440.3474087737754	0.0	0	166.48665503294615	1640.3474087737704	1	0	1	1.856524519833995
83200.0	2000.0	1440.3474087737732	0.0	0	500.0250510286278	1640.3474087737704	1	0	1	1.856524519833995
84200.0	2000.0	1440.3474087737836	0.0	0	615.0671218071075	1640.3474087737704	1	0	1	1.856524519833995
85200.0	6000.0	1440.3474087737798	0.0	0	6.027632275305223	1640.3474087737704	1	0	1	1.856524519833995
86209.5302833812	6000.0	1430.8171253925798	0.0	0	0.0	1640.347408773785	1	0	1	2.955136808502104
89032.68867445423	6000.0	200.0	592.3412656804403	0	0.0	2232.688674454228	1	0	1	-0.6145201236180197
89541.53306059989	2000.0	754.0681790657924	62.912565211441915	0	0.0	2295.6012396656733	1	0	1	0.3348281195064767
90122.75472652416	2000.0	1172.8465131415219	0.0	0	0.0	2295.601239665659	1	0	1	1.810915799443239
91220.18091029882	2000.0	1075.4203293668525	0.0	0	0.0	2295.601239665659	1	0	1	1.810915799443239
92074.67505911877	2000.0	1220.9261805469164	0.0	0	0.0	2295.601239665659	1	0	1	1.810915799443239
92588.37842406363	2000.0	1707.2228156020603	0.0	0	0.0	2295.601239665659	1	0	1	1.810915799443239
93200.0	2000.0	2034.4390820720453	0.0	0	9.247955177677795	2234.439082072029	1	0	2	1.4150505282975352
94597.59608471894	3000.0	1497.083388881205	0.0	0	0.0	2094.6794736001466	1	0	2	1.6248031318272234
95532.50276713076	2000.0	1562.1767064693859	0.0	0	0.0	2094.6794736001466	1	0	1	1.2225969569282664
96445.05813251465	2000.0	1649.621341085489	0.0	0	0.0	2094.6794736001466	1	0	1	1.8280620650364312
97651.49681867228	2000.0	1443.182654927848	0.0	0	0.0	2094.679473600161	1	0	1	1.82806206503643
98452.42720098366	2000.0	1642.252272616481	0.0	0	0.0	2094.679473600161	1	0	1	1.82806206503643
99200.0	2000.0	1894.6794736001423	0.0	0	275.7150263287185	2094.679473600161	1	0	1	1.82806206503643
100200.0	2000.0	1894.6794736001227	0.0	0	293.1455706101842	2094.679473600161	1	0	1	1.82806206503643
101200.0	2000.0	1894.6794736001182	0.0	0	453.3843819358153	2094.6794736001466	1	0	1	1.8280620650364312
102508.54860447494	3000.0	1455.2760086776996	0.0	0	0.0	1963.824613152654	1	0	2	1.4348728551488243
103345.21140771883	2000.0	1618.613205433804	0.0	0	0.0	1963.8246131526394	1	0	1	1.2321122790979746
104326.61949036802	2000.0	1637.2051227846277	0.0	0	0.0	1963.8246131526394	1	0	1	1.8375773872061394
105200.0	2000.0	1763.824613152643	0.0	0	121.14312750834506	1963.8246131526248	1	0	1	1.8375773872061405
106200.0	2000.0	1763.8246131526594	0.0	0	155.97357692632067	1963.8246131526394	1	0	1	1.8375773872061394
107200.0	2000.0	1763.8246131526553	0.0	0	442.0033579299343	1963.8246131526394	1	0	1	1.8375773872061394
108200.0	3000.0	1663.8246131526505	0.0	0	547.9056745585112	1863.824613152654	1	0	2	1.4415666360504586
110585.33284200242	6000.0	278.49177115022053	0.0	0	0.0	1863.824613152654	1	0	1	2.0495459766813107
111264.79583009843	2000.0	661.8151020156068	62.786318961401605	0	0.0	1926.6109321140539	1	0	1	0.3647411133395802
111688.46255958709	2000.0	1238.148372526964	0.0	0	0.0	1926.6109321140539	1	0	1	1.8400713157760993
112268.70583858884	2000.0	1657.9050935252155	0.0	0	0.0	1926.6109321140539	1	0	1	1.8400713157760993
113200.0	2000.0	1726.6109321140575	0.0	0	252.39398523456475	1926.6109321140539	1	0	1	1.8400713157760993
114200.0	2000.0	1726.610932114069	0.0	0	361.9548810307024	1926.6109321140539	1	0	1	1.8400713157760993
115200.0	2000.0	1726.6109321140664	0.0	0	312.4349689764058	1926.6109321140539	1	0	1	1.8400713157760993
116200.0	3000.0	1626.610932114059	0.0	0	455.8143309120933	1826.6109321140684	1	0	2	1.4439897700052313
118656.80129611744	6000.0	200.0	30.190364003382967	0	0.0	1856.8012961174536	1	0	1	1.8703016528633016
120092.11397416776	2000.0	327.8106825640642	563.1233606143898	0	0.0	2419.9246567318332	1	0	1	-2.678812892433453
120713.6781630648	2000.0	706.2464936670458	0.0	0	0.0	2419.9246567318332	1	0	1	1.7985395599209943
121370.44047818087	2000.0	1049.4841785509705	0.0	0	0.0	2419.9246567318332	1	0	1	1.7985395599209943
122256.33229048773	2000.0	1163.592366244125	0.0	0	0.0	2419.9246567318332	1	0	1	1.7985395599209943
123215.70139612594	2000.0	1204.223260605926	0.0	0	0.0	2419.9246567318332	1	0	1	1.7985395599209943
124231.3065159559	2000.0	1188.6181407759404	0.0	0	0.0	2419.9246567318187	1	0	1	1.7985395599209957
125332.61686308825	2000.0	1087.3077936435911	0.0	0	0.0	2419.9246567318187	1	0	1	1.7985395599209957
126217.1245533109	2000.0	1202.800103420923	0.0	0	0.0	2419.9246567318187	1	0	1	1.7985395599209957
126926.72930321193	2000.0	1493.1953535198809	0.0	0	0.0	2419.9246567318187	1	0	1	1.7985395599209957
127616.88666791026	2000.0	1803.037988821542	0.0	0	0.0	2419.9246567318187	1	0	1	1.7985395599209957
128791.02434705371	2000.0	1628.9003096780905	0.0	0	0.0	2419.924656731804	1	0	1	1.7985395599209975
130308.18637609648	2000.0	1111.7382806353335	0.0	0	0.0	2419.924656731804	1	0	1	1.7985395599209975
131090.33762522315	2000.0	1329.587031508637	0.0	0	0.0	2419.924656731775	1	0	1	1.7985395599209992
132029.20564852387	2000.0	1390.7190082079314	0.0	0	0.0	2419.9246567317896	1	0	1	1.7985395599209988
132736.56975043664	2000.0	1683.354906295187	0.0	0	0.0	2419.9246567317896	1	0	1	1.7985395599209995
133366.80726426002	2000.0	2053.117392471831	0.0	0	0.0	2419.924656731804	1	0	1	1.7985395599209981
134249.23291471324	3000.0	2082.4491769732613	0.0	0	0.0	2331.682091686409	1	0	2	1.4051434390589663
135200.0	3000.0	2036.6053831578206	0.0	0	380.9655855508463	2236.60538315773	1	0	2	2.0183698090997746
136200.0	3000.0	1936.605383157829	0.0	0	340.3317269227409	2136.60538315773	1	0	2	2.0271301829775386
137358.03170675933	6000.0	1778.5736763985235	0.0	0	0.0	2136.60538315773	1	0	1	2.030216338425867
138599.5741052185	6000.0	1537.0312779393653	0.0	0	0.0	2136.60538315773	1	0	1	2.923363518985812
139282.31681009778	2000.0	1854.2885730600772	0.0	0	0.0	2136.60538315773	1	0	1	0.726138941649593
140837.9991581263	3000.0	1143.037990228707	0.0	0	0.0	1981.037148354866	1	0	2	1.433076961499935
141496.45795494993	2000.0	1484.5791934050862	0.0	0	0.0	1981.037148354837	1	0	1	1.2309280964507854
142212.11543622345	2000.0	1768.921712131555	0.0	0	0.0	1981.037148354866	1	0	1	1.836393204558948
143200.0	3000.0	1682.2486919773733	0.0	0	372.32555520811	1882.2486919772346	1	0	2	1.4404758254306371
144200.0	2000.0	1682.2486919773794	0.0	0	422.44549232622376	1882.2486919772346	1	0	1	1.2374643402391992
146250.78630296592	6000.0	631.4623890114741	0.0	0	0.0	1882.2486919772346	1	0	1	1.842929448347364
146991.1934853982	2000.0	891.055206579204	0.0	0	0.0	1882.2486919772346	1	0	1	0.7443171596792544
147846.6847283583	2000.0	1035.5639636191368	0.0	0	0.0	1882.2486919772346	1	0	1	1.842929448347364
148526.24416855592	2000.0	1356.0045234215002	0.0	0	0.0	1882.2486919772346	1	0	1	1.842929448347364
149201.3823224892	2000.0	1680.866369488227	0.0	0	0.0	1882.2486919772346	1	0	1	1.842929448347364
150200.0	2000.0	1682.248691977448	0.0	0	442.7149418487097	1882.2486919772346	1	0	1	1.842929448347364
151200.0	2000.0	1682.2486919774406	0.0	0	437.688541145646	1882.2486919772346	1	0	1	1.842929448347364
152200.0	3000.0	1582.2486919774271	0.0	0	147.58905405752012	1782.2486919772055	1	0	2	1.4470001912350499
154531.5664953736	6000.0	250.68219660380612	0.0	0	0.0	1782.2486919772055	1	0	1	2.054404141041695
155143.94632497904	2000.0	704.6907289993537	66.38836200097143	0	0.0	1848.6370539781929	1	0	1	0.3480722327751331
155806.1783917976	2000.0	1042.4586621807716	0.0	0	0.0	1848.6370539781929	1	0	1	1.8450146934490714
156255.69598236683	2000.0	1592.9410716115797	0.0	0	0.0	1848.6370539781929	1	0	1	1.8450146934490714
157200.0	2000.0	1648.6370539783904	0.0	0	338.8265184828779	1848.6370539781637	1	0	1	1.8450146934490732
158200.0	2000.0	1648.6370539784266	0.0	0	266.83367453544633	1848.6370539781637	1	0	1	1.8450146934490732
159200.0	2000.0	1648.6370539784425	0.0	0	178.4007525575871	1848.6370539781929	1	0	1	1.8450146934490714
160200.0	2000.0	1648.6370539784161	0.0	0	279.99476296216017	1848.637053978222	1	0	1	1.8450146934490697
161200.0	2000.0	1648.637053978393	0.0	0	492.9306577729876	1848.6370539781929	1	0	1	1.8450146934490714
162200.0	2000.0	1648.6370539783916	0.0	0	225.9947581005399	1848.6370539781929	1	0	1	1.8450146934490714
163200.0	2000.0	1648.6370539783882	0.0	0	448.47586127830436	1848.6370539781929	1	0	1	1.8450146934490714
164200.0	3000.0	1548.6370539783973	0.0	0	225.40916202633525	1748.6370539781929	1	0	2	1.4488953837687544
165200.0	2000.0	1548.6370539784323	0.0	0	378.72355556313414	1748.637053978222	1	0	1	1.2453664047604232
166200.0	2000.0	1548.637053978434	0.0	0	124.9585296358855	1748.637053978222	1	0	1	1.850831512868588
167200.0	2000.0	1548.6370539784743	0.0	0	326.0737746040395	1748.637053978222	1	0	1	1.850831512868588
168200.0	2000.0	1548.6370539784607	0.0	0	157.51791956319357	1748.637053978222	1	0	1	1.850831512868588
169246.44629313663	2000.0	1502.1907608418512	0.0	0	0.0	1748.637053978251	1	0	1	1.8508315128685875
170200.0	2000.0	1548.6370539784834	0.0	0	290.7805191859952	1748.637053978251	1	0	1	1.8508315128685862
171200.0	2000.0	1548.6370539784798	0.0	0	213.4412605954567	1748.637053978222	1	0	1	1.850831512868588
172200.0	2000.0	1548.6370539785091	0.0	0	438.3259972691012	1748.637053978222	1	0	1	1.850831512868588
173200.0	3000.0	1548.6370539785123	0.0	0	275.8594752306235	1748.6370539781929	1	0	1	1.8508315128685897
174513.50167631937	6000.0	1235.1353776591363	0.0	0	0.0	1748.6370539781929	1	0	1	2.2562966209767543
175430.1327166442	3000.0	1318.5043373342896	0.0	0	0.0	1748.637053978222	1	0	1	1.5631494404168085
176200.0	2000.0	1548.6370539784957	0.0	0	187.6153521660308	1748.637053978251	1	0	1	1.4453664047604216
177200.0	3000.0	1548.6370539785155	0.0	0	174.34730042607407	1748.637053978251	1	0	1	1.8508315128685864
178200.0	3000.0	1548.6370539785057	0.0	0	280.5829094205983	1748.637053978251	1	0	1	2.2562966209767508
179605.80152369716	6000.0	1142.835530281359	0.0	0	0.0	1748.637053978251	1	0	1	2.2562966209767508
180440.28138139972	2000.0	1308.3556725787764	0.0	0	0.0	1748.637053978251	1	0	1	0.7522192242004766
181200.0	2000.0	1548.6370539784975	0.0	0	177.26001467189053	1748.637053978251	1	0	1	1.8508315128685862
182200.0	2000.0	1548.6370539785019	0.0	0	418.6318267789611	1748.6370539782802	1	0	1	1.8508315128685846
183200.0	2000.0	1548.6370539784884	0.0	0	413.8432276652602	1748.6370539783093	1	0	1	1.8508315128685828
184200.0	3000.0	1548.6370539784918	0.0	0	277.77924520813394	1748.6370539783093	1	0	1	1.850831512868583
185200.0	6000.0	1548.6370539785282	0.0	0	223.03171834832756	1748.6370539783093	1	0	1	2.2562966209767477
186670.19818099804	6000.0	1078.4388729805023	0.0	0	0.0	1748.6370539782802	1	0	1	2.9494438015366935
187398.98840443356	2000.0	1349.6486495449822	0.0	0	0.0	1748.6370539782802	1	0	1	0.7522192242004749
188200.0	2000.0	1548.6370539785867	0.0	0	25.103841526637552	1748.6370539782802	1	0	1	1.8508315128685846
189200.0	2000.0	1548.6370539786033	0.0	0	537.2609011372551	1748.6370539782802	1	0	1	1.8508315128685846
190200.0	2000.0	1548.637053978609	0.0	0	445.0594872512156	1748.6370539783093	1	0	1	1.8508315128685828
191200.0	3000.0	1548.6370539786203	0.0	0	72.78388628052198	1748.6370539783093	1	0	1	1.850831512868583
192356.08792748564	6000.0	1392.5491264929801	0.0	0	0.0	1748.6370539782802	1	0	1	2.256296620976749
193200.0	3000.0	1548.637053978624	0.0	0	189.33936578122666	1748.6370539782802	1	0	1	1.5631494404168045
194200.0	6000.0	1548.637053978609	0.0	0	175.23134389618644	1748.6370539783093	1	0	1	2.2562966209767477
196140.66940887226	6000.0	607.9676451063906	0.0	0	0.0	1748.6370539782802	1	0	1	2.9494438015366935
196917.263849735	2000.0	831.3732042436512	0.0	0	0.0	1748.6370539782802	1	0	1	0.7522192242004749
197610.94765172218	2000.0	1137.689402256494	0.0	0	0.0	1748.6370539782802	1	0	1	1.8508315128685846
198362.59805308125	2000.0	1386.0390008974427	0.0	0	0.0	1748.6370539782802	1	0	1	1.8508315128685846
199200.0	2000.0	1548.6370539787054	0.0	0	247.8327703437244	1748.6370539783093	1	0	1	1.8508315128685828
200200.0	2000.0	1548.6370539787317	0.0	0	272.58525419342914	1748.6370539783093	1	0	1	1.8508315128685828
201334.2289939332	2000.0	1414.408060045544	0.0	0	0.0	1748.6370539783093	1	0	1	1.8508315128685828
202358.5546397334	2000.0	1390.0824142453653	0.0	0	0.0	1748.6370539783093	1	0	1	1.8508315128685828
203200.0	2000.0	1548.637053978771	0.0	0	184.09059741764213	1748.6370539783093	1	0	1	1.8508315128685828
204200.0	2000.0	1548.637053978768	0.0	0	190.1547940163873	1748.6370539782802	1	0	1	1.8508315128685846
205200.0	2000.0	1548.6370539787852	0.0	0	451.92312610373483	1748.6370539782802	1	0	1	1.8508315128685846
206200.0	2000.0	1548.637053978793	0.0	0	360.07979259931017	1748.6370539782802	1	0	1	1.8508315128685846
207200.0	3000.0	1548.6370539787904	0.0	0	400.7061106857727	1748.6370539782802	1	0	1	1.8508315128685848
208337.64877040999	6000.0	1410.9882835688059	0.0	0	0.0	1748.6370539783093	1	0	1	2.2562966209767477
209200.0	2000.0	1548.6370539788109	0.0	0	146.67154467460932	1748.6370539783093	1	0	1	0.7522192242004733
210200.0	2000.0	1548.637053978788	0.0	0	562.5213361830392	1748.6370539783093	1	0	1	1.8508315128685828
211200.0	3000.0	1548.6370539787852	0.0	0	272.4370489564026	1748.6370539783093	1	0	1	1.850831512868583
212200.0	3000.0	1548.637053978786	0.0	0	74.21107951292652	1748.6370539782802	1	0	1	2.2562966209767494
213290.1515593109	3000.0	1458.4854946678588	0.0	0	0.0	1748.6370539782802	1	0	1	2.2562966209767494
214200.0	2000.0	1548.6370539787847	0.0	0	203.40239476770512	1748.6370539782802	1	0	1	1.44536640476042
215200.0	2000.0	1548.6370539788102	0.0	0	230.59516580903437	1748.6370539782802	1	0	1	1.8508315128685846
216200.0	2000.0	1548.6370539788015	0.0	0	334.183686330769	1748.6370539782802	1	0	1	1.8508315128685846
217200.0	2000.0	1548.6370539788059	0.0	0	194.79408964476897	1748.637053978251	1	0	1	1.8508315128685862
218200.0	2000.0	1548.6370539788134	0.0	0	459.710040100239	1748.637053978251	1	0	1	1.8508315128685862
219200.0	2000.0	1548.6370539788197	0.0	0	336.97892551429686	1748.637053978251	1	0	1	1.8508315128685862
220200.0	2000.0	1548.6370539787792	0.0	0	226.67154335422674	1748.637053978222	1	0	1	1.850831512868588
221200.0	3000.0	1548.637053978789	0.0	0	79.76281013517291	1748.637053978222	1	0	1	1.850831512868588
222200.0	2000.0	1548.637053978792	0.0	0	377.0943800152745	1748.637053978222	1	0	1	1.4453664047604233
223200.0	2000.0	1548.6370539788088	0.0	0	463.19620663372916	1748.637053978251	1	0	1	1.8508315128685862
224200.0	3000.0	1548.637053978791	0.0	0	465.6028155784006	1748.637053978222	1	0	1	1.850831512868588
226603.15027809807	6000.0	200.0	54.51322411925071	0	0.0	1803.1502780974843	1	0	1	1.9285971039525829
227380.9980069515	2000.0	581.717616185822	159.56534503927648	0	0.0	1962.7156231367553	1	0	1	-0.21835134817603058
228159.9279106982	2000.0	802.7877124391126	0.0	0	0.0	1962.7156231367844	1	0	1	1.837653010727736
229489.95249109206	2000.0	472.76313204524547	0.0	0	0.0	1962.7156231367844	1	0	1	1.837653010727736
230240.99584901793	2000.0	721.7197741193897	0.0	0	0.0	1962.7156231367844	1	0	1	1.837653010727736
230758.67044129074	2000.0	1204.0451818465706	0.0	0	0.0	1962.7156231367553	1	0	1	1.837653010727738
231321.1468850803	2000.0	1641.568738057015	0.0	0	0.0	1962.7156231367553	1	0	1	1.837653010727738
232200.0	2000.0	1762.715623137338	0.0	0	394.8204389057646	1962.7156231367553	1	0	1	1.837653010727738
233200.0	2000.0	1762.7156231373606	0.0	0	532.6081654662848	1962.7156231367553	1	0	1	1.837653010727738
234297.0527163367	6000.0	1665.662906800638	0.0	0	0.0	1962.7156231367553	1	0	1	1.8376530107277382
235200.0	6000.0	1762.715623137342	0.0	0	152.94113500459935	1962.7156231367553	1	0	1	2.936265299395848
237999.22959549128	6000.0	200.0	236.5139723539495	0	0.0	2199.229595490673	1	0	1	1.5124622761110282
238696.8697130951	2000.0	670.2662808328456	167.90639843665534	0	0.0	2367.135993927339	1	0	1	-0.30207726779871114
239389.47214319633	2000.0	977.6638507316386	0.0	0	0.0	2367.135993927368	1	0	1	1.803973411489329
240397.33780882647	2000.0	969.7981851015288	0.0	0	0.0	2367.135993927368	1	0	1	1.803973411489328
240990.86447820163	2000.0	1376.271515726369	0.0	0	0.0	2367.135993927368	1	0	1	1.803973411489328
241554.47203392995	2000.0	1812.6639599980776	0.0	0	0.0	2367.135993927368	1	0	1	1.803973411489328
242339.44106048445	3000.0	1949.1980307881004	0.0	0	0.0	2288.63909127182	1	0	2	1.4092696429463092
243200.0	2000.0	2088.639091272572	0.0	0	183.67614418565063	2288.63909127182	1	0	1	1.2061014850577403
244231.89185589142	2000.0	2056.7472353811704	0.0	0	0.0	2288.639091271849	1	0	1	1.8115665931659044
245401.81014432656	2000.0	1886.8289469460383	0.0	0	0.0	2288.639091271849	1	0	1	1.8115665931659022
246676.66491316567	2000.0	1611.974178106941	0.0	0	0.0	2288.63909127182	1	0	1	1.8115665931659046
247308.46315812532	2000.0	1980.1759331472913	0.0	0	0.0	2288.63909127182	1	0	1	1.811566593165905
248200.0	2000.0	2088.6390912725974	0.0	0	402.17389475624077	2288.6390912717907	1	0	1	1.8115665931659077
249200.0	2000.0	1988.6390912726067	0.0	0	402.5543195240607	2188.6390912717907	1	0	2	1.417154377052827
250200.0	3000.0	1888.6390912726492	0.0	0	271.1236771395197	2088.63909127182	1	0	2	1.6257661160719916
251638.92014840167	3000.0	1305.8269280308086	0.0	0	0.0	1944.7470764316677	1	0	2	2.0416102849447064
252365.4230015281	2000.0	1579.3240749043512	0.0	0	0.0	1944.7470764316386	1	0	1	1.2334019842217585
253445.47182283917	2000.0	1499.2752535932746	0.0	0	0.0	1944.7470764316095	1	0	1	1.8388670923299246
254487.84781835575	2000.0	1456.8992580767226	0.0	0	0.0	1944.7470764315804	1	0	1	1.8388670923299268
255200.0	2000.0	1744.747076432485	0.0	0	31.140093808760867	1944.7470764315804	1	0	1	1.8388670923299284
256200.0	2000.0	1744.7470764324844	0.0	0	455.7062110636034	1944.7470764315804	1	0	1	1.8388670923299268
257200.0	3000.0	1644.7470764325128	0.0	0	351.1097832607629	1844.7470764315804	1	0	2	1.442956191420317
259688.98455665787	6000.0	200.0	44.23748022536526	0	0.0	1888.984556656913	1	0	1	1.7847422304655802
260183.60943020656	2000.0	765.1673355405128	59.79220908917469	0	0.0	1948.7767657460936	1	0	1	0.381231104470122
260736.2768396487	2000.0	1212.4999260983805	0.0	0	0.0	1948.7767657460936	1	0	1	1.8385966476732796
261200.0	2000.0	1748.7767657470854	0.0	0	63.349553707725136	1948.7767657460936	1	0	1	1.8385966476732796
262200.0	3000.0	1748.7767657470506	0.0	0	157.08730440348154	1948.7767657460645	1	0	1	1.8385966476732816
263200.0	2000.0	1748.776765747113	0.0	0	76.84767642442603	1948.7767657461518	1	0	1	1.4331315395651134
264200.0	2000.0	1748.7767657470647	0.0	0	329.95262533816276	1948.7767657460645	1	0	1	1.838596647673278
265200.0	3000.0	1648.776765747033	0.0	0	261.2750601413427	1848.7767657460645	1	0	2	1.4427919393070336
266710.91918412416	6000.0	1137.8575816228572	0.0	0	0.0	1848.7767657460645	1	0	1	2.0504712736841517
268355.0624460479	2000.0	493.7143196990412	0.0	0	0.0	1848.7767657460063	1	0	1	0.7463938769078813
269341.8988975368	2000.0	553.4300796251007	46.55221141492427	0	0.0	1895.3289771609125	1	0	1	1.5627861672332604
269877.30997525586	2000.0	1018.0190019060374	0.0	0	0.0	1895.3289771609125	1	0	1	1.842099435722806
270535.9570215339	2000.0	1359.3719556280412	0.0	0	0.0	1895.3289771609707	1	0	1	1.8420994357228024
271213.3510804633	2000.0	1681.9778966986012	0.0	0	0.0	1895.3289771609707	1	0	1	1.8420994357228024
272200.0	2000.0	1695.3289771618497	0.0	0	165.6030923590879	1895.3289771609125	1	0	1	1.842099435722806
273200.0	2000.0	1695.3289771617947	0.0	0	213.1129126988235	1895.3289771609125	1	0	1	1.842099435722806
274200.0	2000.0	1695.3289771618083	0.0	0	27.801405120408162	1895.3289771609125	1	0	1	1.842099435722806
275200.0	2000.0	1695.3289771617845	0.0	0	354.7313550148392	1895.3289771609125	1	0	1	1.842099435722806
276200.0	2000.0	1695.328977161824	0.0	0	168.91943229659228	1895.3289771609125	1	0	1	1.842099435722806
277200.0	2000.0	1695.328977161866	0.0	0	423.82571136474144	1895.3289771609125	1	0	1	1.842099435722806
278200.0	2000.0	1695.3289771618665	0.0	0	37.66061930631986	1895.3289771608543	1	0	1	1.84209943572281
279268.6550607654	2000.0	1626.6739163965306	0.0	0	0.0	1895.3289771609125	1	0	1	1.842099435722806
280200.0	2000.0	1695.3289771618786	0.0	0	152.88786763924873	1895.3289771609125	1	0	1	1.842099435722806
281200.0	2000.0	1695.328977161885	0.0	0	312.99073968979064	1895.3289771609707	1	0	1	1.8420994357228024
282200.0	2000.0	1695.328977161932	0.0	0	459.88391426886665	1895.3289771609707	1	0	1	1.8420994357228024
283200.0	2000.0	1695.3289771619307	0.0	0	602.03146805492	1895.3289771609125	1	0	1	1.842099435722806
284200.0	3000.0	1695.3289771619322	0.0	0	218.42200431291712	1895.3289771609125	1	0	1	1.8420994357228062
285200.0	3000.0	1695.32897716202	0.0	0	256.32463431631913	1895.3289771609125	1	0	1	2.2475645438309706
286794.364889346	6000.0	1100.9640878160099	0.0	0	0.0	1895.3289771609125	1	0	1	2.247564543830971
287867.13903987425	3000.0	1028.1899372877533	0.0	0	0.0	1895.3289771609707	1	0	1	1.554417363271022
288532.42070822266	2000.0	1362.908268939336	0.0	0	0.0	1895.3289771609707	1	0	1	1.4366343276146378
289200.0	2000.0	1695.3289771620337	0.0	0	117.19736250117421	1895.328977161029	1	0	1	1.8420994357227989
290200.0	2000.0	1695.3289771620011	0.0	0	106.87520317576127	1895.328977161029	1	0	1	1.8420994357227989
291200.0	2000.0	1695.3289771621157	0.0	0	465.3570705015445	1895.328977161029	1	0	1	1.8420994357227989
292200.0	2000.0	1695.3289771620982	0.0	0	512.2398774795001	1895.3289771609707	1	0	1	1.8420994357228024
293200.0	3000.0	1595.3289771620393	0.0	0	143.09584056015592	1795.3289771609125	1	0	2	1.4462918266552702
295761.1122863227	6000.0	200.0	165.78330916068347	0	0.0	1961.112286321586	1	0	1	1.0565186348560502
296509.88045602466	2000.0	620.4037241357601	169.17189383776918	0	0.0	2130.2841801593313	1	0	1	-0.2883846776767516
297226.8572223898	2000.0	903.4269577706049	0.0	0	0.0	2130.2841801593313	1	0	1	1.8252589740179732
297924.6164644336	2000.0	1205.6677157266804	0.0	0	0.0	2130.2841801593313	1	0	1	1.8252589740179732
298451.25156043074	2000.0	1679.032619729537	0.0	0	0.0	2130.2841801593313	1	0	1	1.8252589740179732
299200.5750529356	2000.0	1929.709127224647	0.0	0	0.0	2130.284180159215	1	0	1	1.8252589740179785
300200.0	3000.0	1830.3416854537284	0.0	0	366.3368147352594	2030.3416854526731	1	0	2	1.4301003362785882
2.7	3.15	4.0	3.82	3.27	2.02	3.29	3.82	3.02	3.51	3.35	3.5	2.91	3.07	3.29	2.3	3.29	3.43	4.46	5.71	6.44	4.26	3.57	4.26	4.99	5.53	2.75	3.07	3.32	4.69	5.9	6.93	6.01	3.42	2.65	3.92	3.68	4.39	5.05	4.81	5.85	5.46	2.84	2.75	2.68	2.61	3.46	1.95	2.58	2.88	3.3	3.43	3.74	4.78	4.84	3.5	4.03	3.8	3.29	2.31	3.12	3.15	2.97	2.25	3.15	3.66	3.63	2.44	3.8	4.91	5.47	2.93	2.76	2.91	2.51	1.74	2.55	3.23	4.39	5.27	6.72	6.44	2.29	2.76	2.25	3.29	2.27	3.26	4.49	2.61	1.81	2.06	1.67	2.46	3.41	3.51	3.3	2.71	2.17	1.96	2.35	3.24	4.9	5.64	2.86	2.44	3.67	4.84	3.37	2.78	3.96	5.2	4.95	1.54	1.53	1.92	3.06	2.92	2.06	2.32	2.49	2.54	3.17	2.66	1.98	1.51	2.2	2.35	3.35	4.62	4.41	4.91	5.14	4.7	3.15	2.97	2.27	3.54	4.12	4.71	3.16	3.2	3.07	3.17	3.68	3.58	4.63	4.65	0.98	1.73	2.7	3.15	4.0	3.82	3.27	2.02	3.29	3.82	3.02	3.51	3.35	3.5	2.91	3.07	3.29	2.3	3.29	3.43	4.46	5.71	6.44	4.26	3.57	4.26	4.99	5.53	2.75	3.07	3.32	4.69	5.9	6.93	6.01	3.42	2.65	3.92	3.68	4.39	5.05	4.81	5.85	5.46	2.84	2.75	2.68	2.61	3.46	1.95	2.58	2.88	3.3	3.43	3.74	4.78	4.84	3.5	4.03	3.8	3.29	2.31	3.12	3.15	2.97	2.25	3.15	3.66	3.63	2.44	3.8	4.91	5.47	2.93	2.76	2.91	2.51	1.74	2.55	3.23	4.39	5.27	6.72	6.44	2.29	2.76	2.25	3.29	2.27	3.26	4.49	2.61	1.81	2.06	1.67	2.46	3.41	3.51	3.3	2.71	2.17	1.96	2.35	3.24	4.9	5.64	2.86	2.44	3.67	4.84	3.37	2.78	3.96	5.2	4.95	1.54	1.53	1.92	3.06	2.92	2.06	2.32	2.49	2.54	3.17	2.66	1.98	1.51	2.2	2.35	3.35	4.62	4.41	4.91	5.14	4.7	3.15	2.97	2.27	3.54	4.12	4.71	3.16	3.2	3.07	3.17	3.68	3.58	4.63	4.65	0.98	1.73
1.0	2.0	3.0	4.0	5.0	6.0	7.0	8.0	9.0	10.0	11.0	12.0	13.0	14.0	15.0	16.0	17.0	18.0	19.0	20.0	21.0	22.0	23.0	24.0	25.0	26.0	27.0	28.0	29.0	30.0	31.0	32.0	33.0	34.0	35.0	36.0	37.0	38.0	39.0	40.0	41.0	42.0	43.0	44.0	45.0	46.0	47.0	48.0	49.0	50.0	51.0	52.0	53.0	54.0	55.0	56.0	57.0	58.0	59.0	60.0	61.0	62.0	63.0	64.0	65.0	66.0	67.0	68.0	69.0	70.0	71.0	72.0	73.0	74.0	75.0	76.0	77.0	78.0	79.0	80.0	81.0	82.0	83.0	84.0	85.0	86.0	87.0	88.0	89.0	90.0	91.0	92.0	93.0	94.0	95.0	96.0	97.0	98.0	99.0	100.0	101.0	102.0	103.0	104.0	105.0	106.0	107.0	108.0	109.0	110.0	111.0	112.0	113.0	114.0	115.0	116.0	117.0	118.0	119.0	120.0	121.0	122.0	123.0	124.0	125.0	126.0	127.0	128.0	129.0	130.0	131.0	132.0	133.0	134.0	135.0	136.0	137.0	138.0	139.0	140.0	141.0	142.0	143.0	144.0	145.0	146.0	147.0	148.0	149.0	149.0	150.0	151.0	152.0	153.0	154.0	155.0	156.0	157.0	158.0	159.0	160.0	161.0	162.0	163.0	164.0	165.0	166.0	167.0	168.0	169.0	170.0	171.0	172.0	173.0	174.0	175.0	176.0	177.0	178.0	179.0	180.0	181.0	182.0	183.0	184.0	185.0	186.0	187.0	188.0	189.0	190.0	191.0	192.0	193.0	194.0	195.0	196.0	197.0	198.0	199.0	200.0	201.0	202.0	203.0	204.0	205.0	206.0	207.0	208.0	209.0	210.0	211.0	212.0	213.0	214.0	215.0	216.0	217.0	218.0	219.0	220.0	221.0	222.0	223.0	224.0	225.0	226.0	227.0	228.0	229.0	230.0	231.0	232.0	233.0	234.0	235.0	236.0	237.0	238.0	239.0	240.0	241.0	242.0	243.0	244.0	245.0	246.0	247.0	248.0	249.0	250.0	251.0	252.0	253.0	254.0	255.0	256.0	257.0	258.0	259.0	260.0	261.0	262.0	263.0	264.0	265.0	266.0	267.0	268.0	269.0	270.0	271.0	272.0	273.0	274.0	275.0	276.0	277.0	278.0	279.0	280.0	281.0	282.0	283.0	284.0	285.0	286.0	287.0	288.0	289.0	290.0	291.0	292.0	293.0	294.0	295.0	296.0	297.0	298.0	298.0
4162.346158181931
