5035.700240813749	300.0	2000.0	170.66655296801935	0	0.0	5035.700240813749	1	0	1	-2.089413481253919
6148.92743374545	2000.0	1775.4500877751277	0.0	0	0.0	4924.377521520578	1	0	2	-1.4256884501280958
6749.776443920636	2000.0	2114.516176582423	0.0	0	0.0	4864.292620503059	1	0	2	0.7244568485933245
7458.356930605022	2000.0	2335.0776412295977	0.0	0	0.0	4793.434571834619	1	0	2	0.7725135115658028
8478.441246235503	3000.0	2212.984894036067	0.0	0	0.0	4691.426140271569	1	0	2	0.8377260265549237
9519.33964361086	3000.0	2067.9966569231756	0.0	0	0.0	4587.336300534034	1	0	2	1.3116607033187337
10630.922972868422	3000.0	1845.2549947398566	0.0	0	0.0	4476.177967608279	1	0	2	1.3792273564443258
11543.947904043933	3000.0	1840.9275704467937	0.0	0	0.0	4384.8754744907255	1	0	2	1.4361080003554276
12859.107169770623	3000.0	1394.2523781474317	0.0	0	0.0	4253.359547918051	1	0	2	1.5006967808090204
14009.488475176444	2000.0	1128.832942201028	0.0	0	0.0	4138.321417377467	1	0	2	0.7470946545661591
14657.668848350582	1000.0	1480.65256902689	0.0	0	0.0	4138.321417377467	1	0	1	-0.21731396131505648
15835.553776371893	2000.0	1184.9791482034457	0.0	0	0.0	4020.5329245753346	1	0	2	0.3179139987043881
16689.7164304642	2000.0	1245.4002287019032	0.0	0	0.0	3935.1166591660967	1	0	2	1.2480379243074253
17203.49942434414	2000.0	1731.617234821961	0.0	0	0.0	3935.116659166093	1	0	1	1.2567820008062465
17778.260674760408	2000.0	2099.379859364063	0.0	0	0.0	3877.6405341244645	1	0	2	1.0736279064572223
18650.195441871227	2000.0	2140.251615542157	0.0	0	0.0	3790.4470574133775	1	0	2	1.3027719474487163
19251.030177241217	2000.0	2479.3334066351704	0.0	0	0.0	3730.3635838763785	1	0	2	1.3270132999214805
20028.542472030047	3000.0	2624.069882367459	0.0	0	0.0	3652.612354397499	1	0	2	1.3512174286402774
21402.957152805568	3000.0	2112.213733514387	0.0	0	0.0	3515.170886319949	1	0	2	1.793541709716735
22299.042298292472	2000.0	2216.1285880274804	0.0	0	0.0	3515.170886319949	1	0	1	0.9938310388996965
23275.43354462628	2000.0	2239.737341693671	0.0	0	0.0	3515.170886319949	1	0	1	1.5992961470078613
24167.945510800742	2000.0	2257.9741789017635	0.0	0	0.0	3425.919689702503	1	0	2	1.2172074097002612
25148.813191230063	2000.0	2277.106498472443	0.0	0	0.0	3425.919689702503	1	0	1	1.4237092298652634
25934.336932372207	2000.0	2491.5827573302954	0.0	0	0.0	3425.919689702503	1	0	1	1.6237092298652636
26798.584081713205	2000.0	2540.9108930552034	0.0	0	0.0	3339.494974768404	1	0	2	1.241295518968013
27541.645928874637	3000.0	2723.542861177632	0.0	0	0.0	3265.188790052267	1	0	2	1.4589594742039238
28471.231661800928	3000.0	2700.998554958707	0.0	0	0.0	3172.230216759628	1	0	2	1.8839203768670532
29374.885418239388	3000.0	2706.9794228763976	0.0	0	0.0	3081.864841115781	1	0	2	1.9028516638498487
30596.994723888638	3000.0	2362.65918666222	0.0	0	0.0	2959.653910550849	1	0	2	1.9238669152845038
31608.01726761968	3000.0	2250.534388558071	0.0	0	0.0	2858.5516561777404	1	0	2	1.9423742165328208
32936.65549050489	2000.0	1789.032343384344	0.0	0	0.0	2725.6878338892166	1	0	2	1.1517456107210884
33710.693131053056	2000.0	2014.9947028361782	0.0	0	0.0	2725.687833889213	1	0	1	1.5611583826733602
34251.051256438855	2000.0	2474.636577450375	0.0	0	0.0	2725.6878338892093	1	0	1	1.7611583826733601
35200.0	2000.0	2525.6878338892316	0.0	0	229.58905788103584	2725.687833889213	1	0	1	1.7611583826733606
36235.11403264585	3000.0	2387.0623979788015	0.0	0	0.0	2622.176430624626	1	0	2	1.3704099233281768
37263.74600911663	2000.0	2358.430421508022	0.0	0	0.0	2622.176430624626	1	0	1	1.1695622984671699
38661.80717451443	2000.0	1820.5631395704365	0.0	0	0.0	2482.3703140848447	1	0	2	1.3869663874060207
40721.9795450615	2000.0	760.390769023368	0.0	0	0.0	2482.3703140848374	1	0	1	1.591751462057889
41146.1278051825	1000.0	1336.2425089023607	0.0	0	0.0	2482.3703140848374	1	0	1	0.4054571009379989
42227.064845627254	2000.0	1255.305468457601	0.0	0	0.0	2482.3703140848374	1	0	1	1.098604281497944
43652.03067090532	2000.0	830.3396431795404	0.0	0	0.0	2482.3703140848374	1	0	1	1.7917514620578892
44130.99125709836	1000.0	1351.3790569864948	0.0	0	0.0	2482.3703140848374	1	0	1	0.4054571009379989
45212.15078051592	2000.0	1270.219533568934	0.0	0	0.0	2482.3703140848374	1	0	1	1.098604281497944
46649.04882210924	2000.0	833.3214919756119	0.0	0	0.0	2482.3703140848374	1	0	1	1.7917514620578892
47231.66057515908	1000.0	1250.7097389257658	0.0	0	0.0	2482.3703140848447	1	0	1	0.4054571009379981
48008.008144645675	1000.0	1474.3621694391645	0.0	0	0.0	2482.3703140848447	1	0	1	1.0986042814979433
48735.06132131624	1000.0	1747.3089927685971	0.0	0	0.0	2482.3703140848447	1	0	1	1.0986042814979433
49744.87412723153	2000.0	1737.4961868533067	0.0	0	0.0	2482.3703140848447	1	0	1	1.098604281497943
50467.23587788414	2000.0	2015.1344362006967	0.0	0	0.0	2482.3703140848447	1	0	1	1.7917514620578885
51240.203840376926	2000.0	2242.166473707907	0.0	0	0.0	2482.3703140848447	1	0	1	1.7917514620578885
52200.0	3000.0	2186.390698122518	0.0	0	248.65637501439778	2386.39069812253	1	0	2	1.398261752087624
53200.0	2000.0	2086.3906981225177	0.0	0	388.0255612001565	2286.39069812253	1	0	2	1.2026045329893253
54200.0	2000.0	2086.3906981225155	0.0	0	203.79124501891783	2286.3906981225227	1	0	1	1.611775843986414
55259.40233558197	2000.0	2026.9883625405398	0.0	0	0.0	2286.3906981225227	1	0	1	1.8117758439864142
56250.47623799232	2000.0	2035.9144601301969	0.0	0	0.0	2286.3906981225227	1	0	1	1.8117758439864142
57256.8142373997	2000.0	2029.5764607228205	0.0	0	0.0	2286.3906981225227	1	0	1	1.8117758439864142
58200.0	2000.0	2086.3906981225277	0.0	0	40.25448575352493	2286.3906981225227	1	0	1	1.8117758439864142
59373.254901478474	2000.0	1913.135796644054	0.0	0	0.0	2286.3906981225227	1	0	1	1.8117758439864142
60906.53892845815	2000.0	1379.8517696643878	0.0	0	0.0	2286.3906981225227	1	0	1	1.8117758439864142
61648.80643078777	2000.0	1637.584267334751	0.0	0	0.0	2286.3906981225227	1	0	1	1.8117758439864142
62966.53135704912	2000.0	1319.859341073401	0.0	0	0.0	2286.39069812253	1	0	1	1.8117758439864138
63674.68377412577	1000.0	1611.7069239967564	0.0	0	0.0	2286.39069812253	1	0	1	0.42548148286652343
65365.93310947963	2000.0	920.4575886428922	0.0	0	0.0	2286.3906981225373	1	0	1	1.1186286634264677
66091.26278472808	1000.0	1195.12791339445	0.0	0	0.0	2286.390698122559	1	0	1	0.4254814828665212
66765.45411081047	1000.0	1520.9365873120569	0.0	0	0.0	2286.390698122559	1	0	1	1.118628663426465
67929.67572797506	2000.0	1356.7149701474873	0.0	0	0.0	2286.3906981225737	1	0	1	1.1186286634264655
68571.25904901297	2000.0	1715.131649109569	0.0	0	0.0	2286.3906981225737	1	0	1	1.8117758439864096
69773.50319274435	2000.0	1512.8875053781956	0.0	0	0.0	2286.3906981225737	1	0	1	1.8117758439864096
70878.2561067848	2000.0	1408.134591337736	0.0	0	0.0	2286.3906981225737	1	0	1	1.8117758439864096
71507.35994497788	2000.0	1779.0307531446465	0.0	0	0.0	2286.390698122588	1	0	1	1.8117758439864082
72271.05991641013	2000.0	2015.3307817124194	0.0	0	0.0	2286.390698122588	1	0	1	1.8117758439864082
73294.46318100713	2000.0	1991.9275171154234	0.0	0	0.0	2286.3906981225737	1	0	1	1.8117758439864096
74200.0	2000.0	2086.390698122548	0.0	0	184.63852798026346	2286.390698122559	1	0	1	1.811775843986411
75200.0	2000.0	2086.3906981225546	0.0	0	304.9520041596843	2286.390698122559	1	0	1	1.811775843986411
76200.0	2000.0	2086.390698122549	0.0	0	77.23170304912492	2286.3906981225737	1	0	1	1.8117758439864096
77204.3434284891	2000.0	2082.0472696334446	0.0	0	0.0	2286.3906981225737	1	0	1	1.8117758439864096
78342.91201820057	2000.0	1943.4786799219755	0.0	0	0.0	2286.3906981225737	1	0	1	1.8117758439864096
79271.90543552037	2000.0	2014.4852626021866	0.0	0	0.0	2286.3906981225737	1	0	1	1.8117758439864096
80222.78199950147	2000.0	2063.608698621084	0.0	0	0.0	2286.3906981225737	1	0	1	1.8117758439864096
81226.64720926095	2000.0	2059.7434888616076	0.0	0	0.0	2286.3906981225737	1	0	1	1.8117758439864096
82520.4700030476	2000.0	1765.920695074978	0.0	0	0.0	2286.390698122588	1	0	1	1.8117758439864082
83293.67169619014	2000.0	1992.7190019324291	0.0	0	0.0	2286.390698122588	1	0	1	1.8117758439864082
84278.5497746784	2000.0	2007.840923444172	0.0	0	0.0	2286.390698122588	1	0	1	1.8117758439864082
85200.0	2000.0	2086.3906981225746	0.0	0	21.637743417042657	2286.390698122588	1	0	1	1.8117758439864082
86297.25608178221	2000.0	1989.1346163403566	0.0	0	0.0	2286.390698122588	1	0	1	1.8117758439864082
87600.88444944381	2000.0	1685.506248678749	0.0	0	0.0	2286.390698122588	1	0	1	1.8117758439864082
88748.88860506183	2000.0	1537.502093060704	0.0	0	0.0	2286.3906981225737	1	0	1	1.8117758439864096
89843.2415855341	2000.0	1443.1491125884315	0.0	0	0.0	2286.3906981225737	1	0	1	1.8117758439864096
90546.00249943236	2000.0	1740.3881986901692	0.0	0	0.0	2286.3906981225737	1	0	1	1.8117758439864096
91200.0	2000.0	2086.3906981225373	0.0	0	216.5178926634253	2286.3906981225737	1	0	1	1.8117758439864096
92200.0	2000.0	2086.39069812254	0.0	0	564.5149694863794	2286.3906981225737	1	0	1	1.8117758439864096
93200.0	2000.0	2086.3906981225514	0.0	0	452.8672943531419	2286.3906981225737	1	0	1	1.8117758439864096
94252.51014049732	3000.0	1928.6295435754914	0.0	0	0.0	2181.1396840728557	1	0	2	1.4183769947130602
95200.0	2000.0	1981.1396840727934	0.0	0	227.45572686195374	2181.139684072841	1	0	1	1.2156204390981689
96388.97132907658	2000.0	1792.1683549962017	0.0	0	0.0	2181.139684072841	1	0	1	1.8210855472063336
97409.42996513518	2000.0	1771.7097189376234	0.0	0	0.0	2181.139684072841	1	0	1	1.8210855472063336
98339.09385587215	2000.0	1842.0458282006311	0.0	0	0.0	2181.139684072841	1	0	1	1.8210855472063336
99410.39666341075	2000.0	1770.7430206620425	0.0	0	0.0	2181.139684072841	1	0	1	1.8210855472063336
100364.90722689907	2000.0	1816.2324571737302	0.0	0	0.0	2181.139684072841	1	0	1	1.8210855472063336
101730.22196348052	2000.0	1450.917720592291	0.0	0	0.0	2181.139684072841	1	0	1	1.8210855472063336
102471.4007004509	2000.0	1709.7389836219024	0.0	0	0.0	2181.139684072841	1	0	1	1.8210855472063336
103893.52527714845	2000.0	1287.6144069243628	0.0	0	0.0	2181.1396840728266	1	0	1	1.8210855472063348
104821.25241708162	2000.0	1359.887266991213	0.0	0	0.0	2181.1396840728266	1	0	1	1.8210855472063348
105809.93219796385	2000.0	1371.2074861089818	0.0	0	0.0	2181.1396840728266	1	0	1	1.8210855472063348
106771.5122097884	2000.0	1409.627474284422	0.0	0	0.0	2181.1396840728266	1	0	1	1.8210855472063348
108416.82804267958	2000.0	764.3116413932348	0.0	0	0.0	2181.1396840728266	1	0	1	1.8210855472063348
108918.89363631194	1000.0	1262.2460477608593	0.0	0	0.0	2181.1396840728266	1	0	1	0.43479118608644446
109887.90566248023	2000.0	1293.2340215925774	0.0	0	0.0	2181.1396840728266	1	0	1	1.1279383666463896
110667.92632722296	2000.0	1513.2133568498423	0.0	0	0.0	2181.1396840728266	1	0	1	1.8210855472063348
111553.09176322898	2000.0	1628.0479208438371	0.0	0	0.0	2181.1396840728266	1	0	1	1.8210855472063348
112430.3667870902	2000.0	1750.7728969826112	0.0	0	0.0	2181.1396840728266	1	0	1	1.8210855472063348
113200.0	2000.0	1981.139684072809	0.0	0	191.358294779493	2181.1396840728266	1	0	1	1.8210855472063348
114200.0	2000.0	1981.1396840728048	0.0	0	98.63916215363133	2181.139684072841	1	0	1	1.8210855472063336
115650.93795221586	3000.0	1385.1079366353727	0.0	0	0.0	2036.0458888512803	1	0	2	1.4290200333995033
116363.74144817994	2000.0	1672.3044406712943	0.0	0	0.0	2036.0458888512803	1	0	1	1.2270091134992098
117309.76743186341	2000.0	1726.2784569878138	0.0	0	0.0	2036.0458888512803	1	0	1	1.8324742216073746
118235.02074643769	2000.0	1801.0251424135358	0.0	0	0.0	2036.0458888512658	1	0	1	1.832474221607376
119351.31772205493	2000.0	1684.728166796296	0.0	0	0.0	2036.0458888512512	1	0	1	1.8324742216073768
120200.0	2000.0	1836.045888851222	0.0	0	35.70092773238139	2036.0458888512512	1	0	1	1.8324742216073768
121200.0	2000.0	1836.0458888512276	0.0	0	85.82888123921293	2036.0458888512512	1	0	1	1.8324742216073768
122200.0	2000.0	1836.0458888512178	0.0	0	116.91697886951442	2036.0458888512512	1	0	1	1.8324742216073768
123200.0	2000.0	1836.045888851225	0.0	0	329.82691255389364	2036.0458888512512	1	0	1	1.8324742216073768
124200.0	2000.0	1836.0458888512226	0.0	0	357.3235315799102	2036.0458888512367	1	0	1	1.8324742216073782
125200.0	2000.0	1836.045888851206	0.0	0	274.13706599555735	2036.0458888512367	1	0	1	1.8324742216073782
126200.0	2000.0	1836.0458888512055	0.0	0	251.62009859377577	2036.0458888512367	1	0	1	1.8324742216073782
127257.532132839	2000.0	1778.5137560122107	0.0	0	0.0	2036.0458888512512	1	0	1	1.8324742216073768
128225.69188492841	2000.0	1810.354003922797	0.0	0	0.0	2036.0458888512512	1	0	1	1.8324742216073768
129200.0	2000.0	1836.045888851195	0.0	0	259.74895257572643	2036.0458888512367	1	0	1	1.8324742216073782
130301.83784770976	2000.0	1734.2080411414324	0.0	0	0.0	2036.0458888512367	1	0	1	1.8324742216073782
131200.0	2000.0	1836.0458888511964	0.0	0	227.75471884921717	2036.0458888512367	1	0	1	1.8324742216073782
132200.0	2000.0	1836.0458888512171	0.0	0	471.06052041379735	2036.0458888512658	1	0	1	1.8324742216073773
133200.0	3000.0	1736.0458888512264	0.0	0	172.57972040158347	1936.0458888513094	1	0	2	1.4371287547823193
134356.61242862462	3000.0	1579.4334602266185	0.0	0	0.0	1936.0458888513094	1	0	1	2.0449125851300574
135361.46948608145	2000.0	1574.5764027697717	0.0	0	0.0	1936.0458888513094	1	0	1	1.4339823689137283
136200.0	2000.0	1736.0458888512087	0.0	0	10.045466839888832	1936.0458888512803	1	0	1	1.839447477021895
137450.3685175898	2000.0	1485.677371261397	0.0	0	0.0	1936.0458888512512	1	0	1	1.839447477021897
138324.59843719882	2000.0	1611.4474516524047	0.0	0	0.0	1936.0458888512512	1	0	1	1.839447477021897
139200.0	2000.0	1736.0458888512173	0.0	0	87.00242601067293	1936.0458888512803	1	0	1	1.839447477021895
140200.0	2000.0	1736.045888851212	0.0	0	60.20697140463744	1936.0458888512803	1	0	1	1.839447477021895
141408.42563216735	2000.0	1527.6202566838758	0.0	0	0.0	1936.0458888512803	1	0	1	1.839447477021895
142271.36899805622	2000.0	1664.6768907949868	0.0	0	0.0	1936.0458888512803	1	0	1	1.839447477021895
143689.1783828896	2000.0	1246.8675059616016	0.0	0	0.0	1936.0458888512803	1	0	1	1.839447477021895
144407.29575836335	2000.0	1528.7501304878226	0.0	0	0.0	1936.0458888512512	1	0	1	1.839447477021897
145200.0	2000.0	1736.0458888511785	0.0	0	12.412171346251853	1936.0458888512512	1	0	1	1.839447477021897
146200.0	2000.0	1736.0458888511782	0.0	0	266.73106995463604	1936.0458888512803	1	0	1	1.839447477021895
147200.0	2000.0	1736.0458888511757	0.0	0	332.32847801595926	1936.0458888512803	1	0	1	1.839447477021895
148200.0	2000.0	1736.0458888512035	0.0	0	502.5618768838467	1936.0458888512803	1	0	1	1.839447477021895
149200.0	2000.0	1736.0458888512167	0.0	0	261.98207388832816	1936.0458888513094	1	0	1	1.839447477021893
150200.0	2000.0	1736.0458888511869	0.0	0	378.59997503843624	1936.0458888512803	1	0	1	1.839447477021895
151200.0	2000.0	1736.0458888511569	0.0	0	310.43523248200654	1936.0458888512803	1	0	1	1.839447477021895
152200.0	2000.0	1736.0458888511585	0.0	0	208.7358847455762	1936.0458888512803	1	0	1	1.839447477021895
153875.67903750183	2000.0	1060.366851349325	0.0	0	0.0	1936.0458888512803	1	0	1	1.839447477021895
154891.49386158967	2000.0	1044.552027261514	0.0	0	0.0	1936.0458888513094	1	0	1	1.839447477021893
155516.3726413079	2000.0	1419.673247543278	0.0	0	0.0	1936.0458888513094	1	0	1	1.839447477021893
156200.0	2000.0	1736.0458888511691	0.0	0	132.27383364690468	1936.0458888513094	1	0	1	1.839447477021893
157200.0	2000.0	1736.0458888511848	0.0	0	443.0783757583122	1936.0458888513094	1	0	1	1.839447477021893
158200.0	2000.0	1736.0458888511794	0.0	0	570.4134743463364	1936.0458888513094	1	0	1	1.839447477021893
159200.0	2000.0	1736.0458888511705	0.0	0	429.26981689204695	1936.0458888513094	1	0	1	1.839447477021893
160307.3371535086	3000.0	1517.9750199917225	0.0	0	0.0	1825.3121735004534	1	0	2	1.4444455388509663
161234.59052840865	2000.0	1590.7216450916737	0.0	0	0.0	1825.3121735004534	1	0	1	1.2409572457427531
162200.0	2000.0	1625.3121735003297	0.0	0	342.2167269162019	1825.3121735004534	1	0	1	1.846422353850918
163468.98083246805	2000.0	1356.3313410322517	0.0	0	0.0	1825.3121735004534	1	0	1	1.846422353850918
164639.26807729274	2000.0	1186.0440962075518	0.0	0	0.0	1825.3121735004534	1	0	1	1.846422353850918
165501.80541914026	2000.0	1323.5067543600496	0.0	0	0.0	1825.3121735004534	1	0	1	1.846422353850918
166200.0	2000.0	1625.3121735002992	0.0	0	156.53191430485458	1825.3121735004243	1	0	1	1.8464223538509195
167200.0	2000.0	1625.3121735003024	0.0	0	336.2309413079056	1825.3121735004243	1	0	1	1.8464223538509195
168200.0	2000.0	1625.3121735002976	0.0	0	249.0678683570004	1825.3121735004243	1	0	1	1.8464223538509195
169200.0	2000.0	1625.3121735002894	0.0	0	440.7145922771015	1825.3121735004243	1	0	1	1.8464223538509195
170200.0	2000.0	1625.3121735002924	0.0	0	141.79282932251226	1825.3121735004243	1	0	1	1.8464223538509195
171295.4330663815	2000.0	1529.8791071188139	0.0	0	0.0	1825.3121735004243	1	0	1	1.8464223538509195
172200.0	2000.0	1625.312173500305	0.0	0	76.59254074774799	1825.3121735003951	1	0	1	1.8464223538509215
173200.0	2000.0	1625.3121735002908	0.0	0	327.87211843411205	1825.3121735003951	1	0	1	1.8464223538509215
174200.0	2000.0	1625.312173500263	0.0	0	89.0340178523038	1825.3121735003951	1	0	1	1.8464223538509215
175200.0	2000.0	1625.3121735002615	0.0	0	137.54446470332914	1825.3121735003951	1	0	1	1.8464223538509215
176200.0	2000.0	1625.3121735002735	0.0	0	340.42588148487266	1825.3121735003951	1	0	1	1.8464223538509215
177200.0	2000.0	1625.312173500276	0.0	0	304.02004675837816	1825.3121735003951	1	0	1	1.8464223538509215
178200.0	2000.0	1625.3121735002894	0.0	0	285.4696006021986	1825.3121735003951	1	0	1	1.8464223538509215
179200.0	3000.0	1525.3121735002678	0.0	0	22.845821896160487	1725.3121735003951	1	0	2	1.4502594158332662
180200.0	2000.0	1525.312173500294	0.0	0	126.46660942496965	1725.3121735003951	1	0	1	1.2466438312712818
181237.17046719271	2000.0	1488.1417063075846	0.0	0	0.0	1725.3121735003951	1	0	1	1.8521089393794465
182200.0	2000.0	1525.3121735003358	0.0	0	17.631304492417257	1725.3121735004243	1	0	1	1.8521089393794448
183200.0	2000.0	1525.3121735003513	0.0	0	324.84487674571574	1725.3121735004243	1	0	1	1.8521089393794448
184200.0	2000.0	1525.3121735003378	0.0	0	217.95433867443353	1725.3121735004243	1	0	1	1.8521089393794443
185200.0	2000.0	1525.3121735003526	0.0	0	49.36079071613494	1725.3121735004825	1	0	1	1.8521089393794423
186239.64487445	2000.0	1485.6672990503844	0.0	0	0.0	1725.3121735004825	1	0	1	1.8521089393794419
187517.9812598502	2000.0	1207.3309136501834	0.0	0	0.0	1725.3121735005116	1	0	1	1.85210893937944
189585.95047950197	2000.0	200.0	60.63830600160671	0	0.0	1785.9504795020912	1	0	1	1.4869535860122203
190150.6397513488	1000.0	728.2436821795211	92.93295402634226	0	0.0	1878.8834335284191	1	0	1	-0.10075078770419055
190543.50761626795	1000.0	1335.375817260369	0.0	0	0.0	1878.8834335284191	1	0	1	1.1499941170138082
191420.87844393458	2000.0	1458.004989593756	0.0	0	0.0	1878.8834335284482	1	0	1	1.1499941170138062
192781.05219168495	2000.0	1097.831241843388	0.0	0	0.0	1878.8834335284191	1	0	1	1.8431412975737533
193409.7942037074	2000.0	1469.0892298209433	0.0	0	0.0	1878.8834335284191	1	0	1	1.8431412975737533
194591.1853869352	2000.0	1287.698046593164	0.0	0	0.0	1878.8834335284191	1	0	1	1.8431412975737533
196245.97883186312	2000.0	632.9046016652239	0.0	0	0.0	1878.88343352839	1	0	1	1.8431412975737549
196979.85645790197	1000.0	899.0269756263724	0.0	0	0.0	1878.883433528361	1	0	1	0.45684693645386615
197600.46635341752	1000.0	1278.4170801108262	0.0	0	0.0	1878.883433528361	1	0	1	1.1499941170138117
198290.3701968977	1000.0	1588.5132366306248	0.0	0	0.0	1878.883433528361	1	0	1	1.1499941170138117
199200.0	2000.0	1678.883433528316	0.0	0	69.46897979066125	1878.883433528361	1	0	1	1.1499941170138117
200200.0	2000.0	1678.8834335283095	0.0	0	290.6533284781908	1878.883433528361	1	0	1	1.8431412975737569
201200.0	2000.0	1678.8834335283027	0.0	0	416.2014672138612	1878.883433528361	1	0	1	1.8431412975737569
202200.0	2000.0	1678.8834335282704	0.0	0	67.44608360232087	1878.883433528361	1	0	1	1.8431412975737569
203200.0	2000.0	1678.8834335282513	0.0	0	25.42198619170813	1878.883433528361	1	0	1	1.8431412975737569
204235.17190608778	2000.0	1643.711527440509	0.0	0	0.0	1878.88343352839	1	0	1	1.8431412975737549
205200.0	2000.0	1678.8834335282766	0.0	0	145.7005540735845	1878.88343352839	1	0	1	1.8431412975737547
206200.0	2000.0	1678.883433528262	0.0	0	307.99516336477245	1878.88343352839	1	0	1	1.8431412975737549
207200.0	2000.0	1678.8834335282543	0.0	0	5.756034441728843	1878.883433528361	1	0	1	1.8431412975737569
208822.48325044147	2000.0	1056.4001830867915	0.0	0	0.0	1878.883433528361	1	0	1	1.8431412975737569
209769.77177939136	2000.0	1109.1116541369233	0.0	0	0.0	1878.883433528361	1	0	1	1.8431412975737569
211114.6289972329	2000.0	764.2544362953902	0.0	0	0.0	1878.8834335283027	1	0	1	1.8431412975737598
211935.33066818188	1000.0	943.5527653464053	0.0	0	0.0	1878.8834335282736	1	0	1	0.4568469364538713
213017.9210913209	1000.0	860.9623422073465	0.0	0	0.0	1878.8834335282445	1	0	1	1.149994117013818
213893.26487054172	1000.0	985.6185629865361	0.0	0	0.0	1878.8834335282445	1	0	1	1.149994117013819
214718.3929921822	1000.0	1160.4904413460617	0.0	0	0.0	1878.8834335282445	1	0	1	1.149994117013819
215556.86971695884	1000.0	1322.0137165694196	0.0	0	0.0	1878.8834335282445	1	0	1	1.149994117013819
216200.0	1000.0	1678.8834335282625	0.0	0	227.4706262634718	1878.8834335282445	1	0	1	1.149994117013819
217200.0	2000.0	1678.883433528283	0.0	0	290.3929154811485	1878.8834335282445	1	0	1	1.1499941170138188
218200.0	2000.0	1678.8834335283002	0.0	0	215.2197393819515	1878.8834335282154	1	0	1	1.8431412975737653
219825.63961693775	2000.0	1053.2438165905608	0.0	0	0.0	1878.8834335281863	1	0	1	1.8431412975737669
220689.7596556828	2000.0	1189.1237778454936	0.0	0	0.0	1878.8834335281863	1	0	1	1.843141297573768
221454.99888079148	2000.0	1423.8845527368344	0.0	0	0.0	1878.8834335281863	1	0	1	1.843141297573768
222321.28654893677	2000.0	1557.5968845915495	0.0	0	0.0	1878.8834335281863	1	0	1	1.843141297573768
223496.66877382633	2000.0	1382.21465970198	0.0	0	0.0	1878.8834335281572	1	0	1	1.8431412975737695
224301.81284617	2000.0	1577.0705873583158	0.0	0	0.0	1878.8834335281572	1	0	1	1.8431412975737695
225613.22538205152	2000.0	1265.6580514768311	0.0	0	0.0	1878.8834335281863	1	0	1	1.843141297573768
226950.1236627636	2000.0	928.7597707647506	0.0	0	0.0	1878.8834335281863	1	0	1	1.843141297573768
228064.59945389736	2000.0	814.2839796309935	0.0	0	0.0	1878.8834335282445	1	0	1	1.8431412975737647
228894.88918750803	2000.0	983.9942460203264	0.0	0	0.0	1878.8834335282445	1	0	1	1.843141297573764
229922.36910922485	2000.0	956.5143243034954	0.0	0	0.0	1878.8834335282154	1	0	1	1.843141297573766
230885.47340629308	2000.0	993.4100272352691	0.0	0	0.0	1878.8834335282154	1	0	1	1.843141297573766
231973.36491930866	2000.0	905.51851421967	0.0	0	0.0	1878.8834335282154	1	0	1	1.843141297573766
232656.19069305583	2000.0	1222.692740472501	0.0	0	0.0	1878.8834335282154	1	0	1	1.843141297573766
233491.40269549	2000.0	1387.4807380383193	0.0	0	0.0	1878.8834335282154	1	0	1	1.843141297573766
234380.6460228212	2000.0	1498.237410707101	0.0	0	0.0	1878.8834335282154	1	0	1	1.843141297573766
235200.0	2000.0	1678.8834335283261	0.0	0	53.09574411727954	1878.8834335282445	1	0	1	1.843141297573764
236200.0	2000.0	1678.883433528291	0.0	0	306.51804277920746	1878.8834335282445	1	0	1	1.843141297573764
237200.0	2000.0	1678.8834335282668	0.0	0	89.32378130059806	1878.8834335282736	1	0	1	1.8431412975737624
238663.44368664906	2000.0	1215.4397468792135	0.0	0	0.0	1878.8834335282736	1	0	1	1.8431412975737624
239460.93300612964	2000.0	1417.950427398634	0.0	0	0.0	1878.8834335282445	1	0	1	1.843141297573764
240200.0	2000.0	1678.8834335282675	0.0	0	140.48429324475	1878.8834335282736	1	0	1	1.8431412975737624
241200.0	2000.0	1678.8834335283034	0.0	0	301.0777425059059	1878.8834335283027	1	0	1	1.8431412975737604
242200.0	2000.0	1678.8834335282606	0.0	0	480.57143755286233	1878.8834335283318	1	0	1	1.8431412975737587
243266.65948973337	3000.0	1505.55799482155	0.0	0	0.0	1772.2174845550035	1	0	2	1.4477831310000957
244313.45364543804	2000.0	1458.7638391168775	0.0	0	0.0	1772.2174845550035	1	0	1	1.2440452075679926
245200.0	2000.0	1572.2174845548889	0.0	0	97.93902979310951	1772.2174845549744	1	0	1	1.8495103156761592
246200.0	2000.0	1572.2174845548845	0.0	0	68.95139699635911	1772.2174845549453	1	0	1	1.8495103156761603
247200.0	2000.0	1572.2174845549025	0.0	0	324.250659020443	1772.2174845549744	1	0	1	1.8495103156761592
248256.6851180573	2000.0	1515.532366497605	0.0	0	0.0	1772.2174845549744	1	0	1	1.8495103156761592
249557.8335534785	2000.0	1214.3839310764174	0.0	0	0.0	1772.2174845549744	1	0	1	1.8495103156761592
250704.20307399653	2000.0	1068.0144105583709	0.0	0	0.0	1772.2174845549453	1	0	1	1.8495103156761608
251500.87878324132	2000.0	1271.3387013135757	0.0	0	0.0	1772.2174845549453	1	0	1	1.8495103156761608
252838.07254253188	2000.0	934.1449420229957	0.0	0	0.0	1772.2174845549453	1	0	1	1.8495103156761608
253799.27287723924	2000.0	972.944607315613	0.0	0	0.0	1772.2174845549162	1	0	1	1.8495103156761612
254826.927309848	2000.0	945.2901747068709	0.0	0	0.0	1772.2174845549162	1	0	1	1.849510315676162
256083.47943919984	2000.0	688.7380453549824	0.0	0	0.0	1772.217484554887	1	0	1	1.8495103156761632
256794.77136998755	1000.0	977.4461145672709	0.0	0	0.0	1772.2174845549162	1	0	1	0.46321595455627207
257473.09298319815	1000.0	1299.1245013566459	0.0	0	0.0	1772.2174845549162	1	0	1	1.1563631351162171
258495.18441528274	2000.0	1277.0330692720472	0.0	0	0.0	1772.2174845549162	1	0	1	1.1563631351162171
259200.0	2000.0	1572.2174845547713	0.0	0	22.407431110739708	1772.2174845549162	1	0	1	1.849510315676162
260200.0	2000.0	1572.217484554747	0.0	0	118.51279491995228	1772.217484554887	1	0	1	1.8495103156761634
261200.0	2000.0	1572.2174845547252	0.0	0	181.0901519882318	1772.217484554887	1	0	1	1.8495103156761643
262200.0	2000.0	1572.2174845547024	0.0	0	464.92953428885085	1772.217484554887	1	0	1	1.8495103156761639
263200.0	2000.0	1572.217484554731	0.0	0	215.87787068687612	1772.217484554887	1	0	1	1.8495103156761639
264200.0	2000.0	1572.2174845547177	0.0	0	2.16544737824006	1772.2174845549162	1	0	1	1.849510315676163
265200.0	2000.0	1572.2174845547077	0.0	0	110.86907173169311	1772.217484554858	1	0	1	1.8495103156761656
266200.0	2000.0	1572.2174845547283	0.0	0	248.9852591965464	1772.217484554858	1	0	1	1.8495103156761656
267243.4426397996	2000.0	1528.7748447551637	0.0	0	0.0	1772.217484554858	1	0	1	1.8495103156761656
268202.40711831435	2000.0	1569.810366240404	0.0	0	0.0	1772.217484554858	1	0	1	1.8495103156761656
269200.0	2000.0	1572.217484554743	0.0	0	9.140056981064845	1772.217484554858	1	0	1	1.8495103156761656
270200.0	2000.0	1572.2174845547584	0.0	0	77.57999708887655	1772.217484554858	1	0	1	1.8495103156761656
271200.0	2000.0	1572.2174845547186	0.0	0	47.21090583066689	1772.2174845547997	1	0	1	1.8495103156761687
272200.0	2000.0	1572.2174845547058	0.0	0	329.77315599547	1772.217484554858	1	0	1	1.8495103156761656
273200.0	2000.0	1572.217484554671	0.0	0	321.29776595754083	1772.2174845547997	1	0	1	1.8495103156761674
274200.0	2000.0	1572.21748455472	0.0	0	165.39141621807357	1772.2174845547997	1	0	1	1.8495103156761687
275200.0	2000.0	1572.2174845546915	0.0	0	17.54789296683157	1772.2174845547997	1	0	1	1.8495103156761687
276200.0	2000.0	1572.2174845547797	0.0	0	57.54590282816207	1772.2174845547997	1	0	1	1.8495103156761687
277200.0	2000.0	1572.2174845547925	0.0	0	51.60026218480198	1772.2174845547997	1	0	1	1.8495103156761687
278200.0	2000.0	1572.217484554781	0.0	0	136.89567095862003	1772.2174845547997	1	0	1	1.8495103156761687
279200.0	2000.0	1572.2174845547704	0.0	0	278.94026554666925	1772.2174845547415	1	0	1	1.849510315676171
280200.0	2000.0	1572.2174845547725	0.0	0	93.2156164975604	1772.2174845547997	1	0	1	1.8495103156761687
281200.0	2000.0	1572.2174845547645	0.0	0	529.9400483151549	1772.2174845547997	1	0	1	1.8495103156761687
282200.0	2000.0	1572.2174845547493	0.0	0	400.5032605769229	1772.2174845547415	1	0	1	1.8495103156761723
283200.0	3000.0	1472.2174845547415	0.0	0	253.463350044447	1672.2174845547415	1	0	2	1.4529139854388002
284200.0	2000.0	1472.2174845546967	0.0	0	211.52706197975203	1672.2174845547415	1	0	1	1.2494458009952725
285213.55031321564	2000.0	1458.6671713390601	0.0	0	0.0	1672.2174845547415	1	0	1	1.8549109091034373
286200.0	2000.0	1472.2174845546756	0.0	0	22.96063517249422	1672.2174845547415	1	0	1	1.8549109091034381
287200.0	2000.0	1472.2174845546574	0.0	0	199.01474974805024	1672.2174845546833	1	0	1	1.8549109091034395
288200.0	2000.0	1472.217484554689	0.0	0	186.63039120822214	1672.2174845547415	1	0	1	1.8549109091034381
289418.4761000644	2000.0	1253.741384490241	0.0	0	0.0	1672.2174845547415	1	0	1	1.8549109091034373
290568.4228850498	2000.0	1103.7945995049486	0.0	0	0.0	1672.2174845547997	1	0	1	1.8549109091034341
291556.3077572271	2000.0	1115.9097273275984	0.0	0	0.0	1672.2174845547997	1	0	1	1.8549109091034341
292789.8267987848	2000.0	882.3906857699304	0.0	0	0.0	1672.2174845547997	1	0	1	1.8549109091034341
293575.2003061346	2000.0	1097.0171784200952	0.0	0	0.0	1672.2174845547997	1	0	1	1.8549109091034341
294603.07493596553	2000.0	1069.1425485890827	0.0	0	0.0	1672.2174845547415	1	0	1	1.8549109091034373
295405.9683288036	2000.0	1266.249155751043	0.0	0	0.0	1672.2174845547415	1	0	1	1.8549109091034373
296200.0	2000.0	1472.217484554619	0.0	0	211.3119888539659	1672.2174845547997	1	0	1	1.8549109091034341
297200.0	2000.0	1472.2174845546444	0.0	0	192.77162828325527	1672.2174845547997	1	0	1	1.8549109091034341
298200.0	2000.0	1472.2174845545717	0.0	0	128.52331360452808	1672.2174845547997	1	0	1	1.8549109091034341
299244.6803322362	2000.0	1427.5371523184256	0.0	0	0.0	1672.217484554858	1	0	1	1.854910909103431
300200.0	2000.0	1472.217484554647	0.0	0	95.36602285294794	1672.217484554858	1	0	1	1.854910909103431
1.9	2.66	3.37	3.73	3.15	3.61	3.15	2.71	2.58	1.88	1.81	3.02	3.48	2.8	3.05	2.9	2.39	2.42	3.0	2.54	1.92	2.47	3.65	3.76	4.33	2.94	2.37	1.44	2.48	3.21	3.6	2.13	2.29	1.45	0.88	1.26	1.95	2.43	1.71	2.76	1.78	1.2	1.4	1.36	1.91	2.94	3.67	2.92	1.84	2.39	2.24	2.75	2.78	2.44	1.19	1.83	2.09	1.74	1.52	0.72	1.31	1.49	2.22	2.48	1.33	1.71	2.69	3.48	1.89	2.37	1.84	1.99	1.78	2.49	2.29	1.86	2.31	1.87	2.77	2.19	2.2	2.53	1.58	1.76	1.82	3.17	3.89	3.54	3.13	2.47	2.11	2.32	2.24	2.27	2.12	1.82	1.91	2.28	1.44	2.21	2.22	2.06	1.77	1.51	2.41	2.63	2.39	3.03	2.49	3.27	2.27	3.37	2.87	2.19	2.28	3.04	2.43	2.83	2.87	2.77	2.7	2.22	1.86	2.22	2.42	2.59	3.34	3.99	4.29	2.13	2.47	2.61	1.6	2.81	2.91	1.49	2.11	1.64	1.66	2.46	2.18	2.72	3.36	3.34	2.39	2.7	2.72	1.53	1.44	2.92	1.9	2.66	3.37	3.73	3.15	3.61	3.15	2.71	2.58	1.88	1.81	3.02	3.48	2.8	3.05	2.9	2.39	2.42	3.0	2.54	1.92	2.47	3.65	3.76	4.33	2.94	2.37	1.44	2.48	3.21	3.6	2.13	2.29	1.45	0.88	1.26	1.95	2.43	1.71	2.76	1.78	1.2	1.4	1.36	1.91	2.94	3.67	2.92	1.84	2.39	2.24	2.75	2.78	2.44	1.19	1.83	2.09	1.74	1.52	0.72	1.31	1.49	2.22	2.48	1.33	1.71	2.69	3.48	1.89	2.37	1.84	1.99	1.78	2.49	2.29	1.86	2.31	1.87	2.77	2.19	2.2	2.53	1.58	1.76	1.82	3.17	3.89	3.54	3.13	2.47	2.11	2.32	2.24	2.27	2.12	1.82	1.91	2.28	1.44	2.21	2.22	2.06	1.77	1.51	2.41	2.63	2.39	3.03	2.49	3.27	2.27	3.37	2.87	2.19	2.28	3.04	2.43	2.83	2.87	2.77	2.7	2.22	1.86	2.22	2.42	2.59	3.34	3.99	4.29	2.13	2.47	2.61	1.6	2.81	2.91	1.49	2.11	1.64	1.66	2.46	2.18	2.72	3.36	3.34	2.39	2.7	2.72	1.53
1.0	2.0	3.0	4.0	5.0	6.0	7.0	8.0	9.0	10.0	11.0	12.0	13.0	14.0	15.0	16.0	17.0	18.0	19.0	20.0	21.0	22.0	23.0	24.0	25.0	26.0	27.0	28.0	29.0	30.0	31.0	32.0	33.0	34.0	35.0	36.0	37.0	38.0	39.0	40.0	41.0	42.0	43.0	44.0	45.0	46.0	47.0	48.0	49.0	50.0	51.0	52.0	53.0	54.0	55.0	56.0	57.0	58.0	59.0	60.0	61.0	62.0	63.0	64.0	65.0	66.0	67.0	68.0	69.0	70.0	71.0	72.0	73.0	74.0	75.0	76.0	77.0	78.0	79.0	80.0	81.0	82.0	83.0	84.0	85.0	86.0	87.0	88.0	89.0	90.0	91.0	92.0	93.0	94.0	95.0	96.0	97.0	98.0	99.0	100.0	101.0	102.0	103.0	104.0	105.0	106.0	107.0	108.0	109.0	110.0	111.0	112.0	113.0	114.0	115.0	116.0	117.0	118.0	119.0	120.0	121.0	122.0	123.0	124.0	125.0	126.0	127.0	128.0	129.0	130.0	131.0	132.0	133.0	134.0	135.0	136.0	137.0	138.0	139.0	140.0	141.0	142.0	143.0	144.0	145.0	146.0	147.0	148.0	149.0	149.0	150.0	151.0	152.0	153.0	154.0	155.0	156.0	157.0	158.0	159.0	160.0	161.0	162.0	163.0	164.0	165.0	166.0	167.0	168.0	169.0	170.0	171.0	172.0	173.0	174.0	175.0	176.0	177.0	178.0	179.0	180.0	181.0	182.0	183.0	184.0	185.0	186.0	187.0	188.0	189.0	190.0	191.0	192.0	193.0	194.0	195.0	196.0	197.0	198.0	199.0	200.0	201.0	202.0	203.0	204.0	205.0	206.0	207.0	208.0	209.0	210.0	211.0	212.0	213.0	214.0	215.0	216.0	217.0	218.0	219.0	220.0	221.0	222.0	223.0	224.0	225.0	226.0	227.0	228.0	229.0	230.0	231.0	232.0	233.0	234.0	235.0	236.0	237.0	238.0	239.0	240.0	241.0	242.0	243.0	244.0	245.0	246.0	247.0	248.0	249.0	250.0	251.0	252.0	253.0	254.0	255.0	256.0	257.0	258.0	259.0	260.0	261.0	262.0	263.0	264.0	265.0	266.0	267.0	268.0	269.0	270.0	271.0	272.0	273.0	274.0	275.0	276.0	277.0	278.0	279.0	280.0	281.0	282.0	283.0	284.0	285.0	286.0	287.0	288.0	289.0	290.0	291.0	292.0	293.0	294.0	295.0	296.0	297.0
4681.436236237096
