5792.128059812742	300.0	2000.0	121.08508419995364	0	0.0	5792.128059812742	1	0	1	-2.48747674703314
6394.188823435641	2000.0	2337.733160014811	0.0	0	0.0	5731.921983450452	1	0	2	-2.138399630109232
7074.362502855062	3000.0	2589.542112653448	0.0	0	0.0	5663.904615508511	1	0	2	0.023468885779542592
7934.782930997176	3000.0	2643.0796416971216	0.0	0	0.0	5577.862572694297	1	0	2	0.509318602926226
9114.158870102097	3000.0	2345.766108681707	0.0	0	0.0	5459.924978783805	1	0	2	0.6024513501809252
9952.657646833193	2000.0	2423.417454277501	0.0	0	0.0	5376.075101110695	1	0	2	-0.1177194000950248
11034.407075450321	2000.0	2233.49308279866	0.0	0	0.0	5267.900158248982	1	0	2	0.3885526981529848
12097.644078292189	2000.0	2063.9323796726076	0.0	0	0.0	5161.576457964797	1	0	2	0.4788313841120172
12843.843043596666	2000.0	2243.1135178376853	0.0	0	0.0	5086.956561434351	1	0	2	0.5473277919565805
13619.746829514193	3000.0	2389.619353328408	0.0	0	0.0	5009.366182842601	1	0	2	0.6084157948588393
14293.127230729659	3000.0	2648.9009119913935	0.0	0	0.0	4942.028142721052	1	0	2	1.0676981055812031
14830.97571082593	3000.0	3057.2675838854975	0.0	0	0.0	4888.243294711427	1	0	2	1.1122401830220006
15515.637779812982	3000.0	3304.139307999737	0.0	0	0.0	4819.777087812719	1	0	2	1.1603158143596213
16078.817112025677	3000.0	3684.642042565772	0.0	0	0.0	4763.459154591452	1	0	2	1.2025435262831274
16687.180120999932	3000.0	4015.4427326940877	0.0	0	0.0	4702.622853694023	1	0	2	1.2445220175180236
17202.62953027183	3000.0	4448.4483824949975	0.0	0	0.0	4651.077912766832	1	0	2	1.2801713021862269
18200.0	3000.0	4351.3408657940145	0.0	0	318.15848550793817	4551.340865794013	1	0	2	1.3272529963436386
19200.0	3000.0	4251.340865794019	0.0	0	18.809898825467826	4451.340865794016	1	0	2	1.396875957476248
20200.0	3000.0	4151.340865794025	0.0	0	289.42307938461454	4351.340865794024	1	0	2	1.4475896992076012
21200.0	3000.0	4051.3408657940204	0.0	0	176.84860258293702	4251.34086579402	1	0	2	1.5015567072445193
22325.20774685081	3000.0	3813.6123442581256	0.0	0	0.0	4138.820091108933	1	0	2	1.5595108939284263
23472.62021037985	3000.0	3551.4586343761825	0.0	0	0.0	4024.07884475603	1	0	2	1.6114099563422644
24200.0	3000.0	3751.3408657940195	0.0	0	21.876632774521568	3951.3408657940163	1	0	2	1.6478432771771747
25200.0	3000.0	3651.3408657940204	0.0	0	170.82708708324935	3851.3408657940163	1	0	2	1.682488118123696
26200.0	3000.0	3551.34086579402	0.0	0	523.455627627678	3751.3408657940163	1	0	2	1.7169301824319652
27200.0	3000.0	3451.340865794021	0.0	0	353.3373651344955	3651.34086579402	1	0	2	1.7513462651611047
28200.0	3000.0	3351.3408657940217	0.0	0	267.99333131327876	3551.34086579402	1	0	2	1.7837069804861365
29280.090120565415	3000.0	3163.241733172066	0.0	0	0.0	3443.331853737476	1	0	2	1.8149692732421228
30282.07404378483	3000.0	3061.059417630705	0.0	0	0.0	3343.1334614155276	1	0	2	1.8436601012010165
31346.19172207146	3000.0	2890.529971515413	0.0	0	0.0	3236.7216935868637	1	0	2	1.8684015082320966
32764.64764398034	3000.0	2330.22845741564	0.0	0	0.0	3094.8761013959665	1	0	2	1.8982017522374488
33682.80117837372	3000.0	2320.2595695829286	0.0	0	0.0	3003.060747956628	1	0	2	1.9179865893113335
34522.789237053184	3000.0	2396.272705035513	0.0	0	0.0	2919.0619420886796	1	0	2	1.9330183799896161
35454.79671873079	3000.0	2371.0644751901514	0.0	0	0.0	2825.8611939209222	1	0	2	1.948120807732328
36729.07036483079	3000.0	1969.363464480142	0.0	0	0.0	2698.4338293109176	1	0	2	1.9658976747790602
37544.01482118935	3000.0	2072.9245624857294	0.0	0	0.0	2616.9393836750533	1	0	2	1.9786173088382317
38200.0	2000.0	2351.3408657940095	0.0	0	36.309110543254064	2551.3408657939945	1	0	2	1.176143343841743
39200.0	3000.0	2251.3408657940213	0.0	0	251.56778460249188	2451.3408657940017	1	0	2	1.5910964939267174
40360.493325380034	3000.0	1974.798207875984	0.0	0	0.0	2335.2915332559933	1	0	2	2.009400011339355
41200.0	3000.0	2051.3408657940213	0.0	0	48.11056021498371	2251.3408657940017	1	0	2	2.0181754732226063
42245.634485259456	3000.0	1901.1429320086183	0.0	0	0.0	2146.7774172680583	1	0	2	2.026979661225325
43200.0	2000.0	1946.7774172680765	0.0	0	230.8259072111323	2146.7774172680583	1	0	1	1.2184625766297021
44200.0	2000.0	1946.777417268081	0.0	0	236.3728412985438	2146.7774172680656	1	0	1	1.8239276847378663
45200.0	2000.0	1946.777417268073	0.0	0	437.1464032772492	2146.777417268073	1	0	1	1.8239276847378658
46200.0	3000.0	1846.7774172680704	0.0	0	69.99551149561012	2046.7774172680802	1	0	2	1.4292332250383117
47531.17019581831	2000.0	1382.4902018679284	0.0	0	0.0	1913.6603976862607	1	0	2	1.2329403175611797
48257.22408446574	2000.0	1656.436313220495	0.0	0	0.0	1913.6603976862534	1	0	1	1.6409183930315099
49200.0	2000.0	1713.6603976862398	0.0	0	154.6225220195265	1913.6603976862607	1	0	1	1.8409183930315096
50200.0	2000.0	1713.6603976862427	0.0	0	351.52750399791694	1913.6603976862607	1	0	1	1.8409183930315096
51200.0	2000.0	1713.6603976862455	0.0	0	406.8842504751374	1913.6603976862607	1	0	1	1.8409183930315096
52200.0	2000.0	1713.6603976862502	0.0	0	190.02298861939926	1913.6603976862607	1	0	1	1.8409183930315096
53200.0	2000.0	1713.6603976862534	0.0	0	215.45861197583145	1913.6603976862607	1	0	1	1.8409183930315096
54200.0	2000.0	1713.6603976862598	0.0	0	403.13529845764424	1913.6603976862607	1	0	1	1.8409183930315096
55200.0	2000.0	1713.6603976862555	0.0	0	307.4168780962282	1913.6603976862534	1	0	1	1.84091839303151
56200.0	2000.0	1713.6603976862532	0.0	0	332.57640855186037	1913.6603976862607	1	0	1	1.8409183930315096
57200.0	2000.0	1713.6603976862548	0.0	0	218.54357813025854	1913.6603976862607	1	0	1	1.8409183930315096
58335.64831881918	3000.0	1464.4472469851635	0.0	0	0.0	1800.095565804353	1	0	2	1.44590811436187
59200.0	2000.0	1600.0955658043417	0.0	0	169.87019443447207	1800.0955658043458	1	0	1	1.2424436782416142
60200.0	2000.0	1600.0955658043429	0.0	0	422.79461054229614	1800.0955658043458	1	0	1	1.847908786349779
61200.0	3000.0	1600.0955658043429	0.0	0	217.66769597076927	1800.095565804353	1	0	1	1.847908786349779
62306.093141813406	3000.0	1494.0024239909405	0.0	0	0.0	1800.095565804353	1	0	1	2.2533738944579436
63200.0	2000.0	1600.095565804348	0.0	0	136.25528135988134	1800.095565804353	1	0	1	1.4424436782416141
64265.467222556654	2000.0	1534.6283432476955	0.0	0	0.0	1800.095565804353	1	0	1	1.8479087863497787
65200.0	2000.0	1600.0955658043542	0.0	0	236.09711617787252	1800.095565804353	1	0	1	1.8479087863497787
66200.0	2000.0	1600.0955658043586	0.0	0	117.87551839875232	1800.0955658043677	1	0	1	1.8479087863497778
67200.0	2000.0	1600.095565804352	0.0	0	276.2934644821071	1800.095565804353	1	0	1	1.8479087863497785
68200.0	2000.0	1600.0955658043467	0.0	0	401.1692963275418	1800.095565804353	1	0	1	1.8479087863497787
69200.0	3000.0	1500.09556580434	0.0	0	107.54658686018956	1700.095565804353	1	0	2	1.4517084870839823
70552.19846460468	3000.0	1147.8971011996514	0.0	0	0.0	1700.095565804353	1	0	1	2.058922865254077
71258.86587362319	2000.0	1441.2296921811453	0.0	0	0.0	1700.0955658043677	1	0	1	1.4479926490377468
72200.0	2000.0	1500.0955658043326	0.0	0	47.319847685372224	1700.0955658043677	1	0	1	1.8534577571459114
73200.0	2000.0	1500.0955658043217	0.0	0	350.2932595333841	1700.0955658043677	1	0	1	1.8534577571459114
74200.0	2000.0	1500.0955658043188	0.0	0	93.525585318901	1700.0955658043822	1	0	1	1.853457757145911
75200.0	2000.0	1500.095565804334	0.0	0	381.6708722049516	1700.0955658043968	1	0	1	1.85345775714591
76200.0	2000.0	1500.0955658043358	0.0	0	127.69741588119359	1700.0955658043968	1	0	1	1.85345775714591
77271.70560159738	2000.0	1428.3899642069534	0.0	0	0.0	1700.0955658043968	1	0	1	1.85345775714591
78291.75595991263	2000.0	1408.3396058916992	0.0	0	0.0	1700.0955658043968	1	0	1	1.85345775714591
79200.0	2000.0	1500.0955658043401	0.0	0	235.526695292574	1700.0955658043968	1	0	1	1.85345775714591
80200.0	2000.0	1500.0955658043426	0.0	0	468.55027837777743	1700.0955658043968	1	0	1	1.85345775714591
81200.0	2000.0	1500.0955658043497	0.0	0	561.4497788727749	1700.0955658043968	1	0	1	1.85345775714591
82504.91474763434	6000.0	1195.1808181700026	0.0	0	0.0	1700.0955658043968	1	0	1	1.85345775714591
83416.1433394017	3000.0	1283.9522264026573	0.0	0	0.0	1700.0955658044113	1	0	1	1.565775684694129
84200.0	2000.0	1500.0955658043654	0.0	0	229.4882139773399	1700.0955658044113	1	0	1	1.4479926490377446
85200.0	3000.0	1500.0955658043601	0.0	0	188.64349826736725	1700.0955658044113	1	0	1	1.8534577571459094
86200.0	3000.0	1500.095565804359	0.0	0	178.54056240114733	1700.0955658044113	1	0	1	2.2589228652540743
87200.0	3000.0	1500.0955658043465	0.0	0	173.78585161788214	1700.0955658044113	1	0	1	2.2589228652540743
88200.0	3000.0	1500.0955658043406	0.0	0	17.179813011098304	1700.0955658044113	1	0	1	2.2589228652540743
89200.0	3000.0	1500.0955658043245	0.0	0	255.9733153339621	1700.0955658043968	1	0	1	2.2589228652540747
90200.0	2000.0	1500.0955658043172	0.0	0	248.9772590761131	1700.0955658043822	1	0	1	1.4479926490377464
91200.0	2000.0	1500.095565804306	0.0	0	214.6026447416225	1700.0955658043822	1	0	1	1.853457757145911
92200.0	2000.0	1500.0955658043083	0.0	0	400.2331354556518	1700.0955658043822	1	0	1	1.853457757145911
93200.0	2000.0	1500.0955658043104	0.0	0	156.84917803719873	1700.0955658043822	1	0	1	1.853457757145911
94200.0	2000.0	1500.0955658043201	0.0	0	362.4301111684472	1700.0955658043822	1	0	1	1.853457757145911
95200.0	2000.0	1500.0955658043229	0.0	0	466.1100764925941	1700.0955658043822	1	0	1	1.853457757145911
96200.0	3000.0	1500.0955658043372	0.0	0	133.17511341985664	1700.0955658043968	1	0	1	1.8534577571459103
97200.0	2000.0	1500.0955658043335	0.0	0	360.65567664853006	1700.0955658043968	1	0	1	1.4479926490377455
98200.0	2000.0	1500.0955658043354	0.0	0	228.9001982853515	1700.0955658043968	1	0	1	1.85345775714591
99200.0	3000.0	1500.0955658043276	0.0	0	67.94884665848804	1700.0955658043968	1	0	1	1.8534577571459103
100200.0	3000.0	1500.0955658043192	0.0	0	88.71809032835881	1700.0955658043968	1	0	1	2.2589228652540747
101200.0	2000.0	1500.0955658043117	0.0	0	125.73695185717952	1700.0955658043968	1	0	1	1.4479926490377455
102200.0	2000.0	1500.0955658043038	0.0	0	510.7536776618217	1700.0955658043968	1	0	1	1.85345775714591
103200.0	3000.0	1500.0955658043047	0.0	0	348.8514700917294	1700.0955658043968	1	0	1	1.8534577571459103
104200.0	6000.0	1500.0955658043044	0.0	0	18.02140216367843	1700.0955658044113	1	0	1	2.2589228652540743
105200.0	6000.0	1500.0955658043	0.0	0	66.54207940214837	1700.0955658044113	1	0	1	2.952070045814019
106641.96227192164	6000.0	1058.1332938826592	0.0	0	0.0	1700.0955658044113	1	0	1	2.952070045814019
107200.0	2000.0	1500.0955658042992	0.0	0	71.20559935936762	1700.0955658043968	1	0	1	0.7548454684778005
108200.0	3000.0	1500.0955658043122	0.0	0	286.8267687536718	1700.0955658043968	1	0	1	1.8534577571459103
109200.0	3000.0	1500.0955658043301	0.0	0	434.54075274197385	1700.0955658044113	1	0	1	2.2589228652540743
110200.0	3000.0	1500.0955658043272	0.0	0	349.5721626528102	1700.0955658044113	1	0	1	2.2589228652540743
111200.0	3000.0	1500.0955658043163	0.0	0	2.9827464571862947	1700.0955658044259	1	0	1	2.2589228652540734
112544.67518662321	3000.0	1155.4203791811124	0.0	0	0.0	1700.0955658044113	1	0	1	2.2589228652540743
113200.0	2000.0	1500.0955658043185	0.0	0	30.354902211896842	1700.0955658044113	1	0	1	1.4479926490377446
114200.0	2000.0	1500.0955658043101	0.0	0	349.622633030187	1700.0955658043968	1	0	1	1.85345775714591
115200.0	2000.0	1500.095565804324	0.0	0	364.6758742487291	1700.0955658043968	1	0	1	1.85345775714591
116200.0	2000.0	1500.0955658043065	0.0	0	357.9500659739715	1700.0955658043822	1	0	1	1.853457757145911
117200.0	3000.0	1500.095565804295	0.0	0	200.69056414117222	1700.0955658043968	1	0	1	1.8534577571459103
118200.0	3000.0	1500.095565804304	0.0	0	325.19000800693175	1700.0955658043968	1	0	1	2.2589228652540747
119200.0	2000.0	1500.0955658043003	0.0	0	68.83088744235283	1700.0955658043968	1	0	1	1.4479926490377455
120200.0	2000.0	1500.0955658043074	0.0	0	131.8283075330546	1700.0955658043968	1	0	1	1.85345775714591
121200.0	2000.0	1500.0955658043179	0.0	0	314.3806281112775	1700.0955658043968	1	0	1	1.85345775714591
122200.0	2000.0	1500.095565804328	0.0	0	440.2625922476873	1700.0955658043968	1	0	1	1.85345775714591
123200.0	2000.0	1500.095565804314	0.0	0	281.44113351345004	1700.0955658043968	1	0	1	1.85345775714591
124200.0	3000.0	1500.0955658043206	0.0	0	31.858444000186864	1700.0955658044113	1	0	1	1.8534577571459094
125396.5357956434	3000.0	1303.5597701609186	0.0	0	0.0	1700.0955658044113	1	0	1	2.2589228652540743
126317.67952271788	2000.0	1382.4160430864456	0.0	0	0.0	1700.0955658044113	1	0	1	1.4479926490377446
127200.0	2000.0	1500.0955658043322	0.0	0	207.72648266104807	1700.0955658044113	1	0	1	1.8534577571459092
128200.0	2000.0	1500.0955658043097	0.0	0	311.0479664073937	1700.0955658043968	1	0	1	1.85345775714591
129532.82359197094	2000.0	1167.2719738333792	0.0	0	0.0	1700.0955658043968	1	0	1	1.85345775714591
130264.6711967555	2000.0	1435.42436904882	0.0	0	0.0	1700.0955658043968	1	0	1	1.85345775714591
131548.37768233128	2000.0	1151.7178834730125	0.0	0	0.0	1700.0955658043822	1	0	1	1.8534577571459099
132491.52343263273	2000.0	1208.5721331715538	0.0	0	0.0	1700.0955658043822	1	0	1	1.8534577571459103
133529.2794102682	2000.0	1170.816155536053	0.0	0	0.0	1700.0955658043677	1	0	1	1.8534577571459114
134224.2753374635	1000.0	1475.820228340792	0.0	0	0.0	1700.0955658043677	1	0	1	0.46716339602602136
135200.0	1000.0	1500.0955658043172	0.0	0	443.6917587306234	1700.0955658043677	1	0	1	1.1603105765859665
136200.0	2000.0	1500.0955658043122	0.0	0	0.9105001671705395	1700.0955658043677	1	0	1	1.1603105765859665
137200.0	2000.0	1500.0955658042865	0.0	0	212.40693483437644	1700.0955658043677	1	0	1	1.8534577571459114
138200.0	2000.0	1500.095565804281	0.0	0	233.19477830195683	1700.0955658043968	1	0	1	1.85345775714591
139200.0	2000.0	1500.0955658042553	0.0	0	338.46542114176555	1700.0955658043968	1	0	1	1.85345775714591
140200.0	3000.0	1500.095565804223	0.0	0	311.84843347984133	1700.0955658043968	1	0	1	1.8534577571459103
141200.0	3000.0	1500.0955658042164	0.0	0	276.75736855488503	1700.0955658043968	1	0	1	2.2589228652540747
142200.0	3000.0	1500.0955658042262	0.0	0	137.32541276878328	1700.0955658043677	1	0	1	2.2589228652540765
143200.0	2000.0	1500.0955658042276	0.0	0	459.54423021760886	1700.0955658043968	1	0	1	1.4479926490377455
144200.0	2000.0	1500.095565804244	0.0	0	352.32613971992396	1700.0955658043968	1	0	1	1.85345775714591
145200.0	2000.0	1500.0955658042092	0.0	0	260.2748445386824	1700.0955658043677	1	0	1	1.8534577571459114
146200.0	2000.0	1500.0955658041523	0.0	0	65.44478682111367	1700.0955658043385	1	0	1	1.8534577571459132
147200.0	2000.0	1500.095565804133	0.0	0	343.9614358394174	1700.0955658043094	1	0	1	1.853457757145915
148200.0	2000.0	1500.095565804138	0.0	0	203.0278989507351	1700.0955658043094	1	0	1	1.853457757145915
149200.0	2000.0	1500.095565804094	0.0	0	44.51486612530425	1700.0955658042803	1	0	1	1.8534577571459163
150200.0	2000.0	1500.0955658041107	0.0	0	250.53067069663666	1700.0955658042803	1	0	1	1.8534577571459163
151200.0	2000.0	1500.095565804095	0.0	0	97.8721466026036	1700.0955658042803	1	0	1	1.8534577571459163
152200.0	2000.0	1500.095565804084	0.0	0	380.9928743640776	1700.0955658042803	1	0	1	1.8534577571459163
153200.0	2000.0	1500.0955658041037	0.0	0	174.1284506577358	1700.0955658042803	1	0	1	1.8534577571459163
154200.0	2000.0	1500.0955658041103	0.0	0	471.5348107586906	1700.0955658042512	1	0	1	1.8534577571459179
155200.0	2000.0	1500.095565804111	0.0	0	216.3181621262338	1700.0955658042512	1	0	1	1.8534577571459179
156200.0	2000.0	1500.0955658041428	0.0	0	495.5307042556524	1700.0955658042221	1	0	1	1.8534577571459194
157200.0	2000.0	1500.0955658041355	0.0	0	442.53711800437304	1700.0955658042221	1	0	1	1.8534577571459194
158600.4367382435	3000.0	1099.6588275606425	0.0	0	0.0	1700.0955658042221	1	0	1	1.8534577571459194
160007.57135088992	2000.0	692.5242149142347	0.0	0	0.0	1700.095565804193	1	0	1	1.4479926490377564
160959.84999352682	2000.0	740.2455722773244	0.0	0	0.0	1700.095565804164	1	0	1	1.8534577571459223
161621.79145345622	2000.0	1078.3041123479013	0.0	0	0.0	1700.095565804164	1	0	1	1.8534577571459223
162200.0	2000.0	1500.0955658041235	0.0	0	55.23072661148035	1700.095565804164	1	0	1	1.8534577571459223
163200.0	2000.0	1500.095565804126	0.0	0	414.3361777762475	1700.095565804164	1	0	1	1.8534577571459223
164200.0	3000.0	1500.0955658041003	0.0	0	295.1802814794064	1700.0955658041348	1	0	1	1.8534577571459243
165408.50058409479	6000.0	1291.5949817093367	0.0	0	0.0	1700.0955658041348	1	0	1	2.258922865254089
166330.9720973639	6000.0	1369.123468440181	0.0	0	0.0	1700.0955658041057	1	0	1	2.952070045814035
168299.05211244954	6000.0	401.04345335455304	0.0	0	0.0	1700.0955658041057	1	0	1	2.952070045814035
168981.30148849447	2000.0	718.7940773096412	0.0	0	0.0	1700.0955658041348	1	0	1	0.7548454684778144
169449.63363020387	2000.0	1250.4619356002693	0.0	0	0.0	1700.0955658041348	1	0	1	1.853457757145924
170246.07687439455	2000.0	1454.0186914095798	0.0	0	0.0	1700.0955658041348	1	0	1	1.853457757145924
171200.0	2000.0	1500.0955658041287	0.0	0	398.93362825136865	1700.0955658041057	1	0	1	1.8534577571459252
172200.0	2000.0	1500.095565804158	0.0	0	400.42125084545114	1700.0955658041348	1	0	1	1.853457757145924
173200.0	2000.0	1500.0955658041707	0.0	0	155.71232730647898	1700.0955658041348	1	0	1	1.853457757145924
174200.0	2000.0	1500.0955658041335	0.0	0	366.6700858899567	1700.0955658041057	1	0	1	1.8534577571459252
175200.0	3000.0	1500.0955658041032	0.0	0	513.7941817561805	1700.0955658041348	1	0	1	1.8534577571459243
176393.62974669517	6000.0	1306.4658191089504	0.0	0	0.0	1700.0955658041348	1	0	1	2.258922865254089
177279.9263882153	3000.0	1420.1691775888462	0.0	0	0.0	1700.0955658041348	1	0	1	1.565775684694144
178288.01795702666	3000.0	1412.0776087775287	0.0	0	0.0	1700.0955658041348	1	0	1	2.258922865254089
179239.84300879657	2000.0	1460.2525570076014	0.0	0	0.0	1700.0955658041057	1	0	1	1.4479926490377608
180238.17254229521	2000.0	1461.923023508931	0.0	0	0.0	1700.0955658041348	1	0	1	1.853457757145924
181200.0	2000.0	1500.09556580414	0.0	0	328.56049009467824	1700.0955658041348	1	0	1	1.853457757145924
182200.0	2000.0	1500.0955658041428	0.0	0	326.54415025451453	1700.0955658041348	1	0	1	1.853457757145924
183200.0	2000.0	1500.0955658041205	0.0	0	477.6122976867773	1700.0955658041057	1	0	1	1.8534577571459254
184200.0	2000.0	1500.0955658041303	0.0	0	319.31319273647387	1700.0955658041057	1	0	1	1.8534577571459254
185200.0	2000.0	1500.0955658041514	0.0	0	128.51191065940657	1700.0955658041348	1	0	1	1.853457757145924
186200.0	2000.0	1500.095565804154	0.0	0	292.3192322762625	1700.0955658041348	1	0	1	1.853457757145924
187200.0	2000.0	1500.0955658041607	0.0	0	257.6843065894791	1700.0955658041348	1	0	1	1.853457757145924
188200.0	2000.0	1500.095565804181	0.0	0	533.6876201050472	1700.0955658041057	1	0	1	1.8534577571459254
189200.0	2000.0	1500.0955658041935	0.0	0	395.2754237765039	1700.0955658041057	1	0	1	1.8534577571459254
190200.0	2000.0	1500.0955658042008	0.0	0	408.2387235414935	1700.0955658041057	1	0	1	1.8534577571459254
191200.0	2000.0	1500.0955658041828	0.0	0	313.1167145227955	1700.0955658041057	1	0	1	1.8534577571459254
192200.0	2000.0	1500.0955658041994	0.0	0	241.37894317301107	1700.0955658041348	1	0	1	1.853457757145924
193200.0	2000.0	1500.0955658042044	0.0	0	276.3662664319272	1700.0955658041348	1	0	1	1.853457757145924
194200.0	2000.0	1500.0955658042228	0.0	0	207.11598161028815	1700.0955658041348	1	0	1	1.853457757145924
195200.0	2000.0	1500.0955658042235	0.0	0	155.59270807978464	1700.0955658041057	1	0	1	1.8534577571459254
196313.0900426281	2000.0	1387.0055231761594	0.0	0	0.0	1700.0955658041057	1	0	1	1.8534577571459254
197313.43444728668	2000.0	1386.661118517568	0.0	0	0.0	1700.0955658041057	1	0	1	1.8534577571459254
198200.0	2000.0	1500.0955658042526	0.0	0	193.51591667614412	1700.0955658041057	1	0	1	1.8534577571459254
199200.0	2000.0	1500.0955658042578	0.0	0	377.07317135942867	1700.0955658041348	1	0	1	1.853457757145924
200200.0	2000.0	1500.095565804279	0.0	0	266.3316925584513	1700.0955658041348	1	0	1	1.853457757145924
201352.4329701206	2000.0	1347.6625956836772	0.0	0	0.0	1700.0955658041057	1	0	1	1.8534577571459254
202200.0	2000.0	1500.0955658042944	0.0	0	170.46937057876494	1700.0955658041348	1	0	1	1.853457757145924
203200.0	2000.0	1500.0955658042813	0.0	0	401.61412138774176	1700.0955658041348	1	0	1	1.853457757145924
204200.0	2000.0	1500.0955658042694	0.0	0	67.96794977632817	1700.0955658041348	1	0	1	1.853457757145924
205200.0	2000.0	1500.0955658042735	0.0	0	370.5348755635205	1700.095565804164	1	0	1	1.8534577571459223
206200.0	2000.0	1500.095565804285	0.0	0	529.206890097179	1700.095565804164	1	0	1	1.8534577571459223
207200.0	2000.0	1500.0955658042594	0.0	0	375.39354599732906	1700.095565804164	1	0	1	1.8534577571459223
208200.0	2000.0	1500.095565804267	0.0	0	340.2667449404835	1700.095565804164	1	0	1	1.8534577571459223
209200.0	2000.0	1500.095565804279	0.0	0	302.3587468864571	1700.095565804164	1	0	1	1.8534577571459223
210200.0	2000.0	1500.0955658042728	0.0	0	575.6867013909796	1700.095565804193	1	0	1	1.853457757145921
211200.0	3000.0	1500.09556580426	0.0	0	220.73796597574255	1700.095565804164	1	0	1	1.8534577571459225
212308.7638386587	2000.0	1391.3317271455355	0.0	0	0.0	1700.095565804164	1	0	1	1.4479926490377577
213328.04302166568	2000.0	1372.0525441385737	0.0	0	0.0	1700.095565804193	1	0	1	1.853457757145921
214200.0	2000.0	1500.0955658042476	0.0	0	170.61801487233606	1700.095565804193	1	0	1	1.853457757145921
215200.0	2000.0	1500.095565804293	0.0	0	206.67852433185908	1700.0955658042221	1	0	1	1.8534577571459194
216200.0	2000.0	1500.0955658042974	0.0	0	331.46519480255665	1700.0955658042221	1	0	1	1.8534577571459194
217200.0	2000.0	1500.095565804275	0.0	0	327.45203721077996	1700.0955658042221	1	0	1	1.8534577571459194
218200.0	3000.0	1500.0955658042542	0.0	0	121.36729257402476	1700.0955658042221	1	0	1	1.8534577571459194
219200.0	2000.0	1500.0955658042592	0.0	0	258.11903728032485	1700.0955658042512	1	0	1	1.4479926490377533
220200.0	2000.0	1500.0955658042735	0.0	0	184.83187479243497	1700.0955658042803	1	0	1	1.8534577571459163
221200.0	2000.0	1500.0955658042858	0.0	0	226.22284008038696	1700.0955658043094	1	0	1	1.853457757145915
222200.0	2000.0	1500.095565804261	0.0	0	315.1753801401064	1700.0955658042803	1	0	1	1.8534577571459163
223200.0	2000.0	1500.0955658042396	0.0	0	257.9133790565247	1700.0955658042803	1	0	1	1.8534577571459163
224200.0	2000.0	1500.0955658042672	0.0	0	376.10177785580163	1700.0955658043094	1	0	1	1.853457757145915
225200.0	3000.0	1500.095565804245	0.0	0	59.47754285534029	1700.0955658042803	1	0	1	1.8534577571459159
226292.781322675	2000.0	1407.314243129249	0.0	0	0.0	1700.0955658042803	1	0	1	1.4479926490377517
227200.0	2000.0	1500.0955658042428	0.0	0	192.40348526937305	1700.0955658042803	1	0	1	1.8534577571459163
228200.0	2000.0	1500.095565804223	0.0	0	127.78292073009652	1700.0955658042512	1	0	1	1.8534577571459179
229200.0	2000.0	1500.0955658041994	0.0	0	475.3014978233259	1700.0955658042221	1	0	1	1.8534577571459194
230200.0	2000.0	1500.095565804181	0.0	0	596.6901557309902	1700.0955658042512	1	0	1	1.8534577571459179
231405.9431370026	6000.0	1294.1524288015607	0.0	0	0.0	1700.0955658042512	1	0	1	1.853457757145918
233126.7005904273	6000.0	573.3949753768902	0.0	0	0.0	1700.0955658042803	1	0	1	2.952070045814026
233566.75182660823	2000.0	1133.3437391959837	0.0	0	0.0	1700.0955658043094	1	0	1	0.7548454684778063
234200.0	2000.0	1500.0955658042028	0.0	0	155.46537591842934	1700.0955658043094	1	0	1	1.853457757145915
235200.0	3000.0	1500.0955658041958	0.0	0	20.969770890369546	1700.0955658043094	1	0	1	1.8534577571459148
236200.0	2000.0	1500.0955658041962	0.0	0	297.6047423982527	1700.0955658043385	1	0	1	1.4479926490377486
237200.0	3000.0	1500.0955658042017	0.0	0	150.03863059874857	1700.0955658043385	1	0	1	1.8534577571459134
238200.0	3000.0	1500.0955658041917	0.0	0	65.65073489086353	1700.0955658043094	1	0	1	2.258922865254079
239225.0128049523	3000.0	1475.0827608519078	0.0	0	0.0	1700.0955658043094	1	0	1	2.258922865254079
240200.0	2000.0	1500.0955658042353	0.0	0	429.08406837354414	1700.0955658043385	1	0	1	1.4479926490377486
241200.0	2000.0	1500.095565804217	0.0	0	323.9696379629022	1700.0955658043385	1	0	1	1.8534577571459132
242200.0	2000.0	1500.0955658042456	0.0	0	161.71927440789295	1700.0955658043385	1	0	1	1.8534577571459132
243200.0	2000.0	1500.0955658042903	0.0	0	281.9748846022412	1700.0955658043385	1	0	1	1.8534577571459132
244200.0	3000.0	1500.0955658042872	0.0	0	213.85085072525544	1700.0955658043677	1	0	1	1.8534577571459117
246458.3309283095	6000.0	241.7646374947738	0.0	0	0.0	1700.0955658043677	1	0	1	2.2589228652540765
246975.64214708508	2000.0	760.8774896850423	36.424070965860864	0	0.0	1736.5196367702156	1	0	1	0.5343420442290884
247513.80509106908	2000.0	1222.714545701029	0.0	0	0.0	1736.5196367702156	1	0	1	1.851498758692363
248212.50734994994	2000.0	1524.0122868201413	0.0	0	0.0	1736.5196367702156	1	0	1	1.851498758692363
249200.0	2000.0	1536.519636770045	0.0	0	387.2915036121849	1736.5196367702156	1	0	1	1.851498758692363
250200.0	2000.0	1536.5196367700319	0.0	0	363.842013547197	1736.5196367702447	1	0	1	1.8514987586923615
251200.0	2000.0	1536.5196367700257	0.0	0	316.8934743582213	1736.5196367702738	1	0	1	1.8514987586923601
252200.0	3000.0	1536.5196367700335	0.0	0	392.4869898867619	1736.5196367702738	1	0	1	1.8514987586923604
253200.0	6000.0	1536.519636770029	0.0	0	75.88282986934064	1736.5196367702447	1	0	1	2.2569638668005263
254200.0	6000.0	1536.5196367700394	0.0	0	38.26871505641611	1736.5196367702738	1	0	1	2.95011104736047
255812.60309168728	6000.0	923.9165450827154	0.0	0	0.0	1736.5196367702738	1	0	1	2.95011104736047
256486.97941297223	2000.0	1249.5402237977953	0.0	0	0.0	1736.5196367702447	1	0	1	0.7528864700242519
257200.0	2000.0	1536.5196367700212	0.0	0	330.27406894258456	1736.5196367702156	1	0	1	1.851498758692363
258200.0	3000.0	1536.5196367700387	0.0	0	164.57319483888568	1736.5196367702156	1	0	1	1.8514987586923632
259200.0	3000.0	1536.519636770055	0.0	0	321.76653464129777	1736.5196367702156	1	0	1	2.256963866800528
260200.0	3000.0	1536.5196367700362	0.0	0	75.97975525149377	1736.5196367702156	1	0	1	2.256963866800528
261200.0	3000.0	1536.5196367700407	0.0	0	177.12865590729052	1736.5196367701865	1	0	1	2.2569638668005294
262200.0	2000.0	1536.5196367700414	0.0	0	139.86122572494787	1736.5196367701865	1	0	1	1.4460336505842002
263200.0	2000.0	1536.51963677009	0.0	0	296.0423938080785	1736.5196367702447	1	0	1	1.8514987586923632
264200.0	2000.0	1536.5196367700864	0.0	0	504.5883522509248	1736.5196367702447	1	0	1	1.8514987586923606
265200.0	2000.0	1536.5196367700928	0.0	0	409.58041540457634	1736.5196367702447	1	0	1	1.8514987586923615
266200.0	2000.0	1536.5196367701155	0.0	0	432.0115351707791	1736.519636770303	1	0	1	1.8514987586923588
267285.8645376105	3000.0	1450.6550991596068	0.0	0	0.0	1736.519636770361	1	0	1	1.8514987586923553
268200.0	2000.0	1536.519636770123	0.0	0	315.99430278595537	1736.519636770303	1	0	1	1.446033650584193
269269.16000666376	2000.0	1467.3596301063615	0.0	0	0.0	1736.519636770303	1	0	1	1.8514987586923584
270200.0	2000.0	1536.5196367701055	0.0	0	338.50991501664976	1736.519636770361	1	0	1	1.851498758692355
271200.0	2000.0	1536.5196367701628	0.0	0	459.33112407755107	1736.519636770361	1	0	1	1.851498758692355
272200.0	2000.0	1536.5196367701428	0.0	0	304.3433484612615	1736.519636770303	1	0	1	1.8514987586923584
273200.0	2000.0	1536.5196367701237	0.0	0	434.00810171698686	1736.519636770303	1	0	1	1.8514987586923584
274200.0	3000.0	1536.5196367701224	0.0	0	324.9647668232792	1736.519636770303	1	0	1	1.8514987586923586
275200.0	2000.0	1536.5196367700862	0.0	0	303.9062047712505	1736.519636770361	1	0	1	1.4460336505841904
276200.0	2000.0	1536.519636770071	0.0	0	229.0208154025604	1736.519636770361	1	0	1	1.851498758692355
277267.57732377085	2000.0	1468.9423129992138	0.0	0	0.0	1736.519636770361	1	0	1	1.851498758692355
278200.0	2000.0	1536.5196367700933	0.0	0	25.129554882645607	1736.5196367704193	1	0	1	1.851498758692352
279200.0	2000.0	1536.5196367700428	0.0	0	129.09495289775077	1736.5196367704193	1	0	1	1.851498758692352
280377.42527049786	2000.0	1359.094366272116	0.0	0	0.0	1736.5196367704193	1	0	1	1.851498758692352
281754.8658941341	2000.0	981.6537426358888	0.0	0	0.0	1736.5196367704775	1	0	1	1.851498758692351
282637.3008988197	1000.0	1099.2187379503198	0.0	0	0.0	1736.5196367705357	1	0	1	0.46520439757245535
283541.50776345143	1000.0	1195.0118733186446	0.0	0	0.0	1736.5196367705357	1	0	1	1.1583515781324005
284200.0	1000.0	1536.5196367701242	0.0	0	150.10996892076219	1736.5196367705357	1	0	1	1.1583515781324005
285200.0	2000.0	1536.5196367701578	0.0	0	237.47607813985087	1736.5196367705357	1	0	1	1.1583515781324005
286200.0	2000.0	1536.5196367701237	0.0	0	258.751895898371	1736.5196367705357	1	0	1	1.8514987586923457
287200.0	2000.0	1536.5196367701058	0.0	0	372.26905413524946	1736.5196367704775	1	0	1	1.851498758692349
288200.0	2000.0	1536.5196367701758	0.0	0	157.98954836418852	1736.5196367704775	1	0	1	1.851498758692349
289200.0	2000.0	1536.5196367701699	0.0	0	530.74128791783	1736.5196367704775	1	0	1	1.851498758692349
290200.0	3000.0	1536.519636770151	0.0	0	348.8821273735375	1736.5196367704775	1	0	1	1.8514987586923493
292364.16750078276	6000.0	372.35213598737516	0.0	0	0.0	1736.5196367704775	1	0	1	2.256963866800514
292987.1656211655	2000.0	749.3540156047073	0.0	0	0.0	1736.5196367704775	1	0	1	0.7528864700242394
293740.0854049926	2000.0	996.4342317775966	0.0	0	0.0	1736.5196367704775	1	0	1	1.851498758692349
294374.497674331	2000.0	1362.0219624392237	0.0	0	0.0	1736.5196367704775	1	0	1	1.851498758692349
295200.0	2000.0	1536.5196367702542	0.0	0	218.19021471042652	1736.5196367704775	1	0	1	1.851498758692349
296200.0	2000.0	1536.519636770256	0.0	0	304.401343509031	1736.5196367704193	1	0	1	1.851498758692352
297200.0	2000.0	1536.5196367702858	0.0	0	263.124185232562	1736.5196367704193	1	0	1	1.851498758692352
298200.0	2000.0	1536.5196367702702	0.0	0	158.35716640943429	1736.519636770361	1	0	1	1.851498758692355
299200.0	2000.0	1536.5196367702767	0.0	0	35.91786166623933	1736.519636770361	1	0	1	1.851498758692355
300200.0	2000.0	1536.5196367703104	0.0	0	252.8778760213754	1736.519636770361	1	0	1	1.851498758692355
2.97	3.96	4.54	2.27	1.41	2.22	2.68	3.93	4.48	5.26	5.55	6.0	2.93	3.72	4.15	3.2	2.81	2.4	3.68	4.97	5.83	4.26	4.63	2.66	2.65	2.31	2.58	3.86	3.67	2.83	3.02	3.06	3.96	3.32	3.12	3.28	2.87	2.31	2.97	3.22	2.56	1.59	2.56	3.31	4.27	2.34	1.88	2.68	3.44	2.63	3.15	3.59	2.69	2.94	4.11	4.01	3.14	2.27	2.33	2.2	2.8	4.05	4.12	3.31	1.45	2.58	3.01	2.06	3.13	4.17	2.36	2.15	2.5	3.38	4.63	5.88	5.4	3.44	4.17	4.99	3.6	4.33	3.71	3.34	2.66	3.19	3.65	2.9	4.15	4.82	2.49	3.09	3.74	3.93	2.13	3.3	4.51	5.78	6.75	7.23	3.42	4.04	4.33	4.12	4.46	3.75	2.37	3.58	3.74	2.97	3.89	3.83	3.36	2.4	2.62	2.61	3.28	3.39	4.56	2.63	1.92	3.08	2.2	1.89	2.56	1.81	1.69	1.62	1.27	2.06	2.28	3.04	2.33	3.7	4.67	4.65	3.16	3.34	3.38	3.1	2.84	3.2	3.46	2.41	2.27	2.25	3.48	2.63	3.2	4.16	2.97	3.96	4.54	2.27	1.41	2.22	2.68	3.93	4.48	5.26	5.55	6.0	2.93	3.72	4.15	3.2	2.81	2.4	3.68	4.97	5.83	4.26	4.63	2.66	2.65	2.31	2.58	3.86	3.67	2.83	3.02	3.06	3.96	3.32	3.12	3.28	2.87	2.31	2.97	3.22	2.56	1.59	2.56	3.31	4.27	2.34	1.88	2.68	3.44	2.63	3.15	3.59	2.69	2.94	4.11	4.01	3.14	2.27	2.33	2.2	2.8	4.05	4.12	3.31	1.45	2.58	3.01	2.06	3.13	4.17	2.36	2.15	2.5	3.38	4.63	5.88	5.4	3.44	4.17	4.99	3.6	4.33	3.71	3.34	2.66	3.19	3.65	2.9	4.15	4.82	2.49	3.09	3.74	3.93	2.13	3.3	4.51	5.78	6.75	7.23	3.42	4.04	4.33	4.12	4.46	3.75	2.37	3.58	3.74	2.97	3.89	3.83	3.36	2.4	2.62	2.61	3.28	3.39	4.56	2.63	1.92	3.08	2.2	1.89	2.56	1.81	1.69	1.62	1.27	2.06	2.28	3.04	2.33	3.7	4.67	4.65	3.16	3.34	3.38	3.1	2.84	3.2	3.46	2.41	2.27	2.25	3.48	2.63
1.0	2.0	3.0	4.0	5.0	6.0	7.0	8.0	9.0	10.0	11.0	12.0	13.0	14.0	15.0	16.0	17.0	18.0	19.0	20.0	21.0	22.0	23.0	24.0	25.0	26.0	27.0	28.0	29.0	30.0	31.0	32.0	33.0	34.0	35.0	36.0	37.0	38.0	39.0	40.0	41.0	42.0	43.0	44.0	45.0	46.0	47.0	48.0	49.0	50.0	51.0	52.0	53.0	54.0	55.0	56.0	57.0	58.0	59.0	60.0	61.0	62.0	63.0	64.0	65.0	66.0	67.0	68.0	69.0	70.0	71.0	72.0	73.0	74.0	75.0	76.0	77.0	78.0	79.0	80.0	81.0	82.0	83.0	84.0	85.0	86.0	87.0	88.0	89.0	90.0	91.0	92.0	93.0	94.0	95.0	96.0	97.0	98.0	99.0	100.0	101.0	102.0	103.0	104.0	105.0	106.0	107.0	108.0	109.0	110.0	111.0	112.0	113.0	114.0	115.0	116.0	117.0	118.0	119.0	120.0	121.0	122.0	123.0	124.0	125.0	126.0	127.0	128.0	129.0	130.0	131.0	132.0	133.0	134.0	135.0	136.0	137.0	138.0	139.0	140.0	141.0	142.0	143.0	144.0	145.0	146.0	147.0	148.0	149.0	149.0	150.0	151.0	152.0	153.0	154.0	155.0	156.0	157.0	158.0	159.0	160.0	161.0	162.0	163.0	164.0	165.0	166.0	167.0	168.0	169.0	170.0	171.0	172.0	173.0	174.0	175.0	176.0	177.0	178.0	179.0	180.0	181.0	182.0	183.0	184.0	185.0	186.0	187.0	188.0	189.0	190.0	191.0	192.0	193.0	194.0	195.0	196.0	197.0	198.0	199.0	200.0	201.0	202.0	203.0	204.0	205.0	206.0	207.0	208.0	209.0	210.0	211.0	212.0	213.0	214.0	215.0	216.0	217.0	218.0	219.0	220.0	221.0	222.0	223.0	224.0	225.0	226.0	227.0	228.0	229.0	230.0	231.0	232.0	233.0	234.0	235.0	236.0	237.0	238.0	239.0	240.0	241.0	242.0	243.0	244.0	245.0	246.0	247.0	248.0	249.0	250.0	251.0	252.0	253.0	254.0	255.0	256.0	257.0	258.0	259.0	260.0	261.0	262.0	263.0	264.0	265.0	266.0	267.0	268.0	269.0	270.0	271.0	272.0	273.0	274.0	275.0	276.0	277.0	278.0	279.0	280.0	281.0	282.0	283.0	284.0	285.0	286.0	287.0	288.0	289.0	290.0	291.0	292.0	293.0	294.0	295.0	296.0	297.0
5534.933814407654
