5534.253325067208	300.0	2000.0	128.89539517697884	0	0.0	5534.253325067208	1	0	1	-2.2830812643681577
6155.557900963813	2000.0	2316.564966513735	0.0	0	0.0	5472.1228674775475	1	0	2	-1.8888002664643588
7425.14352008209	3000.0	1920.0207854836308	0.0	0	0.0	5345.1643055657205	1	0	2	0.31294007172663796
8066.66295450595	2000.0	2214.3494076173847	0.0	0	0.0	5281.012362123333	1	0	2	-0.023012451546369994
9946.428701557057	3000.0	1146.6070858611683	0.0	0	0.0	5093.035787418224	1	0	2	0.523882705749749
11058.534531831116	2000.0	923.2906725597028	0.0	0	0.0	4981.825204390816	1	0	2	0.2185282037077028
11863.153231966155	2000.0	1038.2101024111603	0.0	0	0.0	4901.363334377313	1	0	2	0.6908883845489884
12495.047403720595	2000.0	1343.126513481278	0.0	0	0.0	4838.1739172018715	1	0	2	0.7410407227695668
13495.301824809974	2000.0	1242.8466502829574	0.0	0	0.0	4738.14847509293	1	0	2	0.804364279092008
14205.167761068064	1000.0	1532.9807140248677	0.0	0	0.0	4738.14847509293	1	0	1	-0.5619051923575938
15290.549312180483	2000.0	1339.0610078012046	0.0	0	0.0	4629.610319981688	1	0	2	-0.013980054249673302
16138.156711072177	2000.0	1406.692869020341	0.0	0	0.0	4544.849580092521	1	0	2	0.9363974678226419
16819.834113129033	2000.0	1656.8477267577998	0.0	0	0.0	4476.681839886836	1	0	2	0.9809881076598536
17921.479643002727	2000.0	1445.037643896735	0.0	0	0.0	4366.517286899465	1	0	2	1.0350458213728855
19242.844692816874	2000.0	991.5360891011749	0.0	0	0.0	4234.380781918051	1	0	2	1.1062092865968376
19803.81048489393	1000.0	1430.5702970241155	0.0	0	0.0	4234.380781918046	1	0	1	-0.26363575688567753
20515.813388946382	2000.0	1647.367102566417	0.0	0	0.0	4163.180491512798	1	0	2	0.25598486476201415
21496.64894069662	2000.0	1568.4479956411542	0.0	0	0.0	4065.09693633777	1	0	2	1.1898756084842035
22517.010059703727	2000.0	1446.0507647333384	0.0	0	0.0	3963.060824437056	1	0	2	1.2343599661245976
23405.25149473389	2000.0	1468.9851862001594	0.0	0	0.0	3874.2366809340383	1	0	2	1.2719177224802873
24561.609875392245	2000.0	1196.9909674759672	0.0	0	0.0	3758.600842868207	1	0	2	1.3086784524268953
25449.16736478197	1000.0	1309.4334780862441	0.0	0	0.0	3758.600842868207	1	0	1	-0.06365965307757399
26475.16177232664	2000.0	1180.839629787108	0.0	0	0.0	3656.001402113743	1	0	2	0.4545560199023648
27877.129849090434	2000.0	638.6747453469329	0.0	0	0.0	3515.804594437366	1	0	2	1.3871715334463341
28524.15590285163	1000.0	991.6486915857394	0.0	0	0.0	3515.80459443737	1	0	1	0.012821737709165115
29002.99651474776	1000.0	1512.8080796896088	0.0	0	0.0	3515.80459443737	1	0	1	0.9059689182691104
30333.0557286116	2000.0	1182.7488658257687	0.0	0	0.0	3515.80459443737	1	0	1	0.9059689182691102
30692.81091655754	1000.0	1822.9936778798267	0.0	0	0.0	3515.80459443737	1	0	1	0.21282173770916527
31434.109220563027	2000.0	2081.6953738743437	0.0	0	0.0	3515.80459443737	1	0	1	0.9059689182691102
32869.51397604003	2000.0	1646.2906183973387	0.0	0	0.0	3515.804594437366	1	0	1	1.5991160988290556
33711.0265045476	1000.0	1804.778089889773	0.0	0	0.0	3515.80459443737	1	0	1	0.21282173770916576
34620.69585429062	2000.0	1804.1418051724506	0.0	0	0.0	3424.8376594630718	1	0	2	0.5250207572963586
35595.57507654638	2000.0	1829.2625829166882	0.0	0	0.0	3424.837659463068	1	0	1	1.4239939273187905
36244.3908754573	1000.0	2180.4467840057728	0.0	0	0.0	3424.837659463068	1	0	1	0.23769956619890278
37590.14519226599	2000.0	1834.6924671970878	0.0	0	0.0	3424.837659463068	1	0	1	0.930846746758847
38450.14575029809	2000.0	1974.6919091649884	0.0	0	0.0	3424.837659463068	1	0	1	1.6239939273187922
39040.7053123786	2000.0	2384.132347084484	0.0	0	0.0	3424.837659463068	1	0	1	1.6239939273187922
39743.16135265146	2000.0	2681.67630681163	0.0	0	0.0	3424.8376594630754	1	0	1	1.6239939273187902
40412.33062651648	2000.0	3012.5070329466166	0.0	0	0.0	3424.837659463068	1	0	1	1.6239939273187922
41356.01688661433	3000.0	2974.452146838983	0.0	0	0.0	3330.469033453286	1	0	2	1.2418467773242268
42200.0	3000.0	3046.070722114749	0.0	0	20.05648313860729	3246.0707221147313	1	0	2	1.8677660203450333
43484.2725077319	3000.0	2633.37096360966	0.0	0	0.0	3117.643471341551	1	0	2	1.8927169476799257
44611.87070420727	2000.0	2505.772767134285	0.0	0	0.0	3117.643471341551	1	0	1	1.0894147041135966
45660.16136199733	2000.0	2352.6530435652226	0.0	0	0.0	3012.814405562538	1	0	2	1.3087012879487845
47121.79796759315	2000.0	1891.01643796941	0.0	0	0.0	3012.8144055625453	1	0	1	1.514977860834107
48084.78719755717	2000.0	1928.0272080053855	0.0	0	0.0	3012.814405562538	1	0	1	1.7149778608341084
49021.87997834256	2000.0	1990.9344272199994	0.0	0	0.0	3012.814405562538	1	0	1	1.7149778608341084
49826.52923885182	2000.0	2186.285166710735	0.0	0	0.0	3012.814405562538	1	0	1	1.7149778608341084
50757.308598059426	2000.0	2255.5058075031366	0.0	0	0.0	3012.8144055625453	1	0	1	1.714977860834107
51679.183143149596	2000.0	2333.63126241297	0.0	0	0.0	3012.8144055625453	1	0	1	1.714977860834107
52742.33684383075	2000.0	2270.477561731813	0.0	0	0.0	3012.8144055625453	1	0	1	1.714977860834107
53705.82873660075	2000.0	2306.985668961823	0.0	0	0.0	3012.8144055625453	1	0	1	1.714977860834107
54408.07804829208	2000.0	2604.736357270489	0.0	0	0.0	3012.8144055625453	1	0	1	1.714977860834107
55377.65797155948	2000.0	2635.1564340030823	0.0	0	0.0	3012.8144055625453	1	0	1	1.714977860834107
56336.07852208727	2000.0	2676.735883475282	0.0	0	0.0	3012.8144055625453	1	0	1	1.714977860834107
57584.16118104059	2000.0	2428.653224521964	0.0	0	0.0	3012.8144055625453	1	0	1	1.714977860834107
58437.666486449714	2000.0	2575.147919112842	0.0	0	0.0	3012.8144055625453	1	0	1	1.714977860834107
59845.73697615673	2000.0	2167.0774294058265	0.0	0	0.0	3012.8144055625526	1	0	1	1.7149778608341057
61148.17978347934	2000.0	1864.6346220832113	0.0	0	0.0	3012.8144055625453	1	0	1	1.714977860834107
62352.166334222624	2000.0	1660.6480713399208	0.0	0	0.0	3012.8144055625453	1	0	1	1.714977860834107
63060.32032525639	2000.0	1952.4940803061559	0.0	0	0.0	3012.814405562538	1	0	1	1.7149778608341084
64627.76145877351	2000.0	1385.0529467890385	0.0	0	0.0	3012.814405562538	1	0	1	1.7149778608341084
65366.21105554155	1000.0	1646.6033500209958	0.0	0	0.0	3012.814405562538	1	0	1	0.32868349971421806
66679.44775506253	2000.0	1333.366650500026	0.0	0	0.0	3012.8144055625526	1	0	1	1.0218306802741617
67413.30724795719	1000.0	1599.5071576053617	0.0	0	0.0	3012.814405562538	1	0	1	0.32868349971421773
68283.60299052374	2000.0	1729.2114150388104	0.0	0	0.0	3012.8144055625307	1	0	1	1.021830680274165
69170.16079667919	2000.0	1842.653608883355	0.0	0	0.0	3012.8144055625307	1	0	1	1.71497786083411
69700.48071869335	2000.0	2312.333686869205	0.0	0	0.0	3012.8144055625307	1	0	1	1.71497786083411
70630.68989008621	3000.0	2289.1035983370634	0.0	0	0.0	2919.7934884232527	1	0	2	1.3266082637944678
71618.76116781162	2000.0	2202.2251928391297	0.0	0	0.0	2820.9863606507424	1	0	2	1.1377247687249579
72682.68264201253	2000.0	2031.9115712181338	0.0	0	0.0	2714.594213230652	1	0	2	1.5588928521399903
73341.33057015177	2000.0	2307.3988502649645	0.0	0	0.0	2648.7294204167265	1	0	2	1.569308235334418
74431.62646079186	2000.0	2217.102959624876	0.0	0	0.0	2648.7294204167265	1	0	1	1.571596149379097
76057.0004561203	2000.0	1591.728964296449	0.0	0	0.0	2648.7294204167265	1	0	1	1.7715961493790973
76615.14284109185	1000.0	2033.5865793249106	0.0	0	0.0	2648.7294204167265	1	0	1	0.3853017882592068
77359.89836525802	2000.0	2288.83105515874	0.0	0	0.0	2648.7294204167265	1	0	1	1.0784489688191519
78307.49843259984	2000.0	2341.2309878169126	0.0	0	0.0	2648.7294204167265	1	0	1	1.7715961493790973
79200.0	2000.0	2448.729420416758	0.0	0	13.859372956925654	2648.7294204167265	1	0	1	1.7715961493790973
80200.0	2000.0	2448.72942041675	0.0	0	181.36988404362637	2648.7294204167265	1	0	1	1.7715961493790973
81200.0	2000.0	2448.7294204167515	0.0	0	57.45258847762307	2648.729420416712	1	0	1	1.7715961493790988
82200.0	2000.0	2448.729420416761	0.0	0	68.0917887789983	2648.729420416712	1	0	1	1.7715961493790988
83200.0	2000.0	2448.7294204167492	0.0	0	225.70992743776878	2648.729420416712	1	0	1	1.7715961493790988
84200.0	2000.0	2448.7294204167542	0.0	0	29.35651461116504	2648.7294204166974	1	0	1	1.771596149379101
85200.0	2000.0	2448.7294204167674	0.0	0	144.5614070177253	2648.7294204166974	1	0	1	1.771596149379101
86200.0	2000.0	2448.7294204167656	0.0	0	174.04829477313615	2648.729420416712	1	0	1	1.7715961493790988
87200.0	2000.0	2448.7294204167592	0.0	0	249.32211391007877	2648.729420416712	1	0	1	1.7715961493790988
88252.22615122182	2000.0	2291.2806540727415	0.0	0	0.0	2543.506805294528	1	0	2	1.3815410617126835
89437.5950665998	2000.0	2105.9117386947914	0.0	0	0.0	2543.506805294528	1	0	1	1.5847072483586924
90599.28436757119	2000.0	1944.2224377233924	0.0	0	0.0	2543.5068052945135	1	0	1	1.7847072483586945
91200.0	2000.0	2343.50680529458	0.0	0	1.0252498113259207	2543.5068052945135	1	0	1	1.7847072483586945
92200.0	2000.0	2343.5068052945862	0.0	0	454.5432473414403	2543.5068052945135	1	0	1	1.7847072483586945
93898.13515030062	3000.0	1475.558139963904	0.0	0	0.0	2373.6932902644476	1	0	2	1.398157778507037
95015.52977948074	2000.0	1358.163510783779	0.0	0	0.0	2373.6932902644476	1	0	1	1.1978480119474546
96017.24713552906	2000.0	1356.4461547354592	0.0	0	0.0	2373.6932902644476	1	0	1	1.8033131200556194
97512.98750679911	2000.0	860.7057834654116	0.0	0	0.0	2373.693290264433	1	0	1	1.8033131200556207
98220.63797023457	1000.0	1153.0553200299353	0.0	0	0.0	2373.693290264433	1	0	1	0.4170187589357304
99181.19994048579	1000.0	1192.4933497787163	0.0	0	0.0	2373.693290264433	1	0	1	1.1101659394956755
99753.1140297528	1000.0	1620.5792605117144	0.0	0	0.0	2373.693290264433	1	0	1	1.1101659394956755
100723.19421012793	2000.0	1650.4990801365745	0.0	0	0.0	2373.693290264433	1	0	1	1.1101659394956755
101518.10584177692	2000.0	1855.5874484875785	0.0	0	0.0	2373.6932902644185	1	0	1	1.8033131200556225
102488.47357757851	2000.0	1885.2197126859974	0.0	0	0.0	2373.693290264404	1	0	1	1.8033131200556238
103519.28631008054	2000.0	1854.406980183972	0.0	0	0.0	2373.693290264404	1	0	1	1.8033131200556238
104524.80468194901	2000.0	1848.888608315509	0.0	0	0.0	2373.693290264404	1	0	1	1.8033131200556238
105209.02991614146	2000.0	2164.6633741230617	0.0	0	0.0	2373.693290264404	1	0	1	1.8033131200556238
106202.6823410297	2000.0	2171.0109492348156	0.0	0	0.0	2373.693290264404	1	0	1	1.8033131200556238
107200.0	2000.0	2173.6932902645053	0.0	0	179.9153637899435	2373.693290264404	1	0	1	1.8033131200556238
108200.0	2000.0	2173.69329026451	0.0	0	211.21399985240714	2373.6932902644185	1	0	1	1.8033131200556225
109200.0	3000.0	2073.6932902644994	0.0	0	131.42799211933743	2273.693290264404	1	0	2	1.409930008965105
110200.0	3000.0	1973.6932902645158	0.0	0	206.62996256636688	2173.693290264404	1	0	2	2.024242201087223
111200.0	3000.0	1873.6932902645303	0.0	0	116.64279961396824	2073.6932902644185	1	0	2	2.032670861395552
112531.0100677753	3000.0	1409.5822157116868	0.0	0	0.0	1940.5922834868834	1	0	2	2.042119301591677
113313.82799149612	2000.0	1626.764291990878	0.0	0	0.0	1940.5922834868688	1	0	1	1.2336797249422062
114200.0	2000.0	1740.5922834869882	0.0	0	196.40766320090916	1940.5922834868688	1	0	1	1.839144833050371
115200.0	2000.0	1740.5922834869848	0.0	0	424.9467467658542	1940.5922834868543	1	0	1	1.8391448330503721
116200.0	2000.0	1740.592283486993	0.0	0	256.4340026279824	1940.5922834868397	1	0	1	1.8391448330503728
117202.18156016304	2000.0	1738.4107233239533	0.0	0	0.0	1940.5922834868397	1	0	1	1.8391448330503728
118320.8801723712	2000.0	1619.712111115795	0.0	0	0.0	1940.5922834868397	1	0	1	1.8391448330503728
119468.6875132132	2000.0	1471.9047702737962	0.0	0	0.0	1940.5922834868397	1	0	1	1.8391448330503728
120200.0	2000.0	1740.5922834869868	0.0	0	79.12650317316002	1940.5922834868397	1	0	1	1.8391448330503728
121200.0	2000.0	1740.5922834870084	0.0	0	461.82165295442974	1940.5922834868397	1	0	1	1.8391448330503728
122200.0	2000.0	1740.5922834869948	0.0	0	519.9752287236624	1940.5922834868397	1	0	1	1.8391448330503728
123200.0	3000.0	1640.5922834869789	0.0	0	342.48199415214185	1840.5922834868397	1	0	2	1.4432113746044068
125132.59247224333	6000.0	707.9998112436565	0.0	0	0.0	1840.5922834868397	1	0	1	2.05096890442442
126027.85617083374	2000.0	812.7361126532504	0.0	0	0.0	1840.5922834868252	1	0	1	0.7468915076481466
126786.21855799117	2000.0	1054.3737254958019	0.0	0	0.0	1840.5922834868252	1	0	1	1.8455037963162564
127585.09957934315	2000.0	1255.4927041438234	0.0	0	0.0	1840.5922834868106	1	0	1	1.845503796316257
128414.21612323623	2000.0	1426.3761602507323	0.0	0	0.0	1840.5922834868106	1	0	1	1.845503796316257
129362.1406584426	2000.0	1478.4516250443567	0.0	0	0.0	1840.592283486796	1	0	1	1.845503796316258
130206.15750969054	2000.0	1634.4347737964013	0.0	0	0.0	1840.5922834867815	1	0	1	1.8455037963162588
131200.0	2000.0	1640.5922834869632	0.0	0	95.26131525628443	1840.592283486796	1	0	1	1.845503796316258
132393.12640298458	2000.0	1447.4658805023766	0.0	0	0.0	1840.5922834867815	1	0	1	1.8455037963162586
133425.00329958406	2000.0	1415.5889839028807	0.0	0	0.0	1840.5922834867379	1	0	1	1.84550379631626
134200.0	2000.0	1640.5922834869652	0.0	0	60.032393390487414	1840.5922834867379	1	0	1	1.8455037963162615
135334.1332668468	2000.0	1506.4590166401715	0.0	0	0.0	1840.592283486767	1	0	1	1.8455037963162595
136231.42464631484	2000.0	1609.1676371721378	0.0	0	0.0	1840.592283486767	1	0	1	1.8455037963162595
137200.0	2000.0	1640.5922834870048	0.0	0	109.23839046087232	1840.592283486796	1	0	1	1.845503796316258
138200.0	2000.0	1640.5922834869973	0.0	0	234.58832387483562	1840.592283486796	1	0	1	1.845503796316258
139415.0520486876	2000.0	1425.5402347994122	0.0	0	0.0	1840.592283486796	1	0	1	1.845503796316258
140383.09828613594	2000.0	1457.4939973510816	0.0	0	0.0	1840.5922834868252	1	0	1	1.8455037963162564
141200.0	2000.0	1640.5922834870132	0.0	0	79.34830097606755	1840.5922834868252	1	0	1	1.8455037963162564
142418.41782992455	2000.0	1422.1744535624816	0.0	0	0.0	1840.5922834868543	1	0	1	1.8455037963162544
143506.68411674397	2000.0	1333.9081667430667	0.0	0	0.0	1840.5922834868543	1	0	1	1.8455037963162544
144526.35709252642	2000.0	1314.2351909606389	0.0	0	0.0	1840.5922834868543	1	0	1	1.8455037963162544
145216.88049688065	2000.0	1623.711786606417	0.0	0	0.0	1840.5922834868543	1	0	1	1.8455037963162544
146200.0	2000.0	1640.59228348705	0.0	0	51.70020240684971	1840.5922834868543	1	0	1	1.8455037963162544
147305.70799943688	2000.0	1534.8842840501773	0.0	0	0.0	1840.5922834868252	1	0	1	1.8455037963162564
148202.67824854937	2000.0	1637.9140349376719	0.0	0	0.0	1840.5922834868252	1	0	1	1.8455037963162564
149200.0	2000.0	1640.5922834870655	0.0	0	34.62344242504332	1840.5922834868252	1	0	1	1.8455037963162564
150244.08621898314	2000.0	1596.5060645039541	0.0	0	0.0	1840.5922834868252	1	0	1	1.8455037963162564
151200.0	2000.0	1640.5922834870735	0.0	0	80.06463603951852	1840.5922834868252	1	0	1	1.8455037963162564
152200.0	2000.0	1640.5922834871096	0.0	0	87.05661160452291	1840.5922834868252	1	0	1	1.8455037963162564
153200.0	2000.0	1640.5922834870871	0.0	0	178.34155690393527	1840.592283486796	1	0	1	1.845503796316258
154200.0	2000.0	1640.5922834870653	0.0	0	46.35680184213561	1840.592283486796	1	0	1	1.845503796316258
155200.0	2000.0	1640.5922834870535	0.0	0	237.98706719485926	1840.592283486767	1	0	1	1.8455037963162595
156200.0	2000.0	1640.5922834870846	0.0	0	23.124563866003882	1840.592283486767	1	0	1	1.8455037963162595
157200.0	2000.0	1640.5922834871083	0.0	0	402.7230957415304	1840.592283486796	1	0	1	1.845503796316258
158430.46644349917	2000.0	1410.1258399879687	0.0	0	0.0	1840.5922834868252	1	0	1	1.8455037963162564
159287.712632954	2000.0	1552.8796505331393	0.0	0	0.0	1840.5922834868252	1	0	1	1.8455037963162564
160271.8307774016	2000.0	1568.7615060855578	0.0	0	0.0	1840.5922834868252	1	0	1	1.8455037963162564
161200.0	2000.0	1640.592283487152	0.0	0	104.62285328833968	1840.592283486796	1	0	1	1.845503796316258
162245.27356876872	2000.0	1595.3187147183996	0.0	0	0.0	1840.592283486796	1	0	1	1.845503796316258
163470.09256608767	2000.0	1370.4997173994493	0.0	0	0.0	1840.592283486796	1	0	1	1.845503796316258
164535.9354476283	2000.0	1304.6568358588527	0.0	0	0.0	1840.5922834868252	1	0	1	1.8455037963162564
165292.67577289988	2000.0	1547.916510587237	0.0	0	0.0	1840.592283486796	1	0	1	1.8455037963162566
166200.0	2000.0	1640.592283487113	0.0	0	195.71729413815774	1840.592283486796	1	0	1	1.845503796316258
167625.5300958111	2000.0	1215.062187675997	0.0	0	0.0	1840.592283486796	1	0	1	1.845503796316258
168495.96710023246	2000.0	1344.6251832546454	0.0	0	0.0	1840.5922834868252	1	0	1	1.8455037963162564
169200.0	2000.0	1640.5922834870773	0.0	0	97.86912433130783	1840.5922834868252	1	0	1	1.8455037963162564
170200.0	2000.0	1640.5922834870653	0.0	0	242.9248747616948	1840.5922834868252	1	0	1	1.8455037963162564
171485.7916308566	2000.0	1354.8006526304457	0.0	0	0.0	1840.5922834868543	1	0	1	1.8455037963162544
172737.87427223084	2000.0	1102.718011256241	0.0	0	0.0	1840.5922834868543	1	0	1	1.8455037963162544
173906.9008747777	2000.0	933.6914087093733	0.0	0	0.0	1840.5922834868543	1	0	1	1.8455037963162544
174492.5632236501	1000.0	1348.029059836964	0.0	0	0.0	1840.5922834868543	1	0	1	0.45920943519636415
175514.02958264548	2000.0	1326.5627008415781	0.0	0	0.0	1840.5922834868543	1	0	1	1.1523566157563092
176860.40413260527	2000.0	980.1881508818014	0.0	0	0.0	1840.5922834868834	1	0	1	1.8455037963162526
177399.67417440863	1000.0	1440.9181090783936	0.0	0	0.0	1840.5922834868543	1	0	1	0.45920943519636415
178633.1076389187	2000.0	1207.4846445682927	0.0	0	0.0	1840.5922834868543	1	0	1	1.1523566157563092
179467.844380907	2000.0	1372.7479025800117	0.0	0	0.0	1840.5922834868543	1	0	1	1.8455037963162544
180503.5968497536	2000.0	1336.9954337333888	0.0	0	0.0	1840.5922834868543	1	0	1	1.8455037963162544
181655.76214975267	2000.0	1184.8301337343419	0.0	0	0.0	1840.5922834868543	1	0	1	1.8455037963162544
182375.0132474946	1000.0	1465.5790359924417	0.0	0	0.0	1840.5922834868543	1	0	1	0.45920943519636415
183872.43674889192	2000.0	968.1555345950787	0.0	0	0.0	1840.5922834868543	1	0	1	1.1523566157563092
184491.44743537845	1000.0	1349.1448481085404	0.0	0	0.0	1840.5922834868252	1	0	1	0.459209435196366
186069.90958206792	2000.0	770.6827014190626	0.0	0	0.0	1840.5922834868252	1	0	1	1.152356615756311
186683.00725729525	1000.0	1157.5850261917203	0.0	0	0.0	1840.592283486796	1	0	1	0.45920943519636764
187471.94738667546	2000.0	1368.6448968114998	0.0	0	0.0	1840.592283486796	1	0	1	1.1523566157563128
188200.0	2000.0	1640.5922834869589	0.0	0	11.122501910402207	1840.592283486796	1	0	1	1.845503796316258
189200.0	2000.0	1640.5922834869389	0.0	0	145.40735652210424	1840.592283486796	1	0	1	1.845503796316258
190200.0	2000.0	1640.5922834869048	0.0	0	295.3657600428851	1840.592283486796	1	0	1	1.845503796316258
191200.0	2000.0	1640.5922834868977	0.0	0	509.7349211743858	1840.592283486796	1	0	1	1.845503796316258
192200.0	3000.0	1640.5922834868886	0.0	0	157.91079068460385	1840.592283486796	1	0	1	1.8455037963162582
193282.6496416258	2000.0	1557.9426418611176	0.0	0	0.0	1840.5922834868252	1	0	1	1.4400386882080918
194200.0	2000.0	1640.5922834869	0.0	0	63.78493444013293	1840.5922834868252	1	0	1	1.8455037963162564
195510.69163801393	2000.0	1329.900645473006	0.0	0	0.0	1840.5922834868252	1	0	1	1.8455037963162564
196768.18722645284	2000.0	1072.4050570341237	0.0	0	0.0	1840.5922834868543	1	0	1	1.8455037963162548
197856.4655532473	2000.0	984.1267302396275	0.0	0	0.0	1840.5922834868252	1	0	1	1.8455037963162564
198688.44039059005	2000.0	1152.1518928968896	0.0	0	0.0	1840.5922834868543	1	0	1	1.8455037963162544
199907.9500487132	2000.0	932.6422347737423	0.0	0	0.0	1840.5922834868543	1	0	1	1.8455037963162544
200750.00017553053	2000.0	1090.592107956389	0.0	0	0.0	1840.5922834868543	1	0	1	1.8455037963162544
202120.53895722277	2000.0	720.0533262641575	0.0	0	0.0	1840.5922834868543	1	0	1	1.8455037963162544
202692.4069081047	1000.0	1148.1853753822143	0.0	0	0.0	1840.5922834868543	1	0	1	0.45920943519636415
203547.71905795555	2000.0	1292.873225531354	0.0	0	0.0	1840.5922834868834	1	0	1	1.152356615756308
204356.82255615474	2000.0	1483.769727332156	0.0	0	0.0	1840.5922834869125	1	0	1	1.845503796316251
205200.0	2000.0	1640.5922834869286	0.0	0	34.24330488004489	1840.5922834869125	1	0	1	1.845503796316251
206624.59796446684	2000.0	1215.994319020129	0.0	0	0.0	1840.5922834869125	1	0	1	1.845503796316251
207776.53123529398	2000.0	1064.061048192984	0.0	0	0.0	1840.5922834869125	1	0	1	1.845503796316251
208530.25117437242	1000.0	1310.3411091145804	0.0	0	0.0	1840.5922834869416	1	0	1	0.4592094351963589
209528.19067757917	2000.0	1312.4016059078087	0.0	0	0.0	1840.5922834869416	1	0	1	1.1523566157563032
210892.80455986763	2000.0	947.787723619376	0.0	0	0.0	1840.5922834869416	1	0	1	1.845503796316249
211468.10399881957	1000.0	1372.488284667427	0.0	0	0.0	1840.5922834869416	1	0	1	0.4592094351963589
212696.5217675264	2000.0	1144.0705159605945	0.0	0	0.0	1840.5922834869416	1	0	1	1.1523566157563039
213670.4397099397	1000.0	1170.15257354729	0.0	0	0.0	1840.5922834869416	1	0	1	0.4592094351963589
214968.79064083245	2000.0	871.8016426545526	0.0	0	0.0	1840.5922834869416	1	0	1	1.1523566157563039
215644.1652010392	1000.0	1196.4270824478106	0.0	0	0.0	1840.5922834869707	1	0	1	0.45920943519635743
216549.00294431037	1000.0	1291.5893391766413	0.0	0	0.0	1840.5922834869707	1	0	1	1.1523566157563023
217389.36280319444	2000.0	1451.2294802925765	0.0	0	0.0	1840.5922834869707	1	0	1	1.152356615756302
218200.0	2000.0	1640.5922834870346	0.0	0	162.97205401671818	1840.5922834869707	1	0	1	1.8455037963162475
219200.0	2000.0	1640.5922834870191	0.0	0	429.2638261857792	1840.5922834869707	1	0	1	1.8455037963162475
220200.0	2000.0	1640.5922834870364	0.0	0	156.2819199282094	1840.5922834869707	1	0	1	1.8455037963162475
221200.0	2000.0	1640.5922834870566	0.0	0	364.88409359386424	1840.5922834869707	1	0	1	1.8455037963162475
222200.0	2000.0	1640.592283487078	0.0	0	131.11181936771027	1840.5922834869416	1	0	1	1.845503796316249
223394.97485090606	2000.0	1445.6174325810284	0.0	0	0.0	1840.5922834869707	1	0	1	1.8455037963162475
224779.34088276504	2000.0	1061.2514007220188	0.0	0	0.0	1840.5922834869707	1	0	1	1.8455037963162475
225452.05106869317	1000.0	1388.5412147939173	0.0	0	0.0	1840.5922834869707	1	0	1	0.4592094351963571
226502.78874078326	2000.0	1337.803542703829	0.0	0	0.0	1840.5922834869707	1	0	1	1.152356615756302
227345.27501024026	2000.0	1495.317273246796	0.0	0	0.0	1840.5922834869707	1	0	1	1.8455037963162475
228200.0	2000.0	1640.592283487073	0.0	0	5.650656601646915	1840.5922834869707	1	0	1	1.8455037963162475
229425.61738022784	2000.0	1414.9749032592565	0.0	0	0.0	1840.5922834869998	1	0	1	1.845503796316247
230226.1879463748	2000.0	1614.4043371123164	0.0	0	0.0	1840.5922834869998	1	0	1	1.8455037963162457
231200.0	2000.0	1640.592283487091	0.0	0	39.8272610839922	1840.5922834869998	1	0	1	1.8455037963162457
232399.1565859432	2000.0	1441.4356975439125	0.0	0	0.0	1840.592283487029	1	0	1	1.8455037963162453
233456.3528284556	2000.0	1384.2394550315062	0.0	0	0.0	1840.592283487058	1	0	1	1.8455037963162422
234701.52172213318	2000.0	1139.070561353909	0.0	0	0.0	1840.592283487029	1	0	1	1.8455037963162437
235416.83732956846	2000.0	1423.7549539186093	0.0	0	0.0	1840.592283487029	1	0	1	1.8455037963162437
236225.00572442522	2000.0	1615.5865590618819	0.0	0	0.0	1840.592283487058	1	0	1	1.8455037963162422
237200.0	2000.0	1640.592283487113	0.0	0	104.28759323200211	1840.592283487058	1	0	1	1.8455037963162422
238200.0	2000.0	1640.5922834871174	0.0	0	238.86398882447975	1840.592283487058	1	0	1	1.8455037963162422
239200.0	2000.0	1640.592283487109	0.0	0	111.80843316644314	1840.592283487029	1	0	1	1.8455037963162437
240200.0	2000.0	1640.592283487125	0.0	0	236.38291004285566	1840.5922834869998	1	0	1	1.8455037963162457
241200.0	2000.0	1640.5922834870908	0.0	0	411.1239984097192	1840.5922834869998	1	0	1	1.8455037963162457
242286.9898682539	2000.0	1553.6024152331672	0.0	0	0.0	1840.5922834869998	1	0	1	1.8455037963162442
243430.9515616206	2000.0	1409.6407218664353	0.0	0	0.0	1840.5922834869998	1	0	1	1.8455037963162466
244438.53356844874	2000.0	1402.0587150382828	0.0	0	0.0	1840.5922834869998	1	0	1	1.8455037963162457
245682.50604742108	2000.0	1158.0862360659578	0.0	0	0.0	1840.592283487029	1	0	1	1.8455037963162444
246572.8575941298	1000.0	1267.7346893572144	0.0	0	0.0	1840.592283487029	1	0	1	0.4592094351963536
247780.01681114922	2000.0	1060.5754723377968	0.0	0	0.0	1840.592283487029	1	0	1	1.1523566157562986
248317.6510857724	1000.0	1522.9411977146117	0.0	0	0.0	1840.5922834870871	1	0	1	0.4592094351963511
249304.67146813706	2000.0	1535.920815349962	0.0	0	0.0	1840.5922834870871	1	0	1	1.1523566157562952
250200.0	2000.0	1640.592283487018	0.0	0	233.63121021879488	1840.592283487058	1	0	1	1.8455037963162422
251504.9184188192	2000.0	1335.673864667852	0.0	0	0.0	1840.592283487058	1	0	1	1.8455037963162422
252713.0447706985	2000.0	1127.547512788558	0.0	0	0.0	1840.592283487058	1	0	1	1.8455037963162422
253587.4407473427	2000.0	1253.151536144349	0.0	0	0.0	1840.592283487058	1	0	1	1.8455037963162422
254538.76468223654	2000.0	1301.8276012505535	0.0	0	0.0	1840.5922834871162	1	0	1	1.84550379631624
255484.0206127364	2000.0	1356.57167075068	0.0	0	0.0	1840.5922834870871	1	0	1	1.845503796316239
256353.5963095312	2000.0	1486.9959739559158	0.0	0	0.0	1840.592283487058	1	0	1	1.8455037963162422
257200.0	2000.0	1640.59228348712	0.0	0	293.37214955632226	1840.592283487058	1	0	1	1.8455037963162422
258200.0	2000.0	1640.592283487109	0.0	0	405.1404232882487	1840.592283487058	1	0	1	1.8455037963162422
259389.90379602072	3000.0	1450.6884874664256	0.0	0	0.0	1840.592283487058	1	0	1	1.8455037963162422
260200.0	2000.0	1640.5922834871417	0.0	0	69.88995907426579	1840.592283487058	1	0	1	1.4400386882080776
261200.0	2000.0	1640.592283487147	0.0	0	365.7353323387215	1840.592283487058	1	0	1	1.8455037963162422
262276.06814277306	2000.0	1564.5241407140818	0.0	0	0.0	1840.5922834870871	1	0	1	1.8455037963162404
263200.0	2000.0	1640.5922834871544	0.0	0	82.64897356485017	1840.5922834870871	1	0	1	1.8455037963162388
264200.0	2000.0	1640.5922834870908	0.0	0	341.45936244458426	1840.5922834870871	1	0	1	1.8455037963162404
265200.0	2000.0	1640.5922834870555	0.0	0	118.2148239169619	1840.5922834870871	1	0	1	1.8455037963162404
266200.0	2000.0	1640.5922834869646	0.0	0	212.15150310273748	1840.5922834870871	1	0	1	1.8455037963162404
267200.0	2000.0	1640.5922834870075	0.0	0	235.03421687643277	1840.592283487029	1	0	1	1.8455037963162437
268200.0	2000.0	1640.5922834869968	0.0	0	252.03752870857716	1840.592283487029	1	0	1	1.8455037963162437
269200.0	2000.0	1640.59228348697	0.0	0	189.89756040053908	1840.5922834869707	1	0	1	1.8455037963162475
270200.0	2000.0	1640.5922834869689	0.0	0	227.044346748502	1840.5922834869707	1	0	1	1.8455037963162475
271200.0	2000.0	1640.5922834870019	0.0	0	634.9057045901427	1840.5922834869707	1	0	1	1.8455037963162475
272200.0	3000.0	1640.5922834870817	0.0	0	435.62352547224145	1840.5922834869707	1	0	1	1.8455037963162475
273708.019785315	3000.0	1132.5724981721128	0.0	0	0.0	1840.5922834869707	1	0	1	2.250968904424412
274524.3553134714	2000.0	1316.2369700156532	0.0	0	0.0	1840.5922834869707	1	0	1	1.4400386882080816
275200.0	2000.0	1640.592283487042	0.0	0	9.486871964589227	1840.592283487029	1	0	1	1.8455037963162437
276200.0	2000.0	1640.5922834870642	0.0	0	114.02865665155696	1840.592283487029	1	0	1	1.8455037963162437
277200.0	2000.0	1640.5922834870594	0.0	0	253.9832521545468	1840.592283487029	1	0	1	1.8455037963162437
278320.2453282735	2000.0	1520.3469552135966	0.0	0	0.0	1840.5922834869707	1	0	1	1.8455037963162475
279200.0	2000.0	1640.5922834871485	0.0	0	43.95360085257562	1840.592283487029	1	0	1	1.8455037963162437
280430.4456993238	2000.0	1410.146584163344	0.0	0	0.0	1840.592283487029	1	0	1	1.8455037963162437
281284.50993047055	2000.0	1556.0823530165499	0.0	0	0.0	1840.592283487029	1	0	1	1.8455037963162437
282200.0	2000.0	1640.592283487146	0.0	0	24.10339151788503	1840.592283487029	1	0	1	1.8455037963162437
283200.0	2000.0	1640.592283487134	0.0	0	233.08350342238555	1840.5922834869707	1	0	1	1.8455037963162475
284200.0	2000.0	1640.592283487135	0.0	0	263.6937431648257	1840.5922834869707	1	0	1	1.8455037963162475
285200.0	2000.0	1640.5922834871005	0.0	0	158.16462639236124	1840.5922834869707	1	0	1	1.8455037963162475
286530.5720968064	2000.0	1310.0201866805633	0.0	0	0.0	1840.5922834868543	1	0	1	1.8455037963162524
287552.9895702364	2000.0	1287.6027132505797	0.0	0	0.0	1840.5922834868543	1	0	1	1.8455037963162544
288753.1046184059	2000.0	1087.4876650810688	0.0	0	0.0	1840.592283486796	1	0	1	1.845503796316258
289755.0894832031	2000.0	1085.5028002839194	0.0	0	0.0	1840.592283486796	1	0	1	1.845503796316258
290680.3716814065	2000.0	1160.2206020804847	0.0	0	0.0	1840.592283486796	1	0	1	1.845503796316258
291843.8853539357	2000.0	996.7069295512906	0.0	0	0.0	1840.5922834867379	1	0	1	1.8455037963162615
292769.9624438695	2000.0	1070.629839617478	0.0	0	0.0	1840.5922834867379	1	0	1	1.8455037963162615
293442.4744812249	2000.0	1398.1178022621034	0.0	0	0.0	1840.5922834866215	1	0	1	1.845503796316267
294200.0	2000.0	1640.5922834870416	0.0	0	76.40844425186515	1840.5922834866797	1	0	1	1.8455037963162653
295350.6340715656	2000.0	1489.9582119215183	0.0	0	0.0	1840.592283486796	1	0	1	1.8455037963162608
296200.0	2000.0	1640.592283487047	0.0	0	60.90243887662655	1840.592283486796	1	0	1	1.845503796316258
297200.0	2000.0	1640.5922834870198	0.0	0	5.467989914759528	1840.592283486796	1	0	1	1.845503796316258
298311.4917108342	2000.0	1529.100572652781	0.0	0	0.0	1840.592283486796	1	0	1	1.845503796316258
299225.54356197774	2000.0	1615.048721509309	0.0	0	0.0	1840.592283486796	1	0	1	1.845503796316258
300200.0	2000.0	1640.592283487013	0.0	0	227.27510178467492	1840.592283486796	1	0	1	1.845503796316258
2.75	2.4	2.91	1.54	2.41	2.59	2.63	2.15	1.63	2.15	2.63	2.54	1.71	1.8	2.5	2.43	1.84	2.21	2.17	0.9	2.25	2.2	1.58	1.8	1.81	2.28	1.53	1.54	1.61	1.84	1.62	1.66	1.77	2.66	2.31	2.87	3.65	2.92	1.84	2.46	1.67	1.95	2.41	1.85	2.73	1.63	2.22	1.68	2.49	2.73	2.0	1.88	1.84	1.49	1.66	2.11	1.54	2.44	1.2	1.55	1.75	0.96	2.33	2.65	3.88	2.79	2.56	2.54	1.6	1.37	1.49	2.2	2.65	2.88	2.12	2.22	2.36	2.24	2.41	1.92	2.47	2.68	2.15	2.09	2.06	2.86	3.66	2.29	1.82	2.58	1.47	1.39	1.83	1.38	2.39	3.13	1.85	1.98	1.7	2.46	2.2	2.49	3.29	4.39	3.08	2.86	2.92	1.98	2.76	3.43	2.94	2.72	2.04	2.13	2.28	3.43	4.81	5.04	1.59	3.29	2.94	2.46	2.47	2.57	2.4	2.19	2.18	1.88	2.43	2.37	2.86	1.97	2.18	2.28	1.84	2.57	1.81	1.87	1.99	2.88	2.05	1.89	2.06	1.97	2.59	2.95	2.19	2.33	2.49	1.89	2.75	2.4	2.91	1.54	2.41	2.59	2.63	2.15	1.63	2.15	2.63	2.54	1.71	1.8	2.5	2.43	1.84	2.21	2.17	0.9	2.25	2.2	1.58	1.8	1.81	2.28	1.53	1.54	1.61	1.84	1.62	1.66	1.77	2.66	2.31	2.87	3.65	2.92	1.84	2.46	1.67	1.95	2.41	1.85	2.73	1.63	2.22	1.68	2.49	2.73	2.0	1.88	1.84	1.49	1.66	2.11	1.54	2.44	1.2	1.55	1.75	0.96	2.33	2.65	3.88	2.79	2.56	2.54	1.6	1.37	1.49	2.2	2.65	2.88	2.12	2.22	2.36	2.24	2.41	1.92	2.47	2.68	2.15	2.09	2.06	2.86	3.66	2.29	1.82	2.58	1.47	1.39	1.83	1.38	2.39	3.13	1.85	1.98	1.7	2.46	2.2	2.49	3.29	4.39	3.08	2.86	2.92	1.98	2.76	3.43	2.94	2.72	2.04	2.13	2.28	3.43	4.81	5.04	1.59	3.29	2.94	2.46	2.47	2.57	2.4	2.19	2.18	1.88	2.43	2.37	2.86	1.97	2.18	2.28	1.84	2.57	1.81	1.87	1.99	2.88	2.05	1.89	2.06	1.97	2.59	2.95	2.19	2.33
1.0	2.0	3.0	4.0	5.0	6.0	7.0	8.0	9.0	10.0	11.0	12.0	13.0	14.0	15.0	16.0	17.0	18.0	19.0	20.0	21.0	22.0	23.0	24.0	25.0	26.0	27.0	28.0	29.0	30.0	31.0	32.0	33.0	34.0	35.0	36.0	37.0	38.0	39.0	40.0	41.0	42.0	43.0	44.0	45.0	46.0	47.0	48.0	49.0	50.0	51.0	52.0	53.0	54.0	55.0	56.0	57.0	58.0	59.0	60.0	61.0	62.0	63.0	64.0	65.0	66.0	67.0	68.0	69.0	70.0	71.0	72.0	73.0	74.0	75.0	76.0	77.0	78.0	79.0	80.0	81.0	82.0	83.0	84.0	85.0	86.0	87.0	88.0	89.0	90.0	91.0	92.0	93.0	94.0	95.0	96.0	97.0	98.0	99.0	100.0	101.0	102.0	103.0	104.0	105.0	106.0	107.0	108.0	109.0	110.0	111.0	112.0	113.0	114.0	115.0	116.0	117.0	118.0	119.0	120.0	121.0	122.0	123.0	124.0	125.0	126.0	127.0	128.0	129.0	130.0	131.0	132.0	133.0	134.0	135.0	136.0	137.0	138.0	139.0	140.0	141.0	142.0	143.0	144.0	145.0	146.0	147.0	148.0	149.0	149.0	150.0	151.0	152.0	153.0	154.0	155.0	156.0	157.0	158.0	159.0	160.0	161.0	162.0	163.0	164.0	165.0	166.0	167.0	168.0	169.0	170.0	171.0	172.0	173.0	174.0	175.0	176.0	177.0	178.0	179.0	180.0	181.0	182.0	183.0	184.0	185.0	186.0	187.0	188.0	189.0	190.0	191.0	192.0	193.0	194.0	195.0	196.0	197.0	198.0	199.0	200.0	201.0	202.0	203.0	204.0	205.0	206.0	207.0	208.0	209.0	210.0	211.0	212.0	213.0	214.0	215.0	216.0	217.0	218.0	219.0	220.0	221.0	222.0	223.0	224.0	225.0	226.0	227.0	228.0	229.0	230.0	231.0	232.0	233.0	234.0	235.0	236.0	237.0	238.0	239.0	240.0	241.0	242.0	243.0	244.0	245.0	246.0	247.0	248.0	249.0	250.0	251.0	252.0	253.0	254.0	255.0	256.0	257.0	258.0	259.0	260.0	261.0	262.0	263.0	264.0	265.0	266.0	267.0	268.0	269.0	270.0	271.0	272.0	273.0	274.0	275.0	276.0	277.0	278.0	279.0	280.0	281.0	282.0	283.0	284.0	285.0	286.0	287.0	288.0	289.0	290.0	291.0	292.0	293.0	294.0	295.0	296.0	297.0
5274.048139478332
