6474.92621184199	300.0	2000.0	254.3479455839011	0	0.0	6474.92621184199	1	0	1	-3.92693788498405
7217.544319897352	1000.0	2257.381891944639	0.0	0	0.0	6474.92621184199	1	0	1	-2.4563057471607506
8260.084014748705	1000.0	2214.842197093285	0.0	0	0.0	6474.92621184199	1	0	1	-1.2523329428348144
9168.451070066098	1000.0	2215.638436244152	0.0	0	0.0	6384.089506310251	1	0	2	-1.5847783472948296
10117.230184632182	2000.0	2171.9814102214586	0.0	0	0.0	6289.211594853642	1	0	2	-1.294897207865611
11067.965582579658	2000.0	2126.1724724792334	0.0	0	0.0	6194.138055058893	1	0	2	-0.5150812896415098
12057.632388799197	1000.0	2136.5056662596953	0.0	0	0.0	6194.138055058894	1	0	1	-1.8728144795007249
12934.686382517224	1000.0	2259.451672541668	0.0	0	0.0	6194.138055058894	1	0	1	-0.9796672989407795
14257.615786272341	2000.0	1804.229328411037	0.0	0	0.0	6061.8451146833795	1	0	2	-1.2807446105525961
15151.699040424584	1000.0	1820.7377488435677	0.0	0	0.0	5972.436789268153	1	0	2	-1.6764303761493662
15528.651093293858	500.0	2443.785695974294	0.0	0	0.0	5972.436789268155	1	0	1	-2.344869598354191
17964.297594070937	2000.0	764.5745451195068	0.0	0	0.0	5728.872139190447	1	0	2	-1.6624239751633298
18448.28870103082	500.0	1280.5834381596271	0.0	0	0.0	5728.872139190453	1	0	1	-2.796099156048964
18924.16298544766	500.0	1804.7091537427864	0.0	0	0.0	5728.872139190455	1	0	1	-1.2098047949290756
21177.575226812525	2000.0	325.9556882414323	0.0	0	0.0	5503.530915053965	1	0	2	-1.4559603317262253
21675.971011761863	500.0	827.5599032920906	0.0	0	0.0	5503.53091505396	1	0	1	-2.579061464832696
22145.060545448046	500.0	1358.4703696059105	0.0	0	0.0	5503.5309150539615	1	0	1	-0.9927671037128044
22633.321572483743	1000.0	1870.209342570217	0.0	0	0.0	5503.5309150539615	1	0	1	-0.9927671037128044
24060.04123447936	2000.0	1300.8177143750388	0.0	0	0.0	5360.858948854395	1	0	2	-0.5985818151962636
24431.83840224684	1000.0	1929.020546607551	0.0	0	0.0	5360.858948854395	1	0	1	-1.0610468106356727
26295.15627011393	2000.0	879.3708919537512	0.0	0	0.0	5174.527162067687	1	0	2	-0.4558285094566575
26713.53408237929	500.0	1460.9930796883978	0.0	0	0.0	5174.52716206769	1	0	1	-2.283990904058313
27699.822177532096	1000.0	1474.7049845355907	0.0	0	0.0	5174.52716206769	1	0	1	-0.6976965429384224
28995.63340307224	1000.0	1178.8937589954471	0.0	0	0.0	5174.52716206769	1	0	1	-0.004549362378477029
29355.71262531572	500.0	1818.814536751968	0.0	0	0.0	5174.527162067694	1	0	1	-1.3908437234983713
31171.55980885727	2000.0	821.3826348562659	0.0	0	0.0	4992.942443713549	1	0	2	-0.9960744312626474
31609.021989403213	500.0	1383.9204543103217	0.0	0	0.0	4992.942443713549	1	0	1	-2.135802590378637
32547.5874127836	1000.0	1445.355030929938	0.0	0	0.0	4992.942443713549	1	0	1	-0.5495082292587466
33150.216412999405	1000.0	1842.7260307141307	0.0	0	0.0	4992.942443713549	1	0	1	0.1436389513011994
33863.78380173287	2000.0	2057.801903107322	0.0	0	0.0	4921.585704840203	1	0	2	-0.21494401932120163
34609.55035474763	2000.0	2237.458694791075	0.0	0	0.0	4847.009049538723	1	0	2	0.7334293378505999
36063.14203640938	2000.0	1638.5078449631562	0.0	0	0.0	4701.649881372552	1	0	2	0.8171506973505377
36862.47441432447	1000.0	1839.1754670480707	0.0	0	0.0	4701.649881372552	1	0	1	-0.5370551645594741
37937.13838661117	1000.0	1764.5114947613695	0.0	0	0.0	4701.649881372548	1	0	1	0.35609201600047263
38536.71880859901	1000.0	2164.93107277353	0.0	0	0.0	4701.649881372548	1	0	1	0.35609201600047324
39659.96222500469	2000.0	1929.3633147272749	0.0	0	0.0	4589.325539731966	1	0	2	0.012772577431760634
40766.26641207953	2000.0	1712.428708944945	0.0	0	0.0	4478.695121024473	1	0	2	0.9717701871967691
42759.31977550833	2000.0	520.070009173267	0.0	0	0.0	4279.389784681596	1	0	2	1.06963225232364
43146.3335042545	500.0	1133.0562804270967	0.0	0	0.0	4279.389784681589	1	0	1	-1.6727485677963703
43765.00135092236	1000.0	1514.3884337592465	0.0	0	0.0	4279.389784681589	1	0	1	-0.08645420667647931
44614.509713987856	2000.0	1579.9292343871932	0.0	0	0.0	4194.438948375042	1	0	2	0.23977303332966793
46402.625169303676	2000.0	613.0022335398013	0.0	0	0.0	4015.6274028434855	1	0	2	1.2011235004247092
47020.950236706776	1000.0	994.6771661367051	0.0	0	0.0	4015.6274028434855	1	0	1	-0.1626978347569339
47762.71193778941	1000.0	1252.915465054064	0.0	0	0.0	4015.6274028434855	1	0	1	0.7304493458030115
48610.36331892332	1000.0	1405.264083920157	0.0	0	0.0	4015.6274028434855	1	0	1	0.7304493458030115
49225.04724990244	1000.0	1790.5801529410298	0.0	0	0.0	4015.6274028434855	1	0	1	0.7304493458030115
50293.65361359737	2000.0	1615.1131528766032	0.0	0	0.0	3908.7667664739856	1	0	2	0.3644729927738679
51729.95338898577	2000.0	1035.1833999493679	0.0	0	0.0	3765.136788935146	1	0	2	1.3059836833465983
52549.892663502906	1000.0	1215.2441254322266	0.0	0	0.0	3765.136788935146	1	0	1	-0.0659365020429723
53443.5409983941	1000.0	1321.5957905410419	0.0	0	0.0	3765.136788935146	1	0	1	0.827210678516973
54591.74817127155	1000.0	1173.3886176635915	0.0	0	0.0	3765.136788935146	1	0	1	0.827210678516973
55565.34948748409	1000.0	1199.78730145106	0.0	0	0.0	3765.136788935146	1	0	1	0.827210678516973
56488.658916480315	1000.0	1276.477872454843	0.0	0	0.0	3765.136788935153	1	0	1	0.8272106785169706
57360.466110961606	1000.0	1404.670677973558	0.0	0	0.0	3765.1367889351604	1	0	1	0.827210678516968
57887.377387298286	1000.0	1877.759401636877	0.0	0	0.0	3765.1367889351604	1	0	1	0.827210678516968
59498.8904647825	2000.0	1105.0950164042463	0.0	0	0.0	3603.985481186748	1	0	2	0.4702244490678445
60348.24960409193	1000.0	1255.7358770948124	0.0	0	0.0	3603.985481186748	1	0	1	-0.01319234229560301
61168.137526473016	1000.0	1435.8479547137272	0.0	0	0.0	3603.985481186748	1	0	1	0.8799548382643423
61682.98869501221	1000.0	1920.9967861745306	0.0	0	0.0	3603.985481186748	1	0	1	0.8799548382643423
63100.47685509295	2000.0	1361.759810085714	0.0	0	0.0	3462.2366651786797	1	0	2	0.510239985494573
63844.34246492598	1000.0	1617.8942002526835	0.0	0	0.0	3462.2366651786797	1	0	1	0.027704641186995393
65152.72750468585	2000.0	1309.5091604928202	0.0	0	0.0	3462.2366651786797	1	0	1	0.9208518217469405
66265.62829575829	2000.0	1085.318290313128	0.0	0	0.0	3350.9465860714263	1	0	2	1.235012714188262
66857.56283800484	1000.0	1493.3837480665743	0.0	0	0.0	3350.9465860714263	1	0	1	0.05652661324500635
67375.9892711634	1000.0	1974.9573149080043	0.0	0	0.0	3350.9465860714117	1	0	1	0.949673793804954
68436.81630692388	2000.0	1914.1302791475284	0.0	0	0.0	3350.9465860714117	1	0	1	0.9496737938049552
69269.55816773573	2000.0	2081.388418335676	0.0	0	0.0	3350.946586071397	1	0	1	1.6428209743649043
70575.39679527505	2000.0	1775.5497907963463	0.0	0	0.0	3350.946586071397	1	0	1	1.6428209743649052
72956.2435152839	2000.0	394.7030707875027	0.0	0	0.0	3350.946586071397	1	0	1	1.6428209743649052
73284.36846348832	500.0	1066.578122583087	0.0	0	0.0	3350.946586071397	1	0	1	-1.1297677478748758
73899.22177094495	1000.0	1451.7248151264646	0.0	0	0.0	3350.946586071397	1	0	1	0.2565266132450146
74869.93058652086	1000.0	1481.015999550547	0.0	0	0.0	3350.9465860713826	1	0	1	0.9496737938049638
75406.69310897878	1000.0	1944.2534770926152	0.0	0	0.0	3350.9465860713826	1	0	1	0.9496737938049638
76633.66635771269	2000.0	1717.280228358718	0.0	0	0.0	3350.9465860713826	1	0	1	0.9496737938049638
77526.42247559875	1000.0	1824.5241104726435	0.0	0	0.0	3350.946586071368	1	0	1	0.256526613245022
78873.77285659988	2000.0	1477.1737294715022	0.0	0	0.0	3350.946586071368	1	0	1	0.9496737938049673
79548.63201284474	1000.0	1802.3145732266505	0.0	0	0.0	3350.946586071368	1	0	1	0.256526613245022
80463.31668838057	2000.0	1887.6298976908163	0.0	0	0.0	3350.946586071368	1	0	1	0.9496737938049673
81119.9580682191	1000.0	2230.988517852287	0.0	0	0.0	3350.946586071368	1	0	1	0.256526613245022
81994.34613090781	1000.0	2356.600455163586	0.0	0	0.0	3350.946586071368	1	0	1	0.9496737938049672
82723.86412086606	2000.0	2554.130666209515	0.0	0	0.0	3277.9947870755423	1	0	2	0.5629026910495023
84286.88106455765	2000.0	1991.1137225179248	0.0	0	0.0	3277.9947870755423	1	0	1	1.4602612834496926
85117.96875217232	1000.0	2160.026034903233	0.0	0	0.0	3277.994787075557	1	0	1	0.2739669223297991
86126.32230441131	1000.0	2151.672482664261	0.0	0	0.0	3277.9947870755714	1	0	1	0.967114102889741
87336.43597400967	1000.0	1941.558813065902	0.0	0	0.0	3277.9947870755714	1	0	1	0.967114102889741
87951.28679726951	1000.0	2326.707989806072	0.0	0	0.0	3277.994787075586	1	0	1	0.9671141028897376
88718.53718428926	1000.0	2559.457602786303	0.0	0	0.0	3277.994787075586	1	0	1	0.9671141028897376
90143.49208554329	2000.0	2134.5027015322794	0.0	0	0.0	3277.9947870755714	1	0	1	0.9671141028897409
91671.30799821313	2000.0	1453.9051975954496	0.0	0	0.0	3125.2131958085956	1	0	2	1.282684582293053
92483.6228417146	1000.0	1641.5903540939669	0.0	0	0.0	3125.2131958085956	1	0	1	0.1070596836899751
93076.54827545884	1000.0	2048.6649203497363	0.0	0	0.0	3125.21319580861	1	0	1	1.0002068642499176
94354.05906826086	2000.0	1771.154127547721	0.0	0	0.0	3125.2131958086247	1	0	1	1.0002068642499145
95344.43139121804	2000.0	1780.781804590543	0.0	0	0.0	3125.2131958086247	1	0	1	1.6933540448098596
96104.6288512857	2000.0	2020.5843445228732	0.0	0	0.0	3125.2131958086247	1	0	1	1.6933540448098596
97662.85112793386	2000.0	1462.3620678747081	0.0	0	0.0	3125.2131958086247	1	0	1	1.6933540448098596
98523.77838633343	1000.0	1601.4348094751263	0.0	0	0.0	3125.2131958086247	1	0	1	0.3070596836899694
99210.32557222646	1000.0	1914.8876235821047	0.0	0	0.0	3125.2131958086247	1	0	1	1.0002068642499147
100860.36543489246	2000.0	1264.847760916097	0.0	0	0.0	3125.2131958086247	1	0	1	1.0002068642499145
101420.27620041676	1000.0	1704.9369953918024	0.0	0	0.0	3125.2131958086247	1	0	1	0.3070596836899694
102622.05798665699	2000.0	1503.1552091515748	0.0	0	0.0	3125.2131958086247	1	0	1	1.0002068642499145
103253.5035396678	1000.0	1871.7096561407668	0.0	0	0.0	3125.2131958086247	1	0	1	0.3070596836899694
105002.17995654565	2000.0	1123.0332392629105	0.0	0	0.0	3125.2131958086247	1	0	1	1.0002068642499145
106625.19455715883	1000.0	500.0186386497219	0.0	0	0.0	3125.2131958086247	1	0	1	0.3070596836899694
107290.8421241053	500.0	834.3710717032391	0.0	0	0.0	3125.2131958086393	1	0	1	-0.3860874968699791
108027.33258487277	500.0	1097.8806109357715	0.0	0	0.0	3125.2131958086393	1	0	1	0.30705968368996617
109128.53395561481	1000.0	996.679240193731	0.0	0	0.0	3125.2131958086393	1	0	1	0.30705968368996617
110011.11785441329	1000.0	1114.0953413952554	0.0	0	0.0	3125.2131958086393	1	0	1	1.0002068642499116
110917.66084378817	1000.0	1207.552352020355	0.0	0	0.0	3125.2131958086393	1	0	1	1.0002068642499116
112251.67505436744	1000.0	873.5381414410862	0.0	0	0.0	3125.2131958086393	1	0	1	1.0002068642499116
113104.21662323773	1000.0	1020.9965725707972	0.0	0	0.0	3125.2131958086393	1	0	1	1.0002068642499116
113816.90471226745	1000.0	1308.3084835410675	0.0	0	0.0	3125.2131958086393	1	0	1	1.0002068642499116
114533.68172605187	1000.0	1591.5314697566394	0.0	0	0.0	3125.2131958086393	1	0	1	1.0002068642499116
115442.18002479273	1000.0	1683.0331710157886	0.0	0	0.0	3125.2131958086393	1	0	1	1.0002068642499116
116678.84781182629	1000.0	1446.3653839822489	0.0	0	0.0	3125.2131958086393	1	0	1	1.0002068642499116
117805.57211933986	1000.0	1319.6410764686664	0.0	0	0.0	3125.2131958086247	1	0	1	1.0002068642499147
118634.49810191775	1000.0	1490.7150938907944	0.0	0	0.0	3125.2131958086247	1	0	1	1.0002068642499147
119547.10024646213	1000.0	1578.1129493464002	0.0	0	0.0	3125.2131958086247	1	0	1	1.0002068642499147
120080.18279439502	1000.0	2045.0304014135143	0.0	0	0.0	3125.2131958086247	1	0	1	1.0002068642499147
121429.69868995014	2000.0	1695.5145058583923	0.0	0	0.0	3125.2131958086247	1	0	1	1.0002068642499145
122043.62413959306	1000.0	2081.5890562154696	0.0	0	0.0	3125.21319580861	1	0	1	0.3070596836899723
122856.1201643788	2000.0	2269.093031429729	0.0	0	0.0	3125.21319580861	1	0	1	1.0002068642499173
124022.04178461977	2000.0	2103.171411188766	0.0	0	0.0	3125.2131958086247	1	0	1	1.6933540448098596
125403.3112166536	2000.0	1721.9019791549292	0.0	0	0.0	3125.2131958086393	1	0	1	1.6933540448098565
126180.35010672898	1000.0	1944.8630890795603	0.0	0	0.0	3125.2131958086393	1	0	1	0.3070596836899664
127123.39323572491	1000.0	2001.8199600836178	0.0	0	0.0	3125.2131958086393	1	0	1	1.0002068642499116
127855.23606609306	1000.0	2269.9771297154666	0.0	0	0.0	3125.2131958086393	1	0	1	1.0002068642499116
128468.28526501672	1000.0	2656.9279307918114	0.0	0	0.0	3125.2131958086393	1	0	1	1.0002068642499116
129643.13882851036	2000.0	2482.074367298169	0.0	0	0.0	3125.2131958086393	1	0	1	1.0002068642499116
130934.73162875386	2000.0	2190.4815670546623	0.0	0	0.0	3125.2131958086393	1	0	1	1.6933540448098565
132341.07641133896	2000.0	1784.1367844695314	0.0	0	0.0	3125.21319580861	1	0	1	1.693354044809859
132856.1651604878	1000.0	2269.048035320684	0.0	0	0.0	3125.21319580861	1	0	1	0.30705968368997344
134150.63337291422	2000.0	1974.579822894288	0.0	0	0.0	3125.2131958086393	1	0	1	1.0002068642499133
134703.58853425618	1000.0	2421.6246615523373	0.0	0	0.0	3125.2131958086684	1	0	1	0.3070596836899605
136350.29107317718	2000.0	1774.9221226313593	0.0	0	0.0	3125.2131958086684	1	0	1	1.0002068642499056
136882.0118642032	1000.0	2243.2013316053453	0.0	0	0.0	3125.2131958086684	1	0	1	0.3070596836899605
138227.93601775327	2000.0	1897.2771780552832	0.0	0	0.0	3125.2131958086975	1	0	1	1.0002068642498998
139408.40696796714	2000.0	1716.806227841411	0.0	0	0.0	3125.2131958086975	1	0	1	1.693354044809845
140064.70026002752	1000.0	2060.5129357810506	0.0	0	0.0	3125.2131958086975	1	0	1	0.3070596836899547
141512.78832407403	2000.0	1612.4248717345008	0.0	0	0.0	3125.2131958086975	1	0	1	1.0002068642498998
142373.88806764386	1000.0	1751.3251281646387	0.0	0	0.0	3125.2131958086684	1	0	1	0.3070596836899605
143027.03228721177	1000.0	2098.1809085967325	0.0	0	0.0	3125.2131958086684	1	0	1	1.0002068642499058
143841.84061528518	1000.0	2283.3725805233325	0.0	0	0.0	3125.2131958086684	1	0	1	1.0002068642499058
145400.68746412976	1000.0	1724.5257316787438	0.0	0	0.0	3125.2131958086975	1	0	1	1.0002068642498998
146649.778113104	1000.0	1475.435082704489	0.0	0	0.0	3125.2131958086975	1	0	1	1.0002068642498998
147195.9255306325	1000.0	1929.2876651759823	0.0	0	0.0	3125.2131958086975	1	0	1	1.0002068642498998
148473.088723713	2000.0	1652.1244720954687	0.0	0	0.0	3125.2131958086975	1	0	1	1.0002068642498998
149372.4108650545	1000.0	1752.8023307539595	0.0	0	0.0	3125.2131958086975	1	0	1	0.3070596836899547
150085.31523750012	1000.0	2039.8979583083253	0.0	0	0.0	3125.2131958086975	1	0	1	1.0002068642498998
151110.72124155913	2000.0	2014.4919542492867	0.0	0	0.0	3125.2131958086975	1	0	1	1.0002068642498998
152197.74192699994	2000.0	1927.471268808457	0.0	0	0.0	3125.2131958086975	1	0	1	1.693354044809845
153075.23757286355	1000.0	2049.9756229448717	0.0	0	0.0	3125.2131958086975	1	0	1	0.3070596836899547
153888.28212677385	1000.0	2236.9310690345515	0.0	0	0.0	3125.2131958086975	1	0	1	1.0002068642498998
154360.15882488352	1000.0	2765.054370924866	0.0	0	0.0	3125.2131958086684	1	0	1	1.0002068642499058
155889.11912700758	2000.0	2236.0940688007945	0.0	0	0.0	3125.2131958086684	1	0	1	1.0002068642499056
157708.01283286457	2000.0	1417.2003629438366	0.0	0	0.0	3125.2131958086684	1	0	1	1.6933540448098507
158519.18414431543	1000.0	1606.0290514929848	0.0	0	0.0	3125.2131958086684	1	0	1	0.3070596836899605
159072.93318044237	1000.0	2052.280015366041	0.0	0	0.0	3125.2131958086684	1	0	1	1.0002068642499058
160365.3303892636	2000.0	1759.882806544821	0.0	0	0.0	3125.2131958086684	1	0	1	1.0002068642499056
161373.2755192798	1000.0	1751.9376765286604	0.0	0	0.0	3125.2131958086975	1	0	1	0.3070596836899547
161952.21170485808	1000.0	2173.001490950376	0.0	0	0.0	3125.2131958086975	1	0	1	1.0002068642498998
163330.3720944784	2000.0	1794.8411013300433	0.0	0	0.0	3125.2131958086684	1	0	1	1.0002068642499033
164034.74595542147	1000.0	2090.4672403869636	0.0	0	0.0	3125.2131958086684	1	0	1	0.3070596836899605
164795.4708467974	1000.0	2329.742349011023	0.0	0	0.0	3125.2131958086975	1	0	1	1.0002068642498998
166091.58652344058	1000.0	2033.626672367856	0.0	0	0.0	3125.2131958086975	1	0	1	1.0002068642498998
166785.56630102816	1000.0	2339.6468947802614	0.0	0	0.0	3125.2131958086975	1	0	1	1.0002068642498998
167555.46098079826	1000.0	2569.7522150101677	0.0	0	0.0	3125.2131958086975	1	0	1	1.0002068642498998
169659.38426244308	2000.0	1465.828933365346	0.0	0	0.0	3125.2131958086975	1	0	1	1.0002068642498998
170639.87172619285	1000.0	1485.3414696155482	0.0	0	0.0	3125.2131958087266	1	0	1	0.30705968368994874
171500.26659919185	1000.0	1624.946596616541	0.0	0	0.0	3125.2131958087266	1	0	1	1.0002068642498938
172329.6093551177	1000.0	1795.603840690687	0.0	0	0.0	3125.2131958087266	1	0	1	1.0002068642498938
173326.0321984222	2000.0	1799.1809973861534	0.0	0	0.0	3125.2131958087266	1	0	1	1.000206864249894
175241.6280296513	2000.0	883.5851661570749	0.0	0	0.0	3125.2131958087266	1	0	1	1.6933540448098392
176219.5410108875	1000.0	905.6721849208279	0.0	0	0.0	3125.2131958086975	1	0	1	0.30705968368995235
177074.42740398855	1000.0	1050.7857918197947	0.0	0	0.0	3125.2131958087266	1	0	1	1.0002068642498938
178151.16965325797	1000.0	974.0435425503654	0.0	0	0.0	3125.2131958087266	1	0	1	1.0002068642498938
178862.79953551368	1000.0	1262.4136602946662	0.0	0	0.0	3125.2131958087266	1	0	1	1.0002068642498938
180149.01560962066	1000.0	976.1975861876666	0.0	0	0.0	3125.2131958087557	1	0	1	1.000206864249888
180941.94690028086	1000.0	1183.2662955274395	0.0	0	0.0	3125.2131958087557	1	0	1	1.000206864249888
181778.3882380583	1000.0	1346.8249577499932	0.0	0	0.0	3125.2131958087557	1	0	1	1.000206864249888
182349.21388213415	1000.0	1775.9993136741168	0.0	0	0.0	3125.2131958087557	1	0	1	1.000206864249888
183131.4390252351	2000.0	1993.7741705731391	0.0	0	0.0	3125.2131958087557	1	0	1	1.0002068642498878
184103.81912417774	2000.0	2021.3940716304987	0.0	0	0.0	3125.2131958087557	1	0	1	1.6933540448098379
185865.27264354457	2000.0	1259.9405522636484	0.0	0	0.0	3125.2131958087266	1	0	1	1.6933540448098392
186653.66744366504	1000.0	1471.5457521431542	0.0	0	0.0	3125.2131958087266	1	0	1	0.30705968368994874
187242.5093037547	1000.0	1882.703892053497	0.0	0	0.0	3125.2131958087557	1	0	1	1.000206864249888
188288.61524210605	2000.0	1836.597953702141	0.0	0	0.0	3125.2131958087557	1	0	1	1.0002068642498878
189075.68672738597	2000.0	2049.5264684222207	0.0	0	0.0	3125.2131958087557	1	0	1	1.6933540448098294
190493.3783189365	2000.0	1631.8348768716783	0.0	0	0.0	3125.2131958087557	1	0	1	1.693354044809833
191474.1391611998	1000.0	1651.0740346083862	0.0	0	0.0	3125.2131958087557	1	0	1	0.30705968368994285
192231.79973543106	1000.0	1893.413460377146	0.0	0	0.0	3125.2131958087266	1	0	1	1.0002068642498938
193076.76873730196	2000.0	2048.444458506212	0.0	0	0.0	3125.2131958087266	1	0	1	1.000206864249894
194420.67846173127	2000.0	1704.534734076917	0.0	0	0.0	3125.2131958087557	1	0	1	1.6933540448098365
195151.25440203288	1000.0	1973.9587937753156	0.0	0	0.0	3125.2131958087557	1	0	1	0.30705968368994285
196435.61050735746	2000.0	1689.602688450768	0.0	0	0.0	3125.213195808785	1	0	1	1.0002068642498831
197485.1711089624	2000.0	1640.0420868458214	0.0	0	0.0	3125.213195808785	1	0	1	1.6933540448098272
198208.7242325841	1000.0	1916.488963224115	0.0	0	0.0	3125.213195808785	1	0	1	0.30705968368993697
199488.12379053407	2000.0	1637.0894052741633	0.0	0	0.0	3125.213195808785	1	0	1	1.000206864249882
200019.60185890764	1000.0	2105.6113369006325	0.0	0	0.0	3125.213195808814	1	0	1	0.30705968368993464
201422.94828221606	2000.0	1702.2649135921818	0.0	0	0.0	3125.213195808785	1	0	1	1.0002068642498796
202072.28815663027	1000.0	2052.9250391779897	0.0	0	0.0	3125.213195808785	1	0	1	0.30705968368993697
203143.60972463276	1000.0	1981.6034711755085	0.0	0	0.0	3125.213195808785	1	0	1	1.0002068642498823
204095.0010837448	1000.0	2030.2121120634654	0.0	0	0.0	3125.2131958087557	1	0	1	1.0002068642498845
204786.09050602492	1000.0	2339.1226897833276	0.0	0	0.0	3125.2131958087557	1	0	1	1.000206864249888
205714.43883048435	1000.0	2410.774365323903	0.0	0	0.0	3125.213195808785	1	0	1	1.0002068642498823
206720.42126295835	2000.0	2404.7919328499142	0.0	0	0.0	3125.213195808785	1	0	1	1.000206864249882
208365.20850133518	2000.0	1760.0046944730677	0.0	0	0.0	3125.213195808785	1	0	1	1.6933540448098272
209259.98077843196	1000.0	1865.2324173763004	0.0	0	0.0	3125.213195808785	1	0	1	0.30705968368993697
209857.52151633904	1000.0	2267.6916794692174	0.0	0	0.0	3125.213195808785	1	0	1	1.0002068642498823
211046.028477683	2000.0	2079.184718125279	0.0	0	0.0	3125.2131958087557	1	0	1	1.0002068642498878
211843.2161798097	2000.0	2281.997015998558	0.0	0	0.0	3125.2131958087557	1	0	1	1.693354044809833
212963.40444948748	2000.0	2161.808746320764	0.0	0	0.0	3125.2131958087557	1	0	1	1.693354044809833
214204.56471524504	2000.0	1920.6484805631926	0.0	0	0.0	3125.2131958087557	1	0	1	1.693354044809833
215494.30349671323	2000.0	1630.9096990950256	0.0	0	0.0	3125.2131958087557	1	0	1	1.693354044809833
216035.19538108245	1000.0	2090.0178147258093	0.0	0	0.0	3125.2131958087557	1	0	1	0.30705968368994285
217310.48757475353	2000.0	1814.7256210547403	0.0	0	0.0	3125.2131958087557	1	0	1	1.0002068642498878
218313.43224643875	2000.0	1811.7809493695404	0.0	0	0.0	3125.213195808785	1	0	1	1.6933540448098272
219298.33649244325	2000.0	1826.876703365055	0.0	0	0.0	3125.2131958087557	1	0	1	1.693354044809833
220650.70182003375	1000.0	1474.511375774571	0.0	0	0.0	3125.2131958087557	1	0	1	0.30705968368994285
221699.00865115065	1000.0	1426.204544657661	0.0	0	0.0	3125.2131958087557	1	0	1	1.000206864249888
222300.01671772206	1000.0	1825.1964780862652	0.0	0	0.0	3125.2131958087557	1	0	1	1.000206864249888
223143.8552736863	1000.0	1981.3579221220384	0.0	0	0.0	3125.2131958087557	1	0	1	1.000206864249888
223890.2414963873	1000.0	2234.9716994210585	0.0	0	0.0	3125.2131958087557	1	0	1	1.000206864249888
224563.27322152886	1000.0	2561.939974279493	0.0	0	0.0	3125.2131958087557	1	0	1	1.000206864249888
226276.52121414494	2000.0	1848.6919816633858	0.0	0	0.0	3125.2131958087266	1	0	1	1.0002068642498902
227596.91326266737	2000.0	1396.2607282887532	0.0	0	0.0	2993.1739909565367	1	0	2	1.3126217192151712
228670.2469911285	2000.0	1322.926999827637	0.0	0	0.0	2993.1739909565367	1	0	1	1.518536686292723
229195.08957376145	1000.0	1798.0844171946765	0.0	0	0.0	2993.1739909565367	1	0	1	0.3322423251728327
230521.70913475932	2000.0	1471.4648561968063	0.0	0	0.0	2993.173990956566	1	0	1	1.0253895057327727
231269.27307884488	1000.0	1723.9009121112558	0.0	0	0.0	2993.173990956566	1	0	1	0.3322423251728276
232421.18157638478	2000.0	1571.9924145713053	0.0	0	0.0	2993.173990956566	1	0	1	1.0253895057327727
232911.87760824183	1000.0	2081.2963827142476	0.0	0	0.0	2993.173990956566	1	0	1	0.3322423251728276
234806.08536455643	2000.0	1187.0886263996463	0.0	0	0.0	2993.173990956595	1	0	1	1.0253895057327673
235495.58468627202	500.0	1497.5893046840433	0.0	0	0.0	2993.173990956595	1	0	1	-1.0540520359470684
236569.30109684108	1000.0	1423.8728941149895	0.0	0	0.0	2993.173990956595	1	0	1	0.3322423251728221
237476.7721220997	1000.0	1516.4018688563704	0.0	0	0.0	2993.173990956595	1	0	1	1.0253895057327675
238305.35010154918	1000.0	1687.8238894069339	0.0	0	0.0	2993.173990956624	1	0	1	1.0253895057327622
239191.64597452208	1000.0	1801.5280164340084	0.0	0	0.0	2993.173990956595	1	0	1	1.0253895057327664
240889.67069685686	2000.0	1103.503294099206	0.0	0	0.0	2993.173990956595	1	0	1	1.0253895057327673
241540.926665694	1000.0	1452.2473252620898	0.0	0	0.0	2993.173990956566	1	0	1	0.3322423251728276
242261.188716145	1000.0	1731.9852748110775	0.0	0	0.0	2993.173990956595	1	0	1	1.0253895057327675
243399.10523638013	2000.0	1594.0687545759342	0.0	0	0.0	2993.173990956595	1	0	1	1.0253895057327673
244531.82815478975	2000.0	1461.3458361663108	0.0	0	0.0	2993.173990956595	1	0	1	1.7185366862927127
245853.33115364987	2000.0	1139.8428373062065	0.0	0	0.0	2993.173990956595	1	0	1	1.7185366862927127
246408.07778111543	1000.0	1585.0962098406458	0.0	0	0.0	2993.173990956595	1	0	1	0.3322423251728223
247937.11207768682	2000.0	1056.061913269292	0.0	0	0.0	2993.173990956595	1	0	1	1.0253895057327673
248767.54820710837	1000.0	1225.6257838477434	0.0	0	0.0	2993.173990956595	1	0	1	0.3322423251728223
249635.91148485104	1000.0	1357.2625061050471	0.0	0	0.0	2993.173990956595	1	0	1	1.0253895057327675
250268.71023853854	1000.0	1724.4637524175273	0.0	0	0.0	2993.173990956566	1	0	1	1.0253895057327727
252019.18354904046	2000.0	973.9904419155823	0.0	0	0.0	2993.1739909565367	1	0	1	1.0253895057327738
252645.42244823018	1000.0	1347.7515427259027	0.0	0	0.0	2993.1739909565367	1	0	1	0.3322423251728327
253261.69450356858	1000.0	1731.4794873875212	0.0	0	0.0	2993.173990956566	1	0	1	1.0253895057327727
254654.11408263238	1000.0	1339.0599083237007	0.0	0	0.0	2993.173990956566	1	0	1	1.0253895057327727
255211.19239387038	500.0	1781.9815970857248	0.0	0	0.0	2993.173990956595	1	0	1	-0.3609048553871236
256822.95852843864	1000.0	1170.2154625174653	0.0	0	0.0	2993.173990956566	1	0	1	0.33224232517282737
257395.30793322244	500.0	1597.8660577336555	0.0	0	0.0	2993.173990956595	1	0	1	-0.3609048553871236
258365.25528145445	1000.0	1627.9187095016644	0.0	0	0.0	2993.173990956624	1	0	1	0.3322423251728168
259233.44287512818	1000.0	1759.7311158279426	0.0	0	0.0	2993.173990956624	1	0	1	1.0253895057327622
260245.33623128472	1000.0	1747.8377596714224	0.0	0	0.0	2993.173990956653	1	0	1	1.02538950573276
261309.83071885796	1000.0	1683.3432720981896	0.0	0	0.0	2993.1739909566822	1	0	1	1.0253895057327518
262207.84459544683	1000.0	1785.3293955093175	0.0	0	0.0	2993.1739909567114	1	0	1	1.0253895057327507
263128.7121267333	1000.0	1864.4618642228265	0.0	0	0.0	2993.1739909566822	1	0	1	1.0253895057327487
264053.3964624535	1000.0	1939.7775285026323	0.0	0	0.0	2993.173990956624	1	0	1	1.025389505732757
265310.84021879267	1000.0	1682.3337721633916	0.0	0	0.0	2993.173990956566	1	0	1	1.0253895057327655
266230.6604965312	1000.0	1762.5134944248503	0.0	0	0.0	2993.173990956566	1	0	1	1.0253895057327727
267043.70121931355	1000.0	1949.4727716424786	0.0	0	0.0	2993.1739909565076	1	0	1	1.0253895057327769
267625.14386946126	1000.0	2368.0301214947367	0.0	0	0.0	2993.1739909565076	1	0	1	1.025389505732783
268921.8167795978	2000.0	2071.3572113582673	0.0	0	0.0	2993.173990956566	1	0	1	1.0253895057327727
269841.6070831253	1000.0	2151.566907830783	0.0	0	0.0	2993.173990956566	1	0	1	0.3322423251728276
271083.2118852018	2000.0	1909.9621057543063	0.0	0	0.0	2993.173990956566	1	0	1	1.0253895057327727
271966.00837853726	2000.0	1938.8859630852962	0.0	0	0.0	2904.8943416230613	1	0	2	1.3298131753041613
273097.0651934527	2000.0	1807.8291481699118	0.0	0	0.0	2904.8943416231195	1	0	1	1.5337721023194184
274024.4374220538	2000.0	1880.4569195688607	0.0	0	0.0	2904.8943416231195	1	0	1	1.7337721023194186
275251.9001501329	2000.0	1652.9941914897995	0.0	0	0.0	2904.8943416231778	1	0	1	1.7337721023194148
276026.7148195399	1000.0	1878.1795220828233	0.0	0	0.0	2904.8943416231778	1	0	1	0.3474777411995187
276747.7078359338	1000.0	2157.186505688979	0.0	0	0.0	2904.8943416231778	1	0	1	1.0406249217594639
277355.2817394539	1000.0	2549.612602168894	0.0	0	0.0	2904.8943416231778	1	0	1	1.0406249217594639
278349.674531318	2000.0	2555.219810304758	0.0	0	0.0	2904.8943416231778	1	0	1	1.040624921759464
279279.41149266984	2000.0	2625.482848952947	0.0	0	0.0	2904.8943416231778	1	0	1	1.733772102319409
280336.3406933467	2000.0	2568.553648276134	0.0	0	0.0	2904.894341623236	1	0	1	1.7337721023193995
282058.65456707217	2000.0	1846.2397745505973	0.0	0	0.0	2904.894341623236	1	0	1	1.7337721023193995
282879.06828475057	1000.0	2025.8260568721284	0.0	0	0.0	2904.894341623236	1	0	1	0.34747774119950914
284461.51232622174	2000.0	1443.382015401012	0.0	0	0.0	2904.894341623294	1	0	1	1.0406249217594445
284979.7092813406	1000.0	1925.1850602821748	0.0	0	0.0	2904.894341623236	1	0	1	0.34747774119950137
286235.58748270397	2000.0	1669.306858918763	0.0	0	0.0	2904.894341623236	1	0	1	1.04062492175946
287236.57446139207	1000.0	1668.319880230626	0.0	0	0.0	2904.894341623236	1	0	1	0.34747774119950914
288401.06155567715	2000.0	1503.8327859455433	0.0	0	0.0	2904.894341623236	1	0	1	1.0406249217594543
289118.2270069308	1000.0	1786.6673346919022	0.0	0	0.0	2904.894341623236	1	0	1	0.34747774119950914
289662.8817800482	1000.0	2242.0125615745333	0.0	0	0.0	2904.894341623236	1	0	1	1.0406249217594543
291123.0180868357	2000.0	1781.8762547869967	0.0	0	0.0	2904.8943416231778	1	0	1	1.040624921759456
291668.25655478076	1000.0	2236.637786841885	0.0	0	0.0	2904.8943416231195	1	0	1	0.3474777411995283
294508.5773056505	2000.0	396.31703597214465	0.0	0	0.0	2904.8943416231778	1	0	1	1.0406249217594659
295077.8872572074	500.0	827.0070844152975	0.0	0	0.0	2904.8943416231778	1	0	1	-1.0388166199203719
296022.7544750111	1000.0	882.1398666116927	0.0	0	0.0	2904.8943416231778	1	0	1	0.34747774119951846
296759.31791680446	1000.0	1145.5764248182682	0.0	0	0.0	2904.8943416231195	1	0	1	1.0406249217594734
297546.7205206265	1000.0	1358.1738209962175	0.0	0	0.0	2904.8943416231195	1	0	1	1.0406249217594734
298139.15841723874	1000.0	1765.735924383991	0.0	0	0.0	2904.894341623236	1	0	1	1.040624921759458
299040.36542553327	1000.0	1864.5289160894574	0.0	0	0.0	2904.8943416231778	1	0	1	1.040624921759458
300207.16251779324	2000.0	1581.0521146035087	0.0	0	0.0	2788.2146323971683	1	0	2	0.6546368171218646
301872.03518461395	2000.0	916.179447782752	0.0	0	0.0	2788.2146323971683	1	0	1	1.5521120001156326
1.34	1.24	1.27	1.6	2.04	1.15	1.4	1.16	1.45	1.18	0.64	1.22	1.46	1.32	1.0	1.39	1.59	1.76	2.19	0.98	1.02	1.31	0.91	1.48	0.74	1.07	1.22	2.25	2.24	1.05	1.04	1.0	1.66	2.49	2.25	1.26	1.26	1.89	2.4	1.16	1.45	1.77	1.4	1.53	1.89	1.74	1.55	1.27	0.93	1.14	1.6	1.55	0.96	1.54	1.54	1.86	2.03	1.71	1.69	2.03	1.54	1.86	2.58	2.69	1.1	0.92	1.3	1.6	1.26	2.06	1.16	1.63	1.97	2.02	1.41	1.12	2.2	1.66	1.42	0.76	1.04	1.38	1.29	0.86	1.87	1.17	1.59	1.97	2.09	2.14	1.58	1.76	1.48	1.6	1.37	1.83	1.19	1.67	1.32	0.56	0.8	0.89	1.01	1.23	1.2	0.89	1.24	1.44	1.04	1.16	0.87	1.18	1.48	1.41	1.46	1.52	2.1	1.37	1.78	1.4	1.04	1.42	1.91	1.44	1.99	1.45	1.56	1.56	1.38	1.61	1.58	1.15	1.95	1.58	1.4	1.29	1.39	1.22	0.73	0.72	1.29	1.93	1.7	1.26	1.73	1.88	1.44	1.18	2.09	1.71	1.34	1.24	1.27	1.6	2.04	1.15	1.4	1.16	1.45	1.18	0.64	1.22	1.46	1.32	1.0	1.39	1.59	1.76	2.19	0.98	1.02	1.31	0.91	1.48	0.74	1.07	1.22	2.25	2.24	1.05	1.04	1.0	1.66	2.49	2.25	1.26	1.26	1.89	2.4	1.16	1.45	1.77	1.4	1.53	1.89	1.74	1.55	1.27	0.93	1.14	1.6	1.55	0.96	1.54	1.54	1.86	2.03	1.71	1.69	2.03	1.54	1.86	2.58	2.69	1.1	0.92	1.3	1.6	1.26	2.06	1.16	1.63	1.97	2.02	1.41	1.12	2.2	1.66	1.42	0.76	1.04	1.38	1.29	0.86	1.87	1.17	1.59	1.97	2.09	2.14	1.58	1.76	1.48	1.6	1.37	1.83	1.19	1.67	1.32	0.56	0.8	0.89	1.01	1.23	1.2	0.89	1.24	1.44	1.04	1.16	0.87	1.18	1.48	1.41	1.46	1.52	2.1	1.37	1.78	1.4	1.04	1.42	1.91	1.44	1.99	1.45	1.56	1.56	1.38	1.61	1.58	1.15	1.95	1.58	1.4	1.29	1.39	1.22	0.73	0.72	1.29	1.93	1.7	1.26	1.73	1.88	1.44	1.18
1.0	2.0	3.0	4.0	5.0	6.0	7.0	8.0	9.0	10.0	11.0	12.0	13.0	14.0	15.0	16.0	17.0	18.0	19.0	20.0	21.0	22.0	23.0	24.0	25.0	26.0	27.0	28.0	29.0	30.0	31.0	32.0	33.0	34.0	35.0	36.0	37.0	38.0	39.0	40.0	41.0	42.0	43.0	44.0	45.0	46.0	47.0	48.0	49.0	50.0	51.0	52.0	53.0	54.0	55.0	56.0	57.0	58.0	59.0	60.0	61.0	62.0	63.0	64.0	65.0	66.0	67.0	68.0	69.0	70.0	71.0	72.0	73.0	74.0	75.0	76.0	77.0	78.0	79.0	80.0	81.0	82.0	83.0	84.0	85.0	86.0	87.0	88.0	89.0	90.0	91.0	92.0	93.0	94.0	95.0	96.0	97.0	98.0	99.0	100.0	101.0	102.0	103.0	104.0	105.0	106.0	107.0	108.0	109.0	110.0	111.0	112.0	113.0	114.0	115.0	116.0	117.0	118.0	119.0	120.0	121.0	122.0	123.0	124.0	125.0	126.0	127.0	128.0	129.0	130.0	131.0	132.0	133.0	134.0	135.0	136.0	137.0	138.0	139.0	140.0	141.0	142.0	143.0	144.0	145.0	146.0	147.0	148.0	149.0	149.0	150.0	151.0	152.0	153.0	154.0	155.0	156.0	157.0	158.0	159.0	160.0	161.0	162.0	163.0	164.0	165.0	166.0	167.0	168.0	169.0	170.0	171.0	172.0	173.0	174.0	175.0	176.0	177.0	178.0	179.0	180.0	181.0	182.0	183.0	184.0	185.0	186.0	187.0	188.0	189.0	190.0	191.0	192.0	193.0	194.0	195.0	196.0	197.0	198.0	199.0	200.0	201.0	202.0	203.0	204.0	205.0	206.0	207.0	208.0	209.0	210.0	211.0	212.0	213.0	214.0	215.0	216.0	217.0	218.0	219.0	220.0	221.0	222.0	223.0	224.0	225.0	226.0	227.0	228.0	229.0	230.0	231.0	232.0	233.0	234.0	235.0	236.0	237.0	238.0	239.0	240.0	241.0	242.0	243.0	244.0	245.0	246.0	247.0	248.0	249.0	250.0	251.0	252.0	253.0	254.0	255.0	256.0	257.0	258.0	259.0	260.0	261.0	262.0	263.0	264.0	265.0	266.0	267.0	268.0	269.0	270.0	271.0	272.0	273.0	274.0	275.0	276.0	277.0	278.0	279.0	280.0	281.0	282.0	283.0	284.0	285.0	286.0	287.0	288.0	289.0	290.0	291.0	292.0	293.0	294.0	295.0	296.0	297.0
5946.713018743271
