3937.834554457896	300.0	2000.0	197.58749945493707	0	0.0	3937.834554457896	1	0	1	-1.6090224968893614
5408.361616636933	2000.0	1529.472937820962	0.0	0	0.0	3937.834554457895	1	0	1	-0.4414250687952866
5894.934646454172	1000.0	2042.8999080037236	0.0	0	0.0	3937.834554457896	1	0	1	0.06940055497070446
7192.236243635068	2000.0	1745.5983108228286	0.0	0	0.0	3937.834554457896	1	0	1	0.7625477355306494
7981.07632648581	2000.0	1877.874219687012	0.0	0	0.0	3858.9505461728213	1	0	2	1.078765930333164
9109.869454266664	2000.0	1636.2017791280732	0.0	0	0.0	3746.0712333947376	1	0	2	1.3163270630202377
9922.94288667884	2000.0	1741.8210034746783	0.0	0	0.0	3664.7638901535192	1	0	2	1.3476623804267214
10578.883492242116	2000.0	2085.880397911404	0.0	0	0.0	3664.7638901535192	1	0	1	1.3540246308234942
11464.1365408191	2000.0	2200.6273493344197	0.0	0	0.0	3664.7638901535183	1	0	1	1.5540246308234948
12405.47917400965	2000.0	2259.28471614387	0.0	0	0.0	3664.7638901535192	1	0	1	1.5540246308234944
13325.80462912189	2000.0	2246.926715520407	0.0	0	0.0	3572.731344642296	1	0	2	1.175857851037701
14260.946766923666	2000.0	2311.7845777186326	0.0	0	0.0	3572.731344642296	1	0	1	1.3825431961421204
15439.166939828145	2000.0	2133.5644048141535	0.0	0	0.0	3572.731344642296	1	0	1	1.5825431961421206
16682.79526102279	2000.0	1765.5732515000411	0.0	0	0.0	3448.368512522831	1	0	2	1.2076547245334859
17730.111756927272	2000.0	1718.256755595564	0.0	0	0.0	3448.368512522835	1	0	1	1.4177426494698733
18512.890080571182	2000.0	1857.2005995872655	0.0	0	0.0	3370.0906801584442	1	0	2	1.2333091070365612
19252.688802916982	2000.0	2117.401877241463	0.0	0	0.0	3370.0906801584406	1	0	1	1.4380579272419265
20146.41267067513	2000.0	2223.678009483315	0.0	0	0.0	3370.0906801584388	1	0	1	1.638057927241927
20820.573089814086	2000.0	2482.101548430462	0.0	0	0.0	3302.6746382445417	1	0	2	1.2505323270162145
21486.426207290908	2000.0	2749.66311920596	0.0	0	0.0	3236.0893264968654	1	0	2	1.465829680104918
22200.0	3000.0	2964.7319472259596	0.0	0	60.01383527303915	3164.731947225955	1	0	2	1.4809347604716536
23200.0	3000.0	2864.731947225965	0.0	0	166.70857362428796	3064.731947225966	1	0	2	1.9039406771852652
24572.070963688075	3000.0	2355.453887169083	0.0	0	0.0	2927.5248508571567	1	0	2	1.9289745560202638
25582.92720977651	3000.0	2243.512016471802	0.0	0	0.0	2826.4392262483125	1	0	2	1.947704296287752
26325.549686932958	2000.0	2426.6272915997124	0.0	0	0.0	2752.1769785326724	1	0	2	1.1491038794124158
27250.15259464496	3000.0	2409.5640931165085	0.0	0	0.0	2659.7166877614727	1	0	2	1.5668202267966196
28200.0	2000.0	2364.7319472259633	0.0	0	222.3958496985324	2564.7319472259696	1	0	2	1.1725914333306195
29632.76658068705	3000.0	1788.6887084702048	0.0	0	0.0	2421.455289157253	1	0	2	1.5944062057607016
30442.635995233464	2000.0	1978.8192939237924	0.0	0	0.0	2421.455289157253	1	0	1	1.1929128080738307
31200.0	2000.0	2221.45528915726	0.0	0	64.74407765743672	2421.455289157253	1	0	1	1.7983779161819955
32258.811675393812	2000.0	2162.643613763446	0.0	0	0.0	2421.455289157253	1	0	1	1.7983779161819955
33570.73268505378	2000.0	1850.7226041034842	0.0	0	0.0	2421.4552891572603	1	0	1	1.798377916181995
34725.351736609526	2000.0	1696.1035525477425	0.0	0	0.0	2421.4552891572675	1	0	1	1.7983779161819946
35838.149086061734	2000.0	1583.3062030955384	0.0	0	0.0	2421.455289157275	1	0	1	1.7983779161819937
36554.94053943466	2000.0	1866.5147497226105	0.0	0	0.0	2421.455289157275	1	0	1	1.7983779161819933
37729.90506413393	2000.0	1691.5502250233499	0.0	0	0.0	2421.455289157282	1	0	1	1.7983779161819924
38695.80496983662	2000.0	1725.6503193206545	0.0	0	0.0	2421.455289157282	1	0	1	1.7983779161819924
39504.340744575595	2000.0	1917.1145445816887	0.0	0	0.0	2421.455289157282	1	0	1	1.7983779161819924
40383.19157763464	2000.0	2038.2637115226441	0.0	0	0.0	2421.455289157282	1	0	1	1.7983779161819924
41559.15979429393	2000.0	1862.2954948633505	0.0	0	0.0	2421.455289157275	1	0	1	1.7983779161819933
42320.42063417445	2000.0	2101.034654982829	0.0	0	0.0	2421.455289157275	1	0	1	1.7983779161819933
43424.53934642282	2000.0	1996.9159427344582	0.0	0	0.0	2421.455289157275	1	0	1	1.7983779161819933
44291.788122194535	2000.0	2129.667166962739	0.0	0	0.0	2421.455289157275	1	0	1	1.7983779161819933
45207.76278400277	2000.0	2213.6925051545086	0.0	0	0.0	2421.455289157282	1	0	1	1.7983779161819924
46200.0	2000.0	2221.4552891572775	0.0	0	5.73522918218805	2421.455289157282	1	0	1	1.7983779161819924
47221.56384578821	2000.0	2199.891443369077	0.0	0	0.0	2421.455289157282	1	0	1	1.7983779161819924
48200.0	2000.0	2221.455289157296	0.0	0	150.88459360383422	2421.455289157282	1	0	1	1.7983779161819924
49200.0	2000.0	2221.455289157296	0.0	0	230.9256884608185	2421.455289157282	1	0	1	1.7983779161819924
50200.0	3000.0	2121.4552891572976	0.0	0	64.24679797951103	2321.4552891572894	1	0	2	1.4056021791775513
51200.0	3000.0	2021.4552891572948	0.0	0	205.67363006652158	2221.455289157275	1	0	2	2.020255179066801
52200.0	3000.0	1921.4552891573048	0.0	0	425.19290622607514	2121.455289157282	1	0	2	2.0283699160627124
53200.0	3000.0	1821.4552891573053	0.0	0	435.44707742292667	2021.4552891572894	1	0	2	2.0361284921482783
54418.47991732352	3000.0	1481.1273801014213	0.0	0	0.0	1899.6072974249182	1	0	2	2.044860537558523
55427.558286026615	2000.0	1472.0490113983253	0.0	0	0.0	1899.6072974249182	1	0	1	1.2363605577914767
56313.960382483085	2000.0	1585.6469149418488	0.0	0	0.0	1899.607297424911	1	0	1	1.8418256658996421
57200.0	2000.0	1699.6072974249366	0.0	0	339.28756410795177	1899.607297424911	1	0	1	1.8418256658996421
58200.0	2000.0	1699.6072974249407	0.0	0	464.00567890457023	1899.607297424911	1	0	1	1.8418256658996421
59200.0	2000.0	1699.6072974249435	0.0	0	308.6418527115238	1899.607297424911	1	0	1	1.8418256658996421
60200.0	2000.0	1699.6072974249441	0.0	0	344.79934219252755	1899.607297424911	1	0	1	1.8418256658996421
61200.0	2000.0	1699.6072974249353	0.0	0	184.4414460016269	1899.6072974249037	1	0	1	1.8418256658996426
62287.03971270784	2000.0	1612.5675847170992	0.0	0	0.0	1899.6072974248964	1	0	1	1.841825665899643
63379.6763833285	2000.0	1519.9309140964388	0.0	0	0.0	1899.6072974249037	1	0	1	1.8418256658996426
64415.61895686883	2000.0	1483.9883405561202	0.0	0	0.0	1899.6072974249037	1	0	1	1.8418256658996426
65200.0	2000.0	1699.6072974249473	0.0	0	18.385457816191774	1899.6072974249037	1	0	1	1.8418256658996426
66200.0	2000.0	1699.6072974249348	0.0	0	369.55781862014555	1899.607297424889	1	0	1	1.841825665899643
67200.0	2000.0	1699.607297424937	0.0	0	301.74480520510406	1899.607297424889	1	0	1	1.8418256658996437
68200.0	2000.0	1699.6072974249282	0.0	0	184.31473580244347	1899.6072974248964	1	0	1	1.841825665899643
69957.09182907206	2000.0	942.5154683528737	0.0	0	0.0	1899.6072974248964	1	0	1	1.841825665899643
70718.06002936474	1000.0	1181.5472680601883	0.0	0	0.0	1899.6072974248964	1	0	1	0.4555313047797526
71523.9038092441	2000.0	1375.7034881808318	0.0	0	0.0	1899.6072974248818	1	0	1	1.148678485339699
72825.09477822376	2000.0	1074.5125192011574	0.0	0	0.0	1899.6072974248818	1	0	1	1.841825665899644
73979.77794553705	2000.0	919.8293518878676	0.0	0	0.0	1899.6072974248818	1	0	1	1.841825665899644
74656.31524305331	2000.0	1243.2920543715957	0.0	0	0.0	1899.6072974248818	1	0	1	1.841825665899644
75376.90907817618	2000.0	1522.698219248723	0.0	0	0.0	1899.6072974248818	1	0	1	1.841825665899644
76330.16612166919	2000.0	1569.4411757556977	0.0	0	0.0	1899.6072974248818	1	0	1	1.841825665899644
77200.0	2000.0	1699.607297424883	0.0	0	8.502767426514765	1899.6072974248818	1	0	1	1.841825665899644
78200.0	2000.0	1699.6072974248987	0.0	0	150.07816067720705	1899.6072974248818	1	0	1	1.841825665899644
79200.0	2000.0	1699.6072974249062	0.0	0	145.8379076494166	1899.6072974248818	1	0	1	1.841825665899644
80200.0	2000.0	1699.607297424908	0.0	0	173.50333649705863	1899.6072974248818	1	0	1	1.841825665899644
81200.0	2000.0	1699.607297424902	0.0	0	214.42385085993737	1899.6072974248673	1	0	1	1.8418256658996448
82200.0	2000.0	1699.6072974248966	0.0	0	122.60469192992605	1899.6072974248673	1	0	1	1.8418256658996448
83487.88807163271	2000.0	1411.7192257921747	0.0	0	0.0	1899.6072974248673	1	0	1	1.8418256658996448
84375.80962947426	2000.0	1523.7976679506148	0.0	0	0.0	1899.6072974248673	1	0	1	1.8418256658996448
85466.15789341868	2000.0	1433.449404006201	0.0	0	0.0	1899.6072974248673	1	0	1	1.8418256658996448
86745.7576366095	2000.0	1153.8496608153885	0.0	0	0.0	1899.6072974248818	1	0	1	1.841825665899644
87867.34868697311	2000.0	1032.258610451777	0.0	0	0.0	1899.6072974248818	1	0	1	1.841825665899644
88651.10956658702	2000.0	1248.4977308378534	0.0	0	0.0	1899.6072974248818	1	0	1	1.841825665899644
89335.703428363	2000.0	1563.9038690618684	0.0	0	0.0	1899.6072974248818	1	0	1	1.841825665899644
90200.0	2000.0	1699.607297424866	0.0	0	98.97335081742494	1899.6072974248818	1	0	1	1.841825665899644
91513.17248738809	2000.0	1386.4348100367927	0.0	0	0.0	1899.6072974248818	1	0	1	1.841825665899644
92582.92544315312	2000.0	1316.681854271764	0.0	0	0.0	1899.6072974248673	1	0	1	1.8418256658996448
93200.0	2000.0	1699.6072974248732	0.0	0	18.626946350734215	1899.6072974248673	1	0	1	1.8418256658996448
94200.0	2000.0	1699.607297424877	0.0	0	229.14530805530376	1899.6072974248673	1	0	1	1.8418256658996448
95200.0	2000.0	1699.6072974248839	0.0	0	103.58277333568549	1899.6072974248673	1	0	1	1.8418256658996448
96200.0	2000.0	1699.6072974248773	0.0	0	153.00461458072823	1899.6072974248673	1	0	1	1.8418256658996448
97211.09245718933	2000.0	1688.5148402355646	0.0	0	0.0	1899.6072974248673	1	0	1	1.8418256658996448
98350.35355031077	2000.0	1549.253747114124	0.0	0	0.0	1899.6072974248673	1	0	1	1.8418256658996448
99200.0	2000.0	1699.6072974249075	0.0	0	168.92095056831022	1899.6072974248673	1	0	1	1.8418256658996448
100200.0	2000.0	1699.6072974249216	0.0	0	213.86668828981055	1899.6072974248673	1	0	1	1.8418256658996448
101200.0	2000.0	1699.607297424923	0.0	0	321.55602807014657	1899.6072974248673	1	0	1	1.8418256658996448
102200.0	2000.0	1699.6072974249169	0.0	0	538.9992318333098	1899.6072974248673	1	0	1	1.8418256658996448
103200.0	3000.0	1599.6072974249232	0.0	0	281.5594933989196	1799.6072974248818	1	0	2	1.4458543364555945
104501.83881568935	6000.0	1297.7684817355657	0.0	0	0.0	1799.6072974248673	1	0	1	2.05340231882848
106020.14174780562	6000.0	779.4655496192828	0.0	0	0.0	1799.6072974248673	1	0	1	2.946549499388425
106774.01376946877	2000.0	1025.5935279561413	0.0	0	0.0	1799.6072974248673	1	0	1	0.7493249220522058
107359.23130896497	2000.0	1440.375988459933	0.0	0	0.0	1799.6072974248673	1	0	1	1.8479372107203154
108613.69932778555	2000.0	1185.9079696393426	0.0	0	0.0	1799.6072974248673	1	0	1	1.8479372107203154
109565.2575585914	2000.0	1234.3497388334777	0.0	0	0.0	1799.6072974248673	1	0	1	1.8479372107203154
110230.32721216646	2000.0	1569.2800852584219	0.0	0	0.0	1799.6072974248673	1	0	1	1.8479372107203154
111200.0	2000.0	1599.6072974248693	0.0	0	469.90391066843586	1799.6072974248673	1	0	1	1.8479372107203154
112200.0	2000.0	1599.6072974248777	0.0	0	351.72220729332184	1799.6072974248673	1	0	1	1.8479372107203154
113200.0	3000.0	1599.607297424873	0.0	0	440.1798431302741	1799.6072974248818	1	0	1	1.8479372107203147
114200.0	3000.0	1599.6072974248661	0.0	0	154.8103311132145	1799.6072974248818	1	0	1	2.2534023188284795
115798.1661873741	3000.0	1001.4411100507646	0.0	0	0.0	1799.6072974248818	1	0	1	2.2534023188284795
116915.47245264667	2000.0	884.1348447781859	0.0	0	0.0	1799.6072974248818	1	0	1	1.4424721026121499
117922.7925545573	2000.0	876.8147428675732	0.0	0	0.0	1799.6072974248818	1	0	1	1.8479372107203145
118991.30243674708	2000.0	808.304860677795	0.0	0	0.0	1799.6072974248964	1	0	1	1.8479372107203138
119761.60106570522	2000.0	1038.006231719649	0.0	0	0.0	1799.607297424911	1	0	1	1.847937210720313
120485.97782268144	2000.0	1313.6294747434358	0.0	0	0.0	1799.607297424911	1	0	1	1.847937210720313
121200.0	2000.0	1599.6072974248805	0.0	0	213.00565196793468	1799.6072974248964	1	0	1	1.8479372107203138
122334.70923760574	2000.0	1464.898059819143	0.0	0	0.0	1799.6072974248818	1	0	1	1.8479372107203145
123389.38400898813	2000.0	1410.2232884367386	0.0	0	0.0	1799.6072974248818	1	0	1	1.8479372107203145
124200.0	2000.0	1599.6072974248675	0.0	0	3.6214673707436305	1799.6072974248818	1	0	1	1.8479372107203145
125200.0	2000.0	1599.6072974248552	0.0	0	203.34520003660873	1799.6072974248673	1	0	1	1.8479372107203154
126200.0	2000.0	1599.607297424863	0.0	0	416.7379562312999	1799.6072974248673	1	0	1	1.8479372107203154
127200.0	2000.0	1599.6072974248702	0.0	0	585.4997395042155	1799.6072974248673	1	0	1	1.8479372107203154
128200.0	3000.0	1599.6072974248689	0.0	0	56.08089279728301	1799.6072974248673	1	0	1	1.8479372107203156
129200.0	2000.0	1599.6072974248807	0.0	0	306.0791531778086	1799.6072974248673	1	0	1	1.4424721026121508
130200.0	2000.0	1599.6072974248777	0.0	0	210.11145829719317	1799.6072974248673	1	0	1	1.8479372107203154
131338.2687452455	2000.0	1461.338552179362	0.0	0	0.0	1799.6072974248382	1	0	1	1.8479372107203167
132423.90989375132	2000.0	1375.697403673508	0.0	0	0.0	1799.6072974247945	1	0	1	1.8479372107203187
133254.74447686155	2000.0	1544.8628205632715	0.0	0	0.0	1799.607297424809	1	0	1	1.8479372107203187
134349.95425670262	2000.0	1449.653040722179	0.0	0	0.0	1799.60729742478	1	0	1	1.8479372107203205
135335.3519264262	2000.0	1464.2553709985789	0.0	0	0.0	1799.607297424809	1	0	1	1.8479372107203187
136384.73977500555	2000.0	1414.8675224192136	0.0	0	0.0	1799.607297424809	1	0	1	1.8479372107203187
137200.0	2000.0	1599.6072974247634	0.0	0	58.91521200898569	1799.607297424809	1	0	1	1.8479372107203187
138490.68316877488	2000.0	1308.9241286498707	0.0	0	0.0	1799.60729742478	1	0	1	1.8479372107203205
139745.3571005992	2000.0	1054.250196825554	0.0	0	0.0	1799.60729742478	1	0	1	1.8479372107203205
140396.84021854046	2000.0	1402.767078884336	0.0	0	0.0	1799.60729742478	1	0	1	1.8479372107203205
141200.0	2000.0	1599.6072974248093	0.0	0	228.00448975584004	1799.60729742478	1	0	1	1.8479372107203205
142200.0	2000.0	1599.6072974248013	0.0	0	501.45847401206265	1799.60729742478	1	0	1	1.8479372107203205
143200.0	6000.0	1599.6072974248057	0.0	0	30.098233972501475	1799.60729742478	1	0	1	1.8479372107203205
146086.98847181062	6000.0	200.0	487.38117438581855	0	0.0	2286.9884718105895	1	0	1	0.013868455529938428
146728.05117399478	1000.0	746.3230317493617	187.38573393353192	0	0.0	2474.374205744127	1	0	1	-1.816577888486751
147393.4112761459	2000.0	1080.9629295982716	0.0	0	0.0	2474.374205744127	1	0	1	1.0994959843424958
147947.91871304647	2000.0	1526.455492697667	0.0	0	0.0	2474.374205744127	1	0	1	1.792643164902441
148852.20661568912	2000.0	1622.1675900550158	0.0	0	0.0	2474.374205744127	1	0	1	1.792643164902441
149768.89632895403	2000.0	1705.4778767901203	0.0	0	0.0	2474.374205744127	1	0	1	1.792643164902441
150670.7115452456	2000.0	1803.6626604985302	0.0	0	0.0	2474.3742057440977	1	0	1	1.7926431649024441
151286.63045036397	2000.0	2187.74375538019	0.0	0	0.0	2474.3742057440977	1	0	1	1.7926431649024441
152200.0	2000.0	2274.3742057441514	0.0	0	304.9622957018146	2474.374205744127	1	0	1	1.792643164902441
153231.24505373702	3000.0	2140.004646633448	0.0	0	0.0	2371.2497003704193	1	0	2	1.4003515103831357
154615.99831953514	2000.0	1755.251380835349	0.0	0	0.0	2371.2497003704484	1	0	1	1.198094550969985
155930.32156809085	2000.0	1440.9281322796598	0.0	0	0.0	2371.2497003704193	1	0	1	1.8035596590781489
156930.26741604807	2000.0	1440.9822843224138	0.0	0	0.0	2371.2497003704193	1	0	1	1.8035596590781502
157571.4947079873	2000.0	1799.7549923831766	0.0	0	0.0	2371.2497003704193	1	0	1	1.8035596590781502
158466.29559101755	2000.0	1904.95410935291	0.0	0	0.0	2371.2497003704193	1	0	1	1.8035596590781502
159544.74979597327	2000.0	1826.4999043971898	0.0	0	0.0	2371.2497003704193	1	0	1	1.8035596590781502
160385.00863844392	2000.0	1986.241061926536	0.0	0	0.0	2371.2497003704193	1	0	1	1.8035596590781502
161393.80319878197	2000.0	1977.4465015884982	0.0	0	0.0	2371.2497003704193	1	0	1	1.8035596590781502
162502.74363214223	2000.0	1868.5060682282162	0.0	0	0.0	2371.2497003704193	1	0	1	1.8035596590781502
163507.21969509433	2000.0	1864.0300052760856	0.0	0	0.0	2371.2497003704484	1	0	1	1.803559659078147
164284.08894009204	2000.0	2087.1607602783833	0.0	0	0.0	2371.2497003704484	1	0	1	1.803559659078147
165535.17266550072	2000.0	1836.0770348696985	0.0	0	0.0	2371.2497003704484	1	0	1	1.803559659078147
166925.50321575164	2000.0	1445.7464846187938	0.0	0	0.0	2371.2497003705066	1	0	1	1.8035596590781424
167675.53247760521	2000.0	1695.7172227652186	0.0	0	0.0	2371.2497003705066	1	0	1	1.8035596590781413
168261.697317076	2000.0	2109.5523832944004	0.0	0	0.0	2371.2497003705066	1	0	1	1.8035596590781413
169200.0	2000.0	2171.2497003704066	0.0	0	49.08618245786056	2371.2497003705357	1	0	1	1.8035596590781382
170200.0	2000.0	2171.2497003704275	0.0	0	457.12006947860937	2371.2497003705357	1	0	1	1.8035596590781382
171200.0	3000.0	2071.249700370443	0.0	0	311.565278196038	2271.249700370565	1	0	2	1.4099598560803777
172200.0	3000.0	1971.24970037042	0.0	0	200.7843400662532	2171.249700370565	1	0	2	2.024224708419976
173462.13033385875	3000.0	1582.906333125794	0.0	0	0.0	2045.0366669846699	1	0	2	2.0345239428085726
174500.80113363272	2000.0	1440.368453374422	0.0	0	0.0	1941.169587007258	1	0	2	1.2316726573522936
175200.0	2000.0	1741.1695870071524	0.0	0	96.6820660342637	1941.169587007258	1	0	1	1.6391063079612902
176200.0	2000.0	1741.169587007154	0.0	0	408.9980261583114	1941.169587007258	1	0	1	1.8391063079612904
177200.0	2000.0	1741.1695870071312	0.0	0	405.8351896282111	1941.169587007229	1	0	1	1.8391063079612924
178200.0	2000.0	1741.1695870070944	0.0	0	263.209030921862	1941.169587007229	1	0	1	1.8391063079612924
179200.0	2000.0	1741.1695870071057	0.0	0	101.8729796053085	1941.1695870071999	1	0	1	1.8391063079612946
180200.0	2000.0	1741.1695870071146	0.0	0	57.7240273693169	1941.1695870071708	1	0	1	1.8391063079612966
181200.0	2000.0	1741.169587007122	0.0	0	36.5424451311701	1941.1695870071417	1	0	1	1.8391063079612981
182200.0	2000.0	1741.1695870071155	0.0	0	93.17642297668499	1941.1695870071417	1	0	1	1.8391063079612981
183331.76373025705	2000.0	1609.4058567500667	0.0	0	0.0	1941.1695870071417	1	0	1	1.8391063079612981
184530.97198206797	2000.0	1410.1976049391544	0.0	0	0.0	1941.1695870071708	1	0	1	1.8391063079612966
185251.32200770002	2000.0	1689.8475793071375	0.0	0	0.0	1941.1695870071417	1	0	1	1.8391063079612981
186375.79749923502	2000.0	1565.372087772114	0.0	0	0.0	1941.1695870071417	1	0	1	1.8391063079612981
187546.4369385675	2000.0	1394.732648439666	0.0	0	0.0	1941.1695870071708	1	0	1	1.8391063079612966
188482.49009020356	2000.0	1458.679496803599	0.0	0	0.0	1941.1695870071417	1	0	1	1.8391063079612981
189200.0	2000.0	1741.16958700719	0.0	0	124.02214002353139	1941.1695870071417	1	0	1	1.8391063079612981
190200.0	2000.0	1741.1695870072165	0.0	0	105.27997431633412	1941.1695870071708	1	0	1	1.839106307961297
191242.78393411302	2000.0	1698.3856528941708	0.0	0	0.0	1941.1695870071999	1	0	1	1.8391063079612946
192496.9845833845	2000.0	1444.185003622681	0.0	0	0.0	1941.1695870071999	1	0	1	1.8391063079612946
193393.03384664428	2000.0	1548.1357403628622	0.0	0	0.0	1941.1695870071708	1	0	1	1.8391063079612966
194436.34192363173	2000.0	1504.8276633754288	0.0	0	0.0	1941.1695870071708	1	0	1	1.8391063079612966
195583.66367238227	2000.0	1357.5059146248639	0.0	0	0.0	1941.1695870071708	1	0	1	1.8391063079612966
196200.0	2000.0	1741.1695870071167	0.0	0	43.29134713456733	1941.1695870071417	1	0	1	1.8391063079612981
197200.0	2000.0	1741.1695870071042	0.0	0	422.29079016510514	1941.1695870071126	1	0	1	1.8391063079612997
198200.0	2000.0	1741.169587007133	0.0	0	170.91683573514456	1941.1695870071126	1	0	1	1.8391063079613001
199200.0	2000.0	1741.16958700712	0.0	0	286.5840511751594	1941.1695870071126	1	0	1	1.8391063079613001
200200.0	2000.0	1741.1695870071076	0.0	0	331.139421690983	1941.1695870070835	1	0	1	1.8391063079613021
201200.0	3000.0	1641.1695870070675	0.0	0	412.2287984759314	1841.1695870070253	1	0	2	1.443137383247806
202200.0	3000.0	1641.1695870070716	0.0	0	146.5543960967625	1841.1695870070253	1	0	1	2.050933932612763
203666.17976327203	3000.0	1174.9898237350264	0.0	0	0.0	1841.1695870069962	1	0	1	2.250933932612765
204894.41715866694	2000.0	946.7524283400797	0.0	0	0.0	1841.169587006938	1	0	1	1.4400037163964383
205736.34480723305	2000.0	1104.824779773992	0.0	0	0.0	1841.169587006938	1	0	1	1.8454688245046038
206256.5894119924	2000.0	1584.580175014627	0.0	0	0.0	1841.1695870069088	1	0	1	1.8454688245046056
207200.0	2000.0	1641.169587007033	0.0	0	306.62052387723816	1841.1695870069088	1	0	1	1.8454688245046056
208200.0	2000.0	1641.1695870070616	0.0	0	106.31653294642456	1841.169587006938	1	0	1	1.8454688245046038
209200.0	2000.0	1641.1695870070591	0.0	0	376.0817220454919	1841.1695870069088	1	0	1	1.8454688245046056
210200.0	2000.0	1641.1695870070573	0.0	0	101.07618652834208	1841.1695870069088	1	0	1	1.8454688245046056
211200.0	2000.0	1641.1695870070027	0.0	0	266.6843954548531	1841.1695870068506	1	0	1	1.845468824504609
212576.78253506726	2000.0	1264.3870519397265	0.0	0	0.0	1841.1695870068506	1	0	1	1.8454688245046091
213545.67976366074	2000.0	1295.4898233462714	0.0	0	0.0	1841.1695870068506	1	0	1	1.8454688245046091
214234.02109109517	2000.0	1607.1484959117918	0.0	0	0.0	1841.1695870068506	1	0	1	1.8454688245046091
215200.0	2000.0	1641.1695870069761	0.0	0	132.47974574673572	1841.1695870068797	1	0	1	1.8454688245046076
216300.43386546813	2000.0	1540.7357215388727	0.0	0	0.0	1841.1695870069088	1	0	1	1.8454688245046056
217457.44292941588	2000.0	1383.7266575911387	0.0	0	0.0	1841.1695870069088	1	0	1	1.8454688245046056
219176.27464184293	2000.0	664.8949451640783	0.0	0	0.0	1841.169587006938	1	0	1	1.8454688245046038
219763.70459751188	1000.0	1077.4649894951563	0.0	0	0.0	1841.1695870069088	1	0	1	0.4591744633847149
220882.32085145672	2000.0	958.8487355503494	0.0	0	0.0	1841.1695870069088	1	0	1	1.1523216439446604
221838.86964062724	2000.0	1002.2999463798617	0.0	0	0.0	1841.1695870068797	1	0	1	1.8454688245046076
222592.9422284507	2000.0	1248.2273585563923	0.0	0	0.0	1841.1695870068215	1	0	1	1.8454688245046094
223237.08290493026	2000.0	1604.0866820768367	0.0	0	0.0	1841.1695870068506	1	0	1	1.8454688245046091
224397.86592224016	2000.0	1443.3036647669408	0.0	0	0.0	1841.1695870068215	1	0	1	1.8454688245046107
225275.5389549275	2000.0	1565.6306320796257	0.0	0	0.0	1841.1695870067924	1	0	1	1.8454688245046127
226200.0	2000.0	1641.1695870071333	0.0	0	257.9416527102294	1841.1695870067924	1	0	1	1.8454688245046127
227200.0	2000.0	1641.1695870071699	0.0	0	358.01355351819075	1841.1695870067924	1	0	1	1.8454688245046127
228200.0	2000.0	1641.1695870071537	0.0	0	42.64219527982641	1841.1695870067342	1	0	1	1.8454688245046156
229200.0	2000.0	1641.1695870071514	0.0	0	173.9071617014706	1841.1695870067342	1	0	1	1.845468824504616
230200.0	2000.0	1641.1695870071399	0.0	0	176.2780368514359	1841.1695870067342	1	0	1	1.845468824504616
231200.0	2000.0	1641.1695870071687	0.0	0	377.48972875784966	1841.1695870067342	1	0	1	1.845468824504616
232458.8785770847	2000.0	1382.2910099225105	0.0	0	0.0	1841.1695870067342	1	0	1	1.845468824504616
233200.0	2000.0	1641.1695870071967	0.0	0	14.515528180229012	1841.1695870067342	1	0	1	1.845468824504616
234254.52408720332	2000.0	1586.6454998038598	0.0	0	0.0	1841.1695870067051	1	0	1	1.845468824504618
235591.75175159742	2000.0	1249.41783540974	0.0	0	0.0	1841.169587006676	1	0	1	1.8454688245046196
236704.89790822688	2000.0	1136.2716787802801	0.0	0	0.0	1841.169587006676	1	0	1	1.8454688245046196
237500.07969933248	2000.0	1341.089887674669	0.0	0	0.0	1841.169587006676	1	0	1	1.8454688245046196
238200.0	2000.0	1641.1695870071474	0.0	0	270.7274589157023	1841.169587006676	1	0	1	1.8454688245046196
239200.0	2000.0	1641.1695870071612	0.0	0	149.98990297780256	1841.169587006676	1	0	1	1.8454688245046196
240386.96050957014	2000.0	1454.2090774370506	0.0	0	0.0	1841.169587006676	1	0	1	1.8454688245046196
241200.0	2000.0	1641.1695870072083	0.0	0	16.397610556101426	1841.169587006676	1	0	1	1.8454688245046196
242200.0	2000.0	1641.1695870072003	0.0	0	74.17385238406132	1841.169587006676	1	0	1	1.8454688245046196
243200.0	2000.0	1641.1695870072426	0.0	0	53.44468576798681	1841.169587006676	1	0	1	1.8454688245046196
244255.07331981993	2000.0	1586.0962671872921	0.0	0	0.0	1841.169587006647	1	0	1	1.8454688245046214
245200.0	2000.0	1641.16958700723	0.0	0	233.45337266282877	1841.169587006647	1	0	1	1.8454688245046214
246200.0	2000.0	1641.1695870072256	0.0	0	153.24519096847507	1841.169587006647	1	0	1	1.8454688245046214
247250.77761703343	2000.0	1590.3919699737864	0.0	0	0.0	1841.169587006647	1	0	1	1.8454688245046214
248200.0	2000.0	1641.1695870071972	0.0	0	276.5074228325102	1841.169587006647	1	0	1	1.8454688245046214
249200.0	2000.0	1641.1695870071899	0.0	0	456.05080757534597	1841.169587006647	1	0	1	1.8454688245046214
250200.0	2000.0	1641.169587007197	0.0	0	205.21458545999485	1841.1695870066178	1	0	1	1.8454688245046234
251200.0	2000.0	1641.16958700718	0.0	0	365.7513479501358	1841.1695870066178	1	0	1	1.8454688245046234
252200.0	3000.0	1641.169587007191	0.0	0	200.74723409020226	1841.1695870066178	1	0	1	1.8454688245046236
253200.0	6000.0	1641.1695870071953	0.0	0	120.0027410814364	1841.1695870065887	1	0	1	2.2509339326127895
254432.84291432324	6000.0	1408.3266726839256	0.0	0	0.0	1841.1695870065596	1	0	1	2.9440811131727362
255892.2346678513	6000.0	948.9349191558697	0.0	0	0.0	1841.1695870065596	1	0	1	2.9440811131727362
256851.85601238316	2000.0	989.3135746239974	0.0	0	0.0	1841.1695870065596	1	0	1	0.746856535836517
257892.83338800486	2000.0	948.3361990023027	0.0	0	0.0	1841.1695870065596	1	0	1	1.8454688245046267
258662.82121882442	2000.0	1178.3483681827583	0.0	0	0.0	1841.1695870065887	1	0	1	1.845468824504625
259436.90923307394	2000.0	1404.2603539332572	0.0	0	0.0	1841.1695870065596	1	0	1	1.8454688245046267
260200.0	2000.0	1641.1695870072144	0.0	0	62.48669559758855	1841.1695870065305	1	0	1	1.8454688245046285
261200.0	2000.0	1641.1695870072178	0.0	0	314.6427047662146	1841.1695870065305	1	0	1	1.8454688245046285
262200.0	2000.0	1641.1695870072012	0.0	0	343.6479129042127	1841.1695870065305	1	0	1	1.8454688245046285
263200.0	3000.0	1641.1695870071912	0.0	0	70.18566378299147	1841.1695870065305	1	0	1	1.8454688245046282
264736.811059582	3000.0	950.6774214670806	0.0	0	0.0	1687.4884810483782	1	0	2	1.8570231988164516
265843.4123708181	2000.0	844.076110230922	0.0	0	0.0	1687.48848104832	1	0	1	1.2486546835878105
266903.4311697352	2000.0	784.0573113137682	0.0	0	0.0	1687.48848104832	1	0	1	1.8541197916959753
267421.48825883085	1000.0	1266.0002222180933	0.0	0	0.0	1687.48848104832	1	0	1	0.46782543057608494
268200.0	2000.0	1487.4884810488893	0.0	0	144.9809294695733	1687.4884810482617	1	0	1	1.1609726111360332
269200.0	2000.0	1487.4884810488884	0.0	0	386.1717206731555	1687.4884810482035	1	0	1	1.8541197916959806
270200.0	2000.0	1487.488481048902	0.0	0	315.8263832897064	1687.4884810482035	1	0	1	1.854119791695981
271200.0	2000.0	1487.4884810488516	0.0	0	355.8154327151715	1687.4884810482035	1	0	1	1.854119791695981
272200.0	2000.0	1487.4884810488734	0.0	0	11.80165928218048	1687.4884810482617	1	0	1	1.8541197916959784
273200.0	2000.0	1487.488481048877	0.0	0	40.65729215281317	1687.4884810482617	1	0	1	1.8541197916959784
274200.0	2000.0	1487.4884810488963	0.0	0	319.80082040524576	1687.4884810482617	1	0	1	1.8541197916959784
275200.0	2000.0	1487.4884810489004	0.0	0	296.23990213207435	1687.4884810482617	1	0	1	1.8541197916959784
276200.0	2000.0	1487.4884810489148	0.0	0	444.83839967491804	1687.4884810482617	1	0	1	1.8541197916959784
277753.2920975852	3000.0	934.1963834636882	0.0	0	0.0	1687.4884810482617	1	0	1	1.8541197916959786
278330.9995710217	2000.0	1356.4889100271869	0.0	0	0.0	1687.4884810482617	1	0	1	1.4486546835878138
279387.1948250695	2000.0	1300.293655979373	0.0	0	0.0	1687.48848104832	1	0	1	1.8541197916959753
280614.305245412	2000.0	1073.1832356369175	0.0	0	0.0	1687.48848104832	1	0	1	1.8541197916959753
281807.26681032934	2000.0	880.221670719619	0.0	0	0.0	1687.48848104832	1	0	1	1.8541197916959753
282881.43121425464	2000.0	806.0572667943189	0.0	0	0.0	1687.4884810483782	1	0	1	1.8541197916959722
283970.67575109313	2000.0	716.812729955835	0.0	0	0.0	1687.4884810484364	1	0	1	1.8541197916959706
284989.5485607794	2000.0	697.9399202695148	0.0	0	0.0	1687.4884810484364	1	0	1	1.8541197916959693
286050.73181294993	2000.0	636.7566680989801	0.0	0	0.0	1687.4884810484364	1	0	1	1.8541197916959693
287298.6549853233	2000.0	388.8334957256542	0.0	0	0.0	1687.4884810484364	1	0	1	1.8541197916959693
288073.33469668956	1000.0	614.1537843593682	0.0	0	0.0	1687.4884810484364	1	0	1	0.46782543057607884
288609.33077418024	1000.0	1078.157706868637	0.0	0	0.0	1687.48848104832	1	0	1	1.1609726111360283
289477.2469060274	2000.0	1210.2415750214573	0.0	0	0.0	1687.4884810483782	1	0	1	1.1609726111360272
290200.0	2000.0	1487.4884810488518	0.0	0	47.23074921238003	1687.4884810484364	1	0	1	1.8541197916959693
291200.0	2000.0	1487.4884810488973	0.0	0	547.3511741103139	1687.4884810484946	1	0	1	1.8541197916959662
292200.0	3000.0	1487.4884810489111	0.0	0	390.04582500242395	1687.4884810484946	1	0	1	1.8541197916959664
293410.0565493589	3000.0	1277.4319316900046	0.0	0	0.0	1687.4884810484946	1	0	1	2.259584899804131
294293.7723759898	2000.0	1393.7161050591146	0.0	0	0.0	1687.4884810485528	1	0	1	1.4486546835877985
295200.0	2000.0	1487.4884810489077	0.0	0	8.26849822764052	1687.4884810485528	1	0	1	1.854119791695963
296200.0	2000.0	1487.4884810488625	0.0	0	297.3309323004214	1687.4884810485528	1	0	1	1.854119791695963
297200.0	2000.0	1487.4884810488359	0.0	0	461.92068786825985	1687.4884810485528	1	0	1	1.854119791695963
298200.0	2000.0	1487.4884810488259	0.0	0	322.6775463371887	1687.4884810484946	1	0	1	1.8541197916959662
299200.0	2000.0	1487.4884810487995	0.0	0	107.95269092131639	1687.4884810484946	1	0	1	1.8541197916959662
300200.0	2000.0	1487.4884810488418	0.0	0	218.56318402010947	1687.4884810484946	1	0	1	1.8541197916959662
1.9	1.63	1.95	2.11	2.55	2.32	2.46	1.93	1.9	2.13	2.49	1.92	2.11	1.59	2.03	3.0	2.93	3.38	4.62	3.54	2.79	2.41	3.31	2.53	2.84	1.98	2.93	2.86	1.97	1.97	2.39	2.27	2.35	1.62	2.14	2.54	2.99	1.76	2.22	2.2	2.27	2.1	1.46	2.75	3.06	3.13	3.15	3.87	4.45	4.15	2.48	1.69	2.36	3.65	3.31	2.51	2.84	2.64	2.05	1.73	2.19	2.97	3.1	1.84	2.26	1.23	1.45	2.13	2.05	1.98	2.53	2.12	2.11	2.98	3.49	2.42	3.08	3.32	2.29	1.59	2.27	2.25	1.63	1.76	3.06	3.76	1.97	1.86	1.97	3.26	2.53	2.51	2.51	1.97	2.22	2.34	3.37	3.67	4.49	5.17	5.21	4.52	3.78	3.19	1.55	2.73	3.13	3.64	4.05	4.39	3.31	2.09	1.45	1.89	2.04	2.95	3.39	3.44	2.02	1.8	2.26	3.45	3.87	4.03	1.8	3.01	1.75	1.83	2.4	1.93	2.39	2.29	2.11	1.96	1.98	1.54	2.58	3.73	5.02	4.44	2.63	2.26	1.7	2.98	3.06	3.08	2.73	2.64	3.51	2.0	1.9	1.63	1.95	2.11	2.55	2.32	2.46	1.93	1.9	2.13	2.49	1.92	2.11	1.59	2.03	3.0	2.93	3.38	4.62	3.54	2.79	2.41	3.31	2.53	2.84	1.98	2.93	2.86	1.97	1.97	2.39	2.27	2.35	1.62	2.14	2.54	2.99	1.76	2.22	2.2	2.27	2.1	1.46	2.75	3.06	3.13	3.15	3.87	4.45	4.15	2.48	1.69	2.36	3.65	3.31	2.51	2.84	2.64	2.05	1.73	2.19	2.97	3.1	1.84	2.26	1.23	1.45	2.13	2.05	1.98	2.53	2.12	2.11	2.98	3.49	2.42	3.08	3.32	2.29	1.59	2.27	2.25	1.63	1.76	3.06	3.76	1.97	1.86	1.97	3.26	2.53	2.51	2.51	1.97	2.22	2.34	3.37	3.67	4.49	5.17	5.21	4.52	3.78	3.19	1.55	2.73	3.13	3.64	4.05	4.39	3.31	2.09	1.45	1.89	2.04	2.95	3.39	3.44	2.02	1.8	2.26	3.45	3.87	4.03	1.8	3.01	1.75	1.83	2.4	1.93	2.39	2.29	2.11	1.96	1.98	1.54	2.58	3.73	5.02	4.44	2.63	2.26	1.7	2.98	3.06	3.08	2.73	2.64	3.51	2.0	1.9
1.0	2.0	3.0	4.0	5.0	6.0	7.0	8.0	9.0	10.0	11.0	12.0	13.0	14.0	15.0	16.0	17.0	18.0	19.0	20.0	21.0	22.0	23.0	24.0	25.0	26.0	27.0	28.0	29.0	30.0	31.0	32.0	33.0	34.0	35.0	36.0	37.0	38.0	39.0	40.0	41.0	42.0	43.0	44.0	45.0	46.0	47.0	48.0	49.0	50.0	51.0	52.0	53.0	54.0	55.0	56.0	57.0	58.0	59.0	60.0	61.0	62.0	63.0	64.0	65.0	66.0	67.0	68.0	69.0	70.0	71.0	72.0	73.0	74.0	75.0	76.0	77.0	78.0	79.0	80.0	81.0	82.0	83.0	84.0	85.0	86.0	87.0	88.0	89.0	90.0	91.0	92.0	93.0	94.0	95.0	96.0	97.0	98.0	99.0	100.0	101.0	102.0	103.0	104.0	105.0	106.0	107.0	108.0	109.0	110.0	111.0	112.0	113.0	114.0	115.0	116.0	117.0	118.0	119.0	120.0	121.0	122.0	123.0	124.0	125.0	126.0	127.0	128.0	129.0	130.0	131.0	132.0	133.0	134.0	135.0	136.0	137.0	138.0	139.0	140.0	141.0	142.0	143.0	144.0	145.0	146.0	147.0	148.0	149.0	149.0	150.0	151.0	152.0	153.0	154.0	155.0	156.0	157.0	158.0	159.0	160.0	161.0	162.0	163.0	164.0	165.0	166.0	167.0	168.0	169.0	170.0	171.0	172.0	173.0	174.0	175.0	176.0	177.0	178.0	179.0	180.0	181.0	182.0	183.0	184.0	185.0	186.0	187.0	188.0	189.0	190.0	191.0	192.0	193.0	194.0	195.0	196.0	197.0	198.0	199.0	200.0	201.0	202.0	203.0	204.0	205.0	206.0	207.0	208.0	209.0	210.0	211.0	212.0	213.0	214.0	215.0	216.0	217.0	218.0	219.0	220.0	221.0	222.0	223.0	224.0	225.0	226.0	227.0	228.0	229.0	230.0	231.0	232.0	233.0	234.0	235.0	236.0	237.0	238.0	239.0	240.0	241.0	242.0	243.0	244.0	245.0	246.0	247.0	248.0	249.0	250.0	251.0	252.0	253.0	254.0	255.0	256.0	257.0	258.0	259.0	260.0	261.0	262.0	263.0	264.0	265.0	266.0	267.0	268.0	269.0	270.0	271.0	272.0	273.0	274.0	275.0	276.0	277.0	278.0	279.0	280.0	281.0	282.0	283.0	284.0	285.0	286.0	287.0	288.0	289.0	290.0	291.0	292.0	293.0	294.0	295.0	296.0	297.0	298.0	298.0	299.0
3558.190047753348
