2295.29472179474	300.0	2000.0	132.98960652345562	0	0.0	2295.29472179474	1	0	1	-0.8817272269968256
3200.0	2000.0	2095.2947217947394	0.0	0	263.69062424227195	2295.29472179474	1	0	1	-0.0861754425110427
4200.0	2000.0	2095.2947217947394	0.0	0	215.42298054350476	2295.2947217947394	1	0	1	1.810944542374839
5212.183471454082	2000.0	1981.8929031952491	0.0	0	0.0	2194.076374649331	1	0	2	1.4174387613141826
6200.0	2000.0	1994.0763746493299	0.0	0	89.17575792713251	2194.0763746493294	1	0	1	1.6199910811973253
7200.0	2000.0	1894.0763746493299	0.0	0	334.8123852282479	2094.0763746493303	1	0	2	1.4251414494754968
8200.0	2000.0	1894.0763746493294	0.0	0	325.9844931099624	2094.0763746493303	1	0	1	1.62810872546814
9200.0	2000.0	1894.076374649331	0.0	0	231.03138413190572	2094.0763746493312	1	0	1	1.82810872546814
10200.0	2000.0	1894.0763746493299	0.0	0	278.36080129582115	2094.0763746493312	1	0	1	1.82810872546814
11200.0	2000.0	1894.0763746493285	0.0	0	25.983536499716138	2094.0763746493303	1	0	1	1.82810872546814
12200.0	2000.0	1894.0763746493274	0.0	0	267.9530056263811	2094.0763746493303	1	0	1	1.82810872546814
13598.95412844961	2000.0	1495.122246199717	0.0	0	0.0	2094.0763746493303	1	0	1	1.82810872546814
14855.443045006788	2000.0	1238.6333296425387	0.0	0	0.0	2094.0763746493303	1	0	1	1.82810872546814
15802.941599491947	2000.0	1291.1347751573803	0.0	0	0.0	2094.0763746493303	1	0	1	1.82810872546814
17152.11245145944	2000.0	941.9639231898883	0.0	0	0.0	2094.076374649332	1	0	1	1.82810872546814
17829.807902508583	1000.0	1264.2684721407484	0.0	0	0.0	2094.076374649332	1	0	1	0.4418143643482496
18401.73455995951	1000.0	1692.341814689821	0.0	0	0.0	2094.076374649332	1	0	1	1.1349615449081947
19681.09299796178	2000.0	1412.9833766875538	0.0	0	0.0	2094.076374649332	1	0	1	1.1349615449081947
20403.819346776963	1000.0	1690.257027872372	0.0	0	0.0	2094.076374649332	1	0	1	0.44181436434824956
21349.752722277623	2000.0	1744.3236523717112	0.0	0	0.0	2094.076374649332	1	0	1	1.1349615449081947
22408.604819269975	2000.0	1685.4715553793637	0.0	0	0.0	2094.076374649336	1	0	1	1.8281087254681396
23354.157641765152	2000.0	1739.9187328841833	0.0	0	0.0	2094.076374649336	1	0	1	1.8281087254681396
24200.0	2000.0	1894.0763746493353	0.0	0	238.05580824607387	2094.076374649332	1	0	1	1.82810872546814
25200.0	2000.0	1894.076374649339	0.0	0	10.848929765896173	2094.076374649336	1	0	1	1.8281087254681396
26200.0	2000.0	1894.07637464934	0.0	0	420.29550691985787	2094.076374649336	1	0	1	1.8281087254681396
27200.0	2000.0	1894.0763746493433	0.0	0	218.3687472805177	2094.076374649336	1	0	1	1.8281087254681396
28200.0	2000.0	1894.0763746493428	0.0	0	154.87069077077467	2094.0763746493394	1	0	1	1.8281087254681394
29442.76547643684	2000.0	1651.310898212506	0.0	0	0.0	2094.076374649343	1	0	1	1.8281087254681392
30542.411971274476	2000.0	1551.6644033748726	0.0	0	0.0	2094.0763746493467	1	0	1	1.8281087254681387
31384.042150744615	2000.0	1710.034223904732	0.0	0	0.0	2094.076374649343	1	0	1	1.8281087254681392
32293.05334431285	2000.0	1801.0230303364965	0.0	0	0.0	2094.076374649343	1	0	1	1.8281087254681392
33367.119707427904	2000.0	1726.9566672214487	0.0	0	0.0	2094.0763746493503	1	0	1	1.8281087254681385
34777.53354308402	2000.0	1316.5428315653235	0.0	0	0.0	2094.076374649343	1	0	1	1.828108725468139
35420.99321895873	1000.0	1673.0831556906157	0.0	0	0.0	2094.0763746493467	1	0	1	0.44181436434824856
37083.44227225081	2000.0	1010.6341023985416	0.0	0	0.0	2094.0763746493467	1	0	1	1.1349615449081938
37765.69234959409	1000.0	1328.3840250552605	0.0	0	0.0	2094.0763746493467	1	0	1	0.44181436434824856
38443.31284859504	1000.0	1650.7635260543132	0.0	0	0.0	2094.0763746493467	1	0	1	1.1349615449081938
39279.332149881695	2000.0	1814.7442247676595	0.0	0	0.0	2094.0763746493467	1	0	1	1.1349615449081938
40391.34875949702	2000.0	1702.7276151523406	0.0	0	0.0	2094.0763746493467	1	0	1	1.8281087254681387
41394.41799754231	2000.0	1699.6583771070484	0.0	0	0.0	2094.0763746493467	1	0	1	1.8281087254681387
42646.243460258855	2000.0	1447.8329143904996	0.0	0	0.0	2094.0763746493467	1	0	1	1.8281087254681387
43614.77561156939	2000.0	1479.3007630799495	0.0	0	0.0	2094.0763746493394	1	0	1	1.8281087254681394
44332.60296413954	2000.0	1761.4734105097934	0.0	0	0.0	2094.0763746493394	1	0	1	1.8281087254681394
45200.0	2000.0	1894.076374649343	0.0	0	89.65991577637033	2094.0763746493394	1	0	1	1.8281087254681394
46200.0	3000.0	1794.0763746493444	0.0	0	113.8494056669224	1994.0763746493249	1	0	2	1.4332886870369415
47200.0	2000.0	1794.0763746493465	0.0	0	188.08348186950752	1994.0763746493249	1	0	1	1.2300178458025706
48200.0	2000.0	1794.0763746493433	0.0	0	221.41076428579254	1994.0763746493249	1	0	1	1.8354829539107353
49519.65003387911	2000.0	1474.4263407702388	0.0	0	0.0	1994.0763746493249	1	0	1	1.8354829539107353
50237.66276939646	2000.0	1756.4136052528806	0.0	0	0.0	1994.0763746493321	1	0	1	1.8354829539107351
51509.09519535633	2000.0	1484.9811792930107	0.0	0	0.0	1994.0763746493249	1	0	1	1.8354829539107353
52430.39291090451	2000.0	1563.683463744839	0.0	0	0.0	1994.0763746493249	1	0	1	1.8354829539107353
53399.4783449831	2000.0	1594.5980296662472	0.0	0	0.0	1994.0763746493176	1	0	1	1.835482953910736
54274.56822844705	2000.0	1719.5081462022927	0.0	0	0.0	1994.0763746493176	1	0	1	1.835482953910736
55200.0	2000.0	1794.076374649351	0.0	0	192.2712284211375	1994.0763746493176	1	0	1	1.835482953910736
56200.0	2000.0	1794.0763746493517	0.0	0	354.9116544461576	1994.0763746493176	1	0	1	1.835482953910736
57200.0	2000.0	1794.0763746493471	0.0	0	193.7361120064961	1994.0763746493249	1	0	1	1.8354829539107353
58200.0	2000.0	1794.0763746493496	0.0	0	450.72081400604657	1994.0763746493321	1	0	1	1.8354829539107353
59200.0	2000.0	1794.0763746493526	0.0	0	177.57435135087871	1994.0763746493394	1	0	1	1.8354829539107345
61040.47782387023	2000.0	953.5985507791164	0.0	0	0.0	1994.0763746493394	1	0	1	1.8354829539107345
61695.6318944619	1000.0	1298.4444801874363	0.0	0	0.0	1994.0763746493321	1	0	1	0.44918859279084467
62707.91871901444	2000.0	1286.1576556348898	0.0	0	0.0	1994.0763746493249	1	0	1	1.1423357733507902
63521.448242628685	2000.0	1472.628132020641	0.0	0	0.0	1994.0763746493249	1	0	1	1.8354829539107353
64200.0	2000.0	1794.0763746493299	0.0	0	102.48150770916254	1994.0763746493249	1	0	1	1.8354829539107353
65200.0	2000.0	1794.076374649331	0.0	0	48.426533047175326	1994.0763746493321	1	0	1	1.8354829539107351
66200.0	3000.0	1694.076374649338	0.0	0	279.3658592980355	1894.0763746493467	1	0	2	1.4397746213446527
67397.98578888462	2000.0	1496.0905857647026	0.0	0	0.0	1894.0763746493249	1	0	1	1.2367142674542444
68356.56995740732	2000.0	1537.5064172419948	0.0	0	0.0	1894.0763746493176	1	0	1	1.8421793755624103
69223.53359148788	2000.0	1670.5427831614443	0.0	0	0.0	1894.0763746493321	1	0	1	1.8421793755624092
70200.0	2000.0	1694.0763746493183	0.0	0	45.14593053756107	1894.0763746493321	1	0	1	1.8421793755624092
71252.18861398126	2000.0	1641.887760668054	0.0	0	0.0	1894.0763746493321	1	0	1	1.8421793755624092
72200.0	2000.0	1694.0763746493158	0.0	0	125.72333849869028	1894.0763746493467	1	0	1	1.8421793755624083
73200.0	2000.0	1694.0763746493235	0.0	0	304.38848919836164	1894.0763746493612	1	0	1	1.8421793755624074
74200.0	3000.0	1694.0763746493092	0.0	0	227.32987339887768	1894.0763746493612	1	0	1	1.8421793755624076
75200.0	3000.0	1694.0763746493221	0.0	0	178.73612673707248	1894.0763746493612	1	0	1	2.2476444836705722
76200.0	2000.0	1694.0763746493333	0.0	0	138.7553252518992	1894.0763746493612	1	0	1	1.4367142674542428
77200.0	2000.0	1594.0763746493426	0.0	0	220.9183916318143	1794.0763746493612	1	0	2	1.4462354034324008
78200.0	2000.0	1594.0763746493383	0.0	0	147.94168715173146	1794.0763746493612	1	0	1	1.6482582527254985
79200.0	2000.0	1594.076374649323	0.0	0	540.7161953392206	1794.0763746493612	1	0	1	1.8482582527254987
80200.0	2000.0	1594.0763746493117	0.0	0	191.44687627410167	1794.0763746493612	1	0	1	1.8482582527254987
81253.06176630006	2000.0	1541.0146083492577	0.0	0	0.0	1794.0763746493612	1	0	1	1.8482582527254987
82282.89338304405	2000.0	1511.1829916052816	0.0	0	0.0	1794.0763746493467	1	0	1	1.8482582527254996
84146.07093497374	2000.0	648.0054396755881	0.0	0	0.0	1794.0763746493467	1	0	1	1.8482582527254996
84925.84774524269	1000.0	868.2286294066665	0.0	0	0.0	1794.0763746493467	1	0	1	0.46196389160560913
85422.7716132741	1000.0	1371.3047613752449	0.0	0	0.0	1794.0763746493321	1	0	1	1.155111072165555
86357.47352736077	2000.0	1436.6028472885841	0.0	0	0.0	1794.0763746493467	1	0	1	1.1551110721655544
87974.00845755321	2000.0	820.0679170961257	0.0	0	0.0	1794.0763746493612	1	0	1	1.8482582527254987
88418.89004093983	1000.0	1375.1863337095076	0.0	0	0.0	1794.0763746493467	1	0	1	0.46196389160560913
89200.0	2000.0	1594.0763746493378	0.0	0	154.70579829261987	1794.0763746493321	1	0	1	1.155111072165555
90200.0	2000.0	1594.0763746493387	0.0	0	586.4579605122562	1794.0763746493321	1	0	1	1.8482582527255005
91200.0	2000.0	1594.0763746493476	0.0	0	385.09118976886384	1794.0763746493467	1	0	1	1.8482582527254996
92264.34146679433	2000.0	1529.734907855023	0.0	0	0.0	1794.0763746493467	1	0	1	1.8482582527254996
93355.95075484854	2000.0	1438.1256198008277	0.0	0	0.0	1794.0763746493612	1	0	1	1.8482582527254987
94200.0	2000.0	1594.0763746493667	0.0	0	295.525024624425	1794.0763746493612	1	0	1	1.8482582527254987
95200.0	2000.0	1594.07637464937	0.0	0	444.7256510697771	1794.0763746493467	1	0	1	1.8482582527254996
96259.54346605737	2000.0	1534.5329085920014	0.0	0	0.0	1794.0763746493612	1	0	1	1.8482582527254987
97440.96214172535	2000.0	1353.114232924027	0.0	0	0.0	1794.0763746493612	1	0	1	1.8482582527254987
98338.75697050488	2000.0	1455.3194041445136	0.0	0	0.0	1794.0763746493612	1	0	1	1.8482582527254987
99382.47877898903	2000.0	1411.597595660357	0.0	0	0.0	1794.0763746493612	1	0	1	1.8482582527254987
100200.0	2000.0	1594.0763746493635	0.0	0	151.42162484111032	1794.0763746493612	1	0	1	1.8482582527254987
101200.0	2000.0	1594.076374649372	0.0	0	224.0589279098058	1794.0763746493612	1	0	1	1.8482582527254987
102410.8556960937	2000.0	1383.220678555666	0.0	0	0.0	1794.0763746493612	1	0	1	1.8482582527254987
103802.62745006909	2000.0	991.4489245802698	0.0	0	0.0	1794.0763746493612	1	0	1	1.8482582527254987
104201.39874586454	1000.0	1592.677628784828	0.0	0	0.0	1794.0763746493612	1	0	1	0.4619638916056084
105200.0	2000.0	1594.0763746493767	0.0	0	38.621398155388306	1794.0763746493612	1	0	1	1.1551110721655535
106200.0	2000.0	1594.0763746493706	0.0	0	117.3575719056389	1794.0763746493612	1	0	1	1.8482582527254987
107273.49168604346	2000.0	1520.5846886059173	0.0	0	0.0	1794.0763746493612	1	0	1	1.8482582527254987
108794.57922522692	2000.0	999.4971494224646	0.0	0	0.0	1794.0763746493612	1	0	1	1.8482582527254987
109302.09576547956	1000.0	1491.9806091698217	0.0	0	0.0	1794.0763746493612	1	0	1	0.4619638916056084
110200.0	2000.0	1594.0763746493808	0.0	0	194.50304537825286	1794.0763746493612	1	0	1	1.1551110721655535
111200.0	2000.0	1594.076374649393	0.0	0	360.58925861280295	1794.0763746493612	1	0	1	1.8482582527254987
112200.0	2000.0	1594.0763746493774	0.0	0	81.61965661137947	1794.0763746493612	1	0	1	1.8482582527254987
113200.0	2000.0	1594.0763746493792	0.0	0	267.0886824811314	1794.0763746493612	1	0	1	1.8482582527254987
114337.62055216389	2000.0	1456.4558224854848	0.0	0	0.0	1794.0763746493612	1	0	1	1.8482582527254987
115200.0	2000.0	1594.0763746493842	0.0	0	236.3893094058585	1794.0763746493467	1	0	1	1.8482582527254996
116200.0	2000.0	1594.0763746493808	0.0	0	276.9710544124828	1794.0763746493321	1	0	1	1.8482582527255005
117200.0	2000.0	1594.076374649394	0.0	0	168.72088969449396	1794.0763746493321	1	0	1	1.8482582527255005
118259.605845609	2000.0	1534.470529040398	0.0	0	0.0	1794.0763746493321	1	0	1	1.8482582527255005
119200.0	2000.0	1594.076374649394	0.0	0	218.2710307524103	1794.0763746493321	1	0	1	1.8482582527255005
120200.0	2000.0	1594.076374649411	0.0	0	79.57652748809778	1794.0763746493467	1	0	1	1.8482582527254996
121321.12826027315	2000.0	1472.9481143762691	0.0	0	0.0	1794.0763746493612	1	0	1	1.8482582527254987
122229.34445233626	2000.0	1564.7319223131813	0.0	0	0.0	1794.0763746493612	1	0	1	1.8482582527254987
123200.0	2000.0	1594.0763746494256	0.0	0	347.12516778918507	1794.0763746493612	1	0	1	1.8482582527254987
124214.79036215959	2000.0	1579.2860124898434	0.0	0	0.0	1794.0763746493612	1	0	1	1.8482582527254987
125200.0	2000.0	1594.0763746494354	0.0	0	412.9971230376541	1794.0763746493612	1	0	1	1.8482582527254987
126200.0	2000.0	1594.0763746494206	0.0	0	230.96259700678638	1794.0763746493758	1	0	1	1.8482582527254978
127693.78621333794	2000.0	1100.290161311476	0.0	0	0.0	1794.0763746493758	1	0	1	1.8482582527254978
128655.49524358028	2000.0	1138.5811310691277	0.0	0	0.0	1794.0763746493758	1	0	1	1.8482582527254978
129396.33549142745	2000.0	1397.740883221947	0.0	0	0.0	1794.0763746493612	1	0	1	1.8482582527254987
130200.0	2000.0	1594.0763746493813	0.0	0	153.7758029375109	1794.0763746493467	1	0	1	1.8482582527254996
131200.0	2000.0	1594.0763746493715	0.0	0	475.99638371690526	1794.0763746493467	1	0	1	1.8482582527254996
132200.0	2000.0	1594.0763746493567	0.0	0	518.0073052887456	1794.0763746493467	1	0	1	1.8482582527254994
133200.0	2000.0	1594.0763746493765	0.0	0	255.20386286784196	1794.0763746493903	1	0	1	1.8482582527254983
134200.0	2000.0	1594.0763746493726	0.0	0	322.11761070479406	1794.0763746493903	1	0	1	1.848258252725497
135200.0	2000.0	1594.0763746493467	0.0	0	231.28586750823888	1794.0763746493903	1	0	1	1.848258252725497
136200.0	2000.0	1594.0763746493683	0.0	0	77.50849553677836	1794.0763746493903	1	0	1	1.848258252725497
137200.0	2000.0	1594.0763746493847	0.0	0	328.0508822744887	1794.0763746494194	1	0	1	1.8482582527254954
138200.0	2000.0	1594.0763746493908	0.0	0	303.71632354543544	1794.0763746494194	1	0	1	1.8482582527254954
139200.0	2000.0	1594.076374649422	0.0	0	387.4001615103043	1794.0763746494194	1	0	1	1.8482582527254954
140200.0	2000.0	1594.0763746493992	0.0	0	127.83792317553889	1794.0763746493903	1	0	1	1.848258252725497
141200.0	2000.0	1594.0763746494008	0.0	0	314.02796984437737	1794.0763746493903	1	0	1	1.848258252725497
142200.0	2000.0	1594.0763746494215	0.0	0	188.17499916345696	1794.0763746494194	1	0	1	1.8482582527254954
143200.0	2000.0	1594.0763746494108	0.0	0	54.6657224248338	1794.0763746494194	1	0	1	1.8482582527254954
144200.0	2000.0	1594.0763746494165	0.0	0	51.10620996844955	1794.0763746494194	1	0	1	1.8482582527254954
145247.41067566472	2000.0	1546.6656989846715	0.0	0	0.0	1794.0763746494194	1	0	1	1.8482582527254954
146200.0	2000.0	1594.0763746493903	0.0	0	234.96993766818196	1794.0763746494194	1	0	1	1.8482582527254954
147200.0	2000.0	1594.076374649394	0.0	0	76.93964243575465	1794.0763746494194	1	0	1	1.8482582527254954
148200.0	2000.0	1594.0763746493903	0.0	0	138.85937077814015	1794.0763746494194	1	0	1	1.8482582527254954
149200.0	2000.0	1594.0763746493683	0.0	0	179.03831572612398	1794.0763746493903	1	0	1	1.848258252725497
150200.0	2000.0	1594.0763746493615	0.0	0	286.92426616343437	1794.0763746493903	1	0	1	1.848258252725497
151200.0	2000.0	1594.0763746493212	0.0	0	388.7907133906265	1794.0763746493903	1	0	1	1.848258252725497
152200.0	2000.0	1594.0763746493349	0.0	0	213.28568982772413	1794.0763746493903	1	0	1	1.848258252725497
153210.5376058104	2000.0	1583.5387688389606	0.0	0	0.0	1794.0763746493903	1	0	1	1.848258252725497
154200.0	2000.0	1594.076374649331	0.0	0	293.8944211846683	1794.0763746493903	1	0	1	1.848258252725497
155449.86819202616	2000.0	1344.2081826231567	0.0	0	0.0	1794.0763746493612	1	0	1	1.8482582527254983
156435.28432835566	2000.0	1358.7920462936763	0.0	0	0.0	1794.0763746493903	1	0	1	1.8482582527254974
157477.96471520624	2000.0	1316.1116594430996	0.0	0	0.0	1794.0763746493903	1	0	1	1.848258252725497
158523.3642894946	2000.0	1270.7120851547484	0.0	0	0.0	1794.0763746493903	1	0	1	1.848258252725497
159488.05811539406	2000.0	1306.0182592553138	0.0	0	0.0	1794.0763746493903	1	0	1	1.848258252725497
160200.0	2000.0	1594.0763746493744	0.0	0	59.457248693099245	1794.0763746493903	1	0	1	1.848258252725497
161294.66265110066	2000.0	1499.4137235487112	0.0	0	0.0	1794.0763746494194	1	0	1	1.8482582527254954
162200.0	2000.0	1594.0763746493924	0.0	0	128.82753964574658	1794.0763746494194	1	0	1	1.8482582527254954
163200.0	2000.0	1594.076374649356	0.0	0	92.83862501897966	1794.0763746494194	1	0	1	1.8482582527254954
164670.0662339128	2000.0	1124.01014073658	0.0	0	0.0	1794.0763746494194	1	0	1	1.8482582527254954
165539.18289964803	1000.0	1254.893475001374	0.0	0	0.0	1794.0763746494486	1	0	1	0.46196389160560325
166527.14409037674	1000.0	1266.9322842726604	0.0	0	0.0	1794.0763746494486	1	0	1	1.1551110721655482
167204.4229890737	1000.0	1589.6533855756852	0.0	0	0.0	1794.0763746494486	1	0	1	1.1551110721655484
168536.27712041448	2000.0	1257.7992542349325	0.0	0	0.0	1794.0763746494486	1	0	1	1.1551110721655482
169200.0	1000.0	1594.0763746493792	0.0	0	101.05768680394976	1794.0763746494486	1	0	1	0.46196389160560325
170312.4473506927	2000.0	1481.6290239566893	0.0	0	0.0	1794.0763746494486	1	0	1	1.1551110721655493
171616.10448347882	2000.0	1177.9718911705604	0.0	0	0.0	1794.0763746494486	1	0	1	1.8482582527254934
172356.84544292948	2000.0	1437.2309317199051	0.0	0	0.0	1794.0763746494486	1	0	1	1.8482582527254934
173229.09115590723	2000.0	1564.9852187421814	0.0	0	0.0	1794.0763746495068	1	0	1	1.848258252725491
174294.994061888	2000.0	1499.0823127614256	0.0	0	0.0	1794.0763746495068	1	0	1	1.84825825272549
175200.0	2000.0	1594.0763746494233	0.0	0	0.4173696149082389	1794.0763746495068	1	0	1	1.84825825272549
176200.0	2000.0	1594.0763746494001	0.0	0	291.6438654513331	1794.0763746495068	1	0	1	1.84825825272549
177447.5784639036	2000.0	1346.4979107458284	0.0	0	0.0	1794.076374649565	1	0	1	1.8482582527254874
178360.57678233975	2000.0	1433.4995923096828	0.0	0	0.0	1794.076374649594	1	0	1	1.8482582527254852
179574.06317087813	2000.0	1220.0132037712642	0.0	0	0.0	1794.076374649565	1	0	1	1.8482582527254867
180308.95521249235	2000.0	1485.121162157028	0.0	0	0.0	1794.076374649565	1	0	1	1.8482582527254867
181200.0	2000.0	1594.0763746493767	0.0	0	125.18363232020056	1794.076374649594	1	0	1	1.8482582527254852
182200.0	2000.0	1594.0763746494022	0.0	0	81.98587762194802	1794.076374649594	1	0	1	1.8482582527254852
183812.66427767772	2000.0	981.4120969716919	0.0	0	0.0	1794.0763746496523	1	0	1	1.8482582527254823
184531.77780056593	1000.0	1262.2985740834754	0.0	0	0.0	1794.0763746496523	1	0	1	0.4619638916055915
186093.97903715324	2000.0	700.0973374961766	0.0	0	0.0	1794.0763746496814	1	0	1	1.1551110721655362
186793.32414174464	1000.0	1000.7522329048188	0.0	0	0.0	1794.0763746496814	1	0	1	0.4619638916055898
187291.86275805463	1000.0	1502.2136165948036	0.0	0	0.0	1794.0763746497105	1	0	1	1.1551110721655333
188268.00030786917	2000.0	1526.0760667802967	0.0	0	0.0	1794.0763746497687	1	0	1	1.1551110721655307
189244.2239155094	2000.0	1549.8524591400505	0.0	0	0.0	1794.0763746497687	1	0	1	1.8482582527254752
190200.0	2000.0	1594.07637464947	0.0	0	39.30574464442907	1794.0763746497687	1	0	1	1.8482582527254752
191200.0	2000.0	1594.076374649506	0.0	0	39.589890100993216	1794.0763746497978	1	0	1	1.8482582527254747
192200.0	2000.0	1594.076374649502	0.0	0	47.741892021207605	1794.0763746497978	1	0	1	1.8482582527254734
193200.0	2000.0	1594.076374649475	0.0	0	401.33504378734506	1794.0763746497687	1	0	1	1.8482582527254738
194200.0	2000.0	1594.0763746494442	0.0	0	105.22124345455086	1794.0763746497396	1	0	1	1.8482582527254767
195200.0	2000.0	1594.0763746494479	0.0	0	563.0804244874453	1794.0763746497105	1	0	1	1.8482582527254772
196200.0	2000.0	1594.0763746494508	0.0	0	346.9889738787606	1794.0763746497105	1	0	1	1.8482582527254785
197493.5717658987	2000.0	1300.5046087507517	0.0	0	0.0	1794.0763746497105	1	0	1	1.8482582527254785
198723.19433885574	2000.0	1070.8820357937122	0.0	0	0.0	1794.0763746497105	1	0	1	1.8482582527254785
199574.66266791656	2000.0	1219.4137067328948	0.0	0	0.0	1794.0763746497105	1	0	1	1.8482582527254785
200495.53640170468	2000.0	1298.5399729447786	0.0	0	0.0	1794.0763746497396	1	0	1	1.8482582527254767
201409.84114083185	2000.0	1384.2352338176038	0.0	0	0.0	1794.0763746497396	1	0	1	1.8482582527254767
202211.30204445316	2000.0	1582.7743301962666	0.0	0	0.0	1794.0763746497396	1	0	1	1.8482582527254767
203200.0	2000.0	1594.076374649399	0.0	0	277.9957792816276	1794.0763746497687	1	0	1	1.8482582527254752
204200.0	2000.0	1594.0763746493863	0.0	0	278.38777047448093	1794.0763746497687	1	0	1	1.8482582527254752
205200.0	2000.0	1594.0763746493517	0.0	0	113.44242860324448	1794.0763746497396	1	0	1	1.8482582527254754
206200.0	2000.0	1594.0763746493974	0.0	0	458.82203900205786	1794.0763746497396	1	0	1	1.8482582527254767
207200.0	2000.0	1594.0763746494001	0.0	0	95.75353409640957	1794.0763746497687	1	0	1	1.8482582527254752
208217.9518994163	2000.0	1576.1244752331086	0.0	0	22.428724027442513	1794.0763746497978	1	0	1	1.8482582527254747
209748.3017033835	2000.0	1045.77467126592	0.0	0	0.0	1794.0763746497687	1	0	1	1.8482582527254752
210759.10462974425	2000.0	1034.971744905209	0.0	0	0.0	1794.0763746497978	1	0	1	1.8482582527254734
211413.74326768052	2000.0	1380.3331069689468	0.0	0	0.0	1794.0763746497978	1	0	1	1.8482582527254734
212200.0	2000.0	1594.0763746494817	0.0	0	69.35083566477988	1794.0763746497978	1	0	1	1.8482582527254734
213200.0	2000.0	1594.0763746494938	0.0	0	389.78110447811196	1794.0763746497978	1	0	1	1.8482582527254734
214200.0	2000.0	1594.07637464951	0.0	0	68.73150017947773	1794.076374649827	1	0	1	1.848258252725472
215200.0	2000.0	1594.0763746494845	0.0	0	354.8292653558601	1794.0763746497978	1	0	1	1.8482582527254718
216200.0	2000.0	1594.0763746494854	0.0	0	76.09921969473362	1794.0763746497978	1	0	1	1.8482582527254734
217200.0	2000.0	1594.0763746494451	0.0	0	94.2413357605692	1794.0763746497978	1	0	1	1.8482582527254747
218200.0	2000.0	1594.0763746494258	0.0	0	374.0093236734392	1794.0763746497978	1	0	1	1.8482582527254734
219200.0	2000.0	1594.0763746494413	0.0	0	375.70376565132756	1794.0763746497687	1	0	1	1.8482582527254738
220200.0	2000.0	1594.076374649432	0.0	0	309.5636465320131	1794.0763746497687	1	0	1	1.8482582527254752
221200.0	2000.0	1594.0763746494529	0.0	0	42.68195724897669	1794.0763746497396	1	0	1	1.8482582527254767
222200.0	2000.0	1594.076374649413	0.0	0	472.19762327260105	1794.0763746497396	1	0	1	1.8482582527254767
223200.0	3000.0	1594.076374649432	0.0	0	271.8507690016122	1794.0763746497687	1	0	1	1.8482582527254765
224200.0	2000.0	1594.0763746494206	0.0	0	289.6707071151759	1794.0763746497687	1	0	1	1.4427931446173106
225202.9153186382	2000.0	1591.1610560111976	0.0	0	0.0	1794.0763746497687	1	0	1	1.8482582527254752
226200.0	2000.0	1594.0763746494288	0.0	0	334.3549345851352	1794.0763746497687	1	0	1	1.8482582527254752
227200.0	2000.0	1594.0763746494445	0.0	0	156.62750932236668	1794.0763746497687	1	0	1	1.8482582527254752
228200.0	2000.0	1594.0763746494486	0.0	0	395.20148462831276	1794.0763746497687	1	0	1	1.8482582527254752
229200.0	2000.0	1594.0763746494542	0.0	0	22.699596017278964	1794.0763746497978	1	0	1	1.8482582527254734
230200.0	2000.0	1594.0763746494736	0.0	0	69.91946009750245	1794.0763746497687	1	0	1	1.8482582527254752
231200.0	2000.0	1594.0763746494924	0.0	0	48.08562697150046	1794.0763746497687	1	0	1	1.8482582527254752
232871.39681017667	2000.0	922.6795644728403	0.0	0	0.0	1794.0763746497687	1	0	1	1.8482582527254752
234013.89803384422	1000.0	780.1783408052881	0.0	0	0.0	1794.0763746497687	1	0	1	0.4619638916055847
234595.0013045897	1000.0	1199.075070059808	0.0	0	0.0	1794.0763746497687	1	0	1	1.1551110721655298
236100.97720202862	2000.0	693.0991726208799	0.0	0	0.0	1794.0763746497396	1	0	1	1.1551110721655315
236682.03710097616	1000.0	1112.0392736733177	0.0	0	0.0	1794.0763746497105	1	0	1	0.46196389160558815
237701.86396838777	2000.0	1092.2124062617015	0.0	0	0.0	1794.0763746497105	1	0	1	1.1551110721655333
238431.01093552017	2000.0	1363.0654391292799	0.0	0	0.0	1794.0763746497105	1	0	1	1.8482582527254785
239200.0	2000.0	1594.0763746494679	0.0	0	231.8310810253024	1794.0763746497105	1	0	1	1.8482582527254785
240200.0	2000.0	1594.076374649462	0.0	0	47.978041634865804	1794.0763746497105	1	0	1	1.8482582527254785
241200.0	2000.0	1594.0763746494551	0.0	0	181.8635279595037	1794.0763746497105	1	0	1	1.8482582527254785
242200.0	2000.0	1594.0763746494767	0.0	0	12.369470707839355	1794.0763746497396	1	0	1	1.8482582527254767
243200.0	2000.0	1594.0763746494938	0.0	0	231.26837017564685	1794.0763746497396	1	0	1	1.8482582527254767
244200.0	2000.0	1594.0763746495209	0.0	0	341.8580959873507	1794.0763746497687	1	0	1	1.8482582527254765
245489.18009034608	2000.0	1304.8962843034078	0.0	0	0.0	1794.0763746497978	1	0	1	1.848258252725474
246369.203098595	2000.0	1424.873276054522	0.0	0	0.0	1794.0763746497978	1	0	1	1.8482582527254734
247527.1329904591	2000.0	1266.9433841903908	0.0	0	0.0	1794.0763746497978	1	0	1	1.8482582527254734
248272.65215912374	2000.0	1521.4242155257366	0.0	0	0.0	1794.0763746497687	1	0	1	1.848258252725475
249200.0	2000.0	1594.0763746494551	0.0	0	216.84129316205508	1794.0763746497687	1	0	1	1.8482582527254752
250200.0	2000.0	1594.0763746494313	0.0	0	361.87109209696064	1794.0763746497687	1	0	1	1.8482582527254752
251373.69789344977	2000.0	1420.3784811996566	0.0	0	0.0	1794.0763746497978	1	0	1	1.8482582527254734
252449.12913503783	2000.0	1344.9472396115673	0.0	0	0.0	1794.0763746497978	1	0	1	1.8482582527254725
253602.58359073556	2000.0	1191.49278391378	0.0	0	0.0	1794.0763746497978	1	0	1	1.8482582527254734
254506.54109322873	2000.0	1287.5352814206128	0.0	0	0.0	1794.076374649827	1	0	1	1.848258252725472
255345.25598736777	2000.0	1448.8203872815916	0.0	0	0.0	1794.076374649827	1	0	1	1.8482582527254716
256627.27064571736	2000.0	1166.8057289320068	0.0	0	0.0	1794.076374649827	1	0	1	1.8482582527254716
257969.75512135745	2000.0	824.3212532919636	0.0	0	0.0	1794.076374649827	1	0	1	1.8482582527254716
258546.6514589272	1000.0	1247.4249157222168	0.0	0	0.0	1794.0763746497978	1	0	1	0.46196389160558304
259260.12202634575	2000.0	1533.9543483036553	0.0	0	0.0	1794.076374649827	1	0	1	1.1551110721655262
260200.0	2000.0	1594.0763746494092	0.0	0	332.71852240958833	1794.0763746497978	1	0	1	1.8482582527254718
261320.99067626757	2000.0	1473.085698381812	0.0	0	0.0	1794.0763746497978	1	0	1	1.8482582527254734
262379.67237504944	2000.0	1414.4039995999472	0.0	0	0.0	1794.076374649827	1	0	1	1.848258252725473
263379.0908044869	2000.0	1414.9855701625356	0.0	0	0.0	1794.076374649827	1	0	1	1.8482582527254712
264200.0	2000.0	1594.0763746493417	0.0	0	99.65991826209938	1794.0763746497687	1	0	1	1.8482582527254732
265200.0	2000.0	1594.0763746493917	0.0	0	246.6042925498914	1794.0763746497687	1	0	1	1.8482582527254752
266389.9628679637	2000.0	1404.1135066856878	0.0	0	0.0	1794.0763746497687	1	0	1	1.8482582527254738
267505.6673852223	2000.0	1288.4089894270992	0.0	0	0.0	1794.0763746497687	1	0	1	1.8482582527254752
268291.85514239286	2000.0	1502.2212322565172	0.0	0	0.0	1794.0763746497687	1	0	1	1.8482582527254752
269363.29499071167	2000.0	1430.7813839377416	0.0	0	0.0	1794.0763746497687	1	0	1	1.8482582527254752
270200.0	2000.0	1594.0763746494051	0.0	0	52.283324444899336	1794.076374649827	1	0	1	1.8482582527254716
271200.0	2000.0	1594.076374649427	0.0	0	17.193403483368456	1794.0763746497687	1	0	1	1.8482582527254752
272200.0	2000.0	1594.0763746494383	0.0	0	113.30021564417984	1794.0763746497105	1	0	1	1.8482582527254758
273200.0	2000.0	1594.0763746494213	0.0	0	207.6258744399529	1794.0763746496523	1	0	1	1.8482582527254818
274200.0	2000.0	1594.0763746494054	0.0	0	440.40048975113314	1794.076374649594	1	0	1	1.8482582527254852
275200.0	2000.0	1594.0763746494786	0.0	0	69.72100153658539	1794.076374649594	1	0	1	1.8482582527254852
276307.577122544	2000.0	1486.4992521055221	0.0	0	0.0	1794.0763746496523	1	0	1	1.8482582527254818
277397.7114233214	2000.0	1396.36495132814	0.0	0	0.0	1794.0763746496523	1	0	1	1.8482582527254818
278571.5151196062	2000.0	1222.5612550432907	0.0	0	0.0	1794.0763746496523	1	0	1	1.8482582527254818
279207.4171721727	2000.0	1586.6592024768343	0.0	0	0.0	1794.0763746496523	1	0	1	1.8482582527254818
280200.0	2000.0	1594.0763746495409	0.0	0	445.67724765394814	1794.0763746496523	1	0	1	1.8482582527254818
281200.0	2000.0	1594.0763746495527	0.0	0	467.1213434901438	1794.076374649594	1	0	1	1.8482582527254825
282200.0	3000.0	1594.0763746495961	0.0	0	202.25647742388537	1794.076374649594	1	0	1	1.8482582527254854
283200.0	2000.0	1594.0763746495838	0.0	0	185.16278690722538	1794.076374649594	1	0	1	1.4427931446173206
284200.0	3000.0	1494.0763746494906	0.0	0	135.51068520057015	1694.0763746495359	1	0	2	1.4520048781335337
285200.0	2000.0	1494.0763746494106	0.0	0	161.62214314413723	1694.0763746495359	1	0	1	1.2483097477555898
286200.0	2000.0	1494.0763746494258	0.0	0	193.30924811388832	1694.0763746495359	1	0	1	1.8537748558637546
287200.0	2000.0	1494.076374649468	0.0	0	342.37440690689255	1694.0763746495359	1	0	1	1.8537748558637546
288200.0	3000.0	1494.0763746494467	0.0	0	356.6333680091193	1694.0763746495359	1	0	1	1.8537748558637548
289200.0	2000.0	1494.0763746494065	0.0	0	178.0792274227133	1694.0763746495359	1	0	1	1.44830974775559
290200.0	2000.0	1494.0763746493974	0.0	0	231.1127361090621	1694.0763746495359	1	0	1	1.8537748558637546
291200.0	2000.0	1494.0763746494133	0.0	0	269.5616813720553	1694.0763746495359	1	0	1	1.8537748558637546
292200.0	2000.0	1494.076374649425	0.0	0	69.23547055857489	1694.076374649594	1	0	1	1.853774855863754
293200.0	2000.0	1494.0763746494094	0.0	0	100.68616153951734	1694.076374649594	1	0	1	1.8537748558637515
294200.0	2000.0	1494.0763746493906	0.0	0	186.2668174339924	1694.0763746495359	1	0	1	1.8537748558637546
295200.0	2000.0	1494.0763746494217	0.0	0	283.89467184903333	1694.0763746495359	1	0	1	1.8537748558637546
296208.8254245827	2000.0	1485.2509500666986	0.0	0	0.0	1694.0763746495359	1	0	1	1.8537748558637546
297200.0	2000.0	1494.0763746493797	0.0	0	50.40484840946738	1694.0763746494194	1	0	1	1.8537748558637581
298384.9271183468	2000.0	1309.1492563025702	0.0	0	0.0	1694.0763746494194	1	0	1	1.8537748558637608
299200.0	2000.0	1494.0763746493951	0.0	0	15.002636841672938	1694.0763746494194	1	0	1	1.8537748558637608
300200.0	2000.0	1494.0763746493808	0.0	0	304.0591278640786	1694.0763746493612	1	0	1	1.8537748558637637
3.2	2.61	2.47	1.85	2.68	2.43	2.35	2.28	2.59	2.56	2.04	1.7	1.66	1.64	1.44	1.29	1.75	1.62	2.12	1.95	1.95	2.65	2.53	2.64	3.54	2.28	2.11	1.66	2.44	2.4	1.87	1.77	1.61	1.48	1.07	1.46	2.17	2.47	2.05	2.28	1.51	2.54	2.78	3.64	3.35	2.44	1.63	2.29	2.2	2.21	2.25	2.47	2.36	2.42	3.35	3.23	2.35	1.24	1.56	2.03	2.7	3.23	2.76	3.57	1.77	2.68	2.51	2.77	2.27	2.7	3.52	4.53	3.26	1.84	2.84	3.0	3.78	2.7	2.19	2.04	1.77	1.31	1.01	2.12	1.27	1.6	2.62	3.94	2.71	1.9	2.04	2.94	4.23	2.17	1.62	2.15	2.33	2.94	3.56	2.27	2.19	1.34	2.77	1.96	1.92	2.14	1.32	2.28	3.2	1.93	2.26	1.59	2.92	3.21	1.95	1.99	2.47	2.58	2.34	1.96	2.64	2.58	3.01	2.88	1.49	1.98	1.92	2.66	3.79	5.03	3.2	2.7	3.2	2.35	2.77	3.92	3.98	2.68	3.2	3.57	2.64	2.72	2.42	2.59	2.15	2.25	1.9	2.94	3.51	2.33	3.2	2.61	2.47	1.85	2.68	2.43	2.35	2.28	2.59	2.56	2.04	1.7	1.66	1.64	1.44	1.29	1.75	1.62	2.12	1.95	1.95	2.65	2.53	2.64	3.54	2.28	2.11	1.66	2.44	2.4	1.87	1.77	1.61	1.48	1.07	1.46	2.17	2.47	2.05	2.28	1.51	2.54	2.78	3.64	3.35	2.44	1.63	2.29	2.2	2.21	2.25	2.47	2.36	2.42	3.35	3.23	2.35	1.24	1.56	2.03	2.7	3.23	2.76	3.57	1.77	2.68	2.51	2.77	2.27	2.7	3.52	4.53	3.26	1.84	2.84	3.0	3.78	2.7	2.19	2.04	1.77	1.31	1.01	2.12	1.27	1.6	2.62	3.94	2.71	1.9	2.04	2.94	4.23	2.17	1.62	2.15	2.33	2.94	3.56	2.27	2.19	1.34	2.77	1.96	1.92	2.14	1.32	2.28	3.2	1.93	2.26	1.59	2.92	3.21	1.95	1.99	2.47	2.58	2.34	1.96	2.64	2.58	3.01	2.88	1.49	1.98	1.92	2.66	3.79	5.03	3.2	2.7	3.2	2.35	2.77	3.92	3.98	2.68	3.2	3.57	2.64	2.72	2.42	2.59	2.15	2.25	1.9	2.94	3.51	2.33	3.2	2.61
1.0	2.0	3.0	4.0	5.0	6.0	7.0	8.0	9.0	10.0	11.0	12.0	13.0	14.0	15.0	16.0	17.0	18.0	19.0	20.0	21.0	22.0	23.0	24.0	25.0	26.0	27.0	28.0	29.0	30.0	31.0	32.0	33.0	34.0	35.0	36.0	37.0	38.0	39.0	40.0	41.0	42.0	43.0	44.0	45.0	46.0	47.0	48.0	49.0	50.0	51.0	52.0	53.0	54.0	55.0	56.0	57.0	58.0	59.0	60.0	61.0	62.0	63.0	64.0	65.0	66.0	67.0	68.0	69.0	70.0	71.0	72.0	73.0	74.0	75.0	76.0	77.0	78.0	79.0	80.0	81.0	82.0	83.0	84.0	85.0	86.0	87.0	88.0	89.0	90.0	91.0	92.0	93.0	94.0	95.0	96.0	97.0	98.0	99.0	100.0	101.0	102.0	103.0	104.0	105.0	106.0	107.0	108.0	109.0	110.0	111.0	112.0	113.0	114.0	115.0	116.0	117.0	118.0	119.0	120.0	121.0	122.0	123.0	124.0	125.0	126.0	127.0	128.0	129.0	130.0	131.0	132.0	133.0	134.0	135.0	136.0	137.0	138.0	139.0	140.0	141.0	142.0	143.0	144.0	145.0	146.0	147.0	148.0	149.0	149.0	150.0	151.0	152.0	153.0	154.0	155.0	156.0	157.0	158.0	159.0	160.0	161.0	162.0	163.0	164.0	165.0	166.0	167.0	168.0	169.0	170.0	171.0	172.0	173.0	174.0	175.0	176.0	177.0	178.0	179.0	180.0	181.0	182.0	183.0	184.0	185.0	186.0	187.0	188.0	189.0	190.0	191.0	192.0	193.0	194.0	195.0	196.0	197.0	198.0	199.0	200.0	201.0	202.0	203.0	204.0	205.0	206.0	207.0	208.0	209.0	210.0	211.0	212.0	213.0	214.0	215.0	216.0	217.0	218.0	219.0	220.0	221.0	222.0	223.0	224.0	225.0	226.0	227.0	228.0	229.0	230.0	231.0	232.0	233.0	234.0	235.0	236.0	237.0	238.0	239.0	240.0	241.0	242.0	243.0	244.0	245.0	246.0	247.0	248.0	249.0	250.0	251.0	252.0	253.0	254.0	255.0	256.0	257.0	258.0	259.0	260.0	261.0	262.0	263.0	264.0	265.0	266.0	267.0	268.0	269.0	270.0	271.0	272.0	273.0	274.0	275.0	276.0	277.0	278.0	279.0	280.0	281.0	282.0	283.0	284.0	285.0	286.0	287.0	288.0	289.0	290.0	291.0	292.0	293.0	294.0	295.0	296.0	297.0	298.0	298.0	299.0	300.0
2018.6043003120026
