3473.273022514889	300.0	2000.0	143.9029806857022	0	0.0	3473.273022514889	1	0	1	-1.1420171413104416
4034.609310994662	2000.0	2438.663711520227	0.0	0	0.0	3473.2730225148885	1	0	1	-0.2861320289736759
4792.545038355707	3000.0	2604.934411423077	0.0	0	0.0	3397.4794497787843	1	0	2	1.226037453175215
5809.879856536876	3000.0	2485.866111423791	0.0	0	0.0	3295.7459679606673	1	0	2	1.8552171695388275
6782.565746970711	3000.0	2415.911631946573	0.0	0	0.0	3198.477378917284	1	0	2	1.8767726811086298
7716.562540714752	2000.0	2388.5151588281287	0.0	0	0.0	3105.0776995428796	1	0	2	1.0868010254112082
8628.665983769773	2000.0	2385.201371467605	0.0	0	0.0	3013.8673552373775	1	0	2	1.5112551735142374
9923.726662027775	3000.0	1960.6346253838042	0.0	0	0.0	2884.361287411579	1	0	2	1.5314234013329737
10532.580012675282	2000.0	2290.8959396715477	0.0	0	0.0	2823.475952346829	1	0	2	1.1386160577131803
11303.15637496601	2000.0	2520.319577380821	0.0	0	0.0	2823.475952346831	1	0	1	1.546775337468301
12200.0	3000.0	2533.791589843432	0.0	0	53.875283429071715	2733.7915898434294	1	0	2	1.3563886759670516
13200.0	3000.0	2433.791589843433	0.0	0	505.2611750836677	2633.7915898434294	1	0	2	1.973843114095872
14200.0	3000.0	2333.7915898434335	0.0	0	271.97959964189613	2533.7915898434294	1	0	2	1.9870515648553295
15277.428926246295	6000.0	2256.362663597138	0.0	0	0.0	2533.7915898434294	1	0	1	1.9913189901391113
16630.110441726527	6000.0	1903.6811481169054	0.0	0	0.0	2533.7915898434294	1	0	1	2.8844661706990564
17585.855981920195	3000.0	1852.3610539038746	0.0	0	0.0	2438.2170358240674	1	0	2	1.106467913403571
18399.18146766859	3000.0	1957.7030195806396	0.0	0	0.0	2356.8844872492264	1	0	2	2.0085191171431545
19200.0	3000.0	2076.802634016084	0.0	0	6.308707003092422	2276.802634016083	1	0	2	2.0162458513819326
21666.249217369277	6000.0	610.5534166468083	0.0	0	0.0	2276.802634016083	1	0	1	2.018128269733591
22446.128962165614	2000.0	830.6736718504726	0.0	0	0.0	2276.802634016083	1	0	1	0.714050872957317
23234.121324552703	2000.0	1042.6813094633803	0.0	0	0.0	2276.802634016083	1	0	1	1.8126631616254265
24294.026371006403	2000.0	982.7762630096781	0.0	0	0.0	2276.8026340160795	1	0	1	1.812663161625427
25268.364742758196	2000.0	1008.4378912578821	0.0	0	0.0	2276.8026340160795	1	0	1	1.812663161625427
26633.931926562345	2000.0	642.8707074537326	0.0	0	0.0	2276.8026340160795	1	0	1	1.812663161625427
27191.93048546153	1000.0	1084.872148554547	0.0	0	0.0	2276.802634016076	1	0	1	0.426368800505537
28666.25026090127	2000.0	610.5523731148062	0.0	0	0.0	2276.8026340160795	1	0	1	1.1195159810654816
29202.92165112013	1000.0	1073.8809828959447	0.0	0	0.0	2276.8026340160795	1	0	1	0.42636880050553666
29644.48834713643	1000.0	1632.3142868796451	0.0	0	0.0	2276.802634016076	1	0	1	1.1195159810654822
30209.92962108957	2000.0	2066.8730129265045	0.0	0	0.0	2276.802634016076	1	0	1	1.1195159810654822
31200.0	2000.0	2076.8026340160714	0.0	0	245.87575791208656	2276.8026340160723	1	0	1	1.8126631616254276
32200.0	2000.0	2076.8026340160686	0.0	0	459.575440826673	2276.8026340160723	1	0	1	1.8126631616254276
33200.0	3000.0	1976.8026340160623	0.0	0	55.06957436484663	2176.8026340160686	1	0	2	1.4188321301227618
34200.0	2000.0	1876.8026340160654	0.0	0	378.7358795254695	2076.8026340160686	1	0	2	1.221002226281766
35200.0	2000.0	1776.802634016068	0.0	0	256.68296962849126	1976.8026340160795	1	0	2	1.634218009066027
36200.0	2000.0	1776.802634016066	0.0	0	406.7340457786777	1976.8026340160868	1	0	1	1.636686356045744
37200.0	2000.0	1776.802634016061	0.0	0	426.7597053722129	1976.8026340160868	1	0	1	1.8366863560457443
38863.481413933165	3000.0	946.9730786895715	0.0	0	0.0	1810.4544926227609	1	0	2	1.4445945450567126
39840.25732831468	2000.0	970.197164308055	0.0	0	0.0	1810.4544926227609	1	0	1	1.2418374523903388
40525.68312168343	2000.0	1284.771370939302	0.0	0	0.0	1810.4544926227609	1	0	1	1.8473025604985036
41250.49201604824	2000.0	1559.96247657448	0.0	0	0.0	1810.4544926227609	1	0	1	1.8473025604985036
42200.0	2000.0	1610.4544926227197	0.0	0	243.40965309229068	1810.4544926227609	1	0	1	1.8473025604985036
43200.0	2000.0	1610.4544926227222	0.0	0	449.6506129417903	1810.4544926227536	1	0	1	1.847302560498504
44200.0	2000.0	1610.4544926227163	0.0	0	531.8704193859303	1810.4544926227463	1	0	1	1.8473025604985045
45200.0	3000.0	1510.454492622719	0.0	0	406.4334991249634	1710.4544926227536	1	0	2	1.4508423027457882
47040.018161877255	6000.0	670.4363307454616	0.0	0	0.0	1710.4544926227536	1	0	1	2.0583727756590156
47766.872601039795	2000.0	943.581891582927	0.0	0	0.0	1710.4544926227536	1	0	1	0.7542953788827417
48830.18074107338	2000.0	880.2737515493352	0.0	0	0.0	1710.4544926227536	1	0	1	1.8529076675508513
49504.850796001956	2000.0	1205.6036966207657	0.0	0	0.0	1710.4544926227536	1	0	1	1.8529076675508513
50200.0	2000.0	1510.4544926227168	0.0	0	173.57670665524347	1710.4544926227536	1	0	1	1.8529076675508513
51200.0	2000.0	1510.4544926227202	0.0	0	136.3696479864957	1710.4544926227463	1	0	1	1.8529076675508518
52200.0	2000.0	1510.4544926227156	0.0	0	596.3500414019727	1710.4544926227463	1	0	1	1.8529076675508518
53200.0	2000.0	1510.4544926227156	0.0	0	360.97228689668555	1710.4544926227463	1	0	1	1.8529076675508518
54200.0	2000.0	1510.4544926227165	0.0	0	168.38394829739264	1710.4544926227463	1	0	1	1.8529076675508518
55200.0	2000.0	1510.4544926227115	0.0	0	32.51157125912141	1710.4544926227463	1	0	1	1.8529076675508518
56200.0	2000.0	1510.4544926227074	0.0	0	566.0762303356387	1710.4544926227463	1	0	1	1.8529076675508518
57200.0	2000.0	1510.4544926226959	0.0	0	449.86172996796085	1710.4544926227463	1	0	1	1.8529076675508518
58200.0	2000.0	1510.454492622701	0.0	0	287.03554739146057	1710.4544926227463	1	0	1	1.8529076675508518
59200.0	3000.0	1510.4544926226997	0.0	0	88.49305948990514	1710.4544926227463	1	0	1	1.852907667550852
61824.37320008838	6000.0	200.0	313.91870746568713	0	0.0	2024.373200088441	1	0	1	0.37064664111108003
63046.84269678525	2000.0	397.99854478673996	420.46804148361036	0	0.0	2444.841241571994	1	0	1	-1.8255416224013823
63908.29216988636	2000.0	576.2851576952564	39.736086009630014	0	0.0	2484.5773275816173	1	0	1	1.553087640567123
64400.96336494738	2000.0	1083.6139626342351	0.0	0	0.0	2484.5773275816173	1	0	1	1.791504156624903
64913.8126642564	2000.0	1570.7646633252148	0.0	0	0.0	2484.5773275816173	1	0	1	1.791504156624903
65714.98337140214	2000.0	1769.5939561794785	0.0	0	0.0	2484.57732758161	1	0	1	1.791504156624903
66675.18032525243	2000.0	1809.397002329204	0.0	0	0.0	2484.5773275816246	1	0	1	1.7915041566249028
67509.03328641602	2000.0	1975.5440411655995	0.0	0	0.0	2484.57732758161	1	0	1	1.791504156624903
68455.02671781054	3000.0	1934.9512666316139	0.0	0	0.0	2389.9779844421428	1	0	2	1.3989522368440281
69304.87351008793	3000.0	2000.119795126488	0.0	0	0.0	2304.9933052144042	1	0	2	2.013720837576134
70200.0	3000.0	2015.4806562232193	0.0	0	333.5994315412536	2215.480656223197	1	0	2	2.0204550607917513
71200.0	3000.0	1915.4806562232125	0.0	0	248.1654573235428	2115.480656223197	1	0	2	2.0291046575966964
73906.27043990961	6000.0	209.21021631360512	0.0	0	0.0	2115.480656223197	1	0	1	2.0319011803732057
74435.49576968723	2000.0	777.9873586755258	98.00247213953355	0	0.0	2213.4831283627427	1	0	1	0.13169651093625523
74876.23564736484	2000.0	1337.2474809979121	0.0	0	0.0	2213.4831283627427	1	0	1	1.8183236324415661
75286.25848379759	2000.0	1927.2246445651572	0.0	0	0.0	2213.4831283627427	1	0	1	1.8183236324415661
76200.0	2000.0	2013.4831283627464	0.0	0	192.1114763165242	2213.483128362728	1	0	1	1.8183236324415673
77580.02716896747	3000.0	1495.4532424985323	0.0	0	0.0	2075.480411465993	1	0	2	1.4275630894595388
78200.0	2000.0	1875.4804114660035	0.0	0	67.79402308315912	2075.480411465993	1	0	1	1.2240691563978094
79200.0	2000.0	1875.4804114660103	0.0	0	599.9734104130766	2075.480411465993	1	0	1	1.8295342645059742
80200.0	3000.0	1775.4804114660142	0.0	0	513.4774384367192	1975.4804114659782	1	0	2	1.4339917935872053
81287.4242215241	3000.0	1579.3137677895136	0.0	0	0.0	1866.7379893135658	1	0	2	2.047571704940318
82200.0	2000.0	1575.4804114660037	0.0	0	432.02560935841757	1775.4804114659637	1	0	2	1.241699492232395
83200.0	2000.0	1575.480411466006	0.0	0	292.7092748276482	1775.4804114659637	1	0	1	1.6493251005590168
84200.0	2000.0	1575.4804114659985	0.0	0	336.42544891322905	1775.4804114659637	1	0	1	1.849325100559017
85200.0	2000.0	1575.480411465994	0.0	0	504.1552321038034	1775.4804114659637	1	0	1	1.849325100559017
86381.65203359064	3000.0	1393.8283778753619	0.0	0	0.0	1775.4804114659491	1	0	1	1.8493251005590179
87200.0	2000.0	1575.4804114660071	0.0	0	171.31547489781224	1775.4804114659491	1	0	1	1.4438599924508533
88200.0	2000.0	1575.480411465996	0.0	0	368.79057477063907	1775.4804114659491	1	0	1	1.8493251005590179
89200.0	2000.0	1575.4804114659996	0.0	0	247.94750535552157	1775.4804114659491	1	0	1	1.8493251005590179
90200.0	2000.0	1575.4804114659999	0.0	0	188.46145249412803	1775.4804114659491	1	0	1	1.8493251005590179
91200.0	2000.0	1575.4804114660024	0.0	0	216.40397036983632	1775.4804114659491	1	0	1	1.8493251005590179
92200.0	2000.0	1575.4804114660092	0.0	0	507.8169868897676	1775.4804114659491	1	0	1	1.8493251005590179
93200.0	3000.0	1575.4804114660135	0.0	0	441.1323513280513	1775.4804114659491	1	0	1	1.8493251005590179
94200.0	6000.0	1575.480411465998	0.0	0	34.51949082306237	1775.4804114659491	1	0	1	2.254790208667182
95200.0	6000.0	1575.4804114659994	0.0	0	121.00823700247565	1775.4804114659491	1	0	1	2.947937389227127
96398.34764993937	6000.0	1377.1327615266366	0.0	0	0.0	1775.4804114659491	1	0	1	2.947937389227127
97636.87448199744	6000.0	1138.6059294685692	0.0	0	0.0	1775.4804114659491	1	0	1	2.947937389227127
98219.2238866891	2000.0	1556.2565247769066	0.0	0	0.0	1775.4804114659491	1	0	1	0.7507128118909081
99200.0	2000.0	1575.4804114660114	0.0	0	25.94381673457974	1775.4804114659491	1	0	1	1.8493251005590179
100236.67276203813	2000.0	1538.8076494278748	0.0	0	0.0	1775.4804114659491	1	0	1	1.8493251005590179
101200.0	2000.0	1575.4804114660062	0.0	0	220.18193749769125	1775.4804114659637	1	0	1	1.849325100559017
102200.0	2000.0	1575.4804114660164	0.0	0	264.35679686558433	1775.4804114659637	1	0	1	1.849325100559017
103200.0	2000.0	1575.4804114660371	0.0	0	474.5712957183132	1775.4804114659637	1	0	1	1.849325100559017
105170.9302233372	3000.0	604.5501881288501	0.0	0	0.0	1775.4804114659637	1	0	1	1.849325100559017
105816.85525778001	2000.0	958.6251536860462	0.0	0	0.0	1775.4804114659782	1	0	1	1.4438599924508515
106409.94326908898	2000.0	1365.5371423770837	0.0	0	0.0	1775.4804114659782	1	0	1	1.849325100559016
107231.7088697599	2000.0	1543.7715417061704	0.0	0	0.0	1775.4804114659782	1	0	1	1.849325100559016
108200.0	2000.0	1575.4804114660733	0.0	0	304.17896257707616	1775.4804114659782	1	0	1	1.849325100559016
109200.0	2000.0	1575.4804114660628	0.0	0	198.71556637941103	1775.4804114659637	1	0	1	1.849325100559017
110563.37828925584	2000.0	1212.102122210223	0.0	0	0.0	1775.4804114659637	1	0	1	1.849325100559017
111587.2555438737	2000.0	1188.2248675923565	0.0	0	0.0	1775.4804114659637	1	0	1	1.849325100559017
112374.1673742273	2000.0	1401.3130372387498	0.0	0	0.0	1775.4804114659637	1	0	1	1.849325100559017
113200.0	2000.0	1575.480411466055	0.0	0	47.4119623619481	1775.4804114659637	1	0	1	1.849325100559017
114200.0	2000.0	1575.4804114660542	0.0	0	372.2690975822188	1775.4804114659637	1	0	1	1.849325100559017
115200.0	2000.0	1575.480411466064	0.0	0	540.4258690613642	1775.4804114659637	1	0	1	1.849325100559017
116299.55571020654	3000.0	1475.924701259524	0.0	0	0.0	1775.4804114659637	1	0	1	1.849325100559017
117200.0	2000.0	1575.4804114660533	0.0	0	25.085902678358252	1775.4804114659782	1	0	1	1.4438599924508515
118200.0	2000.0	1575.480411466063	0.0	0	311.7343342254753	1775.4804114659782	1	0	1	1.849325100559016
119200.0	2000.0	1575.4804114660526	0.0	0	542.3431892533699	1775.4804114659782	1	0	1	1.849325100559016
120200.0	3000.0	1575.480411466047	0.0	0	475.826318537569	1775.4804114659782	1	0	1	1.8493251005590163
123208.3534287777	6000.0	200.0	632.8730173116596	0	0.0	2408.3534287777	1	0	1	-1.555305910405305
124449.64391912239	2000.0	434.77985144879443	476.07034179348284	0	0.0	2884.4237705711857	1	0	1	-2.217901076850411
125008.47661312416	2000.0	875.9471574470257	0.0	0	0.0	2884.4237705711857	1	0	1	1.7371332625785951
126213.57793042265	2000.0	670.8458401485552	0.0	0	0.0	2884.4237705711857	1	0	1	1.7371332625785951
126609.34996009742	1000.0	1275.0738104737788	0.0	0	0.0	2884.4237705711857	1	0	1	0.35083890145870483
127345.5341619663	2000.0	1538.8896086048883	0.0	0	0.0	2884.423770571171	1	0	1	1.0439860820186524
128043.74740651724	2000.0	1840.6763640539375	0.0	0	0.0	2884.423770571171	1	0	1	1.7371332625785976
128543.82553765959	2000.0	2290.590419797355	0.0	0	0.0	2834.415957456935	1	0	2	1.343248637491447
129200.0	3000.0	2568.7985112228944	0.0	0	74.54109078648617	2768.798511222878	1	0	2	1.5518445958064668
130200.0	3000.0	2468.7985112228935	0.0	0	364.6805279052933	2668.7985112228926	1	0	2	1.9692162820444177
132762.72099244513	6000.0	906.0775187777829	0.0	0	0.0	2668.798511222907	1	0	1	1.97441091158357
133419.65855477462	2000.0	1249.1399564482826	0.0	0	0.0	2668.798511222907	1	0	1	0.6703335148072932
134001.54980606423	2000.0	1667.2487051586763	0.0	0	0.0	2668.798511222907	1	0	1	1.7689458034754044
134680.97477648486	2000.0	1987.82373473803	0.0	0	0.0	2668.798511222907	1	0	1	1.7689458034754044
135322.27350448782	3000.0	2282.3951339347855	0.0	0	0.0	2604.6686384225904	1	0	2	1.375169492935283
136200.0	3000.0	2316.8959888713684	0.0	0	257.4514848110848	2516.8959888713434	1	0	2	1.9893316880735483
137200.0	3000.0	2216.895988871383	0.0	0	221.88761831703596	2416.8959888713434	1	0	2	2.000578053707595
138200.0	3000.0	2116.8959888714157	0.0	0	30.598511947726365	2316.8959888713725	1	0	2	2.011743131935078
139341.73720790632	3000.0	1860.985060174438	0.0	0	0.0	2202.722268080717	1	0	2	2.0222408902000244
140200.0	3000.0	1916.8959888714014	0.0	0	158.8389726562309	2116.8959888713725	1	0	2	2.0294092248276647
141200.0	3000.0	1816.8959888714007	0.0	0	396.62847158592194	2016.8959888713143	1	0	2	2.0365499206490036
143273.45854051597	6000.0	743.4374483554392	0.0	0	0.0	2016.8959888713143	1	0	1	2.0393272575238406
143785.82879154658	2000.0	1231.0671973248413	0.0	0	0.0	2016.8959888713143	1	0	1	0.7352498607475668
144200.0	2000.0	1816.8959888713948	0.0	0	115.80550581152784	2016.8959888713143	1	0	1	1.8338621494156766
145237.8978085999	3000.0	1778.9981802715013	0.0	0	0.0	2016.8959888713143	1	0	1	1.8338621494156766
146200.0	3000.0	1720.6857697313872	0.0	0	173.18761481053662	1920.6857697312662	1	0	2	1.8437921430553752
147200.0	3000.0	1720.685769731406	0.0	0	357.34716215290246	1920.6857697312953	1	0	1	2.045925297197114
148476.731234863	6000.0	1443.9545348683982	0.0	0	0.0	1920.6857697312953	1	0	1	2.245925297197114
149331.09187265803	2000.0	1589.5938970733678	0.0	0	0.0	1920.6857697312953	1	0	1	0.7418479004208398
150238.58689387413	3000.0	1591.3493737356282	0.0	0	0.0	1829.936267609679	1	0	2	1.444743284942684
151227.55207420213	2000.0	1602.384193407586	0.0	0	0.0	1829.9362676096498	1	0	1	1.2406807047139485
152200.0	2000.0	1629.9362676097612	0.0	0	292.93071655128733	1829.9362676096498	1	0	1	1.8461458128221133
153200.0	2000.0	1629.9362676097803	0.0	0	392.3281494612165	1829.9362676096498	1	0	1	1.8461458128221133
154200.0	2000.0	1629.9362676097533	0.0	0	452.0780649993103	1829.9362676096498	1	0	1	1.8461458128221133
155200.0	2000.0	1629.9362676097767	0.0	0	450.76878701196983	1829.936267609679	1	0	1	1.8461458128221118
156208.9668686948	3000.0	1520.0727120454994	0.0	0	0.0	1729.0395807402092	1	0	2	1.45051622938115
157279.71410777455	2000.0	1449.3254729657383	0.0	0	0.0	1729.0395807402092	1	0	1	1.246441633390266
158200.0	2000.0	1529.0395807402504	0.0	0	358.98229238926433	1729.0395807402092	1	0	1	1.8519067414984307
159200.0	2000.0	1529.039580740284	0.0	0	175.22338090999983	1729.0395807402383	1	0	1	1.8519067414984294
160200.0	2000.0	1529.0395807402733	0.0	0	253.05814776328043	1729.0395807402383	1	0	1	1.8519067414984294
161200.0	2000.0	1529.0395807402765	0.0	0	417.8140949172375	1729.0395807402383	1	0	1	1.8519067414984294
162200.0	2000.0	1529.0395807402672	0.0	0	520.1581009199144	1729.0395807402092	1	0	1	1.8519067414984307
163200.0	3000.0	1529.0395807402404	0.0	0	382.5287072296778	1729.0395807402092	1	0	1	1.8519067414984312
164803.01500305903	6000.0	926.0245776812365	0.0	0	0.0	1729.0395807402383	1	0	1	2.257371849606594
165283.14643072622	2000.0	1445.8931500140195	0.0	0	0.0	1729.0395807402383	1	0	1	0.7532944528303207
166200.0	2000.0	1529.0395807402122	0.0	0	16.321600643132115	1729.0395807402383	1	0	1	1.8519067414984294
167200.0	2000.0	1529.0395807402103	0.0	0	461.03919703746215	1729.0395807402092	1	0	1	1.8519067414984307
168200.0	2000.0	1529.0395807402122	0.0	0	529.1587361466663	1729.0395807402092	1	0	1	1.8519067414984307
169499.7762848393	3000.0	1229.263295900898	0.0	0	0.0	1729.0395807402092	1	0	1	1.8519067414984312
170304.10997145163	2000.0	1424.9296092885447	0.0	0	0.0	1729.0395807402092	1	0	1	1.446441633390266
171200.0	2000.0	1529.0395807401649	0.0	0	365.04320255012135	1729.0395807402092	1	0	1	1.8519067414984307
172200.0	2000.0	1529.0395807401624	0.0	0	154.16234856520896	1729.0395807402092	1	0	1	1.8519067414984307
173290.07158334396	2000.0	1438.9679973961731	0.0	0	0.0	1729.0395807402092	1	0	1	1.8519067414984307
174541.33236629798	2000.0	1187.707214442136	0.0	0	0.0	1729.0395807402092	1	0	1	1.8519067414984307
175591.32354502165	2000.0	1137.7160357184548	0.0	0	0.0	1729.03958074018	1	0	1	1.8519067414984318
176940.633021881	2000.0	788.4065588590964	0.0	0	0.0	1729.03958074018	1	0	1	1.851906741498433
177663.41576442504	1000.0	1065.6238163150065	0.0	0	0.0	1729.03958074018	1	0	1	0.4656123803785422
178824.3234614685	2000.0	904.7161192715224	0.0	0	0.0	1729.039580740151	1	0	1	1.1587595609384889
179392.56238031882	2000.0	1336.4772004211889	0.0	0	0.0	1729.0395807400928	1	0	1	1.8519067414984365
180200.0	2000.0	1529.0395807399898	0.0	0	71.2530149310769	1729.0395807400928	1	0	1	1.8519067414984371
181200.0	2000.0	1529.0395807400103	0.0	0	174.10802572892862	1729.0395807400928	1	0	1	1.8519067414984371
182200.0	2000.0	1529.0395807400066	0.0	0	57.57775088449125	1729.0395807400928	1	0	1	1.8519067414984371
183200.0	2000.0	1529.0395807399864	0.0	0	354.4892472032225	1729.0395807400928	1	0	1	1.8519067414984371
184200.0	2000.0	1529.0395807399766	0.0	0	278.97072496038163	1729.0395807400928	1	0	1	1.8519067414984371
185200.0	2000.0	1529.0395807399811	0.0	0	208.25057503243443	1729.0395807400928	1	0	1	1.8519067414984371
186200.0	2000.0	1529.0395807399732	0.0	0	370.38804017659277	1729.0395807400928	1	0	1	1.8519067414984371
187570.72335975477	3000.0	1158.3162209852076	0.0	0	0.0	1729.0395807400928	1	0	1	1.8519067414984374
188660.30337041226	2000.0	1068.7362103277474	0.0	0	0.0	1729.0395807400928	1	0	1	1.4464416333902725
189584.50374320932	2000.0	1144.5358375306791	0.0	0	0.0	1729.0395807400928	1	0	1	1.8519067414984371
190200.0	2000.0	1529.0395807400105	0.0	0	140.8138925677049	1729.0395807400637	1	0	1	1.851906741498439
191200.0	2000.0	1529.0395807400455	0.0	0	337.56922111372114	1729.0395807400637	1	0	1	1.851906741498439
192200.0	2000.0	1529.0395807400794	0.0	0	204.46912633627653	1729.0395807400637	1	0	1	1.851906741498439
193200.0	2000.0	1529.039580740112	0.0	0	577.1502282367437	1729.0395807400637	1	0	1	1.851906741498439
194200.0	3000.0	1429.0395807400937	0.0	0	294.96522301176446	1629.0395807400346	1	0	2	1.4552670448815697
196928.33803614127	6000.0	200.0	499.2984554011687	0	0.0	2128.338036141213	1	0	1	-0.941942506057376
198224.81274179535	2000.0	339.60245467087805	436.07716032495875	0	0.0	2564.4151964662015	1	0	1	-1.9328714586550366
198884.133771167	2000.0	680.2814252992653	0.0	0	0.0	2564.4151964662015	1	0	1	1.7822037919628286
199540.04541295228	2000.0	1024.3697835139526	0.0	0	0.0	2564.4151964661723	1	0	1	1.782203791962832
200056.89675940358	2000.0	1507.5184370626737	0.0	0	0.0	2564.4151964661723	1	0	1	1.782203791962832
200580.4822656928	2000.0	1983.9329307734656	0.0	0	0.0	2564.4151964661723	1	0	1	1.782203791962832
201291.82838528126	3000.0	2201.4521992261853	0.0	0	0.0	2493.280584507418	1	0	2	1.3882116577105452
202375.97739848934	3000.0	2008.8882846973077	0.0	0	0.0	2384.8656831866538	1	0	2	2.00437964448889
203200.0	2000.0	2184.8656831866333	0.0	0	102.1196275621187	2384.865683186683	1	0	1	1.1967135017066246
204200.0	2000.0	2184.8656831866283	0.0	0	323.6398520441435	2384.865683186683	1	0	1	1.8021786098147894
205200.0	2000.0	2184.865683186632	0.0	0	519.2831134126172	2384.865683186712	1	0	1	1.8021786098147863
206200.0	3000.0	2084.8656831866488	0.0	0	258.60314089569147	2284.865683186712	1	0	2	1.4084854294085978
207200.0	3000.0	1984.8656831866415	0.0	0	315.74665971210925	2184.8656831866538	1	0	2	2.0230585493813744
208200.0	3000.0	1884.8656831866228	0.0	0	150.97598382414435	2084.8656831866247	1	0	2	2.0316646692309503
209350.64943594695	3000.0	1619.151303644936	0.0	0	0.0	1969.800739591883	1	0	2	2.0405855082210658
210256.5261715148	2000.0	1622.6868945203219	0.0	0	0.0	1879.213066035125	1	0	2	1.2362016019981272
211486.86507558564	2000.0	1392.3479904494782	0.0	0	0.0	1879.2130660350958	1	0	1	1.643120577075217
212327.16380448817	2000.0	1552.049261546982	0.0	0	0.0	1879.213066035125	1	0	1	1.8431205770752164
213200.0	2000.0	1679.2130660351313	0.0	0	110.98518319262075	1879.213066035125	1	0	1	1.8431205770752164
214200.0	2000.0	1679.2130660351334	0.0	0	547.9011116821493	1879.2130660350958	1	0	1	1.843120577075218
215200.0	2000.0	1679.2130660351283	0.0	0	32.46762075688457	1879.2130660350667	1	0	1	1.84312057707522
216200.0	2000.0	1679.2130660351065	0.0	0	155.03084433326148	1879.2130660350667	1	0	1	1.84312057707522
217200.0	2000.0	1679.2130660350938	0.0	0	429.1998614517797	1879.2130660350667	1	0	1	1.84312057707522
218200.0	3000.0	1679.2130660351008	0.0	0	321.99741357474704	1879.2130660350667	1	0	1	1.84312057707522
219200.0	3000.0	1579.2130660351202	0.0	0	431.93932117009535	1779.2130660350958	1	0	2	1.8523118328935073
220200.0	3000.0	1579.2130660350974	0.0	0	386.7337271917786	1779.2130660350958	1	0	1	2.0545776091900367
222226.49550382837	6000.0	552.717562206735	0.0	0	0.0	1779.2130660350958	1	0	1	2.2545776091900365
222645.1738621344	2000.0	1134.0392039007177	0.0	0	0.0	1779.2130660350958	1	0	1	0.7505002124137624
223241.03608164305	2000.0	1538.1769843920736	0.0	0	0.0	1779.2130660350667	1	0	1	1.8491125010818723
224200.0	2000.0	1579.2130660351302	0.0	0	632.2742827273032	1779.2130660350667	1	0	1	1.8491125010818736
225200.0	2000.0	1579.2130660351168	0.0	0	561.8562758003536	1779.2130660350667	1	0	1	1.8491125010818736
226212.63344750725	2000.0	1566.5796185278882	0.0	0	0.0	1779.2130660350667	1	0	1	1.8491125010818736
227200.0	2000.0	1579.213066035141	0.0	0	412.5590934327338	1779.2130660350667	1	0	1	1.8491125010818736
228200.0	2000.0	1579.2130660351402	0.0	0	632.6343609855103	1779.2130660350667	1	0	1	1.8491125010818736
229200.0	2000.0	1579.2130660351472	0.0	0	662.1159200369439	1779.2130660350667	1	0	1	1.8491125010818736
230445.22939668727	3000.0	1333.9836693478458	0.0	0	0.0	1779.2130660350376	1	0	1	1.849112501081875
231209.83120954077	2000.0	1569.3818564943651	0.0	0	0.0	1779.2130660350376	1	0	1	1.4436473929737108
232200.0	2000.0	1579.213066035144	0.0	0	457.6171098818013	1779.2130660350376	1	0	1	1.8491125010818754
233200.0	2000.0	1579.2130660351477	0.0	0	205.9616592869861	1779.2130660350376	1	0	1	1.8491125010818754
234200.0	2000.0	1579.2130660351463	0.0	0	555.1216809363395	1779.2130660350376	1	0	1	1.8491125010818754
235200.0	2000.0	1579.2130660351252	0.0	0	37.167946363042574	1779.2130660350376	1	0	1	1.8491125010818754
236200.0	2000.0	1579.2130660351265	0.0	0	350.1764846437436	1779.2130660350376	1	0	1	1.8491125010818754
237200.0	2000.0	1579.2130660351245	0.0	0	180.43514118116582	1779.2130660350085	1	0	1	1.8491125010818772
238200.0	2000.0	1579.213066035134	0.0	0	461.4112630673626	1779.2130660350085	1	0	1	1.8491125010818772
239200.0	2000.0	1579.2130660351395	0.0	0	245.68841529206838	1779.2130660350376	1	0	1	1.8491125010818754
240200.0	2000.0	1579.2130660351504	0.0	0	245.77670781017514	1779.2130660350376	1	0	1	1.8491125010818754
241200.0	2000.0	1579.2130660351684	0.0	0	303.5498935911455	1779.2130660350376	1	0	1	1.8491125010818754
242200.0	3000.0	1579.2130660351565	0.0	0	535.4758584029332	1779.2130660350085	1	0	1	1.8491125010818772
243323.3330351142	6000.0	1455.8800309209446	0.0	0	0.0	1779.2130660350085	1	0	1	2.2545776091900414
244828.5518686361	6000.0	950.6611973990355	0.0	0	0.0	1779.2130660350085	1	0	1	2.9477247897499863
245376.2250920419	2000.0	1402.9879739932583	0.0	0	0.0	1779.2130660349503	1	0	1	0.7505002124137701
246200.0	3000.0	1579.2130660351547	0.0	0	346.98744094063295	1779.2130660349794	1	0	1	1.849112501081879
247200.0	3000.0	1579.2130660351336	0.0	0	231.66324462924968	1779.2130660349794	1	0	1	2.2545776091900436
248626.03299437376	3000.0	1153.1800716614166	0.0	0	0.0	1779.2130660349794	1	0	1	2.2545776091900436
249392.4384143013	2000.0	1386.7746517338896	0.0	0	0.0	1779.2130660349794	1	0	1	1.4436473929737141
250200.0	2000.0	1579.213066035186	0.0	0	179.0175225045241	1779.2130660350085	1	0	1	1.8491125010818772
251200.0	2000.0	1579.213066035172	0.0	0	188.73731102680904	1779.2130660350085	1	0	1	1.8491125010818772
252200.0	2000.0	1579.213066035196	0.0	0	498.51525276046596	1779.2130660350376	1	0	1	1.8491125010818754
253236.26372718046	2000.0	1542.949338854771	0.0	0	0.0	1779.2130660350376	1	0	1	1.8491125010818754
254289.42057861108	2000.0	1489.7924874241833	0.0	0	0.0	1779.2130660350376	1	0	1	1.8491125010818754
255200.0	2000.0	1579.2130660352793	0.0	0	42.163087044114945	1779.2130660350376	1	0	1	1.8491125010818754
256200.0	2000.0	1579.2130660352857	0.0	0	230.74541447448428	1779.2130660350376	1	0	1	1.8491125010818754
257200.0	2000.0	1579.213066035324	0.0	0	349.550248079875	1779.2130660350667	1	0	1	1.8491125010818736
258200.0	2000.0	1579.2130660353384	0.0	0	492.2310239925864	1779.2130660350667	1	0	1	1.8491125010818736
259672.10108239308	3000.0	1107.1119836422445	0.0	0	0.0	1779.2130660350958	1	0	1	1.8491125010818723
260545.10370443694	2000.0	1234.1093615983848	0.0	0	0.0	1779.2130660350667	1	0	1	1.443647392973709
261267.42697876698	2000.0	1511.7860872683673	0.0	0	0.0	1779.2130660350667	1	0	1	1.8491125010818736
262200.0	2000.0	1579.2130660353578	0.0	0	417.4953298289038	1779.2130660350667	1	0	1	1.8491125010818736
263200.0	2000.0	1579.2130660353523	0.0	0	542.4208199192653	1779.2130660350376	1	0	1	1.8491125010818747
264200.0	2000.0	1579.213066035309	0.0	0	399.2391797354212	1779.2130660350085	1	0	1	1.8491125010818763
265252.58605411457	3000.0	1526.6270119207186	0.0	0	0.0	1779.2130660350085	1	0	1	1.8491125010818772
266242.7672773772	2000.0	1536.4457886580803	0.0	0	0.0	1779.2130660350085	1	0	1	1.4436473929737126
267200.0	2000.0	1579.2130660352811	0.0	0	393.15848809463205	1779.2130660350085	1	0	1	1.8491125010818772
268200.0	2000.0	1579.21306603528	0.0	0	550.9874442914152	1779.2130660350667	1	0	1	1.8491125010818736
269200.0	3000.0	1579.2130660352072	0.0	0	393.4055563865113	1779.2130660350085	1	0	1	1.8491125010818772
272142.38801391143	6000.0	200.0	563.1749478762882	0	0.0	2342.388013911259	1	0	1	-1.134741814901342
273249.5324980909	2000.0	432.02000877338844	339.16449295287475	0	0.0	2681.552506864071	1	0	1	-1.3663636705196727
274068.522544733	2000.0	613.0299621312537	0.0	0	0.0	2681.552506864129	1	0	1	1.7672355758656844
274984.2558786325	2000.0	697.2966282318348	0.0	0	0.0	2681.552506864129	1	0	1	1.7672355758656844
275581.26914048375	1000.0	1100.2833663806105	0.0	0	0.0	2681.552506864129	1	0	1	0.380941214745794
276406.2701298628	2000.0	1275.2823770016041	0.0	0	0.0	2681.552506864129	1	0	1	1.0740883953057359
277076.06948878174	2000.0	1605.483018082738	0.0	0	0.0	2681.552506864129	1	0	1	1.7672355758656844
277617.163745517	2000.0	2064.388761347498	0.0	0	0.0	2681.5525068641873	1	0	1	1.7672355758656764
278216.3890038737	3000.0	2405.2409771552134	0.0	0	0.0	2621.6299810286146	1	0	2	1.373203802042714
279200.0	6000.0	2421.6299810289725	0.0	0	21.064985062053893	2621.6299810286146	1	0	1	1.980562239260324
281745.33985718846	6000.0	876.2901238404977	0.0	0	0.0	2621.629981028673	1	0	1	2.873709419820262
282417.66897837364	2000.0	1203.9610026553207	0.0	0	0.0	2621.629981028673	1	0	1	0.6764848424840423
282977.66541903693	2000.0	1643.9645619919997	0.0	0	0.0	2621.6299810286146	1	0	1	1.7750971311521593
283438.301243269	2000.0	2183.328737759864	0.0	0	0.0	2621.6299810286146	1	0	1	1.7750971311521593
284303.2488297184	3000.0	2231.8863926655536	0.0	0	0.0	2535.1352223836584	1	0	2	1.3831070106031738
285200.0	3000.0	2245.460105355812	0.0	0	253.85132886422798	2445.4601053554798	1	0	2	1.9976112218732307
286223.13466474396	3000.0	2120.011974137475	0.0	0	0.0	2343.146638881124	1	0	2	2.009177734700394
287352.54299824947	3000.0	1877.6628072814776	0.0	0	0.0	2230.205805530655	1	0	2	2.019711338025958
288200.0	2000.0	1945.460105355951	0.0	0	104.3368360947934	2145.460105355596	1	0	2	1.2162263296480333
289200.0	2000.0	1945.4601053559636	0.0	0	546.9559426974156	2145.460105355596	1	0	1	1.6240347897913423
290200.0	3000.0	1845.4601053559877	0.0	0	268.19861108611804	2045.4601053555962	1	0	2	1.4291006812487195
291321.9192472805	3000.0	1611.3489333474615	0.0	0	0.0	1933.2681806276087	1	0	2	2.0432013920607854
292200.0	3000.0	1645.4601053560339	0.0	0	201.25223780208034	1845.4601053557708	1	0	2	2.04867588036376
293200.0	3000.0	1645.4601053560255	0.0	0	342.3038454206544	1845.4601053557708	1	0	1	2.050673408176664
294511.9133095961	6000.0	1333.546795759914	0.0	0	0.0	1845.4601053557126	1	0	1	2.2506734081766684
295200.0	2000.0	1645.4601053559516	0.0	0	121.10514969477663	1845.4601053556544	1	0	1	0.7465960114003972
296200.0	2000.0	1645.460105355892	0.0	0	661.3977964880178	1845.4601053556544	1	0	1	1.845208300068507
297200.0	3000.0	1545.4601053558918	0.0	0	413.0710449918988	1745.4601053556544	1	0	2	1.4488565640468887
298200.0	3000.0	1545.4601053558686	0.0	0	195.3237552953069	1745.4601053555962	1	0	1	2.05647232058574
299200.0	2000.0	1545.4601053558422	0.0	0	508.4318265116308	1745.4601053555962	1	0	1	1.4455421043694108
300541.1289853176	3000.0	1204.3311200382445	0.0	0	0.0	1745.4601053555962	1	0	1	1.8510072124775756
3.33	3.43	4.11	2.48	2.18	3.05	3.17	2.5	3.85	5.12	5.93	4.49	3.92	3.22	4.46	5.02	2.94	2.93	3.17	3.23	2.25	1.71	2.07	1.78	1.3	1.7	2.83	3.16	3.08	2.44	2.97	2.78	2.7	3.81	2.32	2.41	2.22	3.67	3.88	3.43	4.3	5.63	2.99	2.76	2.13	1.84	2.99	3.34	3.89	3.17	2.36	2.63	3.75	3.7	3.67	4.15	2.95	3.14	2.05	2.31	3.29	3.65	2.73	2.71	4.08	3.76	5.0	4.69	2.12	2.62	3.99	5.17	3.7	2.43	3.87	4.19	5.17	2.39	3.48	3.83	3.27	3.59	2.17	2.51	3.08	3.65	3.08	3.07	4.0	5.03	4.93	5.4	5.17	5.43	3.26	2.55	2.55	2.73	3.31	3.9	1.67	2.4	3.06	3.15	3.31	3.42	1.73	2.17	2.53	3.36	3.94	4.22	3.36	2.55	3.59	4.81	6.21	3.42	2.68	1.76	1.66	2.84	1.52	2.7	3.92	5.19	6.24	2.53	2.63	2.77	3.43	4.05	4.39	2.93	2.77	2.76	3.6	4.66	3.06	4.15	5.46	3.44	3.65	5.02	4.3	2.91	3.61	2.57	2.81	1.58	3.33	3.43	4.11	2.48	2.18	3.05	3.17	2.5	3.85	5.12	5.93	4.49	3.92	3.22	4.46	5.02	2.94	2.93	3.17	3.23	2.25	1.71	2.07	1.78	1.3	1.7	2.83	3.16	3.08	2.44	2.97	2.78	2.7	3.81	2.32	2.41	2.22	3.67	3.88	3.43	4.3	5.63	2.99	2.76	2.13	1.84	2.99	3.34	3.89	3.17	2.36	2.63	3.75	3.7	3.67	4.15	2.95	3.14	2.05	2.31	3.29	3.65	2.73	2.71	4.08	3.76	5.0	4.69	2.12	2.62	3.99	5.17	3.7	2.43	3.87	4.19	5.17	2.39	3.48	3.83	3.27	3.59	2.17	2.51	3.08	3.65	3.08	3.07	4.0	5.03	4.93	5.4	5.17	5.43	3.26	2.55	2.55	2.73	3.31	3.9	1.67	2.4	3.06	3.15	3.31	3.42	1.73	2.17	2.53	3.36	3.94	4.22	3.36	2.55	3.59	4.81	6.21	3.42	2.68	1.76	1.66	2.84	1.52	2.7	3.92	5.19	6.24	2.53	2.63	2.77	3.43	4.05	4.39	2.93	2.77	2.76	3.6	4.66	3.06	4.15	5.46	3.44	3.65	5.02	4.3	2.91	3.61	2.57	2.81	1.58	3.33
1.0	2.0	3.0	4.0	5.0	6.0	7.0	8.0	9.0	10.0	11.0	12.0	13.0	14.0	15.0	16.0	17.0	18.0	19.0	20.0	21.0	22.0	23.0	24.0	25.0	26.0	27.0	28.0	29.0	30.0	31.0	32.0	33.0	34.0	35.0	36.0	37.0	38.0	39.0	40.0	41.0	42.0	43.0	44.0	45.0	46.0	47.0	48.0	49.0	50.0	51.0	52.0	53.0	54.0	55.0	56.0	57.0	58.0	59.0	60.0	61.0	62.0	63.0	64.0	65.0	66.0	67.0	68.0	69.0	70.0	71.0	72.0	73.0	74.0	75.0	76.0	77.0	78.0	79.0	80.0	81.0	82.0	83.0	84.0	85.0	86.0	87.0	88.0	89.0	90.0	91.0	92.0	93.0	94.0	95.0	96.0	97.0	98.0	99.0	100.0	101.0	102.0	103.0	104.0	105.0	106.0	107.0	108.0	109.0	110.0	111.0	112.0	113.0	114.0	115.0	116.0	117.0	118.0	119.0	120.0	121.0	122.0	123.0	124.0	125.0	126.0	127.0	128.0	129.0	130.0	131.0	132.0	133.0	134.0	135.0	136.0	137.0	138.0	139.0	140.0	141.0	142.0	143.0	144.0	145.0	146.0	147.0	148.0	149.0	149.0	150.0	151.0	152.0	153.0	154.0	155.0	156.0	157.0	158.0	159.0	160.0	161.0	162.0	163.0	164.0	165.0	166.0	167.0	168.0	169.0	170.0	171.0	172.0	173.0	174.0	175.0	176.0	177.0	178.0	179.0	180.0	181.0	182.0	183.0	184.0	185.0	186.0	187.0	188.0	189.0	190.0	191.0	192.0	193.0	194.0	195.0	196.0	197.0	198.0	199.0	200.0	201.0	202.0	203.0	204.0	205.0	206.0	207.0	208.0	209.0	210.0	211.0	212.0	213.0	214.0	215.0	216.0	217.0	218.0	219.0	220.0	221.0	222.0	223.0	224.0	225.0	226.0	227.0	228.0	229.0	230.0	231.0	232.0	233.0	234.0	235.0	236.0	237.0	238.0	239.0	240.0	241.0	242.0	243.0	244.0	245.0	246.0	247.0	248.0	249.0	250.0	251.0	252.0	253.0	254.0	255.0	256.0	257.0	258.0	259.0	260.0	261.0	262.0	263.0	264.0	265.0	266.0	267.0	268.0	269.0	270.0	271.0	272.0	273.0	274.0	275.0	276.0	277.0	278.0	279.0	280.0	281.0	282.0	283.0	284.0	285.0	286.0	287.0	288.0	289.0	290.0	291.0	292.0	293.0	294.0	295.0	296.0	297.0	298.0	298.0	299.0
3200.2684878951236
