4391.728919893151	300.0	2000.0	110.57644701941842	0	0.0	4391.728919893151	1	0	1	-1.3092914831621334
4807.96027974286	2000.0	2583.768640150292	0.0	0	0.0	4391.728919893152	1	0	1	-0.6574246663756314
5574.0599457510325	3000.0	2741.059007541302	0.0	0	0.0	4315.118953292335	1	0	2	0.8698167601556893
6879.406136132163	3000.0	2305.178198122058	0.0	0	0.0	4184.584334254221	1	0	2	1.5354655831683024
7650.972038202428	3000.0	2456.455705844765	0.0	0	0.0	4107.427744047194	1	0	2	1.5791960499967879
8772.444775976002	3000.0	2222.8356942938344	0.0	0	0.0	3995.2804702698377	1	0	2	1.6253548436398737
9763.650920210815	3000.0	2132.5089356355393	0.0	0	0.0	3896.1598558463547	1	0	2	1.6679622958216536
10462.2520834993	2000.0	2364.0476560182083	0.0	0	0.0	3826.299739517509	1	0	2	0.8860173047435875
11443.155598601183	3000.0	2285.053789406136	0.0	0	0.0	3728.20938800732	1	0	2	1.3255094677584194
12164.894534428231	3000.0	2491.1409599963818	0.0	0	0.0	3656.0354944246137	1	0	2	1.756771394511773
13032.32503307842	3000.0	2536.967411481173	0.0	0	0.0	3569.292444559591	1	0	2	1.7821537262801412
14070.188851364823	3000.0	2395.3172113661285	0.0	0	0.0	3465.5060627309504	1	0	2	1.8109076930969867
15042.832035093785	3000.0	2325.409709264271	0.0	0	0.0	3368.2417443580543	1	0	2	1.8375992576398468
16202.698496170828	3000.0	2049.556602079525	0.0	0	0.0	3252.255098250351	1	0	2	1.8643701082165636
17194.068707849612	3000.0	1959.049369232861	0.0	0	0.0	3153.118077082472	1	0	2	1.8876247955232701
17837.158297588605	3000.0	2251.6508205199675	0.0	0	0.0	3088.8091181085692	1	0	2	1.9030605811469332
18660.998294456705	3000.0	2345.426823965061	0.0	0	0.0	3006.4251184217646	1	0	2	1.9179140842220885
19337.736264360472	3000.0	2601.0150570709143	0.0	0	0.0	2938.751321431384	1	0	2	1.9303057319086316
20200.0	3000.0	2652.524947867436	0.0	0	281.2439703877899	2852.5249478674377	1	0	2	1.942376974440415
21303.776755779203	3000.0	2438.3705165103147	0.0	0	0.0	2742.147272289516	1	0	2	1.9604253135007823
23175.4896671983	6000.0	1566.657605091214	0.0	0	0.0	2742.147272289516	1	0	1	1.9642926512795231
24689.29274686014	3000.0	901.4742174631969	0.0	0	0.0	2590.7669643233385	1	0	2	1.0854933709389947
26007.71803707682	2000.0	583.0489272465179	0.0	0	0.0	2590.7669643233385	1	0	1	1.173512760199563
26870.798927521046	1000.0	719.9680368022939	0.0	0	0.0	2590.766964323342	1	0	1	0.392683507187837
27294.239091004463	1000.0	1296.52787331888	0.0	0	0.0	2590.766964323342	1	0	1	1.0858306877477821
28189.165863333732	2000.0	1401.6011009896135	0.0	0	0.0	2590.766964323342	1	0	1	1.0858306877477821
28717.64347051303	2000.0	1873.1234938103164	0.0	0	0.0	2590.766964323342	1	0	1	1.7789778683077273
29200.0	2000.0	2390.7669643233467	0.0	0	26.534207678214443	2590.766964323342	1	0	1	1.7789778683077273
30200.0	3000.0	2290.766964323345	0.0	0	393.12914920835465	2490.766964323342	1	0	2	1.3863897299522165
31433.415931874875	6000.0	2057.351032448467	0.0	0	0.0	2490.7669643233385	1	0	1	1.9962729393308214
32343.018347383215	2000.0	2147.74861694013	0.0	0	0.0	2490.7669643233385	1	0	1	0.692195542554547
33251.76861220525	2000.0	2148.1233256359073	0.0	0	0.0	2399.8919378411483	1	0	2	1.398233175300021
34200.0	3000.0	2105.068799061684	0.0	0	81.47889514353301	2305.068799061679	1	0	2	1.6071989473198594
35200.0	3000.0	2005.0687990616782	0.0	0	343.3315367161922	2205.0687990616716	1	0	2	2.021173422170774
36200.0	3000.0	1905.0687990616748	0.0	0	489.2012010849794	2105.0687990616716	1	0	2	2.029605634436833
37200.0	3000.0	1805.0687990616811	0.0	0	109.76551599856612	2005.0687990616789	1	0	2	2.0379421596402016
38350.389107070776	6000.0	1654.6796919909048	0.0	0	0.0	2005.0687990616789	1	0	1	2.040171754607759
40192.01339955433	6000.0	813.0553995073534	0.0	0	0.0	2005.0687990616861	1	0	1	2.9333189351677036
40780.83609781937	2000.0	1224.2327012423132	0.0	0	0.0	2005.0687990616934	1	0	1	0.736094357831484
41200.0	2000.0	1805.0687990616877	0.0	0	41.244641985314956	2005.0687990616934	1	0	1	1.8347066464995936
42200.0	2000.0	1805.0687990616877	0.0	0	345.2947397119133	2005.0687990616934	1	0	1	1.8347066464995936
43200.0	3000.0	1805.068799061682	0.0	0	71.55941510060802	2005.0687990616861	1	0	1	1.834706646499594
44200.0	3000.0	1705.068799061687	0.0	0	56.754339253209764	1905.0687990616789	1	0	2	1.845060223740097
45200.0	3000.0	1605.0687990616798	0.0	0	405.87246064449573	1805.0687990616643	1	0	2	2.05080515373908
46427.10616086927	3000.0	1377.9626381924159	0.0	0	0.0	1805.0687990616643	1	0	1	2.053083610955156
47200.0	2000.0	1605.068799061683	0.0	0	188.62688323851035	1805.0687990616643	1	0	1	1.4421533947388268
48200.0	2000.0	1605.0687990616889	0.0	0	290.6099886597294	1805.0687990616716	1	0	1	1.847618502846991
49200.0	2000.0	1605.0687990616816	0.0	0	414.95901517913444	1805.0687990616716	1	0	1	1.847618502846991
50200.0	2000.0	1605.0687990616827	0.0	0	299.26913602901186	1805.0687990616716	1	0	1	1.847618502846991
51200.0	2000.0	1605.0687990616884	0.0	0	170.02731788128585	1805.0687990616716	1	0	1	1.847618502846991
52200.0	3000.0	1605.0687990616852	0.0	0	124.35217028581974	1805.0687990616716	1	0	1	1.8476185028469911
53200.0	3000.0	1605.0687990616818	0.0	0	185.8381465918137	1805.0687990616716	1	0	1	2.253083610955156
54200.0	2000.0	1605.0687990616814	0.0	0	363.3274955563684	1805.0687990616716	1	0	1	1.4421533947388263
55200.0	3000.0	1505.0687990616798	0.0	0	314.1831163092138	1705.0687990616716	1	0	2	1.451162353476614
56200.0	3000.0	1505.0687990616782	0.0	0	288.73020852564514	1705.0687990616789	1	0	1	2.0586594638629574
57200.0	6000.0	1505.0687990616811	0.0	0	102.89491805278521	1705.0687990616861	1	0	1	2.2586594638629567
59703.744214476814	6000.0	200.0	198.67541541513322	0	0.0	1903.7442144768138	1	0	1	1.7567307091023332
60869.26805385432	2000.0	231.09642076826893	196.6202601457791	0	0.0	2100.364474622591	1	0	1	-0.4507129511967944
61855.820155507274	1000.0	498.7222844199706	254.17796530465498	0	0.0	2354.542439927245	1	0	1	-1.1061320857306498
62538.76048327412	1000.0	815.7819566531216	0.0	0	0.0	2354.542439927245	1	0	1	1.112082886657225
63034.072650744056	1000.0	1320.4697891831847	0.0	0	0.0	2354.5424399272524	1	0	1	1.1120828866572243
64175.80885642099	2000.0	1178.733583506249	0.0	0	0.0	2354.5424399272524	1	0	1	1.1120828866572243
65056.878104638316	2000.0	1297.6643352889303	0.0	0	0.0	2354.5424399272524	1	0	1	1.8052300672171695
65908.54386972531	2000.0	1445.9985702019294	0.0	0	0.0	2354.5424399272524	1	0	1	1.8052300672171695
66850.87922253319	2000.0	1503.6632173940618	0.0	0	0.0	2354.542439927267	1	0	1	1.8052300672171682
67952.97742885113	2000.0	1401.5650110761158	0.0	0	0.0	2354.5424399272742	1	0	1	1.8052300672171677
69077.77124185076	2000.0	1276.7711980764795	0.0	0	0.0	2354.5424399272742	1	0	1	1.8052300672171673
69660.22783986702	2000.0	1694.3146000602108	0.0	0	0.0	2354.5424399272742	1	0	1	1.8052300672171673
70465.31145471433	2000.0	1889.2309852128906	0.0	0	0.0	2354.5424399272742	1	0	1	1.8052300672171673
71355.66587336462	3000.0	1909.8411246975827	0.0	0	0.0	2265.5069980622648	1	0	2	1.4113499035649095
72272.59729392549	2000.0	1992.909704136707	0.0	0	0.0	2265.50699806225	1	0	1	1.2082330489435902
73241.22220756715	2000.0	1927.4222991308657	0.0	0	0.0	2168.644506698067	1	0	2	1.4200994036839563
74200.0	3000.0	1872.7667274547225	0.0	0	189.71482958212437	2072.7667274547857	1	0	2	1.6271002193301096
75200.0	2000.0	1872.7667274547243	0.0	0	334.29603679690626	2072.7667274547857	1	0	1	1.2242750614088371
76338.44145454821	2000.0	1734.3252729064993	0.0	0	0.0	2072.7667274547857	1	0	1	1.829740169517002
77264.68988605836	2000.0	1808.076841396358	0.0	0	0.0	2072.7667274547857	1	0	1	1.829740169517002
78200.0	2000.0	1779.235716060531	0.0	0	206.27152846018726	1979.2357160605898	1	0	2	1.4341595397136817
79200.0	2000.0	1779.235716060541	0.0	0	294.73497646806936	1979.2357160605898	1	0	1	1.6365180624252817
80791.617942077	2000.0	1187.6177739835318	0.0	0	0.0	1979.2357160605752	1	0	1	1.8365180624252828
81671.8432346273	2000.0	1307.392481433234	0.0	0	0.0	1979.2357160605752	1	0	1	1.8365180624252828
82285.05264854532	2000.0	1694.1830675152182	0.0	0	0.0	1979.2357160605607	1	0	1	1.836518062425284
83268.83047337875	2000.0	1710.4052426817884	0.0	0	0.0	1979.2357160605607	1	0	1	1.836518062425284
84624.07849688076	2000.0	1355.1572191797704	0.0	0	0.0	1979.2357160605607	1	0	1	1.836518062425284
85480.565461044	2000.0	1498.6702550165162	0.0	0	0.0	1979.2357160605607	1	0	1	1.836518062425284
86245.42668558584	2000.0	1733.809030474655	0.0	0	0.0	1979.2357160605607	1	0	1	1.836518062425284
87200.0	2000.0	1779.2357160604872	0.0	0	541.4138627373613	1979.235716060546	1	0	1	1.836518062425285
88200.0	2000.0	1779.235716060494	0.0	0	475.7155349510431	1979.235716060546	1	0	1	1.836518062425285
89260.09363139047	3000.0	1613.132721530978	0.0	0	0.0	1873.2263529214833	1	0	2	1.4417709434459707
90272.14765267044	3000.0	1499.8732981230137	0.0	0	0.0	1772.0209507934778	1	0	2	2.0536294272575035
91430.06887326899	6000.0	1341.9520775244632	0.0	0	0.0	1772.0209507934778	1	0	1	2.0549865609960736
92200.0	3000.0	1572.020950793448	0.0	0	152.53067629756697	1772.0209507934633	1	0	1	1.5618393804361301
93200.0	2000.0	1572.0209507934474	0.0	0	23.27071863497258	1772.0209507934633	1	0	1	1.4440563447797456
94200.0	2000.0	1572.0209507934392	0.0	0	33.49306584507576	1772.0209507934633	1	0	1	1.8495214528879103
95200.0	2000.0	1572.0209507934483	0.0	0	414.63382743256807	1772.0209507934633	1	0	1	1.8495214528879103
96200.0	2000.0	1572.0209507934417	0.0	0	148.2276570697868	1772.0209507934633	1	0	1	1.8495214528879103
97200.0	2000.0	1572.0209507934453	0.0	0	210.80466588957643	1772.0209507934633	1	0	1	1.8495214528879103
99077.15506726856	3000.0	694.8658835248852	0.0	0	0.0	1772.0209507934487	1	0	1	1.8495214528879114
100278.27165664676	2000.0	493.7492941466663	0.0	0	0.0	1772.0209507934487	1	0	1	1.4440563447797465
101473.35880556256	2000.0	462.20499784185324	163.54285261099972	0	0.0	1935.5638034044532	1	0	1	0.8582223748876328
102344.47513717586	2000.0	591.0886662285736	0.0	0	0.0	1935.5638034044532	1	0	1	1.839479490553631
102893.9421132624	2000.0	1041.6216901420462	0.0	0	0.0	1935.5638034044678	1	0	1	1.83947949055363
104169.17935601219	2000.0	766.3844473922651	0.0	0	0.0	1935.5638034044678	1	0	1	1.83947949055363
105053.07602993978	2000.0	882.4877734646634	0.0	0	0.0	1935.5638034044678	1	0	1	1.83947949055363
105541.00455192033	2000.0	1394.5592514841255	0.0	0	0.0	1935.5638034044678	1	0	1	1.83947949055363
106200.0	2000.0	1735.563803404451	0.0	0	215.58361418935237	1935.5638034044823	1	0	1	1.8394794905536287
107200.0	2000.0	1735.56380340446	0.0	0	528.2808472302422	1935.5638034044823	1	0	1	1.8394794905536287
109255.04499882608	3000.0	475.014304695769	0.0	0	0.0	1730.0593035218917	1	0	2	1.4491100143621662
110460.7285062003	2000.0	386.18551980955635	116.85472248799834	0	0.0	1846.9140260098939	1	0	1	0.5385263275327711
111298.39805069164	2000.0	582.0257748997652	33.50979958154744	0	0.0	1880.4238255914388	1	0	1	1.6419856152080088
112046.52868018144	2000.0	833.8951454099587	0.0	0	0.0	1880.4238255914242	1	0	1	1.8430444126972945
112572.00692372995	2000.0	1308.416901861446	0.0	0	0.0	1880.4238255914242	1	0	1	1.8430444126972945
113347.40508099171	2000.0	1533.0187445996849	0.0	0	0.0	1880.4238255914242	1	0	1	1.8430444126972945
114200.0	2000.0	1680.4238255914104	0.0	0	300.7577587775304	1880.4238255914242	1	0	1	1.8430444126972945
115200.0	2000.0	1680.4238255913945	0.0	0	306.4404324604984	1880.4238255914242	1	0	1	1.8430444126972945
116200.0	2000.0	1680.4238255913835	0.0	0	2.019287020084448	1880.4238255914242	1	0	1	1.8430444126972945
117200.0	2000.0	1580.4238255913892	0.0	0	508.7002969994501	1780.4238255914242	1	0	2	1.4467676372067162
118200.0	2000.0	1580.4238255913806	0.0	0	254.3233535238105	1780.4238255914242	1	0	1	1.649043374595418
119200.0	2000.0	1580.4238255914001	0.0	0	219.40806129618431	1780.4238255914388	1	0	1	1.8490433745954173
120200.0	2000.0	1580.423825591391	0.0	0	312.0982104145951	1780.4238255914388	1	0	1	1.8490433745954173
121200.0	2000.0	1580.4238255913772	0.0	0	338.77782885709894	1780.4238255914242	1	0	1	1.8490433745954182
122200.0	3000.0	1580.4238255913713	0.0	0	517.4079992796615	1780.4238255914242	1	0	1	1.8490433745954185
123200.0	6000.0	1580.423825591359	0.0	0	295.96266423245834	1780.4238255914242	1	0	1	2.2545084827035824
124200.0	6000.0	1580.4238255913597	0.0	0	316.9141404276743	1780.4238255914242	1	0	1	2.947655663263528
125200.0	6000.0	1580.4238255913456	0.0	0	274.70468105451437	1780.4238255914242	1	0	1	2.947655663263528
127553.7004349366	6000.0	226.72339065474222	0.0	0	0.0	1780.4238255914242	1	0	1	2.947655663263528
128182.5734837697	2000.0	708.9586142392084	111.10827241755419	0	0.0	1891.5320980089746	1	0	1	0.07707952761686543
128556.87357494915	2000.0	1334.6585230597718	0.0	0	0.0	1891.5320980089746	1	0	1	1.8423414507903002
129200.0	2000.0	1691.5320980089227	0.0	0	125.2844215016521	1891.5320980089746	1	0	1	1.8423414507903002
131017.93164929624	6000.0	873.6004487126993	0.0	0	0.0	1891.5320980089746	1	0	1	1.8423414507903
131707.39444944158	2000.0	1184.137648567378	0.0	0	0.0	1891.5320980089746	1	0	1	0.7437291621221905
132396.16858379365	2000.0	1495.3635142153053	0.0	0	0.0	1891.5320980089746	1	0	1	1.8423414507903004
133555.8273957929	2000.0	1335.7047022160434	0.0	0	0.0	1891.53209800896	1	0	1	1.842341450790301
134700.44475537687	2000.0	1191.0873426320386	0.0	0	0.0	1891.532098008931	1	0	1	1.842341450790303
135753.1244454924	2000.0	1138.407652516486	0.0	0	0.0	1891.532098008931	1	0	1	1.842341450790303
136395.56472579032	2000.0	1495.967372218609	0.0	0	0.0	1891.532098008931	1	0	1	1.842341450790303
137200.0	2000.0	1691.5320980089296	0.0	0	108.44971893291222	1891.532098008931	1	0	1	1.842341450790303
138200.0	2000.0	1691.5320980089027	0.0	0	269.6855313429842	1891.532098008931	1	0	1	1.842341450790303
139200.0	2000.0	1691.5320980089216	0.0	0	350.08015890725073	1891.532098008931	1	0	1	1.842341450790303
140200.0	2000.0	1691.5320980089327	0.0	0	202.49214988743188	1891.5320980089018	1	0	1	1.8423414507903046
141200.0	2000.0	1691.5320980089307	0.0	0	470.4069537350151	1891.532098008931	1	0	1	1.842341450790303
142200.0	2000.0	1691.532098008921	0.0	0	312.17607042597956	1891.53209800896	1	0	1	1.842341450790301
143264.3776629349	3000.0	1520.71666878055	0.0	0	0.0	1785.0943317154597	1	0	2	1.4472263097793712
144200.0	3000.0	1491.5320980089366	0.0	0	235.85055265403935	1691.532098008931	1	0	2	2.0575726271468153
145200.0	3000.0	1491.5320980089614	0.0	0	497.3182977226097	1691.532098008931	1	0	1	2.059373442125645
146283.6362945016	6000.0	1407.8958035073492	0.0	0	0.0	1691.53209800896	1	0	1	2.2593734421256433
147281.21363640783	2000.0	1410.318461601133	0.0	0	0.0	1691.5320980089891	1	0	1	0.7552960453493676
148200.0	2000.0	1491.5320980089834	0.0	0	338.7733587916009	1691.5320980089891	1	0	1	1.8539083340174773
149200.0	2000.0	1491.5320980089969	0.0	0	345.9535876820155	1691.5320980089891	1	0	1	1.8539083340174773
150200.0	2000.0	1491.5320980089896	0.0	0	141.2363895906601	1691.5320980089891	1	0	1	1.8539083340174773
151200.0	2000.0	1491.5320980089753	0.0	0	272.1436434230127	1691.5320980090182	1	0	1	1.8539083340174756
152206.15893102874	2000.0	1485.373166980246	0.0	0	0.0	1691.5320980090182	1	0	1	1.8539083340174756
153200.0	2000.0	1491.5320980089573	0.0	0	205.85956115549197	1691.5320980090182	1	0	1	1.8539083340174756
154200.0	2000.0	1491.532098008961	0.0	0	285.1516631311679	1691.5320980090182	1	0	1	1.8539083340174756
155200.0	2000.0	1491.5320980089598	0.0	0	222.406059091707	1691.5320980090182	1	0	1	1.8539083340174756
156200.0	2000.0	1491.5320980089864	0.0	0	487.2388436178153	1691.5320980090182	1	0	1	1.8539083340174756
157200.0	2000.0	1491.5320980089807	0.0	0	327.19243058681604	1691.5320980090473	1	0	1	1.8539083340174742
158200.0	2000.0	1491.5320980089862	0.0	0	197.3721089460014	1691.5320980090473	1	0	1	1.8539083340174742
159200.0	2000.0	1491.5320980089962	0.0	0	362.4058884915721	1691.5320980090473	1	0	1	1.8539083340174742
160200.0	2000.0	1491.5320980089832	0.0	0	251.51520361483563	1691.5320980090473	1	0	1	1.8539083340174742
161200.0	2000.0	1491.5320980089718	0.0	0	427.25968586237286	1691.5320980090764	1	0	1	1.8539083340174725
162200.0	2000.0	1491.5320980089932	0.0	0	562.5089711636538	1691.5320980090764	1	0	1	1.8539083340174725
163209.43874141484	3000.0	1482.093356594155	0.0	0	0.0	1691.5320980090764	1	0	1	1.8539083340174716
164200.0	2000.0	1491.5320980089928	0.0	0	301.2724604116229	1691.5320980090764	1	0	1	1.4484432259093079
165200.0	2000.0	1491.5320980089643	0.0	0	158.44340224945336	1691.5320980090764	1	0	1	1.8539083340174725
166200.0	2000.0	1491.5320980089627	0.0	0	390.4966944237822	1691.5320980090764	1	0	1	1.8539083340174725
167200.0	3000.0	1491.5320980089887	0.0	0	423.45265926694265	1691.5320980091055	1	0	1	1.8539083340174713
168200.0	3000.0	1491.5320980089703	0.0	0	446.5630768388801	1691.5320980091055	1	0	1	2.2593734421256357
169531.3333528594	6000.0	1160.1987451495847	0.0	0	0.0	1691.5320980091055	1	0	1	2.2593734421256357
170200.0	2000.0	1491.532098008988	0.0	0	44.557424213708146	1691.5320980091055	1	0	1	0.7552960453493615
171200.0	2000.0	1491.5320980089462	0.0	0	394.23452537483536	1691.5320980090764	1	0	1	1.8539083340174725
172200.0	3000.0	1491.5320980089157	0.0	0	165.69398304377683	1691.5320980090764	1	0	1	1.8539083340174727
173200.0	2000.0	1491.5320980089612	0.0	0	234.21896401408594	1691.5320980091055	1	0	1	1.4484432259093065
174200.0	2000.0	1491.532098008986	0.0	0	227.7901672325388	1691.5320980091055	1	0	1	1.8539083340174711
175769.79189790942	2000.0	921.7402000995763	0.0	0	0.0	1691.5320980091055	1	0	1	1.8539083340174705
176296.02190096868	1000.0	1395.5101970403045	0.0	0	0.0	1691.5320980091055	1	0	1	0.4676139728975807
177200.0	2000.0	1491.5320980090269	0.0	0	67.9529603405681	1691.5320980091055	1	0	1	1.160761153457526
178200.0	2000.0	1491.5320980090373	0.0	0	418.74559194836183	1691.5320980090764	1	0	1	1.8539083340174725
179200.0	2000.0	1491.532098009022	0.0	0	508.66013362421654	1691.5320980090764	1	0	1	1.8539083340174725
180200.0	3000.0	1491.5320980090355	0.0	0	356.6840737937018	1691.5320980090764	1	0	1	1.8539083340174727
182248.4628686572	6000.0	443.0692293518273	0.0	0	0.0	1691.5320980090473	1	0	1	2.2593734421256384
182913.99010383768	2000.0	777.5419941713393	0.0	0	0.0	1691.5320980090473	1	0	1	0.7552960453493646
183602.29732060037	2000.0	1089.2347774086556	0.0	0	0.0	1691.5320980090473	1	0	1	1.8539083340174742
184200.0	2000.0	1491.5320980090323	0.0	0	143.01300558893126	1691.5320980090473	1	0	1	1.8539083340174742
185200.0	2000.0	1491.5320980090457	0.0	0	578.0668748895405	1691.5320980090473	1	0	1	1.8539083340174742
186200.0	3000.0	1491.5320980090316	0.0	0	348.4521174049878	1691.5320980090473	1	0	1	1.8539083340174742
187200.0	3000.0	1491.5320980090294	0.0	0	429.85950704678544	1691.5320980090764	1	0	1	2.2593734421256375
188445.9445700488	6000.0	1245.5875279602235	0.0	0	0.0	1691.5320980090764	1	0	1	2.259373442125637
189200.0	2000.0	1491.5320980090175	0.0	0	193.07169566871016	1691.5320980090764	1	0	1	0.7552960453493629
190200.0	2000.0	1491.532098009019	0.0	0	520.4845663307642	1691.5320980091055	1	0	1	1.8539083340174711
191200.0	2000.0	1491.532098009038	0.0	0	448.1676830598444	1691.5320980091055	1	0	1	1.8539083340174711
192200.0	3000.0	1491.5320980090164	0.0	0	264.3653259520361	1691.5320980090764	1	0	1	1.8539083340174727
193259.5317339849	3000.0	1432.0003640240927	0.0	0	0.0	1691.5320980090764	1	0	1	2.2593734421256375
194200.0	3000.0	1491.5320980090326	0.0	0	215.89016466162866	1691.5320980091055	1	0	1	2.2593734421256357
195200.0	2000.0	1491.5320980090412	0.0	0	74.92367043852573	1691.5320980091055	1	0	1	1.4484432259093065
196200.0	2000.0	1491.532098009049	0.0	0	363.8008762258687	1691.5320980091055	1	0	1	1.8539083340174711
197200.0	2000.0	1491.5320980090514	0.0	0	237.02727555378806	1691.5320980091055	1	0	1	1.8539083340174711
198200.0	2000.0	1491.532098009048	0.0	0	98.53849892676226	1691.5320980091055	1	0	1	1.8539083340174711
199200.0	2000.0	1491.5320980090587	0.0	0	152.74927563755773	1691.5320980091346	1	0	1	1.8539083340174694
200200.0	2000.0	1491.5320980090578	0.0	0	373.22919488477055	1691.5320980091346	1	0	1	1.8539083340174694
201200.0	2000.0	1491.5320980090662	0.0	0	591.0313115604804	1691.5320980091346	1	0	1	1.8539083340174694
202200.0	3000.0	1491.5320980090598	0.0	0	170.95975264490698	1691.5320980091055	1	0	1	1.8539083340174713
203200.0	3000.0	1491.5320980090353	0.0	0	81.02319665451068	1691.5320980091055	1	0	1	2.2593734421256357
204200.0	3000.0	1491.5320980090182	0.0	0	316.3410284232814	1691.5320980091055	1	0	1	2.2593734421256357
205200.0	3000.0	1491.5320980090578	0.0	0	390.974211415014	1691.5320980091055	1	0	1	2.2593734421256357
206371.74857922908	6000.0	1319.7835187799753	0.0	0	0.0	1691.5320980091346	1	0	1	2.2593734421256344
207284.90128557358	2000.0	1406.6308124355003	0.0	0	0.0	1691.5320980091346	1	0	1	0.7552960453493599
208223.49382101576	2000.0	1468.0382769932955	0.0	0	0.0	1691.5320980091346	1	0	1	1.8539083340174694
209200.0	2000.0	1491.5320980090532	0.0	0	198.75440913738566	1691.5320980091346	1	0	1	1.8539083340174694
210753.0104541265	2000.0	938.5216438825757	0.0	0	0.0	1691.5320980091346	1	0	1	1.8539083340174694
211599.91089835064	1000.0	1091.6211996584152	0.0	0	0.0	1691.5320980091346	1	0	1	0.46761397289757917
212573.47413323796	2000.0	1118.0579647711077	0.0	0	0.0	1691.5320980091346	1	0	1	1.1607611534575244
213637.50262297931	2000.0	1054.0294750297599	0.0	0	0.0	1691.5320980091346	1	0	1	1.8539083340174694
214535.0213784981	2000.0	1156.5107195109622	0.0	0	0.0	1691.5320980091346	1	0	1	1.8539083340174694
215458.20170723012	2000.0	1233.330390778909	0.0	0	0.0	1691.5320980091346	1	0	1	1.8539083340174694
216288.52323229072	2000.0	1403.008865718303	0.0	0	0.0	1691.5320980091346	1	0	1	1.8539083340174694
217391.37066391757	2000.0	1300.1614340914243	0.0	0	0.0	1691.5320980091637	1	0	1	1.853908334017468
218377.04297165098	2000.0	1314.489126358003	0.0	0	0.0	1691.5320980091637	1	0	1	1.853908334017468
219249.07074492727	2000.0	1442.4613530816923	0.0	0	0.0	1691.5320980091637	1	0	1	1.853908334017468
220200.0	2000.0	1491.5320980089623	0.0	0	421.53900477773277	1691.5320980091637	1	0	1	1.853908334017468
221278.2806176286	2000.0	1413.251480380375	0.0	0	0.0	1691.5320980091346	1	0	1	1.8539083340174685
222200.0	2000.0	1491.5320980089245	0.0	0	298.471685683704	1691.5320980091346	1	0	1	1.8539083340174694
223200.0	2000.0	1491.532098008912	0.0	0	213.88906469455105	1691.5320980091346	1	0	1	1.8539083340174694
224200.0	2000.0	1491.5320980088957	0.0	0	299.27953897672705	1691.5320980091346	1	0	1	1.8539083340174694
225388.3108746697	2000.0	1303.2212233391788	0.0	0	0.0	1691.5320980091637	1	0	1	1.8539083340174685
226200.0	2000.0	1491.5320980088723	0.0	0	51.934241253708024	1691.5320980091637	1	0	1	1.853908334017468
227200.0	2000.0	1491.5320980088777	0.0	0	449.77967551368056	1691.5320980091929	1	0	1	1.8539083340174665
228200.0	2000.0	1491.532098008897	0.0	0	69.38996780509478	1691.532098009222	1	0	1	1.853908334017465
229346.84973676136	2000.0	1344.6823612475287	0.0	0	0.0	1691.5320980091637	1	0	1	1.853908334017467
230523.33327738033	2000.0	1168.1988206285641	0.0	0	0.0	1691.5320980091637	1	0	1	1.853908334017468
231549.5797733818	2000.0	1141.9523246271158	0.0	0	0.0	1691.5320980091929	1	0	1	1.8539083340174671
232592.66446262968	2000.0	1098.867635379233	0.0	0	0.0	1691.5320980091929	1	0	1	1.8539083340174665
233744.5587188317	2000.0	946.973379177264	0.0	0	0.0	1691.5320980091929	1	0	1	1.8539083340174665
234650.38396981996	2000.0	1041.148128189009	0.0	0	0.0	1691.532098009222	1	0	1	1.853908334017465
235314.35507805366	2000.0	1377.1770199553036	0.0	0	0.0	1691.532098009222	1	0	1	1.853908334017465
236200.0	2000.0	1491.5320980089566	0.0	0	510.92460026338813	1691.532098009222	1	0	1	1.853908334017465
237200.0	2000.0	1491.532098008942	0.0	0	570.8766016503214	1691.5320980091929	1	0	1	1.8539083340174665
238200.0	3000.0	1491.5320980089762	0.0	0	267.1116394234996	1691.5320980091929	1	0	1	1.8539083340174667
239200.0	3000.0	1491.532098008937	0.0	0	207.18436333927093	1691.5320980091637	1	0	1	2.259373442125633
240200.0	3000.0	1491.5320980089646	0.0	0	213.55738175622537	1691.5320980091637	1	0	1	2.259373442125633
242636.39890918447	6000.0	200.0	144.86681117549512	0	0.0	1836.3989091846743	1	0	1	1.3885423553654308
243203.73270714298	2000.0	726.9014973233272	94.23529528183866	0	0.0	1930.634204466507	1	0	1	0.175781932347854
243852.78115324336	2000.0	1077.8530512229536	0.0	0	0.0	1930.634204466507	1	0	1	1.8398059927069954
244648.93424884393	2000.0	1281.69995562238	0.0	0	0.0	1930.634204466478	1	0	1	1.8398059927069974
245499.4057457194	2000.0	1431.2284587468905	0.0	0	0.0	1930.6342044664489	1	0	1	1.8398059927069994
246200.0	2000.0	1730.634204466276	0.0	0	102.19747403191286	1930.6342044664489	1	0	1	1.8398059927069994
247353.38323908462	2000.0	1577.250965381662	0.0	0	0.0	1930.6342044664489	1	0	1	1.8398059927069994
248283.53532837972	2000.0	1647.098876086591	0.0	0	0.0	1930.634204466478	1	0	1	1.8398059927069985
249590.01562627123	2000.0	1340.6185781951008	0.0	0	0.0	1930.634204466507	1	0	1	1.8398059927069963
250353.33040975287	2000.0	1577.303794713477	0.0	0	0.0	1930.634204466507	1	0	1	1.8398059927069954
251245.1655144781	2000.0	1685.4686899882747	0.0	0	0.0	1930.634204466507	1	0	1	1.8398059927069954
252200.0	2000.0	1730.6342044663845	0.0	0	334.8528789841803	1930.6342044665362	1	0	1	1.8398059927069934
253200.0	2000.0	1730.6342044663902	0.0	0	12.353053842001827	1930.6342044665362	1	0	1	1.8398059927069934
254200.0	2000.0	1730.6342044664086	0.0	0	183.54481258094893	1930.6342044665362	1	0	1	1.8398059927069934
255200.0	2000.0	1730.634204466374	0.0	0	342.7432956204575	1930.6342044665362	1	0	1	1.8398059927069934
256200.0	2000.0	1730.6342044663797	0.0	0	622.9098550933704	1930.6342044665362	1	0	1	1.8398059927069934
258627.59185264262	3000.0	200.0	127.01530312772636	0	0.0	1827.5918526427995	1	0	2	0.6868091863792987
259457.6266370304	2000.0	567.9406237455293	197.97540813330124	0	0.0	2025.5672607760935	1	0	1	0.039919294770723535
260200.70679368504	2000.0	824.8604670908978	0.0	0	0.0	2025.5672607760935	1	0	1	1.8332368516786959
260678.58435163475	2000.0	1346.9829091411948	0.0	0	0.0	2025.5672607761226	1	0	1	1.8332368516786937
261200.0	2000.0	1825.5672607758995	0.0	0	24.342664429947035	2025.5672607761226	1	0	1	1.8332368516786937
262200.0	2000.0	1825.5672607759154	0.0	0	426.1622244963073	2025.5672607761226	1	0	1	1.8332368516786937
263200.0	2000.0	1825.5672607759127	0.0	0	541.6208147442667	2025.5672607761226	1	0	1	1.8332368516786937
264222.03864757036	3000.0	1701.3247484484953	0.0	0	0.0	1923.3633960190928	1	0	2	1.4383306243721576
265252.29863393836	2000.0	1671.0647620804928	0.0	0	0.0	1923.3633960190346	1	0	1	1.2348196219557257
266200.0	2000.0	1628.593259412694	0.0	0	271.81173712573946	1828.5932594127953	1	0	2	1.4440612736765823
267200.0	2000.0	1628.5932594127078	0.0	0	350.06825267063687	1828.5932594127953	1	0	1	1.646226258382063
268200.0	3000.0	1628.59325941269	0.0	0	91.71922510198783	1828.5932594127953	1	0	1	1.8462262583820634
269200.0	2000.0	1628.5932594126914	0.0	0	203.67080987262307	1828.5932594127953	1	0	1	1.4407611502738986
270200.0	2000.0	1628.5932594126923	0.0	0	533.1004977831035	1828.5932594127953	1	0	1	1.8462262583820632
271200.0	3000.0	1628.5932594126875	0.0	0	337.90860091830837	1828.5932594127953	1	0	1	1.8462262583820634
272200.0	6000.0	1628.5932594126937	0.0	0	145.00552483898355	1828.5932594128535	1	0	1	2.251691366490224
273200.0	6000.0	1628.5932594127064	0.0	0	28.20050589402672	1828.5932594128535	1	0	1	2.9448385470501695
274200.0	6000.0	1628.5932594126812	0.0	0	79.32472959556617	1828.5932594128535	1	0	1	2.9448385470501695
276964.8115547107	6000.0	200.0	336.2182952979486	0	0.0	2164.8115547106718	1	0	1	0.912284734776567
277473.35741743323	2000.0	768.3265279000789	76.87239062265523	0	0.0	2241.6839453333523	1	0	1	0.2559981726344951
277874.49471674504	2000.0	1367.189228588292	0.0	0	0.0	2241.6839453333523	1	0	1	1.815844805038536
278324.9556693996	2000.0	1916.7282759336847	0.0	0	0.0	2241.6839453333523	1	0	1	1.815844805038536
279200.0	3000.0	2041.68394533327	0.0	0	166.52553649648326	2241.6839453333523	1	0	1	1.8158448050385363
281429.7858796108	6000.0	811.8980657225075	0.0	0	0.0	2241.6839453333523	1	0	1	2.221309913146701
282092.5786248011	2000.0	1149.1053205321557	0.0	0	0.0	2241.6839453333523	1	0	1	0.7172325163704266
283460.9328939562	2000.0	780.751051377071	0.0	0	0.0	2241.683945333294	1	0	1	1.8158448050385392
284677.92543523404	2000.0	563.7585100992035	0.0	0	0.0	2241.683945333294	1	0	1	1.8158448050385414
285033.1017618587	1000.0	1208.582183474588	0.0	0	0.0	2241.683945333236	1	0	1	0.42955044391865627
285764.7945628763	2000.0	1476.8893824569398	0.0	0	0.0	2241.6839453331777	1	0	1	1.1226976244786067
286513.5998623621	2000.0	1728.084082971147	0.0	0	0.0	2241.6839453331777	1	0	1	1.8158448050385516
287219.5058578983	2000.0	2022.178087434997	0.0	0	0.0	2241.6839453331777	1	0	1	1.8158448050385516
288200.0	2000.0	2041.6839453333332	0.0	0	101.99387337785447	2241.6839453331777	1	0	1	1.8158448050385516
289200.0	2000.0	2041.6839453333064	0.0	0	76.08893950266065	2241.6839453331777	1	0	1	1.8158448050385516
290200.0	3000.0	1941.6839453332636	0.0	0	220.183636235015	2141.6839453331195	1	0	2	1.4214321967056531
291200.0	2000.0	1941.6839453332532	0.0	0	347.68143078760477	2141.6839453331195	1	0	1	1.2188759568311553
292200.0	3000.0	1841.683945333273	0.0	0	34.703226879646536	2041.6839453331195	1	0	2	1.4298741071037995
293200.0	3000.0	1741.6839453332755	0.0	0	229.53330800496042	1941.6839453330613	1	0	2	2.0421237564441435
294298.08260192553	6000.0	1643.6013434076547	0.0	0	0.0	1941.683945333003	1	0	1	2.044537073386406
296376.53257586504	6000.0	565.151369468119	0.0	0	0.0	1941.683945333003	1	0	1	2.937684253946354
297040.2259819344	2000.0	901.4579633986921	0.0	0	0.0	1941.683945333003	1	0	1	0.7404596766101316
297871.99738034006	2000.0	1069.6865649930744	0.0	0	0.0	1941.683945333003	1	0	1	1.839071965278241
298723.0192334513	2000.0	1218.6647118818994	0.0	0	0.0	1941.683945333003	1	0	1	1.839071965278241
299537.98224608065	2000.0	1403.701699252528	0.0	0	0.0	1941.683945333003	1	0	1	1.839071965278241
300200.0	2000.0	1741.6839453331415	0.0	0	1.1328673470416106	1941.683945333003	1	0	1	1.839071965278241
3.96	2.88	3.06	2.97	2.86	2.72	2.78	3.34	4.09	2.93	3.06	3.34	3.86	4.24	4.96	4.77	3.45	4.07	3.37	2.94	2.0	1.74	1.56	2.51	3.79	5.12	5.7	3.01	2.57	3.31	3.67	4.65	4.51	5.63	3.65	3.2	4.17	4.22	3.81	3.38	3.86	2.55	2.73	3.31	2.9	3.01	3.39	4.34	3.64	3.67	4.54	5.85	5.06	3.03	2.73	2.94	1.41	1.33	1.89	2.09	1.96	2.32	2.35	1.55	2.7	2.99	3.57	2.35	2.69	3.2	3.0	1.53	2.65	3.79	2.56	1.47	1.84	2.51	2.56	1.73	2.2	3.13	4.41	4.73	3.61	3.56	4.77	4.27	2.25	2.76	3.72	3.02	3.49	2.19	1.77	2.02	1.75	2.94	2.94	1.9	2.92	3.82	4.21	1.49	1.74	1.91	2.39	3.31	3.27	3.89	3.28	2.34	3.53	3.79	2.53	3.22	4.32	5.54	6.66	8.13	7.0	1.69	2.87	4.15	5.44	5.31	2.65	3.89	2.83	1.24	1.88	2.28	3.06	2.77	2.4	3.0	3.29	3.65	3.71	4.54	5.84	5.02	1.88	3.13	2.76	2.76	2.92	1.63	2.58	2.85	3.96	2.88	3.06	2.97	2.86	2.72	2.78	3.34	4.09	2.93	3.06	3.34	3.86	4.24	4.96	4.77	3.45	4.07	3.37	2.94	2.0	1.74	1.56	2.51	3.79	5.12	5.7	3.01	2.57	3.31	3.67	4.65	4.51	5.63	3.65	3.2	4.17	4.22	3.81	3.38	3.86	2.55	2.73	3.31	2.9	3.01	3.39	4.34	3.64	3.67	4.54	5.85	5.06	3.03	2.73	2.94	1.41	1.33	1.89	2.09	1.96	2.32	2.35	1.55	2.7	2.99	3.57	2.35	2.69	3.2	3.0	1.53	2.65	3.79	2.56	1.47	1.84	2.51	2.56	1.73	2.2	3.13	4.41	4.73	3.61	3.56	4.77	4.27	2.25	2.76	3.72	3.02	3.49	2.19	1.77	2.02	1.75	2.94	2.94	1.9	2.92	3.82	4.21	1.49	1.74	1.91	2.39	3.31	3.27	3.89	3.28	2.34	3.53	3.79	2.53	3.22	4.32	5.54	6.66	8.13	7.0	1.69	2.87	4.15	5.44	5.31	2.65	3.89	2.83	1.24	1.88	2.28	3.06	2.77	2.4	3.0	3.29	3.65	3.71	4.54	5.84	5.02	1.88	3.13	2.76	2.76	2.92	1.63	2.58	2.85
1.0	2.0	3.0	4.0	5.0	6.0	7.0	8.0	9.0	10.0	11.0	12.0	13.0	14.0	15.0	16.0	17.0	18.0	19.0	20.0	21.0	22.0	23.0	24.0	25.0	26.0	27.0	28.0	29.0	30.0	31.0	32.0	33.0	34.0	35.0	36.0	37.0	38.0	39.0	40.0	41.0	42.0	43.0	44.0	45.0	46.0	47.0	48.0	49.0	50.0	51.0	52.0	53.0	54.0	55.0	56.0	57.0	58.0	59.0	60.0	61.0	62.0	63.0	64.0	65.0	66.0	67.0	68.0	69.0	70.0	71.0	72.0	73.0	74.0	75.0	76.0	77.0	78.0	79.0	80.0	81.0	82.0	83.0	84.0	85.0	86.0	87.0	88.0	89.0	90.0	91.0	92.0	93.0	94.0	95.0	96.0	97.0	98.0	99.0	100.0	101.0	102.0	103.0	104.0	105.0	106.0	107.0	108.0	109.0	110.0	111.0	112.0	113.0	114.0	115.0	116.0	117.0	118.0	119.0	120.0	121.0	122.0	123.0	124.0	125.0	126.0	127.0	128.0	129.0	130.0	131.0	132.0	133.0	134.0	135.0	136.0	137.0	138.0	139.0	140.0	141.0	142.0	143.0	144.0	145.0	146.0	147.0	148.0	149.0	149.0	150.0	151.0	152.0	153.0	154.0	155.0	156.0	157.0	158.0	159.0	160.0	161.0	162.0	163.0	164.0	165.0	166.0	167.0	168.0	169.0	170.0	171.0	172.0	173.0	174.0	175.0	176.0	177.0	178.0	179.0	180.0	181.0	182.0	183.0	184.0	185.0	186.0	187.0	188.0	189.0	190.0	191.0	192.0	193.0	194.0	195.0	196.0	197.0	198.0	199.0	200.0	201.0	202.0	203.0	204.0	205.0	206.0	207.0	208.0	209.0	210.0	211.0	212.0	213.0	214.0	215.0	216.0	217.0	218.0	219.0	220.0	221.0	222.0	223.0	224.0	225.0	226.0	227.0	228.0	229.0	230.0	231.0	232.0	233.0	234.0	235.0	236.0	237.0	238.0	239.0	240.0	241.0	242.0	243.0	244.0	245.0	246.0	247.0	248.0	249.0	250.0	251.0	252.0	253.0	254.0	255.0	256.0	257.0	258.0	259.0	260.0	261.0	262.0	263.0	264.0	265.0	266.0	267.0	268.0	269.0	270.0	271.0	272.0	273.0	274.0	275.0	276.0	277.0	278.0	279.0	280.0	281.0	282.0	283.0	284.0	285.0	286.0	287.0	288.0	289.0	290.0	291.0	292.0	293.0	294.0	295.0	296.0	297.0	298.0	298.0
4170.356133102715
