4358.193266282235	300.0	2000.0	189.83312754682473	0	0.0	4358.193266282235	1	0	1	-1.7557502048089946
5625.016697931843	2000.0	1606.4942251854309	0.0	0	0.0	4231.510923117274	1	0	2	-0.9960085070166095
6294.892969648927	1000.0	1936.6179534683472	0.0	0	0.0	4231.510923117274	1	0	1	-0.2622051940907776
7695.138745319136	2000.0	1396.347600231116	0.0	0	0.0	4091.4863455502527	1	0	2	0.2807954278988627
8838.748227795606	2000.0	1138.3771695069986	0.0	0	0.0	3977.125397302604	1	0	2	1.2280917650746175
9229.260560563547	1000.0	1747.8648367390563	0.0	0	0.0	3977.1253973026023	1	0	1	-0.1465721948949575
10119.12439814803	2000.0	1769.014615396126	0.0	0	0.0	3888.1390135441534	1	0	2	0.37168400050811706
10884.525270534366	1000.0	2003.6137430097897	0.0	0	0.0	3888.1390135441543	1	0	1	-0.11108120325276183
11590.978115387416	2000.0	2226.515613671436	0.0	0	0.0	3817.4937290588496	1	0	2	0.40181884272815005
12229.21035582415	2000.0	2588.2833732347003	0.0	0	0.0	3817.4937290588496	1	0	1	1.3016806047465632
13295.917669888031	2000.0	2414.9053277644316	0.0	0	0.0	3710.8229976524617	1	0	2	1.12843895630927
15284.863231553585	2000.0	1425.9597660988782	0.0	0	0.0	3710.8229976524617	1	0	1	1.3389173078335053
16073.07083260077	1000.0	1637.7521650516944	0.0	0	0.0	3710.8229976524635	1	0	1	0.15262294671361476
17394.06671280779	1000.0	1316.7562848446732	0.0	0	0.0	3710.8229976524635	1	0	1	0.8457701272735605
18434.579223058834	1000.0	1276.2437745936284	0.0	0	0.0	3710.8229976524617	1	0	1	0.8457701272735604
19081.351701298667	1000.0	1629.4712963537945	0.0	0	0.0	3710.82299765246	1	0	1	0.8457701272735612
20079.076977388613	2000.0	1531.9734926548576	0.0	0	0.0	3611.050470043472	1	0	2	0.47043762411403856
21458.90200782362	2000.0	1014.1659591763491	0.0	0	0.0	3473.0679669999736	1	0	2	1.3974184749695806
22365.426561750424	1000.0	1107.641405249543	0.0	0	0.0	3473.0679669999736	1	0	1	0.0247497987136433
23114.31741317699	1000.0	1358.7505538229777	0.0	0	0.0	3473.0679669999736	1	0	1	0.9178969792735887
23749.00425606105	1000.0	1724.0637109389165	0.0	0	0.0	3473.0679669999736	1	0	1	0.9178969792735887
24481.22106292557	1000.0	1991.8469040743944	0.0	0	0.0	3473.0679669999736	1	0	1	0.9178969792735887
26498.832364364935	2000.0	772.474472491094	0.0	0	0.0	3271.3068368560344	1	0	2	0.5547219168921103
26959.526549467828	500.0	1311.7802873882017	0.0	0	0.0	3271.306836856038	1	0	1	-1.31078352331076
28483.028429765505	1000.0	788.2784070905243	0.0	0	0.0	3271.306836856038	1	0	1	0.2755108378091306
29113.091607947827	500.0	1158.2152289082014	0.0	0	0.0	3271.3068368560344	1	0	1	-0.4176363427508142
30269.569576465088	1000.0	1001.7372603909392	0.0	0	0.0	3271.3068368560307	1	0	1	0.27551083780913194
30912.176980018106	1000.0	1359.1298568379243	0.0	0	0.0	3271.3068368560307	1	0	1	0.9686580183690776
31538.15000874986	1000.0	1733.156828106169	0.0	0	0.0	3271.3068368560307	1	0	1	0.9686580183690776
32424.348170006426	2000.0	1846.9586668496042	0.0	0	0.0	3271.3068368560307	1	0	1	0.9686580183690776
33841.92829838401	2000.0	1429.378538472019	0.0	0	0.0	3271.306836856027	1	0	1	1.6618051989290235
34347.87442294407	1000.0	1923.4324139119549	0.0	0	0.0	3271.3068368560234	1	0	1	0.27551083780913366
35618.5879873761	2000.0	1652.7188494799293	0.0	0	0.0	3271.3068368560234	1	0	1	0.9686580183690802
36957.18380667393	2000.0	1314.1230301820958	0.0	0	0.0	3271.30683685602	1	0	1	1.6618051989290255
37977.46202633322	1000.0	1293.8448105228094	0.0	0	0.0	3271.30683685602	1	0	1	0.2755108378091351
38992.884637740855	1000.0	1278.4221991151742	0.0	0	0.0	3271.30683685602	1	0	1	0.9686580183690803
39682.01267679703	1000.0	1589.2941600589966	0.0	0	0.0	3271.3068368560125	1	0	1	0.9686580183690818
40367.95546137474	1000.0	1903.351375481281	0.0	0	0.0	3271.3068368560125	1	0	1	0.9686580183690818
41455.016810202105	2000.0	1816.2900266539161	0.0	0	0.0	3271.3068368560125	1	0	1	0.9686580183690818
42744.38635834058	2000.0	1526.9204785154427	0.0	0	0.0	3271.3068368560052	1	0	1	1.6618051989290286
43575.38887013126	1000.0	1695.917966724758	0.0	0	0.0	3271.3068368560052	1	0	1	0.2755108378091383
45249.68905067809	2000.0	1021.6177861779136	0.0	0	0.0	3271.306836855998	1	0	1	0.9686580183690854
45837.92734742822	1000.0	1433.379489427777	0.0	0	0.0	3271.306836855998	1	0	1	0.2755108378091401
46684.58817803785	1000.0	1586.71865881815	0.0	0	0.0	3271.306836855998	1	0	1	0.9686580183690853
47904.561875498446	1000.0	1366.744961357543	0.0	0	0.0	3271.306836855998	1	0	1	0.9686580183690853
48248.5333199786	500.0	2022.7735168773959	0.0	0	0.0	3271.306836855998	1	0	1	-0.41763634275080563
49643.251101428985	2000.0	1628.0557354270122	0.0	0	0.0	3271.306836855998	1	0	1	0.27551083780914
50414.2396117226	1000.0	1857.0672251333885	0.0	0	0.0	3271.306836855998	1	0	1	0.2755108378091401
51732.669940407715	1000.0	1538.6368964482742	0.0	0	0.0	3271.306836855998	1	0	1	0.9686580183690853
52697.08226848682	1000.0	1574.2245683691785	0.0	0	0.0	3271.306836855998	1	0	1	0.9686580183690853
53819.62995453908	1000.0	1451.676882316917	0.0	0	0.0	3271.306836855998	1	0	1	0.9686580183690853
54988.28522783616	1000.0	1283.021609019834	0.0	0	0.0	3271.306836855998	1	0	1	0.9686580183690853
56001.46822925316	1000.0	1269.8386076028346	0.0	0	0.0	3271.3068368559907	1	0	1	0.9686580183690869
56754.920026783155	1000.0	1516.3868100728382	0.0	0	0.0	3271.3068368559907	1	0	1	0.9686580183690869
57518.585999760086	1000.0	1752.7208370959	0.0	0	0.0	3271.3068368559907	1	0	1	0.9686580183690869
59058.63647491145	1000.0	1212.6703619445386	0.0	0	0.0	3271.306836855998	1	0	1	0.9686580183690853
59579.61194096499	500.0	1691.6948958909957	0.0	0	0.0	3271.3068368559907	1	0	1	-0.41763634275080397
60460.74288718653	1000.0	1810.563949669455	0.0	0	0.0	3271.3068368559907	1	0	1	0.27551083780914154
61066.46179350518	1000.0	2204.845043350806	0.0	0	0.0	3271.3068368559907	1	0	1	0.9686580183690869
62727.439570097435	2000.0	1543.867266758551	0.0	0	0.0	3271.3068368559907	1	0	1	0.9686580183690867
63823.59945567502	1000.0	1447.7073811809591	0.0	0	0.0	3271.3068368559907	1	0	1	0.27551083780914176
65027.39453616295	1000.0	1243.9123006930372	0.0	0	0.0	3271.3068368559907	1	0	1	0.9686580183690869
65800.9479433914	1000.0	1470.358893464592	0.0	0	0.0	3271.3068368559834	1	0	1	0.9686580183690869
66491.06144501497	1000.0	1780.245391840993	0.0	0	0.0	3271.3068368559616	1	0	1	0.9686580183690906
67238.80774000255	1000.0	2032.4990968534153	0.0	0	0.0	3271.3068368559616	1	0	1	0.9686580183690943
67839.0679434308	1000.0	2432.2388934251576	0.0	0	0.0	3271.3068368559543	1	0	1	0.9686580183690933
68970.35229212561	2000.0	2300.954544730327	0.0	0	0.0	3271.3068368559325	1	0	1	0.968658018369099
69621.28727649763	1000.0	2650.0195603582806	0.0	0	0.0	3271.3068368559325	1	0	1	0.2755108378091551
70364.37482781641	2000.0	2906.932009039508	0.0	0	0.0	3271.3068368559325	1	0	1	0.9686580183691004
71810.6125206773	2000.0	2460.694316178621	0.0	0	0.0	3271.3068368559325	1	0	1	1.6618051989290454
72844.11032057785	2000.0	2427.1965162780734	0.0	0	0.0	3271.3068368559325	1	0	1	1.6618051989290454
74185.00511341571	2000.0	2086.301723440224	0.0	0	0.0	3271.3068368559325	1	0	1	1.6618051989290454
75373.51963725711	2000.0	1897.7871995988519	0.0	0	0.0	3271.3068368559325	1	0	1	1.6618051989290454
77139.49045626495	2000.0	1131.8163805910167	0.0	0	0.0	3271.306836855947	1	0	1	1.6618051989290423
78185.2319089622	1000.0	1086.0749278937458	0.0	0	0.0	3271.306836855947	1	0	1	0.27551083780915175
79108.71058291028	1000.0	1162.59625394567	0.0	0	0.0	3271.306836855947	1	0	1	0.9686580183690969
79985.4626442659	1000.0	1285.8441925900472	0.0	0	0.0	3271.306836855947	1	0	1	0.9686580183690969
80482.84783825472	1000.0	1788.4589986012413	0.0	0	0.0	3271.306836855947	1	0	1	0.9686580183690969
81849.88764418232	2000.0	1421.41919267364	0.0	0	0.0	3271.306836855947	1	0	1	0.968658018369097
82444.8026131255	1000.0	1826.504223730463	0.0	0	0.0	3271.3068368559616	1	0	1	0.2755108378091484
83615.75469544168	2000.0	1655.5521414142977	0.0	0	0.0	3271.3068368559616	1	0	1	0.9686580183690937
84385.26491405527	1000.0	1886.0419228007036	0.0	0	0.0	3271.306836855947	1	0	1	0.27551083780915175
85376.09610548886	1000.0	1895.210731367105	0.0	0	0.0	3271.306836855947	1	0	1	0.9686580183690969
86532.33718000844	2000.0	1738.969656847534	0.0	0	0.0	3271.3068368559616	1	0	1	0.9686580183690937
87303.23946814344	1000.0	1968.0673687125438	0.0	0	0.0	3271.306836855976	1	0	1	0.2755108378091451
88233.2613873835	2000.0	2038.0454494724704	0.0	0	0.0	3271.3068368559616	1	0	1	0.9686580183690937
89399.74208467035	2000.0	1871.5647521856536	0.0	0	0.0	3271.3068368559616	1	0	1	1.6618051989290388
90050.09189507306	1000.0	2221.214941782943	0.0	0	0.0	3271.3068368559616	1	0	1	0.2755108378091484
91323.52718720719	2000.0	1947.779649648799	0.0	0	0.0	3271.3068368559616	1	0	1	0.9686580183690937
92084.77391171384	2000.0	2186.5329251421704	0.0	0	0.0	3271.306836855976	1	0	1	1.6618051989290357
93368.62644397756	2000.0	1902.6803928784545	0.0	0	0.0	3271.306836855976	1	0	1	1.6618051989290357
93931.37747568979	1000.0	2339.929361166198	0.0	0	0.0	3271.306836855976	1	0	1	0.2755108378091451
95625.55532337271	2000.0	1645.7515134832863	0.0	0	0.0	3271.3068368559616	1	0	1	0.9686580183690937
96177.27488306377	1000.0	2094.0319537922223	0.0	0	0.0	3271.306836855976	1	0	1	0.2755108378091451
97342.83812919838	2000.0	1928.4687076576088	0.0	0	0.0	3271.306836855976	1	0	1	0.9686580183690904
98361.78860619056	2000.0	1909.518230665445	0.0	0	0.0	3271.3068368559616	1	0	1	1.6618051989290388
99145.54317744386	1000.0	2125.763659412151	0.0	0	0.0	3271.3068368559616	1	0	1	0.2755108378091484
100343.66092615631	2000.0	1927.6459106997008	0.0	0	0.0	3271.3068368559616	1	0	1	0.9686580183690937
101281.37864704816	1000.0	1989.928189807857	0.0	0	0.0	3271.3068368559616	1	0	1	0.2755108378091484
102715.75882364277	1000.0	1555.5480132132425	0.0	0	0.0	3271.3068368559616	1	0	1	0.9686580183690936
103848.16102893754	1000.0	1423.1458079184679	0.0	0	0.0	3271.3068368559616	1	0	1	0.9686580183690936
104559.0939203471	1000.0	1712.2129165089093	0.0	0	0.0	3271.3068368559616	1	0	1	0.9686580183690936
105373.19250118353	1000.0	1898.114335672477	0.0	0	0.0	3271.3068368559616	1	0	1	0.9686580183690936
106697.39961324065	1000.0	1573.907223615355	0.0	0	0.0	3271.3068368559616	1	0	1	0.9686580183690936
107147.64007745741	500.0	2123.6667593985867	0.0	0	0.0	3271.306836855976	1	0	1	-0.41763634275080064
108252.94434411722	1000.0	2018.3624927387884	0.0	0	0.0	3271.306836855976	1	0	1	0.27551083780914487
109107.47449488871	1000.0	2163.8323419672906	0.0	0	0.0	3271.3068368559616	1	0	1	0.9686580183690936
110193.32453231118	1000.0	2077.982304544822	0.0	0	0.0	3271.3068368559616	1	0	1	0.9686580183690936
111091.59284048418	1000.0	2179.7139963718046	0.0	0	0.0	3271.3068368559616	1	0	1	0.9686580183690936
112700.79726742445	2000.0	1409.5891267375239	0.0	0	0.0	3110.3863941619493	1	0	2	0.5926565739010898
113680.85118750314	1000.0	1429.5352066588382	0.0	0	0.0	3110.3863941619493	1	0	1	0.1100385389235985
115029.79658444705	1000.0	1080.5898097149402	0.0	0	0.0	3110.3863941619493	1	0	1	1.0031857194835438
116180.90638920372	1000.0	929.4800049582655	0.0	0	0.0	3110.3863941619493	1	0	1	1.0031857194835438
116679.27294442007	500.0	1431.1134497419168	0.0	0	0.0	3110.3863941619493	1	0	1	-0.38310864163634706
117412.30366304901	1000.0	1698.0827311129567	0.0	0	0.0	3110.3863941619493	1	0	1	0.3100385389235985
118333.68227464666	1000.0	1776.7041195153215	0.0	0	0.0	3110.3863941619493	1	0	1	1.0031857194835438
118988.29334316282	1000.0	2122.0930509991867	0.0	0	0.0	3110.3863941619493	1	0	1	1.0031857194835438
119914.24912014748	2000.0	2196.137274014525	0.0	0	0.0	3110.3863941619493	1	0	1	1.0031857194835438
121327.80815312445	2000.0	1782.5782410375537	0.0	0	0.0	3110.3863941619493	1	0	1	1.696332900043489
122474.14742976592	2000.0	1636.238964396099	0.0	0	0.0	3110.3863941619493	1	0	1	1.696332900043489
123075.78451958411	1000.0	2034.6018745779222	0.0	0	0.0	3110.3863941619493	1	0	1	0.3100385389235987
124435.09498356424	2000.0	1675.291410597782	0.0	0	0.0	3110.3863941619493	1	0	1	1.0031857194835438
125287.02769994624	1000.0	1823.3586942157854	0.0	0	0.0	3110.3863941619347	1	0	1	0.31003853892360167
126124.33106142572	1000.0	1986.0553327363089	0.0	0	0.0	3110.3863941619347	1	0	1	1.0031857194835467
126882.99462935787	1000.0	2227.391764804147	0.0	0	0.0	3110.3863941619347	1	0	1	1.0031857194835467
127519.53145756749	1000.0	2590.8549365945346	0.0	0	0.0	3110.3863941619347	1	0	1	1.0031857194835467
128770.70603608155	2000.0	2339.6803580804544	0.0	0	0.0	3110.38639416192	1	0	1	1.0031857194835496
130628.66278507547	2000.0	1481.723609086526	0.0	0	0.0	3110.3863941619056	1	0	1	1.696332900043498
131982.08211343506	1000.0	1128.3042807269237	0.0	0	0.0	3110.3863941618765	1	0	1	0.3100385389236104
132415.54187820817	500.0	1694.8445159538014	0.0	0	0.0	3110.386394161862	1	0	1	-0.3831086416363305
133382.46371932433	1000.0	1727.9226748376357	0.0	0	0.0	3110.3863941618474	1	0	1	0.31003853892361943
133839.34488310342	1000.0	2271.041511058546	0.0	0	0.0	3110.3863941618765	1	0	1	1.0031857194835592
134615.2822695104	2000.0	2495.104124651548	0.0	0	0.0	3110.3863941618765	1	0	1	1.0031857194835583
135809.8327129709	2000.0	2300.553681191043	0.0	0	0.0	3110.3863941618765	1	0	1	1.6963329000435035
138243.02167471658	2000.0	867.3647194453382	0.0	0	0.0	3110.3863941618765	1	0	1	1.6963329000435035
139032.60385238897	1000.0	1077.782541772924	0.0	0	0.0	3110.3863941618474	1	0	1	0.3100385389236191
139872.85626949507	1000.0	1237.5301246668262	0.0	0	0.0	3110.3863941618474	1	0	1	1.0031857194835643
140449.27473879972	1000.0	1661.1116553622041	0.0	0	0.0	3110.3863941618474	1	0	1	1.0031857194835643
141972.29837964682	2000.0	1138.0880145151305	0.0	0	0.0	3110.3863941618474	1	0	1	1.0031857194835645
142814.68043647765	1000.0	1295.705957684317	0.0	0	0.0	3110.3863941618474	1	0	1	0.3100385389236191
143537.29216067417	1000.0	1573.094233487772	0.0	0	0.0	3110.3863941618765	1	0	1	1.0031857194835585
144227.4835922884	1000.0	1882.9028018735198	0.0	0	0.0	3110.3863941618765	1	0	1	1.0031857194835585
145297.83708884098	2000.0	1812.549305320939	0.0	0	0.0	3110.3863941618765	1	0	1	1.0031857194835583
146213.88270206162	2000.0	1896.5036921003164	0.0	0	0.0	3110.3863941618765	1	0	1	1.6963329000435035
146932.96722861758	1000.0	2177.4191655443624	0.0	0	0.0	3110.3863941618765	1	0	1	0.3100385389236132
148793.10127379815	2000.0	1317.2851203637947	0.0	0	0.0	3110.3863941618765	1	0	1	1.0031857194835583
149520.96016150128	1000.0	1589.426232660675	0.0	0	0.0	3110.3863941618765	1	0	1	0.3100385389236132
151073.07067009705	2000.0	1037.315724064883	0.0	0	0.0	3110.3863941618765	1	0	1	1.0031857194835583
151504.7375984548	1000.0	1605.6487957071151	0.0	0	0.0	3110.3863941619056	1	0	1	0.31003853892360744
152391.40974643343	2000.0	1718.9766477284898	0.0	0	0.0	3110.3863941619056	1	0	1	1.0031857194835527
153331.7121462375	2000.0	1778.6742479244476	0.0	0	0.0	3110.3863941619056	1	0	1	1.696332900043498
155477.1010361118	2000.0	633.2853580501106	0.0	0	0.0	3110.3863941618765	1	0	1	1.6963329000435012
156310.03930624502	1000.0	800.3470879168541	0.0	0	0.0	3110.3863941618474	1	0	1	0.3100385389236191
156858.68848665967	1000.0	1251.697907502212	0.0	0	0.0	3110.3863941618474	1	0	1	1.0031857194835643
157418.9101738986	1000.0	1691.4762202632742	0.0	0	0.0	3110.3863941618474	1	0	1	1.0031857194835643
158305.22737413202	2000.0	1805.15902002984	0.0	0	0.0	3110.3863941618474	1	0	1	1.0031857194835645
159703.444043065	2000.0	1406.9423510968704	0.0	0	0.0	3110.3863941618765	1	0	1	1.696332900043506
160191.29115741458	1000.0	1919.095236747304	0.0	0	0.0	3110.3863941619056	1	0	1	0.31003853892360744
160943.60724489478	2000.0	2166.77914926711	0.0	0	0.0	3110.3863941619056	1	0	1	1.0031857194835527
161717.4169435441	2000.0	2392.9694506177993	0.0	0	0.0	3110.3863941619056	1	0	1	1.696332900043498
162680.59130257723	2000.0	2429.7950915846536	0.0	0	0.0	3110.3863941618765	1	0	1	1.6963329000435035
164157.70621104032	2000.0	1952.680183121582	0.0	0	0.0	3110.3863941618765	1	0	1	1.6963329000435035
165247.88450896097	1000.0	1862.5018852009403	0.0	0	0.0	3110.3863941618765	1	0	1	0.3100385389236132
166231.84928366906	1000.0	1878.537110492852	0.0	0	0.0	3110.3863941618765	1	0	1	1.0031857194835585
167437.36949631188	1000.0	1673.0168978500287	0.0	0	0.0	3110.3863941618765	1	0	1	1.0031857194835585
168305.2271860249	1000.0	1805.1592081370266	0.0	0	0.0	3110.3863941619056	1	0	1	1.0031857194835527
169164.92147804913	2000.0	1945.4649161127961	0.0	0	0.0	3110.3863941618765	1	0	1	1.0031857194835583
170872.76568438	2000.0	1237.6207097819329	0.0	0	0.0	3110.3863941618765	1	0	1	1.6963329000435035
171493.63865758284	1000.0	1616.747736579112	0.0	0	0.0	3110.3863941618765	1	0	1	0.3100385389236132
172550.6815269135	2000.0	1559.7048672484261	0.0	0	0.0	3110.3863941618765	1	0	1	1.0031857194835583
173310.69530294507	1000.0	1799.6910912168596	0.0	0	0.0	3110.3863941618765	1	0	1	0.3100385389236132
173846.1602659108	1000.0	2264.226128251168	0.0	0	0.0	3110.3863941618765	1	0	1	1.0031857194835585
176154.3101545955	2000.0	956.0762395664872	0.0	0	0.0	3110.3863941619056	1	0	1	1.0031857194835572
176873.7991728523	500.0	1236.5872213096736	0.0	0	0.0	3110.3863941619056	1	0	1	-1.0762558221962835
178021.69348932404	1000.0	1088.692904837943	0.0	0	0.0	3110.3863941618765	1	0	1	0.31003853892360833
179133.4199319128	1000.0	976.9664622491794	0.0	0	0.0	3110.3863941619056	1	0	1	1.0031857194835527
179862.743635023	1000.0	1247.642759138951	0.0	0	0.0	3110.3863941619056	1	0	1	1.0031857194835527
180383.17145273276	1000.0	1727.2149414292112	0.0	0	0.0	3110.3863941619347	1	0	1	1.0031857194835467
181631.73296246247	2000.0	1478.6534316994857	0.0	0	0.0	3110.3863941619347	1	0	1	1.0031857194835467
182924.45332743388	2000.0	1185.9330667281024	0.0	0	0.0	3110.3863941619347	1	0	1	1.6963329000434917
183374.7532720421	1000.0	1735.6331221199098	0.0	0	0.0	3110.3863941619347	1	0	1	0.31003853892360167
184527.2665006651	2000.0	1583.1198934969154	0.0	0	0.0	3110.3863941619347	1	0	1	1.0031857194835467
185556.76078255312	2000.0	1553.6256116089235	0.0	0	0.0	3110.3863941619347	1	0	1	1.6963329000434917
186291.92215334886	1000.0	1818.464240813169	0.0	0	0.0	3110.3863941619347	1	0	1	0.31003853892360167
187086.41960106094	1000.0	2023.9667931011081	0.0	0	0.0	3110.386394161964	1	0	1	1.0031857194835445
187689.26513659337	1000.0	2421.1212575686736	0.0	0	0.0	3110.386394161993	1	0	1	1.0031857194835352
188790.83141971435	2000.0	2319.5549744477153	0.0	0	0.0	3110.386394162022	1	0	1	1.0031857194835294
190205.8069256585	2000.0	1904.579468503603	0.0	0	0.0	3110.386394162022	1	0	1	1.6963329000434746
191893.8144246048	2000.0	1216.571969557328	0.0	0	0.0	3110.386394162022	1	0	1	1.6963329000434746
192580.75728999288	1000.0	1529.629104169222	0.0	0	0.0	3110.386394162022	1	0	1	0.31003853892358424
193948.29788299382	2000.0	1162.0885111682396	0.0	0	0.0	3110.386394162022	1	0	1	1.0031857194835294
194674.98294098265	1000.0	1435.4034531794005	0.0	0	0.0	3110.386394161993	1	0	1	0.31003853892359
195742.89253858142	1000.0	1367.4938555806018	0.0	0	0.0	3110.386394161993	1	0	1	1.0031857194835352
196891.20749377657	1000.0	1219.1789003854392	0.0	0	0.0	3110.386394161993	1	0	1	1.0031857194835352
197601.37686500058	1000.0	1509.00952916143	0.0	0	0.0	3110.386394161993	1	0	1	1.0031857194835352
198404.41386136555	1000.0	1705.9725327964422	0.0	0	0.0	3110.386394161993	1	0	1	1.0031857194835352
199345.83870144517	1000.0	1764.5476927168302	0.0	0	0.0	3110.386394161993	1	0	1	1.0031857194835374
200014.91410595295	1000.0	2095.4722882090487	0.0	0	0.0	3110.386394161993	1	0	1	1.0031857194835352
201269.28627139892	1000.0	1841.1001227630718	0.0	0	0.0	3110.386394161964	1	0	1	1.0031857194835387
202438.99467385406	1000.0	1671.391720307915	0.0	0	0.0	3110.386394161964	1	0	1	1.003185719483542
203187.04599857918	1000.0	1923.3403955828308	0.0	0	0.0	3110.386394161964	1	0	1	1.003185719483541
203962.8589795833	1000.0	2147.5274145787275	0.0	0	0.0	3110.386394161964	1	0	1	1.003185719483541
204843.26353112658	1000.0	2267.1228630354585	0.0	0	0.0	3110.386394161964	1	0	1	1.003185719483541
205502.0359223007	1000.0	2608.3504718613626	0.0	0	0.0	3110.386394161964	1	0	1	1.003185719483541
206957.79649804073	2000.0	2152.5898961213734	0.0	0	0.0	3110.386394161964	1	0	1	1.0031857194835407
208655.6551579161	1000.0	1454.7312362460111	0.0	0	0.0	3110.386394161993	1	0	1	0.31003853892359
209400.42482744486	1000.0	1709.9615667172675	0.0	0	0.0	3110.386394161993	1	0	1	1.0031857194835352
210064.69556182632	1000.0	2045.690832335811	0.0	0	0.0	3110.386394161993	1	0	1	1.0031857194835387
210580.00263685026	1000.0	2530.383757311869	0.0	0	0.0	3110.386394161993	1	0	1	1.0031857194835352
212452.72874652335	2000.0	1657.6576476388127	0.0	0	0.0	3110.386394162051	1	0	1	1.0031857194835272
213542.38782904003	1000.0	1567.998565122147	0.0	0	0.0	3110.386394162051	1	0	1	0.31003853892357847
214593.15744952162	1000.0	1517.2289446405798	0.0	0	0.0	3110.386394162051	1	0	1	1.0031857194835236
215365.30448579232	1000.0	1745.0819083698473	0.0	0	0.0	3110.386394162022	1	0	1	1.003185719483528
216377.3921266297	1000.0	1732.9942675324487	0.0	0	0.0	3110.386394162022	1	0	1	1.0031857194835294
217395.60195704157	1000.0	1714.7844371206097	0.0	0	0.0	3110.386394162051	1	0	1	1.0031857194835248
218183.75674397094	1000.0	1926.629650191239	0.0	0	0.0	3110.3863941620803	1	0	1	1.0031857194835179
219496.82102999793	2000.0	1613.5653641642302	0.0	0	0.0	3110.3863941620803	1	0	1	1.0031857194835179
220613.44983560423	2000.0	1496.9365585579308	0.0	0	0.0	3110.386394162022	1	0	1	1.6963329000434735
221276.39026126545	1000.0	1833.9961328967177	0.0	0	0.0	3110.386394162022	1	0	1	0.31003853892358424
222476.82893688296	2000.0	1633.5574572791907	0.0	0	0.0	3110.386394161993	1	0	1	1.003185719483533
223873.5635168826	2000.0	1236.8228772795478	0.0	0	0.0	3110.386394162022	1	0	1	1.6963329000434746
224413.32078730958	1000.0	1697.0656068525686	0.0	0	0.0	3110.386394162022	1	0	1	0.31003853892358424
226705.9719557352	2000.0	404.4144384269303	0.0	0	0.0	3110.386394162022	1	0	1	1.0031857194835316
227057.39271590742	500.0	1052.9936782547559	0.0	0	0.0	3110.386394162022	1	0	1	-1.0762558221963068
227981.88688746808	1000.0	1128.4995066940803	0.0	0	0.0	3110.386394162022	1	0	1	0.31003853892357935
228593.80395293553	1000.0	1516.5824412266215	0.0	0	0.0	3110.386394162022	1	0	1	1.0031857194835294
229164.0101411438	1000.0	1946.3762530183594	0.0	0	0.0	3110.386394162051	1	0	1	1.0031857194835236
230432.7095509149	2000.0	1677.6768432472645	0.0	0	0.0	3110.386394162022	1	0	1	1.0031857194835294
231124.68064030932	1000.0	1985.7057538528366	0.0	0	0.0	3110.386394162022	1	0	1	0.31003853892358424
232459.87466665363	2000.0	1650.5117275085183	0.0	0	0.0	3110.386394162022	1	0	1	1.0031857194835294
234525.88082216898	2000.0	584.5055719931584	0.0	0	0.0	3110.386394162022	1	0	1	1.6963329000434746
235116.30203560778	1000.0	994.0843585543743	0.0	0	0.0	3110.386394162022	1	0	1	0.31003853892358424
235820.92233896806	1000.0	1289.4640551941077	0.0	0	0.0	3110.386394162022	1	0	1	1.0031857194835294
236341.63195823986	1000.0	1768.7544359223007	0.0	0	0.0	3110.386394162022	1	0	1	1.0031857194835294
237803.29212033993	2000.0	1307.0942738222102	0.0	0	0.0	3110.386394161993	1	0	1	1.0031857194835352
238471.9833923459	1000.0	1638.4030018162243	0.0	0	0.0	3110.386394161993	1	0	1	0.31003853892359
239162.25157765887	1000.0	1948.1348165032816	0.0	0	0.0	3110.386394162022	1	0	1	1.0031857194835294
240578.30286962376	2000.0	1532.0835245384196	0.0	0	0.0	3110.386394162022	1	0	1	1.0031857194835294
241543.23104913588	2000.0	1567.1553450262718	0.0	0	0.0	3110.386394162051	1	0	1	1.6963329000434688
242048.51199689144	1000.0	2061.8743972706734	0.0	0	0.0	3110.386394162051	1	0	1	0.31003853892357847
243120.25630888712	2000.0	1990.1300852749932	0.0	0	0.0	3110.386394162051	1	0	1	1.0031857194835236
243917.01186101497	1000.0	2193.3745331471755	0.0	0	0.0	3110.386394162051	1	0	1	0.31003853892357847
245221.05241523433	2000.0	1889.3339789277961	0.0	0	0.0	3110.386394162051	1	0	1	1.0031857194835236
246028.80391110902	2000.0	2081.5824830531246	0.0	0	0.0	3110.386394162051	1	0	1	1.6963329000434688
247859.62823402247	2000.0	1250.7581601396528	0.0	0	0.0	3110.386394162051	1	0	1	1.6963329000434688
248684.55919952286	1000.0	1425.8271946392485	0.0	0	0.0	3110.386394162022	1	0	1	0.31003853892358424
249301.3934753833	1000.0	1808.99291877882	0.0	0	0.0	3110.386394162022	1	0	1	1.0031857194835294
251058.30341431973	2000.0	1052.0829798424052	0.0	0	0.0	3110.386394162022	1	0	1	1.0031857194835294
251658.33665970064	500.0	1452.0497344614846	0.0	0	0.0	3110.386394162022	1	0	1	-1.0762558221963068
252415.38605840164	1000.0	1695.0003357604824	0.0	0	0.0	3110.386394162051	1	0	1	0.31003853892357824
253596.86655421212	1000.0	1513.5198399499764	0.0	0	0.0	3110.386394162051	1	0	1	1.0031857194835236
254247.11979153866	1000.0	1863.2666026234303	0.0	0	0.0	3110.386394162051	1	0	1	1.0031857194835236
254780.21524701297	1000.0	2330.171147149133	0.0	0	0.0	3110.386394162051	1	0	1	1.0031857194835236
256719.02273840626	2000.0	1391.3636557558148	0.0	0	0.0	3110.386394162051	1	0	1	1.0031857194835236
257611.76051499316	1000.0	1498.6258791689088	0.0	0	0.0	3110.386394162051	1	0	1	0.31003853892357847
258457.27486554545	1000.0	1653.1115286166396	0.0	0	0.0	3110.386394162022	1	0	1	1.0031857194835294
259367.191115391	1000.0	1743.1952787710898	0.0	0	0.0	3110.386394162022	1	0	1	1.0031857194835294
260192.282844976	1000.0	1918.1035491861087	0.0	0	0.0	3110.386394162022	1	0	1	1.0031857194835294
261744.470499451	2000.0	1365.9158947111093	0.0	0	0.0	3110.386394162022	1	0	1	1.0031857194835294
262686.3365331286	1000.0	1424.0498610335535	0.0	0	0.0	3110.386394162022	1	0	1	0.3100385389235831
263943.2186550983	1000.0	1167.1677390638458	0.0	0	0.0	3110.386394161993	1	0	1	1.0031857194835327
264388.14176818094	500.0	1722.2446259812014	0.0	0	0.0	3110.386394161993	1	0	1	-0.3831086416363522
265529.5130338079	1000.0	1580.873360354227	0.0	0	0.0	3110.386394161964	1	0	1	0.31003853892359445
266419.8963707339	1000.0	1690.4900234282436	0.0	0	0.0	3110.386394162022	1	0	1	1.0031857194835316
267025.67599378043	1000.0	2084.71040038172	0.0	0	0.0	3110.386394162022	1	0	1	1.0031857194835294
267631.65595337236	1000.0	2478.7304407897846	0.0	0	0.0	3110.386394161964	1	0	1	1.003185719483541
268862.2114549401	2000.0	2248.1749392220718	0.0	0	0.0	3110.386394161964	1	0	1	1.0031857194835407
269969.14105103683	2000.0	2141.2453431253507	0.0	0	0.0	3110.386394161964	1	0	1	1.696332900043486
271540.35862740246	2000.0	1570.0277667597238	0.0	0	0.0	3110.386394161964	1	0	1	1.696332900043486
272509.29288140155	1000.0	1601.0935127606788	0.0	0	0.0	3110.386394161964	1	0	1	0.3100385389235958
273435.08933388145	1000.0	1675.2970602807077	0.0	0	0.0	3110.386394161964	1	0	1	1.003185719483541
274146.0187038963	1000.0	1964.3676902658035	0.0	0	0.0	3110.386394161964	1	0	1	1.003185719483541
275050.6769571441	1000.0	2059.7094370180093	0.0	0	0.0	3110.386394161964	1	0	1	1.0031857194835503
275718.65640940116	1000.0	2391.7299847609547	0.0	0	0.0	3110.386394161964	1	0	1	1.003185719483541
276828.1074612095	2000.0	2282.2789329525763	0.0	0	0.0	3110.3863941619056	1	0	1	1.0031857194835527
278297.83980467316	2000.0	1812.5465894889746	0.0	0	0.0	3110.3863941619056	1	0	1	1.696332900043498
279280.8847704623	1000.0	1829.501623699833	0.0	0	0.0	3110.3863941619056	1	0	1	0.31003853892360744
281036.05817042186	1000.0	1074.3282237402607	0.0	0	0.0	3110.386394161964	1	0	1	1.003185719483541
281679.3412384009	500.0	1431.0451557612473	0.0	0	0.0	3110.3863941619056	1	0	1	-0.3831086416363383
282498.36711043044	1000.0	1612.019283731633	0.0	0	0.0	3110.3863941619056	1	0	1	0.3100385389236072
283113.71036134753	1000.0	1996.6760328145626	0.0	0	0.0	3110.3863941619056	1	0	1	1.0031857194835527
283775.88753117126	2000.0	2334.4988629908594	0.0	0	0.0	3110.3863941619056	1	0	1	1.0031857194835527
285503.3682629214	2000.0	1607.0181312407212	0.0	0	0.0	3110.386394161964	1	0	1	1.696332900043486
286453.5690387545	1000.0	1656.8173554076716	0.0	0	0.0	3110.386394162022	1	0	1	0.31003853892358424
287074.32050213875	1000.0	2036.065892023426	0.0	0	0.0	3110.3863941620803	1	0	1	1.0031857194835248
288248.6035107745	2000.0	1861.782883387611	0.0	0	0.0	3110.3863941620803	1	0	1	1.0031857194835179
288933.26224902325	1000.0	2177.1241451388687	0.0	0	0.0	3110.3863941620803	1	0	1	0.31003853892357264
290351.5256617496	2000.0	1758.860732412529	0.0	0	0.0	3110.3863941620803	1	0	1	1.0031857194835179
291488.89287168754	1000.0	1621.4935224746316	0.0	0	0.0	3110.3863941621967	1	0	1	0.310038538923554
292230.6867742104	1000.0	1879.6996199517991	0.0	0	0.0	3110.386394162313	1	0	1	1.0031857194834737
292859.8283679143	1000.0	2250.558026247888	0.0	0	0.0	3110.386394162313	1	0	1	1.0031857194834712
293559.55980479403	1000.0	2550.8265893681537	0.0	0	0.0	3110.3863941623713	1	0	1	1.0031857194834597
294706.162227496	2000.0	2404.224166666176	0.0	0	0.0	3110.386394162313	1	0	1	1.0031857194834712
296330.01455031504	2000.0	1780.3718438471165	0.0	0	0.0	3110.386394162313	1	0	1	1.6963329000434162
297151.2104458085	1000.0	1959.17594835365	0.0	0	0.0	3110.3863941623713	1	0	1	0.3100385389235215
297926.2339373236	1000.0	2184.1524568384857	0.0	0	0.0	3110.3863941623713	1	0	1	1.0031857194834597
298486.9881696195	1000.0	2623.3982245426637	0.0	0	0.0	3110.3863941623713	1	0	1	1.0031857194834597
299607.18500327447	2000.0	2503.2013908877593	0.0	0	0.0	3110.3863941624295	1	0	1	1.0031857194834481
300458.79470471287	2000.0	2651.5916894493835	0.0	0	0.0	3110.3863941624295	1	0	1	1.6963329000433933
1.61	0.86	1.55	1.8	1.99	2.22	1.34	2.47	2.78	2.02	0.94	1.2	0.97	0.98	1.11	2.04	2.13	0.96	1.47	1.41	1.67	1.17	1.0	0.61	0.73	1.05	1.47	2.06	2.35	1.37	1.84	1.85	1.64	1.34	1.37	1.53	1.77	1.96	1.37	1.71	1.34	1.64	0.86	0.81	1.56	1.3	1.23	0.76	0.94	0.94	1.2	1.02	1.24	1.45	0.44	0.86	1.48	1.83	1.2	1.02	0.88	1.32	1.07	1.39	1.32	1.95	2.1	1.38	2.42	1.97	1.45	1.44	0.97	1.17	1.32	1.46	2.06	1.6	1.97	1.75	0.8	1.71	1.71	1.8	1.84	1.46	1.65	2.13	1.78	1.61	1.38	1.78	2.13	1.7	1.19	1.55	1.71	0.95	0.86	1.3	1.05	1.47	0.71	1.09	1.45	1.17	1.24	1.76	1.11	1.05	0.83	1.09	1.18	1.22	1.53	1.85	1.61	1.67	1.47	1.25	1.78	1.18	1.31	1.56	1.73	1.51	0.78	0.72	0.97	1.81	2.65	1.49	0.78	1.19	1.54	1.53	1.7	1.36	0.94	1.34	1.77	2.28	1.3	1.34	1.45	1.88	1.6	2.53	2.14	1.32	1.61	0.86	1.55	1.8	1.99	2.22	1.34	2.47	2.78	2.02	0.94	1.2	0.97	0.98	1.11	2.04	2.13	0.96	1.47	1.41	1.67	1.17	1.0	0.61	0.73	1.05	1.47	2.06	2.35	1.37	1.84	1.85	1.64	1.34	1.37	1.53	1.77	1.96	1.37	1.71	1.34	1.64	0.86	0.81	1.56	1.3	1.23	0.76	0.94	0.94	1.2	1.02	1.24	1.45	0.44	0.86	1.48	1.83	1.2	1.02	0.88	1.32	1.07	1.39	1.32	1.95	2.1	1.38	2.42	1.97	1.45	1.44	0.97	1.17	1.32	1.46	2.06	1.6	1.97	1.75	0.8	1.71	1.71	1.8	1.84	1.46	1.65	2.13	1.78	1.61	1.38	1.78	2.13	1.7	1.19	1.55	1.71	0.95	0.86	1.3	1.05	1.47	0.71	1.09	1.45	1.17	1.24	1.76	1.11	1.05	0.83	1.09	1.18	1.22	1.53	1.85	1.61	1.67	1.47	1.25	1.78	1.18	1.31	1.56	1.73	1.51	0.78	0.72	0.97	1.81	2.65	1.49	0.78	1.19	1.54	1.53	1.7	1.36	0.94	1.34	1.77	2.28	1.3	1.34	1.45	1.88	1.6	2.53	2.14	1.32	1.61	0.86
1.0	2.0	3.0	4.0	5.0	6.0	7.0	8.0	9.0	10.0	11.0	12.0	13.0	14.0	15.0	16.0	17.0	18.0	19.0	20.0	21.0	22.0	23.0	24.0	25.0	26.0	27.0	28.0	29.0	30.0	31.0	32.0	33.0	34.0	35.0	36.0	37.0	38.0	39.0	40.0	41.0	42.0	43.0	44.0	45.0	46.0	47.0	48.0	49.0	50.0	51.0	52.0	53.0	54.0	55.0	56.0	57.0	58.0	59.0	60.0	61.0	62.0	63.0	64.0	65.0	66.0	67.0	68.0	69.0	70.0	71.0	72.0	73.0	74.0	75.0	76.0	77.0	78.0	79.0	80.0	81.0	82.0	83.0	84.0	85.0	86.0	87.0	88.0	89.0	90.0	91.0	92.0	93.0	94.0	95.0	96.0	97.0	98.0	99.0	100.0	101.0	102.0	103.0	104.0	105.0	106.0	107.0	108.0	109.0	110.0	111.0	112.0	113.0	114.0	115.0	116.0	117.0	118.0	119.0	120.0	121.0	122.0	123.0	124.0	125.0	126.0	127.0	128.0	129.0	130.0	131.0	132.0	133.0	134.0	135.0	136.0	137.0	138.0	139.0	140.0	141.0	142.0	143.0	144.0	145.0	146.0	147.0	148.0	149.0	149.0	150.0	151.0	152.0	153.0	154.0	155.0	156.0	157.0	158.0	159.0	160.0	161.0	162.0	163.0	164.0	165.0	166.0	167.0	168.0	169.0	170.0	171.0	172.0	173.0	174.0	175.0	176.0	177.0	178.0	179.0	180.0	181.0	182.0	183.0	184.0	185.0	186.0	187.0	188.0	189.0	190.0	191.0	192.0	193.0	194.0	195.0	196.0	197.0	198.0	199.0	200.0	201.0	202.0	203.0	204.0	205.0	206.0	207.0	208.0	209.0	210.0	211.0	212.0	213.0	214.0	215.0	216.0	217.0	218.0	219.0	220.0	221.0	222.0	223.0	224.0	225.0	226.0	227.0	228.0	229.0	230.0	231.0	232.0	233.0	234.0	235.0	236.0	237.0	238.0	239.0	240.0	241.0	242.0	243.0	244.0	245.0	246.0	247.0	248.0	249.0	250.0	251.0	252.0	253.0	254.0	255.0	256.0	257.0	258.0	259.0	260.0	261.0	262.0	263.0	264.0	265.0	266.0	267.0	268.0	269.0	270.0	271.0	272.0	273.0	274.0	275.0	276.0	277.0	278.0	279.0	280.0	281.0	282.0	283.0	284.0	285.0	286.0	287.0	288.0	289.0	290.0	291.0	292.0	293.0	294.0	295.0	296.0	297.0	298.0	298.0	299.0	300.0
3978.0404451493528
