4077.1611714486558	300.0	2000.0	257.61883928096995	0	0.0	4077.1611714486558	1	0	1	-2.021576511405717
4931.855648721283	1000.0	2145.3055227273726	0.0	0	0.0	4077.1611714486553	1	0	1	-0.5002908448200876
6561.953690595031	2000.0	1352.1976766662497	0.0	0	0.0	3914.1513672612805	1	0	2	0.3525426441384932
7124.86614278654	1000.0	1789.2852244747396	0.0	0	0.0	3914.1513672612805	1	0	1	-0.1212034313716579
8612.566381392118	2000.0	1152.8149620086028	0.0	0	0.0	3765.3813434007216	1	0	2	0.4138256179092666
9358.879398995676	1000.0	1406.5019444050463	0.0	0	0.0	3765.3813434007234	1	0	1	-0.06602192785495536
10081.631115544187	1000.0	1683.7502278565344	0.0	0	0.0	3765.3813434007234	1	0	1	0.8271252527049897
10634.580031496456	1000.0	2130.8013119042644	0.0	0	0.0	3765.3813434007225	1	0	1	0.8271252527049897
12198.81333559659	2000.0	1410.144677394119	0.0	0	0.0	3608.95801299071	1	0	2	0.462915850219487
13268.09198123755	1000.0	1340.8660317531574	0.0	0	0.0	3608.95801299071	1	0	1	-0.014717265030354865
14032.471793084342	1000.0	1576.486219906366	0.0	0	0.0	3608.95801299071	1	0	1	0.8784299155295905
15178.725990457626	1000.0	1430.232022533081	0.0	0	0.0	3608.958012990708	1	0	1	0.878429915529591
15862.432140282217	1000.0	1746.52587270849	0.0	0	0.0	3608.9580129907063	1	0	1	0.8784299155295916
16765.166996158503	1000.0	1843.7910168322041	0.0	0	0.0	3608.958012990708	1	0	1	0.8784299155295912
17488.076090552644	1000.0	2120.881922438065	0.0	0	0.0	3608.9580129907117	1	0	1	0.8784299155295904
19168.31708608334	1000.0	1440.6409269073645	0.0	0	0.0	3608.95801299071	1	0	1	0.8784299155295904
20199.474511026816	1000.0	1409.4835019638879	0.0	0	0.0	3608.958012990708	1	0	1	0.8784299155295907
21008.690803440615	1000.0	1600.2672095500918	0.0	0	0.0	3608.958012990708	1	0	1	0.878429915529591
21578.011765474424	1000.0	2030.9462475162827	0.0	0	0.0	3608.958012990708	1	0	1	0.878429915529591
22463.51556280593	1000.0	2145.442450184778	0.0	0	0.0	3608.958012990708	1	0	1	0.878429915529591
23156.345241758343	1000.0	2452.612771232364	0.0	0	0.0	3608.958012990708	1	0	1	0.878429915529591
25222.44984735102	2000.0	1179.8977050804144	0.0	0	0.0	3402.3475524314345	1	0	2	0.5238754060027699
25865.09928560404	1000.0	1537.2482668273958	0.0	0	0.0	3402.347552431438	1	0	1	0.04355748548171395
26557.659355437798	1000.0	1844.6881969936385	0.0	0	0.0	3402.347552431438	1	0	1	0.9367046660416591
28060.89372904848	2000.0	1341.4538233829535	0.0	0	0.0	3402.347552431438	1	0	1	0.9367046660416591
29476.88838422781	1000.0	925.4591682036271	0.0	0	0.0	3402.347552431438	1	0	1	0.24355748548171408
29975.796683779576	500.0	1426.550868651861	0.0	0	0.0	3402.347552431438	1	0	1	-0.44958969507823165
31515.093001534635	1000.0	887.2545508967995	0.0	0	0.0	3402.347552431438	1	0	1	0.24355748548171385
32270.771086680692	500.0	1131.5764657507416	0.0	0	0.0	3402.347552431438	1	0	1	-0.44958969507823165
33009.76730948339	500.0	1392.5802429480382	0.0	0	0.0	3402.347552431431	1	0	1	0.24355748548171474
34313.38148149789	1000.0	1088.9660709335328	0.0	0	0.0	3402.347552431427	1	0	1	0.24355748548171674
34806.14596470164	500.0	1596.2015877297938	0.0	0	0.0	3402.347552431438	1	0	1	-0.4495896950782307
35914.89530262433	1000.0	1487.4522498071055	0.0	0	0.0	3402.3475524314454	1	0	1	0.24355748548171216
37226.55255908198	1000.0	1175.7949933494497	0.0	0	0.0	3402.3475524314417	1	0	1	0.9367046660416584
38915.06630268545	1000.0	487.28124974597654	0.0	0	0.0	3402.3475524314345	1	0	1	0.9367046660416601
39401.36720592962	500.0	1000.980346501812	0.0	0	0.0	3402.3475524314417	1	0	1	-0.44958969507823243
40163.32015104129	1000.0	1239.027401390142	0.0	0	0.0	3402.3475524314417	1	0	1	0.24355748548171297
41479.974950887976	1000.0	922.3726015434598	0.0	0	0.0	3402.3475524314417	1	0	1	0.9367046660416584
42162.42931361734	500.0	1239.9182388140991	0.0	0	0.0	3402.3475524314417	1	0	1	-0.44958969507823243
43081.94820903072	1000.0	1320.3993434007048	0.0	0	0.0	3402.3475524314417	1	0	1	0.24355748548171297
43844.974124609216	1000.0	1557.3734278222103	0.0	0	0.0	3402.3475524314417	1	0	1	0.9367046660416584
44647.853164837405	1000.0	1754.4943875940146	0.0	0	0.0	3402.3475524314417	1	0	1	0.9367046660416584
45508.74400465482	1000.0	1893.603547776589	0.0	0	0.0	3402.3475524314417	1	0	1	0.9367046660416584
46172.702154628634	1000.0	2229.6453978027785	0.0	0	0.0	3402.3475524314417	1	0	1	0.9367046660416584
47116.22150512358	1000.0	2286.1260473078255	0.0	0	0.0	3402.3475524314417	1	0	1	0.9367046660416584
47837.17309403586	1000.0	2565.174458395544	0.0	0	0.0	3402.3475524314417	1	0	1	0.9367046660416584
48488.3846043481	1000.0	2913.9629480832996	0.0	0	0.0	3402.3475524314417	1	0	1	0.9367046660416584
50767.872372709935	2000.0	1634.4751797214685	0.0	0	0.0	3402.3475524314345	1	0	1	0.93670466604166
51864.06036418467	1000.0	1538.287188246742	0.0	0	0.0	3402.3475524314345	1	0	1	0.24355748548171494
52894.91557833854	1000.0	1507.43197409286	0.0	0	0.0	3402.347552431427	1	0	1	0.9367046660416621
53632.195589330295	1000.0	1770.1519631011076	0.0	0	0.0	3402.3475524314345	1	0	1	0.9367046660416601
54340.41795309684	1000.0	2061.929599334558	0.0	0	0.0	3402.3475524314345	1	0	1	0.9367046660416601
55082.6903204098	1000.0	2319.6572320216	0.0	0	0.0	3402.3475524314345	1	0	1	0.9367046660416601
56278.794508207546	1000.0	2123.5530442238464	0.0	0	0.0	3402.3475524314345	1	0	1	0.9367046660416601
57700.29906902072	1000.0	1702.0484834106678	0.0	0	0.0	3402.3475524314345	1	0	1	0.9367046660416601
58295.72335095118	500.0	2106.6242014802165	0.0	0	0.0	3402.3475524314345	1	0	1	-0.44958969507823077
59489.45908143788	1000.0	1912.8884709935157	0.0	0	0.0	3402.3475524314345	1	0	1	0.24355748548171471
60852.68590300473	1000.0	1549.661649426676	0.0	0	0.0	3402.3475524314345	1	0	1	0.9367046660416601
61711.5962171679	1000.0	1690.7513352635035	0.0	0	0.0	3402.3475524314345	1	0	1	0.9367046660416601
62514.1453363673	1000.0	1888.2022160640975	0.0	0	0.0	3402.3475524314345	1	0	1	0.9367046660416601
63412.03618240246	1000.0	1990.3113700289384	0.0	0	0.0	3402.3475524314345	1	0	1	0.9367046660416601
64384.915038427185	1000.0	2017.4325140042185	0.0	0	0.0	3402.3475524314345	1	0	1	0.9367046660416601
65355.09250149443	1000.0	2047.255050936979	0.0	0	0.0	3402.3475524314345	1	0	1	0.9367046660416601
66413.38148579313	1000.0	1988.96606663827	0.0	0	0.0	3402.347552431427	1	0	1	0.9367046660416618
67266.32361029575	1000.0	2136.023942135632	0.0	0	0.0	3402.3475524314053	1	0	1	0.9367046660416656
68854.72920137532	1000.0	1547.6183510560643	0.0	0	0.0	3402.3475524314126	1	0	1	0.9367046660416669
69995.29979393249	1000.0	1407.0477584989117	0.0	0	0.0	3402.3475524314126	1	0	1	0.9367046660416658
70644.06684416028	1000.0	1758.280708271121	0.0	0	0.0	3402.3475524314126	1	0	1	0.9367046660416658
71268.79462491727	1000.0	2133.552927514132	0.0	0	0.0	3402.3475524314126	1	0	1	0.9367046660416658
72155.17984337376	1000.0	2247.1677090576486	0.0	0	0.0	3402.3475524314126	1	0	1	0.9367046660416658
73503.48668706398	1000.0	1898.8608653674278	0.0	0	0.0	3402.347552431427	1	0	1	0.9367046660416621
74625.54171984884	1000.0	1776.8058325825739	0.0	0	0.0	3402.347552431427	1	0	1	0.9367046660416621
75857.61614349854	1000.0	1544.7314089328856	0.0	0	0.0	3402.3475524314417	1	0	1	0.9367046660416584
76835.31099156501	1000.0	1567.0365608664	0.0	0	0.0	3402.3475524314417	1	0	1	0.9367046660416584
78133.15270996178	1000.0	1269.1948424696202	0.0	0	0.0	3402.3475524314417	1	0	1	0.9367046660416584
79174.22688201355	1000.0	1228.1206704178492	0.0	0	0.0	3402.3475524314563	1	0	1	0.9367046660416545
80732.6499321297	1000.0	669.6976203016867	0.0	0	0.0	3402.3475524314563	1	0	1	0.9367046660416545
81401.97684796997	500.0	1000.3707044614378	0.0	0	0.0	3402.3475524314563	1	0	1	-0.4495896950782363
81817.77921834074	500.0	1584.5683340906694	0.0	0	0.0	3402.3475524314563	1	0	1	0.24355748548170905
82524.18747266746	1000.0	1878.1600797639533	0.0	0	0.0	3402.3475524314563	1	0	1	0.24355748548170908
83285.49648891926	1000.0	2116.851063512143	0.0	0	0.0	3402.3475524314417	1	0	1	0.9367046660416584
84691.83157314055	2000.0	1710.5159792908623	0.0	0	0.0	3402.3475524314417	1	0	1	0.9367046660416583
85508.19488133599	1000.0	1894.1526710954238	0.0	0	0.0	3402.3475524314563	1	0	1	0.2435574854817093
86713.30622915832	1000.0	1689.0413232731023	0.0	0	0.0	3402.3475524314563	1	0	1	0.9367046660416545
87619.17533165822	1000.0	1783.1722207731984	0.0	0	0.0	3402.3475524314563	1	0	1	0.9367046660416545
88522.0656793584	1000.0	1880.2818730730207	0.0	0	0.0	3402.3475524314563	1	0	1	0.9367046660416545
89166.75227166485	1000.0	2235.5952807665662	0.0	0	0.0	3402.3475524314563	1	0	1	0.9367046660416545
89671.69728384826	1000.0	2730.6502685831647	0.0	0	0.0	3402.3475524314563	1	0	1	0.9367046660416545
90609.98317667689	2000.0	2792.3643757545365	0.0	0	0.0	3402.3475524314563	1	0	1	0.9367046660416545
91524.53619257087	2000.0	2877.8113598605532	0.0	0	0.0	3402.3475524314563	1	0	1	1.6298518466015997
92438.80619102181	2000.0	2963.541361409603	0.0	0	0.0	3402.3475524314563	1	0	1	1.6298518466015997
93488.06469156088	2000.0	2914.282860870544	0.0	0	0.0	3402.3475524314563	1	0	1	1.6298518466015997
96095.4804289174	2000.0	1306.8671235140116	0.0	0	0.0	3402.3475524314563	1	0	1	1.6298518466015997
97109.8058143237	1000.0	1292.5417381077214	0.0	0	0.0	3402.3475524314563	1	0	1	0.2435574854817093
98498.24813487541	1000.0	904.0994175560229	0.0	0	0.0	3402.3475524314563	1	0	1	0.9367046660416545
98985.35011314963	500.0	1416.9974392818017	0.0	0	0.0	3402.3475524314563	1	0	1	-0.4495896950782363
99738.0987975446	1000.0	1664.2487548868107	0.0	0	0.0	3402.3475524314417	1	0	1	0.24355748548171297
100526.8339577547	1000.0	1875.5135946767186	0.0	0	0.0	3402.3475524314417	1	0	1	0.9367046660416584
101347.93711804006	2000.0	1972.3001183628096	0.0	0	0.0	3320.2372364028997	1	0	2	0.5518420554402779
102785.88613110926	2000.0	1534.3511052935964	0.0	0	0.0	3320.237236402885	1	0	1	1.4502979847827704
103654.25431394411	1000.0	1665.9829224587481	0.0	0	0.0	3320.237236402885	1	0	1	0.2640036236628803
104956.50982803266	1000.0	1363.7274083701882	0.0	0	0.0	3320.237236402885	1	0	1	0.9571508042228255
105874.7541107358	1000.0	1445.4831256670536	0.0	0	0.0	3320.237236402885	1	0	1	0.9571508042228255
106595.86905424549	1000.0	1724.3681821573782	0.0	0	0.0	3320.237236402885	1	0	1	0.9571508042228255
107364.75540154136	1000.0	1955.4818348614972	0.0	0	0.0	3320.2372364028706	1	0	1	0.9571508042228292
108491.65892180764	1000.0	1828.5783145952205	0.0	0	0.0	3320.2372364028706	1	0	1	0.9571508042228292
109379.46160108972	1000.0	1940.7756353131451	0.0	0	0.0	3320.2372364028706	1	0	1	0.9571508042228292
110535.6207669448	1000.0	1784.6164694580523	0.0	0	0.0	3320.2372364028706	1	0	1	0.9571508042228292
111283.37850108187	1000.0	2036.8587353209787	0.0	0	0.0	3320.2372364028706	1	0	1	0.9571508042228292
112365.90824681935	1000.0	1954.3289895834992	0.0	0	0.0	3320.237236402856	1	0	1	0.9571508042228326
113056.36825591643	1000.0	2263.868980486422	0.0	0	0.0	3320.2372364028415	1	0	1	0.957150804222836
114183.62439818149	1000.0	2136.61283822134	0.0	0	0.0	3320.2372364028415	1	0	1	0.957150804222836
115335.26115976235	1000.0	1984.9760766404765	0.0	0	0.0	3320.2372364028415	1	0	1	0.957150804222836
115952.69448984464	1000.0	2367.542746558183	0.0	0	0.0	3320.2372364028415	1	0	1	0.957150804222836
117736.07547759332	2000.0	1584.1617588094991	0.0	0	0.0	3320.2372364028415	1	0	1	0.957150804222836
118699.40624407408	1000.0	1620.8309923287284	0.0	0	0.0	3320.2372364028415	1	0	1	0.2640036236628909
119604.87398246248	1000.0	1715.3632539403286	0.0	0	0.0	3320.2372364028415	1	0	1	0.957150804222836
120546.86804886277	1000.0	1773.3691875400239	0.0	0	0.0	3320.2372364028415	1	0	1	0.957150804222836
121631.45994907731	1000.0	1688.7772873254946	0.0	0	0.0	3320.2372364028415	1	0	1	0.957150804222836
122972.92749326467	1000.0	1347.3097431381425	0.0	0	0.0	3320.2372364028415	1	0	1	0.957150804222836
124070.65140053087	1000.0	1249.5858358719486	0.0	0	0.0	3320.2372364028415	1	0	1	0.957150804222836
124944.34506548122	1000.0	1375.8921709216083	0.0	0	0.0	3320.2372364028415	1	0	1	0.957150804222836
126062.6990226449	1000.0	1257.5382137579154	0.0	0	0.0	3320.2372364028415	1	0	1	0.957150804222836
127250.93516334402	1000.0	1069.3020730588075	0.0	0	0.0	3320.2372364028415	1	0	1	0.957150804222836
128371.2393753492	1000.0	948.9978610536256	0.0	0	0.0	3320.2372364028415	1	0	1	0.957150804222836
128776.54815931588	500.0	1543.6890770869588	0.0	0	0.0	3320.2372364028415	1	0	1	-0.42914355689705475
129913.48568744083	1000.0	1406.751548962004	0.0	0	0.0	3320.2372364028415	1	0	1	0.26400362366289065
130800.7100877252	1000.0	1519.5271486776344	0.0	0	0.0	3320.2372364028415	1	0	1	0.957150804222836
132072.63789856384	1000.0	1247.599337838964	0.0	0	0.0	3320.2372364028124	1	0	1	0.9571508042228409
133252.87038945922	1000.0	1067.3668469436088	0.0	0	0.0	3320.237236402827	1	0	1	0.9571508042228396
133652.0718550747	500.0	1668.1653813281441	0.0	0	0.0	3320.237236402856	1	0	1	-0.4291435568970562
134422.36376062638	1000.0	1897.8734757764717	0.0	0	0.0	3320.2372364028706	1	0	1	0.26400362366288366
135396.05602114063	1000.0	1924.1812152622158	0.0	0	0.0	3320.2372364028706	1	0	1	0.9571508042228292
136668.41308031976	1000.0	1651.8241560830643	0.0	0	0.0	3320.2372364028415	1	0	1	0.957150804222836
137877.75682797062	1000.0	1442.480408432221	0.0	0	0.0	3320.2372364028415	1	0	1	0.957150804222836
138608.71630652883	1000.0	1711.5209298739928	0.0	0	0.0	3320.2372364028415	1	0	1	0.957150804222836
139699.48746381977	1000.0	1620.7497725830262	0.0	0	0.0	3320.2372364028124	1	0	1	0.9571508042228429
140412.5954500264	1000.0	1907.6417863763927	0.0	0	0.0	3320.2372364028124	1	0	1	0.9571508042228429
141435.0594951193	1000.0	1885.1777412834763	0.0	0	0.0	3320.2372364028415	1	0	1	0.957150804222836
142323.5488363566	1000.0	1996.688400046156	0.0	0	0.0	3320.2372364028415	1	0	1	0.957150804222836
143456.36280326106	1000.0	1863.8744331417108	0.0	0	0.0	3320.2372364028415	1	0	1	0.957150804222836
144769.8114734715	1000.0	1550.4257629312965	0.0	0	0.0	3320.2372364028415	1	0	1	0.957150804222836
145686.68042215376	1000.0	1633.5568142490272	0.0	0	0.0	3320.2372364028415	1	0	1	0.957150804222836
146336.22851544298	1000.0	1984.0087209598034	0.0	0	0.0	3320.2372364028706	1	0	1	0.9571508042228292
146967.84018703876	1000.0	2352.397049364025	0.0	0	0.0	3320.2372364028706	1	0	1	0.9571508042228292
148004.10062137112	2000.0	2316.1366150316694	0.0	0	0.0	3320.2372364028706	1	0	1	0.957150804222829
150134.26333675726	2000.0	1185.9738996455617	0.0	0	0.0	3320.2372364028706	1	0	1	1.6502979847827741
150877.13096696298	1000.0	1443.1062694398304	0.0	0	0.0	3320.2372364028706	1	0	1	0.2640036236628839
151811.33431217103	1000.0	1508.9029242317745	0.0	0	0.0	3320.2372364028706	1	0	1	0.9571508042228292
152665.4794981399	1000.0	1654.7577382628965	0.0	0	0.0	3320.2372364028706	1	0	1	0.9571508042228292
153601.21891531616	1000.0	1719.0183210866342	0.0	0	0.0	3320.2372364028415	1	0	1	0.9571508042228318
154501.17166728692	1000.0	1819.065569115885	0.0	0	0.0	3320.2372364028706	1	0	1	0.9571508042228347
155673.3691016567	1000.0	1646.8681347461197	0.0	0	0.0	3320.2372364028706	1	0	1	0.9571508042228292
156342.23824246903	1000.0	1977.9989939337706	0.0	0	0.0	3320.2372364028706	1	0	1	0.9571508042228292
157078.75892403015	1000.0	2241.4783123726556	0.0	0	0.0	3320.2372364028706	1	0	1	0.9571508042228292
158574.13088229435	2000.0	1746.1063541084463	0.0	0	0.0	3320.2372364028706	1	0	1	0.957150804222829
159115.6326533177	1000.0	2204.604583085107	0.0	0	0.0	3320.2372364028415	1	0	1	0.2640036236628909
160341.26877844625	2000.0	1978.9684579565765	0.0	0	0.0	3320.2372364028415	1	0	1	0.957150804222836
162722.61041133094	2000.0	359.49266178343674	0.0	0	0.0	3082.1030731143837	1	0	2	1.2892273559642273
163097.3949565504	500.0	984.7081165640025	0.0	0	0.0	3082.1030731143837	1	0	1	-1.2706818926260577
164167.44688195107	1000.0	914.6561911632919	0.0	0	0.0	3082.1030731143837	1	0	1	0.3156124684938332
165140.744461268	1000.0	941.3586118463144	0.0	0	0.0	3082.1030731143837	1	0	1	1.0087596490537785
165762.80934814358	1000.0	1319.293724970735	0.0	0	0.0	3082.1030731143837	1	0	1	1.0087596490537785
166419.58768171637	1000.0	1662.5153913979282	0.0	0	0.0	3082.1030731143837	1	0	1	1.0087596490537785
168057.82629417526	1000.0	1024.2767789390773	0.0	0	0.0	3082.1030731143837	1	0	1	1.0087596490537785
168575.87402876344	500.0	1506.229044350927	0.0	0	0.0	3082.1030731143837	1	0	1	-0.3775347120661121
169485.16821871288	1000.0	1596.9348544015118	0.0	0	0.0	3082.1030731143837	1	0	1	0.3156124684938332
170075.05212698306	1000.0	2007.0509461313243	0.0	0	0.0	3082.1030731143837	1	0	1	1.0087596490537785
171316.31587820692	2000.0	1765.787194907473	0.0	0	0.0	3082.1030731143837	1	0	1	1.0087596490537787
172253.41998054922	1000.0	1828.6830925651777	0.0	0	0.0	3082.103073114413	1	0	1	0.31561246849382785
173299.61624034244	1000.0	1782.4868327719619	0.0	0	0.0	3082.1030731143837	1	0	1	1.0087596490537785
174272.81368013736	1000.0	1809.2893929770225	0.0	0	0.0	3082.103073114413	1	0	1	1.008759649053773
175003.62273511637	1000.0	2078.4803379980153	0.0	0	0.0	3082.103073114413	1	0	1	1.008759649053773
176071.3464500327	2000.0	2010.756623081695	0.0	0	0.0	3082.103073114442	1	0	1	1.0087596490537671
178209.95076224013	2000.0	872.1523108742728	0.0	0	0.0	3082.103073114413	1	0	1	1.7019068296137179
179450.40672728125	1000.0	631.6963458331431	0.0	0	0.0	3082.103073114413	1	0	1	0.31561246849382785
180203.37126547817	500.0	878.7318076362358	0.0	0	0.0	3082.103073114413	1	0	1	-0.3775347120661178
181760.74183955748	1000.0	321.36123355689153	0.0	0	0.0	3082.103073114413	1	0	1	0.3156124684938276
182455.76525451377	500.0	653.0755725470278	26.737753946417854	0	0.0	3108.840827060805	1	0	1	-0.5432269121784598
183203.3235767342	500.0	905.5172503265758	0.0	0	0.0	3108.840827060805	1	0	1	0.310346792059993
183738.89299915475	500.0	1369.9478279060231	0.0	0	0.0	3108.840827060805	1	0	1	0.310346792059993
184579.30110241994	1000.0	1529.5397246408672	0.0	0	0.0	3108.840827060805	1	0	1	0.3103467920599931
185637.85902153226	1000.0	1470.9818055285552	0.0	0	0.0	3108.840827060805	1	0	1	1.0034939726199386
186630.8093243169	1000.0	1478.031502743877	0.0	0	0.0	3108.840827060805	1	0	1	1.0034939726199386
187953.21660651724	1000.0	1155.6242205435733	0.0	0	0.0	3108.840827060805	1	0	1	1.0034939726199386
188834.18205148462	1000.0	1274.6587755762093	0.0	0	0.0	3108.840827060805	1	0	1	1.0034939726199386
189488.28062750355	1000.0	1620.5601995572613	0.0	0	0.0	3108.840827060805	1	0	1	1.0034939726199386
190347.9340853733	1000.0	1760.906741687507	0.0	0	0.0	3108.8408270608343	1	0	1	1.0034939726199328
191390.20258599738	1000.0	1718.638241063406	0.0	0	0.0	3108.8408270608343	1	0	1	1.0034939726199328
192289.0474427848	1000.0	1819.7933842760085	0.0	0	0.0	3108.8408270608634	1	0	1	1.0034939726199268
192965.78358844013	1000.0	2143.0572386206727	0.0	0	0.0	3108.8408270608925	1	0	1	1.003493972619921
194516.19044766627	2000.0	1592.650379394531	0.0	0	0.0	3108.8408270608925	1	0	1	1.003493972619921
195298.3295877557	1000.0	1810.511239305105	0.0	0	0.0	3108.8408270608925	1	0	1	0.31034679205997584
196485.19178538298	1000.0	1623.6490416777976	0.0	0	0.0	3108.8408270608634	1	0	1	1.0034939726199268
197217.35339898922	1000.0	1891.4874280715694	0.0	0	0.0	3108.8408270608343	1	0	1	1.0034939726199328
198544.94716130587	1000.0	1563.8936657549434	0.0	0	0.0	3108.8408270608343	1	0	1	1.0034939726199372
200062.3767331839	1000.0	1046.4640938768919	0.0	0	0.0	3108.8408270608343	1	0	1	1.0034939726199315
200985.30195377994	1000.0	1123.538873280856	0.0	0	0.0	3108.8408270608343	1	0	1	1.0034939726199328
202116.6328646536	1000.0	992.2079624071832	0.0	0	0.0	3108.8408270608634	1	0	1	1.0034939726199268
202960.14071738345	1000.0	1148.7001096773158	0.0	0	0.0	3108.8408270608925	1	0	1	1.003493972619921
203769.42070779388	1000.0	1339.4201192668918	0.0	0	0.0	3108.8408270609216	1	0	1	1.0034939726199177
205068.760454252	1000.0	1040.080372808758	0.0	0	0.0	3108.8408270608925	1	0	1	1.00349397261992
206099.75415408664	1000.0	1009.0866729741383	0.0	0	0.0	3108.8408270608925	1	0	1	1.003493972619921
206899.91875533544	500.0	1208.9220717253338	0.0	0	0.0	3108.8408270609216	1	0	1	-0.38280038849997566
208216.04084196067	1000.0	892.7999851001323	0.0	0	0.0	3108.8408270609216	1	0	1	0.3103467920599698
209366.79602690216	1000.0	742.044800158661	0.0	0	0.0	3108.8408270608925	1	0	1	1.003493972619921
209966.7028714111	500.0	1142.1379556497072	0.0	0	0.0	3108.8408270608925	1	0	1	-0.3828003884999698
211025.05156333567	1000.0	1083.7892637251748	0.0	0	0.0	3108.8408270608925	1	0	1	0.3103467920599756
211785.26439881104	1000.0	1323.5764282497878	0.0	0	0.0	3108.8408270609216	1	0	1	1.0034939726199152
212820.99490861013	1000.0	1287.8459184507285	0.0	0	0.0	3108.8408270609216	1	0	1	1.0034939726199152
213688.35892989594	1000.0	1420.481897164939	0.0	0	0.0	3108.8408270609216	1	0	1	1.0034939726199152
214753.30242225758	1000.0	1355.5384048033259	0.0	0	0.0	3108.8408270609216	1	0	1	1.0034939726199152
215633.1958511138	1000.0	1475.6449759471036	0.0	0	0.0	3108.8408270609507	1	0	1	1.0034939726199095
216280.60048256957	1000.0	1828.24034449132	0.0	0	0.0	3108.8408270609216	1	0	1	1.0034939726199152
217606.08591707927	1000.0	1502.7549099815976	0.0	0	0.0	3108.8408270609216	1	0	1	1.003493972619912
218527.0566440177	1000.0	1581.7841830431507	0.0	0	0.0	3108.8408270609507	1	0	1	1.0034939726199141
219548.60852708298	1000.0	1560.2322999778653	0.0	0	0.0	3108.8408270609507	1	0	1	1.0034939726199095
220428.76782839533	1000.0	1680.0729986655112	0.0	0	0.0	3108.8408270609507	1	0	1	1.0034939726199095
222300.82750874214	1000.0	808.0133183187086	0.0	0	0.0	3108.8408270609216	1	0	1	1.0034939726199152
223055.83686104423	500.0	1053.003966016618	0.0	0	0.0	3108.8408270609507	1	0	1	-0.38280038849998144
224250.30031829106	1000.0	858.5405087697843	0.0	0	0.0	3108.8408270609507	1	0	1	0.31034679205996407
224690.36394191082	500.0	1418.4768851500257	0.0	0	0.0	3108.8408270609507	1	0	1	-0.38280038849998144
225906.22537581887	1000.0	1202.6154512419753	0.0	0	0.0	3108.8408270609216	1	0	1	0.3103467920599698
226975.35683067763	1000.0	1133.483996383231	0.0	0	0.0	3108.8408270609216	1	0	1	1.0034939726199152
228033.3537169962	1000.0	1075.48711006464	0.0	0	0.0	3108.8408270609216	1	0	1	1.0034939726199152
228947.84481382548	1000.0	1160.996013235394	0.0	0	0.0	3108.8408270609216	1	0	1	1.0034939726199152
229626.3914954628	500.0	1482.4493315980656	0.0	0	0.0	3108.8408270609216	1	0	1	-0.38280038849997566
230737.45947635535	1000.0	1371.3813507055543	0.0	0	0.0	3108.8408270609216	1	0	1	0.3103467920599698
231438.00075989953	1000.0	1670.8400671613392	0.0	0	0.0	3108.8408270608925	1	0	1	1.003493972619921
232137.2397730453	1000.0	1971.6010540155576	0.0	0	0.0	3108.8408270608925	1	0	1	1.003493972619921
233515.77997542507	2000.0	1593.0608516357736	0.0	0	0.0	3108.8408270608925	1	0	1	1.003493972619921
234074.46547689615	1000.0	2034.3753501647002	0.0	0	0.0	3108.8408270608925	1	0	1	0.31034679205997584
236284.66722470417	2000.0	824.1736023566614	0.0	0	0.0	3108.8408270608925	1	0	1	1.003493972619921
236666.12759364882	500.0	1442.713233412014	0.0	0	0.0	3108.8408270608925	1	0	1	-1.075947569059915
237701.7730868413	1000.0	1407.0677402194913	0.0	0	0.0	3108.8408270608925	1	0	1	0.3103467920599756
238287.8607320096	1000.0	1820.9800950511762	0.0	0	0.0	3108.8408270608925	1	0	1	1.003493972619921
238814.44084528412	1000.0	2294.3999817767	0.0	0	0.0	3108.8408270608925	1	0	1	1.003493972619921
239895.34274289804	2000.0	2213.4980841627885	0.0	0	0.0	3108.8408270608925	1	0	1	1.003493972619921
241050.2936906972	2000.0	2058.547136363596	0.0	0	0.0	3108.8408270608634	1	0	1	1.696641153179872
241985.84741896694	2000.0	2122.9934080938774	0.0	0	0.0	3108.8408270608634	1	0	1	1.696641153179872
244603.12630925467	2000.0	505.71451780618816	0.0	0	0.0	3108.8408270609216	1	0	1	1.6966411531798626
244992.1693464536	500.0	1116.6714806072555	0.0	0	0.0	3108.8408270609216	1	0	1	-1.0759475690599207
246689.9857985999	1000.0	418.8550284609489	0.0	0	0.0	3108.8408270608925	1	0	1	0.31034679205997096
247425.95706965728	500.0	682.883757403577	0.0	0	0.0	3108.8408270608925	1	0	1	-0.3828003884999698
247971.4290519653	500.0	1137.4117750955274	0.0	0	0.0	3108.8408270608634	1	0	1	0.3103467920599814
248944.80598141064	1000.0	1164.0348456501854	0.0	0	0.0	3108.8408270608634	1	0	1	0.31034679205998145
249556.5788479088	1000.0	1552.261979152036	0.0	0	0.0	3108.8408270608634	1	0	1	1.0034939726199268
251039.70175043985	2000.0	1069.139076620964	0.0	0	0.0	3108.8408270608925	1	0	1	1.003493972619921
251834.20339749104	1000.0	1274.6374295697228	0.0	0	0.0	3108.8408270608343	1	0	1	0.31034679205998633
252786.29063265707	1000.0	1322.5501944037103	0.0	0	0.0	3108.8408270608343	1	0	1	1.0034939726199328
253979.26811572586	1000.0	1129.5727113349258	0.0	0	0.0	3108.8408270608343	1	0	1	1.0034939726199328
254941.57899149286	1000.0	1167.261835567925	0.0	0	0.0	3108.8408270608343	1	0	1	1.0034939726199328
255649.85022448134	1000.0	1458.9906025794185	0.0	0	0.0	3108.840827060805	1	0	1	1.003493972619935
256425.1250645426	1000.0	1683.7157625181776	0.0	0	0.0	3108.840827060805	1	0	1	1.0034939726199386
257501.02774699032	1000.0	1607.8130800704832	0.0	0	0.0	3108.840827060776	1	0	1	1.0034939726199397
258577.37934734253	1000.0	1531.4614797182494	0.0	0	0.0	3108.840827060747	1	0	1	1.00349397261995
259533.24988882916	1000.0	1575.5909382315947	0.0	0	0.0	3108.840827060747	1	0	1	1.00349397261995
260768.47081796132	1000.0	1340.3700090994446	0.0	0	0.0	3108.840827060747	1	0	1	1.00349397261995
261535.4173122951	1000.0	1573.4235147656618	0.0	0	0.0	3108.840827060718	1	0	1	1.0034939726199512
262453.7946714471	1000.0	1655.0461556136772	0.0	0	0.0	3108.840827060718	1	0	1	1.0034939726199545
263304.66164912836	1000.0	1804.1791779323726	0.0	0	0.0	3108.8408270606888	1	0	1	1.0034939726199605
264576.51859931106	1000.0	1532.3222277496193	0.0	0	0.0	3108.8408270606014	1	0	1	1.0034939726199685
265376.47226768936	1000.0	1732.3685593713212	0.0	0	0.0	3108.8408270605723	1	0	1	1.0034939726199825
266408.7693853438	1000.0	1700.0714417168656	0.0	0	0.0	3108.8408270605723	1	0	1	1.0034939726199847
267103.6833815901	1000.0	2005.1574454705565	0.0	0	0.0	3108.8408270606305	1	0	1	1.0034939726199732
268078.04001435696	1000.0	2030.8008127037006	0.0	0	0.0	3108.8408270606305	1	0	1	1.0034939726199732
268638.0806685197	1000.0	2470.7601585409675	0.0	0	0.0	3108.8408270606305	1	0	1	1.0034939726199732
269929.60286396905	2000.0	2179.2379630916485	0.0	0	0.0	3108.8408270605723	1	0	1	1.0034939726199847
271080.35777066136	1000.0	2028.4830563992973	0.0	0	0.0	3108.8408270605723	1	0	1	0.3103467920600397
272100.9655893198	1000.0	2007.8752377408614	0.0	0	0.0	3108.8408270605723	1	0	1	1.0034939726199847
272977.4637288453	1000.0	2131.3770982154024	0.0	0	0.0	3108.8408270605723	1	0	1	1.0034939726199847
273937.0631098225	1000.0	2171.7777172381993	0.0	0	0.0	3108.8408270606305	1	0	1	1.0034939726199754
275242.8325785391	1000.0	1866.0082485216544	0.0	0	0.0	3108.8408270606305	1	0	1	1.0034939726199732
276074.07381636254	1000.0	2034.767010698229	0.0	0	0.0	3108.8408270606305	1	0	1	1.0034939726199732
277035.30814269	1000.0	2073.53268437079	0.0	0	0.0	3108.8408270606305	1	0	1	1.0034939726199732
277987.5698902381	1000.0	2121.2709368226692	0.0	0	0.0	3108.8408270605723	1	0	1	1.0034939726199847
279026.53536750074	1000.0	2082.3054595600515	0.0	0	0.0	3108.8408270605723	1	0	1	1.0034939726199847
279688.97123612027	1000.0	2419.869590940537	0.0	0	0.0	3108.8408270605723	1	0	1	1.0034939726199847
281407.3846922345	2000.0	1701.4561348262291	0.0	0	0.0	3108.840827060514	1	0	1	1.0034939726199965
282353.63470020733	1000.0	1755.2061268534212	0.0	0	0.0	3108.840827060514	1	0	1	0.31034679206005134
283131.31712079636	1000.0	1977.5237062644312	0.0	0	0.0	3108.840827060514	1	0	1	1.0034939726199965
284081.031797269	1000.0	2027.809029791849	0.0	0	0.0	3108.840827060514	1	0	1	1.0034939726199965
285373.0595975874	1000.0	1735.7812294734922	0.0	0	0.0	3108.840827060514	1	0	1	1.0034939726199965
286659.7441899625	1000.0	1449.0966370983463	0.0	0	0.0	3108.840827060514	1	0	1	1.0034939726199896
287416.2590310889	1000.0	1692.5817959719666	0.0	0	0.0	3108.840827060514	1	0	1	1.0034939726199965
288224.7116396249	1000.0	1884.1291874359063	0.0	0	0.0	3108.840827060514	1	0	1	1.0034939726199965
289002.32542327803	1000.0	2106.5154037827806	0.0	0	0.0	3108.8408270605723	1	0	1	1.0034939726199847
289860.56975107297	1000.0	2248.2710759878346	0.0	0	0.0	3108.8408270605723	1	0	1	1.0034939726199847
290690.5824290316	1000.0	2418.2583980291733	0.0	0	0.0	3108.8408270606305	1	0	1	1.0034939726199779
291928.7374842548	1000.0	2180.1033428059254	0.0	0	0.0	3108.8408270605723	1	0	1	1.0034939726199847
292713.73763471586	1000.0	2395.103192344861	0.0	0	0.0	3108.840827060514	1	0	1	1.0034939726199896
293899.11169187	1000.0	2209.7291351906592	0.0	0	0.0	3108.840827060514	1	0	1	1.0034939726199965
294721.1695576053	1000.0	2387.6712694554203	0.0	0	0.0	3108.8408270606305	1	0	1	1.0034939726199779
295691.6845763574	1000.0	2417.156250703317	0.0	0	0.0	3108.8408270606305	1	0	1	1.0034939726199732
296696.72077482875	2000.0	2412.120052231929	0.0	0	0.0	3108.8408270605723	1	0	1	1.0034939726199847
298530.12786897493	2000.0	1578.7129580857572	0.0	0	0.0	3108.8408270606305	1	0	1	1.6966411531799253
299239.0984183554	1000.0	1869.7424087052652	0.0	0	0.0	3108.8408270606305	1	0	1	0.310346792060028
300888.41563629615	2000.0	1220.4251907644682	0.0	0	0.0	3108.840827060514	1	0	1	1.0034939726199894
301748.7682179083	1000.0	1360.0726091522986	0.0	0	0.0	3108.840827060456	1	0	1	0.3103467920600629
1.15	1.42	1.07	1.41	1.88	1.77	1.46	1.65	1.1	1.04	1.18	1.11	1.18	1.47	0.68	0.92	1.41	1.58	1.23	1.38	1.04	1.38	1.92	1.54	1.56	0.43	0.81	0.94	0.75	0.89	0.93	1.11	1.22	0.85	0.78	0.9	1.18	0.93	0.95	1.44	1.67	1.41	1.22	0.97	1.23	0.76	0.72	1.05	1.45	1.05	1.38	0.98	1.0	0.87	0.72	1.02	0.78	0.94	1.26	1.09	1.36	1.17	1.0	1.27	0.67	1.0	1.34	1.39	0.88	0.5	0.79	1.05	1.02	0.93	1.17	1.08	0.67	0.68	1.29	1.83	1.34	1.42	1.04	1.1	1.17	1.4	1.68	2.13	2.18	1.92	0.54	0.82	1.03	0.75	0.67	1.23	1.49	1.98	1.3	1.42	0.83	0.82	1.66	1.03	1.08	1.01	0.98	1.05	1.17	1.15	1.1	0.53	1.54	1.26	1.19	1.4	1.32	1.14	1.08	0.96	1.17	1.0	0.98	1.07	1.02	1.11	1.14	1.27	0.83	0.86	1.18	1.1	0.8	1.02	1.09	1.16	1.33	1.16	1.09	1.08	0.8	1.22	1.25	1.82	1.56	0.8	1.82	1.76	0.89	0.65	1.15	1.42	1.07	1.41	1.88	1.77	1.46	1.65	1.1	1.04	1.18	1.11	1.18	1.47	0.68	0.92	1.41	1.58	1.23	1.38	1.04	1.38	1.92	1.54	1.56	0.43	0.81	0.94	0.75	0.89	0.93	1.11	1.22	0.85	0.78	0.9	1.18	0.93	0.95	1.44	1.67	1.41	1.22	0.97	1.23	0.76	0.72	1.05	1.45	1.05	1.38	0.98	1.0	0.87	0.72	1.02	0.78	0.94	1.26	1.09	1.36	1.17	1.0	1.27	0.67	1.0	1.34	1.39	0.88	0.5	0.79	1.05	1.02	0.93	1.17	1.08	0.67	0.68	1.29	1.83	1.34	1.42	1.04	1.1	1.17	1.4	1.68	2.13	2.18	1.92	0.54	0.82	1.03	0.75	0.67	1.23	1.49	1.98	1.3	1.42	0.83	0.82	1.66	1.03	1.08	1.01	0.98	1.05	1.17	1.15	1.1	0.53	1.54	1.26	1.19	1.4	1.32	1.14	1.08	0.96	1.17	1.0	0.98	1.07	1.02	1.11	1.14	1.27	0.83	0.86	1.18	1.1	0.8	1.02	1.09	1.16	1.33	1.16	1.09	1.08	0.8	1.22	1.25	1.82	1.56	0.8	1.82	1.76	0.89	0.65	1.15	1.42
1.0	2.0	3.0	4.0	5.0	6.0	7.0	8.0	9.0	10.0	11.0	12.0	13.0	14.0	15.0	16.0	17.0	18.0	19.0	20.0	21.0	22.0	23.0	24.0	25.0	26.0	27.0	28.0	29.0	30.0	31.0	32.0	33.0	34.0	35.0	36.0	37.0	38.0	39.0	40.0	41.0	42.0	43.0	44.0	45.0	46.0	47.0	48.0	49.0	50.0	51.0	52.0	53.0	54.0	55.0	56.0	57.0	58.0	59.0	60.0	61.0	62.0	63.0	64.0	65.0	66.0	67.0	68.0	69.0	70.0	71.0	72.0	73.0	74.0	75.0	76.0	77.0	78.0	79.0	80.0	81.0	82.0	83.0	84.0	85.0	86.0	87.0	88.0	89.0	90.0	91.0	92.0	93.0	94.0	95.0	96.0	97.0	98.0	99.0	100.0	101.0	102.0	103.0	104.0	105.0	106.0	107.0	108.0	109.0	110.0	111.0	112.0	113.0	114.0	115.0	116.0	117.0	118.0	119.0	120.0	121.0	122.0	123.0	124.0	125.0	126.0	127.0	128.0	129.0	130.0	131.0	132.0	133.0	134.0	135.0	136.0	137.0	138.0	139.0	140.0	141.0	142.0	143.0	144.0	145.0	146.0	147.0	148.0	149.0	149.0	150.0	151.0	152.0	153.0	154.0	155.0	156.0	157.0	158.0	159.0	160.0	161.0	162.0	163.0	164.0	165.0	166.0	167.0	168.0	169.0	170.0	171.0	172.0	173.0	174.0	175.0	176.0	177.0	178.0	179.0	180.0	181.0	182.0	183.0	184.0	185.0	186.0	187.0	188.0	189.0	190.0	191.0	192.0	193.0	194.0	195.0	196.0	197.0	198.0	199.0	200.0	201.0	202.0	203.0	204.0	205.0	206.0	207.0	208.0	209.0	210.0	211.0	212.0	213.0	214.0	215.0	216.0	217.0	218.0	219.0	220.0	221.0	222.0	223.0	224.0	225.0	226.0	227.0	228.0	229.0	230.0	231.0	232.0	233.0	234.0	235.0	236.0	237.0	238.0	239.0	240.0	241.0	242.0	243.0	244.0	245.0	246.0	247.0	248.0	249.0	250.0	251.0	252.0	253.0	254.0	255.0	256.0	257.0	258.0	259.0	260.0	261.0	262.0	263.0	264.0	265.0	266.0	267.0	268.0	269.0	270.0	271.0	272.0	273.0	274.0	275.0	276.0	277.0	278.0	279.0	280.0	281.0	282.0	283.0	284.0	285.0	286.0	287.0	288.0	289.0	290.0	291.0	292.0	293.0	294.0	295.0	296.0	297.0	298.0	298.0	299.0	300.0
3464.7274160701763
