4723.698912675378	300.0	2000.0	113.22327705710362	0	0.0	4723.698912675378	1	0	1	-1.5290622427233427
5431.785745350721	2000.0	2221.104484057122	0.0	0	0.0	4652.890229407843	1	0	2	-1.2270636822919592
6235.205139142094	3000.0	2337.3431508866124	0.0	0	0.0	4572.548290028706	1	0	2	0.9199805251621626
7172.006330961363	3000.0	2306.861839885416	0.0	0	0.0	4478.86817084678	1	0	2	1.3784398762983487
8545.807962919695	3000.0	1795.6800447312526	0.0	0	0.0	4341.488007650949	1	0	2	1.4495851453544086
9596.537874171088	2000.0	1639.8771423547182	0.0	0	0.0	4236.415016525808	1	0	2	0.7041918141355878
10753.305698044005	2000.0	1367.4325360945088	0.0	0	0.0	4120.7382341385155	1	0	2	1.1647477631424008
11603.817671159255	2000.0	1431.8693656677344	0.0	0	0.0	4035.687036826992	1	0	2	1.2053234406086828
12505.050016413079	2000.0	1440.5137858885278	0.0	0	0.0	3945.563802301611	1	0	2	1.242968729460828
13265.88947271792	2000.0	1679.6743295836889	0.0	0	0.0	3945.563802301611	1	0	1	1.2525908971924429
13782.163101281772	2000.0	2111.773338163451	0.0	0	0.0	3893.9364394452277	1	0	2	1.068069866292614
15036.850920367964	3000.0	1731.6167371686397	0.0	0	0.0	3768.4676575366084	1	0	2	1.305330795516145
15704.856377289812	2000.0	2063.611280246793	0.0	0	0.0	3768.4676575366084	1	0	1	0.9137277893176037
16691.258224517005	2000.0	2077.2094330196023	0.0	0	0.0	3768.46765753661	1	0	1	1.5191928974257685
17760.367044450944	3000.0	1901.1897310922686	0.0	0	0.0	3661.556775543215	1	0	2	1.1468061271528787
18604.882742404607	2000.0	1972.2224633432434	0.0	0	0.0	3577.10520574785	1	0	2	0.969185201731744
19518.493718076505	3000.0	1967.2503901041555	0.0	0	0.0	3485.744108180663	1	0	2	1.40116367320813
20086.53807815223	3000.0	2342.4015940208624	0.0	0	0.0	3428.9396721730955	1	0	2	1.8244326493722665
21297.022972414758	3000.0	2010.8682103320814	0.0	0	0.0	3307.89118274684	1	0	2	1.8501156638653007
22213.650992508432	3000.0	2002.5773882290391	0.0	0	0.0	3216.2283807374733	1	0	2	1.8746424984188794
22878.644176728543	3000.0	2271.084885586914	0.0	0	0.0	3149.7290623154586	1	0	2	1.8905413922635672
23871.83451131095	3000.0	2178.5755175462696	0.0	0	0.0	3050.410028857219	1	0	2	1.908022694971181
24593.787081624996	2000.0	2456.6229472322234	0.0	0	0.0	3050.410028857219	1	0	1	1.1025217924246171
25840.872278831317	3000.0	2084.829230305273	0.0	0	0.0	2925.70150913659	1	0	2	1.3251308089880045
26688.932665282486	3000.0	2151.962805208991	0.0	0	0.0	2840.8954704914795	1	0	2	1.946021303896394
27550.164047705697	3000.0	2204.6082845434576	0.0	0	0.0	2754.7723322491547	1	0	2	1.959460450882287
28423.86705836015	3000.0	2243.5349728235587	0.0	0	0.0	2667.4020311837085	1	0	2	1.9714881885510869
29321.61320852652	3000.0	2256.0142076405527	0.0	0	0.0	2577.6274161670735	1	0	2	1.9831146039367533
30200.0	3000.0	2289.7887370197245	0.0	0	75.6659819708184	2489.7887370197277	1	0	2	1.9935051920563565
31200.0	3000.0	2189.788737019724	0.0	0	33.344410396690364	2389.7887370197277	1	0	2	2.004235827211969
33317.115176577085	3000.0	860.9620427849268	0.0	0	0.0	2178.077219362014	1	0	2	2.02025884663494
35125.91937642014	2000.0	241.47834468617202	189.32050174430032	0	0.0	2367.39772110631	1	0	1	0.06380185448535725
35686.25960533703	1000.0	758.7628844965368	77.62476872725375	0	0.0	2445.0224898335655	1	0	1	-0.05618364277949167
36268.62790138419	2000.0	1176.3945884493717	0.0	0	0.0	2445.0224898335655	1	0	1	1.1027121501439758
37130.45355211074	2000.0	1314.5689377228273	0.0	0	0.0	2445.022489833558	1	0	1	1.795859330703922
37760.35341593482	2000.0	1684.6690738987488	0.0	0	0.0	2445.022489833558	1	0	1	1.795859330703922
38539.496162510644	2000.0	1905.5263273229243	0.0	0	0.0	2445.022489833558	1	0	1	1.795859330703922
39509.210278929866	3000.0	1838.840799261783	0.0	0	0.0	2348.0510781916455	1	0	2	1.403452210430738
40323.033697513245	3000.0	1943.6350388200692	0.0	0	0.0	2266.6687363333112	1	0	2	2.017236854277359
41200.0	3000.0	1978.9721060846382	0.0	0	179.1164245472246	2178.972106084635	1	0	2	2.0239679945248885
42313.172048324894	3000.0	1754.4828529272656	0.0	0	0.0	2067.6549012521573	1	0	2	2.0332809101653684
43552.21293174406	3000.0	1391.5378811661712	0.0	0	0.0	1943.750812910228	1	0	2	2.0423228350985156
44200.0	2000.0	1743.7508129102318	0.0	0	155.04965330620325	1943.750812910228	1	0	1	1.2334686843490879
45200.0	2000.0	1743.7508129102248	0.0	0	387.8073601923097	1943.750812910228	1	0	1	1.8389337924572526
46345.698708321914	3000.0	1483.482233756121	0.0	0	0.0	1829.1809420780337	1	0	2	1.4436949208854513
47200.0	2000.0	1629.1809420780307	0.0	0	123.7297021172053	1829.1809420780264	1	0	1	1.2407259612481871
48200.0	2000.0	1629.1809420780414	0.0	0	283.4191436339315	1829.1809420780337	1	0	1	1.8461910693563512
49200.0	2000.0	1629.1809420780382	0.0	0	130.09579932014458	1829.1809420780337	1	0	1	1.8461910693563512
50248.710421084346	2000.0	1580.4705209936892	0.0	0	0.0	1829.1809420780337	1	0	1	1.8461910693563512
51436.26821821975	2000.0	1392.9127238582882	0.0	0	0.0	1829.1809420780337	1	0	1	1.8461910693563512
52597.07327099101	2000.0	1232.1076710870386	0.0	0	0.0	1829.1809420780337	1	0	1	1.8461910693563512
53573.92988117368	2000.0	1255.2510609043659	0.0	0	0.0	1829.1809420780337	1	0	1	1.8461910693563512
54322.38448114303	2000.0	1506.7964609350079	0.0	0	0.0	1829.180942078041	1	0	1	1.846191069356351
55200.0	2000.0	1629.1809420780394	0.0	0	200.16311646227405	1829.1809420780337	1	0	1	1.8461910693563512
56200.0	2000.0	1629.1809420780373	0.0	0	266.94168221026484	1829.1809420780337	1	0	1	1.8461910693563512
57994.948442155044	2000.0	834.2324999229959	0.0	0	0.0	1829.1809420780337	1	0	1	1.8461910693563512
59236.30167197195	2000.0	592.8792701060917	0.0	0	0.0	1829.180942078041	1	0	1	1.846191069356351
59878.88384919426	1000.0	950.2970928837765	0.0	0	0.0	1829.1809420780482	1	0	1	0.45989670823646017
60470.176938606695	1000.0	1359.0040034713338	0.0	0	0.0	1829.1809420780482	1	0	1	1.1530438887964054
61384.60771790905	2000.0	1444.573224168975	0.0	0	0.0	1829.1809420780482	1	0	1	1.1530438887964052
62392.269618442966	2000.0	1436.9113236350634	0.0	0	0.0	1829.1809420780482	1	0	1	1.8461910693563506
63412.82946442616	2000.0	1416.3514776518707	0.0	0	0.0	1829.1809420780482	1	0	1	1.8461910693563506
64200.0	2000.0	1629.1809420780341	0.0	0	83.01267456937057	1829.1809420780482	1	0	1	1.8461910693563506
65200.0	2000.0	1629.1809420780373	0.0	0	292.8733224202806	1829.180942078041	1	0	1	1.846191069356351
66243.1252776966	2000.0	1586.0556643814439	0.0	0	0.0	1829.1809420780555	1	0	1	1.8461910693563504
67200.0	2000.0	1629.1809420780398	0.0	0	126.78623807666008	1829.1809420780555	1	0	1	1.84619106935635
68200.0	2000.0	1629.180942078031	0.0	0	474.1719504237699	1829.1809420780628	1	0	1	1.8461910693563497
69257.78065165652	3000.0	1571.4002904215076	0.0	0	0.0	1829.1809420780628	1	0	1	1.8461910693563497
70200.0	2000.0	1629.1809420780282	0.0	0	107.77049738283677	1829.1809420780774	1	0	1	1.4407259612481842
71200.0	2000.0	1629.1809420780214	0.0	0	367.175799612407	1829.180942078092	1	0	1	1.846191069356348
72200.0	2000.0	1629.1809420780103	0.0	0	408.6239201357239	1829.180942078092	1	0	1	1.846191069356348
73262.62613005172	3000.0	1566.554812026283	0.0	0	0.0	1829.180942078092	1	0	1	1.8461910693563481
74200.0	2000.0	1629.1809420780105	0.0	0	38.74834411581105	1829.180942078092	1	0	1	1.4407259612481833
75200.0	2000.0	1629.180942078016	0.0	0	243.343293074955	1829.180942078092	1	0	1	1.846191069356348
76200.0	2000.0	1629.1809420780173	0.0	0	345.6280690241256	1829.1809420780774	1	0	1	1.8461910693563488
77200.0	3000.0	1629.180942078015	0.0	0	264.25905131787295	1829.1809420780774	1	0	1	1.846191069356349
78442.41419501384	3000.0	1386.7667470641902	0.0	0	0.0	1829.1809420780628	1	0	1	2.2516561774645143
80225.31022892549	2000.0	603.8707131525429	0.0	0	0.0	1829.1809420780628	1	0	1	1.440725961248185
80976.37498849894	1000.0	852.8059535790738	0.0	0	0.0	1829.1809420780628	1	0	1	0.45989670823645934
81645.43765071098	1000.0	1183.7432913670277	0.0	0	0.0	1829.1809420780628	1	0	1	1.1530438887964045
82241.31127861967	2000.0	1587.8696634583516	0.0	0	0.0	1829.1809420780628	1	0	1	1.1530438887964045
83200.0	2000.0	1629.1809420780212	0.0	0	338.3102912318427	1829.1809420780628	1	0	1	1.8461910693563497
84294.35771046867	2000.0	1534.8232316093483	0.0	0	0.0	1829.1809420780482	1	0	1	1.8461910693563506
85200.0	2000.0	1629.1809420780282	0.0	0	144.07303142770252	1829.1809420780482	1	0	1	1.8461910693563506
86200.0	2000.0	1629.1809420780173	0.0	0	200.51454726350494	1829.1809420780337	1	0	1	1.8461910693563512
87200.0	2000.0	1629.1809420780023	0.0	0	283.4775361245702	1829.1809420780191	1	0	1	1.8461910693563521
88200.0	2000.0	1629.1809420780062	0.0	0	254.96801651848364	1829.1809420780191	1	0	1	1.8461910693563521
89200.0	2000.0	1629.18094207801	0.0	0	180.9029207838903	1829.1809420780191	1	0	1	1.8461910693563521
90566.427253314	2000.0	1262.7536887640108	0.0	0	0.0	1829.1809420780191	1	0	1	1.8461910693563521
91780.98349683177	2000.0	1048.1974452462464	0.0	0	0.0	1829.1809420780191	1	0	1	1.8461910693563521
92836.59829578061	2000.0	992.5826462974028	0.0	0	0.0	1829.1809420780191	1	0	1	1.8461910693563521
93386.9292755235	1000.0	1442.2516665545318	0.0	0	0.0	1829.1809420780337	1	0	1	0.4598967082364611
95031.46773083572	2000.0	797.7132112422929	0.0	0	0.0	1829.1809420780337	1	0	1	1.153043888796406
95766.29269329498	1000.0	1062.8882487830554	0.0	0	0.0	1829.1809420780482	1	0	1	0.45989670823646017
96466.99826421998	1000.0	1362.1826778580535	0.0	0	0.0	1829.1809420780482	1	0	1	1.1530438887964054
97839.38848997359	2000.0	989.7924521044476	0.0	0	0.0	1829.1809420780628	1	0	1	1.1530438887964045
98677.63772261566	2000.0	1151.5432194623786	0.0	0	0.0	1829.1809420780628	1	0	1	1.8461910693563497
99589.02022169562	2000.0	1240.1607203824105	0.0	0	0.0	1829.1809420780628	1	0	1	1.8461910693563497
100292.69553486705	2000.0	1536.4854072110018	0.0	0	0.0	1829.1809420780774	1	0	1	1.8461910693563488
101200.0	2000.0	1629.1809420780444	0.0	0	226.2959382902336	1829.1809420780774	1	0	1	1.8461910693563488
102269.692114917	2000.0	1559.488827161042	0.0	0	0.0	1829.1809420780774	1	0	1	1.8461910693563488
103232.10021241671	2000.0	1597.0807296613466	0.0	0	0.0	1829.1809420780774	1	0	1	1.8461910693563488
104200.0	2000.0	1629.18094207807	0.0	0	174.30077513991273	1829.1809420780774	1	0	1	1.8461910693563488
105200.0	2000.0	1629.1809420780646	0.0	0	454.22636851995776	1829.1809420780774	1	0	1	1.8461910693563488
106200.0	2000.0	1629.1809420780587	0.0	0	237.60075342866185	1829.1809420780774	1	0	1	1.8461910693563488
107200.0	2000.0	1629.180942078055	0.0	0	242.22842585131002	1829.1809420780774	1	0	1	1.8461910693563488
108262.3475578868	2000.0	1566.833384191242	0.0	0	0.0	1829.1809420780628	1	0	1	1.8461910693563497
109200.0	2000.0	1629.180942078036	0.0	0	315.27510528960556	1829.1809420780628	1	0	1	1.8461910693563497
110200.0	2000.0	1629.1809420780328	0.0	0	276.56732565627317	1829.1809420780628	1	0	1	1.8461910693563497
111200.0	3000.0	1629.1809420780278	0.0	0	491.60129789116036	1829.1809420780482	1	0	1	1.8461910693563506
112200.0	3000.0	1629.1809420780087	0.0	0	447.27427924307995	1829.1809420780482	1	0	1	2.251656177464515
115628.77971081145	6000.0	200.0	999.5987687334473	0	0.0	2828.7797108114464	1	0	1	-3.7766778630753546
116303.09622152254	1000.0	632.1695397639139	106.48605047503116	0	0.0	2935.2657612864714	1	0	1	-1.395154874684909
117210.69004189357	2000.0	724.5757193928949	0.0	0	0.0	2935.265761286486	1	0	1	1.0355208973933299
117881.64975928147	2000.0	1053.6160020050181	0.0	0	0.0	2935.265761286486	1	0	1	1.728668077953275
118625.93055323286	2000.0	1309.3352080536347	0.0	0	0.0	2935.265761286486	1	0	1	1.728668077953275
119126.21903057676	2000.0	1809.0467307097383	0.0	0	0.0	2935.265761286486	1	0	1	1.728668077953275
119872.2693498257	3000.0	1988.3913795359135	0.0	0	0.0	2860.660729361596	1	0	2	1.3379927387536372
120766.02031390269	3000.0	2005.2653190512253	0.0	0	0.0	2771.285632953877	1	0	2	1.9560716027529435
122112.36227612119	3000.0	1524.2891606108728	0.0	0	0.0	2636.651436732034	1	0	2	1.973421852257348
122884.01430657764	2000.0	1752.6371301544236	0.0	0	0.0	2636.6514367320196	1	0	1	1.1677023390197931
123835.33453161706	2000.0	1801.316905114982	0.0	0	0.0	2636.651436732005	1	0	1	1.77316744712796
124684.42749237656	2000.0	1952.2239443554924	0.0	0	0.0	2636.651436732005	1	0	1	1.77316744712796
125600.2772000561	2000.0	2036.3742366759693	0.0	0	0.0	2636.651436732005	1	0	1	1.77316744712796
126874.25027613412	2000.0	1762.4011605979472	0.0	0	0.0	2636.651436732005	1	0	1	1.77316744712796
127841.93469742099	2000.0	1794.7167393110683	0.0	0	0.0	2636.651436732005	1	0	1	1.77316744712796
128530.30843607715	2000.0	2106.3430006549047	0.0	0	0.0	2636.651436732005	1	0	1	1.77316744712796
129376.01800268813	2000.0	2260.6334340439157	0.0	0	0.0	2636.6514367320196	1	0	1	1.773167447127958
130200.0	2000.0	2436.651436732038	0.0	0	15.318451056155027	2636.6514367320196	1	0	1	1.773167447127958
131200.0	2000.0	2436.6514367320306	0.0	0	275.10746489360463	2636.6514367320196	1	0	1	1.773167447127958
132200.0	3000.0	2336.6514367320055	0.0	0	390.39746794465464	2536.6514367319905	1	0	2	1.380999935424696
133200.0	3000.0	2236.6514367319883	0.0	0	293.64732266846113	2436.651436731976	1	0	2	1.9983624215262463
135292.8274519714	6000.0	1143.8239847606021	0.0	0	0.0	2436.651436731976	1	0	1	2.0022254688031538
135999.91857256574	2000.0	1436.7328641662216	0.0	0	0.0	2436.651436731976	1	0	1	0.6981480720268798
136935.38120417288	2000.0	1501.2702325590865	0.0	0	0.0	2436.651436731976	1	0	1	1.7967603606949893
137873.77978858608	2000.0	1562.8716481458873	0.0	0	0.0	2436.651436731976	1	0	1	1.7967603606949893
138887.52440414682	2000.0	1549.1270325851192	0.0	0	0.0	2436.651436731947	1	0	1	1.7967603606949925
139517.38390782627	2000.0	1919.2675289056822	0.0	0	0.0	2436.651436731947	1	0	1	1.7967603606949925
140200.0	2000.0	2236.6514367319824	0.0	0	109.70470682854648	2436.651436731947	1	0	1	1.7967603606949925
141200.0	3000.0	2136.6514367319805	0.0	0	307.36360522842733	2336.651436731976	1	0	2	1.403439971697646
142402.09518458557	3000.0	1814.3467336878416	0.0	0	0.0	2216.4419182734564	1	0	2	2.0204916131027657
144135.09431231677	2000.0	908.0476931835256	0.0	0	0.0	2043.1420055003546	1	0	2	1.2229560309449123
145206.91724749567	2000.0	836.2247580046137	0.0	0	0.0	2043.1420055003546	1	0	1	1.6319533826208485
145952.8452914317	2000.0	1090.2967140685787	0.0	0	0.0	2043.1420055003546	1	0	1	1.8319533826208487
146764.07429014085	2000.0	1279.0677153594197	0.0	0	0.0	2043.1420055003837	1	0	1	1.8319533826208465
147752.15928222143	2000.0	1290.9827232788493	0.0	0	0.0	2043.1420055003837	1	0	1	1.8319533826208465
148729.94040562466	2000.0	1313.2015998755826	0.0	0	0.0	2043.1420055003546	1	0	1	1.8319533826208487
149824.1354082409	2000.0	1219.0065972593347	0.0	0	0.0	2043.1420055003546	1	0	1	1.8319533826208487
150799.1507923779	2000.0	1243.991213122309	0.0	0	0.0	2043.1420055003546	1	0	1	1.8319533826208487
151471.20322124596	2000.0	1571.938784254292	0.0	0	0.0	2043.1420055003546	1	0	1	1.8319533826208487
152469.50626850265	2000.0	1573.6357369975708	0.0	0	0.0	2043.1420055003546	1	0	1	1.8319533826208487
153310.3429300288	2000.0	1732.7990754714147	0.0	0	0.0	2043.1420055003546	1	0	1	1.8319533826208487
154200.0	2000.0	1843.142005500223	0.0	0	421.8447157655901	2043.1420055003546	1	0	1	1.8319533826208487
155200.0	2000.0	1843.1420055002166	0.0	0	545.9162521292747	2043.1420055003546	1	0	1	1.8319533826208487
156208.50071807878	3000.0	1733.7912156135762	0.0	0	0.0	1942.291933692497	1	0	2	1.436792107862993
157200.0	2000.0	1643.1420055002407	0.0	0	5.75600170972757	1843.1420055004128	1	0	2	1.2378799532535147
158874.0921388667	2000.0	969.0498666335545	0.0	0	0.0	1843.1420055003837	1	0	1	1.6453491918686451
159644.6039752444	2000.0	1198.538030255816	0.0	0	0.0	1843.1420055003546	1	0	1	1.845349191868648
160469.46515287537	2000.0	1373.6768526248147	0.0	0	0.0	1843.1420055003546	1	0	1	1.845349191868648
161200.0	2000.0	1643.1420055001936	0.0	0	96.46369004010921	1843.1420055003546	1	0	1	1.845349191868648
162200.0	2000.0	1643.1420055002113	0.0	0	390.06697391183116	1843.1420055003837	1	0	1	1.845349191868646
163200.0	2000.0	1643.1420055002407	0.0	0	323.21189541829517	1843.1420055003837	1	0	1	1.845349191868646
164200.0	2000.0	1643.142005500239	0.0	0	335.091644711938	1843.1420055003837	1	0	1	1.845349191868646
165200.0	2000.0	1643.1420055002502	0.0	0	3.630912071763305	1843.1420055003546	1	0	1	1.845349191868648
166200.0	2000.0	1643.1420055002432	0.0	0	76.94716240745038	1843.1420055003546	1	0	1	1.845349191868648
167200.0	2000.0	1643.1420055002686	0.0	0	381.28368903070805	1843.1420055003546	1	0	1	1.845349191868648
168200.0	2000.0	1643.142005500262	0.0	0	335.47140734811546	1843.1420055003546	1	0	1	1.845349191868648
169200.0	3000.0	1543.1420055002625	0.0	0	29.277617611631285	1743.1420055003546	1	0	2	1.449602632059585
170433.99486664712	3000.0	1309.1471388531384	0.0	0	0.0	1743.1420055003546	1	0	1	2.0566001800410625
171200.0	2000.0	1543.1420055002482	0.0	0	156.34606790868565	1743.1420055003255	1	0	1	1.4456699638247348
172200.0	2000.0	1543.1420055002684	0.0	0	487.8941447067482	1743.1420055003255	1	0	1	1.8511350719328994
173200.0	2000.0	1543.1420055002777	0.0	0	324.58715722174384	1743.1420055003255	1	0	1	1.8511350719328994
174200.0	2000.0	1543.142005500296	0.0	0	358.01648464766913	1743.1420055003255	1	0	1	1.8511350719328994
175200.0	2000.0	1543.1420055002739	0.0	0	424.50914076453773	1743.1420055003546	1	0	1	1.851135071932898
176200.0	2000.0	1543.1420055002557	0.0	0	176.02430337146507	1743.1420055003255	1	0	1	1.8511350719328994
177200.0	2000.0	1543.1420055002302	0.0	0	323.6526804166788	1743.1420055003255	1	0	1	1.8511350719328994
178200.0	3000.0	1543.142005500217	0.0	0	335.7979015270539	1743.1420055003255	1	0	1	1.8511350719328996
179200.0	2000.0	1543.1420055001984	0.0	0	158.45772829194902	1743.1420055002964	1	0	1	1.4456699638247366
180200.0	2000.0	1543.1420055001997	0.0	0	428.629919352883	1743.1420055002964	1	0	1	1.8511350719329012
181428.88592729118	2000.0	1314.2560782090484	0.0	0	0.0	1743.1420055002964	1	0	1	1.8511350719329012
182642.01741700448	2000.0	1101.1245884957673	0.0	0	0.0	1743.1420055002964	1	0	1	1.8511350719329012
183364.75507979505	1000.0	1378.3869257051997	0.0	0	0.0	1743.1420055003255	1	0	1	0.4648407108130093
184200.0	1000.0	1543.1420055002895	0.0	0	276.8942517740652	1743.1420055003546	1	0	1	1.1579878913729529
185200.0	2000.0	1543.1420055002686	0.0	0	244.70750643120846	1743.1420055003255	1	0	1	1.1579878913729544
186200.0	2000.0	1543.1420055002873	0.0	0	314.5113171983976	1743.1420055003546	1	0	1	1.851135071932898
187200.0	2000.0	1543.1420055002836	0.0	0	301.21656011304003	1743.1420055003255	1	0	1	1.8511350719328994
188200.0	2000.0	1543.1420055002634	0.0	0	389.02400023757946	1743.1420055003255	1	0	1	1.8511350719328994
189200.0	3000.0	1543.1420055002827	0.0	0	352.11257117200876	1743.1420055003255	1	0	1	1.8511350719328996
190819.24032994368	6000.0	923.9016755566225	0.0	0	0.0	1743.1420055003546	1	0	1	2.2566001800410627
191638.91114757166	2000.0	1104.230857928669	0.0	0	0.0	1743.1420055003546	1	0	1	0.7525227832647885
192337.37782744397	2000.0	1405.7641780563642	0.0	0	0.0	1743.1420055003546	1	0	1	1.851135071932898
193200.0	2000.0	1543.1420055003334	0.0	0	313.002720137476	1743.1420055003546	1	0	1	1.851135071932898
194200.0	2000.0	1543.1420055003362	0.0	0	419.6945144404308	1743.1420055003546	1	0	1	1.851135071932898
195358.79923282927	2000.0	1384.3427726710947	0.0	0	0.0	1743.1420055003546	1	0	1	1.851135071932898
196412.95555046364	2000.0	1330.1864550367366	0.0	0	0.0	1743.1420055003255	1	0	1	1.8511350719328994
197200.0	2000.0	1543.142005500368	0.0	0	124.8486802954285	1743.1420055003255	1	0	1	1.8511350719328994
198200.0	2000.0	1543.1420055003616	0.0	0	216.84775600527064	1743.1420055003255	1	0	1	1.8511350719328994
199754.26365680096	2000.0	988.8783486994105	0.0	0	0.0	1743.1420055003255	1	0	1	1.8511350719328994
200567.4023762217	2000.0	1175.7396292786416	0.0	0	0.0	1743.1420055003255	1	0	1	1.8511350719328994
201873.96965251095	2000.0	869.172352989399	0.0	0	0.0	1743.1420055003255	1	0	1	1.8511350719328994
202903.31755397454	2000.0	839.8244515257993	0.0	0	0.0	1743.1420055003255	1	0	1	1.8511350719328994
203836.36904960702	2000.0	906.7729558933253	0.0	0	0.0	1743.1420055003546	1	0	1	1.8511350719328985
204559.41607697273	2000.0	1183.7259285276164	0.0	0	0.0	1743.1420055003546	1	0	1	1.8511350719328992
205487.05754668705	2000.0	1256.084458813319	0.0	0	0.0	1743.1420055003546	1	0	1	1.851135071932898
206918.59459616142	2000.0	824.5474093389282	0.0	0	0.0	1743.1420055003255	1	0	1	1.851135071932899
207846.31930440155	1000.0	896.82270109877	0.0	0	0.0	1743.1420055002673	1	0	1	0.4648407108130119
208650.13826075316	1000.0	1093.0037447471718	0.0	0	0.0	1743.1420055002673	1	0	1	1.1579878913729578
209250.49772534048	1000.0	1492.6442801598203	0.0	0	0.0	1743.1420055002673	1	0	1	1.1579878913729578
210200.0	2000.0	1543.1420055003302	0.0	0	129.35320463581593	1743.1420055002964	1	0	1	1.157987891372956
211200.0	2000.0	1543.1420055003478	0.0	0	48.905354973714566	1743.1420055002964	1	0	1	1.8511350719329012
212200.0	2000.0	1543.1420055003357	0.0	0	222.55387612830964	1743.1420055002964	1	0	1	1.8511350719329012
213200.0	2000.0	1543.1420055003255	0.0	0	102.52728555252543	1743.1420055002673	1	0	1	1.851135071932903
214200.0	2000.0	1543.1420055003084	0.0	0	99.7523922904511	1743.1420055002673	1	0	1	1.851135071932903
215200.0	2000.0	1543.1420055002964	0.0	0	347.8519659615413	1743.1420055002382	1	0	1	1.8511350719329045
216200.0	2000.0	1543.1420055002961	0.0	0	154.19258980295854	1743.1420055002382	1	0	1	1.8511350719329045
217200.0	2000.0	1543.1420055003045	0.0	0	284.9733266455296	1743.1420055002382	1	0	1	1.8511350719329045
218200.0	3000.0	1543.1420055003164	0.0	0	123.24274493363919	1743.1420055002382	1	0	1	1.8511350719329047
219200.0	2000.0	1543.1420055003125	0.0	0	327.25183329120046	1743.1420055002382	1	0	1	1.44566996382474
220200.0	2000.0	1543.1420055003368	0.0	0	344.12616953247925	1743.142005500209	1	0	1	1.851135071932906
221200.0	2000.0	1543.1420055003437	0.0	0	546.7904239886266	1743.142005500209	1	0	1	1.851135071932906
222200.0	2000.0	1543.142005500349	0.0	0	314.1992244180874	1743.1420055002382	1	0	1	1.8511350719329045
223200.0	2000.0	1543.142005500374	0.0	0	91.40980009519262	1743.1420055002673	1	0	1	1.851135071932903
224200.0	2000.0	1543.1420055003507	0.0	0	159.7375348425412	1743.1420055002673	1	0	1	1.851135071932903
225200.0	2000.0	1543.1420055003405	0.0	0	388.7105400119035	1743.1420055002673	1	0	1	1.851135071932903
226200.0	2000.0	1543.142005500339	0.0	0	510.8139410536678	1743.1420055002673	1	0	1	1.851135071932903
227246.14049230557	3000.0	1497.0015131947675	0.0	0	0.0	1743.1420055002964	1	0	1	1.8511350719329014
228570.10093471958	2000.0	1173.0410707807755	0.0	0	0.0	1743.1420055002964	1	0	1	1.4456699638247366
230276.4513501283	2000.0	466.6906553720376	0.0	0	0.0	1743.1420055002673	1	0	1	1.851135071932903
230809.76340213255	1000.0	933.3786033677892	0.0	0	0.0	1743.1420055002382	1	0	1	0.4648407108130142
231789.08088326151	2000.0	954.0611222388223	0.0	0	0.0	1743.1420055002382	1	0	1	1.1579878913729593
232460.2148313768	2000.0	1282.9271741235289	0.0	0	0.0	1743.1420055002382	1	0	1	1.8511350719329045
233759.83718941346	2000.0	983.3048160868581	0.0	0	0.0	1743.1420055002382	1	0	1	1.8511350719329045
234587.1257892018	2000.0	1156.016216298533	0.0	0	0.0	1743.142005500209	1	0	1	1.851135071932906
235641.37329509566	2000.0	1101.7687104046645	0.0	0	0.0	1743.142005500209	1	0	1	1.851135071932906
236573.43203868752	2000.0	1169.7099668127871	0.0	0	0.0	1743.14200550018	1	0	1	1.8511350719329065
237313.34534511677	2000.0	1429.796660383521	0.0	0	0.0	1743.1420055001508	1	0	1	1.8511350719329092
238338.7576988055	2000.0	1404.3843066948195	0.0	0	0.0	1743.1420055001508	1	0	1	1.8511350719329092
239420.48698640626	2000.0	1322.6550190940836	0.0	0	0.0	1743.14200550018	1	0	1	1.8511350719329076
240222.22704510868	2000.0	1520.9149603916744	0.0	0	0.0	1743.14200550018	1	0	1	1.8511350719329076
241361.84709913982	2000.0	1381.2949063605085	0.0	0	0.0	1743.14200550018	1	0	1	1.8511350719329076
243231.15027252582	2000.0	511.99173297453444	0.0	0	0.0	1743.14200550018	1	0	1	1.8511350719329076
243822.3692980096	1000.0	920.7727074907291	0.0	0	0.0	1743.1420055001508	1	0	1	0.4648407108130189
244398.52645609822	1000.0	1344.6155494021127	0.0	0	0.0	1743.1420055001217	1	0	1	1.1579878913729658
245673.65120509604	2000.0	1069.4908004043127	0.0	0	0.0	1743.14200550018	1	0	1	1.1579878913729633
246200.0	1000.0	1543.1420055003712	0.0	0	65.99251730996184	1743.142005500209	1	0	1	0.46484071081301576
247348.7392664228	2000.0	1394.4027390775536	0.0	0	0.0	1743.14200550018	1	0	1	1.1579878913729624
248200.0	2000.0	1543.1420055003805	0.0	0	22.591053196636494	1743.14200550018	1	0	1	1.8511350719329076
249200.0	2000.0	1543.1420055003773	0.0	0	284.1737573653809	1743.14200550018	1	0	1	1.8511350719329076
250200.0	2000.0	1543.142005500377	0.0	0	394.9474468077242	1743.14200550018	1	0	1	1.8511350719329076
251200.0	2000.0	1543.1420055003532	0.0	0	343.3636812362238	1743.14200550018	1	0	1	1.8511350719329076
252200.0	2000.0	1543.1420055003348	0.0	0	155.182682573708	1743.1420055001508	1	0	1	1.8511350719329092
253200.0	2000.0	1543.1420055003484	0.0	0	234.79313997775898	1743.14200550018	1	0	1	1.8511350719329076
254200.0	2000.0	1543.1420055003564	0.0	0	442.0935717706743	1743.1420055001508	1	0	1	1.8511350719329087
255200.0	2000.0	1543.1420055003505	0.0	0	60.63848394952947	1743.14200550018	1	0	1	1.8511350719329076
256200.0	2000.0	1543.1420055003268	0.0	0	230.55031233865884	1743.1420055001508	1	0	1	1.8511350719329092
257200.0	2000.0	1543.1420055003603	0.0	0	126.1728210655856	1743.1420055001508	1	0	1	1.8511350719329092
258200.0	2000.0	1543.1420055003614	0.0	0	271.5316800904111	1743.14200550018	1	0	1	1.8511350719329076
259200.0	2000.0	1543.14200550035	0.0	0	542.0945300415333	1743.14200550018	1	0	1	1.8511350719329076
260200.0	2000.0	1543.142005500345	0.0	0	575.5744207388489	1743.14200550018	1	0	1	1.8511350719329076
261200.0	3000.0	1443.1420055003098	0.0	0	462.0470554714848	1643.1420055001508	1	0	2	1.4543901517933815
263361.85765866056	6000.0	281.2843468397759	0.0	0	0.0	1643.14200550018	1	0	1	2.0618501308815493
264824.4991825757	2000.0	305.0033754000224	486.3605524753029	0	0.0	2129.5025579755893	1	0	1	-2.191250423736581
265829.2620916484	2000.0	534.5678058943644	234.3273395671401	0	0.0	2363.8298975426587	1	0	1	0.39834072982198143
266621.75161035726	2000.0	742.0782871855037	0.0	0	0.0	2363.8298975426587	1	0	1	1.804304767224823
267165.0024157129	2000.0	1198.8274818298123	0.0	0	0.0	2363.8298975426587	1	0	1	1.804304767224823
267760.85436496866	2000.0	1602.9755325740296	0.0	0	0.0	2363.8298975426587	1	0	1	1.804304767224823
268368.9816871583	3000.0	1934.0354781654075	0.0	0	0.0	2303.0171653237194	1	0	2	1.408794417101467
269200.0	3000.0	2019.9153340394769	0.0	0	158.1238097512396	2219.915334039484	1	0	2	2.0207800472250286
270200.0	3000.0	1919.9153340394537	0.0	0	28.51866941404296	2119.9153340393677	1	0	2	2.028976314752798
271200.0	3000.0	1819.9153340394416	0.0	0	194.65587906190194	2019.9153340393095	1	0	2	2.03636855148143
272249.3646962039	2000.0	1770.5506378355153	0.0	0	0.0	2019.9153340393095	1	0	1	1.228179904491067
273371.29108122754	2000.0	1648.6242528119378	0.0	0	0.0	2019.9153340393095	1	0	1	1.8336450125992318
274440.47276143404	2000.0	1579.4425726054642	0.0	0	0.0	2019.9153340393095	1	0	1	1.8336450125992318
275389.197957687	2000.0	1630.7173763525195	0.0	0	0.0	2019.9153340392513	1	0	1	1.833645012599236
276388.504941597	2000.0	1631.410392442554	0.0	0	0.0	2019.9153340392513	1	0	1	1.833645012599236
277364.5876130346	2000.0	1655.3277210049573	0.0	0	0.0	2019.9153340392513	1	0	1	1.833645012599236
278306.6549454422	2000.0	1713.2603885973535	0.0	0	0.0	2019.9153340392513	1	0	1	1.833645012599236
279200.0	2000.0	1819.9153340395637	0.0	0	239.694917561661	2019.9153340392513	1	0	1	1.833645012599236
280200.0	2000.0	1819.9153340394835	0.0	0	528.8330790206674	2019.9153340392513	1	0	1	1.833645012599236
281200.0	2000.0	1819.915334039512	0.0	0	396.1935038123629	2019.9153340392513	1	0	1	1.833645012599236
282200.0	3000.0	1819.9153340394528	0.0	0	356.1053342765663	2019.9153340392513	1	0	1	1.833645012599236
284692.85449672805	6000.0	327.0608373113879	0.0	0	0.0	2019.9153340392513	1	0	1	2.2391101207074007
285761.2121407618	2000.0	463.85897895464535	205.1557856770188	0	0.0	2225.0711197162746	1	0	1	-0.5122338706655609
286395.9617300361	2000.0	829.1093896802581	0.0	0	0.0	2225.0711197162746	1	0	1	1.8173131320646616
287167.057596017	2000.0	1058.0135236993106	0.0	0	0.0	2225.0711197162746	1	0	1	1.8173131320646616
287761.8920345212	2000.0	1463.1790851951437	0.0	0	0.0	2225.0711197163328	1	0	1	1.8173131320646574
288601.62645099737	2000.0	1623.4446687189823	0.0	0	0.0	2225.0711197163328	1	0	1	1.8173131320646563
289239.4246483567	2000.0	1985.6464713596545	0.0	0	0.0	2225.071119716391	1	0	1	1.8173131320646512
290200.0	2000.0	2025.0711197162864	0.0	0	317.4629169658292	2225.071119716391	1	0	1	1.8173131320646512
291200.0	2000.0	2025.0711197163419	0.0	0	403.4897673036903	2225.071119716391	1	0	1	1.8173131320646512
292674.1940753434	2000.0	1403.457636838657	0.0	0	0.0	2077.651712182036	1	0	2	1.4261484278182714
293648.74481878727	2000.0	1428.9068933947513	0.0	0	0.0	2077.651712182036	1	0	1	1.629369126419558
294734.8033842384	2000.0	1342.8483279436196	0.0	0	0.0	2077.651712182036	1	0	1	1.8293691264195582
295362.11237057287	2000.0	1715.5393416091279	0.0	0	0.0	2077.6517121820943	1	0	1	1.8293691264195537
296200.0	2000.0	1877.6517121820116	0.0	0	68.47394920769148	2077.6517121820943	1	0	1	1.8293691264195537
297200.0	2000.0	1877.6517121820032	0.0	0	207.09226966492133	2077.6517121820943	1	0	1	1.8293691264195537
298200.0	2000.0	1877.651712182004	0.0	0	92.90478494338458	2077.6517121820943	1	0	1	1.8293691264195537
299200.0	2000.0	1877.6517121819884	0.0	0	170.12815710762516	2077.6517121820943	1	0	1	1.8293691264195537
300200.0	2000.0	1877.6517121820443	0.0	0	336.48961408640025	2077.651712182036	1	0	1	1.8293691264195582
4.01	4.24	2.68	1.46	1.44	2.19	2.69	3.09	3.59	3.53	2.36	2.35	3.01	3.24	3.94	4.08	2.8	3.35	4.15	2.85	2.81	3.15	3.44	4.43	3.31	3.0	3.05	1.99	1.18	1.08	1.82	2.65	3.08	3.06	3.74	4.81	3.21	2.88	3.27	4.08	4.04	1.81	2.54	2.7	2.72	1.53	1.93	1.92	2.11	2.5	2.88	2.4	1.27	1.52	1.27	1.8	2.49	2.32	2.44	3.15	2.58	2.5	3.56	4.08	2.28	2.83	3.74	4.47	2.66	2.59	3.51	4.33	4.74	2.65	0.88	1.09	1.74	2.71	2.8	2.1	2.15	2.42	2.4	2.77	1.97	1.82	1.92	1.96	1.4	1.22	1.76	1.83	1.76	2.09	2.4	2.35	2.98	2.51	2.29	2.83	2.94	2.12	2.27	2.57	3.41	4.19	5.12	5.31	2.66	1.68	1.4	2.02	2.77	3.63	4.63	4.96	3.42	2.39	1.73	2.33	2.48	1.81	2.65	2.17	1.98	2.94	3.93	4.67	5.55	2.84	2.8	2.41	2.87	2.49	3.15	3.05	3.7	2.69	1.55	1.46	2.13	2.5	1.9	2.73	2.83	1.68	2.9	2.44	3.28	3.13	4.01	4.24	2.68	1.46	1.44	2.19	2.69	3.09	3.59	3.53	2.36	2.35	3.01	3.24	3.94	4.08	2.8	3.35	4.15	2.85	2.81	3.15	3.44	4.43	3.31	3.0	3.05	1.99	1.18	1.08	1.82	2.65	3.08	3.06	3.74	4.81	3.21	2.88	3.27	4.08	4.04	1.81	2.54	2.7	2.72	1.53	1.93	1.92	2.11	2.5	2.88	2.4	1.27	1.52	1.27	1.8	2.49	2.32	2.44	3.15	2.58	2.5	3.56	4.08	2.28	2.83	3.74	4.47	2.66	2.59	3.51	4.33	4.74	2.65	0.88	1.09	1.74	2.71	2.8	2.1	2.15	2.42	2.4	2.77	1.97	1.82	1.92	1.96	1.4	1.22	1.76	1.83	1.76	2.09	2.4	2.35	2.98	2.51	2.29	2.83	2.94	2.12	2.27	2.57	3.41	4.19	5.12	5.31	2.66	1.68	1.4	2.02	2.77	3.63	4.63	4.96	3.42	2.39	1.73	2.33	2.48	1.81	2.65	2.17	1.98	2.94	3.93	4.67	5.55	2.84	2.8	2.41	2.87	2.49	3.15	3.05	3.7	2.69	1.55	1.46	2.13	2.5	1.9	2.73	2.83	1.68	2.9	2.44	3.28	3.13
1.0	2.0	3.0	4.0	5.0	6.0	7.0	8.0	9.0	10.0	11.0	12.0	13.0	14.0	15.0	16.0	17.0	18.0	19.0	20.0	21.0	22.0	23.0	24.0	25.0	26.0	27.0	28.0	29.0	30.0	31.0	32.0	33.0	34.0	35.0	36.0	37.0	38.0	39.0	40.0	41.0	42.0	43.0	44.0	45.0	46.0	47.0	48.0	49.0	50.0	51.0	52.0	53.0	54.0	55.0	56.0	57.0	58.0	59.0	60.0	61.0	62.0	63.0	64.0	65.0	66.0	67.0	68.0	69.0	70.0	71.0	72.0	73.0	74.0	75.0	76.0	77.0	78.0	79.0	80.0	81.0	82.0	83.0	84.0	85.0	86.0	87.0	88.0	89.0	90.0	91.0	92.0	93.0	94.0	95.0	96.0	97.0	98.0	99.0	100.0	101.0	102.0	103.0	104.0	105.0	106.0	107.0	108.0	109.0	110.0	111.0	112.0	113.0	114.0	115.0	116.0	117.0	118.0	119.0	120.0	121.0	122.0	123.0	124.0	125.0	126.0	127.0	128.0	129.0	130.0	131.0	132.0	133.0	134.0	135.0	136.0	137.0	138.0	139.0	140.0	141.0	142.0	143.0	144.0	145.0	146.0	147.0	148.0	149.0	149.0	150.0	151.0	152.0	153.0	154.0	155.0	156.0	157.0	158.0	159.0	160.0	161.0	162.0	163.0	164.0	165.0	166.0	167.0	168.0	169.0	170.0	171.0	172.0	173.0	174.0	175.0	176.0	177.0	178.0	179.0	180.0	181.0	182.0	183.0	184.0	185.0	186.0	187.0	188.0	189.0	190.0	191.0	192.0	193.0	194.0	195.0	196.0	197.0	198.0	199.0	200.0	201.0	202.0	203.0	204.0	205.0	206.0	207.0	208.0	209.0	210.0	211.0	212.0	213.0	214.0	215.0	216.0	217.0	218.0	219.0	220.0	221.0	222.0	223.0	224.0	225.0	226.0	227.0	228.0	229.0	230.0	231.0	232.0	233.0	234.0	235.0	236.0	237.0	238.0	239.0	240.0	241.0	242.0	243.0	244.0	245.0	246.0	247.0	248.0	249.0	250.0	251.0	252.0	253.0	254.0	255.0	256.0	257.0	258.0	259.0	260.0	261.0	262.0	263.0	264.0	265.0	266.0	267.0	268.0	269.0	270.0	271.0	272.0	273.0	274.0	275.0	276.0	277.0	278.0	279.0	280.0	281.0	282.0	283.0	284.0	285.0	286.0	287.0	288.0	289.0	290.0	291.0	292.0	293.0	294.0	295.0	296.0	297.0	298.0	298.0
4498.299735368628
