2987.5341047921615	300.0	2000.0	136.84341072576228	0	0.0	2987.5341047921615	1	0	1	-0.9940489563878543
3822.108607001785	2000.0	2165.4254977903765	0.0	0	0.0	2987.534104792161	1	0	1	-0.17757299658823467
4668.546021705096	2000.0	2318.988083087066	0.0	0	0.0	2987.534104792162	1	0	1	1.7195469882976466
5661.729373474144	3000.0	2226.4863961411124	0.0	0	0.0	2888.2157696152567	1	0	2	1.3324343848283684
6449.042553498244	3000.0	2360.4418981146027	0.0	0	0.0	2809.484451612847	1	0	2	1.9513725700886022
7764.252006907098	3000.0	1913.7114993648627	0.0	0	0.0	2677.96350627196	1	0	2	1.9683631917079654
8496.378988588867	2000.0	2108.371819514914	0.0	0	0.0	2604.7508081037804	1	0	2	1.1693588464984215
9289.29835548845	2000.0	2236.1605159253736	0.0	0	0.0	2525.4588714138217	1	0	2	1.5843782222657108
10200.0	2000.0	2325.4588714138235	0.0	0	154.79390414056434	2525.4588714138217	1	0	1	1.5868290446010556
11200.0	2000.0	2325.458871413823	0.0	0	406.05130667967387	2525.4588714138226	1	0	1	1.7868290446010553
12200.0	3000.0	2225.4588714138245	0.0	0	97.18578814257307	2425.4588714138226	1	0	2	1.3949144899215096
13200.0	3000.0	2125.4588714138267	0.0	0	263.72094580542216	2325.4588714138226	1	0	2	2.0100268151191187
14548.696584809077	3000.0	1641.892628123841	0.0	0	0.0	2190.589212932913	1	0	2	2.0219071705247216
15362.05556756071	2000.0	1747.1977470970446	0.0	0	0.0	2109.2533146577516	1	0	2	1.2198539736489897
16200.0	3000.0	1825.4588714138256	0.0	0	3.428912178345854	2025.4588714138226	1	0	2	1.631532188591988
17200.0	2000.0	1725.4588714138251	0.0	0	444.433088918282	1925.4588714138245	1	0	2	1.2320369001515792
18200.0	2000.0	1725.4588714138267	0.0	0	276.5894704600287	1925.4588714138263	1	0	1	1.6401471009985793
19200.0	2000.0	1725.458871413826	0.0	0	185.74169508902924	1925.4588714138263	1	0	1	1.8401471009985793
20200.0	2000.0	1725.4588714138288	0.0	0	147.9591408286651	1925.4588714138263	1	0	1	1.8401471009985793
21200.0	2000.0	1725.4588714138265	0.0	0	231.8258809478175	1925.4588714138263	1	0	1	1.8401471009985793
22200.0	2000.0	1725.4588714138285	0.0	0	308.6689028995388	1925.4588714138263	1	0	1	1.8401471009985793
23200.0	2000.0	1725.4588714138274	0.0	0	252.74554356247972	1925.4588714138263	1	0	1	1.8401471009985793
24200.0	3000.0	1625.458871413828	0.0	0	110.14434560402515	1825.4588714138335	1	0	2	1.4445050024591477
25200.0	3000.0	1625.4588714138272	0.0	0	110.46461847788669	1825.4588714138335	1	0	1	2.051878707814229
26705.464887236565	2000.0	1119.99398417726	0.0	0	0.0	1825.45887141383	1	0	1	1.4409484915978994
27417.31490365678	2000.0	1408.1439677570454	0.0	0	0.0	1825.45887141383	1	0	1	1.8464135997060644
28492.99025352239	2000.0	1332.4686178914417	0.0	0	0.0	1825.45887141383	1	0	1	1.8464135997060644
29297.70485250797	2000.0	1527.7540189058575	0.0	0	0.0	1825.4588714138263	1	0	1	1.8464135997060647
30200.0	2000.0	1625.4588714138245	0.0	0	250.0641092110709	1825.45887141383	1	0	1	1.8464135997060644
31263.898525712022	2000.0	1561.5603457017983	0.0	0	0.0	1825.45887141383	1	0	1	1.8464135997060644
32586.735745498045	2000.0	1238.7231259157775	0.0	0	0.0	1825.45887141383	1	0	1	1.8464135997060644
33433.91821892255	2000.0	1391.5406524912794	0.0	0	0.0	1825.4588714138335	1	0	1	1.846413599706064
34200.0	2000.0	1625.4588714138285	0.0	0	22.911250874887628	1825.4588714138372	1	0	1	1.846413599706064
35200.0	2000.0	1625.4588714138288	0.0	0	286.36377872363664	1825.4588714138372	1	0	1	1.846413599706064
36200.0	2000.0	1625.458871413823	0.0	0	421.2563894162813	1825.4588714138372	1	0	1	1.846413599706064
37200.0	3000.0	1625.4588714138174	0.0	0	390.7049720650102	1825.4588714138372	1	0	1	1.8464135997060642
38200.0	3000.0	1525.458871413817	0.0	0	152.10202522001055	1725.4588714138372	1	0	2	1.855847184104806
39366.47800052237	6000.0	1358.9808708914402	0.0	0	0.0	1725.4588714138372	1	0	1	2.057566103523288
41153.407229974655	6000.0	572.0516414391551	0.0	0	0.0	1725.4588714138372	1	0	1	2.9507132840832333
42910.34545018087	2000.0	226.80295027233072	411.6895290393845	0	0.0	2137.1484004532176	1	0	1	-1.7405923279238653
43940.11637137833	2000.0	528.3894534064227	331.3574243315578	0	0.0	2468.5058247847774	1	0	1	-0.19485122003328442
44528.57979151125	2000.0	939.9260332734954	0.0	0	0.0	2468.50582478477	1	0	1	1.7932933259560628
45371.75831272605	2000.0	1096.747512058701	0.0	0	0.0	2468.50582478477	1	0	1	1.7932933259560628
46912.47718971956	2000.0	556.0286350651874	0.0	0	0.0	2468.50582478477	1	0	1	1.7932933259560628
47411.08164286612	1000.0	1057.4241819186288	0.0	0	0.0	2468.50582478477	1	0	1	0.40699896483617265
47926.173181627644	1000.0	1542.3326431571058	0.0	0	0.0	2468.50582478477	1	0	1	1.1001461453961179
48630.19346471729	2000.0	1838.3123600674633	0.0	0	0.0	2468.50582478477	1	0	1	1.1001461453961179
49473.79788402382	2000.0	1994.7079407609394	0.0	0	0.0	2468.50582478477	1	0	1	1.7932933259560628
50200.0	2000.0	2268.5058247847555	0.0	0	127.19565949303069	2468.50582478477	1	0	1	1.7932933259560628
51523.873404651094	3000.0	1812.2450796685487	0.0	0	0.0	2336.1184843196534	1	0	2	1.4027626154496384
52855.57630269003	2000.0	1480.5421816296116	0.0	0	0.0	2336.1184843196534	1	0	1	1.2015765519473685
53805.076103137864	2000.0	1531.0423811817748	0.0	0	0.0	2336.1184843196534	1	0	1	1.8070416600555332
54494.655172312036	2000.0	1841.463312007609	0.0	0	0.0	2336.1184843196534	1	0	1	1.8070416600555332
56200.92955949858	2000.0	1135.1889248210587	0.0	0	0.0	2336.1184843196534	1	0	1	1.8070416600555332
56820.11324825622	1000.0	1516.0052360634193	0.0	0	0.0	2336.1184843196534	1	0	1	0.42074729893564317
57696.388462391704	2000.0	1639.7300219279298	0.0	0	0.0	2336.1184843196534	1	0	1	1.1138944794955883
58286.64231372926	2000.0	2049.4761705903848	0.0	0	0.0	2336.1184843196606	1	0	1	1.8070416600555328
59481.42215135443	2000.0	1854.6963329652224	0.0	0	0.0	2336.118484319668	1	0	1	1.807041660055532
60882.89323007703	2000.0	1453.2252542426186	0.0	0	0.0	2336.118484319675	1	0	1	1.8070416600555315
62346.80403139943	2000.0	989.3144529202254	0.0	0	0.0	2336.118484319668	1	0	1	1.807041660055532
62936.78572122047	1000.0	1399.332763099184	0.0	0	0.0	2336.118484319675	1	0	1	0.420747298935641
63710.36023876224	2000.0	1625.7582455574175	0.0	0	0.0	2336.118484319675	1	0	1	1.1138944794955863
64234.90565430531	2000.0	2101.2128300143427	0.0	0	0.0	2336.118484319675	1	0	1	1.8070416600555315
65200.0	2000.0	2136.1184843196493	0.0	0	465.9639255278962	2336.1184843196825	1	0	1	1.8070416600555306
66200.0	3000.0	2036.1184843196343	0.0	0	228.44090313157358	2236.118484319668	1	0	2	1.4132842713516487
67200.0	3000.0	1936.1184843196568	0.0	0	22.730629248573678	2136.118484319697	1	0	2	2.0275766163937012
68407.87628094028	3000.0	1607.454575285344	0.0	0	0.0	2015.3308562256716	1	0	2	2.0373244715907526
69200.0	3000.0	1736.11848431966	0.0	0	67.1980812139227	1936.1184843197116	1	0	2	2.0433498941130774
70200.0	3000.0	1736.1184843196713	0.0	0	158.2506440494617	1936.1184843197261	1	0	1	2.044907763038478
71200.0	3000.0	1636.118484319666	0.0	0	515.8972625997121	1836.1184843197407	1	0	2	1.8488199029708807
72200.0	3000.0	1536.118484319651	0.0	0	182.5985817080218	1736.1184843197552	1	0	2	2.054934307015441
73303.0471624301	2000.0	1433.0713218895671	0.0	0	0.0	1736.1184843197552	1	0	1	1.2460556059215218
74200.0	2000.0	1536.11848431966	0.0	0	54.639606658005505	1736.1184843197552	1	0	1	1.8515207140296865
75237.2461254463	2000.0	1498.872358873361	0.0	0	0.0	1736.1184843197698	1	0	1	1.8515207140296859
76467.52127533473	2000.0	1268.5972089849263	0.0	0	0.0	1736.1184843197698	1	0	1	1.8515207140296859
77503.43963732249	2000.0	1232.6788469971552	0.0	0	0.0	1736.1184843197552	1	0	1	1.8515207140296865
78283.15601869754	2000.0	1452.9624656220903	0.0	0	0.0	1736.1184843197552	1	0	1	1.8515207140296865
79200.0	2000.0	1536.118484319632	0.0	0	21.188722638442414	1736.1184843197552	1	0	1	1.8515207140296865
80344.40193429316	2000.0	1391.716550026466	0.0	0	0.0	1736.1184843197552	1	0	1	1.8515207140296865
81640.12852285644	2000.0	1095.9899614631777	0.0	0	0.0	1736.1184843197552	1	0	1	1.8515207140296865
82690.43947653072	2000.0	1045.6790077888968	0.0	0	0.0	1736.1184843197698	1	0	1	1.8515207140296859
84029.0078548111	2000.0	707.1106295085165	0.0	0	0.0	1736.1184843197843	1	0	1	1.8515207140296852
84536.0709933787	1000.0	1200.0474909409127	0.0	0	0.0	1736.1184843197843	1	0	1	0.46522635290979475
85497.32568357473	2000.0	1238.7928007448818	0.0	0	0.0	1736.1184843197843	1	0	1	1.15837353346974
86396.45512057518	2000.0	1339.6633637444131	0.0	0	0.0	1736.1184843197698	1	0	1	1.8515207140296859
87200.0	2000.0	1536.1184843195977	0.0	0	8.696612905492657	1736.1184843197552	1	0	1	1.8515207140296865
88200.0	2000.0	1536.1184843196065	0.0	0	122.01434795079695	1736.1184843197552	1	0	1	1.8515207140296865
89233.566686871	2000.0	1502.5517974485997	0.0	0	0.0	1736.1184843197552	1	0	1	1.8515207140296865
90243.30243679845	2000.0	1492.8160475211466	0.0	0	0.0	1736.1184843197698	1	0	1	1.8515207140296859
91354.25692102923	2000.0	1381.861563290367	0.0	0	0.0	1736.1184843197698	1	0	1	1.8515207140296859
92203.8624841678	2000.0	1532.256000151795	0.0	0	0.0	1736.1184843197552	1	0	1	1.8515207140296865
93200.0	2000.0	1536.1184843195822	0.0	0	341.14417623874033	1736.1184843197407	1	0	1	1.8515207140296874
94200.0	2000.0	1536.1184843195958	0.0	0	45.775984826046624	1736.1184843197407	1	0	1	1.8515207140296874
95200.0	2000.0	1536.1184843196002	0.0	0	321.944246260653	1736.1184843197407	1	0	1	1.8515207140296874
96200.0	2000.0	1536.1184843196029	0.0	0	161.9328790998261	1736.1184843197552	1	0	1	1.8515207140296865
97200.0	2000.0	1536.1184843195929	0.0	0	195.78991845152632	1736.1184843197407	1	0	1	1.8515207140296874
98200.0	2000.0	1536.1184843195842	0.0	0	325.1922219268745	1736.1184843197407	1	0	1	1.8515207140296874
99200.0	2000.0	1536.118484319589	0.0	0	124.74296969431452	1736.1184843197407	1	0	1	1.8515207140296874
100200.0	2000.0	1536.1184843195856	0.0	0	181.31570994693902	1736.1184843197407	1	0	1	1.8515207140296874
101200.0	2000.0	1536.1184843195929	0.0	0	499.31504956692515	1736.1184843197407	1	0	1	1.8515207140296874
102200.0	2000.0	1536.1184843195954	0.0	0	359.42025961614854	1736.1184843197407	1	0	1	1.8515207140296874
103200.0	2000.0	1536.1184843195854	0.0	0	385.60813250477077	1736.1184843197261	1	0	1	1.8515207140296883
104200.0	2000.0	1536.118484319577	0.0	0	306.4390142740449	1736.1184843197261	1	0	1	1.8515207140296883
105423.58452531479	2000.0	1312.5339590048138	0.0	0	0.0	1736.1184843197261	1	0	1	1.8515207140296883
107079.21673959472	2000.0	656.9017447248918	0.0	0	0.0	1736.1184843197407	1	0	1	1.8515207140296874
107728.63302275797	1000.0	1007.4854615616308	0.0	0	0.0	1736.1184843197407	1	0	1	0.46522635290979714
108715.03871538253	2000.0	1021.0797689370878	0.0	0	0.0	1736.1184843197552	1	0	1	1.1583735334697414
109334.84882872614	2000.0	1401.2696555934656	0.0	0	0.0	1736.1184843197552	1	0	1	1.8515207140296865
110200.0	2000.0	1536.1184843196243	0.0	0	249.23917799952324	1736.1184843197552	1	0	1	1.8515207140296865
111200.0	2000.0	1536.1184843196313	0.0	0	225.6917934803496	1736.1184843197552	1	0	1	1.8515207140296865
112200.0	2000.0	1536.1184843196343	0.0	0	77.56028413325839	1736.1184843197552	1	0	1	1.8515207140296865
113200.0	2000.0	1536.1184843196468	0.0	0	47.06818831281271	1736.1184843197552	1	0	1	1.8515207140296865
114200.0	2000.0	1536.1184843196438	0.0	0	338.10167005426774	1736.1184843197698	1	0	1	1.8515207140296859
115200.0	2000.0	1536.118484319648	0.0	0	381.56227512874466	1736.1184843197698	1	0	1	1.8515207140296859
116200.0	2000.0	1536.1184843196327	0.0	0	604.2567539500888	1736.1184843197698	1	0	1	1.8515207140296859
117200.0	3000.0	1536.1184843196356	0.0	0	318.3434459204873	1736.1184843197698	1	0	1	1.8515207140296859
118200.0	3000.0	1536.118484319649	0.0	0	60.844519267222495	1736.1184843197698	1	0	1	2.2569858221378505
119200.0	2000.0	1536.1184843196554	0.0	0	98.01146748619794	1736.1184843197698	1	0	1	1.4460556059215213
120239.82271322989	2000.0	1496.2957710897504	0.0	0	0.0	1736.1184843197698	1	0	1	1.8515207140296859
121269.22598527097	2000.0	1466.892499048655	0.0	0	0.0	1736.1184843197698	1	0	1	1.8515207140296859
122339.68659717278	2000.0	1396.4318871468317	0.0	0	0.0	1736.1184843197698	1	0	1	1.8515207140296859
123298.62947818542	2000.0	1437.489006134202	0.0	0	0.0	1736.1184843197698	1	0	1	1.8515207140296859
124276.21519015648	2000.0	1459.903294163136	0.0	0	0.0	1736.1184843197698	1	0	1	1.8515207140296859
125200.0	2000.0	1536.1184843196106	0.0	0	26.97655115518137	1736.1184843197698	1	0	1	1.8515207140296859
126200.0	2000.0	1536.1184843196236	0.0	0	2.0867498755833367	1736.1184843197698	1	0	1	1.8515207140296859
127200.0	2000.0	1536.1184843196322	0.0	0	14.992967231810326	1736.1184843197552	1	0	1	1.8515207140296865
128847.4877002139	2000.0	888.6307841057165	0.0	0	0.0	1736.1184843197552	1	0	1	1.8515207140296865
130268.72652949438	2000.0	467.3919548252347	0.0	0	0.0	1736.1184843197407	1	0	1	1.8515207140296874
130790.21863355847	1000.0	945.8998507611666	0.0	0	0.0	1736.1184843197552	1	0	1	0.4652263529097964
131633.96616114653	2000.0	1102.1523231731069	0.0	0	0.0	1736.1184843197552	1	0	1	1.1583735334697411
132318.8289612482	2000.0	1417.2895230714742	0.0	0	0.0	1736.1184843197698	1	0	1	1.8515207140296859
133200.0	2000.0	1536.118484319682	0.0	0	426.5319419276784	1736.1184843197698	1	0	1	1.8515207140296859
134200.0	2000.0	1536.1184843196945	0.0	0	509.11460406149854	1736.1184843197698	1	0	1	1.8515207140296859
135200.0	2000.0	1536.1184843197086	0.0	0	423.44096347282175	1736.1184843197698	1	0	1	1.8515207140296859
136200.0	2000.0	1536.1184843197	0.0	0	378.4096161718189	1736.1184843197698	1	0	1	1.8515207140296859
137200.0	3000.0	1536.118484319712	0.0	0	359.3658634464373	1736.1184843197698	1	0	1	1.8515207140296859
138200.0	3000.0	1536.1184843197095	0.0	0	86.83656437348691	1736.1184843197989	1	0	1	2.256985822137849
139398.3832931609	3000.0	1337.735191158824	0.0	0	0.0	1736.1184843197698	1	0	1	2.2569858221378505
140200.0	2000.0	1536.1184843197527	0.0	0	208.86713240671088	1736.1184843197698	1	0	1	1.4460556059215213
141200.0	2000.0	1536.118484319733	0.0	0	396.5218250058242	1736.1184843197698	1	0	1	1.8515207140296859
142200.0	2000.0	1536.118484319716	0.0	0	221.20948753223638	1736.1184843197989	1	0	1	1.8515207140296843
143200.0	2000.0	1536.1184843197022	0.0	0	465.6199117323267	1736.1184843197989	1	0	1	1.8515207140296843
144200.0	3000.0	1536.1184843196618	0.0	0	393.8597476250725	1736.1184843197989	1	0	1	1.8515207140296845
145286.16594118287	3000.0	1449.9525431367622	0.0	0	0.0	1736.1184843197989	1	0	1	2.256985822137849
146200.0	2000.0	1536.1184843196575	0.0	0	59.347238643676974	1736.1184843197989	1	0	1	1.4460556059215197
147200.0	2000.0	1536.1184843196609	0.0	0	199.5866990046925	1736.1184843197698	1	0	1	1.8515207140296859
148200.0	2000.0	1536.1184843196727	0.0	0	306.3812883388018	1736.1184843197698	1	0	1	1.8515207140296859
149200.0	2000.0	1536.1184843196538	0.0	0	330.6094997457112	1736.1184843197698	1	0	1	1.8515207140296859
150200.0	2000.0	1536.118484319624	0.0	0	415.242276577279	1736.1184843197407	1	0	1	1.8515207140296874
151200.0	2000.0	1536.1184843196174	0.0	0	83.38348394419882	1736.1184843197698	1	0	1	1.8515207140296859
152200.0	2000.0	1536.1184843196338	0.0	0	157.70235107996268	1736.1184843197698	1	0	1	1.8515207140296859
153200.0	2000.0	1536.1184843195924	0.0	0	456.0083084613143	1736.1184843197698	1	0	1	1.8515207140296859
154200.0	2000.0	1536.118484319579	0.0	0	346.09967832485563	1736.1184843197698	1	0	1	1.8515207140296859
155200.0	2000.0	1536.1184843195929	0.0	0	373.949285432318	1736.1184843197407	1	0	1	1.8515207140296874
156200.0	3000.0	1536.1184843195858	0.0	0	86.3468355256482	1736.1184843197407	1	0	1	1.8515207140296877
157200.0	2000.0	1536.1184843195872	0.0	0	99.31312265832094	1736.1184843197698	1	0	1	1.4460556059215217
158200.0	2000.0	1536.118484319616	0.0	0	210.43653284729226	1736.1184843197989	1	0	1	1.8515207140296843
159200.0	2000.0	1536.1184843196163	0.0	0	45.9950341374788	1736.1184843197698	1	0	1	1.8515207140296859
160200.0	2000.0	1536.118484319623	0.0	0	318.66837779662455	1736.1184843197698	1	0	1	1.8515207140296859
161200.0	2000.0	1536.118484319639	0.0	0	468.420073201647	1736.1184843197698	1	0	1	1.8515207140296859
162200.0	3000.0	1536.1184843196097	0.0	0	76.9099324629351	1736.1184843197698	1	0	1	1.8515207140296859
163200.0	3000.0	1536.118484319586	0.0	0	28.138723382639	1736.1184843197407	1	0	1	2.256985822137852
164200.0	2000.0	1536.1184843195997	0.0	0	257.6381343075773	1736.1184843197407	1	0	1	1.4460556059215228
165200.0	2000.0	1536.1184843196063	0.0	0	472.2170570890303	1736.1184843197407	1	0	1	1.8515207140296874
166200.0	2000.0	1536.1184843196152	0.0	0	59.66925185904256	1736.1184843197698	1	0	1	1.8515207140296859
167241.2880520957	2000.0	1494.8304322239278	0.0	0	0.0	1736.1184843197989	1	0	1	1.8515207140296843
168200.0	2000.0	1536.1184843196395	0.0	0	15.984733390505426	1736.1184843197989	1	0	1	1.8515207140296843
169200.0	2000.0	1536.1184843196554	0.0	0	150.21946696133818	1736.1184843197989	1	0	1	1.8515207140296843
170200.0	2000.0	1536.118484319648	0.0	0	392.0168353713816	1736.1184843197989	1	0	1	1.8515207140296843
171200.0	2000.0	1536.1184843196334	0.0	0	99.06044709763955	1736.1184843197989	1	0	1	1.8515207140296843
172200.0	2000.0	1536.118484319643	0.0	0	355.8447943731444	1736.1184843197989	1	0	1	1.8515207140296843
173200.0	3000.0	1536.1184843196356	0.0	0	242.32827797794016	1736.1184843197989	1	0	1	1.8515207140296845
174200.0	3000.0	1536.118484319637	0.0	0	73.46987562873983	1736.1184843197989	1	0	1	2.256985822137849
175467.91501536997	2000.0	1268.2034689496413	0.0	0	0.0	1736.1184843197989	1	0	1	1.4460556059215197
176423.8706332474	2000.0	1312.2478510722333	0.0	0	0.0	1736.118484319828	1	0	1	1.8515207140296828
177216.49574624596	2000.0	1519.6227380736818	0.0	0	0.0	1736.118484319828	1	0	1	1.8515207140296828
178200.0	2000.0	1536.1184843196468	0.0	0	370.20830639384803	1736.118484319828	1	0	1	1.8515207140296828
179200.0	2000.0	1536.1184843196638	0.0	0	398.2028644955426	1736.118484319828	1	0	1	1.8515207140296828
180200.0	2000.0	1536.1184843196654	0.0	0	243.36742400884395	1736.118484319828	1	0	1	1.8515207140296828
181200.0	2000.0	1536.1184843196725	0.0	0	126.21639506076463	1736.118484319828	1	0	1	1.8515207140296828
182431.53575644078	2000.0	1304.5827278788797	0.0	0	0.0	1736.118484319828	1	0	1	1.8515207140296828
183200.0	2000.0	1536.1184843196331	0.0	0	179.60331924524507	1736.118484319828	1	0	1	1.8515207140296828
184200.0	2000.0	1536.1184843196286	0.0	0	487.73678740431205	1736.1184843197989	1	0	1	1.8515207140296843
185200.0	2000.0	1536.1184843196463	0.0	0	359.3347253324755	1736.1184843197989	1	0	1	1.8515207140296843
186200.0	3000.0	1536.118484319672	0.0	0	446.31844942175667	1736.1184843197989	1	0	1	1.8515207140296845
187200.0	3000.0	1536.1184843196577	0.0	0	129.30496217799373	1736.1184843197989	1	0	1	2.2569858221378487
188787.77823967964	6000.0	948.3402446400255	0.0	0	0.0	1736.1184843197989	1	0	1	2.256985822137849
189443.00072926452	2000.0	1293.1177550551515	0.0	0	0.0	1736.1184843197989	1	0	1	0.7529084253615748
190491.82400521735	2000.0	1244.2944791022942	0.0	0	0.0	1736.118484319828	1	0	1	1.8515207140296828
192257.4095887205	2000.0	478.70889559915736	0.0	0	0.0	1736.118484319857	1	0	1	1.8515207140296812
193124.23171949192	2000.0	611.8867648277496	0.0	0	0.0	1736.118484319857	1	0	1	1.851520714029681
193982.54815454	2000.0	753.5703297796435	0.0	0	0.0	1736.118484319857	1	0	1	1.851520714029681
194607.5163892117	2000.0	1128.6020951079527	0.0	0	0.0	1736.118484319857	1	0	1	1.851520714029681
195821.66313952664	2000.0	914.4553447930024	0.0	0	0.0	1736.1184843198862	1	0	1	1.8515207140296794
197023.91678870373	2000.0	712.2016956158998	0.0	0	0.0	1736.1184843199153	1	0	1	1.8515207140296783
197881.71698678096	2000.0	854.4014975386722	0.0	0	0.0	1736.1184843199153	1	0	1	1.8515207140296779
198577.13123317529	2000.0	1158.9872511443475	0.0	0	0.0	1736.1184843199153	1	0	1	1.8515207140296779
199400.05149468436	2000.0	1336.0669896352697	0.0	0	0.0	1736.1184843199153	1	0	1	1.8515207140296779
200461.68667221814	2000.0	1274.431812101504	0.0	0	0.0	1736.1184843199153	1	0	1	1.8515207140296779
202181.57687843387	2000.0	554.5416058857634	0.0	0	0.0	1736.1184843198862	1	0	1	1.851520714029679
203471.57634505376	2000.0	381.64475624710246	117.1026169811997	0	0.0	1853.221101301111	1	0	1	1.1421185823332272
204229.29165890522	1000.0	623.9294423956028	0.0	0	0.0	1853.221101301111	1	0	1	0.45843992310053505
204985.19320727783	1000.0	868.0278940229705	0.0	0	0.0	1853.221101301111	1	0	1	1.1515871036604803
205490.14473074998	1000.0	1363.0763705508455	0.0	0	0.0	1853.2211013011402	1	0	1	1.1515871036604783
206333.07109010834	2000.0	1520.1500111924715	0.0	0	0.0	1853.2211013011402	1	0	1	1.1515871036604781
207200.0	2000.0	1653.2211013007955	0.0	0	181.5717745218717	1853.2211013011402	1	0	1	1.8447342842204235
208200.0	2000.0	1653.221101300794	0.0	0	163.67967110031168	1853.221101301111	1	0	1	1.8447342842204244
209971.58946644713	2000.0	881.63163485368	0.0	0	0.0	1853.221101301111	1	0	1	1.8447342842204253
211322.0748950622	2000.0	531.1462062386397	0.0	0	0.0	1853.221101301111	1	0	1	1.8447342842204253
211804.96784684062	1000.0	1048.2532544602245	0.0	0	0.0	1853.221101301082	1	0	1	0.45843992310053616
212875.6849794853	2000.0	977.5361218155182	0.0	0	0.0	1853.221101301082	1	0	1	1.151587103660482
213629.40706125114	2000.0	1223.8140400496195	0.0	0	0.0	1853.221101301082	1	0	1	1.844734284220427
214440.07114616997	2000.0	1413.1499551307927	0.0	0	0.0	1853.221101301082	1	0	1	1.844734284220427
215200.0	2000.0	1653.2211013007527	0.0	0	32.13281799276592	1853.221101301082	1	0	1	1.844734284220427
216200.0	2000.0	1653.2211013007498	0.0	0	347.38582801190205	1853.221101301082	1	0	1	1.844734284220427
217200.0	2000.0	1653.221101300774	0.0	0	417.98900155350566	1853.221101301082	1	0	1	1.844734284220427
218200.0	2000.0	1653.2211013007736	0.0	0	492.8607512730523	1853.221101301082	1	0	1	1.844734284220427
219200.0	3000.0	1553.221101300739	0.0	0	73.5861694898631	1753.221101301082	1	0	2	1.449021761046898
220368.81786006977	6000.0	1384.4032412309793	0.0	0	0.0	1753.221101301111	1	0	1	2.056042144407739
221236.3384500335	3000.0	1516.882651267218	0.0	0	0.0	1753.221101301111	1	0	1	1.562894963847794
222292.40352361227	2000.0	1460.817577688442	0.0	0	0.0	1753.221101301082	1	0	1	1.4451119281914107
223200.0	2000.0	1553.2211013007277	0.0	0	133.41520358339767	1753.221101301082	1	0	1	1.8505770362995757
224200.0	2000.0	1553.2211013006952	0.0	0	141.16519658235484	1753.221101301082	1	0	1	1.8505770362995757
225665.57587312354	2000.0	1087.6452281771542	0.0	0	0.0	1753.221101301082	1	0	1	1.8505770362995757
226200.0	1000.0	1553.2211013007095	0.0	0	95.07319267033017	1753.221101301082	1	0	1	0.46428267517968536
227200.0	2000.0	1553.2211013006854	0.0	0	12.651240346720442	1753.2211013010528	1	0	1	1.157429855739632
228200.0	2000.0	1553.2211013006877	0.0	0	255.54499034342007	1753.2211013010528	1	0	1	1.850577036299577
229200.0	2000.0	1553.2211013006659	0.0	0	206.50093148305314	1753.2211013010528	1	0	1	1.850577036299577
230200.0	2000.0	1553.2211013006681	0.0	0	92.50861646037083	1753.2211013010237	1	0	1	1.8505770362995784
231200.0	2000.0	1553.2211013006533	0.0	0	25.923562887328444	1753.2211013009946	1	0	1	1.8505770362995806
232266.92449187566	2000.0	1486.296609424971	0.0	0	0.0	1753.2211013010237	1	0	1	1.8505770362995788
233578.2639318856	2000.0	1174.957169415026	0.0	0	0.0	1753.2211013009655	1	0	1	1.8505770362995808
234461.24295113073	2000.0	1291.9781501698926	0.0	0	0.0	1753.2211013009655	1	0	1	1.8505770362995821
235257.45142540478	2000.0	1495.7696758958464	0.0	0	0.0	1753.2211013009655	1	0	1	1.8505770362995821
236200.0	2000.0	1553.221101300586	0.0	0	224.40522634718218	1753.2211013009655	1	0	1	1.8505770362995821
237200.0	2000.0	1553.2211013005822	0.0	0	256.71315020206384	1753.2211013009655	1	0	1	1.8505770362995821
238200.0	2000.0	1553.221101300564	0.0	0	367.83396587255993	1753.2211013009655	1	0	1	1.8505770362995821
239200.0	2000.0	1553.221101300542	0.0	0	312.6786110999237	1753.2211013009655	1	0	1	1.8505770362995821
240200.0	2000.0	1553.2211013005283	0.0	0	24.86230844038073	1753.2211013009364	1	0	1	1.8505770362995837
241200.0	2000.0	1553.221101300529	0.0	0	388.30242526956135	1753.2211013009655	1	0	1	1.8505770362995821
242200.0	2000.0	1553.2211013005324	0.0	0	164.65972634358332	1753.2211013009655	1	0	1	1.8505770362995821
243200.0	2000.0	1553.2211013005228	0.0	0	4.877166885387851	1753.2211013009655	1	0	1	1.8505770362995821
244278.49730253126	2000.0	1474.7237987692251	0.0	0	0.0	1753.2211013009655	1	0	1	1.8505770362995821
245317.96879248694	2000.0	1435.252308813559	0.0	0	0.0	1753.2211013009655	1	0	1	1.8505770362995821
246200.0	2000.0	1553.2211013004821	0.0	0	96.26310914562782	1753.2211013009655	1	0	1	1.8505770362995821
247200.0	2000.0	1553.2211013004714	0.0	0	275.6769769823877	1753.2211013009655	1	0	1	1.8505770362995821
248200.0	2000.0	1553.2211013004924	0.0	0	50.40363236502162	1753.2211013009946	1	0	1	1.8505770362995806
249200.0	2000.0	1553.221101300494	0.0	0	458.66833786899224	1753.2211013009946	1	0	1	1.8505770362995806
250200.0	2000.0	1553.2211013004746	0.0	0	252.33786759278155	1753.2211013009655	1	0	1	1.8505770362995821
251200.0	2000.0	1553.2211013004644	0.0	0	157.00099045573734	1753.2211013009655	1	0	1	1.8505770362995821
252200.0	2000.0	1553.2211013004712	0.0	0	386.48080219177064	1753.2211013009655	1	0	1	1.8505770362995821
253200.0	2000.0	1553.221101300511	0.0	0	276.800973197096	1753.2211013009655	1	0	1	1.8505770362995821
254229.58165621597	2000.0	1523.6394450845305	0.0	0	0.0	1753.2211013009655	1	0	1	1.8505770362995821
255893.6911591221	2000.0	859.5299421784165	0.0	0	0.0	1753.2211013009946	1	0	1	1.8505770362995815
257135.1142746604	2000.0	618.1068266401496	0.0	0	0.0	1753.2211013009946	1	0	1	1.8505770362995806
257970.28749690746	2000.0	782.9336043930269	0.0	0	0.0	1753.2211013009364	1	0	1	1.8505770362995828
258802.45522971926	2000.0	950.7658715812279	0.0	0	0.0	1753.2211013009364	1	0	1	1.8505770362995837
259483.90291493916	2000.0	1269.3181863613006	0.0	0	0.0	1753.2211013009364	1	0	1	1.8505770362995837
260315.91138517144	2000.0	1437.3097161290277	0.0	0	0.0	1753.2211013009364	1	0	1	1.8505770362995837
261200.0	2000.0	1553.221101300424	0.0	0	197.23564673692454	1753.2211013009364	1	0	1	1.8505770362995837
262378.295620262	2000.0	1374.925481038436	0.0	0	0.0	1753.2211013009073	1	0	1	1.8505770362995841
263200.0	2000.0	1553.221101300445	0.0	0	40.09437077463372	1753.2211013009364	1	0	1	1.8505770362995841
264200.0	2000.0	1553.2211013004046	0.0	0	243.8934165154351	1753.2211013009073	1	0	1	1.8505770362995846
265200.0	2000.0	1553.2211013003948	0.0	0	491.98842391424114	1753.2211013009073	1	0	1	1.8505770362995855
266200.0	3000.0	1553.2211013004496	0.0	0	156.68488993594656	1753.2211013009073	1	0	1	1.8505770362995857
267367.15523885266	3000.0	1386.065862447726	0.0	0	0.0	1753.221101300849	1	0	1	2.256042144407753
268350.55945923174	2000.0	1402.6616420686375	0.0	0	0.0	1753.2211013009073	1	0	1	1.4451119281914209
269707.72221812024	2000.0	1045.4988831801106	0.0	0	0.0	1753.2211013009073	1	0	1	1.8505770362995855
270896.15494374663	2000.0	857.0661575536591	0.0	0	0.0	1753.2211013009073	1	0	1	1.8505770362995855
271825.95518945355	2000.0	927.2659118468202	0.0	0	0.0	1753.2211013009655	1	0	1	1.8505770362995821
272626.14490276226	2000.0	1127.0761985381016	0.0	0	0.0	1753.2211013010237	1	0	1	1.8505770362995788
273421.0323181789	2000.0	1332.188783121495	0.0	0	0.0	1753.2211013010237	1	0	1	1.8505770362995788
274200.0	2000.0	1553.2211013004116	0.0	0	77.31132765352959	1753.221101301082	1	0	1	1.8505770362995757
275200.0	2000.0	1553.2211013003846	0.0	0	260.7275199688156	1753.2211013010237	1	0	1	1.8505770362995775
276200.0	2000.0	1553.221101300444	0.0	0	321.66447586135473	1753.2211013010237	1	0	1	1.8505770362995788
277235.2014009048	2000.0	1518.0197003956214	0.0	0	0.0	1753.2211013010237	1	0	1	1.8505770362995788
278476.24898727617	2000.0	1276.9721140242352	0.0	0	0.0	1753.2211013010237	1	0	1	1.8505770362995788
279385.7540155284	2000.0	1367.4670857720364	0.0	0	0.0	1753.2211013010237	1	0	1	1.8505770362995788
280200.0	2000.0	1553.22110130039	0.0	0	146.74923632032005	1753.2211013010237	1	0	1	1.8505770362995788
281200.0	2000.0	1553.2211013003466	0.0	0	329.9956060904078	1753.2211013010237	1	0	1	1.8505770362995788
282200.0	2000.0	1553.2211013003207	0.0	0	347.84909950959263	1753.2211013010237	1	0	1	1.8505770362995788
283200.0	2000.0	1553.2211013002936	0.0	0	450.5736221190309	1753.2211013010237	1	0	1	1.8505770362995788
284235.26831021096	3000.0	1414.4259600682328	0.0	0	0.0	1649.694270279957	1	0	2	1.4546154983214379
285200.0	2000.0	1449.6942702791714	0.0	0	363.17754302424146	1649.694270279957	1	0	1	1.2505913535537383
286200.0	3000.0	1449.6942702791898	0.0	0	270.84363366215257	1649.694270279957	1	0	1	1.856056461661903
287200.0	3000.0	1449.6942702791878	0.0	0	26.10076328366995	1649.6942702798988	1	0	1	2.261521569770071
288364.9293024777	3000.0	1284.7649678014675	0.0	0	0.0	1649.6942702798988	1	0	1	2.261521569770071
289200.0	2000.0	1449.6942702791564	0.0	0	60.24040642142063	1649.6942702798988	1	0	1	1.4505913535537414
290200.0	2000.0	1449.6942702791805	0.0	0	204.2621397234616	1649.6942702798988	1	0	1	1.856056461661906
291200.0	2000.0	1449.6942702791855	0.0	0	176.61199676297838	1649.6942702798988	1	0	1	1.856056461661906
292200.0	2000.0	1449.694270279179	0.0	0	361.25140468630707	1649.6942702798988	1	0	1	1.856056461661906
293200.0	3000.0	1449.6942702791976	0.0	0	283.13908134924714	1649.694270279957	1	0	1	1.856056461661903
295891.69017847173	6000.0	200.0	441.9959081925244	0	0.0	2091.690178471734	1	0	1	-0.397973040560891
297017.54204603535	2000.0	434.9626057890213	360.81447335262976	0	0.0	2452.5046518243034	1	0	1	-1.4684512022705807
297573.5523051544	2000.0	878.9523466700155	0.0	0	0.0	2452.5046518243034	1	0	1	1.7950479265133104
298517.7615502793	2000.0	934.7431015451097	0.0	0	0.0	2452.5046518242452	1	0	1	1.7950479265133166
299424.0136435166	2000.0	1028.491008307833	0.0	0	0.0	2452.5046518242452	1	0	1	1.7950479265133166
299962.70311734645	2000.0	1489.8015344780267	0.0	0	0.0	2452.5046518242452	1	0	1	1.7950479265133166
300743.220685664	2000.0	1709.2839661605547	0.0	0	0.0	2452.5046518242452	1	0	1	1.7950479265133166
3.22	3.35	3.67	4.24	2.94	2.49	2.1	2.9	3.74	4.53	4.11	2.65	3.5	3.02	2.4	2.54	2.99	2.71	2.76	3.17	4.19	4.12	2.35	1.41	2.58	2.36	2.92	3.29	1.89	2.17	2.25	2.95	3.81	4.24	4.43	4.9	5.1	3.9	1.6	1.3	1.9	2.8	2.86	1.51	1.6	2.28	3.12	3.46	2.1	1.1	1.7	2.33	1.52	1.59	2.4	3.05	1.9	0.95	1.46	1.45	1.95	2.97	3.52	4.02	2.85	3.32	4.24	4.81	4.39	2.82	2.04	2.27	1.76	1.52	2.22	2.31	2.53	1.95	2.09	2.19	2.07	1.85	2.11	2.86	3.37	2.79	2.65	1.91	2.69	2.77	2.15	2.17	2.43	2.77	2.86	2.44	2.99	3.66	2.27	3.12	2.9	3.0	1.69	1.58	1.69	2.61	2.95	3.14	3.14	1.54	2.53	3.13	4.03	5.07	3.86	2.77	2.65	1.48	1.98	2.13	2.65	2.35	2.32	2.9	2.33	1.23	1.73	2.13	3.14	3.81	3.8	3.52	3.31	4.19	4.32	3.73	2.72	3.12	2.98	3.76	4.58	4.75	2.53	2.09	2.18	2.79	2.94	2.97	2.84	2.97	3.22	3.35	3.67	4.24	2.94	2.49	2.1	2.9	3.74	4.53	4.11	2.65	3.5	3.02	2.4	2.54	2.99	2.71	2.76	3.17	4.19	4.12	2.35	1.41	2.58	2.36	2.92	3.29	1.89	2.17	2.25	2.95	3.81	4.24	4.43	4.9	5.1	3.9	1.6	1.3	1.9	2.8	2.86	1.51	1.6	2.28	3.12	3.46	2.1	1.1	1.7	2.33	1.52	1.59	2.4	3.05	1.9	0.95	1.46	1.45	1.95	2.97	3.52	4.02	2.85	3.32	4.24	4.81	4.39	2.82	2.04	2.27	1.76	1.52	2.22	2.31	2.53	1.95	2.09	2.19	2.07	1.85	2.11	2.86	3.37	2.79	2.65	1.91	2.69	2.77	2.15	2.17	2.43	2.77	2.86	2.44	2.99	3.66	2.27	3.12	2.9	3.0	1.69	1.58	1.69	2.61	2.95	3.14	3.14	1.54	2.53	3.13	4.03	5.07	3.86	2.77	2.65	1.48	1.98	2.13	2.65	2.35	2.32	2.9	2.33	1.23	1.73	2.13	3.14	3.81	3.8	3.52	3.31	4.19	4.32	3.73	2.72	3.12	2.98	3.76	4.58	4.75	2.53	2.09	2.18	2.79	2.94	2.97	2.84	2.97	3.22	3.35
1.0	2.0	3.0	4.0	5.0	6.0	7.0	8.0	9.0	10.0	11.0	12.0	13.0	14.0	15.0	16.0	17.0	18.0	19.0	20.0	21.0	22.0	23.0	24.0	25.0	26.0	27.0	28.0	29.0	30.0	31.0	32.0	33.0	34.0	35.0	36.0	37.0	38.0	39.0	40.0	41.0	42.0	43.0	44.0	45.0	46.0	47.0	48.0	49.0	50.0	51.0	52.0	53.0	54.0	55.0	56.0	57.0	58.0	59.0	60.0	61.0	62.0	63.0	64.0	65.0	66.0	67.0	68.0	69.0	70.0	71.0	72.0	73.0	74.0	75.0	76.0	77.0	78.0	79.0	80.0	81.0	82.0	83.0	84.0	85.0	86.0	87.0	88.0	89.0	90.0	91.0	92.0	93.0	94.0	95.0	96.0	97.0	98.0	99.0	100.0	101.0	102.0	103.0	104.0	105.0	106.0	107.0	108.0	109.0	110.0	111.0	112.0	113.0	114.0	115.0	116.0	117.0	118.0	119.0	120.0	121.0	122.0	123.0	124.0	125.0	126.0	127.0	128.0	129.0	130.0	131.0	132.0	133.0	134.0	135.0	136.0	137.0	138.0	139.0	140.0	141.0	142.0	143.0	144.0	145.0	146.0	147.0	148.0	149.0	149.0	150.0	151.0	152.0	153.0	154.0	155.0	156.0	157.0	158.0	159.0	160.0	161.0	162.0	163.0	164.0	165.0	166.0	167.0	168.0	169.0	170.0	171.0	172.0	173.0	174.0	175.0	176.0	177.0	178.0	179.0	180.0	181.0	182.0	183.0	184.0	185.0	186.0	187.0	188.0	189.0	190.0	191.0	192.0	193.0	194.0	195.0	196.0	197.0	198.0	199.0	200.0	201.0	202.0	203.0	204.0	205.0	206.0	207.0	208.0	209.0	210.0	211.0	212.0	213.0	214.0	215.0	216.0	217.0	218.0	219.0	220.0	221.0	222.0	223.0	224.0	225.0	226.0	227.0	228.0	229.0	230.0	231.0	232.0	233.0	234.0	235.0	236.0	237.0	238.0	239.0	240.0	241.0	242.0	243.0	244.0	245.0	246.0	247.0	248.0	249.0	250.0	251.0	252.0	253.0	254.0	255.0	256.0	257.0	258.0	259.0	260.0	261.0	262.0	263.0	264.0	265.0	266.0	267.0	268.0	269.0	270.0	271.0	272.0	273.0	274.0	275.0	276.0	277.0	278.0	279.0	280.0	281.0	282.0	283.0	284.0	285.0	286.0	287.0	288.0	289.0	290.0	291.0	292.0	293.0	294.0	295.0	296.0	297.0	298.0	298.0	299.0	300.0
2688.8070084909446
