5730.871659631823	300.0	2000.0	171.17770047883928	0	0.0	5730.871659631823	1	0	1	-2.713497640366561
6813.867220613517	2000.0	1808.7048829201362	0.0	0	0.0	5622.572103533653	1	0	2	-2.04866983085351
7761.431059084211	1000.0	1861.1410444494427	0.0	0	0.0	5622.572103533654	1	0	1	-1.3062735101817688
9463.551472190631	2000.0	988.8085900323791	0.0	0	0.0	5452.36006222301	1	0	2	-0.6944626982752613
9848.034180080731	500.0	1604.3258821422764	0.0	0	0.0	5452.360062223007	1	0	1	-2.5312267831344784
10769.623980572673	1000.0	1682.7360816503344	0.0	0	0.0	5452.360062223007	1	0	1	-0.944932422014586
11556.981482709958	1000.0	1895.3785795130505	0.0	0	0.0	5452.360062223008	1	0	1	-0.25178524145464154
12770.393851403684	2000.0	1560.624973949953	0.0	0	0.0	5331.018825353636	1	0	2	-0.566228751273863
14004.907797020729	2000.0	1202.6596337712035	0.0	0	0.0	5207.567430791933	1	0	2	0.4291453464789119
14458.018051101193	1000.0	1749.54937969074	0.0	0	0.0	5207.567430791933	1	0	1	-0.9258702373694991
15507.6356204377	2000.0	1594.97005342058	0.0	0	0.0	5102.605673858283	1	0	2	-0.36722261727411515
16283.914569076427	2000.0	1741.063209917982	0.0	0	0.0	5024.977778994415	1	0	2	0.5942857679019812
17173.049079868673	2000.0	1763.015248046507	0.0	0	0.0	4936.064327915188	1	0	2	0.6625072036803528
17976.563544829678	2000.0	1879.1493365894037	0.0	0	0.0	4855.712881419089	1	0	2	0.7256623657296292
19187.661851836267	2000.0	1546.9411988821573	0.0	0	0.0	4734.603050718431	1	0	2	0.8031062705380654
20193.37241797241	2000.0	1440.6595761324033	0.0	0	0.0	4634.031994104818	1	0	2	0.8765153376865964
21246.877356996476	2000.0	1281.8041432059363	0.0	0	0.0	4528.681500202416	1	0	2	0.9413411169397642
22109.450299467455	1000.0	1419.2312007349535	0.0	0	0.0	4528.681500202416	1	0	1	-0.4262530484493074
22638.985844731676	1000.0	1889.6956554707324	0.0	0	0.0	4528.681500202416	1	0	1	0.4668941321106382
23806.372048729012	2000.0	1605.570831073662	0.0	0	0.0	4411.942879802682	1	0	2	0.12073113578560107
24832.21078587628	2000.0	1477.1482202116679	0.0	0	0.0	4309.359006087954	1	0	2	1.07063752028567
25523.5344421121	2000.0	1716.692198352264	0.0	0	0.0	4240.226640464371	1	0	2	1.111022670024141
26314.632090598363	2000.0	1846.4847850173787	0.0	0	0.0	4161.116875615746	1	0	2	1.148232359666014
27789.002419988363	2000.0	1224.677422688378	0.0	0	0.0	4013.679842676749	1	0	2	1.206871436711607
28346.902657056882	1000.0	1666.7771856198592	0.0	0	0.0	4013.679842676749	1	0	1	-0.16187074886248926
29494.815651998128	2000.0	1404.072891184494	0.0	0	0.0	3898.8885431826275	1	0	2	0.3669027265388816
30664.9528498534	2000.0	1116.9219735436973	0.0	0	0.0	3781.874823397102	1	0	2	1.3050321287177427
31424.047792022946	2000.0	1281.9175371571953	0.0	0	0.0	3705.9653291801515	1	0	2	1.3337771276772494
32188.269906676545	2000.0	1517.6954225035975	0.0	0	0.0	3705.9653291801515	1	0	1	1.340537623555139
32796.52220764865	2000.0	1909.443121531487	0.0	0	0.0	3705.9653291801515	1	0	1	1.5405376235551391
33747.28800860151	2000.0	1958.677320578634	0.0	0	0.0	3705.965329180155	1	0	1	1.5405376235551373
34480.71612917254	2000.0	2225.2492000075954	0.0	0	0.0	3705.965329180155	1	0	1	1.5405376235551382
35310.47985459245	2000.0	2312.5091020456957	0.0	0	0.0	3622.9889566381644	1	0	2	1.160702256066263
36342.32385117326	2000.0	2177.4807058067877	0.0	0	0.0	3519.804556980067	1	0	2	1.3898724869784567
37129.78166469979	2000.0	2390.022892280264	0.0	0	0.0	3519.8045569800597	1	0	1	1.3979774056550647
38072.19812723985	2000.0	2353.364783486196	0.0	0	0.0	3425.5629107260465	1	0	2	1.2166300724182038
39384.29127494951	2000.0	2041.2716357765423	0.0	0	0.0	3425.5629107260465	1	0	1	1.4238031326807754
40297.326766729544	2000.0	2128.2361439965152	0.0	0	0.0	3425.5629107260465	1	0	1	1.6238031326807756
41944.99011172614	2000.0	1480.572798999926	0.0	0	0.0	3425.5629107260393	1	0	1	1.6238031326807771
42595.497047589786	1000.0	1830.0658631362803	0.0	0	0.0	3425.5629107260393	1	0	1	0.237508771560887
43727.680539771	2000.0	1697.8823709550686	0.0	0	0.0	3425.5629107260393	1	0	1	0.9306559521208321
44844.98409845708	2000.0	1580.5788122689846	0.0	0	0.0	3425.5629107260393	1	0	1	1.6238031326807771
45968.191433300235	2000.0	1457.3714774258187	0.0	0	0.0	3425.5629107260393	1	0	1	1.6238031326807771
47310.05218628596	2000.0	1115.5107244400865	0.0	0	0.0	3425.5629107260393	1	0	1	1.6238031326807771
47866.62463511007	1000.0	1558.9382756159716	0.0	0	0.0	3425.5629107260393	1	0	1	0.237508771560887
48563.22570035269	1000.0	1862.3372103733543	0.0	0	0.0	3425.5629107260465	1	0	1	0.9306559521208303
49643.84258233319	2000.0	1673.6586401948	0.0	0	0.0	3317.5012225279934	1	0	2	0.5516168655644036
50391.08263628002	2000.0	1926.4185862479712	0.0	0	0.0	3317.5012225279934	1	0	1	1.4509544937637595
51915.80418601963	2000.0	1401.6970365083578	0.0	0	0.0	3317.5012225280007	1	0	1	1.6509544937637577
52959.69889981188	1000.0	1357.8023227161048	0.0	0	0.0	3317.5012225280007	1	0	1	0.26466013264386756
53831.49138029978	1000.0	1486.0098422282017	0.0	0	0.0	3317.5012225280007	1	0	1	0.9578073132038127
54589.951040485255	1000.0	1727.5501820427244	0.0	0	0.0	3317.5012225280007	1	0	1	0.9578073132038127
55461.73131849528	1000.0	1855.7699040326982	0.0	0	0.0	3317.5012225280007	1	0	1	0.9578073132038127
56633.90720276085	2000.0	1566.376431340566	0.0	0	0.0	3200.2836341014336	1	0	2	0.5777693073277903
57900.73706583456	2000.0	1299.5465682668605	0.0	0	0.0	3200.283634101441	1	0	1	1.4776524580101662
58421.06338141519	1000.0	1779.2202526862297	0.0	0	0.0	3200.283634101441	1	0	1	0.2913580968902762
59716.28683583618	2000.0	1483.9967982652338	0.0	0	0.0	3200.283634101441	1	0	1	0.9845052774502213
60402.134989931394	1000.0	1798.1486441700224	0.0	0	0.0	3200.283634101441	1	0	1	0.2913580968902762
61372.7472530901	2000.0	1827.5363810113197	0.0	0	0.0	3200.283634101441	1	0	1	0.9845052774502213
62493.05239335145	2000.0	1707.2312407499667	0.0	0	0.0	3200.2836341014336	1	0	1	1.6776524580101682
63217.130761911605	2000.0	1983.1528721898126	0.0	0	0.0	3200.2836341014336	1	0	1	1.6776524580101682
64269.443346446	2000.0	1930.840287655411	0.0	0	0.0	3200.2836341014336	1	0	1	1.6776524580101682
65705.59377182566	2000.0	1494.6898622757503	0.0	0	0.0	3200.283634101441	1	0	1	1.6776524580101677
67131.61843551998	2000.0	1068.6651985814237	0.0	0	0.0	3200.283634101441	1	0	1	1.677652458010165
67567.33787969088	1000.0	1632.9457544105178	0.0	0	0.0	3200.2836341014336	1	0	1	0.29135809689027614
68635.16621303285	2000.0	1565.117421068555	0.0	0	0.0	3200.2836341014336	1	0	1	0.9845052774502232
69557.16246006104	1000.0	1643.1211740403533	0.0	0	0.0	3200.2836341014336	1	0	1	0.2913580968902777
70484.25520526018	1000.0	1716.0284288411951	0.0	0	0.0	3200.2836341014336	1	0	1	0.9845052774502229
71291.59419018994	2000.0	1827.955545418469	0.0	0	0.0	3119.5497356084816	1	0	2	0.5969117118332765
72133.59204089575	2000.0	1985.9576947126395	0.0	0	0.0	3119.5497356084816	1	0	1	1.4944965538762296
73132.30744700704	2000.0	1987.2422886013549	0.0	0	0.0	3119.5497356084816	1	0	1	1.6944965538762298
74237.69445082579	2000.0	1881.8552847826131	0.0	0	0.0	3119.549735608496	1	0	1	1.6944965538762267
75104.41696344559	2000.0	2015.132772162802	0.0	0	0.0	3119.549735608496	1	0	1	1.6944965538762267
76675.30964855468	2000.0	1444.2400870536965	0.0	0	0.0	3119.549735608496	1	0	1	1.6944965538762267
77264.99779339811	1000.0	1854.5519422102839	0.0	0	0.0	3119.549735608496	1	0	1	0.3082021927563363
78655.05157331213	2000.0	1464.4981622962716	0.0	0	0.0	3119.549735608496	1	0	1	1.0013493733162815
79622.94799934272	1000.0	1496.6017362656767	0.0	0	0.0	3119.549735608496	1	0	1	0.3082021927563363
80540.1859416002	1000.0	1579.3637940081962	0.0	0	0.0	3119.549735608496	1	0	1	1.0013493733162815
81190.83881464806	1000.0	1928.7109209603375	0.0	0	0.0	3119.549735608496	1	0	1	1.0013493733162815
81685.28100575149	1000.0	2434.2687298568926	0.0	0	0.0	3119.5497356084816	1	0	1	1.0013493733162844
82394.61523370366	2000.0	2724.9345019047255	0.0	0	0.0	3119.549735608467	1	0	1	1.0013493733162873
83200.0	2000.0	2919.5497356083793	0.0	0	262.92977423353295	3119.549735608467	1	0	1	1.6944965538762324
84200.0	3000.0	2819.5497356083697	0.0	0	52.658275190755376	3019.549735608467	1	0	2	1.3081364189112743
86329.92676312367	3000.0	1476.6302961723266	0.0	0	0.0	2806.5570592960867	1	0	2	1.9480311435821835
87216.15438846676	2000.0	1590.402670829235	0.0	0	0.0	2806.557059296101	1	0	1	1.1438924752931467
88453.03423585574	2000.0	1353.5228234402543	0.0	0	0.0	2806.557059296101	1	0	1	1.7493575834013115
89596.44778686296	2000.0	1210.109272433025	0.0	0	0.0	2806.557059296101	1	0	1	1.7493575834013115
90688.20936169404	2000.0	1118.3476976019513	0.0	0	0.0	2806.5570592961158	1	0	1	1.7493575834013093
91356.392755587	2000.0	1450.1643037089862	0.0	0	0.0	2806.5570592961303	1	0	1	1.749357583401307
92280.55199470904	2000.0	1526.0050645869635	0.0	0	0.0	2806.557059296145	1	0	1	1.7493575834013049
93977.00409075571	2000.0	829.5529685402973	0.0	0	0.0	2806.557059296145	1	0	1	1.7493575834013049
94567.50846291859	1000.0	1239.0485963774265	0.0	0	0.0	2806.557059296145	1	0	1	0.3630632222814143
95547.60565578662	1000.0	1258.9514035093976	0.0	0	0.0	2806.557059296145	1	0	1	1.0562104028413595
96164.74055129068	1000.0	1641.8165080053263	0.0	0	0.0	2806.557059296145	1	0	1	1.0562104028413595
97009.72375467606	2000.0	1796.8333046199436	0.0	0	0.0	2806.557059296145	1	0	1	1.0562104028413595
98330.25621145741	2000.0	1476.3008478385868	0.0	0	0.0	2806.557059296145	1	0	1	1.7493575834013049
99462.52216964167	2000.0	1344.034889654324	0.0	0	0.0	2806.557059296145	1	0	1	1.7493575834013049
100141.83534427473	1000.0	1664.7217150212687	0.0	0	0.0	2806.5570592961594	1	0	1	0.36306322228141225
101104.14487888243	2000.0	1702.4121804135732	0.0	0	0.0	2806.5570592961594	1	0	1	1.0562104028413573
101944.51388261454	2000.0	1862.0431766814763	0.0	0	0.0	2806.5570592961594	1	0	1	1.7493575834013027
102957.479521873	2000.0	1849.0775374230284	0.0	0	0.0	2806.5570592961594	1	0	1	1.7493575834013027
104050.72828097745	2000.0	1755.828778318586	0.0	0	0.0	2806.557059296174	1	0	1	1.7493575834013004
105108.959011591	2000.0	1697.5980477050505	0.0	0	0.0	2806.557059296174	1	0	1	1.7493575834013004
106334.95955626316	2000.0	1471.5975030328896	0.0	0	0.0	2806.557059296174	1	0	1	1.7493575834013004
107370.2689091917	2000.0	1436.288150104347	0.0	0	0.0	2806.557059296174	1	0	1	1.7493575834013004
108427.5657287026	2000.0	1378.991330593449	0.0	0	0.0	2806.557059296174	1	0	1	1.7493575834013004
109130.08208276953	2000.0	1676.4749765265283	0.0	0	0.0	2806.557059296174	1	0	1	1.7493575834013004
109991.87714617317	2000.0	1814.679913122878	0.0	0	0.0	2806.557059296174	1	0	1	1.7493575834013004
111281.21244957868	2000.0	1525.344609717349	0.0	0	0.0	2806.5570592961594	1	0	1	1.7493575834013027
112505.20886033733	1000.0	1301.3481989587092	0.0	0	0.0	2806.5570592961594	1	0	1	0.36306322228141225
113066.43145623028	1000.0	1740.1256030657632	0.0	0	0.0	2806.5570592961594	1	0	1	1.0562104028413575
113632.06668883118	1000.0	2174.4903704648286	0.0	0	0.0	2806.5570592961594	1	0	1	1.0562104028413575
115171.60906370102	2000.0	1634.9479955949869	0.0	0	0.0	2806.5570592961594	1	0	1	1.0562104028413573
116040.4179732512	1000.0	1766.1390860448053	0.0	0	0.0	2806.5570592961594	1	0	1	0.36306322228141225
117440.87765663005	2000.0	1365.679402665949	0.0	0	0.0	2806.557059296145	1	0	1	1.0562104028413595
118143.14393307123	2000.0	1663.4131262247652	0.0	0	0.0	2806.557059296145	1	0	1	1.7493575834013049
118854.45954366129	2000.0	1952.0975156347008	0.0	0	0.0	2806.557059296145	1	0	1	1.7493575834013049
119918.52643813565	2000.0	1888.030621160347	0.0	0	0.0	2806.557059296145	1	0	1	1.7493575834013049
121027.03971689627	2000.0	1779.5173423997267	0.0	0	0.0	2806.557059296145	1	0	1	1.7493575834013049
121889.40809421802	2000.0	1917.1489650779818	0.0	0	0.0	2806.557059296145	1	0	1	1.7493575834013049
123206.25147064288	2000.0	1600.3055886531217	0.0	0	0.0	2806.557059296145	1	0	1	1.7493575834013049
125366.52552984933	2000.0	440.0315294466672	0.0	0	0.0	2806.5570592961303	1	0	1	1.749357583401307
126236.95949332144	1000.0	569.5975659745628	0.0	0	0.0	2806.5570592961303	1	0	1	0.36306322228141663
127119.09156483924	1000.0	687.4654944567772	0.0	0	0.0	2806.5570592961303	1	0	1	1.0562104028413617
128240.88115251591	1000.0	565.6759067800986	0.0	0	0.0	2806.5570592961303	1	0	1	1.0562104028413617
128717.2820364027	1000.0	1089.2750228933228	0.0	0	0.0	2806.557059296145	1	0	1	1.0562104028413595
129382.68071199374	1000.0	1423.8763473022746	0.0	0	0.0	2806.557059296145	1	0	1	1.0562104028413595
130275.15388067176	2000.0	1531.4031786242783	0.0	0	0.0	2806.557059296145	1	0	1	1.0562104028413595
131605.74325710232	2000.0	1200.8138021937275	0.0	0	0.0	2806.557059296145	1	0	1	1.7493575834013049
132422.49030851154	1000.0	1384.0667507845098	0.0	0	0.0	2806.557059296145	1	0	1	0.3630632222814131
132876.99519998828	1000.0	1929.5618593077843	0.0	0	0.0	2806.557059296145	1	0	1	1.05621040284136
133814.36786681422	2000.0	1992.1891924818033	0.0	0	0.0	2806.5570592961158	1	0	1	1.0562104028413608
134472.13358276218	2000.0	2334.423476533853	0.0	0	0.0	2806.557059296145	1	0	1	1.7493575834013049
135932.68250353378	2000.0	1873.8745557622722	0.0	0	0.0	2806.557059296203	1	0	1	1.7493575834012978
137862.65151496386	2000.0	943.9055443321658	0.0	0	0.0	2806.557059296203	1	0	1	1.749357583401296
138483.92857437363	1000.0	1322.6284849223507	0.0	0	0.0	2806.557059296203	1	0	1	0.3630632222814056
139703.3003043963	2000.0	1103.2567548996694	0.0	0	0.0	2806.557059296232	1	0	1	1.0562104028413462
140766.36812715424	2000.0	1040.188932141729	0.0	0	0.0	2806.557059296232	1	0	1	1.7493575834012915
141297.4761585123	1000.0	1509.0809007836497	0.0	0	0.0	2806.557059296232	1	0	1	0.36306322228140114
142756.059453516	2000.0	1050.4976057799436	0.0	0	0.0	2806.557059296232	1	0	1	1.0562104028413462
143455.6682711568	1000.0	1350.8887881391208	0.0	0	0.0	2806.557059296232	1	0	1	0.36306322228140114
144409.79263275155	2000.0	1396.7644265443957	0.0	0	0.0	2806.557059296232	1	0	1	1.0562104028413462
145151.89452243783	2000.0	1654.6625368581272	0.0	0	0.0	2806.557059296232	1	0	1	1.7493575834012915
145905.60516409844	2000.0	1900.9518951974867	0.0	0	0.0	2806.557059296232	1	0	1	1.7493575834012915
146871.40027219668	2000.0	1935.1567870992856	0.0	0	0.0	2806.557059296232	1	0	1	1.7493575834012915
147694.5810985846	2000.0	2111.9759607113438	0.0	0	0.0	2806.557059296232	1	0	1	1.7493575834012915
148750.73526119874	2000.0	2055.8217980972245	0.0	0	0.0	2806.557059296232	1	0	1	1.7493575834012915
149385.59601753938	2000.0	2420.961041756566	0.0	0	0.0	2806.557059296203	1	0	1	1.749357583401296
150529.36925564412	2000.0	2277.187803651794	0.0	0	0.0	2806.557059296203	1	0	1	1.749357583401296
151200.0	2000.0	2539.4939848603535	0.0	0	15.1716250628524	2739.49398486063	1	0	2	1.356466173308001
152300.90421957287	2000.0	2438.5897652874864	0.0	0	0.0	2739.49398486063	1	0	1	1.5592056850334601
153503.00397656974	2000.0	2236.490008290636	0.0	0	0.0	2739.49398486063	1	0	1	1.7592056850334603
154270.03929925867	2000.0	2392.751153332859	0.0	0	0.0	2662.7904525917547	1	0	2	1.367278796195222
155200.0	2000.0	2462.79045259156	0.0	0	122.59028064055019	2662.790452591784	1	0	1	1.5697444370432447
156969.81100817298	2000.0	1692.9794444185766	0.0	0	0.0	2662.7904525917547	1	0	1	1.769744437043249
158266.02043151122	2000.0	1396.7700210803375	0.0	0	0.0	2662.7904525917547	1	0	1	1.769744437043249
159162.82304698077	1000.0	1499.9674056107974	0.0	0	0.0	2662.7904525917547	1	0	1	0.38345007592335845
159816.3721662987	1000.0	1846.4182862928571	0.0	0	0.0	2662.7904525917547	1	0	1	1.0765972564833035
160998.90492748976	2000.0	1663.8855251018429	0.0	0	0.0	2662.7904525917547	1	0	1	1.0765972564833037
162155.37331803908	2000.0	1507.4171345524992	0.0	0	0.0	2662.7904525917547	1	0	1	1.769744437043249
163479.44569813684	2000.0	1183.3447544547519	0.0	0	0.0	2662.790452591784	1	0	1	1.769744437043245
164303.83310427945	2000.0	1358.9573483121778	0.0	0	0.0	2662.790452591784	1	0	1	1.769744437043245
165034.4619553568	2000.0	1628.32849723481	0.0	0	0.0	2662.7904525917547	1	0	1	1.769744437043249
166007.64503030607	2000.0	1655.145422285497	0.0	0	0.0	2662.7904525917547	1	0	1	1.769744437043249
166960.55684580913	2000.0	1702.2336067824288	0.0	0	0.0	2662.7904525917547	1	0	1	1.769744437043249
168198.94376880224	2000.0	1463.8466837892902	0.0	0	0.0	2662.7904525917256	1	0	1	1.7697444370432525
168994.34520696194	2000.0	1668.4452456296287	0.0	0	0.0	2662.7904525917547	1	0	1	1.769744437043249
170251.7976089111	2000.0	1410.9928436804598	0.0	0	0.0	2662.7904525917547	1	0	1	1.769744437043249
170982.3705200177	1000.0	1680.4199325738703	0.0	0	0.0	2662.7904525917547	1	0	1	0.38345007592335845
171705.96891963438	1000.0	1956.8215329571656	0.0	0	0.0	2662.7904525917547	1	0	1	1.0765972564833028
172690.6184962782	2000.0	1972.17195631333	0.0	0	0.0	2662.7904525917547	1	0	1	1.0765972564833037
173669.92404576045	2000.0	1992.8664068310973	0.0	0	0.0	2662.7904525917256	1	0	1	1.7697444370432511
174541.3258751273	2000.0	2121.4645774642386	0.0	0	0.0	2662.7904525917256	1	0	1	1.7697444370432525
175200.0	2000.0	2462.79045259154	0.0	0	121.94641629423131	2662.7904525917256	1	0	1	1.7697444370432525
176668.23789542684	2000.0	1994.5525571647447	0.0	0	0.0	2662.790452591784	1	0	1	1.7697444370432471
178038.45657806488	2000.0	1624.3338745266942	0.0	0	0.0	2662.790452591784	1	0	1	1.7697444370432456
179520.60923211384	2000.0	1142.1812204777639	0.0	0	0.0	2662.790452591784	1	0	1	1.769744437043245
179848.72057860307	1000.0	1814.069873988562	0.0	0	0.0	2662.790452591784	1	0	1	0.38345007592335456
180512.23999366458	2000.0	2150.550458927046	0.0	0	0.0	2662.790452591784	1	0	1	1.0765972564832997
181200.0	2000.0	2462.790452591609	0.0	0	148.31488478678511	2662.790452591784	1	0	1	1.769744437043245
182200.0	2000.0	2462.7904525916	0.0	0	231.55159072310198	2662.790452591784	1	0	1	1.769744437043245
183200.0	2000.0	2462.7904525915997	0.0	0	393.64091353677213	2662.790452591813	1	0	1	1.7697444370432411
184200.0	2000.0	2362.790452591597	0.0	0	34.72355976974359	2562.790452591813	1	0	2	1.3790187702299872
185864.57617282963	3000.0	1531.7566624789988	0.0	0	0.0	2396.332835308858	1	0	2	1.596911268400963
186834.2398049645	2000.0	1562.0930303440941	0.0	0	0.0	2396.332835308858	1	0	1	1.195536502137121
187984.2376636257	2000.0	1412.0951716828808	0.0	0	0.0	2396.332835308829	1	0	1	1.8010016102452882
188943.07559297324	2000.0	1453.2572423353802	0.0	0	0.0	2396.3328353088	1	0	1	1.801001610245292
190676.86331664867	2000.0	719.4695186599464	0.0	0	0.0	2396.332835308829	1	0	1	1.8010016102452906
191365.47072902642	1000.0	1030.8621062822167	0.0	0	0.0	2396.332835308858	1	0	1	0.4147072491253955
191831.0873153707	1000.0	1565.2455199379217	0.0	0	0.0	2396.332835308858	1	0	1	1.1078544296853408
193116.42457641792	2000.0	1279.9082588906892	0.0	0	0.0	2396.332835308858	1	0	1	1.1078544296853408
193918.95043675284	2000.0	1477.3823985557822	0.0	0	0.0	2396.332835308858	1	0	1	1.8010016102452857
195221.5471706369	2000.0	1174.7856646716898	0.0	0	0.0	2396.332835308829	1	0	1	1.8010016102452888
195920.93270566798	1000.0	1475.4001296406327	0.0	0	0.0	2396.332835308829	1	0	1	0.4147072491253986
196930.3073351183	2000.0	1466.025500190316	0.0	0	0.0	2396.332835308829	1	0	1	1.1078544296853436
198100.35851688698	2000.0	1295.9743184216375	0.0	0	0.0	2396.332835308829	1	0	1	1.8010016102452888
198721.40046125554	2000.0	1674.9323740530697	0.0	0	0.0	2396.332835308829	1	0	1	1.8010016102452888
199405.47891205494	2000.0	1990.8539232536443	0.0	0	0.0	2396.332835308771	1	0	1	1.8010016102452926
200262.30944638394	2000.0	2134.023388924663	0.0	0	0.0	2396.332835308771	1	0	1	1.801001610245295
201605.75482276312	2000.0	1790.578012545506	0.0	0	0.0	2396.3328353088	1	0	1	1.8010016102452937
203289.0956571021	2000.0	1107.2371782065175	0.0	0	0.0	2396.3328353088	1	0	1	1.801001610245292
204087.72231425627	1000.0	1308.6105210523522	0.0	0	0.0	2396.332835308829	1	0	1	0.4147072491253986
204721.94184932418	1000.0	1674.3909859844566	0.0	0	0.0	2396.3328353088	1	0	1	1.1078544296853468
205624.0448139849	2000.0	1772.288021323718	0.0	0	0.0	2396.3328353088	1	0	1	1.1078544296853468
206802.98242150637	2000.0	1593.3504138022379	0.0	0	0.0	2396.3328353088	1	0	1	1.801001610245292
208167.60439900716	2000.0	1228.7284363014292	0.0	0	0.0	2396.332835308771	1	0	1	1.801001610245295
208986.41223404725	1000.0	1409.9206012613192	0.0	0	0.0	2396.332835308771	1	0	1	0.4147072491254046
210197.20387237854	2000.0	1199.1289629300452	0.0	0	0.0	2396.332835308771	1	0	1	1.1078544296853499
211490.92803899918	2000.0	905.4047963094307	0.0	0	0.0	2396.332835308771	1	0	1	1.801001610245295
212316.79675088747	2000.0	1079.536084421116	0.0	0	0.0	2396.332835308771	1	0	1	1.801001610245295
213421.86895341758	2000.0	974.4638818910455	0.0	0	0.0	2396.332835308829	1	0	1	1.8010016102452913
214274.58288640433	1000.0	1121.749948904303	0.0	0	0.0	2396.332835308829	1	0	1	0.4147072491253986
214841.99543406104	1000.0	1554.3374012475977	0.0	0	0.0	2396.332835308829	1	0	1	1.1078544296853439
216266.55810952125	2000.0	1129.7747257873878	0.0	0	0.0	2396.3328353088	1	0	1	1.1078544296853468
216839.95535671484	1000.0	1556.3774785938037	0.0	0	0.0	2396.332835308771	1	0	1	0.4147072491254046
217767.8250122	2000.0	1628.5078231086554	0.0	0	0.0	2396.332835308771	1	0	1	1.1078544296853499
219521.2823790743	2000.0	875.050456234323	0.0	0	0.0	2396.332835308771	1	0	1	1.801001610245295
219987.18812179446	1000.0	1409.1447135141516	0.0	0	0.0	2396.332835308771	1	0	1	0.4147072491254046
221289.4254829862	2000.0	1106.9073523223954	0.0	0	0.0	2396.332835308771	1	0	1	1.1078544296853499
222322.27342232334	2000.0	1074.0594129852705	0.0	0	0.0	2396.332835308771	1	0	1	1.801001610245295
223369.58622624047	2000.0	1026.7466090681207	0.0	0	0.0	2396.332835308771	1	0	1	1.801001610245295
225079.3295296416	2000.0	317.0033056669721	0.0	0	0.0	2396.332835308771	1	0	1	1.801001610245295
225459.76857571703	500.0	936.56425959152	0.0	0	0.0	2396.332835308771	1	0	1	-0.9715871119944863
225998.73450201604	1000.0	1397.5983332924898	0.0	0	0.0	2396.3328353088	1	0	1	0.41470724912540136
226643.0515230366	1000.0	1753.2813122718944	0.0	0	0.0	2396.332835308771	1	0	1	1.1078544296853496
227235.13078208163	1000.0	2161.20205322685	0.0	0	0.0	2396.332835308771	1	0	1	1.1078544296853496
228461.96766706614	2000.0	1934.3651682423756	0.0	0	0.0	2396.332835308771	1	0	1	1.1078544296853499
229219.09754329987	1000.0	2177.235292008658	0.0	0	0.0	2396.332835308771	1	0	1	0.4147072491254046
230654.54412862778	2000.0	1741.7887066807416	0.0	0	0.0	2396.332835308771	1	0	1	1.1078544296853499
231479.6262003545	2000.0	1916.7066349540326	0.0	0	0.0	2396.332835308771	1	0	1	1.801001610245295
232200.0	2000.0	2196.33283530852	0.0	0	14.40985818117042	2396.332835308771	1	0	1	1.801001610245295
233200.0	2000.0	2196.3328353085117	0.0	0	514.4931666588236	2396.332835308771	1	0	1	1.801001610245295
234584.0612368977	3000.0	1673.8654747210285	0.0	0	0.0	2257.9267116189585	1	0	2	1.4110809486476141
235464.3647539964	2000.0	1793.5619576223146	0.0	0	0.0	2257.9267116189585	1	0	1	1.2089213918223525
236200.0	2000.0	2057.9267116187416	0.0	0	11.772637255984591	2257.9267116189585	1	0	1	1.8143864999305173
237341.91287227054	2000.0	1916.0138393482034	0.0	0	0.0	2257.9267116189876	1	0	1	1.8143864999305148
238805.7480745307	2000.0	1452.1786370880748	0.0	0	0.0	2257.9267116190167	1	0	1	1.814386499930512
239683.06838101227	2000.0	1574.8583306065516	0.0	0	0.0	2257.9267116190167	1	0	1	1.814386499930512
240522.28664537743	2000.0	1735.6400662413994	0.0	0	0.0	2257.9267116190167	1	0	1	1.814386499930512
241593.47544136984	2000.0	1664.451270248987	0.0	0	0.0	2257.926711619046	1	0	1	1.8143864999305115
242759.7448401536	2000.0	1498.1818714652504	0.0	0	0.0	2257.926711619104	1	0	1	1.8143864999305048
244324.09033229647	2000.0	933.8363793224014	0.0	0	0.0	2257.926711619104	1	0	1	1.8143864999305044
244971.71391736483	1000.0	1286.2127942540214	0.0	0	0.0	2257.926711619104	1	0	1	0.428092138810614
246206.24113283167	2000.0	1051.6855787872105	0.0	0	0.0	2257.926711619133	1	0	1	1.1212393193705563
247360.77988127075	2000.0	897.1468303481205	0.0	0	0.0	2257.926711619133	1	0	1	1.8143864999305015
248022.4633454704	1000.0	1235.463366148442	0.0	0	0.0	2257.926711619133	1	0	1	0.4280921388106112
248671.05037035604	1000.0	1586.876341262808	0.0	0	0.0	2257.9267116191622	1	0	1	1.1212393193705539
249778.51245726825	2000.0	1479.4142543506182	0.0	0	0.0	2257.9267116191622	1	0	1	1.1212393193705539
250587.97767715922	2000.0	1669.949034459668	0.0	0	0.0	2257.9267116191913	1	0	1	1.8143864999304962
251438.9223383566	2000.0	1819.0043732622564	0.0	0	0.0	2257.9267116191913	1	0	1	1.8143864999304962
252719.66414591664	2000.0	1538.2625657022356	0.0	0	0.0	2257.9267116191913	1	0	1	1.8143864999304962
254106.29836915067	2000.0	1151.6283424682028	0.0	0	0.0	2257.9267116191913	1	0	1	1.8143864999304962
255191.57573740435	2000.0	1066.3509742145004	0.0	0	0.0	2257.9267116191913	1	0	1	1.8143864999304962
256216.49773742454	2000.0	1041.4289741942753	0.0	0	0.0	2257.9267116192204	1	0	1	1.8143864999304937
256944.13471904479	2000.0	1313.7919925740398	0.0	0	0.0	2257.9267116191913	1	0	1	1.8143864999304962
257665.86746429213	2000.0	1592.0592473267006	0.0	0	0.0	2257.9267116191622	1	0	1	1.8143864999304986
258718.01533711655	2000.0	1539.9113745022937	0.0	0	0.0	2257.9267116191913	1	0	1	1.8143864999304962
260072.79194623115	2000.0	1185.1347653877142	0.0	0	0.0	2257.9267116192204	1	0	1	1.8143864999304942
261196.59340838864	1000.0	1061.3333032302212	0.0	0	0.0	2257.9267116192204	1	0	1	0.42809213881060343
262073.1183482467	1000.0	1184.8083633721483	0.0	0	0.0	2257.9267116192204	1	0	1	1.1212393193705485
262717.91783544666	1000.0	1540.008876172184	0.0	0	0.0	2257.9267116191913	1	0	1	1.12123931937055
263714.47936721053	1000.0	1543.447344408316	0.0	0	0.0	2257.9267116191913	1	0	1	1.12123931937055
264530.1997422176	1000.0	1727.7269694012157	0.0	0	0.0	2257.926711619133	1	0	1	1.1212393193705548
265764.43484109704	2000.0	1493.4918705217697	0.0	0	0.0	2257.926711619133	1	0	1	1.1212393193705563
266509.24846411415	2000.0	1748.6782475046916	0.0	0	0.0	2257.926711619133	1	0	1	1.8143864999305015
267389.6925716403	2000.0	1868.2341399785294	0.0	0	0.0	2257.926711619133	1	0	1	1.8143864999305015
268309.01907531446	2000.0	1948.907636304419	0.0	0	0.0	2257.9267116191913	1	0	1	1.8143864999304962
269200.0	2000.0	2057.9267116188344	0.0	0	7.129057317273691	2257.9267116191913	1	0	1	1.8143864999304962
270629.1984587235	2000.0	1628.7282528953237	0.0	0	0.0	2257.926711619133	1	0	1	1.8143864999304984
271756.9904750215	2000.0	1500.936236597303	0.0	0	0.0	2257.926711619133	1	0	1	1.8143864999305015
273699.6498208818	2000.0	558.2768907370739	0.0	0	0.0	2257.9267116191913	1	0	1	1.8143864999304962
274577.4058851172	1000.0	680.5208265016408	0.0	0	0.0	2257.9267116191913	1	0	1	0.4280921388106059
275354.3615286459	1000.0	903.5651829729378	0.0	0	0.0	2257.9267116191913	1	0	1	1.121239319370551
276242.2072014525	1000.0	1015.7195101663374	0.0	0	0.0	2257.9267116191913	1	0	1	1.121239319370551
276877.3857724536	1000.0	1380.540939165275	0.0	0	0.0	2257.9267116192495	1	0	1	1.1212393193705459
277752.11739245936	1000.0	1505.8093191595406	0.0	0	0.0	2257.9267116192495	1	0	1	1.1212393193705459
279312.0506745443	2000.0	945.8760370745804	0.0	0	0.0	2257.9267116192495	1	0	1	1.1212393193705457
280105.6705960123	1000.0	1152.256115606566	0.0	0	0.0	2257.9267116192495	1	0	1	0.42809213881060076
281541.88808799593	2000.0	716.0386236229405	0.0	0	0.0	2257.9267116192495	1	0	1	1.1212393193705457
282257.52033753885	1000.0	1000.406374080035	0.0	0	0.0	2257.9267116192495	1	0	1	0.42809213881060076
282709.77579172363	1000.0	1548.1509198952199	0.0	0	0.0	2257.9267116192495	1	0	1	1.1212393193705459
283442.4705767599	2000.0	1815.4561348589573	0.0	0	0.0	2257.9267116192495	1	0	1	1.1212393193705457
284252.786431378	2000.0	2005.1402802408002	0.0	0	0.0	2257.9267116192495	1	0	1	1.814386499930491
285380.1634781332	2000.0	1877.7632334856387	0.0	0	0.0	2257.9267116192495	1	0	1	1.814386499930491
286652.0822374126	2000.0	1605.8444742062668	0.0	0	0.0	2257.9267116192495	1	0	1	1.814386499930491
288124.87389789027	2000.0	1133.0528137285585	0.0	0	0.0	2257.9267116192495	1	0	1	1.814386499930491
289002.31238335907	2000.0	1255.6143282598146	0.0	0	0.0	2257.9267116192495	1	0	1	1.814386499930491
290133.909838043	2000.0	1124.0168735759767	0.0	0	0.0	2257.9267116192495	1	0	1	1.814386499930491
291665.7547091622	2000.0	592.1720024567547	0.0	0	0.0	2257.9267116191913	1	0	1	1.8143864999304962
292284.5267147739	1000.0	973.3999968450621	0.0	0	0.0	2257.9267116191913	1	0	1	0.4280921388106059
292814.81890757015	1000.0	1443.107804048837	0.0	0	0.0	2257.9267116191913	1	0	1	1.121239319370551
293927.75420849596	2000.0	1330.1725031230087	0.0	0	0.0	2257.9267116191913	1	0	1	1.121239319370551
294869.3482093787	2000.0	1388.578502240221	0.0	0	0.0	2257.9267116191913	1	0	1	1.8143864999304962
295616.34437812935	2000.0	1641.5823334896725	0.0	0	0.0	2257.9267116192495	1	0	1	1.814386499930491
296361.45820627996	2000.0	1896.4685053390517	0.0	0	0.0	2257.9267116191913	1	0	1	1.8143864999304962
297378.7436147535	2000.0	1879.1830968655456	0.0	0	0.0	2257.9267116191913	1	0	1	1.8143864999304962
298250.05885122047	2000.0	2007.8678603985416	0.0	0	0.0	2257.9267116191913	1	0	1	1.8143864999304962
299200.0	2000.0	2057.926711618965	0.0	0	180.32635091652628	2257.9267116191913	1	0	1	1.8143864999304962
300200.0	2000.0	2057.9267116189276	0.0	0	74.03038709168322	2257.9267116191913	1	0	1	1.8143864999304962
1.85	1.25	1.7	1.47	1.12	1.4	2.05	2.48	1.61	2.49	2.47	2.68	2.47	2.11	2.22	1.29	1.44	1.68	2.24	2.65	3.0	1.6	1.44	1.67	1.81	2.41	2.98	2.78	2.68	2.8	1.63	2.53	2.13	1.52	1.9	1.33	1.7	1.96	2.13	1.89	1.84	1.63	1.49	2.27	3.17	2.1	0.97	1.37	1.56	1.46	1.97	2.04	2.15	1.67	1.7	1.83	2.06	2.75	1.76	1.62	1.91	1.81	2.04	1.47	1.32	2.06	2.12	2.1	2.5	1.8	1.17	1.58	1.34	1.4	1.4	1.59	2.32	3.15	3.37	1.2	2.35	2.57	1.99	1.42	2.28	2.54	1.96	1.17	1.89	1.33	1.63	1.98	1.87	1.37	2.06	1.91	1.83	2.2	1.58	1.91	2.15	2.04	2.32	2.79	1.49	1.25	0.81	1.58	1.26	1.56	1.63	2.03	2.28	2.33	2.49	1.8	1.85	1.97	0.74	1.56	1.39	1.04	1.25	1.92	1.68	1.8	1.62	1.83	2.68	1.89	1.62	1.15	1.6	2.06	2.72	1.8	1.51	1.7	2.39	2.21	2.72	2.37	2.33	2.56	2.31	2.79	1.67	2.05	2.87	2.58	1.85	1.25	1.7	1.47	1.12	1.4	2.05	2.48	1.61	2.49	2.47	2.68	2.47	2.11	2.22	1.29	1.44	1.68	2.24	2.65	3.0	1.6	1.44	1.67	1.81	2.41	2.98	2.78	2.68	2.8	1.63	2.53	2.13	1.52	1.9	1.33	1.7	1.96	2.13	1.89	1.84	1.63	1.49	2.27	3.17	2.1	0.97	1.37	1.56	1.46	1.97	2.04	2.15	1.67	1.7	1.83	2.06	2.75	1.76	1.62	1.91	1.81	2.04	1.47	1.32	2.06	2.12	2.1	2.5	1.8	1.17	1.58	1.34	1.4	1.4	1.59	2.32	3.15	3.37	1.2	2.35	2.57	1.99	1.42	2.28	2.54	1.96	1.17	1.89	1.33	1.63	1.98	1.87	1.37	2.06	1.91	1.83	2.2	1.58	1.91	2.15	2.04	2.32	2.79	1.49	1.25	0.81	1.58	1.26	1.56	1.63	2.03	2.28	2.33	2.49	1.8	1.85	1.97	0.74	1.56	1.39	1.04	1.25	1.92	1.68	1.8	1.62	1.83	2.68	1.89	1.62	1.15	1.6	2.06	2.72	1.8	1.51	1.7	2.39	2.21	2.72	2.37	2.33	2.56	2.31	2.79	1.67	2.05
1.0	2.0	3.0	4.0	5.0	6.0	7.0	8.0	9.0	10.0	11.0	12.0	13.0	14.0	15.0	16.0	17.0	18.0	19.0	20.0	21.0	22.0	23.0	24.0	25.0	26.0	27.0	28.0	29.0	30.0	31.0	32.0	33.0	34.0	35.0	36.0	37.0	38.0	39.0	40.0	41.0	42.0	43.0	44.0	45.0	46.0	47.0	48.0	49.0	50.0	51.0	52.0	53.0	54.0	55.0	56.0	57.0	58.0	59.0	60.0	61.0	62.0	63.0	64.0	65.0	66.0	67.0	68.0	69.0	70.0	71.0	72.0	73.0	74.0	75.0	76.0	77.0	78.0	79.0	80.0	81.0	82.0	83.0	84.0	85.0	86.0	87.0	88.0	89.0	90.0	91.0	92.0	93.0	94.0	95.0	96.0	97.0	98.0	99.0	100.0	101.0	102.0	103.0	104.0	105.0	106.0	107.0	108.0	109.0	110.0	111.0	112.0	113.0	114.0	115.0	116.0	117.0	118.0	119.0	120.0	121.0	122.0	123.0	124.0	125.0	126.0	127.0	128.0	129.0	130.0	131.0	132.0	133.0	134.0	135.0	136.0	137.0	138.0	139.0	140.0	141.0	142.0	143.0	144.0	145.0	146.0	147.0	148.0	149.0	149.0	150.0	151.0	152.0	153.0	154.0	155.0	156.0	157.0	158.0	159.0	160.0	161.0	162.0	163.0	164.0	165.0	166.0	167.0	168.0	169.0	170.0	171.0	172.0	173.0	174.0	175.0	176.0	177.0	178.0	179.0	180.0	181.0	182.0	183.0	184.0	185.0	186.0	187.0	188.0	189.0	190.0	191.0	192.0	193.0	194.0	195.0	196.0	197.0	198.0	199.0	200.0	201.0	202.0	203.0	204.0	205.0	206.0	207.0	208.0	209.0	210.0	211.0	212.0	213.0	214.0	215.0	216.0	217.0	218.0	219.0	220.0	221.0	222.0	223.0	224.0	225.0	226.0	227.0	228.0	229.0	230.0	231.0	232.0	233.0	234.0	235.0	236.0	237.0	238.0	239.0	240.0	241.0	242.0	243.0	244.0	245.0	246.0	247.0	248.0	249.0	250.0	251.0	252.0	253.0	254.0	255.0	256.0	257.0	258.0	259.0	260.0	261.0	262.0	263.0	264.0	265.0	266.0	267.0	268.0	269.0	270.0	271.0	272.0	273.0	274.0	275.0	276.0	277.0	278.0	279.0	280.0	281.0	282.0	283.0	284.0	285.0	286.0	287.0	288.0	289.0	290.0	291.0	292.0	293.0	294.0	295.0	296.0	297.0
5388.853696037309
