3079.1769657441364	300.0	2000.0	235.00650535277035	0	0.0	3079.1769657441364	1	0	1	-1.5951635492187666
4307.772504706442	1000.0	1771.4044610376945	0.0	0	0.0	3079.176965744137	1	0	1	-0.19464452051810277
5668.451140835935	1000.0	1410.725824908203	0.0	0	0.0	3079.176965744138	1	0	1	1.0093282838078332
6765.300324579084	1000.0	1313.8766411650533	0.0	0	0.0	3079.176965744138	1	0	1	1.0093282838078332
7489.702738904763	1000.0	1589.4742268393752	0.0	0	0.0	3079.176965744138	1	0	1	1.0093282838078332
8152.656604873021	1000.0	1926.5203608711165	0.0	0	0.0	3079.1769657441373	1	0	1	1.0093282838078335
9561.335852609549	2000.0	1517.8411131345906	0.0	0	0.0	3079.176965744138	1	0	1	1.0093282838078335
10110.95790432036	1000.0	1968.219061423782	0.0	0	0.0	3079.176965744141	1	0	1	0.31618110324788773
11487.815699355675	2000.0	1591.3612663884678	0.0	0	0.0	3079.176965744142	1	0	1	1.0093282838078326
12179.606059805725	1000.0	1899.5709059384178	0.0	0	0.0	3079.176965744142	1	0	1	0.3161811032478874
12859.679115833416	1000.0	2219.4978499107256	0.0	0	0.0	3079.176965744142	1	0	1	1.0093282838078326
13767.52960268954	2000.0	2311.647363054604	0.0	0	0.0	3079.176965744142	1	0	1	1.0093282838078323
14699.272960528891	2000.0	2379.9040052152523	0.0	0	0.0	3079.176965744142	1	0	1	1.7024754643677775
15570.528735430787	2000.0	2508.648230313355	0.0	0	0.0	3079.176965744142	1	0	1	1.7024754643677775
16203.145115477166	2000.0	2876.031850266977	0.0	0	0.0	3079.176965744142	1	0	1	1.7024754643677775
17954.247092646146	3000.0	1949.8196753810985	0.0	0	0.0	2904.066768027242	1	0	2	1.3253757198676694
19069.538057633963	2000.0	1834.528710393281	0.0	0	0.0	2904.06676802724	1	0	1	1.12844410070142
19796.54533482069	2000.0	2107.521433206557	0.0	0	0.0	2904.066768027242	1	0	1	1.7339092088095844
20636.953673030086	2000.0	2267.113094997162	0.0	0	0.0	2904.066768027242	1	0	1	1.7339092088095844
21650.38864395393	3000.0	2152.334626980933	0.0	0	0.0	2802.7232709348536	1	0	2	1.3457967629595793
22543.987284681745	3000.0	2169.376122180337	0.0	0	0.0	2713.363406862074	1	0	2	1.964972039544004
24338.2602472563	3000.0	1195.6758633483205	0.0	0	0.0	2533.9361106046126	1	0	2	1.9865957419576372
25412.832596001284	2000.0	1121.1035146033387	0.0	0	0.0	2533.9361106046126	1	0	1	1.180371793478923
25942.191678369283	1000.0	1591.7444322353404	0.0	0	0.0	2533.9361106046163	1	0	1	0.399542540467197
27346.340081362894	2000.0	1187.5960292417321	0.0	0	0.0	2533.9361106046163	1	0	1	1.092689721027142
27737.475961918062	1000.0	1796.4601486865622	0.0	0	0.0	2533.9361106046163	1	0	1	0.399542540467197
28417.89797145069	2000.0	2116.0381391539354	0.0	0	0.0	2533.9361106046126	1	0	1	1.0926897210271427
29200.0	2000.0	2333.936110604623	0.0	0	210.29843350531155	2533.9361106046126	1	0	1	1.7858369015870879
30200.0	2000.0	2333.936110604626	0.0	0	333.35627458148883	2533.9361106046126	1	0	1	1.7858369015870879
31951.813205938848	3000.0	1406.9415840718918	0.0	0	0.0	2358.754790010724	1	0	2	1.3998359767966218
32826.93275945157	2000.0	1531.8220305591706	0.0	0	0.0	2358.754790010724	1	0	1	1.199346297305853
33595.843394309595	2000.0	1762.9113957011416	0.0	0	0.0	2358.7547900107165	1	0	1	1.8048114054140185
34309.1242967926	2000.0	2049.630493218133	0.0	0	0.0	2358.754790010713	1	0	1	1.8048114054140187
35200.0	2000.0	2158.754790010732	0.0	0	50.26161471172236	2358.7547900107165	1	0	1	1.8048114054140187
36200.0	2000.0	2158.7547900107343	0.0	0	199.3351525761027	2358.7547900107165	1	0	1	1.8048114054140187
37573.39306761612	2000.0	1648.022415633013	0.0	0	0.0	2221.4154832491186	1	0	2	1.4139122628961978
38867.16790426806	2000.0	1354.2475789810667	0.0	0	0.0	2221.4154832491186	1	0	1	1.6176331209851302
39565.002401345366	2000.0	1656.413081903764	0.0	0	0.0	2221.4154832491186	1	0	1	1.8176331209851304
40230.756750139684	2000.0	1990.6587331094531	0.0	0	0.0	2221.4154832491186	1	0	1	1.8176331209851304
41200.0	2000.0	2021.415483249134	0.0	0	43.951514902568306	2221.4154832491113	1	0	1	1.817633120985131
42200.0	2000.0	2021.4154832491386	0.0	0	181.76025340351043	2221.4154832491113	1	0	1	1.817633120985131
43200.0	2000.0	2021.4154832491372	0.0	0	159.70930348142429	2221.4154832491186	1	0	1	1.8176331209851304
44200.0	2000.0	2021.4154832491395	0.0	0	140.90239724357525	2221.4154832491186	1	0	1	1.8176331209851304
45200.0	2000.0	2021.4154832491363	0.0	0	228.37295439063746	2221.4154832491186	1	0	1	1.8176331209851304
46200.0	2000.0	2021.4154832491372	0.0	0	284.87859362372546	2221.415483249126	1	0	1	1.8176331209851295
47627.07295754191	3000.0	1451.6352299530356	0.0	0	0.0	2078.708187494929	1	0	2	1.4258865592611674
49194.111398474815	2000.0	884.5967890201241	0.0	0	0.0	2078.708187494929	1	0	1	1.2238235434442748
50686.12317652564	2000.0	392.5850109693055	0.0	0	0.0	2078.708187494929	1	0	1	1.8292886515524396
51293.029142739535	1000.0	785.6790447554047	0.0	0	0.0	2078.708187494929	1	0	1	0.4429942904325491
52885.89376724103	2000.0	200.0	7.185579746090767	0	0.0	2085.8937672410175	1	0	1	1.0928828887317747
53780.524024230326	1000.0	519.0646349010428	213.69489189033538	0	0.0	2299.588659131354	1	0	1	-0.8579225882703525
54627.455364893605	1000.0	672.1332942377678	0.0	0	0.0	2299.588659131361	1	0	1	1.1173939436316045
55263.22695669446	1000.0	1036.3617024369091	0.0	0	0.0	2299.588659131354	1	0	1	1.1173939436316052
55900.817643945506	1000.0	1398.7710151858669	0.0	0	0.0	2299.588659131354	1	0	1	1.1173939436316052
57174.368540912415	2000.0	1125.2201182189656	0.0	0	0.0	2299.588659131361	1	0	1	1.1173939436316047
57865.81108745567	1000.0	1433.7775716757085	0.0	0	0.0	2299.588659131361	1	0	1	0.42424676307165937
58571.15365833866	1000.0	1728.435000792724	0.0	0	0.0	2299.588659131361	1	0	1	1.1173939436316045
60206.48208554678	2000.0	1093.1065735846128	0.0	0	0.0	2299.5886591313683	1	0	1	1.1173939436316038
60832.83661070871	1000.0	1466.752048422676	0.0	0	0.0	2299.5886591313683	1	0	1	0.42424676307165865
61816.523009516	2000.0	1483.0656496153879	0.0	0	0.0	2299.5886591313683	1	0	1	1.1173939436316038
62867.77074173573	2000.0	1431.8179173956596	0.0	0	0.0	2299.5886591313683	1	0	1	1.810541124191549
63756.89042168075	2000.0	1542.6982374506472	0.0	0	0.0	2299.5886591313683	1	0	1	1.810541124191549
64843.401267016496	2000.0	1456.187392114907	0.0	0	0.0	2299.5886591313683	1	0	1	1.810541124191549
65778.9014127688	2000.0	1520.6872463626078	0.0	0	0.0	2299.5886591313683	1	0	1	1.8105411241915488
67135.3464438023	2000.0	1164.2422153290995	0.0	0	0.0	2299.5886591313465	1	0	1	1.8105411241915506
68236.87131930335	2000.0	1062.7173398280513	0.0	0	0.0	2299.5886591313465	1	0	1	1.810541124191551
68994.04861645303	2000.0	1305.5400426783779	0.0	0	0.0	2299.5886591313465	1	0	1	1.810541124191551
69985.6990415106	2000.0	1313.8896176208095	0.0	0	0.0	2299.5886591313465	1	0	1	1.810541124191551
71591.5108653008	2000.0	708.0777938306076	0.0	0	0.0	2299.5886591313465	1	0	1	1.810541124191551
72145.49440160002	1000.0	1154.0942575313907	0.0	0	0.0	2299.5886591313465	1	0	1	0.42424676307166076
72648.24109360983	1000.0	1651.3475655215866	0.0	0	0.0	2299.5886591313465	1	0	1	1.1173939436316058
73965.94750083698	2000.0	1333.6411582944472	0.0	0	0.0	2299.588659131332	1	0	1	1.1173939436316072
75148.47453250109	2000.0	1151.1141266303305	0.0	0	0.0	2299.588659131332	1	0	1	1.8105411241915523
75682.19436817382	1000.0	1617.3942909576076	0.0	0	0.0	2299.5886591313465	1	0	1	0.42424676307166076
76551.94873940265	2000.0	1747.6399197287699	0.0	0	0.0	2299.5886591313465	1	0	1	1.1173939436316056
77615.62134045601	2000.0	1683.967318675396	0.0	0	0.0	2299.5886591313465	1	0	1	1.810541124191551
78486.84580517479	2000.0	1812.7428539566163	0.0	0	0.0	2299.5886591313465	1	0	1	1.810541124191551
79766.39611358008	2000.0	1533.1925455513374	0.0	0	0.0	2299.5886591313465	1	0	1	1.810541124191551
80362.47656515351	1000.0	1937.1120939779134	0.0	0	0.0	2299.588659131332	1	0	1	0.4242467630716621
81541.04152927615	2000.0	1758.5471298552839	0.0	0	0.0	2299.588659131332	1	0	1	1.1173939436316072
82945.78979455473	2000.0	1353.7988645767039	0.0	0	0.0	2299.588659131332	1	0	1	1.8105411241915523
83574.76141584266	1000.0	1724.8272432887784	0.0	0	0.0	2299.5886591313174	1	0	1	0.4242467630716635
84902.70846463466	2000.0	1396.8801944967931	0.0	0	0.0	2299.588659131332	1	0	1	1.1173939436316072
85698.01138701124	2000.0	1601.5772721202002	0.0	0	0.0	2299.588659131332	1	0	1	1.8105411241915523
86867.99695657259	2000.0	1431.5917025588462	0.0	0	0.0	2299.588659131332	1	0	1	1.8105411241915523
87606.70152201643	2000.0	1692.8871371150206	0.0	0	0.0	2299.588659131332	1	0	1	1.8105411241915523
88336.59538030803	2000.0	1962.993278823421	0.0	0	0.0	2299.5886591313465	1	0	1	1.810541124191551
89200.0	2000.0	2099.588659131457	0.0	0	18.76585044359672	2299.588659131332	1	0	1	1.8105411241915523
90200.0	2000.0	2099.5886591314493	0.0	0	124.95726055013074	2299.588659131332	1	0	1	1.8105411241915523
91248.02347293668	2000.0	2051.5651861947727	0.0	0	0.0	2299.588659131332	1	0	1	1.8105411241915523
92346.04365104568	2000.0	1953.5450080857718	0.0	0	0.0	2299.5886591313465	1	0	1	1.810541124191551
93479.48406984097	2000.0	1820.1045892904974	0.0	0	0.0	2299.588659131361	1	0	1	1.8105411241915497
94347.54584653789	2000.0	1952.0428125935578	0.0	0	0.0	2299.588659131361	1	0	1	1.8105411241915497
95200.0	2000.0	2099.5886591314515	0.0	0	85.89416152148624	2299.588659131361	1	0	1	1.8105411241915497
96200.0	2000.0	2099.588659131446	0.0	0	3.8322269331256393	2299.588659131361	1	0	1	1.8105411241915497
97349.52170566293	2000.0	1950.0669534684985	0.0	0	0.0	2299.588659131361	1	0	1	1.8105411241915497
98531.99767249782	2000.0	1767.5909866336124	0.0	0	0.0	2299.5886591313756	1	0	1	1.8105411241915483
99412.9212926854	2000.0	1886.6673664460232	0.0	0	0.0	2299.588659131361	1	0	1	1.8105411241915497
100634.28768418134	2000.0	1665.300974950051	0.0	0	0.0	2299.588659131361	1	0	1	1.8105411241915497
102131.96757283798	2000.0	1167.6210862934058	0.0	0	0.0	2299.5886591313465	1	0	1	1.810541124191551
102725.50979895475	1000.0	1574.0788601766408	0.0	0	0.0	2299.5886591313465	1	0	1	0.42424676307166076
103467.33077203012	2000.0	1832.2578871012736	0.0	0	0.0	2299.5886591313465	1	0	1	1.1173939436316056
104484.22689296919	2000.0	1815.3617661622018	0.0	0	0.0	2299.5886591313465	1	0	1	1.810541124191551
105618.72722622815	2000.0	1680.8614329032462	0.0	0	0.0	2299.5886591313465	1	0	1	1.810541124191551
106575.57686579358	2000.0	1724.011793337818	0.0	0	0.0	2299.5886591313465	1	0	1	1.810541124191551
107335.96414010428	2000.0	1963.624519027128	0.0	0	0.0	2299.588659131332	1	0	1	1.8105411241915523
108261.92780889568	2000.0	2037.6608502357326	0.0	0	0.0	2299.588659131332	1	0	1	1.8105411241915523
109467.37014403254	2000.0	1832.2185150988648	0.0	0	0.0	2299.5886591313174	1	0	1	1.8105411241915537
110440.5163826661	2000.0	1859.0722764652874	0.0	0	0.0	2299.588659131303	1	0	1	1.810541124191555
111548.99724954444	2000.0	1750.5914095869512	0.0	0	0.0	2299.588659131303	1	0	1	1.810541124191555
112957.06747583285	2000.0	1342.5211832985515	0.0	0	0.0	2299.588659131303	1	0	1	1.810541124191555
113607.02797261436	1000.0	1692.5606865170446	0.0	0	0.0	2299.588659131303	1	0	1	0.42424676307166476
115009.70419731055	2000.0	1289.884461820857	0.0	0	0.0	2299.588659131303	1	0	1	1.1173939436316098
116340.94588832873	2000.0	958.642770802675	0.0	0	0.0	2299.588659131303	1	0	1	1.810541124191555
116718.26982636219	1000.0	1581.3188327692133	0.0	0	0.0	2299.5886591312883	1	0	1	0.42424676307166614
117795.64114946961	2000.0	1503.9475096617862	0.0	0	0.0	2299.5886591312737	1	0	1	1.1173939436316127
118788.24160398182	2000.0	1511.347055149572	0.0	0	0.0	2299.588659131259	1	0	1	1.810541124191558
120107.84168190313	2000.0	1191.74697722826	0.0	0	0.0	2299.5886591312737	1	0	1	1.8105411241915579
120969.41648698426	1000.0	1330.172172147113	0.0	0	0.0	2299.5886591312737	1	0	1	0.42424676307166753
121747.04897759696	1000.0	1552.5396815344286	0.0	0	0.0	2299.5886591312737	1	0	1	1.1173939436316127
122544.85664214226	2000.0	1754.7320169891232	0.0	0	0.0	2299.588659131259	1	0	1	1.117393943631614
123253.39950008743	2000.0	2046.189159043958	0.0	0	0.0	2299.588659131259	1	0	1	1.8105411241915592
124200.0	2000.0	2099.588659131368	0.0	0	296.87371037459525	2299.588659131259	1	0	1	1.8105411241915592
125200.0	2000.0	2099.5886591313633	0.0	0	236.86618262126285	2299.588659131259	1	0	1	1.8105411241915592
126386.75119972115	2000.0	1912.8374594102115	0.0	0	0.0	2299.588659131259	1	0	1	1.8105411241915592
127351.7430409036	2000.0	1947.8456182277623	0.0	0	0.0	2299.5886591312737	1	0	1	1.8105411241915579
128635.01775430318	2000.0	1664.57090482818	0.0	0	0.0	2299.5886591312737	1	0	1	1.8105411241915579
129716.60645367796	2000.0	1582.9822054534022	0.0	0	0.0	2299.5886591312883	1	0	1	1.8105411241915563
130750.51011014465	2000.0	1549.0785489867224	0.0	0	0.0	2299.588659131303	1	0	1	1.810541124191555
131441.90125657874	2000.0	1857.6874025526263	0.0	0	0.0	2299.5886591312883	1	0	1	1.8105411241915554
132712.01969824414	2000.0	1587.5689608872024	0.0	0	0.0	2299.5886591312446	1	0	1	1.8105411241915583
133369.73032252013	1000.0	1929.8583366112223	0.0	0	0.0	2299.5886591312446	1	0	1	0.42424676307167086
134452.53227965446	2000.0	1847.0563794768577	0.0	0	0.0	2299.58865913123	1	0	1	1.1173939436316167
135287.8471658516	2000.0	2011.7414932797437	0.0	0	0.0	2299.58865913123	1	0	1	1.810541124191562
136200.0	2000.0	2099.588659131369	0.0	0	144.00141329175676	2299.58865913123	1	0	1	1.810541124191562
137200.0	3000.0	1999.5886591313715	0.0	0	276.3222966621979	2199.588659131259	1	0	2	1.4164238857245048
138200.0	3000.0	1899.588659131367	0.0	0	183.4224503733276	2099.588659131201	1	0	2	2.030368251330071
139388.0337961495	3000.0	1592.7514833669036	0.0	0	0.0	1980.785279516247	1	0	2	2.0395312543304964
140200.0	2000.0	1780.7852795164595	0.0	0	226.27080933371326	1980.785279516247	1	0	1	1.2309455666139704
141200.0	3000.0	1780.7852795164624	0.0	0	393.75933705017087	1980.785279516247	1	0	1	1.8364106747221354
142200.0	3000.0	1680.7852795164565	0.0	0	30.23575063800672	1880.785279516247	1	0	2	1.8461185016152228
143332.0908543928	2000.0	1548.6944251236714	0.0	0	0.0	1880.785279516247	1	0	1	1.2375565495596865
144376.43523733751	2000.0	1504.350042178938	0.0	0	0.0	1880.785279516218	1	0	1	1.8430216576678533
146077.74352682944	2000.0	803.0417526870067	0.0	0	0.0	1880.785279516189	1	0	1	1.843021657667855
146503.26981795632	1000.0	1377.5154615601414	0.0	0	0.0	1880.785279516218	1	0	1	0.4567272965479629
147677.64075170545	2000.0	1203.1445278109977	0.0	0	0.0	1880.785279516218	1	0	1	1.149874477107908
148457.7745226313	1000.0	1423.0107568851697	0.0	0	0.0	1880.785279516218	1	0	1	0.4567272965479629
149813.78726356063	2000.0	1066.9980159558734	0.0	0	0.0	1880.785279516189	1	0	1	1.14987447710791
150900.80587668717	2000.0	979.9794028293526	0.0	0	0.0	1880.7852795161598	1	0	1	1.8430216576678569
152197.84236130142	2000.0	682.9429182150959	0.0	0	0.0	1880.7852795161598	1	0	1	1.8430216576678569
153403.941231437	1000.0	476.84404807949414	0.0	0	0.0	1880.7852795161598	1	0	1	0.4567272965479665
154355.67404703383	1000.0	551.444899141045	26.333666658351888	0	0.0	1907.118946174538	1	0	1	0.990193065149549
155458.83098281833	1000.0	448.28796335655625	0.0	0	0.0	1907.118946174538	1	0	1	1.1481950650996602
155871.55263773593	500.0	1035.5663084389457	0.0	0	0.0	1907.118946174538	1	0	1	-0.23809929602023053
156480.4356543047	1000.0	1426.683291870177	0.0	0	0.0	1907.118946174538	1	0	1	0.4550478845397149
157200.0	1000.0	1707.1189461748486	0.0	0	137.17266518986435	1907.118946174538	1	0	1	1.1481950650996602
158919.21543035156	2000.0	987.9035158233073	0.0	0	0.0	1907.118946174567	1	0	1	1.1481950650996584
159552.19979277384	1000.0	1354.9191534010304	0.0	0	0.0	1907.118946174567	1	0	1	0.4550478845397132
160576.0060972694	2000.0	1331.1128489054893	0.0	0	0.0	1907.118946174567	1	0	1	1.1481950650996584
162066.3553219793	2000.0	840.7636241955756	0.0	0	0.0	1907.118946174538	1	0	1	1.8413422456596054
162698.59677597767	1000.0	1208.5221701972264	0.0	0	0.0	1907.118946174567	1	0	1	0.45504788453971434
163545.22144028614	2000.0	1361.8975058887465	0.0	0	0.0	1907.118946174567	1	0	1	1.1481950650996584
164314.98423476244	2000.0	1592.1347114124337	0.0	0	0.0	1907.118946174538	1	0	1	1.8413422456596054
165200.0	2000.0	1707.1189461748654	0.0	0	346.7422414307366	1907.118946174567	1	0	1	1.8413422456596034
166200.0	2000.0	1707.118946174869	0.0	0	211.3665610770695	1907.118946174567	1	0	1	1.8413422456596034
167524.5368118888	2000.0	1382.582134286061	0.0	0	0.0	1907.118946174567	1	0	1	1.8413422456596034
168305.14507596995	2000.0	1601.9738702048958	0.0	0	0.0	1907.118946174567	1	0	1	1.8413422456596034
169200.0	2000.0	1707.1189461748352	0.0	0	280.0273803572636	1907.118946174567	1	0	1	1.8413422456596034
170200.0	2000.0	1707.1189461748875	0.0	0	273.95754644973204	1907.1189461745962	1	0	1	1.8413422456596016
171200.0	2000.0	1707.1189461749045	0.0	0	325.9159988150059	1907.1189461746253	1	0	1	1.8413422456595996
173144.82439998563	3000.0	567.8121061907007	0.0	0	0.0	1712.636506176088	1	0	2	1.44973593797548
174008.141382964	2000.0	704.495123212303	0.0	0	0.0	1712.636506176088	1	0	1	1.2473259794260307
175315.03060647633	2000.0	397.6058996999847	0.0	0	0.0	1712.636506176088	1	0	1	1.8527910875341955
175999.90805646763	1000.0	712.7284497087048	0.0	0	0.0	1712.636506176088	1	0	1	0.4664967264143052
176470.34811268077	1000.0	1242.288393495561	0.0	0	0.0	1712.636506176088	1	0	1	1.1596439069742503
177200.0	2000.0	1512.636506176343	0.0	0	56.04475254402496	1712.636506176088	1	0	1	1.1596439069742503
178200.0	2000.0	1512.636506176362	0.0	0	282.145675117441	1712.636506176117	1	0	1	1.852791087534194
179200.0	2000.0	1512.6365061763754	0.0	0	373.73388760056696	1712.636506176088	1	0	1	1.8527910875341955
180454.3801040712	2000.0	1258.2564021051928	0.0	0	0.0	1712.636506176059	1	0	1	1.852791087534197
181200.0	2000.0	1512.6365061763706	0.0	0	8.46118084579939	1712.636506176059	1	0	1	1.852791087534197
182200.0	2000.0	1512.6365061763959	0.0	0	161.87019915774	1712.636506176088	1	0	1	1.852791087534196
183200.0	2000.0	1512.6365061764186	0.0	0	112.1850188888493	1712.636506176088	1	0	1	1.8527910875341955
184200.0	2000.0	1512.6365061763845	0.0	0	427.9136495189741	1712.636506176088	1	0	1	1.8527910875341955
185200.0	2000.0	1512.636506176383	0.0	0	108.14509917440591	1712.636506176088	1	0	1	1.8527910875341955
186200.0	2000.0	1512.6365061763786	0.0	0	289.81086221389705	1712.636506176088	1	0	1	1.8527910875341955
187226.25212038762	2000.0	1486.3843857887405	0.0	0	0.0	1712.636506176088	1	0	1	1.8527910875341955
188510.71276869983	2000.0	1201.923737476537	0.0	0	0.0	1712.636506176059	1	0	1	1.852791087534197
189200.0	2000.0	1512.6365061763368	0.0	0	29.34670398005983	1712.6365061760298	1	0	1	1.8527910875341984
190200.0	2000.0	1512.636506176304	0.0	0	178.82024844386615	1712.6365061760298	1	0	1	1.8527910875341984
191242.07177000464	2000.0	1470.5647361716806	0.0	0	0.0	1712.636506176059	1	0	1	1.852791087534197
192200.0	2000.0	1512.636506176318	0.0	0	192.03734829305904	1712.636506176059	1	0	1	1.852791087534197
193472.30727442377	2000.0	1240.3292317525638	0.0	0	0.0	1712.636506176088	1	0	1	1.8527910875341955
194398.7895892155	2000.0	1313.84691696086	0.0	0	0.0	1712.636506176088	1	0	1	1.8527910875341955
195200.0	2000.0	1512.6365061763463	0.0	0	218.40399203656125	1712.636506176088	1	0	1	1.8527910875341955
196200.0	2000.0	1512.6365061763036	0.0	0	187.03813376562903	1712.636506176059	1	0	1	1.8527910875341966
197200.0	2000.0	1512.6365061763106	0.0	0	56.89438724218053	1712.636506176088	1	0	1	1.8527910875341955
198253.34340077	2000.0	1459.2931054062929	0.0	0	0.0	1712.636506176088	1	0	1	1.8527910875341955
199639.3067655331	2000.0	1073.3297406432102	0.0	0	0.0	1712.636506176088	1	0	1	1.8527910875341955
200547.91623955872	2000.0	1164.7202666176165	0.0	0	0.0	1712.636506176088	1	0	1	1.8527910875341955
202115.858163431	2000.0	596.7783427453667	0.0	0	0.0	1712.636506176088	1	0	1	1.8527910875341955
202836.04405271678	1000.0	876.592453459569	0.0	0	0.0	1712.636506176088	1	0	1	0.4664967264143052
203750.4675939307	1000.0	962.1689122456726	0.0	0	0.0	1712.636506176088	1	0	1	1.1596439069742503
204341.6020393023	1000.0	1371.0344668740747	0.0	0	0.0	1712.636506176088	1	0	1	1.1596439069742503
205284.63707674973	2000.0	1427.999429426608	0.0	0	0.0	1712.636506176059	1	0	1	1.159643906974252
206604.3652476753	2000.0	1108.271258501026	0.0	0	0.0	1712.636506176059	1	0	1	1.852791087534197
207337.15892882657	1000.0	1375.4775773497295	0.0	0	0.0	1712.636506176059	1	0	1	0.46649672641430673
208335.5022354008	2000.0	1377.134270775479	0.0	0	0.0	1712.6365061760298	1	0	1	1.1596439069742535
210091.73585918828	2000.0	620.9006469880319	0.0	0	0.0	1712.6365061760007	1	0	1	1.8527910875341997
210705.76836532875	1000.0	1006.8681408475728	0.0	0	0.0	1712.6365061760007	1	0	1	0.4664967264143099
211558.66745187665	2000.0	1153.9690542996746	0.0	0	0.0	1712.6365061759716	1	0	1	1.1596439069742563
212267.03793889692	2000.0	1445.5985672794097	0.0	0	0.0	1712.6365061759716	1	0	1	1.8527910875342015
213678.07106126152	2000.0	1034.565444914815	0.0	0	0.0	1712.6365061760007	1	0	1	1.8527910875342013
214506.21318698494	1000.0	1206.4233191913952	0.0	0	0.0	1712.6365061760007	1	0	1	0.4664967264143099
215642.18396644993	2000.0	1070.4525397264165	0.0	0	0.0	1712.6365061760007	1	0	1	1.159643906974255
216720.6484707322	2000.0	991.9880354441409	0.0	0	0.0	1712.6365061760007	1	0	1	1.8527910875342002
217828.67248892144	2000.0	883.964017254893	0.0	0	0.0	1712.6365061760007	1	0	1	1.8527910875342002
219109.2945788425	2000.0	603.3419273338459	0.0	0	0.0	1712.6365061760298	1	0	1	1.8527910875341989
219811.40926984054	1000.0	901.2272363357963	0.0	0	0.0	1712.6365061760298	1	0	1	0.46649672641430834
220968.84385689336	2000.0	743.7926492829824	0.0	0	0.0	1712.636506176059	1	0	1	1.159643906974252
221500.47586110362	1000.0	1212.1606450727236	0.0	0	0.0	1712.636506176059	1	0	1	0.46649672641430673
222493.61172045654	2000.0	1219.0247857197958	0.0	0	0.0	1712.6365061760298	1	0	1	1.1596439069742535
223528.305528519	2000.0	1184.330977657322	0.0	0	0.0	1712.6365061760298	1	0	1	1.8527910875341984
224476.21432754764	2000.0	1236.422178628705	0.0	0	0.0	1712.636506176059	1	0	1	1.852791087534197
225838.98902515924	2000.0	873.6474810170816	0.0	0	0.0	1712.636506176059	1	0	1	1.852791087534197
226546.58115153055	1000.0	1166.0553546458102	0.0	0	0.0	1712.636506176059	1	0	1	0.46649672641430673
227536.24542254876	2000.0	1176.3910836276161	0.0	0	0.0	1712.636506176059	1	0	1	1.159643906974252
229099.1516235761	2000.0	613.4848826002735	0.0	0	0.0	1712.636506176088	1	0	1	1.8527910875341955
229826.9221488471	1000.0	885.7143573292694	0.0	0	0.0	1712.636506176059	1	0	1	0.4664967264143064
230551.82480752718	1000.0	1160.8116986492096	0.0	0	0.0	1712.636506176059	1	0	1	1.159643906974252
231200.0	1000.0	1512.6365061763877	0.0	0	54.3435014472052	1712.6365061760298	1	0	1	1.1596439069742535
232200.0	2000.0	1512.6365061764059	0.0	0	33.3399692379171	1712.6365061760298	1	0	1	1.1596439069742535
233535.61880605863	2000.0	1177.0177001177851	0.0	0	0.0	1712.636506176059	1	0	1	1.852791087534197
234200.0	1000.0	1512.636506176403	0.0	0	183.85084797424497	1712.636506176059	1	0	1	0.46649672641430673
235388.88147006097	2000.0	1323.755036115421	0.0	0	0.0	1712.636506176059	1	0	1	1.159643906974252
236580.69944334228	2000.0	1131.937062834119	0.0	0	0.0	1712.6365061760298	1	0	1	1.8527910875341984
237210.4700959759	2000.0	1502.1664102004775	0.0	0	0.0	1712.6365061760298	1	0	1	1.8527910875341984
238200.0	2000.0	1512.6365061763695	0.0	0	284.9042989567679	1712.6365061760007	1	0	1	1.8527910875341997
239271.0242805131	2000.0	1441.6122256632352	0.0	0	0.0	1712.6365061760007	1	0	1	1.8527910875342002
240200.0	2000.0	1512.6365061763606	0.0	0	254.71922195641673	1712.6365061760007	1	0	1	1.8527910875342002
241348.26715215776	2000.0	1364.369354018603	0.0	0	0.0	1712.6365061760007	1	0	1	1.8527910875342002
242200.0	2000.0	1512.636506176383	0.0	0	110.36506361194188	1712.6365061760298	1	0	1	1.8527910875341984
243200.0	2000.0	1512.6365061763584	0.0	0	159.8927097369742	1712.636506176059	1	0	1	1.852791087534197
244200.0	2000.0	1512.636506176348	0.0	0	210.93913576175692	1712.636506176088	1	0	1	1.8527910875341955
245474.06947883498	2000.0	1238.5670273413684	0.0	0	0.0	1712.636506176088	1	0	1	1.8527910875341955
246563.78141878094	2000.0	1148.855087395387	0.0	0	0.0	1712.636506176088	1	0	1	1.8527910875341955
247679.46315792427	2000.0	1033.1733482520397	0.0	0	0.0	1712.636506176088	1	0	1	1.8527910875341955
248783.11233142327	2000.0	929.5241747530631	0.0	0	0.0	1712.636506176088	1	0	1	1.8527910875341955
250062.20951263738	2000.0	650.4269935389176	0.0	0	0.0	1712.636506176088	1	0	1	1.8527910875341955
251581.7212022313	2000.0	235.10767432946506	104.19237038447432	0	0.0	1816.8288765605248	1	0	1	1.22177225664413
251972.54114527584	1000.0	844.2877312849567	0.0	0	0.0	1816.828876560554	1	0	1	0.4606321178310838
252814.86356839156	2000.0	1001.965308169213	0.0	0	0.0	1816.8288765604957	1	0	1	1.1537792983910318
253427.27459346628	2000.0	1389.5542830944812	0.0	0	0.0	1816.8288765604957	1	0	1	1.8469264789509776
254593.78931086813	2000.0	1223.0395656926125	0.0	0	0.0	1816.8288765604666	1	0	1	1.8469264789509792
255934.5395795674	2000.0	882.2892969933342	0.0	0	0.0	1816.8288765604375	1	0	1	1.8469264789509803
257100.99780336808	2000.0	715.8310731926983	0.0	0	0.0	1816.8288765604666	1	0	1	1.8469264789509796
257750.35304758523	1000.0	1066.4758289755414	0.0	0	0.0	1816.8288765604375	1	0	1	0.46063211783109076
259047.17184581482	2000.0	769.6570307459384	0.0	0	0.0	1816.8288765604084	1	0	1	1.1537792983910378
259653.90543401634	1000.0	1162.9234425444386	0.0	0	0.0	1816.8288765604084	1	0	1	0.4606321178310925
260872.07013968626	2000.0	944.758736874503	0.0	0	0.0	1816.8288765603793	1	0	1	1.1537792983910384
261427.46582810863	1000.0	1389.3630484521361	0.0	0	0.0	1816.8288765603793	1	0	1	0.46063211783109426
262792.9096248757	2000.0	1023.9192516850954	0.0	0	0.0	1816.8288765604084	1	0	1	1.1537792983910384
263604.20702295005	1000.0	1212.6218536106549	0.0	0	0.0	1816.828876560321	1	0	1	0.4606321178310956
264846.73311961023	2000.0	970.0957569504922	0.0	0	0.0	1816.828876560321	1	0	1	1.1537792983910427
265859.9251205993	2000.0	956.9037559614162	0.0	0	0.0	1816.828876560321	1	0	1	1.8469264789509878
266739.14688595926	2000.0	1077.6819906013875	0.0	0	0.0	1816.828876560321	1	0	1	1.8469264789509878
267857.83862219646	2000.0	958.9902543641739	0.0	0	0.0	1816.828876560321	1	0	1	1.8469264789509878
269027.6400886379	2000.0	789.188787922728	0.0	0	0.0	1816.8288765602629	1	0	1	1.8469264789509903
269710.62284079805	1000.0	1106.2060357625592	0.0	0	0.0	1816.8288765602629	1	0	1	0.4606321178311011
270655.6671279862	1000.0	1161.16174857438	0.0	0	0.0	1816.8288765602047	1	0	1	1.1537792983910498
271492.34580156737	2000.0	1324.4830749932432	0.0	0	0.0	1816.8288765602047	1	0	1	1.1537792983910498
272384.3873415254	2000.0	1432.4415350351512	0.0	0	0.0	1816.8288765602047	1	0	1	1.8469264789509947
273368.9154863918	2000.0	1447.913390168773	0.0	0	0.0	1816.8288765602629	1	0	1	1.8469264789509916
274311.4406518213	2000.0	1505.3882247392644	0.0	0	0.0	1816.8288765602629	1	0	1	1.8469264789509916
275200.0	2000.0	1616.8288765605955	0.0	0	39.50654154573567	1816.8288765602629	1	0	1	1.8469264789509916
276235.2473526554	2000.0	1581.5815239051674	0.0	0	0.0	1816.8288765602629	1	0	1	1.8469264789509916
277292.76276166306	2000.0	1524.066114897447	0.0	0	0.0	1816.828876560321	1	0	1	1.8469264789509878
278211.3735452753	2000.0	1605.4553312851565	0.0	0	0.0	1816.828876560321	1	0	1	1.8469264789509878
279200.0	2000.0	1616.8288765604048	0.0	0	112.70277113246266	1816.828876560321	1	0	1	1.8469264789509878
280200.0	2000.0	1616.8288765604755	0.0	0	129.3276054218295	1816.8288765603793	1	0	1	1.8469264789509845
281659.2340925037	2000.0	1157.5947840566841	0.0	0	0.0	1816.828876560321	1	0	1	1.8469264789509852
282566.0464069411	1000.0	1250.782469619306	0.0	0	0.0	1816.828876560321	1	0	1	0.4606321178310976
283264.9792540076	1000.0	1551.849622552772	0.0	0	0.0	1816.828876560321	1	0	1	1.1537792983910427
284200.0	2000.0	1616.8288765603384	0.0	0	151.93576385849155	1816.8288765603793	1	0	1	1.1537792983910393
285200.0	2000.0	1616.828876560301	0.0	0	341.4300771552953	1816.8288765604375	1	0	1	1.846926478950981
286200.0	2000.0	1616.8288765603459	0.0	0	497.7153912965441	1816.8288765604375	1	0	1	1.846926478950981
287200.0	3000.0	1616.8288765603158	0.0	0	316.5863177489955	1816.8288765604375	1	0	1	1.8469264789509812
288200.0	3000.0	1616.8288765602813	0.0	0	165.24269239720888	1816.8288765603793	1	0	1	2.2523915870591487
289200.0	2000.0	1616.8288765602415	0.0	0	388.3649026963394	1816.828876560321	1	0	1	1.4414613708428226
290200.0	2000.0	1616.828876560261	0.0	0	259.79778862389503	1816.828876560321	1	0	1	1.8469264789509878
291520.82686293445	3000.0	1296.002013625783	0.0	0	0.0	1816.8288765602629	1	0	1	1.8469264789509916
292532.23474233435	2000.0	1284.594134225887	0.0	0	0.0	1816.8288765602629	1	0	1	1.441461370842827
293510.7291436651	2000.0	1306.09973289512	0.0	0	0.0	1816.8288765602629	1	0	1	1.8469264789509916
294998.538570445	2000.0	818.2903061152663	0.0	0	0.0	1816.828876560321	1	0	1	1.8469264789509878
296239.78224646713	2000.0	577.0466300931498	0.0	0	0.0	1816.8288765603793	1	0	1	1.8469264789509845
296989.2396748503	1000.0	827.589201709969	0.0	0	0.0	1816.8288765603793	1	0	1	0.46063211783109426
297470.8256437273	1000.0	1346.0032328329698	0.0	0	0.0	1816.8288765604375	1	0	1	1.153779298391036
298357.1712160821	2000.0	1459.6576604781344	0.0	0	0.0	1816.8288765604375	1	0	1	1.1537792983910358
299539.80842897104	2000.0	1277.0204475892338	0.0	0	0.0	1816.8288765604375	1	0	1	1.846926478950981
300200.0	2000.0	1616.828876560223	0.0	0	35.156955391168594	1816.8288765604375	1	0	1	1.846926478950981
1.23	0.83	1.0	0.9	1.44	2.15	1.27	1.48	1.88	1.37	1.66	1.85	2.59	3.43	1.85	1.91	2.86	3.0	3.85	3.19	1.34	1.8	2.02	1.75	1.88	2.51	3.34	2.92	1.73	2.22	1.99	2.7	3.2	2.9	1.51	1.78	2.18	2.43	1.69	1.92	2.19	2.1	2.75	3.71	2.51	1.52	1.96	1.62	1.96	1.55	1.61	1.34	1.66	2.05	1.33	1.41	1.81	1.23	1.95	2.07	2.48	1.45	1.62	1.62	2.21	2.33	1.96	1.92	1.59	1.73	1.84	1.77	1.71	2.1	1.71	2.28	1.31	1.36	1.69	2.06	1.31	1.44	1.89	2.1	2.36	3.26	2.31	2.64	2.58	2.24	2.27	3.02	2.37	1.44	2.07	2.13	2.04	1.99	1.88	1.66	2.2	2.77	2.24	1.73	2.39	1.83	1.63	1.61	1.84	1.52	1.78	1.68	1.95	1.96	2.09	2.06	1.89	1.55	1.07	2.65	2.47	2.81	2.02	1.76	2.62	2.06	2.22	2.4	2.78	1.23	1.22	1.97	2.63	3.64	4.58	4.04	2.75	3.67	3.86	1.62	2.31	1.84	1.04	1.88	1.62	1.62	1.91	2.14	2.58	2.51	1.23	0.83	1.0	0.9	1.44	2.15	1.27	1.48	1.88	1.37	1.66	1.85	2.59	3.43	1.85	1.91	2.86	3.0	3.85	3.19	1.34	1.8	2.02	1.75	1.88	2.51	3.34	2.92	1.73	2.22	1.99	2.7	3.2	2.9	1.51	1.78	2.18	2.43	1.69	1.92	2.19	2.1	2.75	3.71	2.51	1.52	1.96	1.62	1.96	1.55	1.61	1.34	1.66	2.05	1.33	1.41	1.81	1.23	1.95	2.07	2.48	1.45	1.62	1.62	2.21	2.33	1.96	1.92	1.59	1.73	1.84	1.77	1.71	2.1	1.71	2.28	1.31	1.36	1.69	2.06	1.31	1.44	1.89	2.1	2.36	3.26	2.31	2.64	2.58	2.24	2.27	3.02	2.37	1.44	2.07	2.13	2.04	1.99	1.88	1.66	2.2	2.77	2.24	1.73	2.39	1.83	1.63	1.61	1.84	1.52	1.78	1.68	1.95	1.96	2.09	2.06	1.89	1.55	1.07	2.65	2.47	2.81	2.02	1.76	2.62	2.06	2.22	2.4	2.78	1.23	1.22	1.97	2.63	3.64	4.58	4.04	2.75	3.67	3.86	1.62	2.31	1.84	1.04	1.88	1.62	1.62	1.91	2.14	2.58	2.51	1.23	0.83
1.0	2.0	3.0	4.0	5.0	6.0	7.0	8.0	9.0	10.0	11.0	12.0	13.0	14.0	15.0	16.0	17.0	18.0	19.0	20.0	21.0	22.0	23.0	24.0	25.0	26.0	27.0	28.0	29.0	30.0	31.0	32.0	33.0	34.0	35.0	36.0	37.0	38.0	39.0	40.0	41.0	42.0	43.0	44.0	45.0	46.0	47.0	48.0	49.0	50.0	51.0	52.0	53.0	54.0	55.0	56.0	57.0	58.0	59.0	60.0	61.0	62.0	63.0	64.0	65.0	66.0	67.0	68.0	69.0	70.0	71.0	72.0	73.0	74.0	75.0	76.0	77.0	78.0	79.0	80.0	81.0	82.0	83.0	84.0	85.0	86.0	87.0	88.0	89.0	90.0	91.0	92.0	93.0	94.0	95.0	96.0	97.0	98.0	99.0	100.0	101.0	102.0	103.0	104.0	105.0	106.0	107.0	108.0	109.0	110.0	111.0	112.0	113.0	114.0	115.0	116.0	117.0	118.0	119.0	120.0	121.0	122.0	123.0	124.0	125.0	126.0	127.0	128.0	129.0	130.0	131.0	132.0	133.0	134.0	135.0	136.0	137.0	138.0	139.0	140.0	141.0	142.0	143.0	144.0	145.0	146.0	147.0	148.0	149.0	149.0	150.0	151.0	152.0	153.0	154.0	155.0	156.0	157.0	158.0	159.0	160.0	161.0	162.0	163.0	164.0	165.0	166.0	167.0	168.0	169.0	170.0	171.0	172.0	173.0	174.0	175.0	176.0	177.0	178.0	179.0	180.0	181.0	182.0	183.0	184.0	185.0	186.0	187.0	188.0	189.0	190.0	191.0	192.0	193.0	194.0	195.0	196.0	197.0	198.0	199.0	200.0	201.0	202.0	203.0	204.0	205.0	206.0	207.0	208.0	209.0	210.0	211.0	212.0	213.0	214.0	215.0	216.0	217.0	218.0	219.0	220.0	221.0	222.0	223.0	224.0	225.0	226.0	227.0	228.0	229.0	230.0	231.0	232.0	233.0	234.0	235.0	236.0	237.0	238.0	239.0	240.0	241.0	242.0	243.0	244.0	245.0	246.0	247.0	248.0	249.0	250.0	251.0	252.0	253.0	254.0	255.0	256.0	257.0	258.0	259.0	260.0	261.0	262.0	263.0	264.0	265.0	266.0	267.0	268.0	269.0	270.0	271.0	272.0	273.0	274.0	275.0	276.0	277.0	278.0	279.0	280.0	281.0	282.0	283.0	284.0	285.0	286.0	287.0	288.0	289.0	290.0	291.0	292.0	293.0	294.0	295.0	296.0	297.0	298.0	298.0	299.0	300.0
2553.8816792548646
