5960.759854019947	300.0	2000.0	223.67127062167174	0	0.0	5960.759854019947	1	0	1	-3.2417076532806735
8226.210874625403	2000.0	508.00387733399793	0.0	0	0.0	5734.214751959402	1	0	2	-2.1979768191564335
9129.77665405486	500.0	604.4380979045437	0.0	0	0.0	5734.214751959404	1	0	1	-2.8013466512988012
9640.134245343434	500.0	1094.0805066159694	0.0	0	0.0	5734.214751959404	1	0	1	-1.2150522901789105
10063.743601955428	500.0	1670.4711500039764	0.0	0	0.0	5734.2147519594055	1	0	1	-1.2150522901789118
10957.628378015048	1000.0	1776.5863739443548	0.0	0	0.0	5734.214751959404	1	0	1	-1.2150522901789116
12229.071389774725	1000.0	1505.143362184678	0.0	0	0.0	5734.214751959404	1	0	1	-0.5219051096189657
12781.09546124797	500.0	1953.119290711433	0.0	0	0.0	5734.214751959404	1	0	1	-1.9081994707388557
13441.195276372859	1000.0	2293.019475586545	0.0	0	0.0	5734.214751959404	1	0	1	-1.2150522901789107
15412.045171299069	2000.0	1125.084591167714	0.0	0	0.0	5537.129762466784	1	0	2	-0.7734306642292601
16102.795217986124	500.0	1434.3345444806605	0.0	0	0.0	5537.129762466782	1	0	1	-2.610798824731022
16643.19835431518	500.0	1893.931408151606	0.0	0	0.0	5537.129762466782	1	0	1	-1.0245044636111316
17386.705642837554	1000.0	2150.4241196292273	0.0	0	0.0	5537.129762466775	1	0	1	-1.0245044636111273
18818.657944312108	2000.0	1575.2765880072188	0.0	0	0.0	5393.934532319319	1	0	2	-0.6313796692640536
19715.033665740746	1000.0	1678.900866578585	0.0	0	0.0	5393.934532319325	1	0	1	-1.0911128416245086
20602.639582158154	1000.0	1791.2949501611772	0.0	0	0.0	5393.934532319325	1	0	1	-0.1979656610645653
21672.783641263526	1000.0	1721.150891055806	0.0	0	0.0	5393.9345323193265	1	0	1	-0.1979656610645663
22867.287615909867	1000.0	1526.646916409463	0.0	0	0.0	5393.9345323193265	1	0	1	-0.19796566106456664
23554.649418941815	500.0	1839.2851133775157	0.0	0	0.0	5393.9345323193265	1	0	1	-1.5842600221844572
24232.263856675858	500.0	2161.6706756434733	0.0	0	0.0	5393.9345323193265	1	0	1	-0.891112841624512
25344.835539008425	1000.0	1937.8418250776442	0.0	0	0.0	5282.677364086059	1	0	2	-1.217259458536281
25973.630850195594	500.0	2309.0465138904756	0.0	0	0.0	5282.677364086059	1	0	1	-1.6843623801339547
28022.881609112996	2000.0	1054.870679081333	0.0	0	0.0	5077.752288194315	1	0	2	-1.0614873638224958
28466.256568972112	500.0	1611.4957192222141	0.0	0	0.0	5077.752288194315	1	0	1	-2.2035787606491577
29179.308214512836	1000.0	1898.4440736814893	0.0	0	0.0	5077.752288194315	1	0	1	-0.6172843995292671
30600.778005360582	1000.0	1476.9742828337412	0.0	0	0.0	5077.752288194311	1	0	1	0.07586278103068139
31146.63051886046	500.0	1931.1217693338624	0.0	0	0.0	5077.752288194311	1	0	1	-1.3104315800892097
32739.104752863863	1000.0	1338.6475353304588	0.0	0	0.0	5077.752288194311	1	0	1	-0.6172843995292643
33233.05711330732	500.0	1844.695174887002	0.0	0	0.0	5077.752288194304	1	0	1	-1.310431580089204
33965.99031961009	1000.0	2111.761968584226	0.0	0	0.0	5077.7522881943005	1	0	1	-0.617284399529256
35969.578211113905	2000.0	907.8152879300394	0.0	0	0.0	4877.39349904393	1	0	2	-0.21328225324881822
36552.426909040274	500.0	1324.9665900036625	0.0	0	0.0	4877.393499043919	1	0	1	-2.0476907428187063
37001.32097868147	500.0	1876.0725203624568	0.0	0	0.0	4877.393499043908	1	0	1	-0.46139638169880937
38557.52008728931	2000.0	1164.2535008938373	0.0	0	0.0	4721.773588183132	1	0	2	-0.7778226379346872
39267.4383776117	1000.0	1454.3352105714484	0.0	0	0.0	4721.773588183132	1	0	1	-0.5506929986450846
39975.86911985738	1000.0	1745.9044683257673	0.0	0	0.0	4721.773588183132	1	0	1	0.3424541819148605
41939.66765446015	2000.0	585.7260802627234	0.0	0	0.0	4525.393734722849	1	0	2	0.03673394477353159
42465.64941119791	500.0	1059.7443235249602	0.0	0	0.0	4525.393734722849	1	0	1	-1.8105522196314405
43185.150758230906	1000.0	1340.2429764919639	0.0	0	0.0	4525.393734722842	1	0	1	-0.22425785851154514
43853.2105381797	1000.0	1672.1831965431754	0.0	0	0.0	4525.393734722842	1	0	1	0.46888932204840017
45276.45338421747	2000.0	1106.6160659016132	0.0	0	0.0	4383.069450119052	1	0	2	0.13081418136490014
46561.31095775653	1000.0	821.7584923625578	0.0	0	0.0	4383.069450119052	1	0	1	-0.3417983636163522
47976.91135279536	500.0	406.1580973237189	0.0	0	0.0	4383.069450119052	1	0	1	-0.8349455441762976
48753.20645028629	500.0	733.2604438396078	103.39744400681379	0	0.0	4486.466894125893	1	0	1	-0.8213316563656747
49381.10824250058	500.0	1105.358651625315	0.0	0	0.0	4486.466894125893	1	0	1	-0.20094699232479202
49788.56102088081	500.0	1697.9058732450833	0.0	0	0.0	4486.466894125893	1	0	1	-0.20094699232479202
50799.67603518738	1000.0	1686.7908589385067	0.0	0	0.0	4486.466894125886	1	0	1	-0.20094699232478805
51529.31757552905	1000.0	1957.1493185968397	0.0	0	0.0	4486.466894125893	1	0	1	0.49220018823515344
52546.81264673147	2000.0	1837.9047402741778	0.0	0	0.0	4384.717387005658	1	0	2	0.13634990304963626
53594.15154151219	2000.0	1685.831956015386	0.0	0	0.0	4279.983497527588	1	0	2	1.083337662651446
54872.385907838056	2000.0	1279.7741530569403	0.0	0	0.0	4152.160060895003	1	0	2	1.1455131406689385
55578.7922294621	1000.0	1573.3678314328997	0.0	0	0.0	4152.160060895003	1	0	1	-0.2237907333415508
56707.60162334189	1000.0	1444.5584375530975	0.0	0	0.0	4152.160060894996	1	0	1	0.6693564472183979
57429.016502507766	500.0	1723.1435583872212	0.0	0	0.0	4152.160060894996	1	0	1	-0.7169379139014931
58828.790191481625	1000.0	1323.369869413357	0.0	0	0.0	4152.160060894996	1	0	1	-0.023790733341547465
59485.164362301446	500.0	1666.9956985935405	0.0	0	0.0	4152.160060894996	1	0	1	-0.7169379139014931
60575.05603646222	1000.0	1577.1040244327553	0.0	0	0.0	4152.160060894996	1	0	1	-0.023790733341547465
61633.95882255163	1000.0	1518.201238343344	0.0	0	0.0	4152.160060895003	1	0	1	0.6693564472183946
62401.398045719136	500.0	1750.762015175833	0.0	0	0.0	4152.160060895003	1	0	1	-0.7169379139014964
63286.18389492185	1000.0	1865.9761659731146	0.0	0	0.0	4152.160060895003	1	0	1	-0.023790733341550796
65370.49996004078	2000.0	573.2284943422935	0.0	0	0.0	3943.7284543831192	1	0	2	0.3316613445385159
65850.85025987389	500.0	1092.8781945091841	0.0	0	0.0	3943.7284543831047	1	0	1	-1.5192590796504049
66923.78038923888	1000.0	1019.9480651442019	0.0	0	0.0	3943.728454383112	1	0	1	0.06703528146948959
67552.0780940624	1000.0	1391.6503603206763	0.0	0	0.0	3943.728454383112	1	0	1	0.7601824620294314
68440.09013637553	1000.0	1503.6383180075486	0.0	0	0.0	3943.728454383112	1	0	1	0.7601824620294318
69097.25527453687	1000.0	1846.4731798461876	0.0	0	0.0	3943.7284543830974	1	0	1	0.7601824620294385
69786.90892659914	1000.0	2156.8195277839122	0.0	0	0.0	3943.72845438309	1	0	1	0.7601824620294408
71273.17253148062	2000.0	1521.9295624142578	0.0	0	0.0	3795.1020938949223	1	0	2	0.40191947120336774
72015.52576251401	1000.0	1779.5763313808616	0.0	0	0.0	3795.1020938949223	1	0	1	-0.07652995149389474
73471.79327931558	1000.0	1323.3088145792913	0.0	0	0.0	3795.1020938949223	1	0	1	0.8166172290660506
73971.6562748484	500.0	1823.4458190464868	0.0	0	0.0	3795.1020938949223	1	0	1	-0.5696771320538402
74599.72757200303	1000.0	2195.3745218918466	0.0	0	0.0	3795.1020938949223	1	0	1	0.12347004850610521
76132.56324157676	2000.0	1509.2552853607451	0.0	0	0.0	3641.818526937539	1	0	2	0.45587313623375925
76965.0105310694	1000.0	1676.807995868091	0.0	0	0.0	3641.818526937539	1	0	1	-0.02495451806778215
77589.40197181773	1000.0	2052.4165551197725	0.0	0	0.0	3641.818526937539	1	0	1	0.8681926624921632
79310.03441312723	2000.0	1159.7208696793155	0.0	0	0.0	3469.7552828065527	1	0	2	0.5054956823907395
80296.09161085528	1000.0	1173.6636719512585	0.0	0	0.0	3469.7552828065527	1	0	1	0.02565641685711778
81378.32566887664	1000.0	1091.4296139298967	0.0	0	0.0	3469.7552828065527	1	0	1	0.918803597417063
81965.942138987	1000.0	1503.8131438195353	0.0	0	0.0	3469.7552828065527	1	0	1	0.918803597417063
82550.05943142441	1000.0	1919.6958513821305	0.0	0	0.0	3469.7552828065527	1	0	1	0.918803597417063
84094.83434430757	2000.0	1374.9209384989695	0.0	0	0.0	3469.7552828065527	1	0	1	0.918803597417063
84761.94552605107	1000.0	1707.809756755465	0.0	0	0.0	3469.7552828065673	1	0	1	0.22565641685711402
86075.79287533893	2000.0	1393.9624074675962	0.0	0	0.0	3469.7552828065673	1	0	1	0.9188035974170591
86998.90015059292	1000.0	1470.855132213599	0.0	0	0.0	3469.7552828065673	1	0	1	0.22565641685711402
87953.60419246582	1000.0	1516.1510903407122	0.0	0	0.0	3469.7552828065673	1	0	1	0.9188035974170592
88826.12700212984	1000.0	1643.6282806766967	0.0	0	0.0	3469.7552828065673	1	0	1	0.9188035974170592
89779.46755276584	1000.0	1690.2877300406972	0.0	0	0.0	3469.7552828065673	1	0	1	0.9188035974170592
90841.26029020349	1000.0	1628.4949926030624	0.0	0	0.0	3469.7552828065673	1	0	1	0.9188035974170592
91959.2849790781	1000.0	1510.4703037284448	0.0	0	0.0	3469.7552828065673	1	0	1	0.9188035974170592
92821.41009435325	1000.0	1648.3451884533022	0.0	0	0.0	3469.7552828065527	1	0	1	0.918803597417063
93538.84600514818	1000.0	1930.9092776583896	0.0	0	0.0	3469.7552828065527	1	0	1	0.918803597417063
94248.65968319042	1000.0	2221.095599616152	0.0	0	0.0	3469.7552828065527	1	0	1	0.918803597417063
95056.8766351378	1000.0	2412.8786476687715	0.0	0	0.0	3469.7552828065527	1	0	1	0.918803597417063
96243.18400823307	2000.0	2226.5712745735	0.0	0	0.0	3469.7552828065673	1	0	1	0.9188035974170591
98472.42739829262	2000.0	774.4035455079973	0.0	0	0.0	3246.8309438006254	1	0	2	1.2533248722733956
99161.28771872503	500.0	1085.543225075591	0.0	0	0.0	3246.8309438006254	1	0	1	-1.305209937109789
100091.79360443608	1000.0	1155.037339364549	0.0	0	0.0	3246.8309438006254	1	0	1	0.2810844240101018
101192.33895999858	1000.0	1054.4919838020567	0.0	0	0.0	3246.8309438006254	1	0	1	0.9742316045700472
102002.0280237438	1000.0	1244.8029200568335	0.0	0	0.0	3246.8309438006254	1	0	1	0.9742316045700472
102989.52254891729	1000.0	1257.30839488335	0.0	0	0.0	3246.8309438006254	1	0	1	0.9742316045700472
104507.27921626101	1000.0	739.5517275396115	0.0	0	0.0	3246.8309438006254	1	0	1	0.9742316045700472
105060.26437255452	500.0	1186.566571246113	0.0	0	0.0	3246.83094380064	1	0	1	-0.4120627565498469
106086.26174938354	1000.0	1160.5691944171062	0.0	0	0.0	3246.83094380064	1	0	1	0.2810844240100985
106979.49982439088	1000.0	1267.3311194097741	0.0	0	0.0	3246.83094380064	1	0	1	0.9742316045700439
107712.503487415	1000.0	1534.3274563856608	0.0	0	0.0	3246.8309438006254	1	0	1	0.9742316045700472
108526.57369323185	1000.0	1720.2572505688108	0.0	0	0.0	3246.830943800611	1	0	1	0.9742316045700505
109533.18157526129	1000.0	1713.6493685393964	0.0	0	0.0	3246.830943800611	1	0	1	0.9742316045700505
110328.79485439368	1000.0	1918.0360894069984	0.0	0	0.0	3246.830943800611	1	0	1	0.9742316045700505
111066.95398064009	1000.0	2179.8769631605874	0.0	0	0.0	3246.830943800611	1	0	1	0.9742316045700505
112442.28632808213	2000.0	1804.54461571855	0.0	0	0.0	3246.830943800611	1	0	1	0.9742316045700505
113675.43073471935	1000.0	1571.4002090813233	0.0	0	0.0	3246.8309438006254	1	0	1	0.28108442401010203
115028.31253367823	1000.0	1218.5184101224656	0.0	0	0.0	3246.8309438006254	1	0	1	0.9742316045700472
116245.15339529449	1000.0	1001.6775485061985	0.0	0	0.0	3246.8309438006254	1	0	1	0.9742316045700472
117092.47522184285	1000.0	1154.3557219578383	0.0	0	0.0	3246.8309438006254	1	0	1	0.9742316045700472
118131.67756264172	1000.0	1115.153381158952	0.0	0	0.0	3246.8309438006254	1	0	1	0.9742316045700472
119265.65061407072	1000.0	981.1803297299584	0.0	0	0.0	3246.8309438006254	1	0	1	0.9742316045700472
119938.81342632227	1000.0	1308.0175174784101	0.0	0	0.0	3246.8309438006254	1	0	1	0.9742316045700472
120769.07934411944	1000.0	1477.7515996812485	0.0	0	0.0	3246.83094380064	1	0	1	0.9742316045700439
121795.21707390442	1000.0	1451.6138698962648	0.0	0	0.0	3246.8309438006545	1	0	1	0.9742316045700407
122737.4585332778	1000.0	1509.3724105229073	0.0	0	0.0	3246.830943800669	1	0	1	0.9742316045700373
123827.01539331854	1000.0	1419.8155504821557	0.0	0	0.0	3246.830943800669	1	0	1	0.9742316045700373
124979.8949170351	1000.0	1266.9360267655989	0.0	0	0.0	3246.8309438006545	1	0	1	0.9742316045700407
125816.81149976626	1000.0	1430.0194440344271	0.0	0	0.0	3246.830943800669	1	0	1	0.9742316045700373
127139.5996053897	1000.0	1107.2313384109889	0.0	0	0.0	3246.830943800669	1	0	1	0.9742316045700373
127526.86354278335	500.0	1719.9674010173317	0.0	0	0.0	3246.830943800669	1	0	1	-0.4120627565498536
128263.09281379837	1000.0	1983.738130002334	0.0	0	0.0	3246.8309438006836	1	0	1	0.28108442401008876
128849.7186490217	1000.0	2397.1122947790127	0.0	0	0.0	3246.830943800669	1	0	1	0.9742316045700373
129961.35674028838	2000.0	2285.474203512336	0.0	0	0.0	3246.830943800669	1	0	1	0.9742316045700374
131769.1145633058	2000.0	1477.716380494919	0.0	0	0.0	3246.8309438006836	1	0	1	1.6673787851299813
133127.24157595346	1000.0	1119.5893678472676	0.0	0	0.0	3246.8309438007127	1	0	1	0.28108442401008565
133973.7838036951	1000.0	1273.0471401055959	0.0	0	0.0	3246.8309438007127	1	0	1	0.9742316045700288
135419.33384955354	1000.0	827.4970942471556	0.0	0	0.0	3246.8309438007127	1	0	1	0.9742316045700274
136249.33333700497	500.0	997.4976067957327	0.0	0	0.0	3246.8309438007127	1	0	1	-0.41206275654986346
136965.94395270618	500.0	1280.88699109452	0.0	0	0.0	3246.8309438006836	1	0	1	0.28108442401008865
137878.56427560135	1000.0	1368.2666681993371	0.0	0	0.0	3246.8309438006836	1	0	1	0.28108442401008876
138725.26245568722	1000.0	1521.56848811345	0.0	0	0.0	3246.8309438006836	1	0	1	0.9742316045700341
139361.73471175387	1000.0	1885.0962320467909	0.0	0	0.0	3246.8309438006836	1	0	1	0.9742316045700341
139862.85392497227	1000.0	2383.977018828426	0.0	0	0.0	3246.8309438006836	1	0	1	0.9742316045700341
141245.7525628587	2000.0	2001.0783809420097	0.0	0	0.0	3246.8309438006836	1	0	1	0.9742316045700341
142013.17288134585	1000.0	2233.6580624548988	0.0	0	0.0	3246.8309438006836	1	0	1	0.281084424010089
143239.68555685235	2000.0	2007.1453869484294	0.0	0	0.0	3246.8309438006836	1	0	1	0.9742316045700341
143941.2461776321	1000.0	2305.584766168718	0.0	0	0.0	3246.8309438006836	1	0	1	0.281084424010089
144778.21150875025	1000.0	2468.6194350505793	0.0	0	0.0	3246.8309438006836	1	0	1	0.9742316045700341
145963.25403519973	2000.0	2283.576908601066	0.0	0	0.0	3246.8309438006836	1	0	1	0.9742316045700341
146875.69041858896	1000.0	2371.1405252117997	0.0	0	0.0	3246.8309438006836	1	0	1	0.281084424010089
148184.93413214743	1000.0	2061.8968116533483	0.0	0	0.0	3246.8309438006836	1	0	1	0.9742316045700341
149273.18234814264	1000.0	1973.6485956581118	0.0	0	0.0	3246.8309438006836	1	0	1	0.9742316045700341
150005.49388911086	1000.0	2241.3370546898896	0.0	0	0.0	3246.8309438006836	1	0	1	0.9742316045700341
150640.91293295228	1000.0	2605.918010848485	0.0	0	0.0	3246.8309438006836	1	0	1	0.9742316045700341
152111.27492730075	2000.0	2135.556016500028	0.0	0	0.0	3246.8309438006836	1	0	1	0.9742316045700341
152766.84143392235	1000.0	2479.989509878434	0.0	0	0.0	3246.8309438007127	1	0	1	0.2810844240100823
153614.335716861	1000.0	2632.495226939796	0.0	0	0.0	3246.8309438007127	1	0	1	0.9742316045700274
155373.56062150482	2000.0	1697.3478318316231	0.0	0	0.0	3070.908453336335	1	0	2	0.6019571914143625
156505.6545998904	1000.0	1565.2538534460405	0.0	0	0.0	3070.908453336364	1	0	1	0.1177798832127982
157920.7262156289	1000.0	1150.182237707552	0.0	0	0.0	3070.908453336364	1	0	1	1.0109270637727392
158542.23998091358	500.0	1528.6684724228276	0.0	0	0.0	3070.908453336335	1	0	1	-0.37536729734714946
159228.91702579957	1000.0	1841.9914275368506	0.0	0	0.0	3070.908453336335	1	0	1	0.31777988321279926
160033.00475698433	1000.0	2037.903696352051	0.0	0	0.0	3070.908453336335	1	0	1	1.0109270637727445
161527.22116318104	1000.0	1543.6872901553677	0.0	0	0.0	3070.9084533363057	1	0	1	1.0109270637727503
162526.0997165779	1000.0	1544.8087367584753	0.0	0	0.0	3070.9084533363057	1	0	1	1.0109270637727503
163189.9010971359	1000.0	1881.0073562004561	0.0	0	0.0	3070.9084533363057	1	0	1	1.0109270637727503
164064.78848386457	1000.0	2006.1199694718161	0.0	0	0.0	3070.908453336335	1	0	1	1.0109270637727445
164642.71308854103	1000.0	2428.195364795357	0.0	0	0.0	3070.9084533362766	1	0	1	1.0109270637727525
165514.77292559558	1000.0	2556.135527740802	0.0	0	0.0	3070.9084533362766	1	0	1	1.0109270637727557
166503.37933131386	1000.0	2567.5291220225154	0.0	0	0.0	3070.9084533362766	1	0	1	1.0109270637727557
168001.54015842034	2000.0	1919.552212205411	0.0	0	0.0	2921.0923706256435	1	0	2	0.6309098005288571
168734.80017397483	1000.0	2186.2921966509075	0.0	0	0.0	2921.0923706256435	1	0	1	0.1447732052720232
170231.96229847925	2000.0	1689.1300721465302	0.0	0	0.0	2921.0923706256435	1	0	1	1.0379203858319686
171227.8556569315	1000.0	1693.2367136942478	0.0	0	0.0	2921.0923706256435	1	0	1	0.3447732052720234
172447.59670808952	1000.0	1473.4956625361901	0.0	0	0.0	2921.0923706256144	1	0	1	1.0379203858319734
173903.6569633669	1000.0	1017.435407258825	0.0	0	0.0	2921.0923706256144	1	0	1	1.0379203858319734
174569.29956201537	500.0	1351.7928086103852	0.0	0	0.0	2921.0923706256435	1	0	1	-0.34837397528792224
175413.77304673518	1000.0	1507.3193238905635	0.0	0	0.0	2921.0923706256435	1	0	1	0.34477320527202315
176350.5169522198	1000.0	1570.57541840595	0.0	0	0.0	2921.0923706256726	1	0	1	1.0379203858319637
177283.84298378418	1000.0	1637.2493868415686	0.0	0	0.0	2921.0923706256435	1	0	1	1.0379203858319686
177981.94876878007	1000.0	1939.1436018457048	0.0	0	0.0	2921.0923706256435	1	0	1	1.0379203858319686
178721.88085638123	1000.0	2199.2115142445355	0.0	0	0.0	2921.0923706256435	1	0	1	1.0379203858319686
179736.74499637936	1000.0	2184.3473742464066	0.0	0	0.0	2921.0923706256435	1	0	1	1.0379203858319686
180781.7533355349	1000.0	2139.3390350908912	0.0	0	0.0	2921.0923706256435	1	0	1	1.0379203858319686
182143.459587988	1000.0	1777.63278263779	0.0	0	0.0	2921.0923706256435	1	0	1	1.0379203858319686
182978.82360430103	1000.0	1942.2687663247814	0.0	0	0.0	2921.0923706256435	1	0	1	1.0379203858319686
183961.9600412125	1000.0	1959.132329413297	0.0	0	0.0	2921.0923706256435	1	0	1	1.0379203858319686
184933.75245616885	1000.0	1987.3399144569476	0.0	0	0.0	2921.0923706256435	1	0	1	1.0379203858319686
185885.66110874846	1000.0	2035.4312618773251	0.0	0	0.0	2921.0923706256144	1	0	1	1.0379203858319734
186588.9923679751	1000.0	2332.100002650668	0.0	0	0.0	2921.0923706256144	1	0	1	1.0379203858319734
187598.85555191428	2000.0	2322.2368187114807	0.0	0	0.0	2921.0923706256144	1	0	1	1.0379203858319734
188988.08402779602	2000.0	1933.008342829741	0.0	0	0.0	2921.0923706256435	1	0	1	1.7310675663919137
189844.14887683393	1000.0	2076.9434937918604	0.0	0	0.0	2921.0923706256726	1	0	1	0.3447732052720185
190663.79254949212	1000.0	2257.2998211336553	0.0	0	0.0	2921.0923706256435	1	0	1	1.0379203858319657
191929.74888860717	2000.0	1991.3434820186073	0.0	0	0.0	2921.0923706256435	1	0	1	1.0379203858319686
192771.3128468772	1000.0	2149.7795237485734	0.0	0	0.0	2921.0923706256435	1	0	1	0.3447732052720234
193679.3523060327	1000.0	2241.7400645930848	0.0	0	0.0	2921.0923706256435	1	0	1	1.0379203858319686
194785.33303023927	1000.0	2135.7593403865326	0.0	0	0.0	2921.0923706256144	1	0	1	1.0379203858319705
197390.72691671472	1000.0	530.3654539110909	0.0	0	0.0	2921.0923706256144	1	0	1	1.0379203858319714
198034.9683178144	500.0	886.1240528114021	0.0	0	0.0	2921.0923706256144	1	0	1	-0.34837397528791725
198892.34289880766	1000.0	1028.7494718181695	0.0	0	0.0	2921.0923706256144	1	0	1	0.34477320527202804
199968.5268945464	1000.0	952.5654760794242	0.0	0	0.0	2921.0923706256435	1	0	1	1.0379203858319686
200569.75881415818	1000.0	1351.3335564676256	0.0	0	0.0	2921.0923706256144	1	0	1	1.0379203858319705
201303.37014225224	1000.0	1617.7222283735766	0.0	0	0.0	2921.0923706256144	1	0	1	1.0379203858319734
201802.72192960107	1000.0	2118.3704410247137	0.0	0	0.0	2921.0923706255853	1	0	1	1.0379203858319783
202848.4000149223	2000.0	2072.6923557034615	0.0	0	0.0	2921.0923706256144	1	0	1	1.0379203858319763
204441.980841853	2000.0	1479.1115287727648	0.0	0	0.0	2921.0923706255853	1	0	1	1.7310675663919235
205665.27729618002	1000.0	1255.8150744457266	0.0	0	0.0	2921.0923706255853	1	0	1	0.34477320527202926
207227.74410428418	1000.0	693.348266341565	0.0	0	0.0	2921.0923706256144	1	0	1	1.0379203858319743
207793.6121290078	500.0	1127.480241617947	0.0	0	0.0	2921.0923706256435	1	0	1	-0.34837397528792224
208814.58148490122	1000.0	1106.510885724533	0.0	0	0.0	2921.0923706256435	1	0	1	0.34477320527202315
209516.8608226206	1000.0	1404.2315480051861	0.0	0	0.0	2921.0923706256726	1	0	1	1.0379203858319677
210405.67928277244	1000.0	1515.4130878533138	0.0	0	0.0	2921.0923706256726	1	0	1	1.0379203858319637
211691.16623388327	1000.0	1229.9261367425029	0.0	0	0.0	2921.0923706256726	1	0	1	1.0379203858319637
212644.83168598218	1000.0	1276.2606846436158	0.0	0	0.0	2921.0923706257017	1	0	1	1.0379203858319588
213471.79578561176	1000.0	1449.2965850140681	0.0	0	0.0	2921.0923706257017	1	0	1	1.0379203858319588
214583.3761541894	1000.0	1337.7162164364122	0.0	0	0.0	2921.0923706257017	1	0	1	1.0379203858319588
215455.28713932884	1000.0	1465.8052312969517	0.0	0	0.0	2921.0923706257017	1	0	1	1.0379203858319588
216057.0850332944	1000.0	1864.0073373313894	0.0	0	0.0	2921.0923706257017	1	0	1	1.0379203858319588
216997.56263315017	1000.0	1923.5297374755978	0.0	0	0.0	2921.0923706257017	1	0	1	1.0379203858319588
217598.9930469606	1000.0	2322.0993236651716	0.0	0	0.0	2921.0923706257017	1	0	1	1.0379203858319588
219023.65737036976	2000.0	1897.435000256005	0.0	0	0.0	2921.0923706257017	1	0	1	1.0379203858319588
219916.71242439793	1000.0	2004.3799462278187	0.0	0	0.0	2921.0923706256435	1	0	1	0.3447732052720224
220779.21581048635	1000.0	2141.876560139379	0.0	0	0.0	2921.0923706256144	1	0	1	1.0379203858319734
222098.0235540899	1000.0	1823.0688165358793	0.0	0	0.0	2921.0923706256435	1	0	1	1.0379203858319705
223252.1332454643	1000.0	1668.9591251614602	0.0	0	0.0	2921.0923706256435	1	0	1	1.0379203858319686
224163.04830089692	1000.0	1758.0440697288923	0.0	0	0.0	2921.0923706256435	1	0	1	1.0379203858319686
224813.06474035213	1000.0	2108.0276302736747	0.0	0	0.0	2921.0923706256435	1	0	1	1.0379203858319686
225771.7294847843	1000.0	2149.3628858414977	0.0	0	0.0	2921.0923706256435	1	0	1	1.0379203858319686
226516.17161332074	1000.0	2404.9207573050753	0.0	0	0.0	2921.0923706256435	1	0	1	1.0379203858319686
228147.4980340576	2000.0	1773.5943365681896	0.0	0	0.0	2921.0923706256144	1	0	1	1.0379203858319734
228942.39882712963	1000.0	1978.693543496147	0.0	0	0.0	2921.0923706256144	1	0	1	0.34477320527202826
229678.66250803985	1000.0	2242.429862585929	0.0	0	0.0	2921.0923706256144	1	0	1	1.0379203858319734
230579.56691039802	1000.0	2341.525460227769	0.0	0	0.0	2921.0923706256144	1	0	1	1.0379203858319734
231996.7617514097	2000.0	1924.3306192160676	0.0	0	0.0	2921.0923706256144	1	0	1	1.0379203858319734
232844.92215435067	1000.0	2076.1702162750616	0.0	0	0.0	2921.0923706255853	1	0	1	0.34477320527203315
233993.60789860084	2000.0	1927.4844720248934	0.0	0	0.0	2921.0923706255853	1	0	1	1.037920385831978
234914.92871099449	2000.0	2006.1636596312526	0.0	0	0.0	2921.0923706255853	1	0	1	1.7310675663919235
236732.65582472336	2000.0	1188.4365459023973	0.0	0	0.0	2921.0923706256144	1	0	1	1.7310675663919186
238240.2502101536	1000.0	680.8421604721685	0.0	0	0.0	2921.0923706256435	1	0	1	0.3447732052720234
238986.16926195504	500.0	934.9231086707235	0.0	0	0.0	2921.0923706256435	1	0	1	-0.34837397528792224
239956.46131903387	1000.0	964.6310515918935	0.0	0	0.0	2921.0923706256435	1	0	1	0.34477320527202315
240643.6581574916	1000.0	1277.434213134185	0.0	0	0.0	2921.0923706256435	1	0	1	1.0379203858319686
241456.2609457165	1000.0	1464.8314249092737	0.0	0	0.0	2921.0923706256435	1	0	1	1.0379203858319686
242231.2606305543	1000.0	1689.831740071468	0.0	0	0.0	2921.0923706256435	1	0	1	1.0379203858319686
242967.08695317892	1000.0	1954.0054174468207	0.0	0	0.0	2921.0923706256435	1	0	1	1.0379203858319686
243789.53411211257	1000.0	2131.5582585131697	0.0	0	0.0	2921.0923706256435	1	0	1	1.0379203858319686
244638.5203626466	1000.0	2282.572007979162	0.0	0	0.0	2921.0923706256726	1	0	1	1.0379203858319637
246030.56058999838	2000.0	1890.5317806273724	0.0	0	0.0	2921.0923706256435	1	0	1	1.0379203858319686
247325.72375225974	1000.0	1595.3686183660118	0.0	0	0.0	2921.0923706256435	1	0	1	0.3447732052720234
248425.8199504261	1000.0	1495.272420199628	0.0	0	0.0	2921.0923706256435	1	0	1	1.0379203858319686
249281.88538261055	1000.0	1639.2069880152337	0.0	0	0.0	2921.0923706256726	1	0	1	1.0379203858319637
250152.84049958788	1000.0	1768.251871037899	0.0	0	0.0	2921.0923706256726	1	0	1	1.0379203858319637
251012.05311527825	1000.0	1909.0392553475156	0.0	0	0.0	2921.0923706256726	1	0	1	1.0379203858319637
252015.55636646773	1000.0	1905.5360041580477	0.0	0	0.0	2921.0923706256726	1	0	1	1.0379203858319637
253519.52181199627	1000.0	1401.5705586294928	0.0	0	0.0	2921.0923706256726	1	0	1	1.0379203858319637
254164.41797575136	1000.0	1756.6743948743738	0.0	0	0.0	2921.0923706256726	1	0	1	1.0379203858319637
255386.56651768633	1000.0	1534.5258529394318	0.0	0	0.0	2921.0923706256726	1	0	1	1.0379203858319637
256212.2700631063	1000.0	1708.8223075194799	0.0	0	0.0	2921.0923706256726	1	0	1	1.0379203858319637
256813.56323043976	1000.0	2107.5291401860077	0.0	0	0.0	2921.0923706256726	1	0	1	1.0379203858319637
258625.25416240652	2000.0	1295.8382082192475	0.0	0	0.0	2921.0923706257017	1	0	1	1.0379203858319626
259423.27066121798	1000.0	1497.8217094077977	0.0	0	0.0	2921.0923706256726	1	0	1	0.3447732052720185
259850.27234450862	1000.0	2070.820026117165	0.0	0	0.0	2921.0923706256726	1	0	1	1.0379203858319637
261069.23352647052	2000.0	1851.8588441552652	0.0	0	0.0	2921.0923706256726	1	0	1	1.0379203858319634
262401.51858984603	1000.0	1519.5737807797452	0.0	0	0.0	2921.0923706256726	1	0	1	0.3447732052720185
263836.9329307831	1000.0	1084.159439842715	0.0	0	0.0	2921.0923706256435	1	0	1	1.0379203858319686
264569.4461352084	500.0	1351.6462354173377	0.0	0	0.0	2921.0923706255853	1	0	1	-0.34837397528791636
265638.4832664704	1000.0	1282.6091041553955	0.0	0	0.0	2921.0923706255853	1	0	1	0.3447732052720329
266242.02969039895	1000.0	1679.0626802267989	0.0	0	0.0	2921.0923706255853	1	0	1	1.0379203858319783
267099.44132276846	1000.0	1821.6510478572798	0.0	0	0.0	2921.0923706255853	1	0	1	1.0379203858319783
267994.05077932397	1000.0	1927.0415913017875	0.0	0	0.0	2921.0923706255853	1	0	1	1.0379203858319783
268691.6161485037	1000.0	2229.4762221220717	0.0	0	0.0	2921.092370625527	1	0	1	1.0379203858319843
269925.2719082811	2000.0	1995.8204623445827	0.0	0	0.0	2921.092370625527	1	0	1	1.0379203858319883
270579.5136047655	1000.0	2341.578765860139	0.0	0	0.0	2921.092370625527	1	0	1	0.344773205272043
273153.6382497145	2000.0	767.4541209111471	0.0	0	0.0	2921.092370625469	1	0	1	1.037920385831994
273574.5144191136	500.0	1346.5779515120296	0.0	0	0.0	2921.0923706254107	1	0	1	-1.0415211558478326
274626.17667627963	1000.0	1294.9156943459639	0.0	0	0.0	2921.0923706254107	1	0	1	0.3447732052720623
275429.56524526764	1000.0	1491.5271253579344	0.0	0	0.0	2921.0923706254107	1	0	1	1.0379203858320076
276213.1059743513	1000.0	1707.9863962743182	0.0	0	0.0	2921.0923706254107	1	0	1	1.0379203858320076
277038.56294288184	1000.0	1882.5294277438234	0.0	0	0.0	2921.0923706254107	1	0	1	1.0379203858320076
277726.4946300172	1000.0	2194.5977406085085	0.0	0	0.0	2921.092370625469	1	0	1	1.037920385831998
278777.77250710415	2000.0	2143.3198635215986	0.0	0	0.0	2921.092370625469	1	0	1	1.0379203858319979
279652.57350448665	2000.0	2268.5188661391135	0.0	0	0.0	2921.092370625469	1	0	1	1.731067566391943
280952.0401440701	2000.0	1969.052226555642	0.0	0	0.0	2921.092370625469	1	0	1	1.731067566391943
282234.1537491425	1000.0	1686.9386214833344	0.0	0	0.0	2921.092370625469	1	0	1	0.3447732052720528
283348.175332285	1000.0	1572.9170383407732	0.0	0	0.0	2921.0923706254107	1	0	1	1.0379203858320076
284249.8833063763	1000.0	1671.2090642494538	0.0	0	0.0	2921.0923706253525	1	0	1	1.0379203858320176
286029.24155201553	1000.0	891.8508186101465	0.0	0	0.0	2921.0923706252943	1	0	1	1.0379203858320272
286838.8951789904	500.0	1082.1971916352977	0.0	0	0.0	2921.092370625236	1	0	1	-0.3483739752878557
287983.22281758295	1000.0	937.8695530426868	0.0	0	0.0	2921.092370625236	1	0	1	0.3447732052720917
288775.86338538013	1000.0	1145.2289852454712	0.0	0	0.0	2921.092370625236	1	0	1	1.0379203858320372
289381.3540118628	1000.0	1539.7383587627844	0.0	0	0.0	2921.092370625236	1	0	1	1.0379203858320372
290791.1528223089	2000.0	1129.939548316631	0.0	0	0.0	2921.092370625236	1	0	1	1.0379203858320372
291561.6190778192	1000.0	1359.4732928063052	0.0	0	0.0	2921.092370625236	1	0	1	0.34477320527209193
292156.44287287473	1000.0	1764.649497750831	0.0	0	0.0	2921.0923706252943	1	0	1	1.0379203858320272
292984.67384873703	1000.0	1936.4185218885573	0.0	0	0.0	2921.0923706253525	1	0	1	1.0379203858320176
293656.0512593445	1000.0	2265.0411112810466	0.0	0	0.0	2921.0923706253525	1	0	1	1.0379203858320176
294981.4801433625	2000.0	1939.6122272630896	0.0	0	0.0	2921.0923706253525	1	0	1	1.0379203858320176
295646.8839800189	1000.0	2274.2083906066637	0.0	0	0.0	2921.0923706252943	1	0	1	0.3447732052720821
296527.89566813863	1000.0	2393.196702486967	0.0	0	0.0	2921.0923706252943	1	0	1	1.0379203858320272
297944.05537618673	1000.0	1977.0369944389386	0.0	0	0.0	2921.0923706254107	1	0	1	1.0379203858320096
298537.55640998966	1000.0	2383.5359606360407	0.0	0	0.0	2921.0923706254107	1	0	1	1.0379203858320076
300481.8456898174	2000.0	1439.2466808083632	0.0	0	0.0	2921.0923706253525	1	0	1	1.0379203858320176
301475.79583516694	1000.0	1445.2965354588152	0.0	0	0.0	2921.0923706253525	1	0	1	0.34477320527207234
1.24	1.1	0.87	0.68	1.44	1.11	0.79	1.22	1.22	1.45	1.0	1.41	1.55	1.48	1.38	1.29	1.04	0.78	0.93	0.73	1.1	1.25	1.19	1.26	0.87	0.92	0.7	1.1	1.23	1.2	0.87	1.23	1.69	1.6	1.4	1.36	1.34	1.36	1.45	1.39	0.8	0.44	0.47	0.98	1.25	1.24	1.83	2.48	1.6	1.26	0.8	0.61	0.56	0.88	1.15	1.14	0.74	1.43	1.1	0.76	1.09	1.27	1.44	1.48	1.63	1.48	1.23	0.65	1.29	1.19	1.18	1.27	1.34	1.42	1.27	1.24	1.82	1.36	1.63	2.02	1.3	1.7	1.02	0.74	0.98	1.27	0.95	1.17	1.52	1.36	1.47	0.95	1.0	1.02	1.05	1.17	1.26	0.83	0.86	1.24	1.0	1.58	1.55	1.24	1.25	1.9	1.17	0.71	0.74	0.79	1.11	1.44	1.2	1.18	1.52	1.26	1.27	0.61	1.02	1.3	1.09	0.98	1.32	1.9	1.81	1.45	0.93	0.98	0.79	0.95	0.67	0.75	0.93	1.32	1.95	1.18	1.27	1.62	1.31	1.45	1.31	1.2	0.67	1.53	1.23	1.23	1.22	1.12	1.4	1.17	1.24	1.1	0.87	0.68	1.44	1.11	0.79	1.22	1.22	1.45	1.0	1.41	1.55	1.48	1.38	1.29	1.04	0.78	0.93	0.73	1.1	1.25	1.19	1.26	0.87	0.92	0.7	1.1	1.23	1.2	0.87	1.23	1.69	1.6	1.4	1.36	1.34	1.36	1.45	1.39	0.8	0.44	0.47	0.98	1.25	1.24	1.83	2.48	1.6	1.26	0.8	0.61	0.56	0.88	1.15	1.14	0.74	1.43	1.1	0.76	1.09	1.27	1.44	1.48	1.63	1.48	1.23	0.65	1.29	1.19	1.18	1.27	1.34	1.42	1.27	1.24	1.82	1.36	1.63	2.02	1.3	1.7	1.02	0.74	0.98	1.27	0.95	1.17	1.52	1.36	1.47	0.95	1.0	1.02	1.05	1.17	1.26	0.83	0.86	1.24	1.0	1.58	1.55	1.24	1.25	1.9	1.17	0.71	0.74	0.79	1.11	1.44	1.2	1.18	1.52	1.26	1.27	0.61	1.02	1.3	1.09	0.98	1.32	1.9	1.81	1.45	0.93	0.98	0.79	0.95	0.67	0.75	0.93	1.32	1.95	1.18	1.27	1.62	1.31	1.45	1.31	1.2	0.67	1.53	1.23	1.23	1.22	1.12	1.4	1.17
1.0	2.0	3.0	4.0	5.0	6.0	7.0	8.0	9.0	10.0	11.0	12.0	13.0	14.0	15.0	16.0	17.0	18.0	19.0	20.0	21.0	22.0	23.0	24.0	25.0	26.0	27.0	28.0	29.0	30.0	31.0	32.0	33.0	34.0	35.0	36.0	37.0	38.0	39.0	40.0	41.0	42.0	43.0	44.0	45.0	46.0	47.0	48.0	49.0	50.0	51.0	52.0	53.0	54.0	55.0	56.0	57.0	58.0	59.0	60.0	61.0	62.0	63.0	64.0	65.0	66.0	67.0	68.0	69.0	70.0	71.0	72.0	73.0	74.0	75.0	76.0	77.0	78.0	79.0	80.0	81.0	82.0	83.0	84.0	85.0	86.0	87.0	88.0	89.0	90.0	91.0	92.0	93.0	94.0	95.0	96.0	97.0	98.0	99.0	100.0	101.0	102.0	103.0	104.0	105.0	106.0	107.0	108.0	109.0	110.0	111.0	112.0	113.0	114.0	115.0	116.0	117.0	118.0	119.0	120.0	121.0	122.0	123.0	124.0	125.0	126.0	127.0	128.0	129.0	130.0	131.0	132.0	133.0	134.0	135.0	136.0	137.0	138.0	139.0	140.0	141.0	142.0	143.0	144.0	145.0	146.0	147.0	148.0	149.0	149.0	150.0	151.0	152.0	153.0	154.0	155.0	156.0	157.0	158.0	159.0	160.0	161.0	162.0	163.0	164.0	165.0	166.0	167.0	168.0	169.0	170.0	171.0	172.0	173.0	174.0	175.0	176.0	177.0	178.0	179.0	180.0	181.0	182.0	183.0	184.0	185.0	186.0	187.0	188.0	189.0	190.0	191.0	192.0	193.0	194.0	195.0	196.0	197.0	198.0	199.0	200.0	201.0	202.0	203.0	204.0	205.0	206.0	207.0	208.0	209.0	210.0	211.0	212.0	213.0	214.0	215.0	216.0	217.0	218.0	219.0	220.0	221.0	222.0	223.0	224.0	225.0	226.0	227.0	228.0	229.0	230.0	231.0	232.0	233.0	234.0	235.0	236.0	237.0	238.0	239.0	240.0	241.0	242.0	243.0	244.0	245.0	246.0	247.0	248.0	249.0	250.0	251.0	252.0	253.0	254.0	255.0	256.0	257.0	258.0	259.0	260.0	261.0	262.0	263.0	264.0	265.0	266.0	267.0	268.0	269.0	270.0	271.0	272.0	273.0	274.0	275.0	276.0	277.0	278.0	279.0	280.0	281.0	282.0	283.0	284.0	285.0	286.0	287.0	288.0	289.0	290.0	291.0	292.0	293.0	294.0	295.0	296.0	297.0	298.0	298.0
5485.3706671250575
