5399.381278305497	300.0	2000.0	198.04759921376942	0	0.0	5399.381278305497	1	0	1	-2.555423762003336
6606.507566818631	2000.0	1672.1610826355527	0.0	0	0.0	5278.668649454184	1	0	2	-1.7240474433669828
7203.851205273404	2000.0	2015.0830803353028	0.0	0	0.0	5218.934285608707	1	0	2	0.4395501885774507
8503.543387136287	3000.0	1585.42168028613	0.0	0	0.0	5088.965067422418	1	0	2	0.5310837231163023
9222.382995636948	2000.0	1794.6981109354049	0.0	0	0.0	5017.081106572353	1	0	2	0.1958223849677415
9973.42035004803	2000.0	1968.5570210832152	0.0	0	0.0	4941.977371131246	1	0	2	0.6606906645046207
11029.845157292064	2000.0	1806.4897331147763	0.0	0	0.0	4836.334890406841	1	0	2	0.7341151120503462
12100.859707004787	2000.0	1628.3737284307808	0.0	0	0.0	4729.233435435567	1	0	2	0.8111118888582932
12746.035200495164	2000.0	1918.680685591369	0.0	0	0.0	4664.71588608653	1	0	2	0.8634022378929262
13685.349558963606	2000.0	1885.4348912760843	0.0	0	0.0	4570.784450239689	1	0	2	0.9187657939936701
14318.339507246523	2000.0	2189.145948164877	0.0	0	0.0	4507.485455411399	1	0	2	0.9626028834946367
15903.135109023768	3000.0	1445.870786209908	0.0	0	0.0	4349.005895233675	1	0	2	1.03725013899925
16682.689863355256	2000.0	1588.3605564452735	0.0	0	0.0	4271.050419800527	1	0	2	0.6879370261380424
17895.556363767195	2000.0	1254.2074059921417	0.0	0	0.0	4149.763769759333	1	0	2	1.146782714344591
19303.715300015578	2000.0	705.2325761189204	0.0	0	0.0	4008.9478761344944	1	0	2	1.2113860514360597
19921.187517897746	1000.0	1087.7603582367533	0.0	0	0.0	4008.947876134498	1	0	1	-0.1598662729310419
21065.05879256669	2000.0	829.5019561009109	0.0	0	0.0	3894.5607486676017	1	0	2	0.36769802930987966
21441.459001191095	1000.0	1453.1017474765079	0.0	0	0.0	3894.5607486676017	1	0	1	-0.11356099457720809
22176.81711591249	2000.0	1717.7436327551122	0.0	0	0.0	3894.5607486676017	1	0	1	0.7795861859827371
23331.126487343146	2000.0	1448.0033241813903	0.0	0	0.0	3779.129811524537	1	0	2	1.1055206575556493
24300.817181362487	2000.0	1478.3126301620491	0.0	0	0.0	3779.1298115245336	1	0	1	1.3154427501461985
25028.478694947018	2000.0	1750.651116577516	0.0	0	0.0	3779.12981152453	1	0	1	1.5154427501462
25879.43500406191	2000.0	1899.6948074626257	0.0	0	0.0	3779.1298115245263	1	0	1	1.5154427501462013
27386.13397503369	2000.0	1242.325939393672	0.0	0	0.0	3628.4599144273525	1	0	2	1.1552050444753907
28088.830937676135	1000.0	1539.6289767512242	0.0	0	0.0	3628.4599144273525	1	0	1	-0.020759128544543315
29205.70179263731	2000.0	1422.758121790051	0.0	0	0.0	3628.4599144273525	1	0	1	0.8723880520154019
29997.158990904136	1000.0	1631.3009235232223	0.0	0	0.0	3628.4599144273525	1	0	1	0.17924087145545686
30656.75510713826	1000.0	1971.7048072890973	0.0	0	0.0	3628.459914427356	1	0	1	0.8723880520154009
31492.526827531285	2000.0	2052.3559148567697	0.0	0	0.0	3544.882742388054	1	0	2	0.4915440170676629
32621.993871640883	2000.0	1922.8888707471726	0.0	0	0.0	3544.882742388054	1	0	1	1.3907499236278498
33797.474737151	2000.0	1747.4080052370555	0.0	0	0.0	3544.8827423880575	1	0	1	1.590749923627849
34533.77598629026	2000.0	2011.1067560978022	0.0	0	0.0	3544.882742388065	1	0	1	1.5907499236278473
35128.31577915968	2000.0	2357.1129839414352	0.0	0	0.0	3485.4287631011175	1	0	2	1.2036826159899054
36021.87746878237	3000.0	2374.1951253564885	0.0	0	0.0	3396.0725941388555	1	0	2	1.4249840935252753
36816.00392637504	3000.0	2500.6560220045594	0.0	0	0.0	3316.6599483795944	1	0	2	1.851931425012431
37867.09746977919	3000.0	2344.453124259991	0.0	0	0.0	3211.550594039174	1	0	2	1.8737701724564644
39223.8477561111	3000.0	1852.027809294892	0.0	0	0.0	3075.8755654059787	1	0	2	1.9009884314072965
39924.389272177345	2000.0	2151.486293228649	0.0	0	0.0	3075.875565405986	1	0	1	1.097650131398301
40654.0689027036	2000.0	2421.8066627023863	0.0	0	0.0	3075.875565405986	1	0	1	1.7031152395064657
41463.46700772477	2000.0	2612.4085576812117	0.0	0	0.0	3075.875565405986	1	0	1	1.7031152395064657
42280.438874629894	2000.0	2795.4366907760896	0.0	0	0.0	3075.875565405986	1	0	1	1.7031152395064657
43625.64904745834	2000.0	2450.2265179476485	0.0	0	0.0	3075.875565405986	1	0	1	1.7031152395064657
44570.9600546198	2000.0	2504.9155107861993	0.0	0	0.0	3075.875565405986	1	0	1	1.7031152395064657
45497.77065285999	2000.0	2578.104912545999	0.0	0	0.0	3075.8755654059787	1	0	1	1.7031152395064673
46223.86014021692	2000.0	2779.406476453378	0.0	0	0.0	3003.266616670291	1	0	2	1.3134659977824328
47200.0	2000.0	2803.266616670304	0.0	0	192.1486784252993	3003.266616670291	1	0	1	1.5167158120270374
48378.374638789115	2000.0	2624.891977881194	0.0	0	0.0	3003.266616670291	1	0	1	1.7167158120270376
49200.0	2000.0	2803.2666166703084	0.0	0	78.07479338892881	3003.266616670291	1	0	1	1.7167158120270376
50200.0	3000.0	2703.266616670312	0.0	0	67.70398610810662	2903.2666166702984	1	0	2	1.3294146448073911
51381.55497596672	3000.0	2403.5561431069254	0.0	0	0.0	2785.1111190736337	1	0	2	1.952367611616907
52227.637118672304	2000.0	2557.4740004013397	0.0	0	0.0	2785.1111190736265	1	0	1	1.1471083444555719
53200.0	2000.0	2585.1111190736433	0.0	0	162.08361922590848	2785.1111190736337	1	0	1	1.7525734525637353
54200.0	2000.0	2585.1111190736365	0.0	0	285.22223098613904	2785.1111190736337	1	0	1	1.7525734525637353
55200.0	2000.0	2585.111119073637	0.0	0	134.25133742400067	2785.1111190736337	1	0	1	1.7525734525637353
56439.59445954347	2000.0	2345.516659530165	0.0	0	0.0	2785.1111190736337	1	0	1	1.7525734525637353
57447.456414412736	2000.0	2337.65470466091	0.0	0	0.0	2785.1111190736337	1	0	1	1.7525734525637353
58200.0	3000.0	2509.856760514918	0.0	0	6.278836479825259	2709.8567605149074	1	0	2	1.3610293218537564
59200.0	3000.0	2409.856760514921	0.0	0	369.65995227888925	2609.8567605149146	1	0	2	1.9771123995564235
60234.46391714097	3000.0	2271.9464516598528	0.0	0	0.0	2506.410368800818	1	0	2	1.991251215264557
61612.240896524	3000.0	1756.3917743385164	0.0	0	0.0	2368.63267086252	1	0	2	2.0052458719159265
62797.345944114044	2000.0	1452.7762219894694	0.0	0	0.0	2250.122166103516	1	0	2	1.2067126652029303
63690.635810796935	2000.0	1559.486355306579	0.0	0	0.0	2250.122166103509	1	0	1	1.6150900270050235
64604.90199470437	2000.0	1645.2201713991415	0.0	0	0.0	2250.122166103509	1	0	1	1.8150900270050236
65596.49036382727	2000.0	1653.6318022762478	0.0	0	0.0	2250.1221661035015	1	0	1	1.8150900270050243
66414.7693207332	2000.0	1835.3528453703095	0.0	0	0.0	2250.1221661034942	1	0	1	1.8150900270050252
67796.77387888977	2000.0	1453.3482872137552	0.0	0	0.0	2250.122166103509	1	0	1	1.8150900270050245
68495.1864565015	2000.0	1754.9357096020276	0.0	0	0.0	2250.1221661034942	1	0	1	1.815090027005025
69501.91717650607	2000.0	1748.2049895974585	0.0	0	0.0	2250.1221661034942	1	0	1	1.815090027005025
70248.17929300162	2000.0	2001.942873101905	0.0	0	0.0	2250.1221661034942	1	0	1	1.815090027005025
71200.0	2000.0	2050.1221661035297	0.0	0	94.64537632725842	2250.1221661034942	1	0	1	1.815090027005025
72200.0	2000.0	1950.1221661035363	0.0	0	493.7771941471292	2150.1221661034797	1	0	2	1.4203598363384538
73200.0	2000.0	1850.122166103535	0.0	0	417.6832144004002	2050.122166103465	1	0	2	1.628534917740416
74200.0	3000.0	1750.1221661035183	0.0	0	224.09217627110775	1950.122166103436	1	0	2	1.6360697549980106
75200.0	3000.0	1650.1221661035356	0.0	0	127.54344683006639	1850.1221661034506	1	0	2	2.048469949741886
76267.72613108458	3000.0	1475.623421910509	0.0	0	0.0	1743.3495529949869	1	0	2	2.055004503364852
77200.0	2000.0	1543.3495529950933	0.0	0	22.98131967516383	1743.3495529949869	1	0	1	1.2456585278647194
78200.0	2000.0	1543.34955299509	0.0	0	528.4382718324778	1743.3495529949869	1	0	1	1.8511236359728842
79200.0	2000.0	1543.3495529950844	0.0	0	471.77321689359087	1743.3495529949869	1	0	1	1.8511236359728842
80200.0	2000.0	1543.3495529950967	0.0	0	504.8721082949487	1743.3495529949869	1	0	1	1.8511236359728842
81200.0	3000.0	1543.3495529951047	0.0	0	154.66033691863413	1743.3495529949869	1	0	1	1.8511236359728844
82521.0013361519	6000.0	1222.3482168432254	0.0	0	0.0	1743.3495529949869	1	0	1	2.256588744081049
83200.0	3000.0	1543.3495529951133	0.0	0	67.09136379753181	1743.3495529949869	1	0	1	1.563441563521104
84200.0	2000.0	1543.349552995105	0.0	0	218.93033754857606	1743.3495529949723	1	0	1	1.4456585278647203
85200.0	2000.0	1543.3495529951083	0.0	0	138.97839553808444	1743.3495529949723	1	0	1	1.8511236359728849
86268.91811729765	2000.0	1474.431435697446	0.0	0	0.0	1743.3495529949723	1	0	1	1.8511236359728849
88273.79224023454	2000.0	469.5573127605725	0.0	0	0.0	1743.3495529949723	1	0	1	1.8511236359728849
88957.2140310913	1000.0	786.1355219038142	0.0	0	0.0	1743.3495529949723	1	0	1	0.4648292748529947
89361.79876629275	1000.0	1381.550786702349	0.0	0	0.0	1743.3495529949723	1	0	1	1.15797645541294
90200.0	2000.0	1543.3495529951047	0.0	0	88.55881178643904	1743.3495529949723	1	0	1	1.15797645541294
91200.0	2000.0	1543.3495529951085	0.0	0	526.29919854326	1743.3495529949723	1	0	1	1.8511236359728849
92200.0	2000.0	1543.3495529951117	0.0	0	378.28532452679065	1743.3495529949723	1	0	1	1.8511236359728849
93200.0	2000.0	1543.3495529951178	0.0	0	380.39257595530944	1743.3495529949723	1	0	1	1.8511236359728849
94200.0	2000.0	1543.3495529951115	0.0	0	148.77829793066485	1743.3495529949723	1	0	1	1.8511236359728849
95404.37417964019	2000.0	1338.9753733549105	0.0	0	0.0	1743.3495529949578	1	0	1	1.8511236359728858
96200.0	2000.0	1543.3495529950972	0.0	0	168.11746914463583	1743.3495529949432	1	0	1	1.8511236359728866
97200.0	2000.0	1543.3495529951008	0.0	0	109.1023047423223	1743.3495529949432	1	0	1	1.8511236359728866
98200.0	2000.0	1543.3495529950985	0.0	0	398.934490565327	1743.3495529949432	1	0	1	1.8511236359728866
99200.0	2000.0	1543.349552995112	0.0	0	82.37258616497274	1743.3495529949578	1	0	1	1.8511236359728858
100200.0	2000.0	1543.349552995109	0.0	0	407.21468888246454	1743.3495529949578	1	0	1	1.8511236359728858
101200.0	2000.0	1543.349552995125	0.0	0	25.09309021072113	1743.3495529949723	1	0	1	1.8511236359728849
102200.0	2000.0	1543.3495529951374	0.0	0	434.91754794363806	1743.3495529949723	1	0	1	1.8511236359728849
103427.22707528563	2000.0	1316.1224777095092	0.0	0	0.0	1743.3495529949723	1	0	1	1.8511236359728849
104621.41404805725	2000.0	1121.9355049378946	0.0	0	0.0	1743.3495529949869	1	0	1	1.8511236359728842
105720.63596104989	2000.0	1022.7135919452602	0.0	0	0.0	1743.3495529950014	1	0	1	1.8511236359728833
106564.62906593837	2000.0	1178.7204870567834	0.0	0	0.0	1743.3495529950014	1	0	1	1.8511236359728833
107200.0	2000.0	1543.3495529951442	0.0	0	26.029412476418656	1743.349552995016	1	0	1	1.8511236359728824
108200.0	2000.0	1543.3495529951458	0.0	0	351.6000884223322	1743.349552995016	1	0	1	1.8511236359728824
109200.0	2000.0	1543.3495529951513	0.0	0	132.28088168564136	1743.3495529950305	1	0	1	1.8511236359728818
110200.0	2000.0	1543.3495529951663	0.0	0	99.64354484378418	1743.3495529950305	1	0	1	1.8511236359728818
111236.36584435828	2000.0	1506.9837086368739	0.0	0	0.0	1743.3495529950305	1	0	1	1.8511236359728818
112200.0	2000.0	1543.3495529951522	0.0	0	55.58782272928511	1743.3495529950305	1	0	1	1.8511236359728818
113200.0	2000.0	1543.3495529951483	0.0	0	158.31716812192462	1743.349552995045	1	0	1	1.851123635972881
114200.0	2000.0	1543.3495529951485	0.0	0	104.51589661113394	1743.349552995045	1	0	1	1.851123635972881
115200.0	2000.0	1543.3495529951388	0.0	0	174.75189670699183	1743.349552995045	1	0	1	1.851123635972881
116258.62800823199	2000.0	1484.7215447631543	0.0	0	0.0	1743.349552995045	1	0	1	1.851123635972881
117200.0	2000.0	1543.3495529951315	0.0	0	105.54059426533058	1743.349552995045	1	0	1	1.851123635972881
118200.0	2000.0	1543.3495529951379	0.0	0	260.5778792247147	1743.349552995045	1	0	1	1.851123635972881
119436.74250940859	2000.0	1306.6070435865547	0.0	0	0.0	1743.349552995045	1	0	1	1.851123635972881
120403.84563468977	2000.0	1339.5039183053777	0.0	0	0.0	1743.349552995045	1	0	1	1.851123635972881
121286.70962199465	2000.0	1456.6399310004815	0.0	0	0.0	1743.349552995045	1	0	1	1.851123635972881
123074.03256303295	2000.0	669.316989962196	0.0	0	0.0	1743.349552995045	1	0	1	1.851123635972881
123655.30257920877	1000.0	1088.0469737863918	0.0	0	0.0	1743.349552995045	1	0	1	0.46482927485299064
124345.70908439922	1000.0	1397.6404685959726	0.0	0	0.0	1743.3495529950596	1	0	1	1.1579764554129357
125241.38625654955	2000.0	1501.9632964456457	0.0	0	0.0	1743.3495529950596	1	0	1	1.157976455412935
126200.0	2000.0	1543.3495529952156	0.0	0	432.65517757323687	1743.3495529950596	1	0	1	1.8511236359728802
127200.0	2000.0	1543.3495529952213	0.0	0	86.21637657332758	1743.3495529950596	1	0	1	1.8511236359728802
128200.0	2000.0	1543.3495529952081	0.0	0	286.91160986990144	1743.349552995045	1	0	1	1.851123635972881
129200.0	2000.0	1543.3495529952058	0.0	0	227.88983616318728	1743.3495529950596	1	0	1	1.8511236359728802
130200.0	2000.0	1543.349552995197	0.0	0	224.30478246007988	1743.3495529950596	1	0	1	1.8511236359728802
131200.0	3000.0	1543.349552995187	0.0	0	45.71380067427526	1743.349552995045	1	0	1	1.8511236359728804
132201.63966878364	3000.0	1541.709884211537	0.0	0	0.0	1743.3495529950305	1	0	1	2.256588744081046
134274.64010044342	6000.0	468.709452551783	0.0	0	0.0	1743.3495529950596	1	0	1	2.256588744081046
135662.1958439867	2000.0	448.1071209043921	366.95341189586344	0	0.0	2110.302964891074	1	0	1	-1.473488916114925
136777.98511132758	2000.0	355.651935138602	23.334081575072148	0	0.0	2133.637046466174	1	0	1	1.6849855525999236
137242.93034932305	1000.0	890.7066971431384	0.0	0	0.0	2133.637046466174	1	0	1	0.4386956809304662
138152.11726965298	2000.0	981.5197768132412	0.0	0	0.0	2133.637046466174	1	0	1	1.1318428614904112
139016.92877707325	2000.0	1116.7082693929603	0.0	0	0.0	2133.637046466174	1	0	1	1.8249900420503564
140193.4541907655	2000.0	940.182855700686	0.0	0	0.0	2133.637046466174	1	0	1	1.8249900420503564
140887.53341867367	2000.0	1246.1036277925436	0.0	0	0.0	2133.637046466174	1	0	1	1.8249900420503564
141714.65344496025	2000.0	1418.9836015059745	0.0	0	0.0	2133.637046466203	1	0	1	1.8249900420503542
142648.57678136797	2000.0	1485.060265098263	0.0	0	0.0	2133.637046466203	1	0	1	1.8249900420503542
143258.23361819974	2000.0	1875.4034282664775	0.0	0	0.0	2133.6370464662323	1	0	1	1.8249900420503518
144200.0	2000.0	1933.637046466244	0.0	0	361.60978976415936	2133.6370464662323	1	0	1	1.8249900420503518
145200.0	2000.0	1933.6370464662743	0.0	0	257.6064289241913	2133.6370464662614	1	0	1	1.8249900420503495
146200.0	3000.0	1833.6370464662655	0.0	0	35.047554297110764	2033.6370464662614	1	0	2	1.4305706566933278
147213.61098424872	3000.0	1718.664963792656	0.0	0	0.0	1932.2759480413515	1	0	2	2.0434301351237663
148200.0	3000.0	1732.2759480413865	0.0	0	338.21892679226585	1932.2759480413515	1	0	1	2.0451625358953236
149200.0	3000.0	1632.2759480413924	0.0	0	347.9988336871611	1832.2759480413224	1	0	2	1.8491257415152085
150213.1530245105	6000.0	1619.1229235308901	0.0	0	0.0	1832.2759480413224	1	0	1	2.0514705247273555
151200.0	2000.0	1632.2759480414002	0.0	0	410.4954829874623	1832.2759480413224	1	0	1	0.7473931279510817
152200.0	2000.0	1632.2759480413715	0.0	0	142.47208911529742	1832.2759480413224	1	0	1	1.8460054166191915
153200.0	2000.0	1632.2759480413822	0.0	0	400.1912769571936	1832.2759480413224	1	0	1	1.8460054166191915
154202.3800341024	2000.0	1629.8959139390174	0.0	0	0.0	1832.2759480413224	1	0	1	1.8460054166191915
155458.5522536188	2000.0	1373.7236944225713	0.0	0	0.0	1832.2759480412933	1	0	1	1.846005416619193
156286.70004843344	2000.0	1545.5758996079255	0.0	0	0.0	1832.2759480412933	1	0	1	1.846005416619193
157200.0	2000.0	1632.2759480413597	0.0	0	319.3586994896759	1832.2759480412933	1	0	1	1.846005416619193
158200.0	2000.0	1632.2759480413401	0.0	0	187.50684649063624	1832.2759480412933	1	0	1	1.846005416619193
159273.1495316625	2000.0	1559.1264163788667	0.0	0	0.0	1832.2759480412933	1	0	1	1.846005416619193
160401.53414190342	2000.0	1430.7418061379315	0.0	0	0.0	1832.2759480412642	1	0	1	1.8460054166191937
161200.0	2000.0	1632.2759480413579	0.0	0	89.47253810495022	1832.275948041235	1	0	1	1.846005416619195
162200.0	2000.0	1632.27594804136	0.0	0	71.55851880286355	1832.275948041235	1	0	1	1.8460054166191966
163200.0	2000.0	1632.275948041387	0.0	0	66.33586147593451	1832.275948041235	1	0	1	1.8460054166191966
164347.54331707742	2000.0	1484.7326309640162	0.0	0	0.0	1832.2759480412933	1	0	1	1.8460054166191942
165459.92491989533	2000.0	1372.3510281460917	0.0	0	0.0	1832.2759480412933	1	0	1	1.846005416619193
166682.94538321186	2000.0	1149.3305648295636	0.0	0	0.0	1832.2759480412933	1	0	1	1.846005416619193
167914.8628469532	2000.0	917.4131010882307	0.0	0	0.0	1832.2759480412933	1	0	1	1.846005416619193
168382.81968225888	1000.0	1449.4562657825702	0.0	0	0.0	1832.2759480412642	1	0	1	0.4597110554993045
169371.13748477196	2000.0	1461.1384632694499	0.0	0	0.0	1832.2759480412642	1	0	1	1.1528582360592496
170551.35625406326	2000.0	1280.9196939781439	0.0	0	0.0	1832.2759480412642	1	0	1	1.8460054166191946
171512.47122302497	2000.0	1319.8047250164207	0.0	0	0.0	1832.2759480412642	1	0	1	1.8460054166191946
172337.34433294905	2000.0	1494.9316150923594	0.0	0	0.0	1832.2759480412642	1	0	1	1.8460054166191946
173337.77704082284	2000.0	1494.4989072185717	0.0	0	0.0	1832.2759480412642	1	0	1	1.8460054166191946
174689.83050273804	2000.0	1142.4454453033632	0.0	0	0.0	1832.2759480412642	1	0	1	1.8460054166191946
175800.0854117472	2000.0	1032.1905362941657	0.0	0	0.0	1832.2759480412642	1	0	1	1.8460054166191946
176268.77185133574	1000.0	1563.5040967056377	0.0	0	0.0	1832.2759480412933	1	0	1	0.45971105549930275
177292.96181611612	2000.0	1539.3141319252284	0.0	0	0.0	1832.2759480412933	1	0	1	1.1528582360592479
178439.34219148825	2000.0	1392.9337565530973	0.0	0	0.0	1832.2759480412933	1	0	1	1.846005416619193
179277.4376538969	1000.0	1554.8382941444656	0.0	0	0.0	1832.2759480412933	1	0	1	0.45971105549930275
180200.0	2000.0	1632.275948041392	0.0	0	9.821402454079362	1832.2759480412933	1	0	1	1.1528582360592479
181200.0	2000.0	1632.275948041388	0.0	0	236.67241648418712	1832.2759480412642	1	0	1	1.8460054166191946
182234.01187392275	2000.0	1598.2640741186585	0.0	0	0.0	1832.2759480412642	1	0	1	1.8460054166191946
183200.0	2000.0	1632.2759480413945	0.0	0	141.53920316506992	1832.2759480412642	1	0	1	1.8460054166191946
184200.0	2000.0	1632.2759480414343	0.0	0	94.54757213479024	1832.2759480412642	1	0	1	1.8460054166191946
185200.0	2000.0	1632.275948041421	0.0	0	513.8226940617606	1832.275948041235	1	0	1	1.8460054166191966
186200.0	2000.0	1632.2759480413938	0.0	0	375.9742068957712	1832.275948041235	1	0	1	1.8460054166191966
187200.0	2000.0	1632.2759480413918	0.0	0	216.1499545465922	1832.275948041206	1	0	1	1.846005416619197
188200.0	2000.0	1632.2759480413827	0.0	0	237.688515831338	1832.275948041206	1	0	1	1.8460054166191984
189200.0	2000.0	1632.275948041346	0.0	0	241.9895235786098	1832.275948041235	1	0	1	1.846005416619198
190200.0	2000.0	1632.2759480413508	0.0	0	173.2668766932038	1832.275948041235	1	0	1	1.8460054166191966
191202.13258187135	2000.0	1630.143366169998	0.0	0	0.9990215205179993	1832.275948041235	1	0	1	1.8460054166191966
192529.1066741056	2000.0	1303.1692739357654	0.0	0	0.0	1832.275948041235	1	0	1	1.8460054166191966
193725.85844076474	2000.0	1106.4175072766157	0.0	0	0.0	1832.275948041235	1	0	1	1.8460054166191966
194558.3289476683	2000.0	1273.9470003730416	0.0	0	0.0	1832.275948041235	1	0	1	1.8460054166191966
195473.22223000723	2000.0	1359.0537180341375	0.0	0	0.0	1832.2759480412642	1	0	1	1.8460054166191946
196501.4073523133	2000.0	1330.8685957280359	0.0	0	0.0	1832.275948041235	1	0	1	1.8460054166191961
197241.50097071042	2000.0	1590.7749773309286	0.0	0	0.0	1832.275948041235	1	0	1	1.8460054166191966
198200.0	2000.0	1632.2759480413445	0.0	0	361.28299638439785	1832.275948041235	1	0	1	1.8460054166191966
199200.0	2000.0	1632.2759480413558	0.0	0	372.56805573165184	1832.275948041235	1	0	1	1.8460054166191966
200200.0	2000.0	1632.2759480413426	0.0	0	445.9976480024925	1832.275948041235	1	0	1	1.8460054166191966
201273.2323469488	2000.0	1559.043601092581	0.0	0	0.0	1832.2759480412642	1	0	1	1.8460054166191946
202200.0	2000.0	1632.2759480413686	0.0	0	266.98894607977127	1832.2759480412642	1	0	1	1.8460054166191946
203200.0	2000.0	1632.275948041393	0.0	0	77.6309996485943	1832.2759480412642	1	0	1	1.8460054166191946
204200.0	2000.0	1632.275948041399	0.0	0	391.82289892362314	1832.2759480412933	1	0	1	1.8460054166191944
205200.0	2000.0	1632.2759480413997	0.0	0	104.1924952910922	1832.2759480413224	1	0	1	1.8460054166191915
206200.0	2000.0	1632.275948041377	0.0	0	23.901325152313802	1832.2759480413224	1	0	1	1.8460054166191924
207200.0	2000.0	1632.2759480413868	0.0	0	278.88462105195504	1832.2759480413224	1	0	1	1.8460054166191915
208200.0	2000.0	1632.2759480413665	0.0	0	417.1521548241144	1832.2759480413224	1	0	1	1.8460054166191915
209200.0	2000.0	1632.2759480414147	0.0	0	376.8617312675633	1832.2759480413515	1	0	1	1.846005416619191
210200.0	2000.0	1632.2759480414068	0.0	0	408.5965756943042	1832.2759480413515	1	0	1	1.8460054166191897
211363.57963967876	2000.0	1468.696308362698	0.0	0	0.0	1832.2759480413515	1	0	1	1.8460054166191897
212461.3347925982	2000.0	1370.9411554432359	0.0	0	0.0	1832.2759480413515	1	0	1	1.8460054166191897
213458.58374510583	2000.0	1373.6922029356283	0.0	0	0.0	1832.2759480413806	1	0	1	1.8460054166191884
214271.12340247218	2000.0	1561.1525455692852	0.0	0	0.0	1832.2759480413806	1	0	1	1.8460054166191877
215200.0	2000.0	1632.2759480414834	0.0	0	32.33434133057017	1832.2759480414097	1	0	1	1.8460054166191862
216651.64536667787	2000.0	1180.630581363629	0.0	0	0.0	1832.2759480414097	1	0	1	1.8460054166191862
217466.06988099002	2000.0	1366.2060670514734	0.0	0	0.0	1832.2759480414097	1	0	1	1.8460054166191862
218325.89442434465	2000.0	1506.3815236968699	0.0	0	0.0	1832.2759480414388	1	0	1	1.846005416619185
219283.44810670757	2000.0	1548.8278413339726	0.0	0	0.0	1832.2759480414388	1	0	1	1.8460054166191844
220200.0	2000.0	1632.2759480415184	0.0	0	164.18585154629545	1832.2759480414388	1	0	1	1.8460054166191844
221200.0	2000.0	1632.275948041523	0.0	0	263.92731352327974	1832.275948041468	1	0	1	1.846005416619184
222200.0	2000.0	1632.2759480415418	0.0	0	249.59318354030256	1832.2759480414388	1	0	1	1.8460054166191828
223200.0	2000.0	1632.275948041542	0.0	0	148.03763819823507	1832.2759480414388	1	0	1	1.8460054166191844
224200.0	2000.0	1632.2759480415616	0.0	0	415.2035619961098	1832.275948041468	1	0	1	1.846005416619184
225200.0	2000.0	1632.2759480415796	0.0	0	494.43081844679546	1832.275948041468	1	0	1	1.8460054166191826
226200.0	2000.0	1632.2759480415968	0.0	0	324.01985659991624	1832.275948041468	1	0	1	1.8460054166191826
227200.0	2000.0	1632.2759480416103	0.0	0	302.3921237294271	1832.275948041468	1	0	1	1.8460054166191826
228200.0	2000.0	1632.275948041619	0.0	0	512.2548325404059	1832.275948041468	1	0	1	1.8460054166191826
229200.0	2000.0	1632.2759480416057	0.0	0	553.6068959180266	1832.275948041468	1	0	1	1.8460054166191826
230200.0	3000.0	1532.2759480416025	0.0	0	463.0807508795697	1732.2759480414388	1	0	2	1.4495561769825946
231247.9617927142	6000.0	1484.3141553274004	0.0	0	0.0	1732.2759480414097	1	0	1	2.057195693375548
232310.94732334046	6000.0	1421.3286247011172	0.0	0	0.0	1732.2759480414097	1	0	1	2.950342873935494
233200.0	2000.0	1532.2759480415953	0.0	0	41.639496826916	1732.2759480414097	1	0	1	0.753118296599275
234340.3123469987	2000.0	1391.963601042869	0.0	0	0.0	1732.2759480413806	1	0	1	1.851730585267385
236542.13902679103	2000.0	200.0	9.863078749512965	0	0.0	1742.1390267908864	1	0	1	1.7924440565179935
237066.58834138527	500.0	751.289324614214	75.73863920844619	0	0.0	1817.8776659993455	1	0	1	-1.38015617902852
237774.12347152043	1000.0	1043.7541944790617	0.0	0	0.0	1817.8776659993455	1	0	1	0.46057001734204767
238215.09468560258	1000.0	1602.7829803969223	0.0	0	0.0	1817.8776659993455	1	0	1	1.1537171979019931
239200.0	2000.0	1617.8776659995033	0.0	0	124.04296225565486	1817.8776659993746	1	0	1	1.1537171979019913
240200.0	2000.0	1617.877665999517	0.0	0	305.37819416308776	1817.8776659993746	1	0	1	1.8468643784619365
241200.0	2000.0	1617.8776659995133	0.0	0	139.13103493355447	1817.8776659993746	1	0	1	1.8468643784619365
242200.0	2000.0	1617.8776659995349	0.0	0	15.25566727045225	1817.8776659993746	1	0	1	1.8468643784619365
243380.04244584174	2000.0	1437.835220157786	0.0	0	0.0	1817.8776659993746	1	0	1	1.8468643784619365
244626.44905983427	2000.0	1191.4286061652638	0.0	0	0.0	1817.8776659994037	1	0	1	1.8468643784619347
245526.3074091195	2000.0	1291.570256880013	0.0	0	0.0	1817.8776659994037	1	0	1	1.8468643784619347
246407.9325410761	2000.0	1409.94512492343	0.0	0	0.0	1817.8776659994037	1	0	1	1.8468643784619347
247200.0	2000.0	1617.8776659994992	0.0	0	228.5467524106498	1817.8776659994328	1	0	1	1.846864378461933
248214.59849078723	2000.0	1603.2791752122564	0.0	0	0.0	1817.8776659994328	1	0	1	1.8468643784619343
249200.0	2000.0	1617.8776659994899	0.0	0	270.7352453965286	1817.8776659994037	1	0	1	1.8468643784619334
250200.0	2000.0	1617.877665999462	0.0	0	163.25149056647206	1817.8776659994037	1	0	1	1.8468643784619347
251200.0	2000.0	1617.8776659994667	0.0	0	296.03939044763683	1817.8776659994037	1	0	1	1.8468643784619347
252609.6752509338	2000.0	1208.2024150656798	0.0	0	0.0	1817.8776659994037	1	0	1	1.8468643784619352
253784.3105259097	2000.0	1033.5671400897959	0.0	0	0.0	1817.8776659994037	1	0	1	1.8468643784619347
254583.04803140613	2000.0	1234.8296345933472	0.0	0	0.0	1817.8776659993746	1	0	1	1.8468643784619365
255425.97479113622	2000.0	1391.902874863242	0.0	0	0.0	1817.8776659993455	1	0	1	1.8468643784619379
256270.3665322122	2000.0	1547.5111337872638	0.0	0	0.0	1817.8776659993746	1	0	1	1.8468643784619372
257200.0	2000.0	1617.8776659994694	0.0	0	438.85669878547196	1817.8776659993746	1	0	1	1.8468643784619365
258200.0	2000.0	1617.877665999472	0.0	0	311.5092743523419	1817.8776659993746	1	0	1	1.8468643784619365
259200.0	2000.0	1617.8776659994746	0.0	0	337.37438314961037	1817.8776659993746	1	0	1	1.8468643784619365
260200.0	2000.0	1617.8776659994905	0.0	0	330.3120924058312	1817.8776659993746	1	0	1	1.8468643784619365
261200.0	2000.0	1617.8776659994994	0.0	0	281.57061475279625	1817.8776659993746	1	0	1	1.8468643784619365
262200.0	2000.0	1617.877665999503	0.0	0	52.557094931951724	1817.8776659993746	1	0	1	1.8468643784619365
263200.0	2000.0	1617.8776659995463	0.0	0	31.075036170892417	1817.8776659994328	1	0	1	1.846864378461934
264432.35489895864	2000.0	1385.5227670409422	0.0	0	0.0	1817.877665999462	1	0	1	1.8468643784619312
265360.98922962684	2000.0	1456.8884363728164	0.0	0	0.0	1817.877665999462	1	0	1	1.8468643784619312
266303.2940640055	2000.0	1514.5836019941578	0.0	0	0.0	1817.877665999462	1	0	1	1.8468643784619312
267200.0	2000.0	1617.8776659996277	0.0	0	166.63056369428523	1817.8776659994037	1	0	1	1.8468643784619347
268783.47330309474	2000.0	1034.4043629048763	0.0	0	0.0	1817.8776659994037	1	0	1	1.8468643784619347
269743.4720423471	2000.0	1074.4056236525162	0.0	0	0.0	1817.8776659993455	1	0	1	1.8468643784619383
271296.2715293349	2000.0	521.6061366646732	0.0	0	0.0	1817.8776659993455	1	0	1	1.8468643784619383
272126.82530273823	1000.0	691.0523632613995	0.0	0	0.0	1817.8776659994037	1	0	1	0.46057001734204445
272708.09513894055	1000.0	1109.782527059091	0.0	0	0.0	1817.877665999462	1	0	1	1.1537171979019862
273410.88447862066	1000.0	1406.9931873789806	0.0	0	0.0	1817.877665999462	1	0	1	1.1537171979019862
274428.3464189395	2000.0	1389.5312470601884	0.0	0	0.0	1817.87766599952	1	0	1	1.1537171979019833
275200.0	2000.0	1617.8776659996029	0.0	0	158.70021121401805	1817.877665999462	1	0	1	1.8468643784619285
276200.0	2000.0	1617.877665999632	0.0	0	439.707403749635	1817.877665999462	1	0	1	1.8468643784619312
277200.0	2000.0	1617.8776659996863	0.0	0	364.9337096749223	1817.8776659995783	1	0	1	1.8468643784619272
278200.0	2000.0	1617.877665999706	0.0	0	344.45998640108155	1817.8776659995783	1	0	1	1.8468643784619243
279200.0	3000.0	1617.8776659997272	0.0	0	307.4316958724521	1817.8776659995783	1	0	1	1.8468643784619245
280200.0	3000.0	1617.8776659998	0.0	0	169.60128926619655	1817.8776659996947	1	0	1	2.252329486570085
281200.0	3000.0	1617.8776659998357	0.0	0	19.869057683390565	1817.8776659996947	1	0	1	2.252329486570082
282200.0	3000.0	1617.8776659997743	0.0	0	218.63167251565028	1817.8776659996365	1	0	1	2.252329486570083
283795.04819977825	2000.0	1022.8294662216058	0.0	0	0.0	1817.8776659996365	1	0	1	1.4413992703537564
284812.50656127546	2000.0	1005.3711047244408	0.0	0	0.0	1817.8776659996365	1	0	1	1.846864378461921
285901.45391708927	2000.0	916.4237489105932	0.0	0	0.0	1817.8776659996365	1	0	1	1.846864378461921
287050.5671864903	2000.0	767.3104795095344	0.0	0	0.0	1817.8776659996365	1	0	1	1.846864378461921
288184.64547005476	2000.0	633.232195945046	0.0	0	0.0	1817.8776659996365	1	0	1	1.8468643784619236
288768.10705576796	1000.0	1049.770610231818	0.0	0	0.0	1817.8776659996947	1	0	1	0.4605700173420272
289943.32385541726	2000.0	874.5538105825202	0.0	0	0.0	1817.8776659996947	1	0	1	1.1537171979019722
291137.943554523	2000.0	679.9341114768122	0.0	0	0.0	1817.8776659996947	1	0	1	1.8468643784619174
292113.1349433243	2000.0	704.7427226755244	0.0	0	0.0	1817.877665999753	1	0	1	1.846864378461914
293039.61499024276	2000.0	778.2626757570075	0.0	0	0.0	1817.877665999753	1	0	1	1.846864378461914
293571.43007692916	2000.0	1246.4475890706117	0.0	0	0.0	1817.877665999753	1	0	1	1.846864378461914
294200.0	2000.0	1617.877665999746	0.0	0	140.91133865626762	1817.877665999753	1	0	1	1.846864378461914
295200.0	2000.0	1617.8776659997563	0.0	0	262.2783114935737	1817.8776659996947	1	0	1	1.8468643784619174
296200.0	3000.0	1617.8776659997206	0.0	0	97.22498240269488	1817.8776659996365	1	0	1	1.8468643784619212
297268.81952484464	3000.0	1549.0581411550336	0.0	0	0.0	1817.8776659995783	1	0	1	2.252329486570087
298588.4964014864	6000.0	1229.3812645133426	0.0	0	0.0	1817.8776659995783	1	0	1	2.252329486570089
299502.0299557351	3000.0	1315.8477102646564	0.0	0	0.0	1817.8776659995783	1	0	1	1.5591823060101442
300407.07193753944	2000.0	1410.805728460329	0.0	0	0.0	1817.8776659996365	1	0	1	1.4413992703537564
1.87	2.28	3.24	2.86	2.05	1.9	2.35	2.9	2.54	2.54	2.04	2.09	1.7	1.82	2.19	2.18	2.36	2.26	2.34	2.22	1.95	1.44	2.03	1.77	1.24	1.93	2.44	2.36	2.24	3.0	3.65	4.32	2.86	2.22	2.33	2.76	2.75	1.33	1.74	2.54	2.73	2.4	1.95	2.48	2.75	3.34	2.15	2.33	2.88	3.22	1.93	2.28	3.12	3.97	3.53	2.88	2.49	1.91	2.86	2.25	2.31	1.38	1.74	2.33	2.72	3.06	3.31	3.56	2.97	3.17	3.29	2.83	3.57	3.32	4.12	4.83	5.03	4.69	3.43	2.49	1.47	1.14	1.07	1.7	2.61	3.39	3.01	2.57	2.12	1.61	2.47	2.95	2.86	2.64	3.43	2.56	3.08	1.82	1.85	2.33	2.37	2.66	3.35	3.23	2.81	2.58	2.39	2.78	2.81	1.99	2.27	2.53	3.13	1.62	1.81	2.0	1.36	1.16	1.47	2.18	2.95	2.76	3.45	3.37	3.43	3.65	4.01	4.12	1.66	1.4	2.58	1.96	2.26	2.25	1.95	2.22	2.14	2.62	2.94	3.82	3.66	3.78	3.45	4.44	5.26	2.94	2.13	2.5	2.43	1.93	1.87	2.28	3.24	2.86	2.05	1.9	2.35	2.9	2.54	2.54	2.04	2.09	1.7	1.82	2.19	2.18	2.36	2.26	2.34	2.22	1.95	1.44	2.03	1.77	1.24	1.93	2.44	2.36	2.24	3.0	3.65	4.32	2.86	2.22	2.33	2.76	2.75	1.33	1.74	2.54	2.73	2.4	1.95	2.48	2.75	3.34	2.15	2.33	2.88	3.22	1.93	2.28	3.12	3.97	3.53	2.88	2.49	1.91	2.86	2.25	2.31	1.38	1.74	2.33	2.72	3.06	3.31	3.56	2.97	3.17	3.29	2.83	3.57	3.32	4.12	4.83	5.03	4.69	3.43	2.49	1.47	1.14	1.07	1.7	2.61	3.39	3.01	2.57	2.12	1.61	2.47	2.95	2.86	2.64	3.43	2.56	3.08	1.82	1.85	2.33	2.37	2.66	3.35	3.23	2.81	2.58	2.39	2.78	2.81	1.99	2.27	2.53	3.13	1.62	1.81	2.0	1.36	1.16	1.47	2.18	2.95	2.76	3.45	3.37	3.43	3.65	4.01	4.12	1.66	1.4	2.58	1.96	2.26	2.25	1.95	2.22	2.14	2.62	2.94	3.82	3.66	3.78	3.45	4.44	5.26	2.94	2.13	2.5
1.0	2.0	3.0	4.0	5.0	6.0	7.0	8.0	9.0	10.0	11.0	12.0	13.0	14.0	15.0	16.0	17.0	18.0	19.0	20.0	21.0	22.0	23.0	24.0	25.0	26.0	27.0	28.0	29.0	30.0	31.0	32.0	33.0	34.0	35.0	36.0	37.0	38.0	39.0	40.0	41.0	42.0	43.0	44.0	45.0	46.0	47.0	48.0	49.0	50.0	51.0	52.0	53.0	54.0	55.0	56.0	57.0	58.0	59.0	60.0	61.0	62.0	63.0	64.0	65.0	66.0	67.0	68.0	69.0	70.0	71.0	72.0	73.0	74.0	75.0	76.0	77.0	78.0	79.0	80.0	81.0	82.0	83.0	84.0	85.0	86.0	87.0	88.0	89.0	90.0	91.0	92.0	93.0	94.0	95.0	96.0	97.0	98.0	99.0	100.0	101.0	102.0	103.0	104.0	105.0	106.0	107.0	108.0	109.0	110.0	111.0	112.0	113.0	114.0	115.0	116.0	117.0	118.0	119.0	120.0	121.0	122.0	123.0	124.0	125.0	126.0	127.0	128.0	129.0	130.0	131.0	132.0	133.0	134.0	135.0	136.0	137.0	138.0	139.0	140.0	141.0	142.0	143.0	144.0	145.0	146.0	147.0	148.0	149.0	149.0	150.0	151.0	152.0	153.0	154.0	155.0	156.0	157.0	158.0	159.0	160.0	161.0	162.0	163.0	164.0	165.0	166.0	167.0	168.0	169.0	170.0	171.0	172.0	173.0	174.0	175.0	176.0	177.0	178.0	179.0	180.0	181.0	182.0	183.0	184.0	185.0	186.0	187.0	188.0	189.0	190.0	191.0	192.0	193.0	194.0	195.0	196.0	197.0	198.0	199.0	200.0	201.0	202.0	203.0	204.0	205.0	206.0	207.0	208.0	209.0	210.0	211.0	212.0	213.0	214.0	215.0	216.0	217.0	218.0	219.0	220.0	221.0	222.0	223.0	224.0	225.0	226.0	227.0	228.0	229.0	230.0	231.0	232.0	233.0	234.0	235.0	236.0	237.0	238.0	239.0	240.0	241.0	242.0	243.0	244.0	245.0	246.0	247.0	248.0	249.0	250.0	251.0	252.0	253.0	254.0	255.0	256.0	257.0	258.0	259.0	260.0	261.0	262.0	263.0	264.0	265.0	266.0	267.0	268.0	269.0	270.0	271.0	272.0	273.0	274.0	275.0	276.0	277.0	278.0	279.0	280.0	281.0	282.0	283.0	284.0	285.0	286.0	287.0	288.0	289.0	290.0	291.0	292.0	293.0	294.0	295.0	296.0	297.0
5043.483476253197
