5633.541651637048	300.0	2000.0	216.65432137558818	0	0.0	5633.541651637048	1	0	1	-2.8796139780977406
7031.8718429409055	2000.0	1461.8367895657568	0.0	0	0.0	5493.708632506662	1	0	2	-1.931085400833645
7609.142771704911	1000.0	1884.5658608017504	0.0	0	0.0	5493.708632506661	1	0	1	-1.183537152252255
8447.314257224714	2000.0	1962.5772267299665	0.0	0	0.0	5409.8914839546815	1	0	2	-0.6331550632755789
9507.81935999851	2000.0	1796.021613678793	0.0	0	0.0	5303.840973677303	1	0	2	0.3496435092685887
10435.91407081298	2000.0	1775.1174317828775	0.0	0	0.0	5211.031502595857	1	0	2	0.4394724831995306
11001.385242306513	2000.0	2153.0991431399907	0.0	0	0.0	5154.484385446503	1	0	2	0.4942098002247321
12598.567983521896	3000.0	1396.1981278030703	0.0	0	0.0	4994.766111324966	1	0	2	0.6004307759886881
13214.776924808162	2000.0	1718.3682923881772	0.0	0	0.0	4933.145217196339	1	0	2	0.2646731487538109
13757.871831122377	2000.0	2120.9638954425427	0.0	0	0.0	4878.835726564919	1	0	2	0.7136941538632297
14717.057973825284	3000.0	2065.8591384693445	0.0	0	0.0	4782.917112294628	1	0	2	0.7731359627384433
15446.695825095632	2000.0	2263.25750207196	0.0	0	0.0	4709.95332716759	1	0	2	0.42654095454611335
16533.22898674097	3000.0	2068.0710242620894	0.0	0	0.0	4601.300011003057	1	0	2	0.893450245112056
17676.828648793533	2000.0	1810.11139600427	0.0	0	0.0	4486.9400447978005	1	0	2	0.559451710744482
18935.00472107525	2000.0	1426.1177164943792	0.0	0	0.0	4361.122437569626	1	0	2	1.0395890846618685
19740.910762334974	2000.0	1539.6210711086794	0.0	0	0.0	4280.531833443649	1	0	2	1.0891527854218226
20447.129930741532	2000.0	1762.7799858614644	0.0	0	0.0	4209.909916602992	1	0	2	1.124708562222406
21477.694247921823	2000.0	1629.159236963146	0.0	0	0.0	4106.8534848849595	1	0	2	1.1702492916431118
23019.85365223693	2000.0	932.7838922165306	0.0	0	0.0	3952.6375444534533	1	0	2	1.2351559375814887
24017.994189179146	1000.0	934.6433552743188	0.0	0	0.0	3952.6375444534533	1	0	1	-0.13656053115226474
24679.51988666053	1000.0	1273.117657792934	0.0	0	0.0	3952.6375444534533	1	0	1	0.7565866494076806
25449.41869462423	1000.0	1503.2188498292337	0.0	0	0.0	3952.6375444534533	1	0	1	0.7565866494076806
26259.794535952176	1000.0	1692.843008501282	0.0	0	0.0	3952.6375444534497	1	0	1	0.756586649407682
27061.426440592222	1000.0	1891.211103861238	0.0	0	0.0	3952.6375444534497	1	0	1	0.756586649407682
27997.328698298068	2000.0	1861.7186203848055	0.0	0	0.0	3859.047318682864	1	0	2	0.38480833962647654
29288.959224997838	2000.0	1440.9250410150576	0.0	0	0.0	3729.884266012883	1	0	2	1.319666162003739
30435.3306318943	2000.0	1179.916493428949	0.0	0	0.0	3615.247125323236	1	0	2	1.3615263882890094
31192.59707525193	2000.0	1346.9234057355484	0.0	0	0.0	3539.520480987463	1	0	2	1.386586492492762
32160.389634799365	2000.0	1379.130846188114	0.0	0	0.0	3539.5204809874667	1	0	1	1.3923081900580891
32995.08051395325	2000.0	1544.4399670342286	0.0	0	0.0	3539.5204809874667	1	0	1	1.5923081900580889
33955.21454808764	2000.0	1584.3059328998406	0.0	0	0.0	3539.5204809874704	1	0	1	1.5923081900580884
34718.51968409326	2000.0	1821.0007968942245	0.0	0	0.0	3539.520480987474	1	0	1	1.5923081900580878
36133.94907923837	2000.0	1405.5714017491216	0.0	0	0.0	3539.520480987485	1	0	1	1.592308190058086
36835.25424318281	1000.0	1704.2662378046755	0.0	0	0.0	3539.5204809874776	1	0	1	0.2060138289381959
37537.30992097984	1000.0	2002.2105600076497	0.0	0	0.0	3539.5204809874776	1	0	1	0.899161009498141
38416.780423900665	2000.0	2034.7930067947432	0.0	0	0.0	3451.5734306953964	1	0	2	0.5172128544309532
39693.67684150941	2000.0	1757.8965891859984	0.0	0	0.0	3451.5734306953964	1	0	1	1.4168814336131423
41243.90641542281	2000.0	1207.6670152726024	0.0	0	0.0	3451.5734306953964	1	0	1	1.6168814336131425
42911.14131918483	1000.0	540.4321115105811	0.0	0	0.0	3451.5734306953964	1	0	1	0.23058707249325253
43355.26621563521	500.0	1096.3072150601988	0.0	0	0.0	3451.5734306953964	1	0	1	-0.46256010806669307
44029.90779402329	1000.0	1421.6656366721204	0.0	0	0.0	3451.5734306953964	1	0	1	0.2305870724932523
44597.33422765027	1000.0	1854.239203045131	0.0	0	0.0	3451.573430695389	1	0	1	0.9237342530531998
45531.12857644952	2000.0	1920.4448542458797	0.0	0	0.0	3451.573430695389	1	0	1	0.9237342530531997
46369.05543112556	2000.0	2082.5179995698372	0.0	0	0.0	3451.573430695389	1	0	1	1.6168814336131447
46970.33274671404	2000.0	2421.1129524225025	0.0	0	0.0	3391.445699136537	1	0	2	1.2286848401754145
47807.77292394686	3000.0	2499.9287574664068	0.0	0	0.0	3307.7016814132658	1	0	2	1.4483985115304818
48489.65569352653	3000.0	2749.8577109287694	0.0	0	0.0	3239.513404455298	1	0	2	1.8703607744032107
49548.403453276864	3000.0	2585.235175203406	0.0	0	0.0	3133.6386284802647	1	0	2	1.8911569050334336
50334.35699149568	3000.0	2720.686283162702	0.0	0	0.0	3055.0432746583756	1	0	2	1.9084943189407138
51223.13885978674	3000.0	2743.0262280425322	0.0	0	0.0	2966.165087829264	1	0	2	1.9247559214425887
52656.77236315036	3000.0	2166.029374342541	0.0	0	0.0	2822.8017374928895	1	0	2	1.9456855290159947
53891.62247216162	2000.0	1931.17926533128	0.0	0	0.0	2822.8017374928895	1	0	1	1.1414139024516303
55226.509504586655	2000.0	1596.2922329062435	0.0	0	0.0	2822.8017374928895	1	0	1	1.746879010559795
55670.050902486415	1000.0	2152.7508350064945	0.0	0	0.0	2822.8017374928895	1	0	1	0.36058464943990476
56603.885932789286	2000.0	2218.91580470363	0.0	0	0.0	2822.801737492897	1	0	1	1.0537318299998488
57422.1726232706	2000.0	2400.62911422232	0.0	0	0.0	2822.801737492897	1	0	1	1.746879010559794
58200.0	2000.0	2622.8017374929127	0.0	0	15.350141030576196	2822.801737492897	1	0	1	1.746879010559794
59200.0	2000.0	2622.801737492913	0.0	0	351.75727129551524	2822.801737492897	1	0	1	1.746879010559794
60200.0	2000.0	2622.8017374929127	0.0	0	341.35764866874524	2822.801737492897	1	0	1	1.746879010559794
61574.60194774974	2000.0	2110.739594968195	0.0	0	0.0	2685.3415427179207	1	0	2	1.3637449505116208
62324.83908148649	2000.0	2360.502461231446	0.0	0	0.0	2685.341542717928	1	0	1	1.566723568769395
63698.06969618191	2000.0	1987.2718465360215	0.0	0	0.0	2685.341542717928	1	0	1	1.7667235687693952
65087.73266430581	2000.0	1597.6088784121243	0.0	0	0.0	2685.341542717928	1	0	1	1.7667235687693952
65575.38957787764	1000.0	2109.9519648402934	0.0	0	0.0	2685.341542717928	1	0	1	0.38042920764950494
67116.7779095111	2000.0	1568.5636332068266	0.0	0	0.0	2685.341542717935	1	0	1	1.0735763882094487
68294.95896715317	1000.0	1390.3825755647485	0.0	0	0.0	2685.341542717928	1	0	1	0.3804292076495046
68863.39139102255	1000.0	1821.9501516953756	0.0	0	0.0	2685.3415427179425	1	0	1	1.0735763882094482
70442.75707334645	2000.0	1242.58446937148	0.0	0	0.0	2685.341542717957	1	0	1	1.0735763882094478
71455.34535913072	1000.0	1229.996183587212	0.0	0	0.0	2685.3415427179716	1	0	1	0.3804292076494991
72032.03801464014	1000.0	1653.3035280777895	0.0	0	0.0	2685.3415427179716	1	0	1	1.0735763882094442
72585.66576572509	1000.0	2099.6757769928417	0.0	0	0.0	2685.3415427179716	1	0	1	1.0735763882094442
73815.00584808066	2000.0	1870.3356946372828	0.0	0	0.0	2685.3415427179716	1	0	1	1.0735763882094442
74541.30184932164	2000.0	2144.0396933963148	0.0	0	0.0	2685.3415427179716	1	0	1	1.7667235687693894
75595.19264706342	2000.0	2090.1488956545254	0.0	0	0.0	2685.3415427179716	1	0	1	1.7667235687693894
76484.79061132846	2000.0	2200.5509313894922	0.0	0	0.0	2685.3415427179716	1	0	1	1.7667235687693894
77318.15947517205	2000.0	2367.182067545885	0.0	0	0.0	2685.341542717957	1	0	1	1.7667235687693914
78350.2835825176	2000.0	2335.057960200333	0.0	0	0.0	2685.341542717957	1	0	1	1.7667235687693914
79387.17091451683	2000.0	2194.481895001195	0.0	0	0.0	2581.6528095180256	1	0	2	1.3764609199488085
80575.38841373721	2000.0	2006.2643957808257	0.0	0	0.0	2581.6528095180256	1	0	1	1.5801026214745257
81747.94067194038	2000.0	1833.71213757765	0.0	0	0.0	2581.652809518011	1	0	1	1.7801026214745277
82747.39463407421	2000.0	1834.258175443822	0.0	0	0.0	2581.652809518011	1	0	1	1.7801026214745277
83955.85603727995	2000.0	1625.7967722380788	0.0	0	0.0	2581.652809518011	1	0	1	1.7801026214745277
84824.26414583783	1000.0	1757.3886636801935	0.0	0	0.0	2581.652809518011	1	0	1	0.39380826035463734
85657.35238837312	1000.0	1924.3004211448933	0.0	0	0.0	2581.6528095179965	1	0	1	1.0869554409145843
87207.85405593275	2000.0	1373.7987535852621	0.0	0	0.0	2581.6528095179965	1	0	1	1.0869554409145843
87689.67307752543	1000.0	1891.979731992584	0.0	0	0.0	2581.652809517982	1	0	1	0.3938082603546409
88575.50491579047	2000.0	2006.1478937275415	0.0	0	0.0	2581.652809517982	1	0	1	1.0869554409145863
89361.16792608531	2000.0	2220.484883432703	0.0	0	0.0	2581.6528095179674	1	0	1	1.780102621474533
90392.84088214536	2000.0	2188.811927372645	0.0	0	0.0	2581.6528095179674	1	0	1	1.780102621474533
91573.84064287714	2000.0	2007.8121666408758	0.0	0	0.0	2581.6528095179674	1	0	1	1.780102621474533
92501.04223308651	1000.0	2080.610576431513	0.0	0	0.0	2581.6528095179674	1	0	1	0.3938082603546427
93763.15143918226	2000.0	1818.5013703357774	0.0	0	0.0	2581.652809517982	1	0	1	1.0869554409145863
94878.1948068399	2000.0	1703.4580026781412	0.0	0	0.0	2581.6528095179965	1	0	1	1.7801026214745295
95656.32117620904	2000.0	1925.3316333090195	0.0	0	0.0	2581.6528095179965	1	0	1	1.7801026214745295
96482.32667007661	2000.0	2099.3261394414467	0.0	0	0.0	2581.6528095179965	1	0	1	1.7801026214745295
97200.0	2000.0	2381.652809518071	0.0	0	1.5935573992464924	2581.6528095179965	1	0	1	1.7801026214745295
98200.0	2000.0	2381.6528095180643	0.0	0	6.483551286364673	2581.652809517982	1	0	1	1.7801026214745312
99549.56691657168	3000.0	1897.129201289208	0.0	0	0.0	2446.696117860818	1	0	2	1.3917925520893775
100271.46215481123	2000.0	2175.233963049651	0.0	0	0.0	2446.6961178608035	1	0	1	1.1902132231599838
101234.60351406	3000.0	2115.7784678760013	0.0	0	0.0	2350.381981935905	1	0	2	1.4033012113385874
102200.0	3000.0	2053.842333342	0.0	0	243.84351841415628	2253.842333341905	1	0	2	2.017084256605581
103517.58117250375	3000.0	1604.503043587858	0.0	0	0.0	2122.0842160915054	1	0	2	2.0280796588541716
104573.14187467568	2000.0	1548.9423414159291	0.0	0	0.0	2122.0842160915054	1	0	1	1.2204479488034583
105509.2950800793	2000.0	1612.789136012306	0.0	0	0.0	2122.0842160915054	1	0	1	1.825913056911623
106200.0	2000.0	1922.0842160916163	0.0	0	67.8453453858092	2122.0842160915054	1	0	1	1.825913056911623
107200.0	2000.0	1922.0842160916402	0.0	0	80.59631722445192	2122.0842160915054	1	0	1	1.825913056911623
108200.0	2000.0	1922.0842160916336	0.0	0	353.57293086114805	2122.0842160915054	1	0	1	1.825913056911623
109200.0	2000.0	1922.084216091639	0.0	0	401.363714608422	2122.0842160915054	1	0	1	1.825913056911623
110206.21248688591	3000.0	1815.2504805171407	0.0	0	0.0	2021.462967402913	1	0	2	1.4316937477652283
112722.80673838955	3000.0	200.0	139.09381466986974	0	0.0	1922.806738389554	1	0	2	1.2142809632411333
113769.09918389177	2000.0	508.31246930250325	354.60491480471717	0	0.0	2277.411653194271	1	0	1	-0.9204875556338427
114316.49330907114	1000.0	960.918344123153	0.0	0	0.0	2277.4116531942855	1	0	1	0.42631268018273294
115113.0188488475	2000.0	1164.3928043468	0.0	0	0.0	2277.411653194271	1	0	1	1.1194598607426793
115913.54248500263	2000.0	1363.869168191663	0.0	0	0.0	2277.411653194271	1	0	1	1.8126070413026247
116590.69297374794	2000.0	1686.7186794463532	0.0	0	0.0	2277.411653194271	1	0	1	1.8126070413026247
117209.76281334255	2000.0	2067.6488398517663	0.0	0	0.0	2277.411653194271	1	0	1	1.8126070413026247
119270.05507145463	3000.0	801.3273559284877	0.0	0	0.0	2071.3824273830687	1	0	2	1.4236524334537253
119888.41267545497	2000.0	1182.96975192815	0.0	0	0.0	2071.3824273830687	1	0	1	1.224379890620444
120618.36986557368	2000.0	1453.0125618094407	0.0	0	0.0	2071.3824273830833	1	0	1	1.8298449987286074
121833.00981455694	2000.0	1238.372612826187	0.0	0	0.0	2071.3824273830833	1	0	1	1.8298449987286074
123298.57545865659	2000.0	772.806968726526	0.0	0	0.0	2071.3824273830833	1	0	1	1.8298449987286074
124457.1452081347	2000.0	614.2372192484254	0.0	0	0.0	2071.3824273830833	1	0	1	1.8298449987286074
125349.54677651018	2000.0	721.8356508729468	0.0	0	0.0	2071.382427383098	1	0	1	1.8298449987286065
126074.60805664038	2000.0	996.7743707427453	0.0	0	0.0	2071.382427383098	1	0	1	1.8298449987286065
126971.15066223947	2000.0	1100.231765143657	0.0	0	0.0	2071.3824273830833	1	0	1	1.8298449987286074
128236.34673516826	2000.0	835.0356922148552	0.0	0	0.0	2071.3824273830833	1	0	1	1.8298449987286074
128966.28360416995	1000.0	1105.0988232131754	0.0	0	0.0	2071.382427383098	1	0	1	0.4435506376087161
130003.87599548603	2000.0	1067.506431897088	0.0	0	0.0	2071.382427383098	1	0	1	1.1366978181686611
131078.8624782916	2000.0	992.5199490915227	0.0	0	0.0	2071.3824273831124	1	0	1	1.8298449987286052
131713.55729814686	2000.0	1357.825129236252	0.0	0	0.0	2071.382427383127	1	0	1	1.829844998728606
132386.26395206962	2000.0	1685.1184753134899	0.0	0	0.0	2071.3824273831415	1	0	1	1.8298449987286047
133200.0	2000.0	1871.3824273831108	0.0	0	163.4665386491688	2071.382427383098	1	0	1	1.8298449987286052
134200.0	2000.0	1871.3824273830924	0.0	0	555.4735097090306	2071.382427383098	1	0	1	1.8298449987286065
135400.4847726534	3000.0	1550.8491774643596	0.0	0	0.0	1951.3339501177834	1	0	2	1.4360944086825713
136210.06349704287	2000.0	1741.2704530749234	0.0	0	0.0	1951.3339501178125	1	0	1	1.2329593724757335
137481.93592909983	2000.0	1469.3980210179811	0.0	0	0.0	1951.3339501178125	1	0	1	1.8384244805838983
138568.09794768863	2000.0	1383.2360024291747	0.0	0	0.0	1951.3339501178125	1	0	1	1.8384244805838983
139279.06699109077	1000.0	1672.2669590270489	0.0	0	0.0	1951.3339501178125	1	0	1	0.452130119464008
140542.2965822954	2000.0	1409.0373678223946	0.0	0	0.0	1951.3339501178125	1	0	1	1.1452773000239533
141206.60858017876	1000.0	1744.7253699390824	0.0	0	0.0	1951.3339501178125	1	0	1	0.452130119464008
142200.0	2000.0	1751.3339501178482	0.0	0	248.80952225494548	1951.3339501178125	1	0	1	1.1452773000239533
143223.67567168616	2000.0	1727.6582784316824	0.0	0	0.0	1951.3339501178125	1	0	1	1.8384244805838983
144200.0	2000.0	1751.3339501178098	0.0	0	500.10051855587517	1951.3339501178125	1	0	1	1.8384244805838983
145200.0	2000.0	1751.3339501178116	0.0	0	585.5786755002046	1951.3339501178416	1	0	1	1.838424480583896
146200.0	3000.0	1651.3339501178607	0.0	0	13.098247471876675	1851.3339501178998	1	0	2	1.4431830407442523
147200.0	2000.0	1651.3339501178832	0.0	0	345.59146053297445	1851.3339501178998	1	0	1	1.2393847652528134
148200.0	2000.0	1651.3339501178762	0.0	0	518.6229434325069	1851.3339501178998	1	0	1	1.8448498733609782
149200.0	2000.0	1651.3339501178855	0.0	0	380.825090529921	1851.3339501178707	1	0	1	1.8448498733609797
150200.0	3000.0	1551.3339501178598	0.0	0	345.30284979435964	1751.3339501178416	1	0	2	1.448545822529533
151641.5929178449	3000.0	1109.7410322729656	0.0	0	0.0	1751.3339501178707	1	0	1	2.0561470441057867
152928.43655030942	2000.0	822.8973998084147	0.0	0	0.0	1751.3339501178707	1	0	1	1.4452168278894577
154200.75306691456	2000.0	550.580883203262	0.0	0	0.0	1751.3339501178416	1	0	1	1.850681935997624
155253.30228715684	2000.0	498.0316629609988	0.0	0	0.0	1751.3339501178416	1	0	1	1.850681935997624
155853.90989283423	1000.0	897.424057283607	0.0	0	0.0	1751.3339501178707	1	0	1	0.464387574877732
156630.69301197384	2000.0	1120.6409381439717	0.0	0	0.0	1751.3339501178998	1	0	1	1.1575347554376756
157263.93094701483	2000.0	1487.4030031030165	0.0	0	0.0	1751.333950117929	1	0	1	1.8506819359976203
158275.06618571933	2000.0	1476.267764398505	0.0	0	0.0	1751.3339501178998	1	0	1	1.8506819359976192
159200.0	2000.0	1551.3339501178687	0.0	0	220.66560495313024	1751.333950117929	1	0	1	1.850681935997619
160200.0	2000.0	1551.3339501178564	0.0	0	345.1322735863214	1751.333950117929	1	0	1	1.850681935997619
161200.0	2000.0	1551.333950117808	0.0	0	205.9326506597863	1751.333950117929	1	0	1	1.850681935997619
162200.0	2000.0	1551.3339501177911	0.0	0	401.84538510927814	1751.333950117929	1	0	1	1.850681935997619
163200.0	2000.0	1551.3339501177868	0.0	0	252.6967404379102	1751.333950117929	1	0	1	1.850681935997619
164200.0	2000.0	1551.3339501178484	0.0	0	323.5818684476835	1751.333950117958	1	0	1	1.8506819359976174
165200.0	2000.0	1551.3339501178336	0.0	0	156.35172922923812	1751.333950117958	1	0	1	1.8506819359976174
166200.0	2000.0	1551.3339501178484	0.0	0	225.5324020536209	1751.3339501179871	1	0	1	1.8506819359976157
167485.43483451658	2000.0	1265.8991156012569	0.0	0	0.0	1751.333950117958	1	0	1	1.850681935997617
168585.22604383656	2000.0	1166.1079062812419	0.0	0	0.0	1751.333950117958	1	0	1	1.8506819359976174
169559.68212926897	2000.0	1191.651820848791	0.0	0	0.0	1751.333950117958	1	0	1	1.8506819359976174
170814.63989026472	2000.0	936.694059853034	0.0	0	0.0	1751.333950117958	1	0	1	1.8506819359976174
171441.96279030768	1000.0	1309.371159810094	0.0	0	0.0	1751.333950117958	1	0	1	0.464387574877727
173006.26652992438	2000.0	745.0674201934133	0.0	0	0.0	1751.333950117958	1	0	1	1.157534755437672
173945.11404665402	1000.0	806.2199034637758	0.0	0	0.0	1751.333950117958	1	0	1	0.464387574877727
174720.68465725976	1000.0	1030.649292858039	0.0	0	0.0	1751.333950117958	1	0	1	1.1575347554376723
175267.28877114714	1000.0	1484.0451789706838	0.0	0	0.0	1751.333950117958	1	0	1	1.1575347554376723
176743.59774195237	2000.0	1007.7362081654853	0.0	0	0.0	1751.333950117958	1	0	1	1.157534755437672
177866.26917881015	2000.0	885.06477130769	0.0	0	0.0	1751.333950117929	1	0	1	1.850681935997619
178535.0168367353	1000.0	1216.3171133825372	0.0	0	0.0	1751.333950117929	1	0	1	0.4643875748777287
179655.36846551814	2000.0	1095.9654845997266	0.0	0	0.0	1751.333950117958	1	0	1	1.157534755437672
180451.67796314083	2000.0	1299.6559869770188	0.0	0	0.0	1751.333950117929	1	0	1	1.8506819359976183
181460.0549314648	2000.0	1291.2790186530526	0.0	0	0.0	1751.333950117958	1	0	1	1.8506819359976183
182313.7472965503	2000.0	1437.5866535675566	0.0	0	0.0	1751.3339501179871	1	0	1	1.850681935997617
183200.0	2000.0	1551.3339501178486	0.0	0	71.75179035338806	1751.3339501179871	1	0	1	1.8506819359976157
184200.0	2000.0	1551.3339501178248	0.0	0	144.800561264914	1751.3339501179871	1	0	1	1.8506819359976157
185257.80317365585	2000.0	1493.5307764619984	0.0	0	0.0	1751.3339501179871	1	0	1	1.8506819359976157
186397.7728645676	2000.0	1353.5610855502425	0.0	0	0.0	1751.3339501179871	1	0	1	1.8506819359976157
187466.76531458937	2000.0	1284.5686355285238	0.0	0	0.0	1751.3339501179871	1	0	1	1.8506819359976157
188200.0	2000.0	1551.3339501178896	0.0	0	22.747852064087056	1751.3339501179871	1	0	1	1.8506819359976157
189200.0	2000.0	1551.333950117896	0.0	0	140.11722002347233	1751.3339501180162	1	0	1	1.8506819359976143
191331.7994915839	2000.0	419.53445853399927	0.0	0	0.0	1751.3339501180162	1	0	1	1.8506819359976143
191801.07411922517	500.0	950.2598308927338	0.0	0	0.0	1751.3339501180162	1	0	1	-0.921906786242167
192449.96006829257	1000.0	1301.373881825331	0.0	0	0.0	1751.3339501180162	1	0	1	0.46438757487772364
193200.0	1000.0	1551.3339501179344	0.0	0	237.27989056913066	1751.3339501180162	1	0	1	1.157534755437669
194358.89259002754	2000.0	1392.4413600903808	0.0	0	0.0	1751.3339501179871	1	0	1	1.1575347554376696
195249.40015593803	2000.0	1501.9337941799001	0.0	0	0.0	1751.3339501179871	1	0	1	1.8506819359976145
196200.0	2000.0	1551.3339501179435	0.0	0	356.83928448782535	1751.3339501179871	1	0	1	1.8506819359976157
197200.0	2000.0	1551.3339501179391	0.0	0	418.3402348184027	1751.3339501179871	1	0	1	1.8506819359976157
198200.0	2000.0	1551.3339501179607	0.0	0	482.42004361978616	1751.3339501179871	1	0	1	1.8506819359976157
199200.0	3000.0	1451.333950117978	0.0	0	323.9073534995259	1651.3339501180162	1	0	2	1.4540750725535805
200200.0	3000.0	1451.333950117989	0.0	0	20.818952303903643	1651.3339501180162	1	0	1	2.061439019842604
201200.0	2000.0	1451.3339501179896	0.0	0	222.00241530843778	1651.3339501180162	1	0	1	1.450508803626275
202222.43684730577	2000.0	1428.8971028121898	0.0	0	0.0	1651.3339501179871	1	0	1	1.855973911734441
203373.68067237467	2000.0	1277.653277743318	0.0	0	0.0	1651.3339501180162	1	0	1	1.8559739117344396
204943.237326162	2000.0	708.0966239559921	0.0	0	0.0	1651.3339501180162	1	0	1	1.8559739117344396
206125.8023101362	2000.0	525.5316399817928	0.0	0	0.0	1651.3339501180162	1	0	1	1.8559739117344396
206643.9284567045	1000.0	1007.4054934134828	0.0	0	0.0	1651.3339501180162	1	0	1	0.46967955061454925
207690.22063391178	2000.0	961.1133162062193	0.0	0	0.0	1651.3339501180453	1	0	1	1.1628267311744929
208390.71117514386	2000.0	1260.6227749741386	0.0	0	0.0	1651.3339501180453	1	0	1	1.8559739117344383
209226.28355699248	2000.0	1425.0503931255473	0.0	0	0.0	1651.3339501180453	1	0	1	1.8559739117344383
210552.97651599592	2000.0	1098.3574341221138	0.0	0	0.0	1651.3339501180453	1	0	1	1.8559739117344383
211310.31193172972	2000.0	1341.0220183882884	0.0	0	0.0	1651.3339501180453	1	0	1	1.8559739117344383
212622.97487880095	2000.0	1028.3590713170636	0.0	0	0.0	1651.3339501180453	1	0	1	1.8559739117344383
213519.73527305198	1000.0	1131.598677066018	0.0	0	0.0	1651.3339501180453	1	0	1	0.46967955061454775
214406.18062237877	1000.0	1245.153327739206	0.0	0	0.0	1651.3339501180453	1	0	1	1.1628267311744929
215619.5068821844	2000.0	1031.8270679335924	0.0	0	0.0	1651.3339501180453	1	0	1	1.1628267311744929
216648.71881671392	1000.0	1002.6151334040399	0.0	0	0.0	1651.3339501180453	1	0	1	0.46967955061454775
217467.88585529564	1000.0	1183.448094822329	0.0	0	0.0	1651.3339501180453	1	0	1	1.1628267311744929
218451.72805606833	2000.0	1199.6058940496127	0.0	0	0.0	1651.3339501180453	1	0	1	1.1628267311744929
219200.0	1000.0	1451.3339501179166	0.0	0	83.17542537566624	1651.3339501180453	1	0	1	0.46967955061454775
220538.56342726646	2000.0	1112.770522851464	0.0	0	0.0	1651.3339501180453	1	0	1	1.1628267311744929
221200.0	1000.0	1451.3339501179244	0.0	0	92.4985350817442	1651.3339501180453	1	0	1	0.46967955061454775
222560.1419848277	2000.0	1091.1919652901984	0.0	0	0.0	1651.3339501180453	1	0	1	1.1628267311744929
223439.74057153295	2000.0	1211.5933785849347	0.0	0	0.0	1651.3339501179871	1	0	1	1.85597391173444
224459.8077758544	2000.0	1191.5261742634966	0.0	0	0.0	1651.3339501179871	1	0	1	1.855973911734441
225379.6768845793	2000.0	1271.6570655385804	0.0	0	0.0	1651.3339501179871	1	0	1	1.855973911734441
226622.12408177613	2000.0	1029.2098683417305	0.0	0	0.0	1651.3339501179871	1	0	1	1.855973911734441
227620.35247150355	2000.0	1030.9814786143138	0.0	0	0.0	1651.333950117958	1	0	1	1.8559739117344427
228267.99805191116	2000.0	1383.335898206696	0.0	0	0.0	1651.333950117929	1	0	1	1.855973911734443
229200.0	2000.0	1451.3339501178502	0.0	0	40.641531519417185	1651.333950117929	1	0	1	1.855973911734444
230587.24894577588	2000.0	1064.0850043419646	0.0	0	0.0	1651.3339501178998	1	0	1	1.855973911734445
231937.0920652887	2000.0	714.241884829133	0.0	0	0.0	1651.3339501178998	1	0	1	1.8559739117344454
232830.4700649284	1000.0	820.8638851894459	0.0	0	0.0	1651.3339501178998	1	0	1	0.4696795506145551
233447.8555037162	1000.0	1203.4784464016611	0.0	0	0.0	1651.3339501178998	1	0	1	1.1628267311745002
234842.61013046265	2000.0	808.7238196551774	0.0	0	0.0	1651.3339501178998	1	0	1	1.1628267311745002
235629.2285736105	1000.0	1022.1053765073333	0.0	0	0.0	1651.3339501178998	1	0	1	0.4696795506145551
236200.0	1000.0	1451.3339501178555	0.0	0	12.292048240895383	1651.3339501178998	1	0	1	1.1628267311745002
237200.0	2000.0	1451.3339501178723	0.0	0	30.314708815014455	1651.333950117929	1	0	1	1.1628267311744989
238200.0	2000.0	1451.3339501178525	0.0	0	24.132959216018207	1651.3339501178998	1	0	1	1.8559739117344454
239509.27261946065	2000.0	1142.0613306571818	0.0	0	0.0	1651.3339501178998	1	0	1	1.8559739117344454
241463.0429886977	2000.0	200.0	11.709038579877642	0	0.0	1663.0429886977654	1	0	1	1.7856010117137524
242365.56483971648	1000.0	564.3485332243458	266.8703842431073	0	0.0	1929.9133729408786	1	0	1	-1.1476630612445895
243128.98466342926	2000.0	800.9287095115614	0.0	0	0.0	1929.9133729408495	1	0	1	1.1467064247740022
244372.54179859566	2000.0	557.3715743452046	0.0	0	0.0	1929.9133729408495	1	0	1	1.8398536053339474
245410.3142877828	2000.0	519.599085158063	0.0	0	0.0	1929.9133729408204	1	0	1	1.839853605333948
246020.3646774763	2000.0	909.5486954645554	0.0	0	0.0	1929.9133729408204	1	0	1	1.8398536053339494
246967.5065904859	2000.0	962.4067824549631	0.0	0	0.0	1929.9133729408495	1	0	1	1.8398536053339474
247967.75426167084	2000.0	962.1591112700129	0.0	0	0.0	1929.9133729408204	1	0	1	1.8398536053339494
248940.32117272192	2000.0	989.592200218914	0.0	0	0.0	1929.9133729408204	1	0	1	1.8398536053339494
249540.2353664872	2000.0	1389.6780064536176	0.0	0	0.0	1929.9133729408204	1	0	1	1.8398536053339494
250381.15343049745	2000.0	1548.7599424433704	0.0	0	0.0	1929.9133729408204	1	0	1	1.8398536053339494
251200.0	2000.0	1729.9133729408165	0.0	0	335.5237863215152	1929.9133729408204	1	0	1	1.8398536053339494
252278.09034148513	2000.0	1651.8230314556613	0.0	0	0.0	1929.9133729408204	1	0	1	1.8398536053339494
253365.38345234134	2000.0	1564.529920599437	0.0	0	0.0	1929.9133729408204	1	0	1	1.8398536053339494
254460.10801380177	2000.0	1469.8053591390108	0.0	0	0.0	1929.9133729408204	1	0	1	1.8398536053339494
255315.50410470393	2000.0	1614.409268236834	0.0	0	0.0	1929.9133729408204	1	0	1	1.8398536053339494
256266.77766160207	2000.0	1663.1357113386791	0.0	0	0.0	1929.9133729408204	1	0	1	1.8398536053339494
257200.0	2000.0	1729.9133729407688	0.0	0	389.8287847492029	1929.9133729408204	1	0	1	1.8398536053339494
258200.0	2000.0	1729.9133729407754	0.0	0	452.1679715704231	1929.9133729408204	1	0	1	1.8398536053339494
259974.87258994658	3000.0	777.5535239995357	0.0	0	0.0	1752.4261139461596	1	0	2	1.446612716126786
261831.45152986364	2000.0	210.49076854482044	289.5161844623666	0	0.0	2041.9422984084813	1	0	1	-0.5095808507135309
262536.6663968964	1000.0	688.6446544736008	183.36875296160966	0	0.0	2225.311051370023	1	0	1	-0.6692147878688625
263378.76359287254	2000.0	846.5474584975814	0.0	0	0.0	2225.3110513701395	1	0	1	1.1241449104607375
264415.84156613995	2000.0	809.4694852301458	0.0	0	0.0	2225.3110513701104	1	0	1	1.8172920910206805
265253.1952190719	2000.0	972.1158322982338	0.0	0	0.0	2225.3110513701104	1	0	1	1.8172920910206805
265743.1751911999	2000.0	1482.1358601702573	0.0	0	0.0	2225.3110513701686	1	0	1	1.8172920910206756
266302.79718489066	2000.0	1922.5138664794445	0.0	0	0.0	2225.3110513701686	1	0	1	1.8172920910206756
267906.6298522933	2000.0	1318.6811990768356	0.0	0	0.0	2225.3110513701686	1	0	1	1.8172920910206756
269122.3621228094	2000.0	1102.948928560754	0.0	0	0.0	2225.3110513701104	1	0	1	1.8172920910206805
269890.57874793577	2000.0	1334.7323034343317	0.0	0	0.0	2225.311051370052	1	0	1	1.8172920910206858
271159.79530088045	2000.0	1065.5157504896756	0.0	0	0.0	2225.3110513701104	1	0	1	1.8172920910206805
271848.8772407445	1000.0	1376.4338106255686	0.0	0	0.0	2225.311051370052	1	0	1	0.4309977299007953
272940.36494318227	2000.0	1284.9461081878044	0.0	0	0.0	2225.311051370052	1	0	1	1.1241449104607406
273825.4547276266	2000.0	1399.8563237434905	0.0	0	0.0	2225.311051370052	1	0	1	1.8172920910206858
274428.58065097785	2000.0	1796.7304003922213	0.0	0	0.0	2225.311051369994	1	0	1	1.8172920910206884
275200.0	2000.0	2025.3110513700576	0.0	0	244.3171253001783	2225.311051369994	1	0	1	1.8172920910206907
276635.0113649436	2000.0	1590.2996864265322	0.0	0	0.0	2225.311051369994	1	0	1	1.8172920910206907
277766.34557621024	2000.0	1458.965475159861	0.0	0	0.0	2225.3110513699357	1	0	1	1.8172920910206958
278789.0992535215	2000.0	1436.2117978486629	0.0	0	0.0	2225.3110513699357	1	0	1	1.8172920910206958
279734.15471649927	2000.0	1491.1563348709262	0.0	0	0.0	2225.311051369994	1	0	1	1.8172920910206907
280807.29213759064	2000.0	1418.0189137796158	0.0	0	0.0	2225.311051370052	1	0	1	1.8172920910206858
281448.09469986416	2000.0	1777.2163515060809	0.0	0	0.0	2225.311051369994	1	0	1	1.8172920910206907
282200.0	2000.0	2025.3110513702522	0.0	0	234.6325600547716	2225.311051370052	1	0	1	1.8172920910206858
283200.0	2000.0	2025.3110513702627	0.0	0	473.6241703883861	2225.311051369994	1	0	1	1.8172920910206907
284580.44008780894	3000.0	1506.8269547804057	0.0	0	0.0	2087.2670425890246	1	0	2	1.4254393735921655
285447.78867632133	2000.0	1639.4783662679488	0.0	0	0.0	2087.2670425890246	1	0	1	1.223168568935409
286357.0266370631	2000.0	1730.2404055261625	0.0	0	0.0	2087.2670425889664	1	0	1	1.8286336770435785
287994.56261194363	2000.0	1092.704430645641	0.0	0	0.0	2087.267042588908	1	0	1	1.828633677043582
288464.7451866574	1000.0	1622.521855931871	0.0	0	0.0	2087.2670425889664	1	0	1	0.442339315923688
289230.2309728851	2000.0	1857.0360697042413	0.0	0	0.0	2087.267042588908	1	0	1	1.1354864964836342
290269.3900532814	2000.0	1817.8769893079518	0.0	0	0.0	2087.26704258885	1	0	1	1.8286336770435874
291200.0	2000.0	1887.2670425893425	0.0	0	96.7767102754442	2087.26704258885	1	0	1	1.8286336770435874
292200.0	2000.0	1887.2670425893502	0.0	0	90.12670672405511	2087.26704258885	1	0	1	1.8286336770435874
293200.0	2000.0	1887.2670425893746	0.0	0	401.9246628401452	2087.26704258885	1	0	1	1.8286336770435874
294200.0	2000.0	1887.2670425894166	0.0	0	370.4510439520818	2087.26704258885	1	0	1	1.8286336770435874
295367.3009722731	3000.0	1603.2359730890696	0.0	0	0.0	1970.5369453615858	1	0	2	1.4347926548756773
296217.65065192693	2000.0	1752.8862934353226	0.0	0	0.0	1970.536945361644	1	0	1	1.2316528243425298
297200.0	2000.0	1770.5369453622695	0.0	0	377.25039413326886	1970.536945361644	1	0	1	1.8371179324506945
298200.0	2000.0	1770.5369453623553	0.0	0	607.112418289471	1970.5369453617022	1	0	1	1.8371179324506903
299200.0	3000.0	1670.5369453623339	0.0	0	143.8145780157647	1870.536945361644	1	0	2	1.441641431502101
300979.29579383135	3000.0	891.2411515309971	0.0	0	0.0	1870.536945361644	1	0	1	2.049128863389133
2.15	1.82	2.37	2.28	2.19	2.85	2.39	2.72	3.19	2.51	2.87	2.08	1.77	2.35	2.7	1.66	1.52	1.84	1.3	1.34	1.56	1.33	2.36	1.69	1.78	2.33	2.39	3.08	2.72	2.19	1.42	1.62	2.22	2.27	1.84	1.19	0.65	1.02	1.52	2.15	2.94	3.85	3.81	3.83	3.74	3.29	2.71	1.74	1.88	1.34	2.17	1.99	2.29	2.56	2.84	0.98	2.17	2.29	1.47	1.27	2.07	1.18	0.75	1.59	1.61	1.22	1.46	1.87	2.25	2.48	2.53	2.17	2.12	2.66	2.17	1.1	2.27	1.66	1.4	1.4	1.75	1.48	2.0	2.35	2.29	1.47	0.9	1.29	2.14	2.0	2.4	2.58	2.81	2.69	2.63	3.43	3.43	2.44	1.81	2.32	2.44	2.83	3.57	4.44	2.98	1.02	1.15	1.64	2.32	2.46	3.2	4.1	1.97	0.66	2.7	3.13	1.29	1.59	2.17	2.87	3.28	2.15	1.26	1.89	2.06	2.32	2.58	3.08	4.12	2.94	1.97	2.05	1.42	1.42	2.09	1.54	2.83	2.66	3.39	4.17	3.2	2.99	3.74	4.27	3.61	1.88	2.04	1.77	2.03	2.25	2.15	1.82	2.37	2.28	2.19	2.85	2.39	2.72	3.19	2.51	2.87	2.08	1.77	2.35	2.7	1.66	1.52	1.84	1.3	1.34	1.56	1.33	2.36	1.69	1.78	2.33	2.39	3.08	2.72	2.19	1.42	1.62	2.22	2.27	1.84	1.19	0.65	1.02	1.52	2.15	2.94	3.85	3.81	3.83	3.74	3.29	2.71	1.74	1.88	1.34	2.17	1.99	2.29	2.56	2.84	0.98	2.17	2.29	1.47	1.27	2.07	1.18	0.75	1.59	1.61	1.22	1.46	1.87	2.25	2.48	2.53	2.17	2.12	2.66	2.17	1.1	2.27	1.66	1.4	1.4	1.75	1.48	2.0	2.35	2.29	1.47	0.9	1.29	2.14	2.0	2.4	2.58	2.81	2.69	2.63	3.43	3.43	2.44	1.81	2.32	2.44	2.83	3.57	4.44	2.98	1.02	1.15	1.64	2.32	2.46	3.2	4.1	1.97	0.66	2.7	3.13	1.29	1.59	2.17	2.87	3.28	2.15	1.26	1.89	2.06	2.32	2.58	3.08	4.12	2.94	1.97	2.05	1.42	1.42	2.09	1.54	2.83	2.66	3.39	4.17	3.2	2.99	3.74	4.27	3.61	1.88	2.04	1.77
1.0	2.0	3.0	4.0	5.0	6.0	7.0	8.0	9.0	10.0	11.0	12.0	13.0	14.0	15.0	16.0	17.0	18.0	19.0	20.0	21.0	22.0	23.0	24.0	25.0	26.0	27.0	28.0	29.0	30.0	31.0	32.0	33.0	34.0	35.0	36.0	37.0	38.0	39.0	40.0	41.0	42.0	43.0	44.0	45.0	46.0	47.0	48.0	49.0	50.0	51.0	52.0	53.0	54.0	55.0	56.0	57.0	58.0	59.0	60.0	61.0	62.0	63.0	64.0	65.0	66.0	67.0	68.0	69.0	70.0	71.0	72.0	73.0	74.0	75.0	76.0	77.0	78.0	79.0	80.0	81.0	82.0	83.0	84.0	85.0	86.0	87.0	88.0	89.0	90.0	91.0	92.0	93.0	94.0	95.0	96.0	97.0	98.0	99.0	100.0	101.0	102.0	103.0	104.0	105.0	106.0	107.0	108.0	109.0	110.0	111.0	112.0	113.0	114.0	115.0	116.0	117.0	118.0	119.0	120.0	121.0	122.0	123.0	124.0	125.0	126.0	127.0	128.0	129.0	130.0	131.0	132.0	133.0	134.0	135.0	136.0	137.0	138.0	139.0	140.0	141.0	142.0	143.0	144.0	145.0	146.0	147.0	148.0	149.0	149.0	150.0	151.0	152.0	153.0	154.0	155.0	156.0	157.0	158.0	159.0	160.0	161.0	162.0	163.0	164.0	165.0	166.0	167.0	168.0	169.0	170.0	171.0	172.0	173.0	174.0	175.0	176.0	177.0	178.0	179.0	180.0	181.0	182.0	183.0	184.0	185.0	186.0	187.0	188.0	189.0	190.0	191.0	192.0	193.0	194.0	195.0	196.0	197.0	198.0	199.0	200.0	201.0	202.0	203.0	204.0	205.0	206.0	207.0	208.0	209.0	210.0	211.0	212.0	213.0	214.0	215.0	216.0	217.0	218.0	219.0	220.0	221.0	222.0	223.0	224.0	225.0	226.0	227.0	228.0	229.0	230.0	231.0	232.0	233.0	234.0	235.0	236.0	237.0	238.0	239.0	240.0	241.0	242.0	243.0	244.0	245.0	246.0	247.0	248.0	249.0	250.0	251.0	252.0	253.0	254.0	255.0	256.0	257.0	258.0	259.0	260.0	261.0	262.0	263.0	264.0	265.0	266.0	267.0	268.0	269.0	270.0	271.0	272.0	273.0	274.0	275.0	276.0	277.0	278.0	279.0	280.0	281.0	282.0	283.0	284.0	285.0	286.0	287.0	288.0	289.0	290.0	291.0	292.0	293.0	294.0	295.0	296.0	297.0
5225.674262649537
