2915.505683407112	500.0	2000.0	118.87266691857627	0	0.0	2915.505683407112	1	0	1	-0.8750703606261843
3422.8953275688496	2000.0	2492.6103558382624	0.0	0	0.0	2915.505683407112	1	0	1	0.34571051769737166
4418.042165735832	3000.0	2397.948833854582	0.0	0	0.0	2815.9909995904136	1	0	2	1.3431107982702561
5384.949556400149	3000.0	2334.350704123833	0.0	0	0.0	2719.3002605239813	1	0	2	1.9637409239987726
6372.811543946953	2000.0	2247.702517822349	0.0	0	0.0	2620.514061769301	1	0	2	1.166628285957859
8052.45432515346	3000.0	1400.0954584951917	0.0	0	0.0	2452.549783648651	1	0	2	1.5892905813318126
9022.267919430742	2000.0	1430.2818642179109	0.0	0	0.0	2452.549783648652	1	0	1	1.189577906665097
9920.539105988564	2000.0	1532.0106776600908	0.0	0	0.0	2452.5497836486547	1	0	1	1.7950430147732614
10722.505325502989	2000.0	1730.0444581456677	0.0	0	0.0	2452.5497836486556	1	0	1	1.7950430147732614
11239.675551981307	2000.0	2212.874231667348	0.0	0	0.0	2452.549783648654	1	0	1	1.7950430147732614
12425.260957199474	3000.0	1908.7302859273623	0.0	0	0.0	2333.9912431268385	1	0	2	1.4041603929744748
13668.921917512254	2000.0	1540.7032295833055	0.0	0	0.0	2209.625147095563	1	0	2	1.210303755360576
15024.780498989016	2000.0	1184.8446481065444	0.0	0	0.0	2209.625147095563	1	0	1	1.6186575824936988
16620.866392194606	2000.0	588.7587549009525	0.0	0	0.0	2209.625147095563	1	0	1	1.8186575824936992
17709.234746428454	1000.0	500.3904006671012	0.0	0	0.0	2209.6251470955594	1	0	1	0.4323632213738091
18639.37744167612	1000.0	570.2477054194355	0.0	0	0.0	2209.6251470955576	1	0	1	1.1255104019337543
19218.58857703184	1000.0	991.0365700637183	0.0	0	0.0	2209.6251470955613	1	0	1	1.125510401933754
20177.430677115033	2000.0	1032.1944699805167	0.0	0	0.0	2209.6251470955576	1	0	1	1.1255104019337545
20910.049864465997	2000.0	1299.575282629549	0.0	0	0.0	2209.6251470955576	1	0	1	1.8186575824936995
21556.91316248026	2000.0	1652.711984615284	0.0	0	0.0	2209.6251470955576	1	0	1	1.8186575824936995
22692.535563890553	2000.0	1517.0895832049919	0.0	0	0.0	2209.6251470955576	1	0	1	1.8186575824936995
23936.19593278879	2000.0	1273.4292143067566	0.0	0	0.0	2209.6251470955576	1	0	1	1.8186575824936995
24762.82664323393	2000.0	1446.7985038616207	0.0	0	0.0	2209.6251470955613	1	0	1	1.8186575824936992
25863.258148584322	2000.0	1346.36699851123	0.0	0	0.0	2209.6251470955613	1	0	1	1.8186575824936992
26522.49806171843	2000.0	1687.1270853771193	0.0	0	0.0	2209.6251470955613	1	0	1	1.8186575824936992
27569.665913900993	2000.0	1639.959233194558	0.0	0	0.0	2209.6251470955613	1	0	1	1.8186575824936992
28482.493547860948	2000.0	1727.131599234605	0.0	0	0.0	2209.6251470955613	1	0	1	1.8186575824936992
29325.259814132893	2000.0	1884.3653329626557	0.0	0	0.0	2209.6251470955613	1	0	1	1.8186575824936992
30327.178430437958	2000.0	1882.44671665759	0.0	0	0.0	2209.6251470955613	1	0	1	1.8186575824936992
31200.0	2000.0	2009.6251470955485	0.0	0	52.7469866884021	2209.6251470955613	1	0	1	1.8186575824936992
32200.0	2000.0	2009.6251470955506	0.0	0	16.431664404753974	2209.6251470955613	1	0	1	1.8186575824936992
33200.0	2000.0	2009.6251470955567	0.0	0	331.7294644174217	2209.625147095565	1	0	1	1.8186575824936992
34200.0	2000.0	2009.6251470955522	0.0	0	424.0451504200828	2209.625147095565	1	0	1	1.818657582493699
35613.06474272634	3000.0	1455.2539300965811	0.0	0	0.0	2068.318672822941	1	0	2	1.4265430555773189
36463.51594061212	2000.0	1604.8027322108062	0.0	0	0.0	2068.318672822941	1	0	1	1.2246114047688652
37282.953032859245	2000.0	1785.3656399636739	0.0	0	0.0	2068.318672822941	1	0	1	1.83007651287703
38200.0	2000.0	1868.3186728229314	0.0	0	64.76401637226809	2068.3186728229484	1	0	1	1.8300765128770293
39200.0	2000.0	1868.318672822937	0.0	0	381.27627955729986	2068.3186728229484	1	0	1	1.8300765128770293
40200.0	2000.0	1868.3186728229366	0.0	0	78.61438236956747	2068.3186728229484	1	0	1	1.8300765128770293
41524.36933315932	2000.0	1543.9493396636253	0.0	0	0.0	2068.3186728229484	1	0	1	1.8300765128770293
42479.59488423552	2000.0	1588.7237885874208	0.0	0	0.0	2068.3186728229484	1	0	1	1.8300765128770293
43200.0	2000.0	1868.318672822939	0.0	0	65.45047415017325	2068.3186728229484	1	0	1	1.8300765128770293
44200.0	2000.0	1868.3186728229357	0.0	0	411.96148852393526	2068.3186728229484	1	0	1	1.8300765128770293
45206.87293675356	2000.0	1861.4457360693705	0.0	0	0.0	2068.318672822941	1	0	1	1.83007651287703
46200.0	2000.0	1868.318672822923	0.0	0	28.01801849158801	2068.318672822934	1	0	1	1.8300765128770304
47295.20013338938	2000.0	1773.1185394335455	0.0	0	0.0	2068.318672822934	1	0	1	1.8300765128770304
48688.01048353264	2000.0	1380.3081892902858	0.0	0	0.0	2068.318672822934	1	0	1	1.8300765128770304
49742.11957916541	2000.0	1326.1990936575228	0.0	0	0.0	2068.318672822934	1	0	1	1.8300765128770304
50457.79155706421	2000.0	1610.5271157587267	0.0	0	0.0	2068.3186728229266	1	0	1	1.830076512877031
51368.47992098509	2000.0	1699.8387518378443	0.0	0	0.0	2068.3186728229266	1	0	1	1.830076512877031
52492.506183570826	2000.0	1575.812489252109	0.0	0	0.0	2068.3186728229266	1	0	1	1.830076512877031
53332.12652487178	2000.0	1736.192147951149	0.0	0	0.0	2068.3186728229193	1	0	1	1.8300765128770315
54200.0	2000.0	1868.3186728229412	0.0	0	33.79539484260749	2068.3186728229266	1	0	1	1.830076512877031
55200.0	2000.0	1868.3186728229425	0.0	0	283.76413388512447	2068.3186728229193	1	0	1	1.8300765128770315
56515.64766798757	2000.0	1552.6710048353689	0.0	0	0.0	2068.3186728229266	1	0	1	1.830076512877031
57905.580775929055	2000.0	1162.7378968938901	0.0	0	0.0	2068.3186728229266	1	0	1	1.830076512877031
58891.56061669972	2000.0	1176.7580561232216	0.0	0	0.0	2068.3186728229266	1	0	1	1.830076512877031
59846.57020151306	2000.0	1221.7484713098786	0.0	0	0.0	2068.3186728229266	1	0	1	1.830076512877031
60854.39151727026	1000.0	1213.9271555526727	0.0	0	0.0	2068.3186728229266	1	0	1	0.44378215175714075
61945.60173553906	2000.0	1122.7169372838798	0.0	0	0.0	2068.3186728229266	1	0	1	1.136929332317086
62689.76553410901	2000.0	1378.5531387139313	0.0	0	0.0	2068.3186728229266	1	0	1	1.830076512877031
63584.752157553594	2000.0	1483.5665152693432	0.0	0	0.0	2068.3186728229266	1	0	1	1.830076512877031
64760.8798507985	2000.0	1307.4388220244355	0.0	0	0.0	2068.3186728229266	1	0	1	1.830076512877031
65406.64771457382	2000.0	1661.670958249114	0.0	0	0.0	2068.3186728229266	1	0	1	1.830076512877031
66200.0	2000.0	1868.318672822926	0.0	0	248.70921474065108	2068.3186728229193	1	0	1	1.8300765128770315
67200.0	2000.0	1868.3186728229305	0.0	0	517.7438390780735	2068.3186728229266	1	0	1	1.830076512877031
68200.0	3000.0	1768.3186728229327	0.0	0	367.07371658916236	1968.3186728229193	1	0	2	1.434551898698322
69200.0	2000.0	1768.318672822942	0.0	0	213.51897756909602	1968.3186728229193	1	0	1	1.2318049930682258
70356.71593020055	2000.0	1611.602742622399	0.0	0	0.0	1968.3186728229193	1	0	1	1.8372701011763906
71366.41863902735	2000.0	1601.9000337956045	0.0	0	0.0	1968.3186728229339	1	0	1	1.8372701011763897
72200.0	2000.0	1768.3186728229596	0.0	0	84.9064236022241	1968.3186728229339	1	0	1	1.8372701011763897
73200.0	2000.0	1768.3186728229673	0.0	0	175.42169732163893	1968.3186728229339	1	0	1	1.8372701011763897
74630.84787711149	2000.0	1337.4707957114733	0.0	0	0.0	1968.3186728229339	1	0	1	1.8372701011763897
75730.4162889174	2000.0	1237.9023839055637	0.0	0	0.0	1968.3186728229339	1	0	1	1.8372701011763897
76456.84442903711	2000.0	1511.4742437858697	0.0	0	0.0	1968.3186728229339	1	0	1	1.8372701011763897
77547.80747393487	2000.0	1420.5111988881044	0.0	0	0.0	1968.3186728229193	1	0	1	1.8372701011763906
78339.00145815063	2000.0	1629.3172146723552	0.0	0	0.0	1968.3186728229193	1	0	1	1.8372701011763906
79485.47059340007	2000.0	1482.8480794229029	0.0	0	0.0	1968.3186728229193	1	0	1	1.8372701011763906
80267.47926336358	2000.0	1700.8394094593934	0.0	0	0.0	1968.3186728229339	1	0	1	1.8372701011763897
81200.0	2000.0	1768.3186728229746	0.0	0	261.17226711835247	1968.3186728229339	1	0	1	1.8372701011763897
82200.0	2000.0	1768.3186728229769	0.0	0	200.91666123065806	1968.3186728229193	1	0	1	1.8372701011763906
83336.36411759275	2000.0	1631.9545552302338	0.0	0	0.0	1968.3186728229193	1	0	1	1.8372701011763906
84278.60783226168	2000.0	1689.7108405612948	0.0	0	0.0	1968.3186728229193	1	0	1	1.8372701011763906
85200.0	2000.0	1768.318672822979	0.0	0	322.82523198920535	1968.3186728229193	1	0	1	1.8372701011763906
86200.0	2000.0	1768.3186728229655	0.0	0	152.95360946035362	1968.3186728229193	1	0	1	1.8372701011763906
87461.84830791112	2000.0	1506.4703649118362	0.0	0	0.0	1968.3186728229193	1	0	1	1.8372701011763906
88200.0	2000.0	1768.318672822959	0.0	0	168.08887043701543	1968.3186728229193	1	0	1	1.8372701011763906
89200.0	2000.0	1768.3186728229518	0.0	0	284.3256491481152	1968.3186728229193	1	0	1	1.8372701011763906
90212.7268864563	3000.0	1654.3190977210454	0.0	0	0.0	1867.0459841773263	1	0	2	1.4420999356258448
91268.57655129921	3000.0	1598.4694328781304	0.0	0	0.0	1867.0459841773263	1	0	1	2.049346134747344
92200.0	2000.0	1667.0459841773463	0.0	0	89.44879959984974	1867.0459841773409	1	0	1	1.4384159185310135
93319.42905756412	2000.0	1547.616926613237	0.0	0	0.0	1867.0459841773409	1	0	1	1.843881026639178
94228.88235864702	2000.0	1638.1636255303372	0.0	0	0.0	1867.0459841773409	1	0	1	1.843881026639178
95297.5983858568	2000.0	1569.4475983205625	0.0	0	0.0	1867.0459841773409	1	0	1	1.843881026639178
96282.00005288908	2000.0	1585.0459312882986	0.0	0	0.0	1867.0459841773409	1	0	1	1.843881026639178
97919.45579581667	2000.0	947.5901883607179	0.0	0	0.0	1867.0459841773554	1	0	1	1.8438810266391772
99105.96564274047	2000.0	761.0803414369198	0.0	0	0.0	1867.0459841773554	1	0	1	1.8438810266391772
100098.40184329136	2000.0	768.6441408860189	0.0	0	0.0	1867.0459841773554	1	0	1	1.8438810266391772
100986.84846740327	2000.0	880.1975167741116	0.0	0	0.0	1867.0459841773554	1	0	1	1.8438810266391772
101631.62678566213	2000.0	1235.4191985152652	0.0	0	0.0	1867.04598417737	1	0	1	1.8438810266391763
102331.34237643673	2000.0	1535.7036077406697	0.0	0	0.0	1867.0459841773845	1	0	1	1.8438810266391756
103200.0	2000.0	1667.0459841774048	0.0	0	144.05697033836623	1867.045984177399	1	0	1	1.8438810266391745
104200.0	2000.0	1667.0459841773902	0.0	0	499.57984512255643	1867.045984177399	1	0	1	1.8438810266391745
105200.0	2000.0	1667.045984177387	0.0	0	78.80882235617901	1867.045984177399	1	0	1	1.8438810266391745
106200.0	3000.0	1567.045984177377	0.0	0	287.9927294332738	1767.045984177399	1	0	2	1.447674724052053
107200.0	2000.0	1567.045984177381	0.0	0	226.26687739006593	1767.045984177399	1	0	1	1.2443375602154685
108200.0	2000.0	1567.0459841773888	0.0	0	272.90965401362337	1767.045984177399	1	0	1	1.8498026683236333
109200.0	2000.0	1567.0459841773936	0.0	0	211.81753196252976	1767.045984177399	1	0	1	1.8498026683236333
110200.0	2000.0	1567.0459841773848	0.0	0	273.33592411730206	1767.0459841774136	1	0	1	1.8498026683236324
111200.0	3000.0	1567.0459841773772	0.0	0	183.12878297541465	1767.045984177399	1	0	1	1.8498026683236333
112200.0	3000.0	1567.0459841773813	0.0	0	387.84814942788216	1767.0459841773845	1	0	1	2.2552677764317988
113383.0505063441	6000.0	1383.9954778332765	0.0	0	0.0	1767.045984177399	1	0	1	2.255267776431798
115483.74796774093	6000.0	283.29801643644686	0.0	0	0.0	1767.0459841773845	1	0	1	2.948414956991744
116738.26962154	2000.0	253.46004332796903	224.68368069061296	0	0.0	1991.7296648679912	1	0	1	-0.6110667524907982
117700.383023625	1000.0	536.707033929131	245.36039268617216	0	0.0	2237.09005755416	1	0	1	-1.042203548437231
118564.39841862157	1000.0	672.6916389325552	0.0	0	0.0	2237.09005755416	1	0	1	1.1231059882397472
118996.17200551597	500.0	1240.9180520381694	0.0	0	0.0	2237.09005755416	1	0	1	-0.26318837288014374
120077.07776734665	2000.0	1160.0122902074763	0.0	0	0.0	2237.0900575541746	1	0	1	0.4299588076798004
120694.9745987034	2000.0	1542.1154588507256	0.0	0	0.0	2237.0900575541746	1	0	1	1.816253168799691
121379.8066571417	2000.0	1857.2834004124197	0.0	0	0.0	2237.0900575541746	1	0	1	1.816253168799691
122200.0	2000.0	2037.0900575541255	0.0	0	204.27254908967006	2237.090057554189	1	0	1	1.8162531687996897
123200.0	2000.0	2037.09005755412	0.0	0	76.65811193875561	2237.090057554189	1	0	1	1.8162531687996897
124200.0	2000.0	1937.0900575541104	0.0	0	87.82822397530254	2137.0900575542037	1	0	2	1.422026988045306
125200.0	2000.0	1937.0900575541211	0.0	0	108.40264839057636	2137.0900575542037	1	0	1	1.6247121721890165
126200.0	2000.0	1937.0900575541216	0.0	0	61.653739034052705	2137.0900575542037	1	0	1	1.8247121721890167
127200.0	2000.0	1937.0900575541264	0.0	0	348.63374454696896	2137.0900575542037	1	0	1	1.8247121721890167
128200.0	2000.0	1937.0900575541486	0.0	0	99.36950598761905	2137.0900575542037	1	0	1	1.8247121721890167
129200.0	2000.0	1937.090057554141	0.0	0	377.0101520456956	2137.0900575542037	1	0	1	1.8247121721890167
130200.0	2000.0	1937.0900575541416	0.0	0	91.9195755047549	2137.090057554218	1	0	1	1.8247121721890156
131200.0	3000.0	1837.0900575541486	0.0	0	176.79579643718898	2037.0900575542037	1	0	2	1.4297714198405644
132200.0	2000.0	1837.0900575541243	0.0	0	122.46503762251814	2037.0900575542037	1	0	1	1.2269326969313172
133762.62398636245	3000.0	1118.203672555425	0.0	0	0.0	1880.8276589179586	1	0	2	1.4395500823476408
135001.62691799324	2000.0	879.2007409246396	0.0	0	0.0	1880.8276589179877	1	0	1	1.2375538810783955
136031.26620614188	2000.0	849.5614527760022	0.0	0	0.0	1880.8276589179877	1	0	1	1.8430189891865603
136941.18960320647	2000.0	939.6380557114364	0.0	0	0.0	1880.8276589179877	1	0	1	1.8430189891865603
137522.5272571438	2000.0	1358.300401774085	0.0	0	0.0	1880.8276589179877	1	0	1	1.8430189891865603
138200.0	2000.0	1680.8276589178745	0.0	0	0.686313718353631	1880.8276589180168	1	0	1	1.8430189891865583
139200.0	2000.0	1680.8276589178633	0.0	0	330.0323935672932	1880.8276589180168	1	0	1	1.8430189891865583
140200.0	2000.0	1680.8276589178492	0.0	0	280.9438142797153	1880.8276589180168	1	0	1	1.8430189891865583
141200.0	2000.0	1680.827658917873	0.0	0	399.2614174806513	1880.827658918046	1	0	1	1.8430189891865567
142200.0	2000.0	1680.827658917881	0.0	0	71.07249104970833	1880.827658918046	1	0	1	1.8430189891865567
143200.0	2000.0	1680.8276589178943	0.0	0	79.05558478637249	1880.827658918046	1	0	1	1.8430189891865567
144200.0	2000.0	1680.8276589179284	0.0	0	252.9249859774427	1880.827658918075	1	0	1	1.8430189891865547
145293.053716293	2000.0	1587.7739426249211	0.0	0	0.0	1880.8276589181041	1	0	1	1.843018989186553
146465.1454385065	2000.0	1415.6822204114585	0.0	0	0.0	1880.8276589181041	1	0	1	1.843018989186553
147200.0	2000.0	1680.8276589179752	0.0	0	20.416829505265923	1880.8276589181041	1	0	1	1.843018989186553
148200.0	2000.0	1680.827658917989	0.0	0	183.96674516846542	1880.8276589181041	1	0	1	1.843018989186553
149200.0	2000.0	1680.8276589179923	0.0	0	190.9355837625917	1880.8276589181041	1	0	1	1.843018989186553
150551.2316213414	2000.0	1329.596037576612	0.0	0	0.0	1880.8276589181041	1	0	1	1.843018989186553
151702.12911169516	2000.0	1178.698547222872	0.0	0	0.0	1880.8276589181041	1	0	1	1.843018989186553
152200.0	2000.0	1680.8276589180289	0.0	0	103.39106791652739	1880.8276589181041	1	0	1	1.843018989186553
153200.0	2000.0	1680.8276589180332	0.0	0	603.7182496631576	1880.8276589181332	1	0	1	1.8430189891865512
154200.0	2000.0	1680.8276589180532	0.0	0	156.4979409731459	1880.8276589181332	1	0	1	1.8430189891865512
155256.08826518952	2000.0	1624.739393728511	0.0	0	0.0	1880.8276589181332	1	0	1	1.8430189891865512
156445.4090522361	2000.0	1435.4186066819457	0.0	0	0.0	1880.8276589181041	1	0	1	1.843018989186553
157440.54910793336	2000.0	1440.2785509846499	0.0	0	0.0	1880.8276589181041	1	0	1	1.843018989186553
158399.24660617515	2000.0	1481.581052742862	0.0	0	0.0	1880.827658918075	1	0	1	1.8430189891865547
159200.0	2000.0	1680.8276589179893	0.0	0	238.5762523667072	1880.827658918075	1	0	1	1.8430189891865547
160200.0	2000.0	1680.827658918001	0.0	0	376.4272101969109	1880.827658918075	1	0	1	1.8430189891865547
161200.0	2000.0	1680.8276589179877	0.0	0	426.9667789024825	1880.8276589181041	1	0	1	1.843018989186553
162200.0	2000.0	1680.8276589179393	0.0	0	329.17136412495165	1880.8276589181041	1	0	1	1.843018989186553
163263.91456523555	2000.0	1616.9130936823747	0.0	0	0.0	1880.8276589181041	1	0	1	1.843018989186553
164593.5966995578	2000.0	1287.2309593601522	0.0	0	0.0	1880.8276589181041	1	0	1	1.843018989186553
165754.4571273725	2000.0	1126.3705315454333	0.0	0	0.0	1880.827658918075	1	0	1	1.8430189891865547
166733.50002468599	1000.0	1147.327634231944	0.0	0	0.0	1880.827658918075	1	0	1	0.456724628066666
167559.24643143706	1000.0	1321.5812274808568	0.0	0	0.0	1880.827658918046	1	0	1	1.1498718086266115
168200.0	1000.0	1680.8276589179393	0.0	0	18.97360817846493	1880.827658918075	1	0	1	1.1498718086266098
169200.0	2000.0	1680.8276589179652	0.0	0	318.5866992980882	1880.8276589181041	1	0	1	1.1498718086266075
170200.0	2000.0	1680.8276589179743	0.0	0	214.14347748243017	1880.8276589181332	1	0	1	1.8430189891865518
171200.0	2000.0	1680.8276589179948	0.0	0	78.60261869471287	1880.8276589181332	1	0	1	1.8430189891865512
172373.07673250625	2000.0	1507.750926411715	0.0	0	0.0	1880.8276589181041	1	0	1	1.843018989186553
173335.54524405862	2000.0	1545.2824148593286	0.0	0	0.0	1880.827658918075	1	0	1	1.8430189891865547
174435.55042602477	2000.0	1445.277232893191	0.0	0	0.0	1880.827658918075	1	0	1	1.8430189891865547
175411.683329726	2000.0	1469.1443291919823	0.0	0	0.0	1880.827658918075	1	0	1	1.8430189891865547
176200.0	2000.0	1680.8276589179463	0.0	0	81.25884751410922	1880.827658918075	1	0	1	1.8430189891865547
177200.0	2000.0	1680.8276589179516	0.0	0	312.77362356422236	1880.827658918075	1	0	1	1.8430189891865547
178200.0	2000.0	1680.8276589179266	0.0	0	333.6164203832159	1880.827658918046	1	0	1	1.8430189891865567
179200.0	2000.0	1680.8276589179181	0.0	0	165.71731702017132	1880.827658918046	1	0	1	1.8430189891865567
180200.0	2000.0	1680.827658917932	0.0	0	78.76110404336941	1880.827658918075	1	0	1	1.843018989186555
181200.0	2000.0	1680.8276589179266	0.0	0	275.16115775183425	1880.827658918075	1	0	1	1.8430189891865547
182200.0	2000.0	1680.8276589179225	0.0	0	168.72485627536662	1880.8276589181041	1	0	1	1.843018989186553
183200.0	2000.0	1680.8276589179604	0.0	0	422.9365542989981	1880.8276589181041	1	0	1	1.843018989186553
184298.4922622801	2000.0	1582.335396637837	0.0	0	0.0	1880.8276589181332	1	0	1	1.8430189891865512
185747.6727133921	2000.0	1133.154945525886	0.0	0	0.0	1880.8276589181332	1	0	1	1.8430189891865512
186515.68420518187	2000.0	1365.1434537361145	0.0	0	0.0	1880.8276589181332	1	0	1	1.8430189891865512
187272.86837421375	2000.0	1607.9592847042377	0.0	0	0.0	1880.8276589181623	1	0	1	1.8430189891865492
188200.0	2000.0	1680.8276589179598	0.0	0	421.2815256473259	1880.8276589181332	1	0	1	1.8430189891865512
189200.0	2000.0	1680.8276589179652	0.0	0	64.19396525190677	1880.8276589181332	1	0	1	1.8430189891865512
190200.0	2000.0	1680.827658917971	0.0	0	7.1888641217083205	1880.8276589181041	1	0	1	1.8430189891865525
191385.77227450072	2000.0	1495.0553844172564	0.0	0	0.0	1880.8276589181041	1	0	1	1.843018989186553
192200.0	2000.0	1680.8276589179757	0.0	0	5.068296863086289	1880.8276589181041	1	0	1	1.843018989186553
193200.0	2000.0	1680.8276589179482	0.0	0	199.1887418811093	1880.827658918075	1	0	1	1.8430189891865547
194200.0	2000.0	1680.8276589179409	0.0	0	26.394530467689037	1880.827658918075	1	0	1	1.8430189891865547
195368.4378201006	2000.0	1512.3898388173316	0.0	0	0.0	1880.827658918075	1	0	1	1.8430189891865547
196395.05261394818	2000.0	1485.7750449697505	0.0	0	0.0	1880.827658918075	1	0	1	1.8430189891865547
197826.3826634292	2000.0	1054.4449954887248	0.0	0	0.0	1880.8276589181041	1	0	1	1.8430189891865543
198769.76953940577	2000.0	1111.058119512173	0.0	0	0.0	1880.8276589181041	1	0	1	1.843018989186553
199783.42167374826	2000.0	1097.4059851696509	0.0	0	0.0	1880.8276589181041	1	0	1	1.843018989186553
200833.86419844665	2000.0	1046.963460471251	0.0	0	0.0	1880.8276589181041	1	0	1	1.843018989186553
201800.33305799973	2000.0	1080.494600918157	0.0	0	0.0	1880.8276589181332	1	0	1	1.8430189891865525
202608.83230387385	2000.0	1271.995355044036	0.0	0	0.0	1880.8276589181332	1	0	1	1.8430189891865512
203285.45723931323	2000.0	1595.3704196046517	0.0	0	0.0	1880.8276589181041	1	0	1	1.843018989186553
204200.0	2000.0	1680.8276589178372	0.0	0	39.96977122707176	1880.827658918046	1	0	1	1.8430189891865563
205501.8744483154	2000.0	1378.9532106025063	0.0	0	0.0	1880.827658918046	1	0	1	1.8430189891865567
206901.92215108525	2000.0	978.9055078326353	0.0	0	0.0	1880.827658918075	1	0	1	1.8430189891865547
207949.6502334407	2000.0	931.1774254771733	0.0	0	0.0	1880.827658918046	1	0	1	1.8430189891865556
208737.8460944217	1000.0	1142.981564496191	0.0	0	0.0	1880.827658918046	1	0	1	0.4567246280666664
209878.49099977687	2000.0	1002.336659141019	0.0	0	0.0	1880.827658918075	1	0	1	1.1498718086266106
210890.85187084583	2000.0	989.9757880720274	0.0	0	0.0	1880.827658918075	1	0	1	1.8430189891865547
211777.93692241976	2000.0	1102.8907364980396	0.0	0	0.0	1880.827658918046	1	0	1	1.8430189891865567
212519.29740212328	2000.0	1361.5302567945157	0.0	0	0.0	1880.827658918046	1	0	1	1.8430189891865567
213633.80313052583	2000.0	1247.0245283919596	0.0	0	0.0	1880.827658918046	1	0	1	1.8430189891865567
214418.44726913195	2000.0	1462.3803897858652	0.0	0	0.0	1880.827658918075	1	0	1	1.8430189891865547
215200.0	2000.0	1680.8276589178356	0.0	0	219.78838579231524	1880.8276589181041	1	0	1	1.843018989186553
216200.0	2000.0	1680.8276589178527	0.0	0	317.7493316664186	1880.8276589181332	1	0	1	1.8430189891865518
217200.0	3000.0	1580.827658917844	0.0	0	54.89911523243063	1780.8276589181041	1	0	2	1.447000963903147
218200.0	2000.0	1580.8276589178652	0.0	0	24.498503092268948	1780.8276589181041	1	0	1	1.2435551921541763
219209.22795136372	2000.0	1571.5997075541418	0.0	0	0.0	1780.8276589181041	1	0	1	1.849020300262341
220200.0	2000.0	1580.8276589178465	0.0	0	355.62013738186215	1780.8276589181041	1	0	1	1.849020300262341
221200.0	2000.0	1580.8276589178404	0.0	0	301.448216727993	1780.8276589181041	1	0	1	1.849020300262341
222692.8348795834	2000.0	1087.9927793344395	0.0	0	0.0	1780.8276589181332	1	0	1	1.8490203002623398
223644.26208216706	2000.0	1136.5655767507976	0.0	0	0.0	1780.8276589181623	1	0	1	1.849020300262338
224451.58546149795	2000.0	1329.2421974199096	0.0	0	0.0	1780.8276589181332	1	0	1	1.8490203002623395
225369.82514972868	2000.0	1411.0025091891464	0.0	0	0.0	1780.8276589181332	1	0	1	1.8490203002623395
226200.0	2000.0	1580.827658917833	0.0	0	130.27459716339945	1780.8276589181332	1	0	1	1.8490203002623395
227200.0	2000.0	1580.827658917831	0.0	0	191.53991385092377	1780.8276589181041	1	0	1	1.8490203002623402
228227.42209325713	2000.0	1553.4055656606888	0.0	0	0.0	1780.8276589181041	1	0	1	1.849020300262341
229200.0	2000.0	1580.8276589178254	0.0	0	120.04895346923149	1780.8276589181041	1	0	1	1.849020300262341
230200.0	2000.0	1580.8276589178072	0.0	0	389.6397051481472	1780.827658918075	1	0	1	1.8490203002623429
231200.0	2000.0	1580.8276589178622	0.0	0	275.46876492063166	1780.827658918075	1	0	1	1.8490203002623429
232347.90393845152	2000.0	1432.9237204663457	0.0	0	0.0	1780.827658918046	1	0	1	1.8490203002623447
233200.0	2000.0	1580.8276589179038	0.0	0	148.7980808642169	1780.8276589180168	1	0	1	1.8490203002623462
234200.0	2000.0	1580.8276589178884	0.0	0	436.31670291145565	1780.8276589180168	1	0	1	1.8490203002623462
235200.0	2000.0	1580.827658917937	0.0	0	94.38716650634888	1780.8276589180168	1	0	1	1.8490203002623462
236324.79664103474	2000.0	1456.0310178831824	0.0	0	0.0	1780.8276589180168	1	0	1	1.8490203002623462
237200.0	2000.0	1580.8276589179034	0.0	0	152.3296919776767	1780.8276589180168	1	0	1	1.8490203002623462
238200.0	2000.0	1580.8276589178904	0.0	0	390.97568099031923	1780.8276589179877	1	0	1	1.8490203002623478
239200.0	2000.0	1580.8276589178695	0.0	0	277.415313711972	1780.8276589179877	1	0	1	1.8490203002623478
240200.0	2000.0	1580.8276589178608	0.0	0	461.05425505610765	1780.8276589179586	1	0	1	1.8490203002623495
241212.85575778698	2000.0	1567.9719011308682	0.0	0	0.0	1780.8276589179295	1	0	1	1.8490203002623509
242331.79450137122	2000.0	1449.0331575466237	0.0	0	0.0	1780.8276589179004	1	0	1	1.8490203002623526
243371.49660980623	2000.0	1409.3310491116285	0.0	0	0.0	1780.8276589179004	1	0	1	1.8490203002623529
244415.19238091513	2000.0	1365.6352780026841	0.0	0	0.0	1780.8276589179004	1	0	1	1.8490203002623529
245247.58716805896	2000.0	1533.2404908588805	0.0	0	0.0	1780.8276589179004	1	0	1	1.8490203002623529
246799.81654317369	2000.0	981.0111157441739	0.0	0	0.0	1780.8276589179295	1	0	1	1.8490203002623513
247864.40678260205	2000.0	916.4208763158182	0.0	0	0.0	1780.8276589179586	1	0	1	1.8490203002623495
248896.51142396065	2000.0	884.3162349572498	0.0	0	0.0	1780.8276589179877	1	0	1	1.8490203002623478
249629.95757232828	2000.0	1150.8700865896062	0.0	0	0.0	1780.8276589179877	1	0	1	1.8490203002623478
250526.12851277424	2000.0	1254.6991461436828	0.0	0	0.0	1780.8276589180168	1	0	1	1.8490203002623462
251327.08771238843	2000.0	1453.7399465294839	0.0	0	0.0	1780.827658918046	1	0	1	1.8490203002623447
252200.0	2000.0	1580.827658917911	0.0	0	92.03436631569639	1780.827658918046	1	0	1	1.8490203002623447
253242.5191124092	3000.0	1538.3085465086765	0.0	0	0.0	1780.827658918046	1	0	1	1.8490203002623447
254200.0	2000.0	1580.827658917909	0.0	0	360.16281102618086	1780.827658918075	1	0	1	1.4435551921541783
255200.0	2000.0	1580.8276589179386	0.0	0	362.51413098856574	1780.827658918075	1	0	1	1.8490203002623429
256200.0	2000.0	1580.8276589179231	0.0	0	214.7601314097119	1780.827658918046	1	0	1	1.8490203002623447
257200.0	2000.0	1580.827658917878	0.0	0	121.3126834614086	1780.827658918046	1	0	1	1.8490203002623447
258200.0	2000.0	1580.827658917877	0.0	0	337.75690366636263	1780.8276589180168	1	0	1	1.8490203002623462
259200.0	2000.0	1580.8276589178602	0.0	0	507.40625674143666	1780.8276589180168	1	0	1	1.8490203002623462
260200.0	3000.0	1480.8276589178377	0.0	0	72.24771759996656	1680.8276589179877	1	0	2	1.4529152718126517
261828.47210725726	6000.0	852.3555516606003	0.0	0	0.0	1680.8276589180168	1	0	1	2.0599314121766312
262331.40919049433	2000.0	1349.4184684234365	0.0	0	0.0	1680.8276589179295	1	0	1	0.7558540154003575
263200.0	2000.0	1480.827658917747	0.0	0	438.13711166207213	1680.8276589179004	1	0	1	1.8544663040684712
264200.0	2000.0	1480.8276589178188	0.0	0	404.6990268121008	1680.8276589179295	1	0	1	1.8544663040684704
265459.2251353979	2000.0	1221.602523519925	0.0	0	0.0	1680.8276589179295	1	0	1	1.8544663040684697
267486.6598736352	2000.0	200.0	5.832214717359079	0	0.0	1686.6598736352753	1	0	1	1.8194123590266194
267911.33365687117	500.0	834.3307707210541	59.00455395702157	0	0.0	1745.6644275922445	1	0	1	-1.2756201171298227
268686.73020738416	1000.0	1058.9342202081193	0.0	0	0.0	1745.6644275923027	1	0	1	0.4647015677321938
269200.0	1000.0	1545.6644275922356	0.0	0	110.87473843107	1745.6644275923027	1	0	1	1.1578487482921391
270200.0	2000.0	1545.6644275922044	0.0	0	418.4386867941357	1745.6644275922445	1	0	1	1.1578487482921422
271200.0	2000.0	1545.6644275922174	0.0	0	135.18204899312695	1745.6644275922445	1	0	1	1.8509959288520874
272200.0	2000.0	1545.6644275922026	0.0	0	54.23703800875228	1745.6644275922445	1	0	1	1.8509959288520874
273200.0	2000.0	1545.6644275921817	0.0	0	307.97347428888315	1745.6644275923027	1	0	1	1.8509959288520843
274290.23424359487	2000.0	1455.430183997329	0.0	0	0.0	1745.6644275923027	1	0	1	1.8509959288520843
275256.0587716688	2000.0	1489.605655923361	0.0	0	0.0	1745.6644275922445	1	0	1	1.8509959288520874
276200.0	2000.0	1545.664427592239	0.0	0	80.47345881251385	1745.6644275923027	1	0	1	1.8509959288520847
277200.0	2000.0	1545.6644275922893	0.0	0	207.30171546991915	1745.6644275923027	1	0	1	1.8509959288520843
278200.0	2000.0	1545.6644275923452	0.0	0	150.7024214202538	1745.6644275923027	1	0	1	1.8509959288520843
279200.0	2000.0	1545.6644275923638	0.0	0	189.29372356290696	1745.6644275923609	1	0	1	1.850995928852082
280200.0	2000.0	1545.6644275923195	0.0	0	348.44440751476213	1745.6644275923609	1	0	1	1.8509959288520812
281200.0	2000.0	1545.6644275923245	0.0	0	326.52803983475314	1745.6644275923609	1	0	1	1.8509959288520812
282200.0	2000.0	1545.6644275922808	0.0	0	288.10618457902456	1745.6644275923609	1	0	1	1.8509959288520812
283255.531655686	2000.0	1490.1327719062606	0.0	0	0.0	1745.6644275923027	1	0	1	1.8509959288520834
284200.0	2000.0	1545.6644275922542	0.0	0	70.3354867947055	1745.6644275922445	1	0	1	1.8509959288520874
285267.9955292132	2000.0	1477.668898379093	0.0	0	0.0	1745.6644275923027	1	0	1	1.8509959288520843
286251.2015096205	2000.0	1494.4629179717438	0.0	0	0.0	1745.6644275923027	1	0	1	1.8509959288520843
287200.0	2000.0	1545.6644275923043	0.0	0	387.19375726621365	1745.6644275923609	1	0	1	1.8509959288520825
288200.0	2000.0	1545.6644275923059	0.0	0	237.57119582040468	1745.6644275923609	1	0	1	1.8509959288520812
289200.0	2000.0	1545.6644275922301	0.0	0	173.10411971219582	1745.6644275923609	1	0	1	1.8509959288520812
290210.71758845256	2000.0	1534.9468391396072	0.0	0	0.0	1745.6644275923609	1	0	1	1.8509959288520812
291230.9492113849	2000.0	1514.7152162071982	0.0	0	0.0	1745.664427592419	1	0	1	1.850995928852078
292200.0	2000.0	1545.664427592149	0.0	0	150.9899872134556	1745.664427592419	1	0	1	1.850995928852078
293200.0	2000.0	1545.664427592114	0.0	0	182.13186842476716	1745.6644275924773	1	0	1	1.850995928852076
294200.0	2000.0	1545.6644275921528	0.0	0	75.37087676662486	1745.6644275924773	1	0	1	1.8509959288520748
295347.1028483771	2000.0	1398.5615792150286	0.0	0	0.0	1745.6644275924773	1	0	1	1.8509959288520748
296200.0	2000.0	1545.6644275921283	0.0	0	18.700842925929464	1745.6644275925355	1	0	1	1.8509959288520714
297200.0	2000.0	1545.6644275920935	0.0	0	386.00140036456287	1745.6644275925355	1	0	1	1.8509959288520714
298477.87340856565	2000.0	1267.7910190264304	0.0	0	0.0	1745.6644275925355	1	0	1	1.8509959288520714
299588.12808472745	2000.0	1157.5363428646351	0.0	0	0.0	1745.6644275925355	1	0	1	1.8509959288520714
300615.79298346577	2000.0	1129.8714441263742	0.0	0	0.0	1745.6644275925937	1	0	1	1.8509959288520683
5.12	3.42	2.18	2.78	1.95	1.68	2.68	3.13	3.02	2.62	2.11	2.17	1.74	1.68	1.07	1.46	2.06	3.14	3.08	1.86	1.48	2.25	2.41	2.98	2.56	2.7	2.19	2.53	2.55	2.39	2.72	2.98	1.93	1.87	2.28	3.24	2.86	2.05	1.9	2.35	2.9	2.54	2.54	2.04	2.09	1.7	1.82	2.19	2.18	2.36	2.26	2.34	2.22	1.95	1.44	2.03	1.77	1.24	1.93	2.44	2.36	2.24	3.0	3.65	4.32	2.86	2.22	2.33	2.76	2.75	1.33	1.74	2.54	2.73	2.4	1.95	2.48	2.75	3.34	2.15	2.33	2.88	3.22	1.93	2.28	3.12	3.97	3.53	2.88	2.49	1.91	2.86	2.25	2.31	1.38	1.74	2.33	2.72	3.06	3.31	3.56	2.97	3.17	3.29	2.83	3.57	3.32	4.12	4.83	5.03	4.69	3.43	2.49	1.47	1.14	1.07	1.7	2.61	3.39	3.01	2.57	2.12	1.61	2.47	2.95	2.86	2.64	3.43	2.56	3.08	1.82	1.85	2.33	2.37	2.66	3.35	3.23	2.81	2.58	2.39	2.78	2.81	1.99	2.27	2.53	3.13	1.62	1.81	2.0	5.35	5.12	3.42	2.18	2.78	1.95	1.68	2.68	3.13	3.02	2.62	2.11	2.17	1.74	1.68	1.07	1.46	2.06	3.14	3.08	1.86	1.48	2.25	2.41	2.98	2.56	2.7	2.19	2.53	2.55	2.39	2.72	2.98	1.93	1.87	2.28	3.24	2.86	2.05	1.9	2.35	2.9	2.54	2.54	2.04	2.09	1.7	1.82	2.19	2.18	2.36	2.26	2.34	2.22	1.95	1.44	2.03	1.77	1.24	1.93	2.44	2.36	2.24	3.0	3.65	4.32	2.86	2.22	2.33	2.76	2.75	1.33	1.74	2.54	2.73	2.4	1.95	2.48	2.75	3.34	2.15	2.33	2.88	3.22	1.93	2.28	3.12	3.97	3.53	2.88	2.49	1.91	2.86	2.25	2.31	1.38	1.74	2.33	2.72	3.06	3.31	3.56	2.97	3.17	3.29	2.83	3.57	3.32	4.12	4.83	5.03	4.69	3.43	2.49	1.47	1.14	1.07	1.7	2.61	3.39	3.01	2.57	2.12	1.61	2.47	2.95	2.86	2.64	3.43	2.56	3.08	1.82	1.85	2.33	2.37	2.66	3.35	3.23	2.81	2.58	2.39	2.78	2.81	1.99	2.27	2.53	3.13	1.62	1.81	2.0	5.35	5.12	3.42
1.0	2.0	3.0	4.0	5.0	6.0	7.0	8.0	9.0	10.0	11.0	12.0	13.0	14.0	15.0	16.0	17.0	18.0	19.0	20.0	21.0	22.0	23.0	24.0	25.0	26.0	27.0	28.0	29.0	30.0	31.0	32.0	33.0	34.0	35.0	36.0	37.0	38.0	39.0	40.0	41.0	42.0	43.0	44.0	45.0	46.0	47.0	48.0	49.0	50.0	51.0	52.0	53.0	54.0	55.0	56.0	57.0	58.0	59.0	60.0	61.0	62.0	63.0	64.0	65.0	66.0	67.0	68.0	69.0	70.0	71.0	72.0	73.0	74.0	75.0	76.0	77.0	78.0	79.0	80.0	81.0	82.0	83.0	84.0	85.0	86.0	87.0	88.0	89.0	90.0	91.0	92.0	93.0	94.0	95.0	96.0	97.0	98.0	99.0	100.0	101.0	102.0	103.0	104.0	105.0	106.0	107.0	108.0	109.0	110.0	111.0	112.0	113.0	114.0	115.0	116.0	117.0	118.0	119.0	120.0	121.0	122.0	123.0	124.0	125.0	126.0	127.0	128.0	129.0	130.0	131.0	132.0	133.0	134.0	135.0	136.0	137.0	138.0	139.0	140.0	141.0	142.0	143.0	144.0	145.0	146.0	147.0	148.0	149.0	149.0	150.0	151.0	152.0	153.0	154.0	155.0	156.0	157.0	158.0	159.0	160.0	161.0	162.0	163.0	164.0	165.0	166.0	167.0	168.0	169.0	170.0	171.0	172.0	173.0	174.0	175.0	176.0	177.0	178.0	179.0	180.0	181.0	182.0	183.0	184.0	185.0	186.0	187.0	188.0	189.0	190.0	191.0	192.0	193.0	194.0	195.0	196.0	197.0	198.0	199.0	200.0	201.0	202.0	203.0	204.0	205.0	206.0	207.0	208.0	209.0	210.0	211.0	212.0	213.0	214.0	215.0	216.0	217.0	218.0	219.0	220.0	221.0	222.0	223.0	224.0	225.0	226.0	227.0	228.0	229.0	230.0	231.0	232.0	233.0	234.0	235.0	236.0	237.0	238.0	239.0	240.0	241.0	242.0	243.0	244.0	245.0	246.0	247.0	248.0	249.0	250.0	251.0	252.0	253.0	254.0	255.0	256.0	257.0	258.0	259.0	260.0	261.0	262.0	263.0	264.0	265.0	266.0	267.0	268.0	269.0	270.0	271.0	272.0	273.0	274.0	275.0	276.0	277.0	278.0	279.0	280.0	281.0	282.0	283.0	284.0	285.0	286.0	287.0	288.0	289.0	290.0	291.0	292.0	293.0	294.0	295.0	296.0	297.0	298.0	298.0	299.0	300.0
2694.104723835435
