5014.406296181981	300.0	2000.0	181.7852712340027	0	0.0	5014.406296181981	1	0	1	-2.1381539427734606
5729.308634826759	2000.0	2213.607427490745	0.0	0	0.0	4942.916062317504	1	0	2	-1.4361560673097273
6574.902763323011	2000.0	2283.4538861448673	0.0	0	0.0	4858.356649467878	1	0	2	0.7228956611665812
7314.5451593792795	2000.0	2469.847250482972	0.0	0	0.0	4784.392409862252	1	0	2	0.7792241728057011
8491.236672281422	2000.0	2175.4865862906154	0.0	0	0.0	4666.723258572038	1	0	2	0.8519302713141279
9138.707491186251	2000.0	2463.2686854953013	0.0	0	0.0	4601.976176681554	1	0	2	0.9046832509034181
10435.062042778924	3000.0	2037.278678743362	0.0	0	0.0	4472.340721522285	1	0	2	0.9711750732413794
11428.5919854915	2000.0	1944.395741759529	0.0	0	0.0	4372.987727251028	1	0	2	0.6299060320147467
12434.333724834598	2000.0	1838.0798284821221	0.0	0	0.0	4272.413553316721	1	0	2	1.0916591478539837
13433.192383437383	2000.0	1739.3353040190564	0.0	0	0.0	4172.527687456441	1	0	2	1.139446507839714
14400.609383607361	2000.0	1675.1766038320775	0.0	0	0.0	4075.7859874394417	1	0	2	1.1862289730395954
15736.867145251947	2000.0	1205.2930660230334	0.0	0	0.0	3942.1602112749824	1	0	2	1.2392738176821247
16753.025673541284	2000.0	1087.5186849047614	0.0	0	0.0	3840.5443584460463	1	0	2	1.2842369422147444
17823.078273828167	2000.0	910.4608245891857	0.0	0	0.0	3733.5390984173537	1	0	2	1.3223726672820113
18657.35632871938	2000.0	992.7549642088537	0.0	0	0.0	3650.1112929282335	1	0	2	1.3516296961695173
19723.036509166737	2000.0	927.0747837614919	0.0	0	0.0	3650.11129292823	1	0	1	1.3587120015074299
20666.726440263108	2000.0	983.38485266512	0.0	0	0.0	3650.1112929282317	1	0	1	1.5587120015074298
21558.77760893414	2000.0	1091.3336839940885	0.0	0	0.0	3650.1112929282317	1	0	1	1.5587120015074298
22955.4466095141	2000.0	694.6646834141256	0.0	0	0.0	3650.1112929282317	1	0	1	1.5587120015074298
23409.28631749066	1000.0	1240.8249754375652	0.0	0	0.0	3650.1112929282317	1	0	1	0.1724176403875396
23901.97262008756	1000.0	1748.1386728406655	0.0	0	0.0	3650.1112929282317	1	0	1	0.8655648209474848
25241.160758968075	2000.0	1408.9505339601496	0.0	0	0.0	3650.1112929282317	1	0	1	0.8655648209474847
25948.577383154832	1000.0	1701.5339097733938	0.0	0	0.0	3650.1112929282317	1	0	1	0.1724176403875396
27114.3579031711	2000.0	1535.753389757125	0.0	0	0.0	3650.1112929282317	1	0	1	0.8655648209474847
28231.2755731898	2000.0	1307.143952736557	0.0	0	0.0	3538.419525926365	1	0	2	1.1837976224068032
28840.158693725432	1000.0	1698.2608322009241	0.0	0	0.0	3538.419525926365	1	0	1	0.006332895012931217
30627.515571384825	2000.0	910.9039545415326	0.0	0	0.0	3538.419525926365	1	0	1	0.8994800755728765
31247.31162419822	1000.0	1291.1079017281372	0.0	0	0.0	3538.419525926365	1	0	1	0.2063328950129314
31960.871633214312	1000.0	1577.547892712044	0.0	0	0.0	3538.419525926365	1	0	1	0.8994800755728766
32742.36452458682	1000.0	1796.0550013395334	0.0	0	0.0	3538.419525926365	1	0	1	0.8994800755728766
33932.679845231876	2000.0	1486.7081486299753	0.0	0	0.0	3419.387993861863	1	0	2	0.5247719952172442
34912.02101048213	2000.0	1409.4328668546939	0.0	0	0.0	3321.453877336833	1	0	2	1.4442961300773542
35474.26385759681	2000.0	1847.190019740009	0.0	0	0.0	3321.453877336826	1	0	1	1.4500055473862872
36049.42768720572	2000.0	2272.026190131094	0.0	0	0.0	3321.4538773368295	1	0	1	1.6500055473862867
37416.232949568395	3000.0	1768.5404015321603	0.0	0	0.0	3184.7733511005645	1	0	2	1.2730871122247633
38530.72161394235	2000.0	1654.0517371582068	0.0	0	0.0	3184.7733511005645	1	0	1	1.075517844449446
39921.38678932896	2000.0	1263.3865617715974	0.0	0	0.0	3184.7733511005645	1	0	1	1.6809829525576108
40461.8213845267	1000.0	1722.9519665738485	0.0	0	0.0	3184.7733511005645	1	0	1	0.2946885914377205
41074.07088979109	1000.0	2110.702461309458	0.0	0	0.0	3184.7733511005645	1	0	1	0.9878357719976656
41935.107363019684	2000.0	2249.6659880808493	0.0	0	0.0	3184.7733511005645	1	0	1	0.9878357719976657
43161.3024003586	2000.0	2023.4709507419327	0.0	0	0.0	3184.7733511005645	1	0	1	1.6809829525576108
44316.17659902407	2000.0	1868.596752076476	0.0	0	0.0	3184.7733511005645	1	0	1	1.6809829525576108
44937.96171292289	1000.0	2246.811638177658	0.0	0	0.0	3184.7733511005645	1	0	1	0.2946885914377205
46587.04369270542	2000.0	1597.729658395126	0.0	0	0.0	3184.7733511005645	1	0	1	0.9878357719976657
47348.710898101344	1000.0	1836.0624529992	0.0	0	0.0	3184.7733511005645	1	0	1	0.2946885914377205
47901.55643387881	1000.0	2283.2169172217405	0.0	0	0.0	3184.7733511005645	1	0	1	0.9878357719976656
49584.19903945661	2000.0	1600.5743116439396	0.0	0	0.0	3184.7733511005645	1	0	1	0.9878357719976657
50396.946301621254	1000.0	1787.8270494792953	0.0	0	0.0	3184.773351100557	1	0	1	0.29468859143772197
51295.452401458155	1000.0	1889.3209496423872	0.0	0	0.0	3184.773351100557	1	0	1	0.9878357719976671
51993.03400492304	1000.0	2191.7393461775005	0.0	0	0.0	3184.773351100557	1	0	1	0.9878357719976671
52677.968819360016	1000.0	2506.8045317405235	0.0	0	0.0	3184.773351100557	1	0	1	0.9878357719976671
53774.11634627148	2000.0	2410.657004829055	0.0	0	0.0	3184.7733511005645	1	0	1	0.9878357719976657
54405.210888477995	2000.0	2779.562462622546	0.0	0	0.0	3184.7733511005645	1	0	1	1.6809829525576108
55376.72189737048	2000.0	2808.051453730058	0.0	0	0.0	3184.7733511005645	1	0	1	1.6809829525576108
56200.0	2000.0	2984.773351100537	0.0	0	99.33846361020551	3184.7733511005645	1	0	1	1.6809829525576108
57262.85898353978	2000.0	2921.91436756076	0.0	0	0.0	3184.7733511005645	1	0	1	1.6809829525576108
58200.0	2000.0	2891.0592494545263	0.0	0	115.19825870583009	3091.059249454549	1	0	2	1.2945513727344045
59200.0	2000.0	2891.059249454526	0.0	0	303.3207842703123	3091.0592494545563	1	0	1	1.500157055790547
60200.0	2000.0	2891.059249454517	0.0	0	142.11885973488825	3091.0592494545563	1	0	1	1.7001570557905472
61568.8838697167	2000.0	2522.1753797378205	0.0	0	0.0	3091.0592494545563	1	0	1	1.7001570557905472
62957.80252342721	2000.0	2133.2567260273063	0.0	0	0.0	3091.0592494545563	1	0	1	1.7001570557905472
64343.33520091998	2000.0	1747.7240485345471	0.0	0	0.0	3091.0592494545563	1	0	1	1.7001570557905472
65047.31559676588	1000.0	2043.7436526886434	0.0	0	0.0	3091.0592494545563	1	0	1	0.31386269467065664
66069.66670226745	2000.0	2021.39254718709	0.0	0	0.0	3091.059249454571	1	0	1	1.0070098752305998
66712.07767317655	2000.0	2378.9815762779795	0.0	0	0.0	3091.0592494545563	1	0	1	1.7001570557905472
67370.53202859129	2000.0	2720.527220863251	0.0	0	0.0	3091.0592494545635	1	0	1	1.7001570557905452
68200.0	2000.0	2891.059249454542	0.0	0	5.481249636679422	3091.059249454571	1	0	1	1.7001570557905445
69474.32039217955	2000.0	2616.738857275001	0.0	0	0.0	3091.059249454571	1	0	1	1.700157055790544
70232.64048914702	2000.0	2858.418760307531	0.0	0	0.0	3091.059249454571	1	0	1	1.700157055790544
71200.0	2000.0	2891.059249454538	0.0	0	356.2305416817253	3091.059249454571	1	0	1	1.700157055790544
72200.0	2000.0	2891.05924945455	0.0	0	195.81718704711238	3091.059249454571	1	0	1	1.700157055790544
73471.79234426207	2000.0	2492.0876707662583	0.0	0	0.0	2963.8800150283496	1	0	2	1.317441425691201
74830.59784957382	2000.0	2133.282165454489	0.0	0	0.0	2963.880015028335	1	0	1	1.5237284364701775
75905.21466691655	2000.0	1951.2036663774768	0.0	0	0.0	2856.4183332940447	1	0	2	1.3379600334976107
76749.21287936221	2000.0	2107.205453931838	0.0	0	0.0	2856.4183332940447	1	0	1	1.5416307789743458
77661.21588339562	2000.0	2195.202449898426	0.0	0	0.0	2856.4183332940593	1	0	1	1.7416307789743437
78850.77443663255	2000.0	2005.6438966615142	0.0	0	0.0	2856.4183332940593	1	0	1	1.7416307789743437
80117.24291282242	2000.0	1739.1754204716462	0.0	0	0.0	2856.4183332940593	1	0	1	1.7416307789743437
81180.09927844533	2000.0	1676.3190548487482	0.0	0	0.0	2856.418333294074	1	0	1	1.7416307789743413
81829.82406069917	1000.0	2026.5942725948953	0.0	0	0.0	2856.4183332940593	1	0	1	0.35533641785445336
82884.6373769791	2000.0	1971.7809563149763	0.0	0	0.0	2856.4183332940593	1	0	1	1.0484835984143985
83786.38213420766	2000.0	2070.0361990864144	0.0	0	0.0	2856.4183332940447	1	0	1	1.741630778974346
84518.064516745	2000.0	2338.353816549078	0.0	0	0.0	2856.4183332940593	1	0	1	1.7416307789743437
85453.68372692507	2000.0	2402.7346063689997	0.0	0	0.0	2856.4183332940593	1	0	1	1.7416307789743437
86331.58967572956	2000.0	2437.038062684065	0.0	0	0.0	2768.627738413634	1	0	2	1.3512620670237736
87428.87119701557	2000.0	2339.756541398058	0.0	0	0.0	2768.627738413634	1	0	1	1.5550022844642344
88516.96827815598	2000.0	2251.6594602576533	0.0	0	0.0	2768.627738413634	1	0	1	1.7550022844642346
89353.29661109619	2000.0	2415.331127317455	0.0	0	0.0	2768.627738413619	1	0	1	1.7550022844642366
90200.0	2000.0	2568.627738413636	0.0	0	87.3103167132358	2768.6277384136047	1	0	1	1.7550022844642388
91200.0	2000.0	2568.627738413632	0.0	0	129.28488223698514	2768.6277384136047	1	0	1	1.7550022844642388
92200.0	2000.0	2568.627738413631	0.0	0	68.08970319373475	2768.627738413619	1	0	1	1.7550022844642366
93200.0	2000.0	2468.6277384136283	0.0	0	200.7201489943982	2668.6277384136047	1	0	2	1.3643319928475282
94760.19302286796	2000.0	1908.434715545678	0.0	0	0.0	2668.6277384136047	1	0	1	1.5689685655465988
96030.2500436648	2000.0	1638.3776947488193	0.0	0	0.0	2668.6277384136047	1	0	1	1.768968565546599
96695.59203847442	1000.0	1973.0356999391854	0.0	0	0.0	2668.627738413619	1	0	1	0.3826742044267065
97441.3220918087	2000.0	2227.3056466048943	0.0	0	0.0	2668.627738413619	1	0	1	1.0758213849866518
98456.77356080122	2000.0	2211.8541776123798	0.0	0	0.0	2668.627738413619	1	0	1	1.768968565546597
99624.24014984831	2000.0	2044.3875885652926	0.0	0	0.0	2668.627738413619	1	0	1	1.768968565546597
100829.30927996701	2000.0	1839.3184584465853	0.0	0	0.0	2668.627738413619	1	0	1	1.768968565546597
101724.02986422567	1000.0	1944.597874187939	0.0	0	0.0	2668.627738413619	1	0	1	0.3826742044267065
102767.23773658994	2000.0	1901.3900018236686	0.0	0	0.0	2668.627738413619	1	0	1	1.0758213849866518
104104.86010160741	2000.0	1563.767636806213	0.0	0	0.0	2668.6277384136047	1	0	1	1.768968565546599
104811.2188007114	2000.0	1857.4089377022258	0.0	0	0.0	2668.6277384136047	1	0	1	1.768968565546599
106436.9600986907	2000.0	1231.667639722935	0.0	0	0.0	2668.6277384136047	1	0	1	1.768968565546599
106990.88395575238	1000.0	1677.7437826612709	0.0	0	0.0	2668.6277384136047	1	0	1	0.3826742044267085
108268.49997362339	2000.0	1400.1277647902534	0.0	0	0.0	2668.6277384136047	1	0	1	1.0758213849866538
109428.43958574632	2000.0	1240.1881526673083	0.0	0	0.0	2668.6277384136047	1	0	1	1.768968565546599
109970.88278052237	1000.0	1697.7449578912476	0.0	0	0.0	2668.6277384136047	1	0	1	0.3826742044267085
111207.90592522777	2000.0	1460.7218131858422	0.0	0	0.0	2668.6277384136047	1	0	1	1.0758213849866538
112203.01723755557	2000.0	1465.6105008580553	0.0	0	0.0	2668.62773841359	1	0	1	1.7689685655466008
113148.24169757697	2000.0	1520.386040836656	0.0	0	0.0	2668.6277384135756	1	0	1	1.7689685655466028
114181.50198841012	2000.0	1487.1257500035017	0.0	0	0.0	2668.6277384135756	1	0	1	1.7689685655466028
114893.70392424524	2000.0	1774.9238141683668	0.0	0	0.0	2668.6277384135756	1	0	1	1.7689685655466028
115784.78795886585	2000.0	1883.8397795477395	0.0	0	0.0	2668.6277384135756	1	0	1	1.7689685655466028
116567.2578536904	2000.0	2101.369884723192	0.0	0	0.0	2668.6277384135756	1	0	1	1.7689685655466028
117396.96569359794	2000.0	2271.6620448156564	0.0	0	0.0	2668.6277384135756	1	0	1	1.7689685655466028
118205.64963224216	2000.0	2462.9781061714375	0.0	0	0.0	2668.6277384135756	1	0	1	1.7689685655466028
119200.0	3000.0	2369.1927016377936	0.0	0	54.815280893904855	2569.192701637774	1	0	2	1.377915947992503
120759.7369491751	3000.0	1653.4820575451688	0.0	0	0.0	2413.2190067202755	1	0	2	1.9993130546829139
122003.4991266857	2000.0	1409.7198800345682	0.0	0	0.0	2413.2190067202755	1	0	1	1.1937798557865076
123039.59924231404	2000.0	1373.6197644062158	0.0	0	0.0	2413.2190067202755	1	0	1	1.7992449638946724
124436.92932725792	2000.0	976.2896794623252	0.0	0	0.0	2413.2190067202755	1	0	1	1.7992449638946724
125042.34369690306	1000.0	1370.8753098171974	0.0	0	0.0	2413.219006720261	1	0	1	0.4129506027747836
126172.31432045378	2000.0	1240.9046862664745	0.0	0	0.0	2413.219006720261	1	0	1	1.1060977833347287
127238.27668506169	2000.0	1174.9423216585674	0.0	0	0.0	2413.219006720261	1	0	1	1.799244963894674
128203.10692660628	2000.0	1210.1120801139743	0.0	0	0.0	2413.219006720261	1	0	1	1.799244963894674
129159.56593128946	2000.0	1253.653075430815	0.0	0	0.0	2413.219006720261	1	0	1	1.799244963894674
130610.86055077346	2000.0	802.3584559468136	0.0	0	0.0	2413.219006720261	1	0	1	1.799244963894674
131369.99207925188	1000.0	1043.2269274684136	0.0	0	0.0	2413.2190067202755	1	0	1	0.41295060277478296
131989.31460037982	1000.0	1423.9044063404726	0.0	0	0.0	2413.2190067202755	1	0	1	1.106097783334727
133079.8809551769	2000.0	1333.3380515434208	0.0	0	0.0	2413.219006720319	1	0	1	1.1060977833347247
133836.74400158547	2000.0	1576.4750051348728	0.0	0	0.0	2413.2190067203483	1	0	1	1.7992449638946661
135051.2526325688	2000.0	1361.9663741515562	0.0	0	0.0	2413.2190067203483	1	0	1	1.7992449638946648
136499.53369517962	2000.0	913.6853115407499	0.0	0	0.0	2413.2190067203483	1	0	1	1.7992449638946648
137035.80123116562	1000.0	1377.417775554709	0.0	0	0.0	2413.219006720319	1	0	1	0.4129506027747775
138046.70022408394	2000.0	1366.5187826364036	0.0	0	0.0	2413.219006720319	1	0	1	1.1060977833347225
138864.97885689195	2000.0	1548.2401498284003	0.0	0	0.0	2413.219006720319	1	0	1	1.799244963894668
140004.8060707481	2000.0	1408.4129359722237	0.0	0	0.0	2413.219006720319	1	0	1	1.799244963894668
141056.4830770949	2000.0	1356.735929625433	0.0	0	0.0	2413.219006720319	1	0	1	1.799244963894668
142403.06642483096	2000.0	1010.1525818893851	0.0	0	0.0	2413.219006720319	1	0	1	1.799244963894668
142892.42641295388	1000.0	1520.7925937664577	0.0	0	0.0	2413.219006720319	1	0	1	0.4129506027747775
143898.66336359637	2000.0	1514.5556431239722	0.0	0	0.0	2413.219006720319	1	0	1	1.1060977833347225
145691.7615937553	2000.0	721.4574129650275	0.0	0	0.0	2413.2190067203483	1	0	1	1.7992449638946648
146384.28464838405	1000.0	1028.934358336261	0.0	0	0.0	2413.2190067203483	1	0	1	0.41295060277477447
147203.89425522453	1000.0	1209.32475149578	0.0	0	0.0	2413.2190067203483	1	0	1	1.1060977833347196
148183.59760059448	1000.0	1229.6214061258347	0.0	0	0.0	2413.2190067203774	1	0	1	1.1060977833347165
148954.2134486758	1000.0	1459.0055580444914	0.0	0	0.0	2413.2190067203774	1	0	1	1.1060977833347165
150132.71988412284	2000.0	1280.4991225974397	0.0	0	0.0	2413.2190067203774	1	0	1	1.1060977833347165
150733.6412908227	1000.0	1679.5777158975854	0.0	0	0.0	2413.2190067204065	1	0	1	0.41295060277476836
152691.51504480527	2000.0	721.703961915025	0.0	0	0.0	2413.2190067204065	1	0	1	1.1060977833347134
153334.4913042047	1000.0	1078.7277025155608	0.0	0	0.0	2413.2190067204065	1	0	1	0.41295060277476836
153957.10258185994	1000.0	1456.1164248603518	0.0	0	0.0	2413.2190067204065	1	0	1	1.1060977833347136
154639.1619971684	2000.0	1774.0570095519106	0.0	0	0.0	2413.2190067204065	1	0	1	1.1060977833347134
155526.81039596035	2000.0	1886.4086107599683	0.0	0	0.0	2413.2190067204065	1	0	1	1.7992449638946586
156838.6314165019	2000.0	1574.587590218393	0.0	0	0.0	2413.2190067204065	1	0	1	1.7992449638946586
157905.76209891378	2000.0	1507.456907806507	0.0	0	0.0	2413.2190067203774	1	0	1	1.79924496389466
159091.96901218654	2000.0	1321.2499945337115	0.0	0	0.0	2413.2190067203483	1	0	1	1.7992449638946648
160454.14260402074	2000.0	959.0764026995301	0.0	0	0.0	2413.2190067203483	1	0	1	1.7992449638946648
161535.93318778666	2000.0	877.2858189335727	0.0	0	0.0	2413.2190067203483	1	0	1	1.7992449638946648
162375.19255670204	2000.0	1038.026450018199	0.0	0	0.0	2413.2190067203483	1	0	1	1.7992449638946648
162916.83440404927	1000.0	1496.3846026709773	0.0	0	0.0	2413.2190067203774	1	0	1	0.4129506027747714
164145.121731205	2000.0	1268.0972755152445	0.0	0	0.0	2413.2190067204065	1	0	1	1.1060977833347134
164825.2464234011	1000.0	1587.9725833191033	0.0	0	0.0	2413.2190067203774	1	0	1	0.4129506027747714
166095.1875992233	2000.0	1318.0314074969212	0.0	0	0.0	2413.2190067203774	1	0	1	1.1060977833347165
166977.12822897013	2000.0	1436.0907777500884	0.0	0	0.0	2413.2190067203774	1	0	1	1.7992449638946617
167746.34721422932	2000.0	1666.8717924909151	0.0	0	0.0	2413.2190067203774	1	0	1	1.7992449638946617
168636.22114700466	2000.0	1776.9978597155696	0.0	0	0.0	2413.2190067203774	1	0	1	1.7992449638946617
169515.14536114605	2000.0	1898.0736455741846	0.0	0	0.0	2413.2190067203774	1	0	1	1.7992449638946617
170441.05133019356	2000.0	1972.1676765266895	0.0	0	0.0	2413.2190067203774	1	0	1	1.7992449638946617
171339.90887826355	2000.0	2073.310128456663	0.0	0	0.0	2413.2190067203483	1	0	1	1.7992449638946648
172664.656922525	2000.0	1748.5620841952043	0.0	0	0.0	2413.219006720319	1	0	1	1.799244963894668
173606.33128037825	2000.0	1806.8877263419588	0.0	0	0.0	2413.219006720319	1	0	1	1.799244963894668
174791.73928350996	2000.0	1621.4797232102662	0.0	0	0.0	2413.219006720319	1	0	1	1.799244963894668
175846.32771096716	2000.0	1566.8912957530697	0.0	0	0.0	2413.2190067203483	1	0	1	1.7992449638946648
176695.68595675085	2000.0	1717.5330499693935	0.0	0	0.0	2413.2190067203774	1	0	1	1.7992449638946617
177804.18764571386	2000.0	1609.0313610063854	0.0	0	0.0	2413.2190067203483	1	0	1	1.799244963894663
178879.61797624474	2000.0	1533.6010304755252	0.0	0	0.0	2413.2190067203774	1	0	1	1.7992449638946635
179991.8467482302	1000.0	1421.3722584900856	0.0	0	0.0	2413.2190067203774	1	0	1	0.4129506027747714
180598.07645213863	1000.0	1815.1425545816492	0.0	0	0.0	2413.2190067203774	1	0	1	1.1060977833347165
181410.52478486358	1000.0	2002.694221856692	0.0	0	0.0	2413.2190067203483	1	0	1	1.1060977833347196
182704.89744981698	2000.0	1708.3215569032877	0.0	0	0.0	2413.2190067203483	1	0	1	1.1060977833347196
183407.6881102959	2000.0	2005.5308964243884	0.0	0	0.0	2413.2190067203483	1	0	1	1.7992449638946648
184239.12963264566	2000.0	2174.0893740745773	0.0	0	0.0	2413.2190067203483	1	0	1	1.7992449638946648
185200.0	2000.0	2213.2190067202614	0.0	0	261.5263188937679	2413.2190067203774	1	0	1	1.7992449638946624
186200.0	2000.0	2213.2190067202655	0.0	0	360.45381973613985	2413.2190067203774	1	0	1	1.7992449638946617
187334.2502992821	3000.0	1965.5436775099845	0.0	0	0.0	2299.7939767922217	1	0	2	1.4073132736270715
188824.7083543982	2000.0	1475.0856223939095	0.0	0	0.0	2299.7939767922508	1	0	1	1.205056685021492
189974.18988330924	2000.0	1325.6040934828497	0.0	0	0.0	2299.7939767922508	1	0	1	1.8105217931296553
190770.3115096799	2000.0	1529.4824671122096	0.0	0	0.0	2299.7939767922217	1	0	1	1.810521793129658
191779.06777157343	2000.0	1520.7262052186768	0.0	0	0.0	2299.7939767921926	1	0	1	1.8105217931296584
192745.83541713882	2000.0	1553.9585596532893	0.0	0	0.0	2299.7939767921926	1	0	1	1.8105217931296607
194588.24698045274	2000.0	711.5469963393848	0.0	0	0.0	2299.7939767921926	1	0	1	1.8105217931296607
195790.55276153257	1000.0	509.24121525952324	0.0	0	0.0	2299.7939767921634	1	0	1	0.4242274320097716
196351.58695557257	1000.0	948.2070212195187	0.0	0	0.0	2299.7939767921634	1	0	1	1.1173746125697184
197095.59551272113	1000.0	1204.198464070917	0.0	0	0.0	2299.7939767921634	1	0	1	1.1173746125697184
197669.6574251867	1000.0	1630.136551605367	0.0	0	0.0	2299.7939767921926	1	0	1	1.117374612569718
198999.96821500643	2000.0	1299.8257617856445	0.0	0	0.0	2299.7939767921634	1	0	1	1.1173746125697173
199788.8049497671	1000.0	1510.9890270249925	0.0	0	0.0	2299.7939767921634	1	0	1	0.42422743200977325
200633.08818352103	1000.0	1666.7057932710552	0.0	0	0.0	2299.7939767921634	1	0	1	1.1173746125697184
201499.6369041519	1000.0	1800.157072640166	0.0	0	0.0	2299.7939767921634	1	0	1	1.1173746125697184
202200.0	1000.0	2099.7939767920952	0.0	0	262.6476828683808	2299.7939767921634	1	0	1	1.1173746125697184
203222.14332703676	2000.0	2077.6506497553423	0.0	0	0.0	2299.7939767921343	1	0	1	1.117374612569721
204200.0	2000.0	2099.793976792131	0.0	0	168.09697338551632	2299.7939767921343	1	0	1	1.8105217931296664
205340.86792532695	2000.0	1958.9260514651578	0.0	0	0.0	2299.7939767921343	1	0	1	1.8105217931296664
206452.83823652446	2000.0	1846.9557402676298	0.0	0	0.0	2299.7939767921343	1	0	1	1.8105217931296664
207200.0	2000.0	2099.7939767920743	0.0	0	88.33936284214724	2299.7939767921052	1	0	1	1.810521793129669
208404.41230955193	2000.0	1895.3816672401417	0.0	0	0.0	2299.7939767921052	1	0	1	1.810521793129669
209583.57530547463	2000.0	1716.2186713174553	0.0	0	0.0	2299.7939767921052	1	0	1	1.810521793129669
210858.609178562	2000.0	1441.1847982300853	0.0	0	0.0	2299.7939767921343	1	0	1	1.8105217931296682
212174.81034216855	2000.0	1124.98363462355	0.0	0	0.0	2299.7939767921343	1	0	1	1.8105217931296664
213015.3129182897	2000.0	1284.4810585023852	0.0	0	0.0	2299.7939767921052	1	0	1	1.810521793129669
213805.18011110954	1000.0	1494.6138656825838	0.0	0	0.0	2299.793976792076	1	0	1	0.4242274320097798
214926.95395948313	2000.0	1372.8400173089858	0.0	0	0.0	2299.793976792047	1	0	1	1.1173746125697281
215905.77298534836	2000.0	1394.0209914437362	0.0	0	0.0	2299.793976792047	1	0	1	1.8105217931296744
216758.57255868654	2000.0	1541.2214181055856	0.0	0	0.0	2299.793976792076	1	0	1	1.8105217931296715
218257.66635591362	2000.0	1042.1276208785364	0.0	0	0.0	2299.7939767921052	1	0	1	1.8105217931296695
219342.70352082982	2000.0	957.0904559623425	0.0	0	0.0	2299.7939767921052	1	0	1	1.810521793129669
220199.57057548506	2000.0	1100.2234013071065	0.0	0	0.0	2299.7939767921052	1	0	1	1.810521793129669
221329.2753988825	2000.0	970.5185779096964	0.0	0	0.0	2299.7939767921052	1	0	1	1.810521793129669
222248.0120594381	2000.0	1051.7819173540972	0.0	0	0.0	2299.7939767921343	1	0	1	1.8105217931296664
223098.46931271843	1000.0	1201.3246640737689	0.0	0	0.0	2299.7939767921343	1	0	1	0.4242274320097759
223806.86334019378	1000.0	1492.9306365984207	0.0	0	0.0	2299.7939767921343	1	0	1	1.117374612569721
224644.948482672	2000.0	1654.8454941201846	0.0	0	0.0	2299.7939767921052	1	0	1	1.1173746125697217
225428.83522744442	2000.0	1870.958749347795	0.0	0	0.0	2299.7939767921052	1	0	1	1.810521793129669
226200.0	2000.0	2099.7939767922016	0.0	0	154.42634125909535	2299.7939767921052	1	0	1	1.810521793129669
227200.0	2000.0	2099.7939767921807	0.0	0	240.59968925465364	2299.793976792076	1	0	1	1.8105217931296704
228207.34541140715	2000.0	2092.4485653850084	0.0	0	0.0	2299.793976792076	1	0	1	1.8105217931296715
229528.06065618878	2000.0	1771.7333206033495	0.0	0	0.0	2299.793976792047	1	0	1	1.8105217931296744
230562.46261125425	2000.0	1737.3313655378902	0.0	0	0.0	2299.793976792047	1	0	1	1.8105217931296744
231339.94377612916	2000.0	1959.8502006630038	0.0	0	0.0	2299.793976792047	1	0	1	1.8105217931296744
232200.0	2000.0	2099.7939767921634	0.0	0	93.77515474922257	2299.793976792076	1	0	1	1.8105217931296715
233200.0	2000.0	2099.7939767921516	0.0	0	132.90502195912995	2299.793976792076	1	0	1	1.8105217931296715
234200.0	2000.0	2099.793976792169	0.0	0	437.8202978631598	2299.7939767921343	1	0	1	1.8105217931296678
235473.37796775028	3000.0	1699.0782122668518	0.0	0	0.0	2172.4561800170923	1	0	2	1.41838238636771
236591.30392334305	2000.0	1581.1522566740853	0.0	0	0.0	2172.4561800170923	1	0	1	1.2163475150690441
237705.42646423998	2000.0	1467.0297157771706	0.0	0	0.0	2172.456180017063	1	0	1	1.8218126231772094
238657.26498085872	2000.0	1515.191199158431	0.0	0	0.0	2172.456180017063	1	0	1	1.8218126231772114
239534.79850011395	2000.0	1637.6576799032036	0.0	0	0.0	2172.456180017063	1	0	1	1.8218126231772114
240420.04457357744	2000.0	1752.411606439713	0.0	0	0.0	2172.456180017063	1	0	1	1.8218126231772114
241200.0	2000.0	1972.456180017153	0.0	0	20.232594119996065	2172.456180017063	1	0	1	1.8218126231772114
242200.0	2000.0	1972.4561800171514	0.0	0	386.7233883969311	2172.456180017063	1	0	1	1.8218126231772114
243420.9924104171	2000.0	1751.4637696000573	0.0	0	0.0	2172.456180017063	1	0	1	1.8218126231772114
244838.65301023025	2000.0	1333.803169786927	0.0	0	0.0	2172.4561800171214	1	0	1	1.8218126231772076
245415.4837488338	1000.0	1756.9724311833843	0.0	0	0.0	2172.4561800171214	1	0	1	0.4355182620573162
246691.30368031526	2000.0	1481.1524997019128	0.0	0	0.0	2172.4561800171214	1	0	1	1.1286654426172613
247816.15547697927	2000.0	1356.3007030378997	0.0	0	0.0	2172.4561800170923	1	0	1	1.821812623177209
248881.35354168472	2000.0	1291.1026383324374	0.0	0	0.0	2172.4561800170923	1	0	1	1.821812623177209
250850.10878520244	2000.0	322.34739481470905	0.0	0	0.0	2172.4561800170923	1	0	1	1.821812623177209
251703.25630383292	2000.0	573.0138471373095	103.81397095304584	0	0.0	2276.2701509701437	1	0	1	1.1898283768480535
252407.5553771589	1000.0	868.7147738113516	0.0	0	0.0	2276.2701509701437	1	0	1	0.42641784144643824
252879.49521326288	1000.0	1396.7749377073555	0.0	0	0.0	2276.2701509701437	1	0	1	1.1195650220063833
253748.93633651902	2000.0	1527.3338144512143	0.0	0	0.0	2276.2701509701146	1	0	1	1.119565022006384
255204.45680457985	2000.0	1071.8133463903914	0.0	0	0.0	2276.2701509701146	1	0	1	1.8127122025663311
255802.967390762	1000.0	1473.3027602082432	0.0	0	0.0	2276.2701509701146	1	0	1	0.42641784144644096
257155.5342878767	2000.0	1120.735863093533	0.0	0	0.0	2276.2701509701146	1	0	1	1.119565022006386
258428.6756186614	2000.0	847.5945323088602	0.0	0	0.0	2276.2701509701146	1	0	1	1.8127122025663311
258861.65952196807	1000.0	1414.6106290021955	0.0	0	0.0	2276.2701509701146	1	0	1	0.42641784144644096
259898.27168853045	2000.0	1377.9984624398082	0.0	0	0.0	2276.2701509701146	1	0	1	1.119565022006386
260946.65480347324	2000.0	1329.615347497046	0.0	0	0.0	2276.270150970173	1	0	1	1.812712202566327
261722.5538529845	2000.0	1553.716297985779	0.0	0	0.0	2276.270150970173	1	0	1	1.8127122025663258
262620.7031277178	2000.0	1655.5670232526138	0.0	0	0.0	2276.2701509702893	1	0	1	1.8127122025663183
263680.52599059447	2000.0	1595.7441603759314	0.0	0	0.0	2276.2701509703184	1	0	1	1.8127122025663145
264543.36213189573	2000.0	1732.9080190746683	0.0	0	0.0	2276.2701509703184	1	0	1	1.8127122025663125
265200.0	2000.0	2076.2701509703893	0.0	0	38.0656740439008	2276.2701509703184	1	0	1	1.8127122025663125
266200.0	2000.0	2076.2701509704266	0.0	0	132.48382805049187	2276.2701509703184	1	0	1	1.8127122025663125
267200.0	2000.0	2076.2701509704702	0.0	0	361.5871096655028	2276.2701509703184	1	0	1	1.8127122025663125
268200.0	2000.0	2076.2701509705294	0.0	0	200.75193053478142	2276.2701509703184	1	0	1	1.8127122025663125
269200.0	2000.0	1976.2701509705312	0.0	0	178.5625951019465	2176.2701509703184	1	0	2	1.4182593826531602
270684.8765897001	2000.0	1491.393561270358	0.0	0	0.0	2176.2701509703184	1	0	1	1.6214940208267978
271400.09325799835	2000.0	1776.1768929721975	0.0	0	0.0	2176.2701509703766	1	0	1	1.821494020826793
272200.0	2000.0	1976.2701509705612	0.0	0	72.96442794165341	2176.2701509703766	1	0	1	1.821494020826793
273763.8875973436	2000.0	1412.382553626905	0.0	0	0.0	2176.2701509703184	1	0	1	1.821494020826794
274647.1340296534	2000.0	1529.1361213171135	0.0	0	0.0	2176.2701509703184	1	0	1	1.821494020826798
275553.2518541669	2000.0	1623.0182968035692	0.0	0	0.0	2176.2701509703184	1	0	1	1.821494020826798
276840.9741279912	2000.0	1335.29602297927	0.0	0	0.0	2176.2701509703766	1	0	1	1.821494020826793
278394.8104498259	2000.0	781.459701144471	0.0	0	0.0	2176.2701509703184	1	0	1	1.821494020826798
279190.8926710204	1000.0	985.3774799499229	0.0	0	0.0	2176.2701509703184	1	0	1	0.43519965970690766
280089.860683437	1000.0	1086.4094675333763	0.0	0	0.0	2176.2701509703184	1	0	1	1.1283468402668528
281006.2177997998	1000.0	1170.052351170506	0.0	0	0.0	2176.27015097026	1	0	1	1.1283468402668577
282081.47902118316	2000.0	1094.7911297871617	0.0	0	0.0	2176.270150970202	1	0	1	1.1283468402668615
283271.1314712653	2000.0	905.1386797050626	0.0	0	0.0	2176.2701509703184	1	0	1	1.8214940208267991
284335.50592152996	2000.0	840.7642294404311	0.0	0	0.0	2176.27015097026	1	0	1	1.8214940208268027
284831.41014637647	1000.0	1344.8600045939486	0.0	0	0.0	2176.27015097026	1	0	1	0.43519965970691254
286214.5982502279	2000.0	961.671900742436	0.0	0	0.0	2176.27015097026	1	0	1	1.1283468402668575
287041.13026237773	2000.0	1135.1398885926196	0.0	0	0.0	2176.27015097026	1	0	1	1.8214940208268027
288007.6148969661	2000.0	1168.6552540041844	0.0	0	0.0	2176.27015097026	1	0	1	1.8214940208268027
289185.71540433523	2000.0	990.5547466350793	0.0	0	0.0	2176.27015097026	1	0	1	1.8214940208268027
290331.7825279406	2000.0	844.487623029685	0.0	0	0.0	2176.2701509703184	1	0	1	1.821494020826798
290890.9354014098	1000.0	1285.3347495604535	0.0	0	0.0	2176.2701509703184	1	0	1	0.43519965970690766
292095.93197295995	2000.0	1080.3381780103596	0.0	0	0.0	2176.2701509703766	1	0	1	1.1283468402668477
293103.611759705	2000.0	1072.6583912653377	0.0	0	0.0	2176.2701509703766	1	0	1	1.821494020826793
294832.4484326921	2000.0	343.821718278258	0.0	0	0.0	2176.2701509703766	1	0	1	1.821494020826793
295404.7141733607	1000.0	771.5559776096295	0.0	0	0.0	2176.2701509704348	1	0	1	0.43519965970689795
296046.7529514737	1000.0	1129.5171994966863	0.0	0	0.0	2176.2701509704348	1	0	1	1.128346840266843
296792.36102083675	1000.0	1383.909130133606	0.0	0	0.0	2176.2701509703766	1	0	1	1.128346840266848
297791.31369516073	1000.0	1384.9564558096833	0.0	0	0.0	2176.2701509703766	1	0	1	1.128346840266848
298765.28848034254	2000.0	1410.981670627865	0.0	0	0.0	2176.2701509703766	1	0	1	1.1283468402668477
299200.0	1000.0	1976.2701509704139	0.0	0	3.2405718236695975	2176.2701509703766	1	0	1	0.4351996597069028
300615.85472600855	2000.0	1560.4154249618916	0.0	0	0.0	2176.2701509703766	1	0	1	1.1283468402668477
2.42	2.46	2.09	2.35	2.61	1.78	1.91	2.5	1.75	2.21	1.52	1.85	2.4	2.79	2.48	2.42	2.33	1.75	1.95	2.32	1.32	2.26	2.15	1.91	1.54	0.98	1.44	1.48	1.71	2.54	2.94	2.97	2.86	1.91	1.18	1.59	1.8	2.46	1.84	1.33	1.23	0.88	1.56	1.62	1.27	1.31	1.48	1.22	2.04	2.58	2.65	2.19	2.29	2.53	2.02	1.99	1.77	1.71	2.34	1.45	1.63	2.49	2.91	1.64	1.92	2.76	2.72	2.14	1.76	1.22	1.99	2.9	3.02	1.54	1.56	1.78	1.55	2.37	2.69	2.84	2.97	2.04	1.26	2.0	2.58	2.53	2.24	2.59	2.32	1.59	1.51	1.49	2.22	2.51	2.03	1.58	1.01	2.17	1.46	2.46	1.95	1.15	1.81	2.12	1.64	2.1	2.34	2.77	2.32	2.07	2.95	2.63	2.28	3.17	3.03	1.71	1.83	2.62	1.84	1.61	2.35	2.39	2.17	1.84	1.55	1.75	1.11	2.0	2.22	2.19	1.87	1.6	2.4	1.85	2.1	2.27	1.61	1.75	2.15	1.78	0.9	1.74	1.27	1.2	2.02	1.83	1.25	1.18	1.54	1.85	2.42	2.46	2.09	2.35	2.61	1.78	1.91	2.5	1.75	2.21	1.52	1.85	2.4	2.79	2.48	2.42	2.33	1.75	1.95	2.32	1.32	2.26	2.15	1.91	1.54	0.98	1.44	1.48	1.71	2.54	2.94	2.97	2.86	1.91	1.18	1.59	1.8	2.46	1.84	1.33	1.23	0.88	1.56	1.62	1.27	1.31	1.48	1.22	2.04	2.58	2.65	2.19	2.29	2.53	2.02	1.99	1.77	1.71	2.34	1.45	1.63	2.49	2.91	1.64	1.92	2.76	2.72	2.14	1.76	1.22	1.99	2.9	3.02	1.54	1.56	1.78	1.55	2.37	2.69	2.84	2.97	2.04	1.26	2.0	2.58	2.53	2.24	2.59	2.32	1.59	1.51	1.49	2.22	2.51	2.03	1.58	1.01	2.17	1.46	2.46	1.95	1.15	1.81	2.12	1.64	2.1	2.34	2.77	2.32	2.07	2.95	2.63	2.28	3.17	3.03	1.71	1.83	2.62	1.84	1.61	2.35	2.39	2.17	1.84	1.55	1.75	1.11	2.0	2.22	2.19	1.87	1.6	2.4	1.85	2.1	2.27	1.61	1.75	2.15	1.78	0.9	1.74	1.27	1.2	2.02	1.83	1.25	1.18	1.54	1.85
1.0	2.0	3.0	4.0	5.0	6.0	7.0	8.0	9.0	10.0	11.0	12.0	13.0	14.0	15.0	16.0	17.0	18.0	19.0	20.0	21.0	22.0	23.0	24.0	25.0	26.0	27.0	28.0	29.0	30.0	31.0	32.0	33.0	34.0	35.0	36.0	37.0	38.0	39.0	40.0	41.0	42.0	43.0	44.0	45.0	46.0	47.0	48.0	49.0	50.0	51.0	52.0	53.0	54.0	55.0	56.0	57.0	58.0	59.0	60.0	61.0	62.0	63.0	64.0	65.0	66.0	67.0	68.0	69.0	70.0	71.0	72.0	73.0	74.0	75.0	76.0	77.0	78.0	79.0	80.0	81.0	82.0	83.0	84.0	85.0	86.0	87.0	88.0	89.0	90.0	91.0	92.0	93.0	94.0	95.0	96.0	97.0	98.0	99.0	100.0	101.0	102.0	103.0	104.0	105.0	106.0	107.0	108.0	109.0	110.0	111.0	112.0	113.0	114.0	115.0	116.0	117.0	118.0	119.0	120.0	121.0	122.0	123.0	124.0	125.0	126.0	127.0	128.0	129.0	130.0	131.0	132.0	133.0	134.0	135.0	136.0	137.0	138.0	139.0	140.0	141.0	142.0	143.0	144.0	145.0	146.0	147.0	148.0	149.0	149.0	150.0	151.0	152.0	153.0	154.0	155.0	156.0	157.0	158.0	159.0	160.0	161.0	162.0	163.0	164.0	165.0	166.0	167.0	168.0	169.0	170.0	171.0	172.0	173.0	174.0	175.0	176.0	177.0	178.0	179.0	180.0	181.0	182.0	183.0	184.0	185.0	186.0	187.0	188.0	189.0	190.0	191.0	192.0	193.0	194.0	195.0	196.0	197.0	198.0	199.0	200.0	201.0	202.0	203.0	204.0	205.0	206.0	207.0	208.0	209.0	210.0	211.0	212.0	213.0	214.0	215.0	216.0	217.0	218.0	219.0	220.0	221.0	222.0	223.0	224.0	225.0	226.0	227.0	228.0	229.0	230.0	231.0	232.0	233.0	234.0	235.0	236.0	237.0	238.0	239.0	240.0	241.0	242.0	243.0	244.0	245.0	246.0	247.0	248.0	249.0	250.0	251.0	252.0	253.0	254.0	255.0	256.0	257.0	258.0	259.0	260.0	261.0	262.0	263.0	264.0	265.0	266.0	267.0	268.0	269.0	270.0	271.0	272.0	273.0	274.0	275.0	276.0	277.0	278.0	279.0	280.0	281.0	282.0	283.0	284.0	285.0	286.0	287.0	288.0	289.0	290.0	291.0	292.0	293.0	294.0	295.0	296.0	297.0	298.0	298.0
4640.94436192942
