2627.954583990405	300.0	2000.0	96.54971088938863	0	0.0	2627.954583990405	1	0	1	-0.7000125646434027
3346.571148434651	2000.0	2281.3834355557537	0.0	0	0.0	2627.954583990405	1	0	1	-0.12283202684257855
4685.381741722372	3000.0	1808.6917829392612	0.0	0	0.0	2494.073524661633	1	0	2	1.3869418648162877
5344.536559124232	2000.0	2083.6214837972143	0.0	0	0.0	2428.158042921447	1	0	2	1.1903921131673205
6200.0	2000.0	2142.6116988338686	0.0	0	394.16421307573546	2342.6116988338695	1	0	2	1.6028387316216168
7200.0	3000.0	2042.61169883387	0.0	0	24.307621942489277	2242.611698833871	1	0	2	1.6132874883581332
8451.010221192788	3000.0	1666.5004555218043	0.0	0	0.0	2117.5106767145917	1	0	2	2.029064417200973
9200.0	2000.0	1842.6116988338695	0.0	0	115.0377592496443	2042.611698833869	1	0	2	1.224637725160325
10200.0	2000.0	1842.6116988338713	0.0	0	501.7214155984184	2042.6116988338708	1	0	1	1.631992429053374
11200.0	3000.0	1742.6116988338722	0.0	0	177.6883056172901	1942.6116988338745	1	0	2	1.4366871038280766
12200.0	3000.0	1742.6116988338729	0.0	0	129.2065273300086	1942.6116988338745	1	0	1	2.044475085964906
13625.050344045785	6000.0	1317.5613547880887	0.0	0	0.0	1942.6116988338745	1	0	1	2.2444750859649063
14388.828063717021	3000.0	1477.4058631497292	0.0	0	0.0	1866.2339268667492	1	0	2	1.1550799013359818
15323.805990491386	3000.0	1542.4279363753637	0.0	0	0.0	1866.2339268667492	1	0	1	2.049396570566077
16381.135474720411	2000.0	1485.098452146336	0.0	0	0.0	1866.2339268667492	1	0	1	1.4384663543497478
17200.0	2000.0	1666.23392686675	0.0	0	13.37746733440872	1866.2339268667492	1	0	1	1.8439314624579124
18200.0	2000.0	1666.2339268667508	0.0	0	124.32430543009832	1866.233926866751	1	0	1	1.843931462457912
19383.537177253376	2000.0	1482.696749613375	0.0	0	0.0	1866.2339268667529	1	0	1	1.843931462457912
20200.0	2000.0	1666.233926866752	0.0	0	12.027284053750918	1866.2339268667492	1	0	1	1.8439314624579124
21200.0	2000.0	1666.23392686675	0.0	0	127.19339848422533	1866.2339268667492	1	0	1	1.8439314624579124
22200.0	2000.0	1666.2339268667558	0.0	0	134.42521826874872	1866.2339268667492	1	0	1	1.8439314624579124
23200.0	2000.0	1666.2339268667542	0.0	0	192.29229915346514	1866.2339268667529	1	0	1	1.843931462457912
24200.0	2000.0	1666.2339268667558	0.0	0	457.1151999518588	1866.2339268667529	1	0	1	1.843931462457912
25200.0	2000.0	1666.233926866759	0.0	0	484.9130046693499	1866.2339268667529	1	0	1	1.843931462457912
26200.0	3000.0	1566.2339268667524	0.0	0	149.4199478176197	1766.2339268667492	1	0	2	1.4480385554160455
27200.0	3000.0	1566.2339268667556	0.0	0	256.56348541919215	1766.2339268667492	1	0	1	2.0553135499834236
28851.309584280814	6000.0	914.9243425859432	0.0	0	0.0	1766.2339268667492	1	0	1	2.2553135499834234
29517.958127546353	2000.0	1248.2757993204034	0.0	0	0.0	1766.2339268667492	1	0	1	0.7512361532071495
30782.02014568965	2000.0	984.2137811771081	0.0	0	0.0	1766.2339268667492	1	0	1	1.8498484418752592
31965.717544238338	2000.0	800.5163826284196	0.0	0	0.0	1766.2339268667492	1	0	1	1.8498484418752592
33035.53219390562	2000.0	730.7017329611326	0.0	0	0.0	1766.2339268667492	1	0	1	1.8498484418752592
33843.395331183696	2000.0	922.8385956830521	0.0	0	0.0	1766.233926866742	1	0	1	1.8498484418752592
34544.60825362599	2000.0	1221.6256732407642	0.0	0	0.0	1766.2339268667565	1	0	1	1.8498484418752592
35630.97451280587	2000.0	1135.2594140608876	0.0	0	0.0	1766.2339268667565	1	0	1	1.8498484418752588
36479.451103534215	2000.0	1286.782823332546	0.0	0	0.0	1766.2339268667638	1	0	1	1.8498484418752583
37200.0	2000.0	1566.2339268667638	0.0	0	149.85278730618302	1766.2339268667638	1	0	1	1.8498484418752583
38200.0	2000.0	1566.2339268667583	0.0	0	284.0441898763238	1766.2339268667638	1	0	1	1.8498484418752583
39200.0	2000.0	1566.2339268667583	0.0	0	245.77834263679688	1766.2339268667638	1	0	1	1.8498484418752583
40285.31012840281	2000.0	1480.9237984639492	0.0	0	0.0	1766.233926866771	1	0	1	1.8498484418752579
41200.0	2000.0	1566.23392686676	0.0	0	96.61111372575397	1766.233926866771	1	0	1	1.8498484418752579
42200.0	2000.0	1566.2339268667592	0.0	0	429.0076997620781	1766.233926866771	1	0	1	1.8498484418752579
43200.0	3000.0	1566.2339268667538	0.0	0	196.7269100675694	1766.233926866771	1	0	1	1.8498484418752579
44200.0	3000.0	1566.2339268667633	0.0	0	64.2966935909426	1766.233926866771	1	0	1	2.2553135499834225
45791.107355806205	2000.0	975.1265710605587	0.0	0	0.0	1766.233926866771	1	0	1	1.4443833337670933
46788.74183409179	2000.0	977.4920927749765	0.0	0	0.0	1766.233926866771	1	0	1	1.8498484418752579
47589.110338398576	2000.0	1177.1235884681928	0.0	0	0.0	1766.233926866771	1	0	1	1.8498484418752579
48272.025398281854	2000.0	1494.2085285849207	0.0	0	0.0	1766.2339268667783	1	0	1	1.8498484418752574
49200.0	2000.0	1566.2339268667797	0.0	0	517.2253528221336	1766.2339268667783	1	0	1	1.8498484418752574
50200.0	2000.0	1566.233926866774	0.0	0	226.64904364910035	1766.2339268667783	1	0	1	1.8498484418752574
51200.0	2000.0	1566.2339268667688	0.0	0	476.21513722748205	1766.233926866771	1	0	1	1.8498484418752579
52200.0	3000.0	1566.233926866766	0.0	0	220.53919332542137	1766.233926866771	1	0	1	1.8498484418752579
53200.0	2000.0	1566.2339268667645	0.0	0	82.67103422139189	1766.233926866771	1	0	1	1.4443833337670933
54200.0	2000.0	1566.2339268667633	0.0	0	478.8446065485987	1766.2339268667638	1	0	1	1.8498484418752583
55200.0	2000.0	1566.2339268667686	0.0	0	514.2490550871444	1766.2339268667638	1	0	1	1.8498484418752583
56200.0	3000.0	1566.2339268667668	0.0	0	179.21623029010516	1766.2339268667638	1	0	1	1.8498484418752585
58419.00859237091	6000.0	347.2253344958523	0.0	0	0.0	1766.2339268667638	1	0	1	2.255313549983423
59213.67251333741	2000.0	574.5064794140095	21.94506588465981	0	0.0	1788.1789927514255	1	0	1	0.6183159885834055
59889.25023625987	2000.0	898.9287564915531	0.0	0	0.0	1788.1789927514255	1	0	1	1.8485986725594739
60876.08108196445	2000.0	912.0979107869668	0.0	0	0.0	1788.1789927514183	1	0	1	1.8485986725594743
61591.18000920823	2000.0	1196.9989835431907	0.0	0	0.0	1788.1789927514183	1	0	1	1.8485986725594743
62352.036885169146	2000.0	1436.1421075822652	0.0	0	0.0	1788.1789927514183	1	0	1	1.8485986725594743
63200.0	2000.0	1588.1789927514108	0.0	0	127.36114721318881	1788.1789927514183	1	0	1	1.8485986725594739
64200.0	2000.0	1588.1789927514103	0.0	0	159.8735769711202	1788.1789927514255	1	0	1	1.8485986725594739
65200.0	2000.0	1588.178992751417	0.0	0	284.7823995831495	1788.1789927514255	1	0	1	1.8485986725594739
66305.39676797457	2000.0	1482.78222477683	0.0	0	0.0	1788.1789927514037	1	0	1	1.8485986725594747
67200.0	2000.0	1588.178992751395	0.0	0	130.30720246427518	1788.1789927513964	1	0	1	1.8485986725594747
68200.0	2000.0	1588.1789927513862	0.0	0	88.96266784107138	1788.1789927513892	1	0	1	1.848598672559476
69200.0	2000.0	1588.1789927513823	0.0	0	211.80335026790272	1788.1789927513892	1	0	1	1.848598672559476
70200.0	2000.0	1588.1789927513814	0.0	0	414.8852343780454	1788.1789927513892	1	0	1	1.848598672559476
71200.0	2000.0	1588.1789927513726	0.0	0	460.74945289012976	1788.1789927513892	1	0	1	1.848598672559476
72200.0	2000.0	1588.1789927513635	0.0	0	178.64821762690553	1788.1789927513892	1	0	1	1.848598672559476
73200.0	2000.0	1588.178992751363	0.0	0	175.02459780433855	1788.1789927513892	1	0	1	1.848598672559476
74200.0	2000.0	1588.1789927513512	0.0	0	225.19772183784517	1788.1789927513746	1	0	1	1.848598672559477
75200.0	2000.0	1588.1789927513582	0.0	0	324.8537896463531	1788.1789927513892	1	0	1	1.848598672559476
76200.0	2000.0	1588.1789927513598	0.0	0	426.4315158381214	1788.1789927514037	1	0	1	1.8485986725594752
77200.0	2000.0	1588.1789927513698	0.0	0	70.92366054747254	1788.1789927514037	1	0	1	1.8485986725594752
78200.0	2000.0	1588.1789927513837	0.0	0	35.311195263740956	1788.1789927514037	1	0	1	1.8485986725594752
79200.0	2000.0	1588.1789927513819	0.0	0	330.5436219966796	1788.1789927514037	1	0	1	1.8485986725594752
80200.0	2000.0	1588.178992751391	0.0	0	348.6987835569744	1788.1789927514037	1	0	1	1.8485986725594752
81200.0	2000.0	1588.178992751383	0.0	0	398.04237611927965	1788.1789927514037	1	0	1	1.8485986725594752
82200.0	2000.0	1588.1789927513828	0.0	0	344.87111303738493	1788.1789927513892	1	0	1	1.848598672559476
83200.0	3000.0	1588.1789927513935	0.0	0	60.78174481567112	1788.1789927513892	1	0	1	1.8485986725594763
85678.36247010587	6000.0	200.0	90.18347735447765	0	0.0	1878.3624701058725	1	0	1	1.7118401501414895
86216.61003052513	2000.0	717.1525203175177	55.400080736788226	0	0.0	1933.7625508426572	1	0	1	0.40858620019649283
86857.84251872302	2000.0	1075.9200321196395	0.0	0	0.0	1933.7625508426718	1	0	1	1.839598973285331
87443.34717959998	2000.0	1490.4153712426967	0.0	0	0.0	1933.7625508426863	1	0	1	1.83959897328533
88200.0	2000.0	1733.7625508426775	0.0	0	172.46514482492057	1933.7625508426863	1	0	1	1.83959897328533
89200.0	2000.0	1733.7625508426681	0.0	0	428.32219419853936	1933.7625508426863	1	0	1	1.83959897328533
90200.0	3000.0	1633.762550842645	0.0	0	73.56469936358917	1833.7625508426718	1	0	2	1.4442304357657048
91200.0	3000.0	1633.7625508426408	0.0	0	323.879508120488	1833.7625508426718	1	0	1	2.05138115318742
94040.10338064485	6000.0	200.0	406.34082980221314	0	0.0	2240.103380644883	1	0	1	-0.19550539392613442
94785.995545223	2000.0	592.3045892909338	138.19675386907923	0	0.0	2378.3001345139637	1	0	1	-0.12494604257117892
95754.08364677982	2000.0	624.2164877341108	0.0	0	0.0	2378.300134513949	1	0	1	1.8028467693114076
96671.2225330988	2000.0	707.0776014151335	0.0	0	0.0	2378.300134513949	1	0	1	1.8028467693114076
97874.98470125002	2000.0	503.3154332639198	0.0	0	0.0	2378.300134513949	1	0	1	1.8028467693114076
98492.01453135298	1000.0	886.2856031609493	0.0	0	0.0	2378.300134513949	1	0	1	0.41655240819151723
99597.08517630848	2000.0	781.2149582054548	0.0	0	0.0	2378.3001345139637	1	0	1	1.109699588751461
100289.53483223994	2000.0	1088.765302273987	0.0	0	0.0	2378.3001345139637	1	0	1	1.802846769311406
100908.9056399967	2000.0	1469.3944945172284	0.0	0	0.0	2378.300134513949	1	0	1	1.8028467693114076
101666.73489357567	2000.0	1711.565240938246	0.0	0	0.0	2378.300134513949	1	0	1	1.8028467693114076
102242.26784017107	2000.0	2136.0322943428473	0.0	0	0.0	2378.3001345139637	1	0	1	1.802846769311406
103935.35705216098	3000.0	1273.6341611539615	0.0	0	0.0	2208.991213314992	1	0	2	1.4150008292842735
104788.66474772099	2000.0	1420.326465593947	0.0	0	0.0	2208.991213314992	1	0	1	1.2132472305204365
105679.929968985	2000.0	1529.0612443299185	0.0	0	0.0	2208.991213314992	1	0	1	1.8187123386286013
106582.9476064132	2000.0	1626.0436069017144	0.0	0	0.0	2208.9912133150065	1	0	1	1.8187123386286
107557.17471567765	2000.0	1651.8164976372673	0.0	0	0.0	2208.9912133150065	1	0	1	1.8187123386286
108249.39180035725	2000.0	1959.599412957675	0.0	0	0.0	2208.991213314992	1	0	1	1.8187123386286013
109200.0	2000.0	2008.9912133149028	0.0	0	149.09622159290302	2208.991213314992	1	0	1	1.8187123386286013
110301.49526246634	2000.0	1907.4959508485633	0.0	0	0.0	2208.991213314992	1	0	1	1.8187123386286013
111261.20383754488	2000.0	1947.7873757700281	0.0	0	0.0	2208.991213314992	1	0	1	1.8187123386286013
112200.0	2000.0	2008.9912133148919	0.0	0	309.05255199194653	2208.991213314992	1	0	1	1.8187123386286013
113200.0	3000.0	1908.9912133148875	0.0	0	321.21209000752424	2108.9912133149774	1	0	2	1.4241021531547153
114200.0	3000.0	1808.9912133149066	0.0	0	472.6795799334068	2008.991213314992	1	0	2	2.037062691430232
115259.82673944731	6000.0	1749.1644738676205	0.0	0	0.0	2008.991213314992	1	0	1	2.039892748423587
117084.18580572623	6000.0	924.8054075887005	0.0	0	0.0	2008.991213314992	1	0	1	2.9330399289835323
117829.01132733445	2000.0	1179.97988598047	0.0	0	0.0	2008.991213314992	1	0	1	0.7358153516473132
118602.99424969459	2000.0	1405.9969636203477	0.0	0	0.0	2008.9912133150065	1	0	1	1.8344276403154216
119200.0	2000.0	1808.9912133149257	0.0	0	12.903043650672771	2008.9912133150065	1	0	1	1.8344276403154216
120200.0	2000.0	1808.9912133149292	0.0	0	155.45933886882267	2008.9912133150065	1	0	1	1.8344276403154216
121274.19262583513	2000.0	1734.7985874797776	0.0	0	0.0	2008.991213314992	1	0	1	1.8344276403154227
122200.0	2000.0	1808.9912133149035	0.0	0	212.85909894520591	2008.991213314992	1	0	1	1.8344276403154227
123200.0	2000.0	1808.991213314904	0.0	0	196.0300592414569	2008.991213314992	1	0	1	1.8344276403154227
124200.0	2000.0	1808.9912133148923	0.0	0	378.57605423254427	2008.9912133149774	1	0	1	1.8344276403154238
125200.0	2000.0	1808.9912133148687	0.0	0	102.54565722469124	2008.9912133149628	1	0	1	1.8344276403154247
126448.68960376471	3000.0	1435.432649173692	0.0	0	0.0	1884.1222529384977	1	0	2	1.440744153029717
127200.0	2000.0	1684.122252938396	0.0	0	46.158783964114264	1884.1222529384977	1	0	1	1.2373460967275614
128200.0	2000.0	1684.1222529384006	0.0	0	249.61597326444462	1884.1222529384977	1	0	1	1.8428112048357261
129200.0	2000.0	1684.122252938403	0.0	0	371.1117493452766	1884.1222529384977	1	0	1	1.8428112048357261
130200.0	2000.0	1684.1222529384236	0.0	0	185.1620210493711	1884.1222529384977	1	0	1	1.8428112048357261
131252.14000965332	2000.0	1631.9822432851008	0.0	0	0.0	1884.1222529384831	1	0	1	1.8428112048357257
132669.7851845196	2000.0	1214.3370684188035	0.0	0	0.0	1884.1222529384686	1	0	1	1.842811204835728
133494.8449628292	2000.0	1389.277290109199	0.0	0	0.0	1884.1222529384831	1	0	1	1.8428112048357272
134802.80091820165	2000.0	1081.3213347367491	0.0	0	0.0	1884.1222529384831	1	0	1	1.8428112048357272
135472.56113872386	1000.0	1411.561114214523	0.0	0	0.0	1884.1222529384831	1	0	1	0.456516843715837
137061.60605613983	2000.0	822.5161967985671	0.0	0	0.0	1884.1222529385122	1	0	1	1.14966402427578
137575.92974731617	1000.0	1308.1925056222256	0.0	0	0.0	1884.1222529385122	1	0	1	0.45651684371583506
138695.6918660886	2000.0	1188.4303868498255	0.0	0	0.0	1884.1222529385122	1	0	1	1.14966402427578
139576.8735068865	2000.0	1307.2487460519087	0.0	0	0.0	1884.1222529385122	1	0	1	1.8428112048357255
140429.69727043156	2000.0	1454.424982506822	0.0	0	0.0	1884.1222529384831	1	0	1	1.8428112048357272
141200.0	2000.0	1684.122252938363	0.0	0	120.9111009335902	1884.1222529384831	1	0	1	1.8428112048357272
142200.0	2000.0	1684.1222529383613	0.0	0	66.20062282902654	1884.1222529384831	1	0	1	1.8428112048357272
143200.0	2000.0	1684.1222529383695	0.0	0	76.06790094307507	1884.1222529384831	1	0	1	1.8428112048357272
144200.0	2000.0	1684.1222529383683	0.0	0	459.0940828601015	1884.1222529384831	1	0	1	1.8428112048357272
145200.0	3000.0	1584.1222529383774	0.0	0	283.1891459260369	1784.1222529384831	1	0	2	1.4467766274555256
146200.0	2000.0	1584.1222529383672	0.0	0	438.53734696953325	1784.1222529384831	1	0	1	1.2433666063994724
147317.30461218362	2000.0	1466.8176407547369	0.0	0	0.0	1784.1222529385122	1	0	1	1.8488317145076354
148303.79104022542	2000.0	1480.3312127129404	0.0	0	0.0	1784.1222529385122	1	0	1	1.8488317145076354
149200.0	2000.0	1584.122252938356	0.0	0	245.87174117623363	1784.1222529385122	1	0	1	1.8488317145076354
150200.0	2000.0	1584.122252938406	0.0	0	180.28262495374656	1784.1222529385122	1	0	1	1.8488317145076354
151294.85354942406	2000.0	1489.2687035143497	0.0	0	0.0	1784.1222529385122	1	0	1	1.8488317145076354
152200.0	2000.0	1584.1222529384152	0.0	0	431.3132141113456	1784.1222529385122	1	0	1	1.8488317145076354
153200.0	2000.0	1584.1222529384047	0.0	0	77.31766740573221	1784.1222529385414	1	0	1	1.8488317145076338
154200.0	2000.0	1584.1222529383945	0.0	0	210.0212276087259	1784.1222529385414	1	0	1	1.8488317145076338
155200.0	2000.0	1584.1222529383747	0.0	0	427.80861900700256	1784.1222529385414	1	0	1	1.8488317145076338
156200.0	2000.0	1584.1222529383608	0.0	0	137.6653933377238	1784.1222529385414	1	0	1	1.8488317145076338
157200.0	2000.0	1584.122252938368	0.0	0	391.4304186227964	1784.1222529385122	1	0	1	1.8488317145076354
158200.0	2000.0	1584.1222529383729	0.0	0	336.83248071710113	1784.1222529385122	1	0	1	1.8488317145076354
159200.0	2000.0	1584.1222529383867	0.0	0	359.92376195220277	1784.1222529385122	1	0	1	1.8488317145076354
160200.0	3000.0	1584.1222529383992	0.0	0	272.46570423580124	1784.1222529385122	1	0	1	1.8488317145076356
161958.70751517892	6000.0	825.4147377594983	0.0	0	0.0	1784.1222529385122	1	0	1	2.2542968226158004
162544.5301362966	2000.0	1239.592116641785	0.0	0	0.0	1784.1222529385122	1	0	1	0.7502194258395259
163200.0	2000.0	1584.12225293837	0.0	0	304.45601841490134	1784.1222529385122	1	0	1	1.8488317145076354
164200.0	3000.0	1584.1222529383815	0.0	0	128.22776924056234	1784.1222529385122	1	0	1	1.8488317145076356
165200.0	2000.0	1584.1222529383997	0.0	0	279.7540432175447	1784.1222529385414	1	0	1	1.4433666063994692
166200.0	2000.0	1584.122252938386	0.0	0	128.16416526198736	1784.1222529385414	1	0	1	1.8488317145076338
167200.0	2000.0	1584.1222529383663	0.0	0	48.59659664443461	1784.1222529385414	1	0	1	1.8488317145076338
168215.13442720962	2000.0	1568.9878257287694	0.0	0	0.0	1784.1222529385705	1	0	1	1.8488317145076323
169200.0	2000.0	1584.1222529384042	0.0	0	319.7678525953088	1784.1222529385996	1	0	1	1.8488317145076305
170200.0	2000.0	1584.1222529384115	0.0	0	251.26774285471765	1784.1222529385996	1	0	1	1.8488317145076305
171200.0	2000.0	1584.1222529384088	0.0	0	182.52368018651032	1784.1222529385996	1	0	1	1.8488317145076305
172200.0	2000.0	1584.122252938417	0.0	0	230.28734698408516	1784.1222529385996	1	0	1	1.8488317145076305
173200.0	2000.0	1584.122252938443	0.0	0	257.74561554242973	1784.1222529385705	1	0	1	1.8488317145076323
174200.0	2000.0	1584.1222529384117	0.0	0	389.8028679173731	1784.1222529385705	1	0	1	1.8488317145076323
175200.0	3000.0	1584.1222529383792	0.0	0	353.4404659020074	1784.1222529385996	1	0	1	1.8488317145076307
176941.8373116431	6000.0	842.2849412953194	0.0	0	0.0	1784.1222529385996	1	0	1	2.2542968226157956
177642.66944735136	2000.0	1141.4528055870114	0.0	0	0.0	1784.1222529385996	1	0	1	0.750219425839521
178200.0	2000.0	1584.1222529383642	0.0	0	7.711082696245285	1784.1222529385996	1	0	1	1.8488317145076305
179292.94844778068	2000.0	1491.1738051576472	0.0	0	0.0	1784.1222529385996	1	0	1	1.8488317145076305
180413.29946441477	2000.0	1370.822788523545	0.0	0	0.0	1784.1222529385996	1	0	1	1.8488317145076305
181222.14621515188	2000.0	1561.9760377864384	0.0	0	0.0	1784.1222529386287	1	0	1	1.8488317145076287
182200.0	2000.0	1584.1222529383413	0.0	0	153.85685739052133	1784.1222529386287	1	0	1	1.8488317145076287
183200.0	2000.0	1584.1222529383365	0.0	0	355.3121514543018	1784.1222529386287	1	0	1	1.8488317145076287
184200.0	2000.0	1584.1222529383363	0.0	0	42.031331600330304	1784.1222529386287	1	0	1	1.8488317145076287
185200.0	2000.0	1584.1222529383185	0.0	0	253.63356861061766	1784.1222529386287	1	0	1	1.8488317145076287
186200.0	2000.0	1584.1222529383256	0.0	0	318.7510776009585	1784.1222529386287	1	0	1	1.8488317145076287
187200.0	2000.0	1584.122252938346	0.0	0	496.491679734987	1784.1222529386287	1	0	1	1.8488317145076287
188378.42460969734	2000.0	1405.6976432410092	0.0	0	0.0	1784.1222529386287	1	0	1	1.8488317145076287
189200.0	2000.0	1584.1222529383556	0.0	0	142.82427615558845	1784.1222529386287	1	0	1	1.8488317145076287
190200.0	2000.0	1584.1222529383517	0.0	0	267.57833555256366	1784.1222529385996	1	0	1	1.8488317145076305
191200.0	2000.0	1584.122252938326	0.0	0	350.9804220995575	1784.1222529385996	1	0	1	1.8488317145076305
192200.0	3000.0	1584.122252938325	0.0	0	227.8996255485108	1784.1222529386287	1	0	1	1.848831714507629
193200.0	3000.0	1584.1222529383704	0.0	0	217.573502603831	1784.1222529386287	1	0	1	2.254296822615794
194582.3676161279	2000.0	1201.7546368104515	0.0	0	0.0	1784.1222529385996	1	0	1	1.443366606399466
195702.78470580268	2000.0	1081.337547135677	0.0	0	0.0	1784.1222529385996	1	0	1	1.8488317145076305
196475.18789020693	2000.0	1308.9343627314463	0.0	0	0.0	1784.1222529385996	1	0	1	1.8488317145076305
197200.0	2000.0	1584.1222529383715	0.0	0	221.80164071527543	1784.1222529385996	1	0	1	1.8488317145076305
198200.0	2000.0	1584.1222529383467	0.0	0	351.0351067557058	1784.1222529385705	1	0	1	1.8488317145076323
199200.0	2000.0	1584.1222529383335	0.0	0	346.35827424013405	1784.1222529385996	1	0	1	1.8488317145076305
200200.0	2000.0	1584.122252938315	0.0	0	460.17762894686894	1784.1222529385996	1	0	1	1.8488317145076305
201408.7633978011	3000.0	1254.4825153570555	0.0	0	0.0	1663.2459131584328	1	0	2	1.453720253192499
202200.0	2000.0	1463.2459131581793	0.0	0	161.29047784171416	1663.2459131584328	1	0	1	1.2499051181568057
203200.0	2000.0	1463.245913158161	0.0	0	307.5982122356072	1663.2459131584328	1	0	1	1.8553702262649705
204200.0	2000.0	1463.2459131581702	0.0	0	552.0343922754982	1663.2459131584328	1	0	1	1.8553702262649705
205200.0	2000.0	1463.2459131581293	0.0	0	420.3848039677832	1663.2459131584328	1	0	1	1.8553702262649705
206582.3718259043	6000.0	1080.874087253842	0.0	0	0.0	1663.2459131584328	1	0	1	1.8553702262649705
207200.0	2000.0	1463.2459131581254	0.0	0	54.534216342144646	1663.2459131584328	1	0	1	0.7567579375968608
208200.0	2000.0	1463.2459131581033	0.0	0	302.5659100669436	1663.2459131584328	1	0	1	1.8553702262649705
209200.0	2000.0	1463.2459131580943	0.0	0	251.6552812748414	1663.2459131584328	1	0	1	1.8553702262649705
210200.0	2000.0	1463.245913158109	0.0	0	171.85547687212238	1663.2459131584037	1	0	1	1.855370226264972
211200.0	2000.0	1463.2459131580815	0.0	0	378.2238411932194	1663.2459131584037	1	0	1	1.855370226264972
212200.0	2000.0	1463.245913158076	0.0	0	461.3179094658408	1663.2459131584037	1	0	1	1.855370226264972
213200.0	2000.0	1463.245913158051	0.0	0	104.30198302099598	1663.2459131584037	1	0	1	1.855370226264972
214200.0	2000.0	1463.2459131580583	0.0	0	429.85949294050806	1663.2459131583746	1	0	1	1.8553702262649736
215200.0	2000.0	1463.2459131580622	0.0	0	91.23426870073308	1663.2459131583746	1	0	1	1.8553702262649736
216314.05854699522	2000.0	1349.1873661628138	0.0	0	0.0	1663.2459131583746	1	0	1	1.8553702262649736
217200.0	2000.0	1463.2459131580695	0.0	0	106.95033471705392	1663.2459131584037	1	0	1	1.855370226264972
218200.0	2000.0	1463.245913158015	0.0	0	138.08722957916325	1663.2459131584037	1	0	1	1.855370226264972
219200.0	2000.0	1463.2459131580129	0.0	0	386.3755458142259	1663.2459131583746	1	0	1	1.8553702262649736
220200.0	2000.0	1463.2459131580201	0.0	0	521.4660784747393	1663.2459131583746	1	0	1	1.8553702262649736
221200.0	2000.0	1463.245913158013	0.0	0	229.46389232264482	1663.2459131583746	1	0	1	1.8553702262649736
222293.37568526113	2000.0	1369.870227896886	0.0	0	0.0	1663.2459131583746	1	0	1	1.8553702262649736
223200.0	2000.0	1463.245913158048	0.0	0	66.15834219136741	1663.2459131584037	1	0	1	1.855370226264972
224200.0	2000.0	1463.2459131580451	0.0	0	365.6407834398269	1663.2459131584037	1	0	1	1.855370226264972
225200.0	2000.0	1463.2459131580429	0.0	0	82.17173479462508	1663.2459131583746	1	0	1	1.8553702262649736
226200.0	2000.0	1463.2459131580413	0.0	0	136.32831253565382	1663.2459131583746	1	0	1	1.8553702262649736
227200.0	2000.0	1463.2459131580497	0.0	0	66.96806577846291	1663.2459131583746	1	0	1	1.8553702262649736
228200.0	2000.0	1463.2459131580551	0.0	0	365.8662801095925	1663.2459131583746	1	0	1	1.8553702262649736
229200.0	2000.0	1463.2459131580547	0.0	0	68.55911726746126	1663.2459131583455	1	0	1	1.855370226264975
230200.0	2000.0	1463.245913158039	0.0	0	364.15892720766715	1663.2459131583455	1	0	1	1.855370226264975
231200.0	2000.0	1463.2459131580463	0.0	0	356.4457878874091	1663.2459131583746	1	0	1	1.8553702262649736
232200.0	3000.0	1463.2459131580301	0.0	0	251.3457421604253	1663.2459131583746	1	0	1	1.8553702262649736
233556.798231498	3000.0	1106.4476816600363	0.0	0	0.0	1663.2459131583746	1	0	1	2.260835334373138
234336.43269164328	2000.0	1326.8132215147612	0.0	0	0.0	1663.2459131583746	1	0	1	1.449905118156809
235200.0	2000.0	1463.2459131580363	0.0	0	277.32848941447446	1663.2459131583746	1	0	1	1.8553702262649736
236200.0	2000.0	1463.245913158059	0.0	0	179.53888528922107	1663.2459131583746	1	0	1	1.8553702262649736
237200.0	2000.0	1463.245913158077	0.0	0	306.8526003441948	1663.2459131583746	1	0	1	1.8553702262649736
238200.0	2000.0	1463.2459131580893	0.0	0	228.0033244768856	1663.2459131584037	1	0	1	1.855370226264972
239200.0	2000.0	1463.2459131580752	0.0	0	582.5904559280898	1663.2459131584037	1	0	1	1.855370226264972
240200.0	2000.0	1463.2459131580551	0.0	0	509.72667337732855	1663.2459131584037	1	0	1	1.855370226264972
241410.2510613812	3000.0	1252.9948517768487	0.0	0	0.0	1663.2459131584328	1	0	1	1.8553702262649705
242200.0	2000.0	1463.245913158056	0.0	0	29.445486274256837	1663.2459131584328	1	0	1	1.449905118156806
243200.0	2000.0	1463.2459131580558	0.0	0	128.2360957635974	1663.2459131584328	1	0	1	1.8553702262649705
244200.0	2000.0	1463.2459131580376	0.0	0	355.68500295694685	1663.2459131584037	1	0	1	1.855370226264972
245200.0	2000.0	1463.245913158048	0.0	0	234.99785533791874	1663.2459131584037	1	0	1	1.855370226264972
246200.0	2000.0	1463.2459131580292	0.0	0	24.972228292637737	1663.2459131584037	1	0	1	1.855370226264972
247271.6120772746	2000.0	1391.6338358834382	0.0	0	0.0	1663.2459131584037	1	0	1	1.855370226264972
248200.0	2000.0	1463.2459131580306	0.0	0	38.62907895442913	1663.2459131584037	1	0	1	1.855370226264972
249200.0	2000.0	1463.2459131580556	0.0	0	346.36297415650915	1663.2459131584037	1	0	1	1.855370226264972
250200.0	2000.0	1463.245913158043	0.0	0	244.60810185188893	1663.2459131584037	1	0	1	1.855370226264972
251200.0	2000.0	1463.245913158054	0.0	0	437.64878918015165	1663.2459131584037	1	0	1	1.855370226264972
252200.0	2000.0	1463.2459131580504	0.0	0	5.701640768296784	1663.2459131583746	1	0	1	1.8553702262649736
253200.0	2000.0	1463.2459131580285	0.0	0	290.94931053897017	1663.2459131583746	1	0	1	1.8553702262649736
254440.999489512	2000.0	1222.2464236460219	0.0	0	0.0	1663.2459131583746	1	0	1	1.8553702262649736
255297.5126864824	2000.0	1365.7332266756625	0.0	0	0.0	1663.2459131583746	1	0	1	1.8553702262649736
256415.72827907215	2000.0	1247.517634085914	0.0	0	0.0	1663.2459131583746	1	0	1	1.8553702262649736
257614.69219004142	2000.0	1048.5537231166272	0.0	0	0.0	1663.2459131583746	1	0	1	1.8553702262649736
258417.86568955114	2000.0	1245.3802236068914	0.0	0	0.0	1663.2459131583746	1	0	1	1.8553702262649736
259200.0	2000.0	1463.2459131580727	0.0	0	66.01161247861455	1663.2459131584037	1	0	1	1.855370226264972
260200.0	2000.0	1463.2459131580893	0.0	0	169.37224658956984	1663.2459131584037	1	0	1	1.855370226264972
261200.0	2000.0	1463.245913158086	0.0	0	448.2992496750667	1663.2459131584037	1	0	1	1.855370226264972
262200.0	2000.0	1463.2459131580945	0.0	0	444.5747938789427	1663.2459131584037	1	0	1	1.855370226264972
263200.0	3000.0	1463.245913158157	0.0	0	458.12960459594615	1663.245913158491	1	0	1	1.8553702262649696
264296.17412053375	6000.0	1367.0717926244047	0.0	0	0.0	1663.2459131585201	1	0	1	2.2608353343731307
265694.83252124523	6000.0	968.4133919128635	0.0	0	0.0	1663.2459131585201	1	0	1	2.9539825149330756
266747.8994665	2000.0	915.3464466580855	0.0	0	0.0	1663.2459131585201	1	0	1	0.7567579375968564
267572.38060995104	2000.0	1090.8653032070217	0.0	0	0.0	1663.2459131585201	1	0	1	1.855370226264966
268492.9573467865	2000.0	1170.2885663715253	0.0	0	0.0	1663.245913158462	1	0	1	1.8553702262649665
269636.51860660216	2000.0	1026.7273065559154	0.0	0	0.0	1663.245913158462	1	0	1	1.8553702262649692
270698.31296223705	2000.0	964.9329509210711	0.0	0	0.0	1663.245913158462	1	0	1	1.8553702262649692
271465.99521637	2000.0	1197.2506967880959	0.0	0	0.0	1663.245913158462	1	0	1	1.8553702262649692
272226.29721513623	2000.0	1436.9486980218135	0.0	0	0.0	1663.2459131584037	1	0	1	1.855370226264972
273200.0	2000.0	1463.245913158086	0.0	0	238.79070189711638	1663.245913158462	1	0	1	1.8553702262649692
274200.0	2000.0	1463.2459131580529	0.0	0	412.69861030211905	1663.245913158462	1	0	1	1.8553702262649692
275200.0	2000.0	1463.2459131580076	0.0	0	174.7277556815534	1663.245913158462	1	0	1	1.8553702262649692
276200.0	2000.0	1463.2459131580035	0.0	0	481.3571782508516	1663.245913158462	1	0	1	1.8553702262649692
277200.0	2000.0	1463.245913157993	0.0	0	177.93056802731007	1663.2459131585201	1	0	1	1.855370226264966
278200.0	2000.0	1463.2459131580108	0.0	0	292.8842232602765	1663.2459131585201	1	0	1	1.855370226264966
279200.0	2000.0	1463.2459131579585	0.0	0	239.5133693360258	1663.2459131585201	1	0	1	1.855370226264966
280202.30985978775	2000.0	1460.9360533702652	0.0	0	0.0	1663.2459131585201	1	0	1	1.855370226264966
281241.4690392724	2000.0	1421.7768738856066	0.0	0	0.0	1663.2459131585201	1	0	1	1.855370226264966
282200.0	2000.0	1463.245913158015	0.0	0	4.375508620170876	1663.2459131585783	1	0	1	1.8553702262649632
283200.0	2000.0	1463.2459131580524	0.0	0	162.23048546927748	1663.2459131585201	1	0	1	1.855370226264966
284748.78095958935	2000.0	914.4649535686858	0.0	0	0.0	1663.2459131585201	1	0	1	1.855370226264966
285443.4596210138	1000.0	1219.7862921442647	0.0	0	0.0	1663.2459131585783	1	0	1	0.4690758651450728
286469.30898093776	2000.0	1193.9369322202738	0.0	0	0.0	1663.2459131585201	1	0	1	1.1622230457050209
287562.55561584496	2000.0	1100.6902973130768	0.0	0	0.0	1663.2459131585783	1	0	1	1.8553702262649647
288454.96419634245	2000.0	1208.281716815648	0.0	0	0.0	1663.2459131586365	1	0	1	1.8553702262649603
289281.1899131285	2000.0	1382.0560000296239	0.0	0	0.0	1663.2459131586365	1	0	1	1.8553702262649603
290200.0	2000.0	1463.2459131582054	0.0	0	221.00396075291792	1663.2459131586365	1	0	1	1.8553702262649603
291200.0	2000.0	1463.2459131581386	0.0	0	280.45845432777423	1663.2459131585783	1	0	1	1.8553702262649632
292219.17484246014	2000.0	1444.0710706980149	0.0	0	0.0	1663.2459131585783	1	0	1	1.8553702262649632
293200.0	2000.0	1463.2459131581597	0.0	0	474.791319738375	1663.2459131585783	1	0	1	1.8553702262649632
294200.0	2000.0	1463.2459131580815	0.0	0	332.66641912190244	1663.2459131585783	1	0	1	1.8553702262649632
295554.76307408663	3000.0	1108.4828390715056	0.0	0	0.0	1663.2459131585783	1	0	1	1.8553702262649634
297079.87054529955	2000.0	583.3753678586289	0.0	0	0.0	1663.2459131585783	1	0	1	1.4499051181567986
297685.29397013754	1000.0	977.9519430206312	0.0	0	0.0	1663.2459131586365	1	0	1	0.4690758651450699
298641.7650184161	2000.0	1021.4808947421033	0.0	0	0.0	1663.2459131586365	1	0	1	1.162223045705015
299331.92347842635	2000.0	1331.3224347318687	0.0	0	0.0	1663.2459131585783	1	0	1	1.8553702262649632
300200.0	2000.0	1463.2459131582991	0.0	0	31.114853851031512	1663.2459131586365	1	0	1	1.8553702262649603
3.72	2.66	3.24	3.48	3.01	3.05	3.54	4.31	4.34	4.52	5.05	4.73	3.23	2.17	2.02	2.26	2.28	2.7	2.99	3.07	2.98	3.05	4.15	4.74	4.29	4.05	3.35	1.8	2.24	2.17	2.8	2.34	2.49	2.4	3.23	3.19	1.89	2.35	3.28	4.19	4.38	2.58	1.27	2.07	2.91	3.72	4.1	3.3	4.07	3.27	2.49	3.27	3.98	4.95	3.58	3.32	3.45	2.47	2.78	3.0	3.34	2.9	2.63	2.02	2.21	2.71	3.32	3.54	3.56	2.72	2.41	2.05	2.9	2.96	2.7	2.7	2.88	2.78	3.61	4.41	4.58	2.81	3.03	3.49	3.06	2.84	3.53	4.45	5.03	2.78	2.36	2.75	2.66	2.61	2.44	1.77	2.24	2.8	3.79	3.01	1.9	2.31	2.0	2.06	2.11	2.21	2.12	2.61	2.92	3.9	4.78	5.46	5.42	3.82	2.36	2.59	2.95	2.13	2.47	3.23	3.29	2.39	2.98	2.54	3.08	2.87	2.72	3.36	2.39	1.85	2.03	2.18	1.58	1.52	1.8	1.85	2.09	2.97	3.53	2.7	2.75	3.65	4.22	1.95	1.39	1.66	2.62	2.61	2.5	4.45	3.72	2.66	3.24	3.48	3.01	3.05	3.54	4.31	4.34	4.52	5.05	4.73	3.23	2.17	2.02	2.26	2.28	2.7	2.99	3.07	2.98	3.05	4.15	4.74	4.29	4.05	3.35	1.8	2.24	2.17	2.8	2.34	2.49	2.4	3.23	3.19	1.89	2.35	3.28	4.19	4.38	2.58	1.27	2.07	2.91	3.72	4.1	3.3	4.07	3.27	2.49	3.27	3.98	4.95	3.58	3.32	3.45	2.47	2.78	3.0	3.34	2.9	2.63	2.02	2.21	2.71	3.32	3.54	3.56	2.72	2.41	2.05	2.9	2.96	2.7	2.7	2.88	2.78	3.61	4.41	4.58	2.81	3.03	3.49	3.06	2.84	3.53	4.45	5.03	2.78	2.36	2.75	2.66	2.61	2.44	1.77	2.24	2.8	3.79	3.01	1.9	2.31	2.0	2.06	2.11	2.21	2.12	2.61	2.92	3.9	4.78	5.46	5.42	3.82	2.36	2.59	2.95	2.13	2.47	3.23	3.29	2.39	2.98	2.54	3.08	2.87	2.72	3.36	2.39	1.85	2.03	2.18	1.58	1.52	1.8	1.85	2.09	2.97	3.53	2.7	2.75	3.65	4.22	1.95	1.39	1.66	2.62	2.61	2.5	4.45	3.72	2.66
1.0	2.0	3.0	4.0	5.0	6.0	7.0	8.0	9.0	10.0	11.0	12.0	13.0	14.0	15.0	16.0	17.0	18.0	19.0	20.0	21.0	22.0	23.0	24.0	25.0	26.0	27.0	28.0	29.0	30.0	31.0	32.0	33.0	34.0	35.0	36.0	37.0	38.0	39.0	40.0	41.0	42.0	43.0	44.0	45.0	46.0	47.0	48.0	49.0	50.0	51.0	52.0	53.0	54.0	55.0	56.0	57.0	58.0	59.0	60.0	61.0	62.0	63.0	64.0	65.0	66.0	67.0	68.0	69.0	70.0	71.0	72.0	73.0	74.0	75.0	76.0	77.0	78.0	79.0	80.0	81.0	82.0	83.0	84.0	85.0	86.0	87.0	88.0	89.0	90.0	91.0	92.0	93.0	94.0	95.0	96.0	97.0	98.0	99.0	100.0	101.0	102.0	103.0	104.0	105.0	106.0	107.0	108.0	109.0	110.0	111.0	112.0	113.0	114.0	115.0	116.0	117.0	118.0	119.0	120.0	121.0	122.0	123.0	124.0	125.0	126.0	127.0	128.0	129.0	130.0	131.0	132.0	133.0	134.0	135.0	136.0	137.0	138.0	139.0	140.0	141.0	142.0	143.0	144.0	145.0	146.0	147.0	148.0	149.0	149.0	150.0	151.0	152.0	153.0	154.0	155.0	156.0	157.0	158.0	159.0	160.0	161.0	162.0	163.0	164.0	165.0	166.0	167.0	168.0	169.0	170.0	171.0	172.0	173.0	174.0	175.0	176.0	177.0	178.0	179.0	180.0	181.0	182.0	183.0	184.0	185.0	186.0	187.0	188.0	189.0	190.0	191.0	192.0	193.0	194.0	195.0	196.0	197.0	198.0	199.0	200.0	201.0	202.0	203.0	204.0	205.0	206.0	207.0	208.0	209.0	210.0	211.0	212.0	213.0	214.0	215.0	216.0	217.0	218.0	219.0	220.0	221.0	222.0	223.0	224.0	225.0	226.0	227.0	228.0	229.0	230.0	231.0	232.0	233.0	234.0	235.0	236.0	237.0	238.0	239.0	240.0	241.0	242.0	243.0	244.0	245.0	246.0	247.0	248.0	249.0	250.0	251.0	252.0	253.0	254.0	255.0	256.0	257.0	258.0	259.0	260.0	261.0	262.0	263.0	264.0	265.0	266.0	267.0	268.0	269.0	270.0	271.0	272.0	273.0	274.0	275.0	276.0	277.0	278.0	279.0	280.0	281.0	282.0	283.0	284.0	285.0	286.0	287.0	288.0	289.0	290.0	291.0	292.0	293.0	294.0	295.0	296.0	297.0	298.0	298.0	299.0	300.0
2406.8823110741296
