4241.4828638735025	300.0	2000.0	197.96275895330652	0	0.0	4241.4828638735025	1	0	1	-1.7438597174527901
5355.60727639487	2000.0	1885.8755874786336	0.0	0	0.0	4241.482863873503	1	0	1	-0.5780141286355829
6237.1061005524925	2000.0	1916.2268809052482	0.0	0	0.0	4153.332981457741	1	0	2	0.9532250978771247
7107.915989142933	2000.0	1958.3360034557638	0.0	0	0.0	4066.251992598697	1	0	2	1.1919178588260801
7782.380749318129	2000.0	2216.424767263048	0.0	0	0.0	3998.8055165811784	1	0	2	1.223755859619319
8407.490957554435	2000.0	2528.8035382031117	0.0	0	0.0	3936.2944957575473	1	0	2	1.2497783368903794
9297.793371398975	3000.0	2549.470882974118	0.0	0	0.0	3847.2642543730935	1	0	2	1.2815220166096701
10229.216615397896	3000.0	2524.905314575304	0.0	0	0.0	3754.1219299732	1	0	2	1.7206503261212438
11272.510281195327	2000.0	2377.2822821981285	0.0	0	0.0	3649.7925633934556	1	0	2	0.9448316958134745
11944.215224392281	2000.0	2638.40684468148	0.0	0	0.0	3582.622069073761	1	0	2	1.3742919346379137
13417.841239481832	3000.0	2017.4182280829755	0.0	0	0.0	3435.259467564809	1	0	2	1.410409274150629
14408.863402442723	2000.0	2026.3960651220825	0.0	0	0.0	3435.259467564809	1	0	1	1.0157756761733856
15630.718803207543	2000.0	1804.5406643572612	0.0	0	0.0	3435.259467564807	1	0	1	1.621240784281551
17405.38704041886	2000.0	1029.8724271459473	0.0	0	0.0	3435.2594675648106	1	0	1	1.6212407842815502
17948.152388854152	1000.0	1487.1070787106557	0.0	0	0.0	3435.2594675648124	1	0	1	0.23494642316165934
18987.555564293634	2000.0	1447.7039032711755	0.0	0	0.0	3435.259467564816	1	0	1	0.9280936037216042
20035.307904977544	2000.0	1399.9515625872668	0.0	0	0.0	3435.259467564818	1	0	1	1.6212407842815484
20915.525542808322	2000.0	1519.7339247564867	0.0	0	0.0	3435.259467564818	1	0	1	1.621240784281548
22125.666391611372	2000.0	1309.5930759534363	0.0	0	0.0	3435.2594675648215	1	0	1	1.621240784281547
22664.862670538067	1000.0	1770.3967970267436	0.0	0	0.0	3435.2594675648215	1	0	1	0.23494642316165681
23631.194175094057	2000.0	1804.065292470752	0.0	0	0.0	3435.2594675648215	1	0	1	0.9280936037216019
24470.00368801453	2000.0	1965.2557795502803	0.0	0	0.0	3435.2594675648215	1	0	1	1.621240784281547
25031.285113170692	2000.0	2403.974354394118	0.0	0	0.0	3435.259467564825	1	0	1	1.6212407842815462
25803.80780231537	3000.0	2554.199396334971	0.0	0	0.0	3358.00719865035	1	0	2	1.2361350285754338
27413.114517729155	3000.0	1783.9620093798092	0.0	0	0.0	3197.0765271089767	1	0	2	1.8739113260289073
28349.587091701713	2000.0	1847.4894354072524	0.0	0	0.0	3197.076527108973	1	0	1	1.072879764476759
29407.032911235463	2000.0	1790.0436158735035	0.0	0	0.0	3197.076527108973	1	0	1	1.6783448725849237
30585.293314003426	2000.0	1611.7832131055413	0.0	0	0.0	3197.0765271089767	1	0	1	1.6783448725849228
31117.58501265859	1000.0	2079.491514450373	0.0	0	0.0	3197.0765271089767	1	0	1	0.2920505114650326
32200.65888603637	2000.0	1996.4176410725936	0.0	0	0.0	3197.0765271089767	1	0	1	0.9851976920249776
33068.378766726164	2000.0	2128.697760382788	0.0	0	0.0	3197.076527108966	1	0	1	1.678344872584924
33887.448874624955	2000.0	2309.627652483998	0.0	0	0.0	3197.076527108966	1	0	1	1.6783448725849253
35068.75975648717	2000.0	2128.3167706217882	0.0	0	0.0	3197.0765271089695	1	0	1	1.6783448725849244
36078.3721682266	2000.0	2118.70435888236	0.0	0	0.0	3197.0765271089695	1	0	1	1.6783448725849248
37368.19402303073	2000.0	1828.8825040782235	0.0	0	0.0	3197.0765271089695	1	0	1	1.6783448725849246
38799.73299177093	2000.0	1397.343535338036	0.0	0	0.0	3197.0765271089767	1	0	1	1.6783448725849228
39264.5324345599	1000.0	1932.5440925490625	0.0	0	0.0	3197.0765271089695	1	0	1	0.29205051146503413
40069.97111013104	2000.0	2127.1054169779254	0.0	0	0.0	3197.0765271089695	1	0	1	0.9851976920249794
41154.46968488104	2000.0	2042.6068422279197	0.0	0	0.0	3197.0765271089695	1	0	1	1.6783448725849246
41749.01762912555	2000.0	2448.0588979834088	0.0	0	0.0	3197.0765271089695	1	0	1	1.6783448725849246
42548.185758351436	2000.0	2648.8907687575165	0.0	0	0.0	3197.0765271089695	1	0	1	1.6783448725849246
43389.64951167779	2000.0	2807.4270154311675	0.0	0	0.0	3197.0765271089695	1	0	1	1.6783448725849246
45138.30619786388	2000.0	2058.770329245079	0.0	0	0.0	3197.0765271089695	1	0	1	1.6783448725849246
46091.13184683085	2000.0	2105.944680278106	0.0	0	0.0	3197.0765271089695	1	0	1	1.6783448725849246
46574.18047503331	2000.0	2622.896052075651	0.0	0	0.0	3197.0765271089695	1	0	1	1.6783448725849246
47200.0	2000.0	2997.0765271089585	0.0	0	11.68609590804408	3197.0765271089767	1	0	1	1.6783448725849228
48200.0	2000.0	2997.076527108953	0.0	0	178.5015958183576	3197.0765271089767	1	0	1	1.6783448725849228
49691.87525751091	2000.0	2505.201269598036	0.0	0	0.0	3197.0765271089695	1	0	1	1.6783448725849246
51003.13412613653	2000.0	2193.9424009724125	0.0	0	0.0	3197.0765271089695	1	0	1	1.6783448725849246
52091.91640479262	2000.0	2105.160122316325	0.0	0	0.0	3197.0765271089695	1	0	1	1.6783448725849246
52973.19969824922	2000.0	2223.876828859727	0.0	0	0.0	3197.0765271089767	1	0	1	1.6783448725849228
53803.2817117722	2000.0	2393.7948153367493	0.0	0	0.0	3197.076527108984	1	0	1	1.6783448725849213
55072.963073371466	3000.0	1997.1453175775566	0.0	0	0.0	3070.1083909490626	1	0	2	1.297297922364904
55904.05835689942	2000.0	2166.0500340495987	0.0	0	0.0	3070.1083909490626	1	0	1	1.0987632052195355
56870.579530154995	2000.0	2199.5288607940274	0.0	0	0.0	3070.1083909490626	1	0	1	1.7042283133277003
57532.30273630492	2000.0	2537.805654644101	0.0	0	0.0	3070.1083909490626	1	0	1	1.7042283133277003
58280.293466569245	2000.0	2789.814924379772	0.0	0	0.0	3070.10839094907	1	0	1	1.704228313327699
59310.997577049486	3000.0	2656.0404028515077	0.0	0	0.0	2967.0379799010407	1	0	2	1.3176355321608872
60200.0	2000.0	2767.037979900991	0.0	0	160.23259245006193	2967.0379799010407	1	0	1	1.1177102581461344
61696.36637924573	3000.0	2121.0349627306896	0.0	0	0.0	2817.401341976474	1	0	2	1.3415453955958037
62740.66996467726	2000.0	2076.731377299162	0.0	0	0.0	2817.4013419764815	1	0	1	1.142241997351299
63368.29997768199	2000.0	2449.1013642944367	0.0	0	0.0	2817.4013419764815	1	0	1	1.7477071054594637
64421.49067942672	2000.0	2395.9106625497056	0.0	0	0.0	2817.4013419764815	1	0	1	1.7477071054594637
65338.32625430748	2000.0	2479.0750876689444	0.0	0	0.0	2817.4013419764815	1	0	1	1.7477071054594637
66200.0	2000.0	2617.401341976436	0.0	0	12.309486817510333	2817.4013419764888	1	0	1	1.7477071054594624
67200.0	3000.0	2517.4013419764283	0.0	0	176.14832437803852	2717.4013419764815	1	0	2	1.3574867660509795
68200.0	2000.0	2517.4013419764055	0.0	0	330.25665990868583	2717.4013419764524	1	0	1	1.1568533448997689
69200.0	2000.0	2517.4013419764196	0.0	0	266.4866703216394	2717.4013419764524	1	0	1	1.7623184530079352
70578.98352195852	3000.0	2000.5194678220523	0.0	0	0.0	2579.502989780609	1	0	2	1.376234431839627
71397.65416847759	2000.0	2181.8488213029973	0.0	0	0.0	2579.502989780609	1	0	1	1.1749014205660946
72368.72264845489	2000.0	2210.780341325675	0.0	0	0.0	2579.502989780609	1	0	1	1.7803665286742594
73504.68342970728	2000.0	2074.8195600732956	0.0	0	0.0	2579.502989780609	1	0	1	1.7803665286742594
74200.0	2000.0	2379.5029897805834	0.0	0	63.342219884551014	2579.502989780609	1	0	1	1.7803665286742594
75408.61776256334	2000.0	2170.885227217247	0.0	0	0.0	2579.502989780609	1	0	1	1.7803665286742594
77031.34983123474	2000.0	1548.153158545851	0.0	0	0.0	2579.502989780609	1	0	1	1.7803665286742594
77721.63980603726	2000.0	1857.8631837433416	0.0	0	0.0	2579.502989780609	1	0	1	1.7803665286742594
78458.39509930449	2000.0	2121.1078904761216	0.0	0	0.0	2579.502989780609	1	0	1	1.7803665286742594
79200.0	2000.0	2379.5029897806075	0.0	0	114.02159880296676	2579.502989780609	1	0	1	1.7803665286742594
80200.0	3000.0	2279.502989780594	0.0	0	104.24731426686049	2479.5029897805944	1	0	2	1.3882425409541495
81200.0	2000.0	2279.5029897805807	0.0	0	83.6215295898437	2479.502989780609	1	0	1	1.1866068828155576
82237.57708528891	2000.0	2241.925904491663	0.0	0	0.0	2479.502989780609	1	0	1	1.7920719909237224
83200.0	2000.0	2279.5029897805753	0.0	0	54.57445040431048	2479.5029897806235	1	0	1	1.7920719909237208
84340.71319584854	3000.0	2024.718474347188	0.0	0	0.0	2365.431670195787	1	0	2	1.4006538708331124
85200.0	2000.0	2079.502989780593	0.0	0	228.858300011736	2279.5029897806526	1	0	2	1.2038080981719421
86245.4127963562	2000.0	2034.0901934243975	0.0	0	0.0	2279.5029897806526	1	0	1	1.612414079265236
87734.70391434075	2000.0	1544.7990754398606	0.0	0	0.0	2279.5029897806526	1	0	1	1.8124140792652361
88278.3477214446	1000.0	2001.155268335987	0.0	0	0.0	2279.502989780638	1	0	1	0.426119718145347
89568.37884256816	2000.0	1711.12414721244	0.0	0	0.0	2279.5029897806526	1	0	1	1.1192668987052907
90366.65601040119	2000.0	1912.846979379418	0.0	0	0.0	2279.5029897806526	1	0	1	1.8124140792652361
91249.14526926416	2000.0	2030.357720516458	0.0	0	0.0	2279.502989780667	1	0	1	1.8124140792652346
92200.0	2000.0	2079.5029897806116	0.0	0	69.055125284096	2279.502989780667	1	0	1	1.8124140792652346
93200.0	2000.0	2079.5029897806244	0.0	0	52.549788619959145	2279.502989780667	1	0	1	1.8124140792652346
94307.98924229409	2000.0	1971.5137474865285	0.0	0	0.0	2279.502989780667	1	0	1	1.8124140792652346
95339.42120893863	2000.0	1940.0817808419927	0.0	0	0.0	2279.502989780667	1	0	1	1.8124140792652346
96200.0	2000.0	2079.50298978063	0.0	0	77.66039988974808	2279.502989780667	1	0	1	1.8124140792652346
97200.0	2000.0	2079.5029897806317	0.0	0	90.02435090928338	2279.502989780667	1	0	1	1.8124140792652346
98200.0	2000.0	2079.502989780636	0.0	0	162.9992621049605	2279.502989780667	1	0	1	1.8124140792652346
99200.0	2000.0	1979.5029897806357	0.0	0	103.36919126087741	2179.502989780667	1	0	2	1.418598228250421
100220.78625476398	2000.0	1856.6381095402653	0.0	0	0.0	2077.4243643042864	1	0	2	1.627335532872021
101200.0	2000.0	1877.424364304232	0.0	0	108.52898676168115	2077.424364304272	1	0	1	1.629386433501443
102474.91838676164	2000.0	1602.505977542594	0.0	0	0.0	2077.424364304272	1	0	1	1.8293864335014431
103903.4089156866	2000.0	1174.015448617618	0.0	0	0.0	2077.424364304272	1	0	1	1.8293864335014431
105125.28260934084	2000.0	952.1417549633672	0.0	0	0.0	2077.424364304272	1	0	1	1.8293864335014431
105936.57944872501	2000.0	1140.8449155791782	0.0	0	0.0	2077.424364304272	1	0	1	1.8293864335014431
107082.74095806992	2000.0	994.6834062342826	0.0	0	0.0	2077.424364304272	1	0	1	1.8293864335014431
108536.74578880359	2000.0	540.6785755006164	0.0	0	0.0	2077.424364304272	1	0	1	1.8293864335014431
109003.0005747874	1000.0	1074.4237895167962	0.0	0	0.0	2077.424364304272	1	0	1	0.443092072381553
110060.07969378516	2000.0	1017.3446705190369	0.0	0	0.0	2077.424364304272	1	0	1	1.136239252941498
111119.50160210245	2000.0	957.9227622017329	0.0	0	0.0	2077.424364304272	1	0	1	1.8293864335014431
111906.63090946205	2000.0	1170.7934548421285	0.0	0	0.0	2077.424364304272	1	0	1	1.8293864335014431
112840.3384076856	2000.0	1237.0859566185813	0.0	0	0.0	2077.424364304272	1	0	1	1.8293864335014431
113781.09018972561	2000.0	1296.3341745785685	0.0	0	0.0	2077.424364304272	1	0	1	1.8293864335014431
114528.19967061776	2000.0	1549.2246936864183	0.0	0	0.0	2077.424364304272	1	0	1	1.8293864335014431
115693.7325377742	2000.0	1383.6918265299933	0.0	0	0.0	2077.424364304272	1	0	1	1.8293864335014431
116510.14053573234	2000.0	1567.2838285718335	0.0	0	0.0	2077.4243643042573	1	0	1	1.8293864335014443
117256.64555969945	2000.0	1820.7788046047438	0.0	0	0.0	2077.4243643042573	1	0	1	1.8293864335014443
118200.0	2000.0	1877.4243643042114	0.0	0	334.17216904473025	2077.4243643042573	1	0	1	1.8293864335014443
119200.0	3000.0	1777.4243643041943	0.0	0	468.32144210796105	1977.4243643042282	1	0	2	1.4339011945041993
120200.0	3000.0	1777.4243643041996	0.0	0	248.7785856811679	1977.4243643042282	1	0	1	2.042108497320752
121269.73007935051	2000.0	1707.694284953688	0.0	0	179.54921000760805	1977.4243643042428	1	0	1	1.4311782811044216
122981.47206285139	2000.0	995.9523014528191	0.0	0	0.0	1977.4243643042428	1	0	1	1.8366433892125862
124340.41860690225	1000.0	637.0057574019556	0.0	0	0.0	1977.4243643042573	1	0	1	0.45034902809269495
125233.62366764611	1000.0	743.800696658108	0.0	0	0.0	1977.4243643042573	1	0	1	1.1434962086526401
125947.47771083839	1000.0	1029.9466534658432	0.0	0	0.0	1977.4243643042573	1	0	1	1.1434962086526401
126941.91078412272	1000.0	1035.5135801815009	0.0	0	0.0	1977.4243643042573	1	0	1	1.1434962086526401
127623.10931424389	1000.0	1354.3150500603251	0.0	0	0.0	1977.4243643042428	1	0	1	1.143496208652641
128251.20194005522	1000.0	1726.2224242489983	0.0	0	0.0	1977.4243643042428	1	0	1	1.143496208652641
129200.0	2000.0	1777.4243643042291	0.0	0	127.40355819437536	1977.4243643042428	1	0	1	1.1434962086526408
130294.53453641571	2000.0	1682.8898278885222	0.0	0	0.0	1977.4243643042428	1	0	1	1.8366433892125862
131200.0	2000.0	1777.4243643042403	0.0	0	171.58220794136287	1977.4243643042428	1	0	1	1.8366433892125862
132256.73197623517	2000.0	1720.692388069077	0.0	0	0.0	1977.4243643042428	1	0	1	1.8366433892125853
133612.08941881778	2000.0	1365.3349454864974	0.0	0	0.0	1977.4243643042573	1	0	1	1.8366433892125853
134640.2691072847	2000.0	1337.1552570195904	0.0	0	0.0	1977.4243643042573	1	0	1	1.8366433892125853
135782.93047454715	2000.0	1194.493889757153	0.0	0	0.0	1977.4243643042282	1	0	1	1.836643389212587
136456.4595021445	1000.0	1520.9648621597835	0.0	0	0.0	1977.4243643041991	1	0	1	0.45034902809269883
137260.1923462329	2000.0	1717.2320180713766	0.0	0	0.0	1977.4243643041991	1	0	1	1.143496208652644
138200.0	2000.0	1777.4243643042935	0.0	0	177.43221018469194	1977.4243643041991	1	0	1	1.836643389212589
139703.53391394825	2000.0	1273.8904503560448	0.0	0	0.0	1977.4243643041991	1	0	1	1.836643389212589
141387.9241121599	2000.0	589.5002521443464	0.0	0	0.0	1977.4243643041991	1	0	1	1.836643389212589
142103.54065325385	1000.0	873.8837110504217	0.0	0	0.0	1977.4243643041991	1	0	1	0.45034902809269883
142665.87646364077	1000.0	1311.547900663504	0.0	0	0.0	1977.4243643041991	1	0	1	1.143496208652644
144065.7122760806	2000.0	911.712088223668	0.0	0	0.0	1977.4243643041991	1	0	1	1.143496208652644
144745.76041557043	1000.0	1231.6639487338412	0.0	0	0.0	1977.4243643041991	1	0	1	0.45034902809269883
146353.675061186	2000.0	623.7493031182762	0.0	0	0.0	1977.4243643041991	1	0	1	1.143496208652644
147064.15987991326	1000.0	913.2644843909936	0.0	0	0.0	1977.42436430417	1	0	1	0.4503490280927009
147772.15511888635	1000.0	1205.2692454179362	0.0	0	0.0	1977.42436430417	1	0	1	1.1434962086526461
149055.49485833885	2000.0	921.9295059654565	0.0	0	0.0	1977.4243643041991	1	0	1	1.143496208652644
149726.61794440736	1000.0	1250.8064198969068	0.0	0	0.0	1977.4243643041991	1	0	1	0.45034902809269883
150239.37236838727	1000.0	1738.0519959170085	0.0	0	0.0	1977.42436430417	1	0	1	1.1434962086526461
151370.6990823811	2000.0	1606.7252819231833	0.0	0	0.0	1977.4243643041991	1	0	1	1.143496208652644
152364.5532600295	2000.0	1612.8711042747705	0.0	0	0.0	1977.4243643042282	1	0	1	1.836643389212587
153249.11765938162	2000.0	1728.3067049226424	0.0	0	0.0	1977.4243643041991	1	0	1	1.836643389212589
154423.18515187164	2000.0	1554.2392124326116	0.0	0	0.0	1977.42436430417	1	0	1	1.836643389212591
155690.78805901404	2000.0	1286.63630529018	0.0	0	0.0	1977.4243643041991	1	0	1	1.836643389212589
156737.6894563111	2000.0	1239.7349079931137	0.0	0	0.0	1977.4243643041991	1	0	1	1.836643389212589
157581.95147695916	2000.0	1395.4728873450874	0.0	0	0.0	1977.4243643041991	1	0	1	1.836643389212589
158200.0	2000.0	1777.4243643042464	0.0	0	4.230841346055968	1977.4243643041991	1	0	1	1.836643389212589
159200.0	2000.0	1777.4243643042519	0.0	0	165.49386203009635	1977.4243643042282	1	0	1	1.836643389212587
160200.0	2000.0	1777.4243643042582	0.0	0	10.624284638732206	1977.4243643042282	1	0	1	1.836643389212587
161200.0	2000.0	1777.4243643042514	0.0	0	97.42799185181502	1977.4243643042282	1	0	1	1.836643389212587
162200.0	2000.0	1777.4243643042594	0.0	0	85.87454182864167	1977.4243643042573	1	0	1	1.8366433892125866
163200.0	2000.0	1777.4243643042605	0.0	0	289.1781206483429	1977.4243643042864	1	0	1	1.836643389212583
164399.79704297162	2000.0	1577.6273213326426	0.0	0	0.0	1977.4243643042573	1	0	1	1.8366433892125844
165548.32124003037	2000.0	1429.1031242739011	0.0	0	0.0	1977.4243643042864	1	0	1	1.8366433892125835
166203.17241011243	1000.0	1774.2519541918364	0.0	0	0.0	1977.4243643042864	1	0	1	0.45034902809269284
167200.0	2000.0	1777.4243643042603	0.0	0	36.11838194887969	1977.4243643042864	1	0	1	1.143496208652638
168200.0	2000.0	1777.4243643042232	0.0	0	341.24695088531007	1977.4243643042573	1	0	1	1.8366433892125853
169200.0	2000.0	1777.4243643041941	0.0	0	226.523891983903	1977.4243643042573	1	0	1	1.8366433892125853
170402.1012354673	2000.0	1575.3231288368665	0.0	0	0.0	1977.4243643042573	1	0	1	1.8366433892125853
171468.59331017884	2000.0	1508.8310541253138	0.0	0	0.0	1977.4243643042282	1	0	1	1.836643389212587
172223.12833413624	2000.0	1754.296030167913	0.0	0	0.0	1977.4243643042282	1	0	1	1.836643389212587
173200.0	2000.0	1777.4243643041416	0.0	0	318.97011948772706	1977.4243643042282	1	0	1	1.836643389212587
174200.0	2000.0	1777.4243643041264	0.0	0	405.34348163264804	1977.4243643042282	1	0	1	1.836643389212587
175546.63734599936	3000.0	1296.1232837048099	0.0	0	0.0	1842.7606297042512	1	0	2	1.4427240073810974
176575.1471483514	2000.0	1267.6134813527874	0.0	0	0.0	1842.7606297042512	1	0	1	1.2399072330953238
177511.51549830526	2000.0	1331.245131398902	0.0	0	0.0	1842.7606297042803	1	0	1	1.8453723412034866
178629.2045477019	2000.0	1213.5560820022602	0.0	0	0.0	1842.7606297042803	1	0	1	1.8453723412034866
179456.79797981883	1000.0	1385.9626498853368	0.0	0	0.0	1842.7606297042803	1	0	1	0.45907798008359657
180200.0	1000.0	1642.7606297042073	0.0	0	180.76529490607209	1842.7606297042803	1	0	1	1.1522251606435416
181572.5716127467	2000.0	1270.1890169574951	0.0	0	0.0	1842.7606297042803	1	0	1	1.1522251606435416
182342.04242953472	2000.0	1500.7182001694478	0.0	0	0.0	1842.7606297042803	1	0	1	1.8453723412034866
183200.0	2000.0	1642.7606297041502	0.0	0	24.04966980154859	1842.7606297042803	1	0	1	1.8453723412034866
184200.0	2000.0	1642.7606297041616	0.0	0	7.96424233095604	1842.7606297042803	1	0	1	1.8453723412034866
185378.9230492151	2000.0	1463.837580489072	0.0	0	0.0	1842.7606297042803	1	0	1	1.8453723412034866
186887.60681058886	2000.0	955.1538191153138	0.0	0	0.0	1842.7606297042803	1	0	1	1.8453723412034866
187599.12795527032	1000.0	1243.6326744338471	0.0	0	0.0	1842.7606297042803	1	0	1	0.45907798008359657
188369.11702773234	2000.0	1473.643601971827	0.0	0	0.0	1842.7606297042803	1	0	1	1.1522251606435416
189528.85300872536	2000.0	1313.9076209788	0.0	0	0.0	1842.7606297043094	1	0	1	1.845372341203485
190336.70871584138	2000.0	1506.0519138627676	0.0	0	0.0	1842.7606297043094	1	0	1	1.845372341203485
191269.5761195203	2000.0	1573.1845101838685	0.0	0	0.0	1842.7606297043094	1	0	1	1.845372341203485
192200.0	2000.0	1642.7606297041511	0.0	0	163.1517597308848	1842.7606297043094	1	0	1	1.845372341203485
193401.12416790833	2000.0	1441.6364617958097	0.0	0	0.0	1842.7606297043094	1	0	1	1.845372341203485
194284.57018538445	2000.0	1558.1904443197227	0.0	0	0.0	1842.7606297043094	1	0	1	1.845372341203485
195268.26589173835	2000.0	1574.4947379658004	0.0	0	0.0	1842.7606297043094	1	0	1	1.845372341203485
196200.0	2000.0	1642.7606297041423	0.0	0	144.9975149651873	1842.7606297043094	1	0	1	1.845372341203485
197200.0	2000.0	1642.760629704137	0.0	0	260.80636953536305	1842.7606297043094	1	0	1	1.845372341203485
198205.84304058892	2000.0	1636.9175891152092	0.0	0	0.0	1842.7606297043094	1	0	1	1.845372341203485
199542.14898184774	2000.0	1300.6116478564134	0.0	0	0.0	1842.7606297043094	1	0	1	1.845372341203485
200431.3775809814	2000.0	1411.3830487227467	0.0	0	0.0	1842.7606297042803	1	0	1	1.8453723412034866
201464.76396642925	2000.0	1377.9966632748826	0.0	0	0.0	1842.7606297042803	1	0	1	1.8453723412034866
202201.39561488896	2000.0	1641.3650148151896	0.0	0	0.0	1842.7606297042803	1	0	1	1.8453723412034866
203200.0	2000.0	1642.7606297041532	0.0	0	477.88003461863264	1842.7606297042803	1	0	1	1.8453723412034866
204200.0	2000.0	1642.7606297041332	0.0	0	260.48604931109	1842.7606297042803	1	0	1	1.8453723412034866
205439.93371466798	2000.0	1402.826915036193	0.0	0	0.0	1842.7606297043385	1	0	1	1.845372341203484
206214.41550891378	2000.0	1628.345120790387	0.0	0	0.0	1842.7606297043094	1	0	1	1.845372341203485
207200.0	2000.0	1642.7606297041295	0.0	0	324.842899919342	1842.7606297043094	1	0	1	1.845372341203485
208200.0	2000.0	1642.7606297041389	0.0	0	242.30122658258188	1842.7606297043094	1	0	1	1.845372341203485
209200.0	2000.0	1642.7606297041475	0.0	0	295.4511905911204	1842.7606297042803	1	0	1	1.8453723412034866
210200.0	2000.0	1642.7606297041798	0.0	0	21.509023845777847	1842.7606297042803	1	0	1	1.8453723412034866
211200.0	2000.0	1642.7606297041496	0.0	0	63.2164113210456	1842.7606297042512	1	0	1	1.8453723412034875
212384.14420901772	2000.0	1458.6164206864448	0.0	0	0.0	1842.7606297042803	1	0	1	1.845372341203487
213200.0	2000.0	1642.760629704169	0.0	0	116.7743379441672	1842.7606297042803	1	0	1	1.8453723412034866
214309.5920355002	2000.0	1533.1685942040108	0.0	0	0.0	1842.7606297042803	1	0	1	1.8453723412034866
215200.0	2000.0	1642.7606297042173	0.0	0	63.456300955149345	1842.7606297042803	1	0	1	1.8453723412034866
216200.0	2000.0	1642.7606297041718	0.0	0	278.8013275307894	1842.7606297042803	1	0	1	1.8453723412034866
217366.0695361867	2000.0	1476.6910935174903	0.0	0	0.0	1842.7606297043094	1	0	1	1.845372341203485
218387.72676445503	2000.0	1455.0338652491228	0.0	0	0.0	1842.7606297042803	1	0	1	1.8453723412034861
219206.41489811457	2000.0	1636.3457315896062	0.0	0	0.0	1842.7606297042803	1	0	1	1.8453723412034866
220212.90135572184	2000.0	1629.859273982345	0.0	0	0.0	1842.7606297042803	1	0	1	1.8453723412034857
221200.0	2000.0	1642.760629704172	0.0	0	130.87439748481847	1842.7606297042512	1	0	1	1.8453723412034875
222200.0	2000.0	1642.760629704191	0.0	0	103.0629878527543	1842.7606297042512	1	0	1	1.8453723412034886
223200.0	2000.0	1642.7606297041768	0.0	0	45.78668437426677	1842.7606297042512	1	0	1	1.8453723412034893
224219.04249114983	2000.0	1623.7181385543586	0.0	0	68.63280006652349	1842.7606297042512	1	0	1	1.8453723412034886
225618.3156982332	2000.0	1224.4449314709811	0.0	0	0.0	1842.760629704222	1	0	1	1.8453723412034904
226384.6105708444	2000.0	1458.1500588597619	0.0	0	0.0	1842.760629704222	1	0	1	1.8453723412034904
227200.0	2000.0	1642.7606297041493	0.0	0	63.89736867073225	1842.760629704222	1	0	1	1.8453723412034913
228200.0	2000.0	1642.7606297041323	0.0	0	406.117449327081	1842.760629704222	1	0	1	1.8453723412034904
229200.0	2000.0	1642.7606297041336	0.0	0	48.145538227807265	1842.760629704222	1	0	1	1.8453723412034904
230200.0	2000.0	1642.7606297041493	0.0	0	142.99078157244367	1842.760629704222	1	0	1	1.8453723412034904
231200.0	2000.0	1642.7606297041266	0.0	0	67.72097202658188	1842.760629704222	1	0	1	1.8453723412034913
232200.0	2000.0	1642.7606297041068	0.0	0	116.21404488250846	1842.760629704193	1	0	1	1.845372341203491
233200.0	2000.0	1642.76062970409	0.0	0	493.5500247205782	1842.7606297041639	1	0	1	1.845372341203494
234200.0	2000.0	1642.7606297040859	0.0	0	202.89806821005186	1842.7606297041348	1	0	1	1.8453723412034955
235435.3858154222	2000.0	1407.3748142818908	0.0	0	0.0	1842.7606297041057	1	0	1	1.845372341203497
236975.32680940852	2000.0	867.4338202955385	0.0	0	0.0	1842.7606297041057	1	0	1	1.8453723412034975
237534.75559658813	1000.0	1308.0050331159377	0.0	0	0.0	1842.7606297041057	1	0	1	0.4590779800836071
238340.79511515648	2000.0	1501.9655145476004	0.0	0	0.0	1842.7606297041057	1	0	1	1.1522251606435523
239368.79748966428	2000.0	1473.9631400398016	0.0	0	0.0	1842.7606297041057	1	0	1	1.8453723412034975
240200.0	2000.0	1642.7606297040948	0.0	0	131.2970364492503	1842.7606297041057	1	0	1	1.8453723412034975
241200.0	2000.0	1642.7606297040645	0.0	0	105.5004466958344	1842.7606297041057	1	0	1	1.8453723412034975
242200.0	2000.0	1642.7606297040659	0.0	0	364.82865813645185	1842.7606297040766	1	0	1	1.8453723412034992
243200.0	2000.0	1642.7606297040877	0.0	0	216.1526055992581	1842.7606297040766	1	0	1	1.8453723412034992
244250.69214599818	2000.0	1592.0684837059302	0.0	0	0.0	1842.7606297041348	1	0	1	1.8453723412034964
245291.88412133238	2000.0	1550.8765083717412	0.0	0	0.0	1842.7606297041348	1	0	1	1.8453723412034955
246202.2129448938	2000.0	1640.5476848102908	0.0	0	0.0	1842.7606297041057	1	0	1	1.8453723412034966
247200.0	2000.0	1642.7606297040722	0.0	0	240.4631483865669	1842.7606297041057	1	0	1	1.8453723412034975
248200.0	2000.0	1642.7606297040784	0.0	0	288.6457875368942	1842.7606297041057	1	0	1	1.8453723412034975
249271.2290777544	2000.0	1571.5315519496658	0.0	0	0.0	1842.7606297041057	1	0	1	1.8453723412034975
250200.0	2000.0	1642.7606297040659	0.0	0	69.47009612483089	1842.7606297041348	1	0	1	1.8453723412034968
251570.86353940036	2000.0	1271.8970903036723	0.0	0	0.0	1842.7606297041057	1	0	1	1.845372341203497
252366.2499864418	1000.0	1476.5106432622533	0.0	0	0.0	1842.7606297041057	1	0	1	0.4590779800836071
253602.62659074966	2000.0	1240.1340389544023	0.0	0	0.0	1842.7606297041057	1	0	1	1.1522251606435523
254333.89302251444	2000.0	1508.8676071895845	0.0	0	0.0	1842.7606297041057	1	0	1	1.8453723412034975
255200.0	2000.0	1642.7606297040038	0.0	0	272.46029260143405	1842.7606297041057	1	0	1	1.8453723412034975
256418.75145580235	2000.0	1424.009173901659	0.0	0	0.0	1842.7606297041057	1	0	1	1.8453723412034975
257676.15884939666	2000.0	1166.6017803073655	0.0	0	0.0	1842.7606297041057	1	0	1	1.8453723412034975
258864.78085817365	2000.0	977.9797715303755	0.0	0	0.0	1842.7606297041057	1	0	1	1.8453723412034975
259642.08382349758	2000.0	1200.6768062064398	0.0	0	0.0	1842.7606297041057	1	0	1	1.8453723412034975
260591.8309835528	2000.0	1250.9296461512322	0.0	0	0.0	1842.7606297041057	1	0	1	1.8453723412034975
261526.38513487714	2000.0	1316.375494826897	0.0	0	0.0	1842.7606297041348	1	0	1	1.8453723412034955
262453.2092185977	2000.0	1389.5514111063276	0.0	0	0.0	1842.7606297041348	1	0	1	1.8453723412034955
263200.0	2000.0	1642.7606297040002	0.0	0	9.932852339930832	1842.7606297041057	1	0	1	1.8453723412034966
264200.0	2000.0	1642.7606297039938	0.0	0	199.99799392692512	1842.7606297041057	1	0	1	1.8453723412034981
265200.0	2000.0	1642.7606297039829	0.0	0	205.62730603147065	1842.7606297041057	1	0	1	1.8453723412034975
266200.0	2000.0	1642.7606297039285	0.0	0	301.3280466105207	1842.7606297041057	1	0	1	1.8453723412034975
267200.0	2000.0	1642.7606297038737	0.0	0	446.161248843011	1842.7606297040475	1	0	1	1.8453723412035008
268200.0	3000.0	1542.760629703817	0.0	0	422.9077990015503	1742.7606297041057	1	0	2	1.448981595064347
269200.0	3000.0	1542.760629703822	0.0	0	68.65767521969974	1742.7606297041057	1	0	1	2.0566211880044345
270308.05722112686	2000.0	1434.7034085769724	0.0	0	61.6647800275241	1742.7606297041057	1	0	1	1.4456909717881055
273328.1631611387	2000.0	200.0	785.4025314348512	0	0.0	2528.163161138713	1	0	1	-2.891511307531751
273886.55101468303	500.0	734.3689075880974	92.75676113238785	0	0.0	2620.919922271103	1	0	1	-1.5539416106419182
274521.3795690877	1000.0	1099.5403531834468	0.0	0	0.0	2620.919922271103	1	0	1	0.38889331727229937
275342.17922826373	1000.0	1278.7406940074682	0.0	0	0.0	2620.919922271103	1	0	1	1.0820404978322447
276011.85081161564	1000.0	1609.069110655595	0.0	0	0.0	2620.919922271103	1	0	1	1.0820404978322447
276768.8699249752	1000.0	1852.0499972960863	0.0	0	0.0	2620.9199222711613	1	0	1	1.0820404978322373
277661.14176065323	2000.0	1959.778161618045	0.0	0	0.0	2620.919922271103	1	0	1	1.0820404978322449
278912.34953034716	2000.0	1708.5703919241303	0.0	0	0.0	2620.919922271045	1	0	1	1.7751876783921914
279953.18641262554	2000.0	1667.733509645705	0.0	0	0.0	2620.9199222709867	1	0	1	1.7751876783922047
280763.7767811844	2000.0	1857.1431410867515	0.0	0	0.0	2620.9199222709867	1	0	1	1.7751876783922047
282087.34342118463	2000.0	1533.5765010865987	0.0	0	0.0	2620.919922271045	1	0	1	1.7751876783921972
283056.9840723005	1000.0	1563.9358499707344	0.0	0	0.0	2620.919922271045	1	0	1	0.38889331727230686
284109.1117923273	2000.0	1511.8081299439336	0.0	0	0.0	2620.919922271045	1	0	1	1.0820404978322564
285332.3517472054	2000.0	1288.5681750657932	0.0	0	0.0	2620.919922271045	1	0	1	1.7751876783921972
286254.2764746228	2000.0	1366.6434476484537	0.0	0	0.0	2620.919922271045	1	0	1	1.7751876783921972
287376.35343356367	2000.0	1244.566488707574	0.0	0	0.0	2620.9199222709867	1	0	1	1.7751876783922034
288543.22703569167	2000.0	1077.6928865795821	0.0	0	0.0	2620.919922271045	1	0	1	1.7751876783921987
289443.3746141562	1000.0	1177.5453081150913	0.0	0	0.0	2620.919922271045	1	0	1	0.38889331727230686
290209.7630939165	1000.0	1411.156828354775	0.0	0	0.0	2620.919922271045	1	0	1	1.082040497832252
290806.08713505924	1000.0	1814.8327872121818	0.0	0	0.0	2620.919922271103	1	0	1	1.0820404978322447
291338.600444442	1000.0	2282.3194778294055	0.0	0	0.0	2620.919922271103	1	0	1	1.0820404978322447
292823.7989898439	2000.0	1797.1209324275374	0.0	0	0.0	2620.919922271103	1	0	1	1.0820404978322449
293985.59630633297	2000.0	1635.323615938414	0.0	0	0.0	2620.919922271103	1	0	1	1.7751876783921898
295962.96013407793	2000.0	657.9597881934967	0.0	0	0.0	2620.919922271103	1	0	1	1.7751876783921898
296781.83172172285	1000.0	839.0882005485358	0.0	0	0.0	2620.919922271103	1	0	1	0.3888933172722996
297662.18659951264	1000.0	958.7333227587618	0.0	0	0.0	2620.919922271045	1	0	1	1.082040497832252
298243.56126828975	1000.0	1377.3586539816408	0.0	0	0.0	2620.919922271045	1	0	1	1.082040497832252
299032.5617846124	1000.0	1588.3581376589582	0.0	0	0.0	2620.919922271045	1	0	1	1.082040497832252
299945.45110026613	2000.0	1675.4688220053033	0.0	0	0.0	2620.919922271045	1	0	1	1.082040497832252
300999.5833715605	2000.0	1621.336550710949	0.0	0	0.0	2620.9199222709285	1	0	1	1.7751876783922063
2.29	1.67	2.27	2.66	3.23	3.24	2.65	2.64	2.69	2.65	2.18	1.93	1.23	1.83	2.57	1.9	2.28	1.97	1.92	2.75	3.39	3.45	2.34	1.99	1.68	1.58	1.25	2.02	1.98	2.04	1.93	2.05	1.61	1.66	1.64	2.22	2.48	2.63	2.81	1.47	1.44	2.25	3.22	2.4	1.56	1.74	1.56	2.17	3.03	3.35	2.56	1.88	2.41	3.09	3.49	2.22	2.35	2.53	1.68	2.78	1.91	2.35	3.16	2.62	2.05	2.42	2.68	1.85	1.83	2.42	2.72	1.42	1.67	2.31	3.17	3.31	1.92	2.33	2.72	3.53	2.9	1.93	1.56	1.15	1.82	2.12	2.7	1.81	2.5	2.39	2.36	2.19	2.59	2.88	2.98	2.65	2.28	1.77	1.41	1.88	1.99	2.68	2.41	2.04	1.74	2.09	2.54	2.5	2.36	2.78	2.31	2.19	2.97	3.65	4.7	4.66	2.73	1.05	0.83	0.66	1.1	1.7	1.23	1.63	2.04	1.59	2.31	2.75	1.67	1.34	1.87	1.83	2.09	2.53	2.21	1.26	1.02	1.4	1.71	1.81	1.89	1.08	1.48	1.66	1.47	1.33	1.99	1.99	2.68	2.35	2.29	1.67	2.27	2.66	3.23	3.24	2.65	2.64	2.69	2.65	2.18	1.93	1.23	1.83	2.57	1.9	2.28	1.97	1.92	2.75	3.39	3.45	2.34	1.99	1.68	1.58	1.25	2.02	1.98	2.04	1.93	2.05	1.61	1.66	1.64	2.22	2.48	2.63	2.81	1.47	1.44	2.25	3.22	2.4	1.56	1.74	1.56	2.17	3.03	3.35	2.56	1.88	2.41	3.09	3.49	2.22	2.35	2.53	1.68	2.78	1.91	2.35	3.16	2.62	2.05	2.42	2.68	1.85	1.83	2.42	2.72	1.42	1.67	2.31	3.17	3.31	1.92	2.33	2.72	3.53	2.9	1.93	1.56	1.15	1.82	2.12	2.7	1.81	2.5	2.39	2.36	2.19	2.59	2.88	2.98	2.65	2.28	1.77	1.41	1.88	1.99	2.68	2.41	2.04	1.74	2.09	2.54	2.5	2.36	2.78	2.31	2.19	2.97	3.65	4.7	4.66	2.73	1.05	0.83	0.66	1.1	1.7	1.23	1.63	2.04	1.59	2.31	2.75	1.67	1.34	1.87	1.83	2.09	2.53	2.21	1.26	1.02	1.4	1.71	1.81	1.89	1.08	1.48	1.66	1.47	1.33	1.99	1.99	2.68	2.35	2.29
1.0	2.0	3.0	4.0	5.0	6.0	7.0	8.0	9.0	10.0	11.0	12.0	13.0	14.0	15.0	16.0	17.0	18.0	19.0	20.0	21.0	22.0	23.0	24.0	25.0	26.0	27.0	28.0	29.0	30.0	31.0	32.0	33.0	34.0	35.0	36.0	37.0	38.0	39.0	40.0	41.0	42.0	43.0	44.0	45.0	46.0	47.0	48.0	49.0	50.0	51.0	52.0	53.0	54.0	55.0	56.0	57.0	58.0	59.0	60.0	61.0	62.0	63.0	64.0	65.0	66.0	67.0	68.0	69.0	70.0	71.0	72.0	73.0	74.0	75.0	76.0	77.0	78.0	79.0	80.0	81.0	82.0	83.0	84.0	85.0	86.0	87.0	88.0	89.0	90.0	91.0	92.0	93.0	94.0	95.0	96.0	97.0	98.0	99.0	100.0	101.0	102.0	103.0	104.0	105.0	106.0	107.0	108.0	109.0	110.0	111.0	112.0	113.0	114.0	115.0	116.0	117.0	118.0	119.0	120.0	121.0	122.0	123.0	124.0	125.0	126.0	127.0	128.0	129.0	130.0	131.0	132.0	133.0	134.0	135.0	136.0	137.0	138.0	139.0	140.0	141.0	142.0	143.0	144.0	145.0	146.0	147.0	148.0	149.0	149.0	150.0	151.0	152.0	153.0	154.0	155.0	156.0	157.0	158.0	159.0	160.0	161.0	162.0	163.0	164.0	165.0	166.0	167.0	168.0	169.0	170.0	171.0	172.0	173.0	174.0	175.0	176.0	177.0	178.0	179.0	180.0	181.0	182.0	183.0	184.0	185.0	186.0	187.0	188.0	189.0	190.0	191.0	192.0	193.0	194.0	195.0	196.0	197.0	198.0	199.0	200.0	201.0	202.0	203.0	204.0	205.0	206.0	207.0	208.0	209.0	210.0	211.0	212.0	213.0	214.0	215.0	216.0	217.0	218.0	219.0	220.0	221.0	222.0	223.0	224.0	225.0	226.0	227.0	228.0	229.0	230.0	231.0	232.0	233.0	234.0	235.0	236.0	237.0	238.0	239.0	240.0	241.0	242.0	243.0	244.0	245.0	246.0	247.0	248.0	249.0	250.0	251.0	252.0	253.0	254.0	255.0	256.0	257.0	258.0	259.0	260.0	261.0	262.0	263.0	264.0	265.0	266.0	267.0	268.0	269.0	270.0	271.0	272.0	273.0	274.0	275.0	276.0	277.0	278.0	279.0	280.0	281.0	282.0	283.0	284.0	285.0	286.0	287.0	288.0	289.0	290.0	291.0	292.0	293.0	294.0	295.0	296.0	297.0	298.0	298.0	299.0
3912.041892162811
