4753.098784783135	300.0	2000.0	249.595317623986	0	0.0	4753.098784783135	1	0	1	-2.34063337919525
6531.238500942749	2000.0	1044.0463122244237	0.0	0	0.0	4575.284813167173	1	0	2	-1.1966058912527628
7481.1498736814065	1000.0	1094.1349394857668	0.0	0	0.0	4575.2848131671735	1	0	1	-0.454977704107382
8435.889557927945	1000.0	1139.3952552392275	0.0	0	0.0	4575.284813167173	1	0	1	0.43816947645256327
8861.08112525992	500.0	1714.2036879072534	0.0	0	0.0	4575.2848131671735	1	0	1	-0.9481248846673278
9641.916857222923	1000.0	1933.3679559442514	0.0	0	0.0	4575.284813167174	1	0	1	-0.25497770410738235
11539.907259138645	2000.0	845.5785138369557	0.0	0	0.0	4385.485772975601	1	0	2	0.11901746879859273
11964.921364360509	500.0	1420.5644086150908	0.0	0	0.0	4385.485772975601	1	0	1	-1.7294295066275742
13199.714088766574	1000.0	1185.7716842090267	0.0	0	0.0	4385.485772975602	1	0	1	-0.14313514550768444
13609.043857858685	500.0	1776.4419151169132	0.0	0	0.0	4385.485772975602	1	0	1	-0.83628232606763
14366.219495763882	1000.0	2019.266277211715	0.0	0	0.0	4385.485772975602	1	0	1	-0.14313514550768455
16081.928030122246	2000.0	1131.986889417514	0.0	0	0.0	4213.914919539766	1	0	2	0.2198476751676891
16842.403922418438	1000.0	1371.5109971213221	0.0	0	0.0	4213.914919539766	1	0	1	-0.25349738386719317
17906.359726300656	1000.0	1307.5551932391038	0.0	0	0.0	4213.914919539764	1	0	1	0.6396497966927518
18398.798048381675	500.0	1815.1168711580824	0.0	0	0.0	4213.914919539762	1	0	1	-0.7466445644271384
19345.075365939927	1000.0	1868.83955359983	0.0	0	0.0	4213.914919539762	1	0	1	-0.05349738386719283
20140.05229839075	1000.0	2073.8626211490055	0.0	0	0.0	4213.91491953976	1	0	1	0.6396497966927535
21493.221887161468	1000.0	1720.6930323782915	0.0	0	0.0	4213.914919539762	1	0	1	0.639649796692753
22773.288500171082	1000.0	1440.6264193686775	0.0	0	0.0	4213.914919539762	1	0	1	0.639649796692753
23340.696049459333	500.0	1873.2188700804227	0.0	0	0.0	4213.914919539759	1	0	1	-0.7466445644271362
25750.270812689185	2000.0	222.6866305275803	0.0	0	0.0	3972.9574432167647	1	0	2	-0.3792158545324525
26265.76052596679	500.0	766.5055695790363	59.30865232906169	0	0.0	4032.266095545827	1	0	1	-1.9119601433110531
26715.183616268325	500.0	1317.0824792775024	0.0	0	0.0	4032.2660955458305	1	0	1	0.030186131783206047
27713.657397777824	1000.0	1318.6086977680009	0.0	0	0.0	4032.2660955458305	1	0	1	0.03018613178320617
28732.69057626819	1000.0	1299.5755192776367	0.0	0	0.0	4032.2660955458305	1	0	1	0.7233333123431516
29677.06424751978	1000.0	1355.201848026044	0.0	0	0.0	4032.266095545827	1	0	1	0.7233333123431529
30643.501667440094	1000.0	1388.7644281057248	0.0	0	0.0	4032.266095545827	1	0	1	0.7233333123431529
31523.263758482128	1000.0	1509.0023370636914	0.0	0	0.0	4032.2660955458305	1	0	1	0.7233333123431516
32172.614000334666	1000.0	1859.6520952111537	0.0	0	0.0	4032.266095545827	1	0	1	0.7233333123431529
33188.72801108237	1000.0	1843.5380844634453	0.0	0	0.0	4032.2660955458196	1	0	1	0.723333312343154
33950.43582614742	1000.0	2081.830269398396	0.0	0	0.0	4032.2660955458196	1	0	1	0.7233333123431565
34633.833397944334	1000.0	2398.43269760148	0.0	0	0.0	4032.266095545823	1	0	1	0.723333312343155
36335.66152851853	2000.0	1526.4217539698527	0.0	0	0.0	3862.0832824883983	1	0	2	0.3768773362177997
36893.118110733514	1000.0	1968.965171754875	0.0	0	0.0	3862.0832824884055	1	0	1	-0.10114696609829499
38493.464130699685	2000.0	1208.5845497920975	0.0	0	0.0	3702.0486804918037	1	0	2	0.4314069946680815
39264.17742874057	1000.0	1437.8712517512129	0.0	0	0.0	3702.0486804918037	1	0	1	-0.044454979735465194
40395.76161208643	1000.0	1306.287068405351	0.0	0	0.0	3702.0486804917964	1	0	1	0.8486922008244825
41438.714769976614	1000.0	1263.333910515166	0.0	0	0.0	3702.048680491789	1	0	1	0.8486922008244848
42117.073602878016	1000.0	1584.9750776137707	0.0	0	0.0	3702.048680491789	1	0	1	0.8486922008244848
43134.07217494985	1000.0	1567.9765055419336	0.0	0	0.0	3702.048680491789	1	0	1	0.8486922008244848
44127.40484447583	1000.0	1574.643836015951	0.0	0	0.0	3702.048680491789	1	0	1	0.8486922008244848
44690.40801142904	1000.0	2011.6406690627402	0.0	0	0.0	3702.048680491789	1	0	1	0.8486922008244848
46575.66952871374	2000.0	937.8530000495678	0.0	0	0.0	3513.5225287633293	1	0	2	0.49236255612425356
47275.240574076175	1000.0	1238.2819546871315	0.0	0	0.0	3513.522528763322	1	0	1	0.013469662774229618
47899.67953487422	1000.0	1613.8429938890774	0.0	0	0.0	3513.522528763322	1	0	1	0.906616843334175
48815.575875553724	1000.0	1697.9466532095746	0.0	0	0.0	3513.522528763322	1	0	1	0.906616843334175
49547.88005867416	1000.0	1965.6424700891314	0.0	0	0.0	3513.522528763322	1	0	1	0.906616843334175
50203.36939787865	1000.0	2310.153130884655	0.0	0	0.0	3513.5225287633293	1	0	1	0.9066168433341731
51349.781509531684	1000.0	2163.7410192316165	0.0	0	0.0	3513.5225287633293	1	0	1	0.9066168433341731
52565.114804129844	2000.0	1826.8743951736376	0.0	0	0.0	3391.9891993035126	1	0	2	0.5323479794428269
53379.85820732299	2000.0	2012.130991980493	0.0	0	0.0	3391.98919930352	1	0	1	1.4325119377637672
55024.016521774836	2000.0	1367.9726775286445	0.0	0	0.0	3391.98919930352	1	0	1	1.6325119377637674
55977.154074055215	1000.0	1414.8351252482657	0.0	0	0.0	3391.98919930352	1	0	1	0.24621757664387708
56697.69517315208	1000.0	1694.2940261514043	0.0	0	0.0	3391.98919930352	1	0	1	0.9393647572038223
57433.748692271205	1000.0	1958.2405070322789	0.0	0	0.0	3391.98919930352	1	0	1	0.9393647572038223
58449.70575661909	1000.0	1942.2834426843856	0.0	0	0.0	3391.98919930352	1	0	1	0.9393647572038223
59086.60599677014	1000.0	2305.383202533346	0.0	0	0.0	3391.98919930352	1	0	1	0.9393647572038223
59838.88682664072	1000.0	2553.102372662767	0.0	0	0.0	3391.98919930352	1	0	1	0.9393647572038223
62225.148648376424	2000.0	1166.8405509270679	0.0	0	0.0	3391.9891993035126	1	0	1	0.9393647572038241
63191.18295868718	1000.0	1200.8062406163058	0.0	0	0.0	3391.9891993035126	1	0	1	0.24621757664387914
64178.366145829015	1000.0	1213.623053474466	0.0	0	0.0	3391.9891993035126	1	0	1	0.9393647572038243
65016.54802214945	1000.0	1375.4411771540315	0.0	0	0.0	3391.9891993035126	1	0	1	0.9393647572038243
66108.09693447495	1000.0	1283.8922648285188	0.0	0	0.0	3391.989199303498	1	0	1	0.9393647572038264
66799.86057366095	1000.0	1592.128625642519	0.0	0	0.0	3391.9891993035053	1	0	1	0.9393647572038254
67623.05804611677	1000.0	1768.9311531866936	0.0	0	0.0	3391.9891993035053	1	0	1	0.9393647572038265
68491.55487069157	1000.0	1900.4343286118815	0.0	0	0.0	3391.9891993034908	1	0	1	0.9393647572038284
69369.21335795408	1000.0	2022.7758413493734	0.0	0	0.0	3391.9891993034835	1	0	1	0.9393647572038302
70520.51517418548	2000.0	1756.3438434948334	0.0	0	0.0	3276.859017680341	1	0	2	0.5607413360056022
71233.51540982098	1000.0	2043.3436078593677	0.0	0	0.0	3276.859017680341	1	0	1	0.07422975376445334
72392.0952658216	1000.0	1884.7637518587317	0.0	0	0.0	3276.859017680341	1	0	1	0.9673769343243986
73081.43337285156	1000.0	2195.4256448287515	0.0	0	0.0	3276.8590176803264	1	0	1	0.9673769343244019
73959.35850887776	1000.0	2317.50050880255	0.0	0	0.0	3276.8590176803264	1	0	1	0.9673769343244019
75079.89417654739	2000.0	2084.9112743659543	0.0	0	0.0	3164.805450913351	1	0	2	0.5860126903924365
76527.08255401862	2000.0	1637.7228968947038	0.0	0	0.0	3164.8054509133362	1	0	1	1.4852036978055763
77271.98756811794	1000.0	1892.8178827953789	0.0	0	0.0	3164.8054509133362	1	0	1	0.2989093366856862
77831.97922572248	1000.0	2332.8262251908486	0.0	0	0.0	3164.8054509133362	1	0	1	0.9920565172456314
79101.29522228592	2000.0	2063.510228627407	0.0	0	0.0	3164.8054509133362	1	0	1	0.9920565172456313
80061.50116874815	2000.0	2103.304282165181	0.0	0	0.0	3164.8054509133362	1	0	1	1.6852036978055764
81011.09996469323	2000.0	2153.7054862200866	0.0	0	0.0	3164.8054509133362	1	0	1	1.6852036978055764
82102.05935439361	2000.0	2062.746096519701	0.0	0	0.0	3164.8054509133362	1	0	1	1.6852036978055764
84107.67583157336	2000.0	1057.1296193399621	0.0	0	0.0	3164.8054509133362	1	0	1	1.6852036978055764
84864.85707233012	1000.0	1299.948378583205	0.0	0	0.0	3164.8054509133362	1	0	1	0.2989093366856862
85731.49943879733	1000.0	1433.3060121160102	0.0	0	0.0	3164.8054509133362	1	0	1	0.9920565172456314
86713.58692561155	1000.0	1451.2185253017728	0.0	0	0.0	3164.8054509133362	1	0	1	0.9920565172456314
88149.86142109675	1000.0	1014.9440298165941	0.0	0	0.0	3164.8054509133362	1	0	1	0.9920565172456314
88764.96577035278	500.0	1399.8396805605607	0.0	0	0.0	3164.8054509133217	1	0	1	-0.3942378438742563
89718.92364333231	1000.0	1445.881807581038	0.0	0	0.0	3164.8054509133217	1	0	1	0.29890933668568903
90402.1220773615	1000.0	1762.6833735518326	0.0	0	0.0	3164.8054509133217	1	0	1	0.9920565172456344
91316.0759998559	1000.0	1848.7294510574645	0.0	0	0.0	3164.8054509133217	1	0	1	0.9920565172456344
91890.45826203443	1000.0	2274.347188878932	0.0	0	0.0	3164.8054509133217	1	0	1	0.9920565172456344
93928.21375238968	2000.0	1236.5916985236804	0.0	0	0.0	3164.8054509133217	1	0	1	0.9920565172456344
95125.93521678977	1000.0	1038.870234123584	0.0	0	0.0	3164.8054509133217	1	0	1	0.29890933668568925
96253.90417375258	1000.0	910.9012771607524	0.0	0	0.0	3164.8054509133217	1	0	1	0.9920565172456344
96968.36628206931	500.0	1196.4391688440137	0.0	0	0.0	3164.8054509133217	1	0	1	-0.3942378438742563
98066.33775561792	1000.0	1098.4676952954055	0.0	0	0.0	3164.8054509133217	1	0	1	0.29890933668568903
98973.29619755478	1000.0	1191.5092533585444	0.0	0	0.0	3164.8054509133217	1	0	1	0.9920565172456344
99934.95828977681	1000.0	1229.847161136505	0.0	0	0.0	3164.805450913307	1	0	1	0.9920565172456376
100747.42118780443	1000.0	1417.3842631088833	0.0	0	0.0	3164.805450913307	1	0	1	0.9920565172456376
101563.79674280304	1000.0	1601.0087081102815	0.0	0	0.0	3164.8054509132926	1	0	1	0.9920565172456406
102478.96111160115	1000.0	1685.8443393121772	0.0	0	0.0	3164.8054509132926	1	0	1	0.9920565172456406
103332.93419572194	1000.0	1831.8712551913823	0.0	0	0.0	3164.8054509132926	1	0	1	0.9920565172456406
104164.70737764376	1000.0	2000.0980732695539	0.0	0	0.0	3164.8054509132926	1	0	1	0.9920565172456406
104872.36004927095	1000.0	2292.4454016423515	0.0	0	0.0	3164.8054509132926	1	0	1	0.9920565172456406
106471.89981098915	2000.0	1692.9056399241435	0.0	0	0.0	3164.8054509132926	1	0	1	0.9920565172456405
107240.92720415669	1000.0	1923.878246756615	0.0	0	0.0	3164.8054509132926	1	0	1	0.29890933668569536
108339.02215071945	1000.0	1825.7833001938384	0.0	0	0.0	3164.8054509132926	1	0	1	0.9920565172456406
109648.92924762359	1000.0	1515.8762032897073	0.0	0	0.0	3164.8054509132926	1	0	1	0.9920565172456406
110367.49081713767	1000.0	1797.314633775626	0.0	0	0.0	3164.805450913307	1	0	1	0.9920565172456376
111331.90648002873	1000.0	1832.8989708845775	0.0	0	0.0	3164.8054509133217	1	0	1	0.9920565172456344
111934.83613846637	1000.0	2229.9693124469495	0.0	0	0.0	3164.8054509133217	1	0	1	0.9920565172456344
113438.3163228952	2000.0	1726.4891280181362	0.0	0	0.0	3164.8054509133217	1	0	1	0.9920565172456344
114896.90380050232	1000.0	1267.901650411025	0.0	0	0.0	3164.8054509133217	1	0	1	0.29890933668568925
115677.84497744835	500.0	1486.960473465	0.0	0	0.0	3164.805450913307	1	0	1	-0.3942378438742533
116877.32030512969	1000.0	1287.4851457836592	0.0	0	0.0	3164.805450913307	1	0	1	0.2989093366856922
118146.94566829532	1000.0	1017.859782618031	0.0	0	0.0	3164.805450913307	1	0	1	0.9920565172456376
118922.2744732983	500.0	1242.5309776150443	0.0	0	0.0	3164.805450913307	1	0	1	-0.3942378438742533
120042.85688836023	1000.0	1121.9485625531133	0.0	0	0.0	3164.805450913307	1	0	1	0.2989093366856922
121126.75520777954	1000.0	1038.0502431337886	0.0	0	0.0	3164.805450913307	1	0	1	0.9920565172456376
121672.44522875274	1000.0	1492.360222160583	0.0	0	0.0	3164.805450913307	1	0	1	0.9920565172456376
122314.47553822485	1000.0	1850.3299126884838	0.0	0	0.0	3164.805450913307	1	0	1	0.9920565172456376
123155.82666987793	1000.0	2008.9787810354208	0.0	0	0.0	3164.805450913307	1	0	1	0.9920565172456376
124716.51705081685	1000.0	1448.2884000964918	0.0	0	0.0	3164.8054509132926	1	0	1	0.9920565172456406
125495.32020655955	500.0	1669.4852443537961	0.0	0	0.0	3164.8054509132926	1	0	1	-0.3942378438742503
126437.58782801144	1000.0	1727.2176229019208	0.0	0	0.0	3164.8054509132926	1	0	1	0.29890933668569514
127177.55345296791	1000.0	1987.2519979454491	0.0	0	0.0	3164.8054509132926	1	0	1	0.9920565172456406
127973.0976813461	1000.0	2191.7077695672506	0.0	0	0.0	3164.805450913278	1	0	1	0.9920565172456436
129176.64655972017	1000.0	1988.1588911931715	0.0	0	0.0	3164.805450913278	1	0	1	0.9920565172456436
130256.38938858671	1000.0	1908.416062326634	0.0	0	0.0	3164.805450913278	1	0	1	0.9920565172456436
130974.36016320832	1000.0	2190.4452877050358	0.0	0	0.0	3164.805450913278	1	0	1	0.9920565172456436
131992.47215179563	2000.0	2172.3332991177135	0.0	0	0.0	3164.8054509132635	1	0	1	0.9920565172456466
132944.1776626234	2000.0	2220.627788289907	0.0	0	0.0	3164.8054509132344	1	0	1	1.6852036978055955
135160.90811281474	2000.0	1003.8973380985758	0.0	0	0.0	3164.8054509132344	1	0	1	1.6852036978055969
135669.00681534244	500.0	1495.7986355708874	0.0	0	0.0	3164.8054509132344	1	0	1	-1.0873850244341832
136341.5862279375	1000.0	1823.2192229758173	0.0	0	0.0	3164.8054509132344	1	0	1	0.29890933668570735
137086.556617812	1000.0	2078.2488331013164	0.0	0	0.0	3164.8054509132053	1	0	1	0.9920565172456588
137930.42593146066	1000.0	2234.379519452653	0.0	0	0.0	3164.8054509132344	1	0	1	0.9920565172456528
138794.69735467673	1000.0	2370.108096236574	0.0	0	0.0	3164.8054509132344	1	0	1	0.9920565172456528
140479.83780902447	2000.0	1684.967641888848	0.0	0	0.0	3164.8054509132344	1	0	1	0.9920565172456527
141182.31576537696	1000.0	1982.4896855363595	0.0	0	0.0	3164.8054509132344	1	0	1	0.29890933668570757
141934.16604280347	1000.0	2230.6394081098306	0.0	0	0.0	3164.8054509132344	1	0	1	0.9920565172456528
143841.0794116532	2000.0	1323.7260392601142	0.0	0	0.0	3164.8054509132635	1	0	1	0.9920565172456466
144585.2477833966	500.0	1579.5576675167083	0.0	0	0.0	3164.8054509132926	1	0	1	-1.0873850244341954
145463.0520782513	1000.0	1701.7533726620154	0.0	0	0.0	3164.8054509132926	1	0	1	0.29890933668569514
146519.22376263048	1000.0	1645.5816882828133	0.0	0	0.0	3164.8054509132926	1	0	1	0.9920565172456406
147381.96155658932	1000.0	1782.8438943239717	0.0	0	0.0	3164.8054509132635	1	0	1	0.9920565172456466
148257.97730633587	1000.0	1906.8281445774203	0.0	0	0.0	3164.8054509132344	1	0	1	0.9920565172456528
148965.68204887578	1000.0	2199.123402037497	0.0	0	0.0	3164.8054509132053	1	0	1	0.9920565172456588
150778.1808380518	2000.0	1386.6246128614412	0.0	0	0.0	3164.8054509132053	1	0	1	0.9920565172456588
151631.92011585046	1000.0	1532.8853350627483	0.0	0	0.0	3164.8054509132053	1	0	1	0.2989093366857137
152473.69599876617	1000.0	1691.1094521470343	0.0	0	0.0	3164.8054509132053	1	0	1	0.9920565172456588
153339.4502288901	1000.0	1825.3552220230822	0.0	0	0.0	3164.8054509132053	1	0	1	0.9920565172456588
154037.6601261661	1000.0	2127.1453247470813	0.0	0	0.0	3164.8054509132053	1	0	1	0.9920565172456588
155693.22570558797	2000.0	1471.5797453252212	0.0	0	0.0	3164.8054509132053	1	0	1	0.9920565172456588
156456.7638841124	1000.0	1708.0415668007724	0.0	0	0.0	3164.8054509132053	1	0	1	0.29890933668571124
157387.13635559482	1000.0	1777.6690953183775	0.0	0	0.0	3164.8054509132344	1	0	1	0.9920565172456528
158482.3063195962	1000.0	1682.4991313169817	0.0	0	0.0	3164.8054509132344	1	0	1	0.9920565172456528
159148.6100738682	1000.0	2016.195377044964	0.0	0	0.0	3164.8054509132344	1	0	1	0.9920565172456528
160281.86302437284	1000.0	1882.9424265403334	0.0	0	0.0	3164.8054509132635	1	0	1	0.9920565172456515
161415.3229315314	1000.0	1749.4825193818033	0.0	0	0.0	3164.8054509132635	1	0	1	0.9920565172456466
162175.59560142658	1000.0	1989.209849486624	0.0	0	0.0	3164.8054509132635	1	0	1	0.9920565172456466
163056.9996179387	1000.0	2107.805832974491	0.0	0	0.0	3164.8054509132635	1	0	1	0.9920565172456466
163994.12854725926	1000.0	2170.67690365393	0.0	0	0.0	3164.8054509132344	1	0	1	0.9920565172456528
164842.05891639582	1000.0	2322.746534517352	0.0	0	0.0	3164.8054509132344	1	0	1	0.9920565172456528
166734.44259302027	2000.0	1430.3628578928933	0.0	0	0.0	3164.8054509132053	1	0	1	0.9920565172456588
167848.1509986741	1000.0	1316.6544522390764	0.0	0	0.0	3164.8054509132344	1	0	1	0.29890933668570757
169012.85073963497	1000.0	1151.9547112782277	0.0	0	0.0	3164.8054509132635	1	0	1	0.9920565172456466
170007.70675905372	1000.0	1157.098691859468	0.0	0	0.0	3164.8054509132344	1	0	1	0.9920565172456528
171221.62251770584	1000.0	943.1829332073615	0.0	0	0.0	3164.8054509132344	1	0	1	0.9920565172456528
172230.19430722183	1000.0	934.611143691355	0.0	0	0.0	3164.8054509132344	1	0	1	0.9920565172456528
172675.6282647198	500.0	1489.1771861934183	0.0	0	0.0	3164.8054509132344	1	0	1	-0.3942378438742379
173661.445865621	1000.0	1503.3595852922303	0.0	0	0.0	3164.8054509132344	1	0	1	0.29890933668570735
175343.49862421255	1000.0	821.3068267006768	0.0	0	0.0	3164.8054509132635	1	0	1	0.9920565172456466
175732.07342817567	500.0	1432.732022737531	0.0	0	0.0	3164.8054509132344	1	0	1	-0.3942378438742379
176422.12245894325	1000.0	1742.6829919699578	0.0	0	0.0	3164.8054509132053	1	0	1	0.298909336685711
177399.83136095235	1000.0	1764.974089960869	0.0	0	0.0	3164.8054509132635	1	0	1	0.9920565172456501
178168.64375611863	1000.0	1996.1616947946175	0.0	0	0.0	3164.8054509132635	1	0	1	0.9920565172456466
179591.41250488223	1000.0	1573.3929460309962	0.0	0	0.0	3164.8054509132344	1	0	1	0.9920565172456504
180414.90227842634	1000.0	1749.903172486905	0.0	0	0.0	3164.8054509132053	1	0	1	0.9920565172456564
181464.68840315184	1000.0	1700.1170477613896	0.0	0	0.0	3164.8054509132053	1	0	1	0.9920565172456588
182281.6998107067	1000.0	1883.1056402065258	0.0	0	0.0	3164.8054509132344	1	0	1	0.9920565172456577
183155.31810757605	1000.0	2009.4873433371674	0.0	0	0.0	3164.8054509132344	1	0	1	0.9920565172456528
184161.78286221565	1000.0	2003.022588697583	0.0	0	0.0	3164.8054509132635	1	0	1	0.9920565172456466
184897.66014441135	1000.0	2267.1453065019195	0.0	0	0.0	3164.8054509132635	1	0	1	0.9920565172456466
186340.34213714037	2000.0	1824.4633137728872	0.0	0	0.0	3164.8054509132635	1	0	1	0.9920565172456466
186893.59097459482	1000.0	2271.2144763184288	0.0	0	0.0	3164.8054509132926	1	0	1	0.29890933668569536
188259.28978638264	2000.0	1905.51566453059	0.0	0	0.0	3164.8054509132635	1	0	1	0.9920565172456466
189320.85714262002	1000.0	1843.9483082932277	0.0	0	0.0	3164.8054509132635	1	0	1	0.29890933668570147
190529.48023013363	1000.0	1635.3252207796104	0.0	0	0.0	3164.8054509132635	1	0	1	0.9920565172456466
191043.47820892665	1000.0	2121.327241986596	0.0	0	0.0	3164.8054509132635	1	0	1	0.9920565172456466
192292.65203598767	2000.0	1872.1534149255672	0.0	0	0.0	3164.8054509132635	1	0	1	0.9920565172456466
193108.7273906229	1000.0	2056.0780602903724	0.0	0	0.0	3164.8054509132635	1	0	1	0.29890933668570147
193788.60227072984	1000.0	2376.2031801834232	0.0	0	0.0	3164.8054509132926	1	0	1	0.9920565172456406
195532.84919407734	2000.0	1631.9562568359336	0.0	0	0.0	3164.8054509132926	1	0	1	0.9920565172456405
196375.1457563065	1000.0	1789.6596946067568	0.0	0	0.0	3164.8054509132635	1	0	1	0.29890933668570147
197389.7260987562	1000.0	1775.079352157092	0.0	0	0.0	3164.8054509132926	1	0	1	0.9920565172456406
198242.99953951783	1000.0	1921.8059113954394	0.0	0	0.0	3164.8054509132926	1	0	1	0.9920565172456406
198905.09827135547	1000.0	2259.7071795577904	0.0	0	0.0	3164.8054509132926	1	0	1	0.9920565172456406
200557.0524733634	2000.0	1607.7529775498524	0.0	0	0.0	3164.8054509133217	1	0	1	0.9920565172456368
201118.99598717596	1000.0	2045.80946373731	0.0	0	0.0	3164.8054509133217	1	0	1	0.29890933668568925
201877.66418208147	2000.0	2287.141268831826	0.0	0	0.0	3164.8054509133217	1	0	1	0.9920565172456344
203261.83979279778	2000.0	1902.9656581155068	0.0	0	0.0	3164.8054509133217	1	0	1	1.6852036978055795
204940.11706366614	2000.0	1224.6883872471599	0.0	0	0.0	3164.805450913351	1	0	1	1.6852036978055756
206140.12831966014	1000.0	1024.6771312531605	0.0	0	0.0	3164.805450913351	1	0	1	0.29890933668568315
206870.8975526365	1000.0	1293.907898276821	0.0	0	0.0	3164.8054509133217	1	0	1	0.9920565172456344
207518.03693704537	1000.0	1646.7685138679547	0.0	0	0.0	3164.8054509133217	1	0	1	0.9920565172456344
208390.13630381797	1000.0	1774.6691470953522	0.0	0	0.0	3164.8054509132926	1	0	1	0.9920565172456406
209090.90719766563	1000.0	2073.898253247704	0.0	0	0.0	3164.8054509132926	1	0	1	0.9920565172456406
210856.11921758074	2000.0	1308.6862333325698	0.0	0	0.0	3164.8054509132926	1	0	1	0.9920565172456405
211769.04230867495	1000.0	1395.7631422383517	0.0	0	0.0	3164.8054509132635	1	0	1	0.29890933668570147
212968.0087556779	1000.0	1196.7966952353786	0.0	0	0.0	3164.8054509132635	1	0	1	0.9920565172456466
214147.30578853708	1000.0	1017.4996623761956	0.0	0	0.0	3164.8054509132926	1	0	1	0.9920565172456406
214831.9767074827	1000.0	1332.8287434305562	0.0	0	0.0	3164.8054509132926	1	0	1	0.9920565172456406
215519.6274980449	1000.0	1645.177952868359	0.0	0	0.0	3164.8054509132635	1	0	1	0.9920565172456466
216180.0572595234	1000.0	1984.748191389862	0.0	0	0.0	3164.8054509132635	1	0	1	0.9920565172456466
218664.15035748086	2000.0	500.65509343241007	0.0	0	0.0	3164.8054509132344	1	0	1	0.9920565172456527
219483.7987404164	1000.0	681.0067104968899	0.0	0	0.0	3164.8054509132344	1	0	1	0.29890933668570757
220050.23640991218	1000.0	1114.5690410011173	0.0	0	0.0	3164.8054509132344	1	0	1	0.9920565172456528
220724.1615903493	1000.0	1440.6438605639771	0.0	0	0.0	3164.8054509132344	1	0	1	0.9920565172456528
221810.2795082418	1000.0	1354.525942671462	0.0	0	0.0	3164.8054509132053	1	0	1	0.9920565172456588
222758.6196990424	1000.0	1406.1857518708694	0.0	0	0.0	3164.8054509132344	1	0	1	0.9920565172456528
223360.57360075903	1000.0	1804.2318501542454	0.0	0	0.0	3164.8054509132053	1	0	1	0.9920565172456588
224809.99276433364	2000.0	1354.812686579621	0.0	0	0.0	3164.8054509132053	1	0	1	0.9920565172456588
225690.8316569654	1000.0	1473.9737939478446	0.0	0	0.0	3164.8054509132053	1	0	1	0.2989093366857137
226503.324483395	1000.0	1661.480967518226	0.0	0	0.0	3164.8054509132344	1	0	1	0.9920565172456552
227059.17570397205	1000.0	2105.629746941153	0.0	0	0.0	3164.8054509132344	1	0	1	0.9920565172456528
228025.21040908535	2000.0	2139.5950418278626	0.0	0	0.0	3164.8054509132344	1	0	1	0.9920565172456527
229282.65887963813	2000.0	1882.1465712750942	0.0	0	0.0	3164.8054509132344	1	0	1	1.6852036978055978
230758.4767961199	2000.0	1406.328654793289	0.0	0	0.0	3164.8054509132344	1	0	1	1.6852036978055978
231336.08605886393	1000.0	1828.719392049265	0.0	0	0.0	3164.8054509132344	1	0	1	0.29890933668570757
232088.17244366376	1000.0	2076.6330072494493	0.0	0	0.0	3164.8054509132635	1	0	1	0.9920565172456466
233259.41397942996	1000.0	1905.3914714832456	0.0	0	0.0	3164.8054509132635	1	0	1	0.9920565172456466
234319.60830946156	1000.0	1845.197141451623	0.0	0	0.0	3164.8054509132635	1	0	1	0.9920565172456466
235365.60478152704	1000.0	1799.2006693861226	0.0	0	0.0	3164.8054509132635	1	0	1	0.9920565172456466
236981.99373999436	1000.0	1182.8117109188065	0.0	0	0.0	3164.8054509132344	1	0	1	0.9920565172456528
237576.64509680023	500.0	1588.1603541129111	0.0	0	0.0	3164.8054509132635	1	0	1	-0.3942378438742441
238509.56084388364	1000.0	1655.2446070294936	0.0	0	0.0	3164.8054509132344	1	0	1	0.29890933668570735
239665.94150278004	1000.0	1498.8639481331045	0.0	0	0.0	3164.8054509132344	1	0	1	0.9920565172456528
240386.38347199297	1000.0	1778.4219789201586	0.0	0	0.0	3164.8054509132344	1	0	1	0.9920565172456528
240965.63042906352	1000.0	2199.1750218496236	0.0	0	0.0	3164.8054509132344	1	0	1	0.9920565172456528
243059.9888462906	2000.0	1104.8166046225354	0.0	0	0.0	3164.8054509132635	1	0	1	0.9920565172456466
243471.21314812076	500.0	1693.5923027923418	0.0	0	0.0	3164.8054509132635	1	0	1	-1.0873850244341896
244337.06793221884	1000.0	1827.7375186942465	0.0	0	0.0	3164.8054509132635	1	0	1	0.29890933668570124
245384.97882822997	1000.0	1779.8266226831254	0.0	0	0.0	3164.8054509132635	1	0	1	0.9920565172456466
246603.81210032117	1000.0	1560.9933505919287	0.0	0	0.0	3164.8054509132635	1	0	1	0.9920565172456466
247628.560597656	1000.0	1536.2448532570797	0.0	0	0.0	3164.8054509132926	1	0	1	0.9920565172456406
248586.553776164	1000.0	1578.2516747491175	0.0	0	0.0	3164.8054509132926	1	0	1	0.9920565172456406
249532.1059575581	1000.0	1632.6994933550286	0.0	0	0.0	3164.8054509132926	1	0	1	0.9920565172456406
250096.2547328885	1000.0	2068.5507180245877	0.0	0	0.0	3164.8054509132926	1	0	1	0.9920565172456406
251077.65843826797	1000.0	2087.1470126451313	0.0	0	0.0	3164.8054509132926	1	0	1	0.9920565172456406
252013.0481464374	1000.0	2151.7573044757273	0.0	0	0.0	3164.8054509133217	1	0	1	0.9920565172456344
253414.74595104973	2000.0	1750.059499863399	0.0	0	0.0	3164.8054509133217	1	0	1	0.9920565172456344
254234.986149281	1000.0	1929.8193016320956	0.0	0	0.0	3164.8054509132926	1	0	1	0.29890933668569536
255028.40815943916	1000.0	2136.397291473932	0.0	0	0.0	3164.8054509132926	1	0	1	0.9920565172456406
256807.30269529283	2000.0	1357.5027556202876	0.0	0	0.0	3164.8054509133217	1	0	1	0.992056517245638
257956.23068348298	1000.0	1208.574767430147	0.0	0	0.0	3164.8054509133217	1	0	1	0.29890933668568925
258396.26037235657	500.0	1768.545078556565	0.0	0	0.0	3164.8054509133217	1	0	1	-0.3942378438742563
258966.58795587518	1000.0	2198.2174950379695	0.0	0	0.0	3164.8054509133217	1	0	1	0.29890933668568903
260232.64783557528	2000.0	1932.1576153378342	0.0	0	0.0	3164.805450913351	1	0	1	0.9920565172456283
260946.15979440018	1000.0	2218.6456565129374	0.0	0	0.0	3164.805450913351	1	0	1	0.29890933668568315
261932.13670770696	2000.0	2232.668743206159	0.0	0	0.0	3164.80545091338	1	0	1	0.9920565172456222
263191.47606176947	2000.0	1973.3293891436867	0.0	0	0.0	3164.805450913409	1	0	1	1.6852036978055671
264900.85249527235	1000.0	1263.9529556407656	0.0	0	0.0	3164.8054509133217	1	0	1	0.2989093366856856
265864.24159266375	1000.0	1300.563858249329	0.0	0	0.0	3164.8054509133217	1	0	1	0.9920565172456344
266902.8752814017	1000.0	1261.9301695113747	0.0	0	0.0	3164.8054509133217	1	0	1	0.9920565172456344
267646.95987996244	500.0	1517.8455709506004	0.0	0	0.0	3164.8054509133217	1	0	1	-0.3942378438742563
268989.904876557	1000.0	1174.9005743559935	0.0	0	0.0	3164.8054509133217	1	0	1	0.29890933668568903
269701.05519700976	1000.0	1463.7502539032587	0.0	0	0.0	3164.8054509133217	1	0	1	0.9920565172456344
270399.3717663017	1000.0	1765.4336846113465	0.0	0	0.0	3164.8054509133217	1	0	1	0.9920565172456344
271197.14781374217	1000.0	1967.6576371709214	0.0	0	0.0	3164.80545091338	1	0	1	0.9920565172456224
272383.5013473829	1000.0	1781.304103530243	0.0	0	0.0	3164.805450913438	1	0	1	0.9920565172456199
274218.6463728573	1000.0	946.1590780558173	0.0	0	0.0	3164.8054509134963	1	0	1	0.992056517245598
274911.2865097909	500.0	1253.5189411222193	0.0	0	0.0	3164.8054509134963	1	0	1	-0.39423784387429284
275679.9697498759	1000.0	1484.8357010373084	0.0	0	0.0	3164.805450913438	1	0	1	0.2989093366856648
276440.1228615797	1000.0	1724.6825893335126	0.0	0	0.0	3164.805450913438	1	0	1	0.9920565172456102
277221.0987884332	1000.0	1943.7066624800339	0.0	0	0.0	3164.805450913438	1	0	1	0.9920565172456102
278514.09771762847	1000.0	1650.707733284737	0.0	0	0.0	3164.805450913438	1	0	1	0.9920565172456102
279501.93938900385	1000.0	1662.8660619093282	0.0	0	0.0	3164.805450913438	1	0	1	0.9920565172456102
280279.7837979992	1000.0	1885.0216529138984	0.0	0	0.0	3164.80545091338	1	0	1	0.9920565172456126
280697.00170539593	1000.0	2467.8037455171666	0.0	0	0.0	3164.8054509133217	1	0	1	0.9920565172456344
281685.76810665184	2000.0	2479.0373442612176	0.0	0	0.0	3164.80545091338	1	0	1	0.9920565172456246
282909.1328208404	2000.0	2255.6726300726236	0.0	0	0.0	3164.80545091338	1	0	1	1.6852036978055673
283963.2725041458	1000.0	2201.5329467672427	0.0	0	0.0	3164.80545091338	1	0	1	0.2989093366856771
285140.1575618785	1000.0	2024.6478890346334	0.0	0	0.0	3164.805450913438	1	0	1	0.9920565172456102
285853.1616320718	1000.0	2311.643818841312	0.0	0	0.0	3164.80545091338	1	0	1	0.9920565172456224
286755.8089275346	1000.0	2408.9965233785338	0.0	0	0.0	3164.805450913438	1	0	1	0.9920565172456102
287478.8062554413	1000.0	2685.9991954718	0.0	0	0.0	3164.8054509133217	1	0	1	0.9920565172456319
290007.26611005625	2000.0	1157.5393408568038	0.0	0	0.0	3164.8054509133217	1	0	1	0.9920565172456344
290635.6155238036	1000.0	1529.1899271095397	0.0	0	0.0	3164.8054509133217	1	0	1	0.29890933668568925
291392.46793626365	1000.0	1772.3375146494627	0.0	0	0.0	3164.8054509133217	1	0	1	0.9920565172456344
292107.1205072493	1000.0	2057.6849436637604	0.0	0	0.0	3164.8054509133217	1	0	1	0.9920565172456344
293341.154506577	1000.0	1823.6509443360408	0.0	0	0.0	3164.8054509132635	1	0	1	0.9920565172456368
294396.4287370358	1000.0	1768.3767138772646	0.0	0	0.0	3164.8054509132635	1	0	1	0.9920565172456393
295509.2687563243	1000.0	1655.5366945887517	0.0	0	0.0	3164.8054509133217	1	0	1	0.9920565172456344
296450.77940809674	1000.0	1714.0260428163194	0.0	0	0.0	3164.8054509133217	1	0	1	0.9920565172456344
297099.3652209532	1000.0	2065.440229959906	0.0	0	0.0	3164.80545091338	1	0	1	0.9920565172456224
297731.6608974219	1000.0	2433.1445534912314	0.0	0	0.0	3164.80545091338	1	0	1	0.9920565172456224
298894.0397542889	2000.0	2270.7656966242057	0.0	0	0.0	3164.80545091338	1	0	1	0.9920565172456222
300671.507917455	2000.0	1493.2975334581356	0.0	0	0.0	3164.80545091338	1	0	1	1.6852036978055673
301465.0149335173	1000.0	1699.7905173957852	0.0	0	0.0	3164.80545091338	1	0	1	0.2989093366856771
1.64	1.36	1.51	1.16	1.1	1.25	0.74	1.14	1.03	1.05	1.31	1.69	0.98	0.81	0.9	1.04	0.93	1.11	0.9	1.14	0.6	0.79	1.24	1.09	1.23	0.92	0.94	1.29	1.14	1.11	1.27	1.52	1.82	1.67	1.03	1.14	0.66	1.74	1.32	1.37	1.49	1.22	1.41	1.34	1.11	1.37	1.05	1.81	2.33	1.64	1.05	0.97	1.16	1.36	1.34	1.54	0.96	1.04	1.25	1.04	1.05	1.25	1.59	0.96	0.7	1.45	1.58	1.11	1.32	1.55	1.83	1.46	1.3	1.49	2.14	1.68	1.68	1.62	1.25	1.11	1.18	1.4	0.61	0.66	0.79	0.98	1.41	1.71	0.81	0.89	1.03	0.87	0.82	1.27	1.33	1.05	1.49	1.27	1.51	1.2	1.45	1.73	1.23	0.89	0.68	1.66	1.41	1.64	1.74	1.25	0.53	0.97	1.29	0.87	0.81	1.12	1.26	1.63	0.94	0.78	0.63	0.98	1.31	1.1	0.88	1.14	1.54	1.99	1.72	1.1	0.71	1.33	1.39	1.16	1.71	0.5	1.12	1.53	1.27	0.71	0.88	1.0	1.3	1.47	1.49	1.34	1.59	1.26	1.04	1.59	1.64	1.36	1.51	1.16	1.1	1.25	0.74	1.14	1.03	1.05	1.31	1.69	0.98	0.81	0.9	1.04	0.93	1.11	0.9	1.14	0.6	0.79	1.24	1.09	1.23	0.92	0.94	1.29	1.14	1.11	1.27	1.52	1.82	1.67	1.03	1.14	0.66	1.74	1.32	1.37	1.49	1.22	1.41	1.34	1.11	1.37	1.05	1.81	2.33	1.64	1.05	0.97	1.16	1.36	1.34	1.54	0.96	1.04	1.25	1.04	1.05	1.25	1.59	0.96	0.7	1.45	1.58	1.11	1.32	1.55	1.83	1.46	1.3	1.49	2.14	1.68	1.68	1.62	1.25	1.11	1.18	1.4	0.61	0.66	0.79	0.98	1.41	1.71	0.81	0.89	1.03	0.87	0.82	1.27	1.33	1.05	1.49	1.27	1.51	1.2	1.45	1.73	1.23	0.89	0.68	1.66	1.41	1.64	1.74	1.25	0.53	0.97	1.29	0.87	0.81	1.12	1.26	1.63	0.94	0.78	0.63	0.98	1.31	1.1	0.88	1.14	1.54	1.99	1.72	1.1	0.71	1.33	1.39	1.16	1.71	0.5	1.12	1.53	1.27	0.71	0.88	1.0	1.3	1.47	1.49	1.34	1.59	1.26	1.04	1.59	1.64
1.0	2.0	3.0	4.0	5.0	6.0	7.0	8.0	9.0	10.0	11.0	12.0	13.0	14.0	15.0	16.0	17.0	18.0	19.0	20.0	21.0	22.0	23.0	24.0	25.0	26.0	27.0	28.0	29.0	30.0	31.0	32.0	33.0	34.0	35.0	36.0	37.0	38.0	39.0	40.0	41.0	42.0	43.0	44.0	45.0	46.0	47.0	48.0	49.0	50.0	51.0	52.0	53.0	54.0	55.0	56.0	57.0	58.0	59.0	60.0	61.0	62.0	63.0	64.0	65.0	66.0	67.0	68.0	69.0	70.0	71.0	72.0	73.0	74.0	75.0	76.0	77.0	78.0	79.0	80.0	81.0	82.0	83.0	84.0	85.0	86.0	87.0	88.0	89.0	90.0	91.0	92.0	93.0	94.0	95.0	96.0	97.0	98.0	99.0	100.0	101.0	102.0	103.0	104.0	105.0	106.0	107.0	108.0	109.0	110.0	111.0	112.0	113.0	114.0	115.0	116.0	117.0	118.0	119.0	120.0	121.0	122.0	123.0	124.0	125.0	126.0	127.0	128.0	129.0	130.0	131.0	132.0	133.0	134.0	135.0	136.0	137.0	138.0	139.0	140.0	141.0	142.0	143.0	144.0	145.0	146.0	147.0	148.0	149.0	149.0	150.0	151.0	152.0	153.0	154.0	155.0	156.0	157.0	158.0	159.0	160.0	161.0	162.0	163.0	164.0	165.0	166.0	167.0	168.0	169.0	170.0	171.0	172.0	173.0	174.0	175.0	176.0	177.0	178.0	179.0	180.0	181.0	182.0	183.0	184.0	185.0	186.0	187.0	188.0	189.0	190.0	191.0	192.0	193.0	194.0	195.0	196.0	197.0	198.0	199.0	200.0	201.0	202.0	203.0	204.0	205.0	206.0	207.0	208.0	209.0	210.0	211.0	212.0	213.0	214.0	215.0	216.0	217.0	218.0	219.0	220.0	221.0	222.0	223.0	224.0	225.0	226.0	227.0	228.0	229.0	230.0	231.0	232.0	233.0	234.0	235.0	236.0	237.0	238.0	239.0	240.0	241.0	242.0	243.0	244.0	245.0	246.0	247.0	248.0	249.0	250.0	251.0	252.0	253.0	254.0	255.0	256.0	257.0	258.0	259.0	260.0	261.0	262.0	263.0	264.0	265.0	266.0	267.0	268.0	269.0	270.0	271.0	272.0	273.0	274.0	275.0	276.0	277.0	278.0	279.0	280.0	281.0	282.0	283.0	284.0	285.0	286.0	287.0	288.0	289.0	290.0	291.0	292.0	293.0	294.0	295.0	296.0	297.0	298.0	298.0	299.0
4220.379669341451
