2819.559087760395	300.0	2000.0	261.4487147708553	0	0.0	2819.559087760395	1	0	1	-1.7099238193504571
4617.414547134607	2000.0	1202.144540625788	0.0	0	0.0	2819.5590877603954	1	0	1	-0.14974325393621224
5149.133019807376	1000.0	1670.4260679530194	0.0	0	0.0	2819.559087760395	1	0	1	0.36108236982977876
5749.793915464771	1000.0	2069.7651722956234	0.0	0	0.0	2819.5590877603945	1	0	1	1.054229550389724
6554.716000860337	1000.0	2264.843086900059	0.0	0	0.0	2819.559087760396	1	0	1	1.0542295503897239
7436.327654502016	1000.0	2383.2314332583805	0.0	0	0.0	2819.5590877603963	1	0	1	1.0542295503897239
8778.371787252465	2000.0	2041.1873005079324	0.0	0	0.0	2819.5590877603972	1	0	1	1.0542295503897237
9687.419096065367	1000.0	2132.139991695029	0.0	0	0.0	2819.5590877603963	1	0	1	0.3610823698297785
11386.68463558208	2000.0	1432.874452178317	0.0	0	0.0	2819.5590877603972	1	0	1	1.0542295503897237
12324.918739318431	1000.0	1494.640348441963	0.0	0	0.0	2819.5590877603972	1	0	1	0.3610823698297785
13631.82376199958	1000.0	1187.7353257608147	0.0	0	0.0	2819.5590877603972	1	0	1	1.0542295503897237
14302.857876915496	1000.0	1516.7012108448987	0.0	0	0.0	2819.5590877603972	1	0	1	1.0542295503897237
14917.178911211775	1000.0	1902.3801765486194	0.0	0	0.0	2819.5590877603954	1	0	1	1.0542295503897239
16154.182249593605	2000.0	1665.3768381667885	0.0	0	0.0	2819.5590877603936	1	0	1	1.054229550389724
16726.458343950133	1000.0	2093.100743810255	0.0	0	0.0	2819.5590877603863	1	0	1	0.3610823698297797
18873.01240770198	2000.0	946.546680058407	0.0	0	0.0	2819.559087760388	1	0	1	1.054229550389725
20281.498079658802	1000.0	538.0610081015795	0.0	0	0.0	2819.55908776039	1	0	1	0.3610823698297796
20671.00174890779	500.0	1148.5573388525893	0.0	0	0.0	2819.5590877603936	1	0	1	-0.3320648107301666
21664.21214122788	1000.0	1155.3469465325013	0.0	0	0.0	2819.5590877603936	1	0	1	0.3610823698297788
22966.483602926546	1000.0	853.0754848338377	0.0	0	0.0	2819.5590877603936	1	0	1	1.0542295503897243
23844.559221391337	500.0	974.9998663690451	0.0	0	0.0	2819.55908776039	1	0	1	-0.33206481073016636
24390.718225007935	500.0	1428.8408627524484	0.0	0	0.0	2819.5590877603936	1	0	1	0.36108236982977876
25544.81641654953	1000.0	1274.7426712108559	0.0	0	0.0	2819.55908776039	1	0	1	0.36108236982977904
26155.88591972102	1000.0	1663.673168039364	0.0	0	0.0	2819.55908776039	1	0	1	1.0542295503897248
26790.226614669322	1000.0	2029.3324730910574	0.0	0	0.0	2819.55908776039	1	0	1	1.0542295503897248
27561.647898404037	1000.0	2257.911189356339	0.0	0	0.0	2819.5590877603863	1	0	1	1.0542295503897252
29783.422311476996	2000.0	1036.136776283381	0.0	0	0.0	2819.5590877603863	1	0	1	1.0542295503897252
30488.284148964998	1000.0	1331.2749387953756	0.0	0	0.0	2819.5590877603827	1	0	1	0.3610823698297807
31345.81361280189	1000.0	1473.7454749584856	0.0	0	0.0	2819.559087760379	1	0	1	1.0542295503897265
32380.278243641656	1000.0	1439.2808441187183	0.0	0	0.0	2819.5590877603754	1	0	1	1.054229550389727
33300.93039048032	1000.0	1518.6286972800576	0.0	0	0.0	2819.5590877603718	1	0	1	1.054229550389727
34005.26279073206	1000.0	1814.2962970283115	0.0	0	0.0	2819.559087760361	1	0	1	1.0542295503897288
35145.97700125324	1000.0	1673.5820865071237	0.0	0	0.0	2819.5590877603536	1	0	1	1.0542295503897299
36026.73101107852	1000.0	1792.8280766818498	0.0	0	0.0	2819.5590877603536	1	0	1	1.0542295503897303
36709.579645670405	1000.0	2109.979442089973	0.0	0	0.0	2819.5590877603536	1	0	1	1.0542295503897303
38805.29254805406	2000.0	1014.266539706321	0.0	0	0.0	2819.5590877603536	1	0	1	1.0542295503897303
39306.44396442492	500.0	1513.1151233354628	0.0	0	0.0	2819.5590877603536	1	0	1	-1.0252119912901057
39850.77743275528	1000.0	1968.7816550050989	0.0	0	0.0	2819.559087760361	1	0	1	0.3610823698297838
41007.69827796045	2000.0	1811.8608097999293	0.0	0	0.0	2819.559087760361	1	0	1	1.0542295503897292
41620.49921265303	1000.0	2199.0598751073576	0.0	0	0.0	2819.559087760361	1	0	1	0.36108236982978403
43825.32993313623	2000.0	994.2291546241582	0.0	0	0.0	2819.559087760361	1	0	1	1.0542295503897292
44575.318836874496	500.0	1244.2402508858906	0.0	0	0.0	2819.559087760361	1	0	1	-1.0252119912901068
45394.50802872762	1000.0	1425.0510590327706	0.0	0	0.0	2819.559087760361	1	0	1	0.3610823698297838
46212.075235242875	1000.0	1607.4838525175103	0.0	0	0.0	2819.5590877603536	1	0	1	1.0542295503897303
47174.81545744725	1000.0	1644.7436303131296	0.0	0	0.0	2819.5590877603536	1	0	1	1.0542295503897303
48213.762723699096	1000.0	1605.7963640612845	0.0	0	0.0	2819.5590877603536	1	0	1	1.0542295503897303
49209.03242347163	1000.0	1610.5266642887404	0.0	0	0.0	2819.5590877603536	1	0	1	1.0542295503897303
50719.81497882782	1000.0	1099.7441089325582	0.0	0	0.0	2819.5590877603536	1	0	1	1.0542295503897303
51271.61856112107	500.0	1547.9405266393057	0.0	0	0.0	2819.5590877603463	1	0	1	-0.33206481073015937
52621.57437710511	1000.0	1197.984710655259	0.0	0	0.0	2819.5590877603463	1	0	1	0.36108236982978603
53775.22740612918	500.0	1044.3316816311878	0.0	0	0.0	2819.5590877603463	1	0	1	-0.33206481073015937
54489.37465400452	500.0	1330.1844337558543	0.0	0	0.0	2819.5590877603463	1	0	1	0.361082369829786
55271.842494314915	500.0	1547.71659344546	0.0	0	0.0	2819.5590877603463	1	0	1	0.361082369829786
56672.72860658983	1000.0	1146.8304811705466	0.0	0	0.0	2819.5590877603463	1	0	1	0.36108236982978603
57545.89619115447	500.0	1273.6628966059147	0.0	0	0.0	2819.5590877603536	1	0	1	-0.3320648107301605
58873.80753105667	1000.0	945.7515567037083	0.0	0	0.0	2819.5590877603536	1	0	1	0.3610823698297849
59603.35896064681	500.0	1216.2001271135703	0.0	0	0.0	2819.5590877603536	1	0	1	-0.3320648107301605
61191.59144563426	1000.0	627.9676421261204	0.0	0	0.0	2819.5590877603536	1	0	1	0.3610823698297849
61670.32201596267	500.0	1149.2370717977108	0.0	0	0.0	2819.5590877603536	1	0	1	-0.3320648107301605
62431.191453478175	1000.0	1388.367634282198	0.0	0	0.0	2819.5590877603536	1	0	1	0.3610823698297849
63086.76041401194	1000.0	1732.7986737484348	0.0	0	0.0	2819.559087760361	1	0	1	1.0542295503897292
64138.2253061725	1000.0	1681.3337815878808	0.0	0	0.0	2819.559087760361	1	0	1	1.0542295503897292
65148.30520807425	1000.0	1671.2538796861236	0.0	0	0.0	2819.559087760361	1	0	1	1.0542295503897292
66066.34322852762	1000.0	1753.2158592327482	0.0	0	0.0	2819.559087760361	1	0	1	1.0542295503897294
66561.96453816592	1000.0	2257.5945495944607	0.0	0	0.0	2819.5590877603754	1	0	1	1.0542295503897283
67811.0651987501	2000.0	2008.4938890102737	0.0	0	0.0	2819.559087760368	1	0	1	1.0542295503897283
69794.03536614281	2000.0	1025.5237216175726	0.0	0	0.0	2819.559087760368	1	0	1	1.7473767309496733
70631.02663332195	1000.0	1188.5324544384298	0.0	0	0.0	2819.559087760368	1	0	1	0.3610823698297829
71313.57815770559	1000.0	1505.9809300547945	0.0	0	0.0	2819.559087760368	1	0	1	1.054229550389728
72545.32959250992	1000.0	1274.2294952504465	0.0	0	0.0	2819.559087760368	1	0	1	1.054229550389728
73297.7785714168	1000.0	1521.780516343575	0.0	0	0.0	2819.559087760368	1	0	1	1.054229550389728
73850.4586686125	1000.0	1969.1004191478837	0.0	0	0.0	2819.559087760368	1	0	1	1.054229550389728
74845.82412961252	1000.0	1973.734958147876	0.0	0	0.0	2819.559087760368	1	0	1	1.054229550389728
75678.38914992134	1000.0	2141.169937839066	0.0	0	0.0	2819.559087760368	1	0	1	1.054229550389728
76944.8915075781	2000.0	1874.6675801822867	0.0	0	0.0	2819.5590877603536	1	0	1	1.0542295503897303
77833.54223430532	1000.0	1986.0168534550637	0.0	0	0.0	2819.5590877603536	1	0	1	0.36108236982978514
79049.68256298707	2000.0	1769.8765247733097	0.0	0	0.0	2819.559087760368	1	0	1	1.054229550389728
79869.6662086064	1000.0	1949.892879153971	0.0	0	0.0	2819.559087760368	1	0	1	0.3610823698297829
81519.03750984243	2000.0	1300.5215779179491	0.0	0	0.0	2819.559087760368	1	0	1	1.054229550389728
82724.40561271243	1000.0	1095.1534750479486	0.0	0	0.0	2819.559087760368	1	0	1	0.3610823698297829
83731.53228470245	1000.0	1088.0268030579377	0.0	0	0.0	2819.5590877603827	1	0	1	1.0542295503897259
84568.8385738961	1000.0	1250.720513864294	0.0	0	0.0	2819.5590877603972	1	0	1	1.0542295503897237
85181.14031691513	1000.0	1638.4187708452566	0.0	0	0.0	2819.559087760412	1	0	1	1.0542295503897214
85834.82340723003	1000.0	1984.7356805303834	0.0	0	0.0	2819.5590877604263	1	0	1	1.0542295503897192
86816.39500188894	1000.0	2003.1640858714456	0.0	0	0.0	2819.559087760441	1	0	1	1.054229550389717
87664.11543826666	1000.0	2155.44364949372	0.0	0	0.0	2819.559087760441	1	0	1	1.054229550389717
90509.59748982653	2000.0	309.96159793384925	0.0	0	0.0	2819.5590877604263	1	0	1	1.0542295503897192
91293.82457622541	500.0	576.112799217975	50.378287683009546	0	0.0	2869.937375443449	1	0	1	-1.3353843463203212
91970.29452914538	500.0	899.642846297995	0.0	0	0.0	2869.937375443449	1	0	1	0.35317974089762644
92730.68817520836	500.0	1139.2492002350182	0.0	0	0.0	2869.937375443449	1	0	1	0.35317974089762644
93617.71325716343	1000.0	1252.2241182799448	0.0	0	0.0	2869.937375443449	1	0	1	0.3531797408976265
94942.31726122751	1000.0	927.6201142158752	0.0	0	0.0	2869.937375443449	1	0	1	1.046326921457572
95384.24264704103	500.0	1485.6947284023488	0.0	0	0.0	2869.937375443449	1	0	1	-0.33996743966231885
96965.84185609789	1000.0	904.0955193454804	0.0	0	0.0	2869.9373754434346	1	0	1	0.3531797408976288
97958.20090598325	1000.0	911.7364694601351	0.0	0	0.0	2869.9373754434346	1	0	1	1.046326921457574
98546.74621511082	500.0	1323.1911603325816	0.0	0	0.0	2869.9373754434346	1	0	1	-0.33996743966231646
99279.69569032191	1000.0	1590.241685121497	0.0	0	0.0	2869.9373754434346	1	0	1	0.3531797408976288
100050.5407965078	1000.0	1819.3965789356184	0.0	0	0.0	2869.9373754434346	1	0	1	1.046326921457574
100762.97356917578	1000.0	2106.963806267642	0.0	0	0.0	2869.9373754434346	1	0	1	1.046326921457574
101733.02299949784	1000.0	2136.9143759455924	0.0	0	0.0	2869.937375443449	1	0	1	1.046326921457572
103224.61967928367	1000.0	1645.31769615976	0.0	0	0.0	2869.937375443449	1	0	1	1.046326921457572
104483.10254805512	1000.0	1386.8348273883119	0.0	0	0.0	2869.937375443449	1	0	1	1.046326921457572
105960.91370790987	1000.0	909.0236675335523	0.0	0	0.0	2869.937375443449	1	0	1	1.046326921457572
107076.90167714255	500.0	793.0356983008857	0.0	0	0.0	2869.937375443449	1	0	1	-0.33996743966231885
107644.59159322229	500.0	1225.3457822211476	0.0	0	0.0	2869.937375443449	1	0	1	0.35317974089762644
108253.3709752142	1000.0	1616.5664002292306	0.0	0	0.0	2869.937375443449	1	0	1	0.3531797408976265
108798.27334672434	1000.0	2071.6640287190976	0.0	0	0.0	2869.937375443449	1	0	1	1.046326921457572
110083.68405516626	2000.0	1786.2533202771726	0.0	0	0.0	2869.937375443449	1	0	1	1.0463269214575717
111994.34475474087	2000.0	875.5926207025539	0.0	0	0.0	2869.937375443449	1	0	1	1.739474102017517
112797.18126397226	1000.0	1072.7561114711602	0.0	0	0.0	2869.937375443449	1	0	1	0.3531797408976267
113664.03765882802	1000.0	1205.8997166154063	0.0	0	0.0	2869.9373754434346	1	0	1	1.046326921457574
114830.32469795334	1000.0	1039.6126774900936	0.0	0	0.0	2869.9373754434346	1	0	1	1.046326921457574
115873.23036082482	1000.0	996.7070146186239	0.0	0	0.0	2869.9373754434346	1	0	1	1.046326921457574
116440.43676072692	1000.0	1429.5006147165202	0.0	0	0.0	2869.9373754434346	1	0	1	1.046326921457574
117693.29503987943	1000.0	1176.6423355640122	0.0	0	0.0	2869.9373754434346	1	0	1	1.046326921457574
118405.6135757259	500.0	1464.3237997175424	0.0	0	0.0	2869.9373754434346	1	0	1	-0.33996743966231646
120135.66982002281	1000.0	734.2675554206216	0.0	0	0.0	2869.9373754434346	1	0	1	0.3531797408976288
120633.76109532856	500.0	1236.1762801148798	0.0	0	0.0	2869.9373754434346	1	0	1	-0.33996743966231646
122001.58373233439	1000.0	868.3536431090623	0.0	0	0.0	2869.9373754434346	1	0	1	0.3531797408976288
122415.01418094913	500.0	1454.9231944943292	0.0	0	0.0	2869.937375443449	1	0	1	-0.33996743966231885
123260.24597604314	1000.0	1609.691399400316	0.0	0	0.0	2869.937375443449	1	0	1	0.3531797408976265
123992.65106812086	1000.0	1877.2863073225815	0.0	0	0.0	2869.937375443449	1	0	1	1.046326921457572
125264.98358745562	1000.0	1604.9537879878199	0.0	0	0.0	2869.937375443449	1	0	1	1.046326921457572
125809.77715847807	1000.0	2060.1602169653597	0.0	0	0.0	2869.937375443449	1	0	1	1.046326921457572
126888.54520288292	2000.0	1981.392172560516	0.0	0	0.0	2869.937375443449	1	0	1	1.0463269214575717
127633.38251297755	1000.0	2236.554862465894	0.0	0	0.0	2869.9373754434637	1	0	1	0.35317974089762444
129203.93224507172	2000.0	1666.0051303717298	0.0	0	0.0	2869.9373754434782	1	0	1	1.046326921457567
129910.41220677609	1000.0	1959.5251686673569	0.0	0	0.0	2869.9373754434637	1	0	1	0.35317974089762444
130618.76119487062	1000.0	2251.1761805728383	0.0	0	0.0	2869.9373754434637	1	0	1	1.0463269214575697
131638.06632565006	1000.0	2231.871049793364	0.0	0	0.0	2869.93737544342	1	0	1	1.0463269214575734
132335.63778103248	1000.0	2534.299594410956	0.0	0	0.0	2869.9373754434346	1	0	1	1.0463269214575748
133243.44496279236	2000.0	2626.492412651104	0.0	0	0.0	2869.9373754434637	1	0	1	1.0463269214575712
134413.76660657726	2000.0	2456.1707688661936	0.0	0	0.0	2869.9373754434637	1	0	1	1.7394741020175148
135483.1920320016	2000.0	2386.7453434419012	0.0	0	0.0	2869.9373754434637	1	0	1	1.7394741020175148
137438.59406478918	2000.0	1431.3433106543241	0.0	0	0.0	2869.9373754434637	1	0	1	1.7394741020175148
138520.8244985782	1000.0	1349.112876865276	0.0	0	0.0	2869.9373754434637	1	0	1	0.35317974089762444
139482.74878805215	1000.0	1387.1885873913577	0.0	0	0.0	2869.937375443493	1	0	1	1.046326921457565
140274.45352977872	1000.0	1595.483845664803	0.0	0	0.0	2869.937375443493	1	0	1	1.046326921457565
141096.80897812193	1000.0	1773.1283973215866	0.0	0	0.0	2869.937375443493	1	0	1	1.046326921457565
141864.14642077763	1000.0	2005.7909546658998	0.0	0	0.0	2869.937375443493	1	0	1	1.046326921457565
142727.5581518938	1000.0	2142.379223549729	0.0	0	0.0	2869.937375443493	1	0	1	1.046326921457565
143593.76427536152	1000.0	2276.173100082002	0.0	0	0.0	2869.9373754434637	1	0	1	1.0463269214575697
144727.5379765875	1000.0	2142.399398856017	0.0	0	0.0	2869.9373754434637	1	0	1	1.0463269214575697
145730.34227413766	1000.0	2139.595101305845	0.0	0	0.0	2869.9373754434637	1	0	1	1.0463269214575697
147531.3855912441	1000.0	1338.5517841993728	0.0	0	0.0	2869.9373754434346	1	0	1	1.046326921457574
148951.99867522327	1000.0	917.9387002202163	0.0	0	0.0	2869.9373754434346	1	0	1	1.046326921457574
149482.11330817264	500.0	1387.824067270827	0.0	0	0.0	2869.9373754434346	1	0	1	-0.33996743966231646
150723.056758145	1000.0	1146.8806172984903	0.0	0	0.0	2869.9373754434346	1	0	1	0.3531797408976288
151687.541686552	1000.0	1182.3956888915009	0.0	0	0.0	2869.9373754434055	1	0	1	1.046326921457579
152629.2508824072	1000.0	1240.6864930362858	0.0	0	0.0	2869.9373754434055	1	0	1	1.046326921457579
153254.34364111983	1000.0	1615.5937343236592	0.0	0	0.0	2869.9373754434055	1	0	1	1.046326921457579
154185.88343539176	1000.0	1684.0539400517291	0.0	0	0.0	2869.9373754434346	1	0	1	1.046326921457574
155286.50557828217	1000.0	1583.4317971613389	0.0	0	0.0	2869.9373754434346	1	0	1	1.046326921457574
156430.92659665522	1000.0	1439.0107787882898	0.0	0	0.0	2869.9373754434346	1	0	1	1.046326921457574
157360.45086872886	1000.0	1509.4865067146484	0.0	0	0.0	2869.9373754434346	1	0	1	1.046326921457574
158035.3895103468	1000.0	1834.5478650966752	0.0	0	0.0	2869.9373754434346	1	0	1	1.046326921457574
158745.00053620606	1000.0	2124.9368392374004	0.0	0	0.0	2869.9373754434346	1	0	1	1.046326921457574
161175.58868605172	2000.0	694.3486893917438	0.0	0	0.0	2869.9373754434346	1	0	1	1.0463269214575743
161756.06988088315	500.0	1113.8674945603238	0.0	0	0.0	2869.9373754434346	1	0	1	-1.0331146202222619
162801.86173777853	1000.0	1068.075637664901	0.0	0	0.0	2869.9373754434346	1	0	1	0.3531797408976288
163734.4847290698	1000.0	1135.4526463735997	0.0	0	0.0	2869.9373754434346	1	0	1	1.046326921457574
164313.35181321838	1000.0	1556.585562225059	0.0	0	0.0	2869.9373754434637	1	0	1	1.0463269214575697
164952.54806354124	1000.0	1917.3893119021996	0.0	0	0.0	2869.9373754434637	1	0	1	1.0463269214575697
166232.0112234143	2000.0	1637.9261520291548	0.0	0	0.0	2869.9373754434637	1	0	1	1.0463269214575694
167239.14389389704	1000.0	1630.7934815464237	0.0	0	0.0	2869.9373754434346	1	0	1	0.35317974089762905
168234.26245535645	1000.0	1635.6749200870324	0.0	0	0.0	2869.9373754434637	1	0	1	1.0463269214575697
169309.07215428512	1000.0	1560.8652211583667	0.0	0	0.0	2869.9373754434637	1	0	1	1.0463269214575697
169992.58313696485	1000.0	1877.3542384786033	0.0	0	0.0	2869.9373754434637	1	0	1	1.0463269214575697
170659.76516548696	1000.0	2210.1722099565004	0.0	0	0.0	2869.937375443493	1	0	1	1.046326921457565
171725.57696455877	1000.0	2144.360410884728	0.0	0	0.0	2869.937375443522	1	0	1	1.046326921457562
173153.74599942213	1000.0	1716.1913760213831	0.0	0	0.0	2869.937375443551	1	0	1	1.0463269214575555
174576.32656776594	1000.0	1293.610807677584	0.0	0	0.0	2869.93737544358	1	0	1	1.0463269214575528
175371.77371412475	1000.0	1498.163661318778	0.0	0	0.0	2869.93737544358	1	0	1	1.0463269214575508
176253.54782704267	1000.0	1616.3895484008333	0.0	0	0.0	2869.937375443551	1	0	1	1.0463269214575555
176924.74884703234	1000.0	1945.1885284111472	0.0	0	0.0	2869.937375443551	1	0	1	1.0463269214575555
177675.84875211082	1000.0	2194.0886233326632	0.0	0	0.0	2869.937375443551	1	0	1	1.0463269214575555
178677.13229414387	1000.0	2192.805081299604	0.0	0	0.0	2869.937375443522	1	0	1	1.0463269214575601
179797.44375321188	1000.0	2072.4936222315737	0.0	0	0.0	2869.937375443522	1	0	1	1.0463269214575601
180881.15171380027	1000.0	1988.7856616431693	0.0	0	0.0	2869.937375443522	1	0	1	1.0463269214575601
181866.7572303834	1000.0	2003.1801450600124	0.0	0	0.0	2869.937375443522	1	0	1	1.0463269214575601
182699.2929112129	1000.0	2170.6444642305432	0.0	0	0.0	2869.937375443551	1	0	1	1.0463269214575555
183612.5532595836	1000.0	2257.3841158598198	0.0	0	0.0	2869.937375443522	1	0	1	1.0463269214575581
184745.01292260253	1000.0	2124.924452840889	0.0	0	0.0	2869.937375443522	1	0	1	1.0463269214575601
185640.19563994984	1000.0	2229.741735493564	0.0	0	0.0	2869.937375443551	1	0	1	1.0463269214575555
187664.26490644572	2000.0	1205.6724689977352	0.0	0	0.0	2869.93737544358	1	0	1	1.046326921457551
188519.3101048128	1000.0	1350.627270630651	0.0	0	0.0	2869.937375443551	1	0	1	0.3531797408976094
189082.04999583997	1000.0	1787.8873796034677	0.0	0	0.0	2869.937375443551	1	0	1	1.0463269214575555
190633.56023227156	2000.0	1236.3771431718883	0.0	0	0.0	2869.937375443551	1	0	1	1.0463269214575555
191765.6144808176	1000.0	1104.322894625856	0.0	0	0.0	2869.937375443551	1	0	1	0.3531797408976103
193433.03929403555	1000.0	436.89808140790467	0.0	0	0.0	2869.937375443522	1	0	1	1.0463269214575601
194025.56672158296	500.0	844.3706538604803	0.0	0	0.0	2869.937375443522	1	0	1	-0.3399674396623305
194784.76566033173	1000.0	1085.1717151117327	0.0	0	0.0	2869.937375443522	1	0	1	0.3531797408976148
195515.82087102256	1000.0	1354.1165044209174	0.0	0	0.0	2869.937375443551	1	0	1	1.0463269214575555
196202.6982862548	1000.0	1667.239089188675	0.0	0	0.0	2869.937375443551	1	0	1	1.0463269214575555
196846.48105004345	1000.0	2023.4563254000523	0.0	0	0.0	2869.937375443551	1	0	1	1.0463269214575555
197927.06363411032	1000.0	1942.8737413331753	0.0	0	0.0	2869.937375443551	1	0	1	1.0463269214575555
199600.70474205868	1000.0	1269.2326333848173	0.0	0	0.0	2869.93737544358	1	0	1	1.0463269214575508
200227.6765806536	500.0	1642.260794789881	0.0	0	0.0	2869.93737544358	1	0	1	-0.3399674396623398
202198.00094175932	1000.0	671.936433684144	0.0	0	0.0	2869.93737544358	1	0	1	0.3531797408976055
202944.21260879238	500.0	925.7247666511048	0.0	0	0.0	2869.93737544358	1	0	1	-0.3399674396623398
203733.61963456924	500.0	1136.3177408742547	0.0	0	0.0	2869.937375443551	1	0	1	0.35317974089761006
204666.82146335288	500.0	1203.1159120905922	0.0	0	0.0	2869.937375443522	1	0	1	0.35317974089761384
206365.37168629453	1000.0	504.5656891489466	0.0	0	0.0	2869.937375443493	1	0	1	0.3531797408976195
207075.67999467024	500.0	794.2573807732417	0.0	0	0.0	2869.937375443493	1	0	1	-0.3399674396623259
207534.46433050107	500.0	1335.473044942381	0.0	0	0.0	2869.937375443493	1	0	1	0.35317974089761944
208783.7969974491	1000.0	1086.14037799436	0.0	0	0.0	2869.937375443493	1	0	1	0.3531797408976195
209540.1315804942	500.0	1329.805794949264	0.0	0	0.0	2869.937375443522	1	0	1	-0.3399674396623305
210714.7175983574	1000.0	1155.2197770860726	0.0	0	0.0	2869.937375443522	1	0	1	0.3531797408976148
211662.93673758116	1000.0	1207.000637862317	0.0	0	0.0	2869.937375443493	1	0	1	1.046326921457564
212557.40078198048	1000.0	1312.5365934629915	0.0	0	0.0	2869.937375443522	1	0	1	1.046326921457562
213220.6208770356	1000.0	1649.3164984078887	0.0	0	0.0	2869.937375443522	1	0	1	1.0463269214575601
214415.38463681238	1000.0	1454.5527386311087	0.0	0	0.0	2869.937375443493	1	0	1	1.0463269214575621
215297.27178816986	1000.0	1572.6655872736408	0.0	0	0.0	2869.937375443493	1	0	1	1.046326921457565
215709.3920420347	1000.0	2160.545333408808	0.0	0	0.0	2869.937375443493	1	0	1	1.046326921457565
216573.55529883155	2000.0	2296.3820766119293	0.0	0	0.0	2869.937375443493	1	0	1	1.0463269214575648
218271.24133240682	2000.0	1598.696043036644	0.0	0	0.0	2869.937375443493	1	0	1	1.7394741020175088
219606.95345436284	1000.0	1262.9839210805965	0.0	0	0.0	2869.937375443493	1	0	1	0.3531797408976197
221180.05201206685	1000.0	689.8853633765593	0.0	0	0.0	2869.937375443493	1	0	1	1.046326921457565
221555.35717925304	500.0	1314.5801961903965	0.0	0	0.0	2869.937375443493	1	0	1	-0.3399674396623259
222326.38369930972	1000.0	1543.5536761337137	0.0	0	0.0	2869.937375443493	1	0	1	0.3531797408976195
223009.5812023396	1000.0	1860.3561731038137	0.0	0	0.0	2869.937375443493	1	0	1	1.046326921457565
223966.10205575408	1000.0	1903.8353196893472	0.0	0	0.0	2869.937375443493	1	0	1	1.046326921457565
224528.1405616366	1000.0	2341.7968138068472	0.0	0	0.0	2869.937375443522	1	0	1	1.046326921457561
225533.7804731028	2000.0	2336.156902340624	0.0	0	0.0	2869.937375443551	1	0	1	1.0463269214575583
226549.90111211716	1000.0	2320.0362633262384	0.0	0	0.0	2869.937375443551	1	0	1	0.3531797408976103
228452.58047776972	2000.0	1417.356897673677	0.0	0	0.0	2869.937375443551	1	0	1	1.0463269214575555
229193.30320371658	1000.0	1676.6341717268238	0.0	0	0.0	2869.937375443551	1	0	1	0.3531797408976103
230135.18988476857	1000.0	1734.7474906748573	0.0	0	0.0	2869.93737544358	1	0	1	1.0463269214575508
231281.11428136934	1000.0	1588.8230940740698	0.0	0	0.0	2869.937375443609	1	0	1	1.0463269214575461
232568.93507593364	1000.0	1301.0022995097693	0.0	0	0.0	2869.937375443609	1	0	1	1.0463269214575461
233333.66250292823	1000.0	1536.2748725151741	0.0	0	0.0	2869.937375443609	1	0	1	1.0463269214575461
233872.08651788466	1000.0	1997.8508575587784	0.0	0	0.0	2869.937375443609	1	0	1	1.0463269214575461
235690.45495839932	2000.0	1179.4824170441382	0.0	0	0.0	2869.937375443609	1	0	1	1.0463269214575464
236450.3377125997	1000.0	1419.59966284376	0.0	0	0.0	2869.937375443609	1	0	1	0.35317974089760107
237544.63891008185	1000.0	1325.2984653616222	0.0	0	0.0	2869.937375443609	1	0	1	1.0463269214575461
238456.02223329633	1000.0	1413.9151421471554	0.0	0	0.0	2869.93737544358	1	0	1	1.0463269214575481
240178.39345708714	1000.0	691.5439183563356	0.0	0	0.0	2869.937375443551	1	0	1	1.0463269214575555
241070.22804445223	500.0	799.7093309912144	0.0	0	0.0	2869.937375443522	1	0	1	-0.3399674396623305
241606.83237116347	500.0	1263.105004279995	0.0	0	0.0	2869.937375443522	1	0	1	0.3531797408976148
243117.47162953616	1000.0	752.465745907301	0.0	0	0.0	2869.937375443522	1	0	1	0.3531797408976148
243763.0580601046	500.0	1106.8793153388453	0.0	0	0.0	2869.937375443551	1	0	1	-0.33996743966233534
244676.48018031608	1000.0	1193.4571951273792	0.0	0	0.0	2869.937375443522	1	0	1	0.3531797408976129
245449.67024685783	500.0	1420.2671285856127	0.0	0	0.0	2869.937375443522	1	0	1	-0.3399674396623305
246345.56760630754	1000.0	1524.3697691359316	0.0	0	0.0	2869.937375443551	1	0	1	0.35317974089761384
247321.30694363394	1000.0	1548.6304318095517	0.0	0	0.0	2869.937375443522	1	0	1	1.0463269214575563
248064.01592742148	1000.0	1805.921448022009	0.0	0	0.0	2869.937375443522	1	0	1	1.0463269214575601
249194.33330969256	1000.0	1675.6040657509063	0.0	0	0.0	2869.937375443522	1	0	1	1.0463269214575601
249736.42777928727	1000.0	2133.5095961561983	0.0	0	0.0	2869.937375443551	1	0	1	1.0463269214575555
250613.94904164557	1000.0	2255.988333797941	0.0	0	0.0	2869.937375443551	1	0	1	1.0463269214575555
251823.96973617203	1000.0	2045.967639271456	0.0	0	0.0	2869.93737544358	1	0	1	1.0463269214575508
252950.88952443807	1000.0	1919.0478510054204	0.0	0	0.0	2869.93737544358	1	0	1	1.0463269214575508
254728.1232788349	1000.0	1141.8140966086153	0.0	0	0.0	2869.93737544358	1	0	1	1.0463269214575508
255661.61971633128	500.0	1208.3176591122492	0.0	0	0.0	2869.937375443609	1	0	1	-0.3399674396623448
256387.84500299627	500.0	1482.0923724472414	0.0	0	0.0	2869.93737544358	1	0	1	0.3531797408976036
257343.21783105234	1000.0	1526.7195443911676	0.0	0	0.0	2869.93737544358	1	0	1	0.3531797408976055
258070.02476768137	1000.0	1799.912607762106	0.0	0	0.0	2869.93737544358	1	0	1	1.0463269214575508
258590.94764199055	1000.0	2278.989733452903	0.0	0	0.0	2869.93737544358	1	0	1	1.0463269214575508
259605.16172343367	2000.0	2264.775652009804	0.0	0	0.0	2869.93737544358	1	0	1	1.046326921457551
261085.52506657044	2000.0	1784.4123088730469	0.0	0	0.0	2869.937375443551	1	0	1	1.7394741020175006
261635.59515815292	1000.0	2234.3422172905343	0.0	0	0.0	2869.937375443551	1	0	1	0.3531797408976103
263554.4206659407	2000.0	1315.5167095028132	0.0	0	0.0	2869.9373754436383	1	0	1	1.046326921457549
264340.3792405499	1000.0	1529.5581348936705	0.0	0	0.0	2869.9373754437547	1	0	1	0.3531797408975861
265065.595060167	1000.0	1804.3423152765918	0.0	0	0.0	2869.9373754437547	1	0	1	1.0463269214575182
265956.11505065684	1000.0	1913.8223247868034	0.0	0	0.0	2869.9373754437547	1	0	1	1.0463269214575228
267121.91595751775	1000.0	1748.0214179258894	0.0	0	0.0	2869.937375443813	1	0	1	1.0463269214575135
268544.10686398624	1000.0	1325.8305114574127	0.0	0	0.0	2869.937375443813	1	0	1	1.0463269214575077
269695.31000529305	1000.0	1174.627370150642	0.0	0	0.0	2869.9373754437547	1	0	1	1.0463269214575228
270799.589569764	1000.0	1070.3478056797414	0.0	0	0.0	2869.9373754437547	1	0	1	1.0463269214575228
271675.2003453683	1000.0	1194.7370300754444	0.0	0	0.0	2869.937375443813	1	0	1	1.0463269214575135
272287.04454547714	1000.0	1582.89282996658	0.0	0	0.0	2869.9373754437547	1	0	1	1.0463269214575228
273053.804245877	1000.0	1816.1331295666776	0.0	0	0.0	2869.9373754437547	1	0	1	1.0463269214575228
274115.2263437796	1000.0	1754.711031664137	0.0	0	0.0	2869.9373754437547	1	0	1	1.0463269214575228
274764.0368930149	1000.0	2105.90048242877	0.0	0	0.0	2869.9373754437547	1	0	1	1.0463269214575228
275642.7208895111	1000.0	2227.2164859326067	0.0	0	0.0	2869.9373754437547	1	0	1	1.0463269214575228
276484.0489839875	1000.0	2385.8883914561998	0.0	0	0.0	2869.9373754437547	1	0	1	1.0463269214575228
277645.8262334828	2000.0	2224.1111419608847	0.0	0	0.0	2869.9373754437547	1	0	1	1.0463269214575226
278665.5958307738	1000.0	2204.3415446699287	0.0	0	0.0	2869.9373754437547	1	0	1	0.35317974089757764
279642.5048266131	1000.0	2227.4325488306267	0.0	0	0.0	2869.9373754437547	1	0	1	1.0463269214575228
280733.35555062053	1000.0	2136.5818248231844	0.0	0	0.0	2869.937375443813	1	0	1	1.0463269214575135
281546.4562900558	1000.0	2323.481085387885	0.0	0	0.0	2869.9373754437547	1	0	1	1.0463269214575228
282648.3160936133	2000.0	2221.621281830479	0.0	0	0.0	2869.9373754437547	1	0	1	1.0463269214575226
283797.32262594096	2000.0	2072.6147495028076	0.0	0	0.0	2869.937375443813	1	0	1	1.7394741020174604
285482.6853598982	2000.0	1387.2520155455497	0.0	0	0.0	2869.937375443813	1	0	1	1.7394741020174587
286175.3371319139	1000.0	1694.600243529816	0.0	0	0.0	2869.9373754437547	1	0	1	0.35317974089757764
287452.59628807375	1000.0	1417.3410873700686	0.0	0	0.0	2869.9373754437547	1	0	1	1.0463269214575228
288474.36978126597	1000.0	1395.5675941779348	0.0	0	0.0	2869.937375443813	1	0	1	1.0463269214575173
289080.3745444958	1000.0	1789.5628309481351	0.0	0	0.0	2869.9373754437547	1	0	1	1.0463269214575228
289625.2178608091	1000.0	2244.7195146347512	0.0	0	0.0	2869.9373754437547	1	0	1	1.0463269214575228
292029.88694919366	2000.0	840.0504262501984	0.0	0	0.0	2869.9373754436965	1	0	1	1.0463269214575321
292550.88237439113	500.0	1319.0550010527963	0.0	0	0.0	2869.9373754436965	1	0	1	-1.0331146202223038
293572.2694263719	1000.0	1297.6679490720237	0.0	0	0.0	2869.9373754437547	1	0	1	0.3531797408975812
294440.5380925629	1000.0	1429.3992828810387	0.0	0	0.0	2869.9373754436965	1	0	1	1.0463269214575321
296289.1769109417	1000.0	580.7604645022396	0.0	0	0.0	2869.9373754436383	1	0	1	1.0463269214575415
296979.0981508104	500.0	890.839224633577	0.0	0	0.0	2869.9373754436383	1	0	1	-0.3399674396623492
297513.20113672497	500.0	1356.7362387189978	0.0	0	0.0	2869.9373754436965	1	0	1	0.35317974089758675
299097.7820954533	1000.0	772.1552799906169	0.0	0	0.0	2869.9373754436383	1	0	1	0.3531797408975962
299698.46572891576	500.0	1171.471646528125	0.0	0	0.0	2869.9373754436383	1	0	1	-0.3399674396623492
300500.4012670291	1000.0	1369.5361084147862	0.0	0	0.0	2869.9373754436965	1	0	1	0.3531797408975905
301086.18731536524	1000.0	1783.7500600786907	0.0	0	0.0	2869.9373754436965	1	0	1	1.0463269214575321
1.44	1.39	1.52	1.24	1.07	1.37	1.42	1.6	0.79	1.01	0.72	1.2	1.66	1.66	1.42	0.81	1.19	0.9	1.16	1.1	0.89	0.73	0.79	1.4	1.42	1.37	0.95	1.03	1.37	1.09	1.36	1.25	1.04	1.04	1.61	1.31	0.83	1.74	1.44	1.59	0.65	0.8	1.02	1.14	1.26	1.17	1.01	0.5	0.71	0.7	0.52	0.73	0.6	0.86	0.65	0.93	0.9	0.71	0.9	1.03	1.26	1.27	0.79	1.2	1.9	1.63	0.89	0.96	1.18	0.56	1.29	1.45	1.33	1.62	1.16	1.53	1.3	1.51	1.09	0.9	0.93	1.32	1.68	1.42	1.23	1.27	0.95	0.83	0.61	0.75	0.97	0.71	0.98	0.75	1.01	0.96	1.07	1.22	1.44	1.16	0.78	0.66	0.83	0.74	0.57	1.3	1.6	2.11	1.42	1.33	1.69	1.08	1.04	1.49	1.01	0.56	0.65	0.98	1.1	0.94	1.24	1.07	0.86	1.47	1.29	1.92	1.09	1.26	1.16	1.19	1.67	2.06	2.1	1.12	1.22	0.96	1.07	1.61	1.49	0.97	0.81	1.2	1.05	0.6	0.63	0.88	0.83	0.93	0.98	1.7	1.44	1.39	1.52	1.24	1.07	1.37	1.42	1.6	0.79	1.01	0.72	1.2	1.66	1.66	1.42	0.81	1.19	0.9	1.16	1.1	0.89	0.73	0.79	1.4	1.42	1.37	0.95	1.03	1.37	1.09	1.36	1.25	1.04	1.04	1.61	1.31	0.83	1.74	1.44	1.59	0.65	0.8	1.02	1.14	1.26	1.17	1.01	0.5	0.71	0.7	0.52	0.73	0.6	0.86	0.65	0.93	0.9	0.71	0.9	1.03	1.26	1.27	0.79	1.2	1.9	1.63	0.89	0.96	1.18	0.56	1.29	1.45	1.33	1.62	1.16	1.53	1.3	1.51	1.09	0.9	0.93	1.32	1.68	1.42	1.23	1.27	0.95	0.83	0.61	0.75	0.97	0.71	0.98	0.75	1.01	0.96	1.07	1.22	1.44	1.16	0.78	0.66	0.83	0.74	0.57	1.3	1.6	2.11	1.42	1.33	1.69	1.08	1.04	1.49	1.01	0.56	0.65	0.98	1.1	0.94	1.24	1.07	0.86	1.47	1.29	1.92	1.09	1.26	1.16	1.19	1.67	2.06	2.1	1.12	1.22	0.96	1.07	1.61	1.49	0.97	0.81	1.2	1.05	0.6	0.63	0.88	0.83	0.93	0.98	1.7	1.44	1.39	1.52
1.0	2.0	3.0	4.0	5.0	6.0	7.0	8.0	9.0	10.0	11.0	12.0	13.0	14.0	15.0	16.0	17.0	18.0	19.0	20.0	21.0	22.0	23.0	24.0	25.0	26.0	27.0	28.0	29.0	30.0	31.0	32.0	33.0	34.0	35.0	36.0	37.0	38.0	39.0	40.0	41.0	42.0	43.0	44.0	45.0	46.0	47.0	48.0	49.0	50.0	51.0	52.0	53.0	54.0	55.0	56.0	57.0	58.0	59.0	60.0	61.0	62.0	63.0	64.0	65.0	66.0	67.0	68.0	69.0	70.0	71.0	72.0	73.0	74.0	75.0	76.0	77.0	78.0	79.0	80.0	81.0	82.0	83.0	84.0	85.0	86.0	87.0	88.0	89.0	90.0	91.0	92.0	93.0	94.0	95.0	96.0	97.0	98.0	99.0	100.0	101.0	102.0	103.0	104.0	105.0	106.0	107.0	108.0	109.0	110.0	111.0	112.0	113.0	114.0	115.0	116.0	117.0	118.0	119.0	120.0	121.0	122.0	123.0	124.0	125.0	126.0	127.0	128.0	129.0	130.0	131.0	132.0	133.0	134.0	135.0	136.0	137.0	138.0	139.0	140.0	141.0	142.0	143.0	144.0	145.0	146.0	147.0	148.0	149.0	149.0	150.0	151.0	152.0	153.0	154.0	155.0	156.0	157.0	158.0	159.0	160.0	161.0	162.0	163.0	164.0	165.0	166.0	167.0	168.0	169.0	170.0	171.0	172.0	173.0	174.0	175.0	176.0	177.0	178.0	179.0	180.0	181.0	182.0	183.0	184.0	185.0	186.0	187.0	188.0	189.0	190.0	191.0	192.0	193.0	194.0	195.0	196.0	197.0	198.0	199.0	200.0	201.0	202.0	203.0	204.0	205.0	206.0	207.0	208.0	209.0	210.0	211.0	212.0	213.0	214.0	215.0	216.0	217.0	218.0	219.0	220.0	221.0	222.0	223.0	224.0	225.0	226.0	227.0	228.0	229.0	230.0	231.0	232.0	233.0	234.0	235.0	236.0	237.0	238.0	239.0	240.0	241.0	242.0	243.0	244.0	245.0	246.0	247.0	248.0	249.0	250.0	251.0	252.0	253.0	254.0	255.0	256.0	257.0	258.0	259.0	260.0	261.0	262.0	263.0	264.0	265.0	266.0	267.0	268.0	269.0	270.0	271.0	272.0	273.0	274.0	275.0	276.0	277.0	278.0	279.0	280.0	281.0	282.0	283.0	284.0	285.0	286.0	287.0	288.0	289.0	290.0	291.0	292.0	293.0	294.0	295.0	296.0	297.0	298.0	298.0	299.0	300.0	301.0
2278.305041268476
