5888.934050419051	300.0	2000.0	99.56282780864943	0	0.0	5888.934050419051	1	0	1	-2.459432252169094
6333.827178473854	2000.0	2510.6175591397173	0.0	0	0.0	5844.444737613571	1	0	2	-2.245305452023085
6912.806169030019	3000.0	2873.7406695279356	0.0	0	0.0	5786.546838557955	1	0	2	-0.09496685864761428
7758.628307974833	3000.0	2943.336316688641	0.0	0	0.0	5701.964624663474	1	0	2	0.3874629003005179
8711.014583282025	3000.0	2895.711413850729	0.0	0	0.0	5606.725997132755	1	0	2	0.47725336570505267
9816.564527430775	3000.0	2679.606475287106	0.0	0	0.0	5496.171002717881	1	0	2	0.5773401357809285
11167.857861609114	3000.0	2193.1838076909326	0.0	0	0.0	5361.041669300045	1	0	2	0.6995672832209752
12247.189035672913	3000.0	2005.919516220753	0.0	0	0.0	5253.108551893664	1	0	2	0.8016068170160711
13608.368212458981	3000.0	1508.6224217560764	0.0	0	0.0	5116.990634215057	1	0	2	0.9108956491556619
14501.014083611317	2000.0	1526.7119634885084	0.0	0	0.0	5027.726047099826	1	0	2	0.18567365262587326
15230.545271050305	2000.0	1724.2276573056217	0.0	0	0.0	4954.772928355927	1	0	2	0.6529897056867326
15932.60735763156	2000.0	1951.9593620662426	0.0	0	0.0	4884.566719697803	1	0	2	0.706144450745668
16822.78898627958	2000.0	1972.7595705534254	0.0	0	0.0	4795.548556833004	1	0	2	0.7688740230493933
17693.118255633835	3000.0	2015.3973742637397	0.0	0	0.0	4708.515629897574	1	0	2	0.8303412964541912
18464.64834407668	3000.0	2166.714276976611	0.0	0	0.0	4631.362621053289	1	0	2	1.288436590997836
20382.91681257751	3000.0	1056.61896162569	0.0	0	0.0	4439.535774203199	1	0	2	1.390341580082131
21082.620338497105	2000.0	1286.945083114135	0.0	0	0.0	4369.565421611238	1	0	2	0.6368756549887072
22265.26033259086	2000.0	986.0410896110067	0.0	0	0.0	4251.301422201861	1	0	2	1.099241067413744
22987.98511635994	2000.0	1191.0438274650137	0.0	0	0.0	4179.028943824949	1	0	2	1.1410426189085179
24177.435582407357	2000.0	882.6483148128553	0.0	0	0.0	4060.0838972202073	1	0	2	1.1888843960131656
24758.114518780283	1000.0	1301.9693784399317	0.0	0	0.0	4060.0838972202073	1	0	1	-0.18191217877985313
25725.485115841784	1000.0	1334.5987813784272	0.0	0	0.0	4060.0838972202037	1	0	1	0.7112350017800938
26514.61377556136	1000.0	1545.470121658854	0.0	0	0.0	4060.0838972202037	1	0	1	0.7112350017800938
27054.313047757314	1000.0	2005.7708494628992	0.0	0	0.0	4060.0838972202073	1	0	1	0.7112350017800921
27939.441433157575	2000.0	2032.1296255226093	0.0	0	0.0	3971.571058680176	1	0	2	0.3410023726909365
28899.07861209304	2000.0	1976.528728693603	0.0	0	0.0	3875.607340786639	1	0	2	1.2721385408343815
29602.56507898764	2000.0	2202.693615109538	0.0	0	0.0	3805.258694097178	1	0	2	1.2997534551553338
30079.647284875933	2000.0	2677.9031886324187	0.0	0	0.0	3757.5504735083523	1	0	2	1.3184880519049218
30706.54159537993	3000.0	2988.319447078022	0.0	0	0.0	3694.8610424579565	1	0	2	1.3392040652311787
31483.215998535048	3000.0	3133.977603607394	0.0	0	0.0	3617.1936021424444	1	0	2	1.768027592525675
32337.9065816393	3000.0	3193.8179621927143	0.0	0	0.0	3531.724543832017	1	0	2	1.793552312614603
35606.50511510207	3000.0	598.3595753836802	0.0	0	0.0	3204.8646904857487	1	0	2	1.8606458134314707
35917.792678405815	500.0	1287.0720120799315	0.0	0	0.0	3204.8646904857524	1	0	1	-1.701393838463177
36710.45524015655	1000.0	1494.4094503291929	0.0	0	0.0	3204.8646904857524	1	0	1	0.2903656307648782
37326.588914990396	1000.0	1878.2757754953495	0.0	0	0.0	3204.8646904857524	1	0	1	0.9835128113248236
38172.01030470963	2000.0	2032.854385776118	0.0	0	0.0	3204.864690485745	1	0	1	0.983512811324825
38828.95432867052	2000.0	2375.9103618152267	0.0	0	0.0	3204.864690485745	1	0	1	1.6766599918847702
39608.27199088108	2000.0	2596.592699604664	0.0	0	0.0	3204.8646904857524	1	0	1	1.6766599918847684
40468.885757260934	2000.0	2649.9175565868304	0.0	0	0.0	3118.803313847762	1	0	2	1.2903581111213578
41200.0	2000.0	2845.6918895738518	0.0	0	45.32861050946667	3045.6918895738563	1	0	2	1.5047714778900785
42200.0	3000.0	2745.691889573854	0.0	0	281.64553532574064	2945.6918895738636	1	0	2	1.5207674041255905
43200.0	3000.0	2645.6918895738554	0.0	0	18.391374009406718	2845.6918895738636	1	0	2	1.9448230878381985
44200.0	3000.0	2545.6918895738527	0.0	0	13.148716558476735	2745.6918895738636	1	0	2	1.95972959774668
45200.0	3000.0	2445.691889573857	0.0	0	442.2824132575479	2645.6918895738636	1	0	2	1.972304351360639
46200.0	3000.0	2345.691889573862	0.0	0	104.48470446386636	2545.691889573871	1	0	2	1.9856107654619992
47200.0	3000.0	2245.6918895738636	0.0	0	88.12130666404846	2445.6918895738636	1	0	2	1.9975174919270213
48200.0	2000.0	2145.691889573862	0.0	0	148.10024905537284	2345.691889573871	1	0	2	1.1972772615745502
49513.031958496285	2000.0	1701.3567352279438	0.0	0	0.0	2214.388693724228	1	0	2	1.6151252330212449
50461.56058074587	2000.0	1752.8281129783525	0.0	0	0.0	2214.388693724228	1	0	1	1.6182450673651356
51206.15596242827	2000.0	2008.2327312959449	0.0	0	0.0	2214.388693724228	1	0	1	1.8182450673651358
52200.0	2000.0	2014.3886937242064	0.0	0	483.7096546338289	2214.388693724228	1	0	1	1.8182450673651358
53200.0	3000.0	1914.38869372421	0.0	0	261.1266831732646	2114.388693724235	1	0	2	1.4235595267106151
54200.0	2000.0	1914.3886937242125	0.0	0	224.5733439572141	2114.388693724235	1	0	1	1.2210571309078901
55200.0	3000.0	1814.388693724213	0.0	0	162.46865718925983	2014.3886937242278	1	0	2	1.4316047610682718
56239.37568533575	3000.0	1671.0754398548947	0.0	0	0.0	1910.4511251906588	1	0	2	2.0450168919515357
57200.0	2000.0	1710.4511251906479	0.0	0	246.50708131416468	1910.451125190666	1	0	1	1.2356615644282019
58269.12822649593	2000.0	1641.32289869471	0.0	0	0.0	1910.451125190666	1	0	1	1.8411266725363666
59912.302008793806	2000.0	998.1491163968358	0.0	0	0.0	1910.451125190666	1	0	1	1.8411266725363666
60835.81834713216	2000.0	1074.6327780584786	0.0	0	0.0	1910.451125190666	1	0	1	1.8411266725363666
61497.558793043274	2000.0	1412.8923321473646	0.0	0	0.0	1910.451125190666	1	0	1	1.8411266725363666
62757.52461881044	2000.0	1152.9265063802018	0.0	0	0.0	1910.4511251906588	1	0	1	1.8411266725363673
63851.901352898996	2000.0	1058.549772291648	0.0	0	0.0	1910.4511251906588	1	0	1	1.8411266725363673
64687.334575749	2000.0	1223.1165494416368	0.0	0	0.0	1910.4511251906588	1	0	1	1.8411266725363673
65549.98439651224	2000.0	1360.4667286783908	0.0	0	0.0	1910.4511251906442	1	0	1	1.8411266725363677
66447.71668530277	2000.0	1462.7344398878672	0.0	0	0.0	1910.4511251906515	1	0	1	1.841126672536368
67200.0	2000.0	1710.4511251906283	0.0	0	56.48058618871437	1910.451125190637	1	0	1	1.8411266725363682
68200.0	2000.0	1710.4511251906242	0.0	0	351.56365161981375	1910.451125190637	1	0	1	1.8411266725363686
69200.0	2000.0	1710.4511251906176	0.0	0	403.5415727392683	1910.451125190637	1	0	1	1.8411266725363686
70200.0	2000.0	1710.451125190603	0.0	0	326.81305559538305	1910.4511251906224	1	0	1	1.8411266725363695
71395.98631014705	2000.0	1514.4648150435391	0.0	0	0.0	1910.4511251906224	1	0	1	1.8411266725363695
72388.08012263048	2000.0	1522.3710025601154	0.0	0	0.0	1910.4511251906224	1	0	1	1.8411266725363695
73200.0	2000.0	1710.451125190592	0.0	0	35.81100309555768	1910.4511251906224	1	0	1	1.8411266725363695
74200.0	2000.0	1710.451125190607	0.0	0	30.13044391387666	1910.4511251906224	1	0	1	1.8411266725363695
75200.0	2000.0	1710.4511251905992	0.0	0	350.2300831932662	1910.4511251906224	1	0	1	1.8411266725363695
76200.0	2000.0	1710.4511251905867	0.0	0	252.54282027458248	1910.4511251906224	1	0	1	1.8411266725363695
77200.0	3000.0	1710.4511251905894	0.0	0	23.92078495147871	1910.4511251906224	1	0	1	1.8411266725363697
78354.84103358186	3000.0	1555.610091608725	0.0	0	0.0	1910.4511251906224	1	0	1	2.2465917806445344
79928.02730012803	2000.0	982.4238250625523	0.0	0	0.0	1910.4511251906224	1	0	1	1.435661564428205
81036.49495986044	2000.0	873.956165330129	0.0	0	0.0	1910.4511251906224	1	0	1	1.8411266725363695
81612.66970766406	2000.0	1297.7814175265157	0.0	0	0.0	1910.4511251906224	1	0	1	1.8411266725363695
82200.0	2000.0	1710.4511251905703	0.0	0	160.81550555153808	1910.4511251906224	1	0	1	1.8411266725363695
83200.0	3000.0	1710.4511251905594	0.0	0	203.09158153452154	1910.4511251906224	1	0	1	1.8411266725363697
84419.87757921586	3000.0	1368.5857880531305	0.0	0	0.0	1788.4633672690688	1	0	2	1.8518622533988602
85200.0	2000.0	1588.4633672690024	0.0	0	137.32659622453502	1788.4633672690688	1	0	1	1.2431171939299874
86200.0	2000.0	1588.4633672690045	0.0	0	163.7698997888947	1788.4633672690688	1	0	1	1.8485823020381522
87200.0	2000.0	1588.4633672689972	0.0	0	462.44933240275714	1788.4633672690688	1	0	1	1.8485823020381522
88200.0	2000.0	1588.4633672690063	0.0	0	607.049569675466	1788.4633672690688	1	0	1	1.8485823020381522
89200.0	3000.0	1488.463367269	0.0	0	327.52948861772893	1688.4633672690543	1	0	2	1.4520815662581616
90200.0	6000.0	1488.4633672689886	0.0	0	115.59946062791278	1688.4633672690543	1	0	1	2.0595339950430667
91764.25227398098	6000.0	924.2110932879926	0.0	0	0.0	1688.4633672690543	1	0	1	2.952681175603012
92750.65871650899	2000.0	937.8046507599877	0.0	0	0.0	1688.4633672690397	1	0	1	0.7554565982667936
93719.01617397387	2000.0	969.4471932951186	0.0	0	0.0	1688.4633672690397	1	0	1	1.8540688869349031
94454.96804370309	2000.0	1233.495323565891	0.0	0	0.0	1688.4633672690252	1	0	1	1.854068886934904
95323.90918226483	2000.0	1364.5541850041452	0.0	0	0.0	1688.4633672690252	1	0	1	1.854068886934904
96468.87115995835	2000.0	1219.5922073106285	0.0	0	0.0	1688.4633672690252	1	0	1	1.854068886934904
97200.0	2000.0	1488.4633672689706	0.0	0	112.18906777493248	1688.4633672690252	1	0	1	1.854068886934904
98200.0	2000.0	1488.4633672689945	0.0	0	307.01476447565074	1688.4633672690252	1	0	1	1.854068886934904
99200.0	2000.0	1488.4633672689772	0.0	0	190.59964456882153	1688.4633672690106	1	0	1	1.854068886934905
100289.8694790213	2000.0	1398.593888247663	0.0	0	0.0	1688.4633672690106	1	0	1	1.854068886934905
101288.50921262776	2000.0	1399.954154641223	0.0	0	0.0	1688.4633672690106	1	0	1	1.854068886934905
102200.0	2000.0	1488.4633672689688	0.0	0	37.152553240346606	1688.463367268996	1	0	1	1.8540688869349053
103200.0	2000.0	1488.4633672689843	0.0	0	120.23212586255977	1688.463367268996	1	0	1	1.8540688869349053
104777.30787308459	2000.0	911.155494184409	0.0	0	0.0	1688.463367268996	1	0	1	1.8540688869349053
106280.3670232407	2000.0	408.0963440283141	0.0	0	0.0	1688.463367268996	1	0	1	1.8540688869349053
106739.65382001708	1000.0	948.8095472519396	0.0	0	0.0	1688.463367268996	1	0	1	0.46777452581501516
107387.65944095259	1000.0	1300.8039263164253	0.0	0	0.0	1688.463367268996	1	0	1	1.1609217063749604
108215.85747517114	1000.0	1472.6058920978705	0.0	0	0.0	1688.463367268996	1	0	1	1.1609217063749604
109200.0	1000.0	1488.4633672690086	0.0	0	344.93537421709334	1688.463367268996	1	0	1	1.1609217063749604
110200.0	2000.0	1488.463367268996	0.0	0	203.54269042580563	1688.463367268996	1	0	1	1.1609217063749602
111200.0	2000.0	1488.4633672689838	0.0	0	104.72278149348858	1688.4633672689815	1	0	1	1.8540688869349062
112200.0	2000.0	1488.4633672689781	0.0	0	380.6327743308648	1688.4633672689815	1	0	1	1.8540688869349062
113200.0	2000.0	1488.4633672689733	0.0	0	128.91299101496406	1688.4633672689815	1	0	1	1.8540688869349062
114200.0	2000.0	1488.46336726896	0.0	0	183.71775915837497	1688.4633672689815	1	0	1	1.8540688869349062
115200.0	2000.0	1488.4633672689588	0.0	0	548.2552042094176	1688.4633672689815	1	0	1	1.8540688869349062
116200.0	2000.0	1488.4633672689822	0.0	0	357.20474104504683	1688.463367268996	1	0	1	1.8540688869349053
117200.0	2000.0	1488.4633672689686	0.0	0	450.08800351817627	1688.463367268996	1	0	1	1.8540688869349053
118200.0	2000.0	1488.4633672689736	0.0	0	226.13825809539412	1688.463367268996	1	0	1	1.8540688869349053
119200.0	2000.0	1488.463367268977	0.0	0	271.1940258443792	1688.463367268996	1	0	1	1.8540688869349053
120211.2694608718	2000.0	1477.193906397188	0.0	0	0.0	1688.463367268996	1	0	1	1.8540688869349053
121257.50630733685	2000.0	1430.9570599321364	0.0	0	0.0	1688.463367268996	1	0	1	1.8540688869349053
122274.79292344829	2000.0	1413.6704438207053	0.0	0	0.0	1688.463367268996	1	0	1	1.8540688869349053
123244.85223016038	2000.0	1443.6111371086058	0.0	0	0.0	1688.463367268996	1	0	1	1.8540688869349053
124393.30218799607	2000.0	1295.1611792729152	0.0	0	0.0	1688.463367268996	1	0	1	1.8540688869349053
125341.58603465391	2000.0	1346.877332615078	0.0	0	0.0	1688.463367268996	1	0	1	1.8540688869349053
126200.0	2000.0	1488.4633672689793	0.0	0	36.92993643959926	1688.463367268996	1	0	1	1.8540688869349053
127200.0	2000.0	1488.4633672689733	0.0	0	112.7266329658305	1688.463367268996	1	0	1	1.8540688869349053
128200.0	2000.0	1488.4633672689629	0.0	0	223.54434792808024	1688.463367268996	1	0	1	1.8540688869349053
129200.0	2000.0	1488.4633672689697	0.0	0	163.11366110625386	1688.463367268996	1	0	1	1.8540688869349053
130706.50929856689	2000.0	981.954068702092	0.0	0	0.0	1688.463367268996	1	0	1	1.8540688869349053
131822.1144922989	2000.0	866.3488749700781	0.0	0	0.0	1688.463367268996	1	0	1	1.8540688869349053
132680.95668360672	2000.0	1007.5066836622656	0.0	0	0.0	1688.4633672690106	1	0	1	1.8540688869349053
133768.89826500317	2000.0	919.5651022658233	0.0	0	0.0	1688.4633672690543	1	0	1	1.8540688869349036
134371.10043225004	2000.0	1317.3629350189585	0.0	0	0.0	1688.4633672690543	1	0	1	1.8540688869349022
135200.0	2000.0	1488.4633672690127	0.0	0	117.28263812878868	1688.4633672690543	1	0	1	1.8540688869349022
136534.33158310546	2000.0	1154.1317841635764	0.0	0	0.0	1688.4633672690543	1	0	1	1.8540688869349022
137806.75187596623	2000.0	881.711491302791	0.0	0	0.0	1688.4633672690543	1	0	1	1.8540688869349022
138656.66122040615	2000.0	1031.802146862855	0.0	0	0.0	1688.4633672690543	1	0	1	1.8540688869349022
139618.8743020216	2000.0	1069.5890652474218	0.0	0	0.0	1688.4633672690543	1	0	1	1.8540688869349022
140221.00466509585	2000.0	1467.4587021731459	0.0	0	0.0	1688.4633672690543	1	0	1	1.8540688869349022
141200.0	2000.0	1488.4633672689733	0.0	0	266.4070440577925	1688.4633672690543	1	0	1	1.8540688869349022
142200.0	2000.0	1488.4633672689874	0.0	0	255.5611261280137	1688.4633672690543	1	0	1	1.8540688869349022
143200.0	2000.0	1488.463367269009	0.0	0	442.0993297617242	1688.4633672690543	1	0	1	1.8540688869349022
144200.0	3000.0	1488.4633672690054	0.0	0	442.3085922075552	1688.4633672690252	1	0	1	1.854068886934904
145200.0	3000.0	1488.4633672690034	0.0	0	160.96480918160523	1688.4633672690543	1	0	1	2.259533995043067
146200.0	2000.0	1488.46336726897	0.0	0	29.544231446023332	1688.4633672690543	1	0	1	1.4486037788267376
147200.0	2000.0	1488.4633672689747	0.0	0	50.811940597894136	1688.4633672690543	1	0	1	1.8540688869349022
148372.64521640807	2000.0	1315.8181508609387	0.0	0	0.0	1688.4633672690543	1	0	1	1.8540688869349022
149200.0	2000.0	1488.4633672690152	0.0	0	32.07752345997142	1688.4633672690543	1	0	1	1.8540688869349022
150200.0	2000.0	1488.4633672690034	0.0	0	163.21152624452952	1688.4633672690834	1	0	1	1.854068886934901
151200.0	2000.0	1488.4633672689995	0.0	0	520.2296897921478	1688.4633672691125	1	0	1	1.8540688869348991
152200.0	2000.0	1488.463367268974	0.0	0	410.9626287892461	1688.4633672690834	1	0	1	1.854068886934901
153200.0	3000.0	1488.4633672689765	0.0	0	538.7260443922423	1688.4633672690834	1	0	1	1.8540688869349011
154905.7190326592	6000.0	782.7443346097618	0.0	0	0.0	1688.4633672690834	1	0	1	2.259533995043065
155283.2423653084	2000.0	1405.2210019605764	0.0	0	0.0	1688.4633672690834	1	0	1	0.7554565982667912
156200.0	2000.0	1488.4633672689854	0.0	0	507.51917619112646	1688.4633672691125	1	0	1	1.8540688869348991
157200.0	2000.0	1488.4633672689763	0.0	0	503.11303708612104	1688.4633672690834	1	0	1	1.854068886934901
158200.0	2000.0	1488.463367268978	0.0	0	456.6505259856931	1688.4633672690834	1	0	1	1.854068886934901
159200.0	2000.0	1488.463367268977	0.0	0	307.83161860884866	1688.4633672691125	1	0	1	1.8540688869348996
160200.0	2000.0	1488.4633672689704	0.0	0	35.43227764958283	1688.4633672691125	1	0	1	1.8540688869348991
161200.0	2000.0	1488.46336726897	0.0	0	231.8954849568545	1688.4633672691125	1	0	1	1.8540688869348991
162200.0	2000.0	1488.4633672689556	0.0	0	283.2261858166021	1688.4633672691125	1	0	1	1.8540688869348991
163200.0	2000.0	1488.463367268951	0.0	0	19.676362022873946	1688.4633672691125	1	0	1	1.8540688869348991
164200.0	2000.0	1488.46336726895	0.0	0	78.6144585449365	1688.4633672691125	1	0	1	1.8540688869348991
165200.0	2000.0	1488.4633672689338	0.0	0	438.87601253634784	1688.4633672691416	1	0	1	1.8540688869348978
166200.0	2000.0	1488.463367268935	0.0	0	354.70092434756225	1688.4633672691416	1	0	1	1.8540688869348978
167200.0	3000.0	1488.4633672689147	0.0	0	278.8201629979303	1688.4633672691416	1	0	1	1.854068886934898
168200.0	2000.0	1488.4633672688915	0.0	0	196.3356729861698	1688.4633672691125	1	0	1	1.4486037788267345
169200.0	2000.0	1488.463367268934	0.0	0	73.04486777272541	1688.4633672691416	1	0	1	1.8540688869348978
170308.25467627984	2000.0	1380.2086909890895	0.0	0	0.0	1688.4633672691125	1	0	1	1.8540688869348991
171200.0	2000.0	1488.463367268942	0.0	0	223.5669742001919	1688.4633672691125	1	0	1	1.8540688869348991
172200.0	2000.0	1488.4633672689808	0.0	0	131.80746815295424	1688.4633672691125	1	0	1	1.8540688869348996
173422.53336556494	2000.0	1265.9300017040507	0.0	0	0.0	1688.4633672691416	1	0	1	1.8540688869348978
174889.96728725516	2000.0	798.4960800138361	0.0	0	0.0	1688.4633672691416	1	0	1	1.8540688869348978
175838.09258527862	1000.0	850.3707819903776	0.0	0	0.0	1688.4633672691416	1	0	1	0.46777452581500756
176749.531311291	2000.0	938.9320559779559	0.0	0	0.0	1688.4633672691125	1	0	1	1.1609217063749542
177600.73121556366	2000.0	1087.7321517053065	0.0	0	0.0	1688.4633672691125	1	0	1	1.8540688869348991
178200.0	2000.0	1488.463367269005	0.0	0	84.69913863370311	1688.4633672691125	1	0	1	1.8540688869348991
179200.0	2000.0	1488.4633672689909	0.0	0	583.8514479258447	1688.4633672691125	1	0	1	1.8540688869348991
180200.0	2000.0	1488.4633672689895	0.0	0	413.9923774396884	1688.4633672691125	1	0	1	1.8540688869348991
181200.0	3000.0	1488.4633672690138	0.0	0	160.15732372101047	1688.4633672691125	1	0	1	1.8540688869348994
182214.79138334328	2000.0	1473.6719839257228	0.0	0	241.06849701169995	1688.4633672691416	1	0	1	1.4486037788267332
184037.05262648407	2000.0	651.4107407849604	0.0	0	0.0	1688.4633672691416	1	0	1	1.8540688869348978
184839.24642995384	1000.0	849.2169373152052	0.0	0	0.0	1688.4633672691416	1	0	1	0.46777452581500667
185559.09320117033	1000.0	1129.3701660986803	0.0	0	0.0	1688.4633672691416	1	0	1	1.1609217063749528
186200.0	1000.0	1488.4633672690368	0.0	0	184.59003241884056	1688.4633672691416	1	0	1	1.1609217063749528
187200.0	2000.0	1488.4633672690388	0.0	0	335.04300864678225	1688.4633672691416	1	0	1	1.1609217063749533
188200.0	2000.0	1488.463367269074	0.0	0	236.11294318831642	1688.4633672691416	1	0	1	1.8540688869348978
189200.0	2000.0	1488.4633672690843	0.0	0	307.31371131705237	1688.4633672691416	1	0	1	1.8540688869348982
190200.0	2000.0	1488.4633672691175	0.0	0	64.78285910072736	1688.4633672691416	1	0	1	1.8540688869348978
191200.0	2000.0	1488.4633672691418	0.0	0	401.95466168478015	1688.4633672691707	1	0	1	1.8540688869348965
192200.0	2000.0	1488.463367269142	0.0	0	534.1924372611684	1688.4633672691707	1	0	1	1.8540688869348965
193200.0	3000.0	1488.4633672691532	0.0	0	193.6413162467652	1688.4633672691707	1	0	1	1.8540688869348967
194200.0	3000.0	1488.4633672691464	0.0	0	437.3071626042074	1688.4633672691707	1	0	1	2.259533995043061
195459.60131001513	6000.0	1228.8620572539917	0.0	0	0.0	1688.4633672691998	1	0	1	2.2595339950430597
196610.69242844402	2000.0	1077.7709388250973	0.0	0	0.0	1688.4633672691707	1	0	1	0.7554565982667868
197896.4886006314	2000.0	791.9747666377291	0.0	0	0.0	1688.4633672691707	1	0	1	1.8540688869348965
199165.13015346194	2000.0	523.3332138071889	0.0	0	0.0	1688.4633672691707	1	0	1	1.8540688869348965
200080.93326206255	2000.0	607.5301052065807	0.0	0	0.0	1688.4633672691707	1	0	1	1.8540688869348965
200710.3607304879	2000.0	978.1026367811867	0.0	0	0.0	1688.4633672691707	1	0	1	1.8540688869348965
201252.26111438114	2000.0	1436.202252887967	0.0	0	0.0	1688.4633672691707	1	0	1	1.8540688869348965
202200.0	2000.0	1488.4633672691136	0.0	0	230.98854010619107	1688.4633672691998	1	0	1	1.8540688869348951
203200.0	2000.0	1488.463367269085	0.0	0	385.4110566165764	1688.4633672691998	1	0	1	1.8540688869348947
204200.0	2000.0	1488.4633672691048	0.0	0	289.2995414970501	1688.4633672691998	1	0	1	1.8540688869348947
205200.0	2000.0	1488.4633672691225	0.0	0	219.59441578452243	1688.4633672691998	1	0	1	1.8540688869348947
206200.0	2000.0	1488.4633672691184	0.0	0	295.35515452502295	1688.4633672691998	1	0	1	1.8540688869348947
207294.3885466141	2000.0	1394.0748206550475	0.0	0	0.0	1688.463367269229	1	0	1	1.8540688869348931
208487.81306078855	2000.0	1200.6503064805847	0.0	0	0.0	1688.4633672691998	1	0	1	1.8540688869348947
209413.24756530588	2000.0	1275.2158019632334	0.0	0	0.0	1688.4633672691998	1	0	1	1.8540688869348947
210387.97399674202	2000.0	1300.489370527144	0.0	0	0.0	1688.463367269229	1	0	1	1.8540688869348931
211200.0	2000.0	1488.463367269174	0.0	0	40.466673259739764	1688.463367269229	1	0	1	1.8540688869348931
212449.29665047105	2000.0	1239.1667167981163	0.0	0	0.0	1688.463367269229	1	0	1	1.8540688869348931
213550.86882463307	2000.0	1137.5945426361081	0.0	0	0.0	1688.463367269229	1	0	1	1.8540688869348931
214474.87352006632	2000.0	1213.5898472028464	0.0	0	0.0	1688.463367269229	1	0	1	1.8540688869348931
215538.7269015376	2000.0	1149.7364657315948	0.0	0	0.0	1688.463367269258	1	0	1	1.8540688869348918
216200.0	2000.0	1488.463367269174	0.0	0	24.13441434968263	1688.4633672692871	1	0	1	1.85406888693489
217200.0	2000.0	1488.4633672691996	0.0	0	80.60265785682714	1688.4633672692871	1	0	1	1.85406888693489
218200.0	2000.0	1488.4633672692016	0.0	0	183.72003087293706	1688.4633672693162	1	0	1	1.854068886934889
219200.0	2000.0	1488.4633672691857	0.0	0	140.97067710821284	1688.4633672692871	1	0	1	1.85406888693489
220284.5245645968	2000.0	1403.9388026724112	0.0	0	0.0	1688.4633672693162	1	0	1	1.8540688869348887
221351.44666750674	2000.0	1337.016699762496	0.0	0	0.0	1688.4633672693162	1	0	1	1.8540688869348887
222358.1614770212	2000.0	1330.3018902480262	0.0	0	0.0	1688.4633672693453	1	0	1	1.8540688869348874
223200.0	2000.0	1488.4633672692396	0.0	0	201.95844164543087	1688.4633672693453	1	0	1	1.8540688869348874
224200.0	2000.0	1488.4633672692103	0.0	0	51.18483416730305	1688.4633672693453	1	0	1	1.8540688869348874
225200.0	2000.0	1488.4633672691953	0.0	0	254.41399188540527	1688.4633672693744	1	0	1	1.8540688869348858
226200.0	2000.0	1488.463367269175	0.0	0	467.65143680979963	1688.4633672693453	1	0	1	1.8540688869348867
227344.59685588663	3000.0	1343.866511382527	0.0	0	0.0	1688.4633672693453	1	0	1	1.8540688869348876
228385.0830433433	2000.0	1303.3803239258602	0.0	0	0.0	1688.4633672693162	1	0	1	1.448603778826724
229748.72769409846	2000.0	939.7356731706858	0.0	0	0.0	1688.4633672693453	1	0	1	1.8540688869348885
230395.02760559815	2000.0	1293.4357616709722	0.0	0	0.0	1688.4633672693453	1	0	1	1.8540688869348874
231200.0	2000.0	1488.4633672690984	0.0	0	310.73855409619864	1688.4633672693453	1	0	1	1.8540688869348874
232200.0	2000.0	1488.463367269076	0.0	0	304.80938218868687	1688.4633672693162	1	0	1	1.854068886934888
233200.0	2000.0	1488.463367269046	0.0	0	479.6498615813034	1688.4633672693162	1	0	1	1.8540688869348887
234200.0	2000.0	1488.4633672690538	0.0	0	366.011007849389	1688.4633672693162	1	0	1	1.8540688869348887
235200.0	2000.0	1488.4633672690547	0.0	0	432.42525013614795	1688.4633672693453	1	0	1	1.8540688869348874
236200.0	2000.0	1488.463367269073	0.0	0	279.3472536573536	1688.4633672693453	1	0	1	1.8540688869348874
237200.0	2000.0	1488.4633672690645	0.0	0	420.6018360447488	1688.4633672693453	1	0	1	1.8540688869348874
238200.0	3000.0	1488.4633672690677	0.0	0	275.7558366552403	1688.4633672693744	1	0	1	1.8540688869348858
239200.0	3000.0	1488.4633672690497	0.0	0	386.3824925694207	1688.4633672693744	1	0	1	2.2595339950430504
241044.8728235688	6000.0	643.5905437002596	0.0	0	0.0	1688.4633672693744	1	0	1	2.2595339950430504
241713.8703221256	2000.0	974.5930451434724	0.0	0	0.0	1688.4633672693744	1	0	1	0.755456598266776
242546.2036912989	2000.0	1142.2596759701446	0.0	0	0.0	1688.4633672693744	1	0	1	1.8540688869348856
243399.34262898448	2000.0	1289.12073828459	0.0	0	0.0	1688.4633672693744	1	0	1	1.8540688869348856
244200.0	2000.0	1488.4633672690509	0.0	0	110.8543338017771	1688.4633672693744	1	0	1	1.8540688869348856
245200.0	2000.0	1488.4633672690413	0.0	0	18.620975198602537	1688.4633672693744	1	0	1	1.8540688869348856
246200.0	2000.0	1488.4633672690434	0.0	0	75.5693824152695	1688.4633672693744	1	0	1	1.8540688869348856
247200.0	2000.0	1488.4633672690416	0.0	0	223.9911133152491	1688.4633672693744	1	0	1	1.8540688869348856
248200.0	2000.0	1488.4633672690306	0.0	0	159.0304352105013	1688.4633672693744	1	0	1	1.8540688869348856
249342.41814027115	2000.0	1346.0452269979005	0.0	0	0.0	1688.4633672694035	1	0	1	1.8540688869348843
250200.0	2000.0	1488.4633672690597	0.0	0	51.446514054056024	1688.4633672694035	1	0	1	1.8540688869348843
251200.0	2000.0	1488.463367269091	0.0	0	254.27834417982376	1688.4633672694326	1	0	1	1.8540688869348827
252200.0	2000.0	1488.4633672691034	0.0	0	104.9452091678686	1688.4633672694326	1	0	1	1.8540688869348827
254020.97329555172	2000.0	667.4900717173748	0.0	0	0.0	1688.4633672694326	1	0	1	1.8540688869348827
255572.7806128535	2000.0	269.93167020369816	154.24891578810033	0	0.0	1842.712283057539	1	0	1	0.9198817804829789
256381.33194193972	1000.0	556.4362236711271	95.05588255364736	0	0.0	1937.7681656111963	1	0	1	-0.11729667139535349
257155.1325119225	1000.0	782.635653688345	0.0	0	0.0	1937.7681656112254	1	0	1	1.1461858044864737
257661.02826445215	1000.0	1276.7399011587418	0.0	0	0.0	1937.7681656112254	1	0	1	1.1461858044864737
258402.5342804192	1000.0	1535.2338851917148	0.0	0	0.0	1937.7681656112254	1	0	1	1.1461858044864737
259233.68449686115	2000.0	1704.0836687497767	0.0	0	0.0	1937.7681656112545	1	0	1	1.1461858044864717
260200.0	2000.0	1737.768165610927	0.0	0	132.08662775790435	1937.7681656112254	1	0	1	1.8393329850464188
261200.0	2000.0	1737.7681656109305	0.0	0	243.59835471663973	1937.7681656111963	1	0	1	1.8393329850464206
262200.0	2000.0	1737.7681656109191	0.0	0	346.6332370144082	1937.7681656111672	1	0	1	1.8393329850464217
263200.0	2000.0	1737.768165610907	0.0	0	364.4656870729523	1937.7681656111672	1	0	1	1.8393329850464224
264200.0	2000.0	1737.768165610919	0.0	0	221.19654507178348	1937.768165611138	1	0	1	1.8393329850464246
265200.0	3000.0	1637.7681656108978	0.0	0	345.41883887548465	1837.76816561108	1	0	2	1.443311705029465
266502.7819457782	3000.0	1334.9862198327041	0.0	0	0.0	1837.76816561108	1	0	1	2.0511397017096793
267474.0039752187	2000.0	1363.7641903922074	0.0	0	0.0	1837.768165611138	1	0	1	1.440209485493347
268322.10360044887	2000.0	1515.6645651620863	0.0	0	0.0	1837.768165611138	1	0	1	1.8456745936015115
269254.20459850715	2000.0	1583.5635671038217	0.0	0	0.0	1837.7681656111963	1	0	1	1.8456745936015078
270447.8010432236	2000.0	1389.967122387352	0.0	0	0.0	1837.7681656111963	1	0	1	1.8456745936015078
271493.8528578904	2000.0	1343.9153077204753	0.0	0	0.0	1837.7681656111963	1	0	1	1.8456745936015078
272283.44209346536	2000.0	1554.3260721454992	0.0	0	0.0	1837.7681656111963	1	0	1	1.8456745936015078
273200.0	2000.0	1637.7681656108757	0.0	0	73.37339386850363	1837.7681656111963	1	0	1	1.8456745936015078
274313.1586800351	2000.0	1524.6094855757185	0.0	0	0.0	1837.768165611138	1	0	1	1.8456745936015115
275355.98147160915	2000.0	1481.786694001678	0.0	0	0.0	1837.768165611138	1	0	1	1.8456745936015115
276245.5625897825	2000.0	1592.2055758283163	0.0	0	0.0	1837.768165611138	1	0	1	1.8456745936015115
277200.0	2000.0	1637.7681656109048	0.0	0	417.19823355565313	1837.76816561108	1	0	1	1.8456745936015135
278499.37187625596	2000.0	1338.3962893549678	0.0	0	0.0	1837.7681656110217	1	0	1	1.8456745936015178
279880.9013174458	2000.0	956.8668481651495	0.0	0	0.0	1837.7681656110217	1	0	1	1.8456745936015184
280895.6203748556	2000.0	942.1477907552982	0.0	0	0.0	1837.7681656110217	1	0	1	1.8456745936015184
281711.070797778	2000.0	1126.697367832889	0.0	0	0.0	1837.76816561108	1	0	1	1.8456745936015149
282777.5016743717	2000.0	1060.2664912392538	0.0	0	0.0	1837.768165611138	1	0	1	1.8456745936015115
283540.0896084441	2000.0	1297.6785571668129	0.0	0	0.0	1837.768165611138	1	0	1	1.8456745936015115
284536.63328476745	2000.0	1301.134880843439	0.0	0	0.0	1837.7681656111963	1	0	1	1.8456745936015078
286127.62818754185	2000.0	710.1399780691074	0.0	0	0.0	1837.7681656111963	1	0	1	1.8456745936015078
286691.94033471285	1000.0	1145.8278308981119	0.0	0	0.0	1837.768165611138	1	0	1	0.4593802324816183
287984.9454649618	2000.0	852.8227006491513	0.0	0	0.0	1837.768165611138	1	0	1	1.1525274130415648
288953.77796606923	2000.0	883.9901995417295	0.0	0	0.0	1837.768165611138	1	0	1	1.8456745936015115
289607.4418988097	2000.0	1230.3262668012558	0.0	0	0.0	1837.768165611138	1	0	1	1.8456745936015115
290410.00957753754	2000.0	1427.758588073409	0.0	0	0.0	1837.768165611138	1	0	1	1.8456745936015115
291200.0	2000.0	1637.7681656109414	0.0	0	151.72992679278832	1837.7681656111963	1	0	1	1.8456745936015078
292200.0	2000.0	1637.768165610973	0.0	0	327.28100452554645	1837.768165611138	1	0	1	1.8456745936015102
293200.0	3000.0	1637.7681656110053	0.0	0	395.6925699093845	1837.768165611138	1	0	1	1.8456745936015118
294200.0	3000.0	1637.768165610927	0.0	0	201.27256616426166	1837.76816561108	1	0	1	2.251139701709678
295364.1109324631	2000.0	1473.6572331478417	0.0	0	0.0	1837.76816561108	1	0	1	1.4402094854933503
296247.49380766286	2000.0	1590.2743579480502	0.0	0	0.0	1837.76816561108	1	0	1	1.8456745936015149
297200.0	2000.0	1637.7681656109232	0.0	0	117.44728392089019	1837.76816561108	1	0	1	1.8456745936015149
298200.0	2000.0	1637.7681656108907	0.0	0	65.64944295660825	1837.7681656110217	1	0	1	1.8456745936015178
299200.0	2000.0	1637.7681656109517	0.0	0	248.9330056840554	1837.76816561108	1	0	1	1.8456745936015149
300200.0	2000.0	1637.7681656109485	0.0	0	443.43225579569116	1837.76816561108	1	0	1	1.8456745936015149
4.47	4.3	3.74	3.01	2.68	3.15	2.97	2.5	3.05	2.99	2.81	3.68	3.54	1.8	2.26	2.21	2.37	2.34	1.98	1.38	1.11	1.81	2.55	3.64	4.39	5.18	3.35	1.03	1.02	1.1	1.32	2.26	2.95	2.94	2.56	3.01	3.98	4.14	4.05	4.73	3.48	2.14	2.02	1.67	2.44	3.24	4.05	2.99	3.07	2.97	3.44	3.1	1.49	1.59	1.91	2.49	1.83	2.22	2.61	2.34	2.54	2.64	3.36	3.24	1.93	1.95	2.33	2.75	2.51	3.07	3.92	4.14	2.05	1.3	2.03	2.88	3.9	3.46	2.76	3.08	3.24	3.79	4.55	5.43	6.17	4.32	2.66	2.65	3.23	2.41	2.47	2.41	2.35	1.76	2.15	2.7	2.93	2.04	0.78	1.46	1.89	1.37	1.54	1.83	2.58	2.85	3.06	2.99	3.29	3.79	3.66	2.1	2.27	2.81	2.57	1.87	1.49	2.22	1.9	1.75	2.24	3.04	2.64	1.51	1.87	1.81	1.98	2.42	3.09	2.39	1.56	1.68	1.83	2.73	2.87	3.26	3.45	4.29	3.9	2.21	1.89	1.97	2.54	2.61	3.34	4.1	5.0	5.48	3.22	4.15	4.47	4.3	3.74	3.01	2.68	3.15	2.97	2.5	3.05	2.99	2.81	3.68	3.54	1.8	2.26	2.21	2.37	2.34	1.98	1.38	1.11	1.81	2.55	3.64	4.39	5.18	3.35	1.03	1.02	1.1	1.32	2.26	2.95	2.94	2.56	3.01	3.98	4.14	4.05	4.73	3.48	2.14	2.02	1.67	2.44	3.24	4.05	2.99	3.07	2.97	3.44	3.1	1.49	1.59	1.91	2.49	1.83	2.22	2.61	2.34	2.54	2.64	3.36	3.24	1.93	1.95	2.33	2.75	2.51	3.07	3.92	4.14	2.05	1.3	2.03	2.88	3.9	3.46	2.76	3.08	3.24	3.79	4.55	5.43	6.17	4.32	2.66	2.65	3.23	2.41	2.47	2.41	2.35	1.76	2.15	2.7	2.93	2.04	0.78	1.46	1.89	1.37	1.54	1.83	2.58	2.85	3.06	2.99	3.29	3.79	3.66	2.1	2.27	2.81	2.57	1.87	1.49	2.22	1.9	1.75	2.24	3.04	2.64	1.51	1.87	1.81	1.98	2.42	3.09	2.39	1.56	1.68	1.83	2.73	2.87	3.26	3.45	4.29	3.9	2.21	1.89	1.97	2.54	2.61	3.34	4.1	5.0	5.48
1.0	2.0	3.0	4.0	5.0	6.0	7.0	8.0	9.0	10.0	11.0	12.0	13.0	14.0	15.0	16.0	17.0	18.0	19.0	20.0	21.0	22.0	23.0	24.0	25.0	26.0	27.0	28.0	29.0	30.0	31.0	32.0	33.0	34.0	35.0	36.0	37.0	38.0	39.0	40.0	41.0	42.0	43.0	44.0	45.0	46.0	47.0	48.0	49.0	50.0	51.0	52.0	53.0	54.0	55.0	56.0	57.0	58.0	59.0	60.0	61.0	62.0	63.0	64.0	65.0	66.0	67.0	68.0	69.0	70.0	71.0	72.0	73.0	74.0	75.0	76.0	77.0	78.0	79.0	80.0	81.0	82.0	83.0	84.0	85.0	86.0	87.0	88.0	89.0	90.0	91.0	92.0	93.0	94.0	95.0	96.0	97.0	98.0	99.0	100.0	101.0	102.0	103.0	104.0	105.0	106.0	107.0	108.0	109.0	110.0	111.0	112.0	113.0	114.0	115.0	116.0	117.0	118.0	119.0	120.0	121.0	122.0	123.0	124.0	125.0	126.0	127.0	128.0	129.0	130.0	131.0	132.0	133.0	134.0	135.0	136.0	137.0	138.0	139.0	140.0	141.0	142.0	143.0	144.0	145.0	146.0	147.0	148.0	149.0	149.0	150.0	151.0	152.0	153.0	154.0	155.0	156.0	157.0	158.0	159.0	160.0	161.0	162.0	163.0	164.0	165.0	166.0	167.0	168.0	169.0	170.0	171.0	172.0	173.0	174.0	175.0	176.0	177.0	178.0	179.0	180.0	181.0	182.0	183.0	184.0	185.0	186.0	187.0	188.0	189.0	190.0	191.0	192.0	193.0	194.0	195.0	196.0	197.0	198.0	199.0	200.0	201.0	202.0	203.0	204.0	205.0	206.0	207.0	208.0	209.0	210.0	211.0	212.0	213.0	214.0	215.0	216.0	217.0	218.0	219.0	220.0	221.0	222.0	223.0	224.0	225.0	226.0	227.0	228.0	229.0	230.0	231.0	232.0	233.0	234.0	235.0	236.0	237.0	238.0	239.0	240.0	241.0	242.0	243.0	244.0	245.0	246.0	247.0	248.0	249.0	250.0	251.0	252.0	253.0	254.0	255.0	256.0	257.0	258.0	259.0	260.0	261.0	262.0	263.0	264.0	265.0	266.0	267.0	268.0	269.0	270.0	271.0	272.0	273.0	274.0	275.0	276.0	277.0	278.0	279.0	280.0	281.0	282.0	283.0	284.0	285.0	286.0	287.0	288.0	289.0	290.0	291.0	292.0	293.0	294.0	295.0	296.0	297.0
5663.273431749998
