3396.6404852877436	300.0	2000.0	273.97313213376907	0	0.0	3396.6404852877436	1	0	1	-1.8946641152651607
4519.437998676153	2000.0	1877.202486611591	0.0	0	0.0	3396.6404852877445	1	0	1	-0.2657995889957312
5506.682786848452	2000.0	1889.9576984392916	0.0	0	0.0	3396.640485287744	1	0	1	1.63132039589015
6637.151102585109	2000.0	1759.4893827026362	0.0	0	0.0	3396.640485287745	1	0	1	1.63132039589015
7569.711092766025	2000.0	1733.6733935036275	0.0	0	0.0	3303.3844862696524	1	0	2	1.2491663642585542
9042.832472740456	2000.0	1260.5520135291958	0.0	0	0.0	3303.3844862696515	1	0	1	1.4543170275506832
10020.578626236455	1000.0	1282.805860033197	0.0	0	0.0	3303.3844862696515	1	0	1	0.26802266643079337
10488.450556344007	1000.0	1814.933929925643	0.0	0	0.0	3303.3844862696487	1	0	1	0.9611698469907386
11211.453746030425	2000.0	2091.9307402392255	0.0	0	0.0	3303.3844862696496	1	0	1	0.9611698469907386
11901.278147034136	2000.0	2402.1063392355154	0.0	0	0.0	3303.3844862696515	1	0	1	1.6543170275506835
13232.100501145977	2000.0	2071.2839851236745	0.0	0	0.0	3303.3844862696515	1	0	1	1.6543170275506835
14426.731462632888	2000.0	1876.653023636764	0.0	0	0.0	3303.3844862696515	1	0	1	1.6543170275506835
15324.078662733786	2000.0	1979.3058235358662	0.0	0	0.0	3303.3844862696515	1	0	1	1.6543170275506835
16532.571188988142	2000.0	1770.8132972815122	0.0	0	0.0	3303.384486269655	1	0	1	1.6543170275506833
17299.97579751636	2000.0	2003.4086887532958	0.0	0	0.0	3303.384486269657	1	0	1	1.6543170275506824
18800.18236541537	2000.0	1503.2021208542833	0.0	0	0.0	3303.384486269655	1	0	1	1.6543170275506827
20085.18184411552	1000.0	1218.2026421541339	0.0	0	0.0	3303.3844862696533	1	0	1	0.2680226664307927
20943.609702361347	1000.0	1359.7747839083052	0.0	0	0.0	3303.3844862696533	1	0	1	0.9611698469907379
21489.07675338717	1000.0	1814.307732882479	0.0	0	0.0	3303.3844862696533	1	0	1	0.9611698469907379
22250.907409813088	2000.0	2052.477076456561	0.0	0	0.0	3303.3844862696533	1	0	1	0.9611698469907378
22899.81936696337	2000.0	2403.565119306279	0.0	0	0.0	3303.3844862696496	1	0	1	1.6543170275506838
23530.38534537438	2000.0	2772.999140895273	0.0	0	0.0	3303.3844862696533	1	0	1	1.6543170275506829
24418.7228042664	3000.0	2795.8279361140503	0.0	0	0.0	3214.550740380444	1	0	2	1.2685812812824433
25355.355028504375	2000.0	2765.5324894522773	0.0	0	0.0	3120.8875179566458	1	0	2	1.0821571608470062
26938.29180614117	2000.0	2182.5957118154865	0.0	0	0.0	3120.8875179566494	1	0	1	1.4942271998039238
27855.64555875577	1000.0	2265.2419592008864	0.0	0	0.0	3120.8875179566494	1	0	1	0.30793283868403376
28993.996265467536	2000.0	2126.891252489117	0.0	0	0.0	3120.8875179566494	1	0	1	1.0010800192439788
29950.260307161934	2000.0	2170.627210794719	0.0	0	0.0	3120.887517956653	1	0	1	1.6942271998039233
30563.256742465022	2000.0	2557.6307754916334	0.0	0	0.0	3120.887517956653	1	0	1	1.6942271998039233
31202.16621884494	2000.0	2854.8303514737245	0.0	0	0.0	3056.996570318661	1	0	2	1.3032080987603245
32464.043499945183	2000.0	2592.9530703734786	0.0	0	0.0	3056.996570318661	1	0	1	1.5067375468446564
33722.47031963237	2000.0	2334.526250686292	0.0	0	0.0	3056.9965703186535	1	0	1	1.7067375468446575
35672.89695067723	2000.0	1384.0996196414264	0.0	0	0.0	3056.9965703186463	1	0	1	1.7067375468446588
36540.56681319463	1000.0	1516.4297571240209	0.0	0	0.0	3056.9965703186535	1	0	1	0.3204431857247678
37291.33476775136	1000.0	1765.6618025672935	0.0	0	0.0	3056.996570318661	1	0	1	1.0135903662847114
38001.000693272224	1000.0	2055.995877046429	0.0	0	0.0	3056.996570318661	1	0	1	1.0135903662847114
38994.21113235691	2000.0	2062.7854379617493	0.0	0	0.0	3056.9965703186535	1	0	1	1.013590366284713
40202.64939667536	2000.0	1854.3471736432987	0.0	0	0.0	3056.9965703186535	1	0	1	1.7067375468446584
41478.11430358164	2000.0	1578.882266737019	0.0	0	0.0	3056.9965703186535	1	0	1	1.7067375468446584
42673.47196157632	2000.0	1383.524608742341	0.0	0	0.0	3056.9965703186535	1	0	1	1.7067375468446584
43504.94361531835	1000.0	1552.052955000306	0.0	0	0.0	3056.9965703186535	1	0	1	0.3204431857247678
44132.42208178983	1000.0	1924.574488528832	0.0	0	0.0	3056.9965703186535	1	0	1	1.013590366284713
45266.0302513581	2000.0	1790.9663189605685	0.0	0	0.0	3056.9965703186535	1	0	1	1.013590366284713
45977.037221480015	2000.0	2079.9593488386568	0.0	0	0.0	3056.9965703186535	1	0	1	1.7067375468446584
46769.647391189006	2000.0	2287.349179129658	0.0	0	0.0	3056.9965703186535	1	0	1	1.7067375468446584
47766.519901639156	2000.0	2190.7894176344844	0.0	0	0.0	2957.3093192736196	1	0	2	1.3201851110999905
49252.001949481804	2000.0	1705.3073697918321	0.0	0	0.0	2957.3093192736196	1	0	1	1.5248741226278013
50723.45759425764	2000.0	1233.8517250159962	0.0	0	0.0	2957.3093192736196	1	0	1	1.7248741226278015
51314.15185643007	1000.0	1643.1574628435646	0.0	0	0.0	2957.3093192736196	1	0	1	0.3385797615079111
52394.22129320166	2000.0	1563.0880260719694	0.0	0	0.0	2957.3093192736196	1	0	1	1.031726942067856
53184.074276171654	2000.0	1773.235043101974	0.0	0	0.0	2957.3093192736196	1	0	1	1.7248741226278015
54159.299264607886	2000.0	1798.0100546657434	0.0	0	0.0	2957.309319273627	1	0	1	1.7248741226278002
54817.112949880335	2000.0	2140.196369393291	0.0	0	0.0	2957.309319273627	1	0	1	1.7248741226278002
55946.25125639902	2000.0	2011.0580628746172	0.0	0	0.0	2957.309319273627	1	0	1	1.7248741226278002
56683.57659484008	2000.0	2273.732724433553	0.0	0	0.0	2957.309319273627	1	0	1	1.7248741226278002
57884.90438013192	2000.0	2072.40493914171	0.0	0	0.0	2957.309319273627	1	0	1	1.7248741226278002
58908.8518873021	2000.0	2048.457431971528	0.0	0	0.0	2957.309319273627	1	0	1	1.7248741226278002
59806.99491231084	2000.0	2150.3144069627842	0.0	0	0.0	2957.309319273627	1	0	1	1.7248741226278002
60702.71064159657	2000.0	2254.5986776770583	0.0	0	0.0	2957.3093192736196	1	0	1	1.7248741226278015
61520.53454112589	2000.0	2436.774778147737	0.0	0	0.0	2957.3093192736196	1	0	1	1.7248741226278015
62819.83040045933	3000.0	2007.549332880962	0.0	0	0.0	2827.3797333402836	1	0	2	1.3404723320253762
64987.503924368895	2000.0	623.108456580437	0.0	0	0.0	2610.612380949322	1	0	2	1.162859885336882
65913.21965330683	1000.0	697.3927276425161	0.0	0	0.0	2610.6123809493365	1	0	1	0.1902010001738635
66357.8341206716	1000.0	1252.778260277743	0.0	0	0.0	2610.612380949322	1	0	1	1.083348180733809
67298.53160084468	2000.0	1312.0807801046603	0.0	0	0.0	2610.612380949322	1	0	1	1.0833481807338097
68232.29879898702	2000.0	1378.3135819623294	0.0	0	0.0	2610.6123809493147	1	0	1	1.7764953612937553
69345.00368923935	2000.0	1265.608691709995	0.0	0	0.0	2610.6123809493	1	0	1	1.7764953612937577
70610.98925487048	2000.0	999.6231260788886	0.0	0	0.0	2610.6123809493	1	0	1	1.7764953612937577
71417.71416394846	1000.0	1192.8982170008976	0.0	0	0.0	2610.6123809493	1	0	1	0.39020100017386755
72096.74759291101	1000.0	1513.8647880383494	0.0	0	0.0	2610.6123809493	1	0	1	1.0833481807338128
73328.51614227047	2000.0	1282.0962386788963	0.0	0	0.0	2610.6123809492856	1	0	1	1.0833481807338146
74117.8664839013	1000.0	1492.7458970480648	0.0	0	0.0	2610.6123809492856	1	0	1	0.3902010001738695
74946.36717392375	1000.0	1664.24520702563	0.0	0	0.0	2610.6123809492856	1	0	1	1.0833481807338146
75909.37452489913	2000.0	1701.2378560502275	0.0	0	0.0	2610.612380949271	1	0	1	1.0833481807338166
76899.20207892192	2000.0	1711.4103020274304	0.0	0	0.0	2610.612380949271	1	0	1	1.7764953612937617
77770.40449629778	2000.0	1840.2078846515647	0.0	0	0.0	2610.6123809492565	1	0	1	1.7764953612937635
79243.51771392529	2000.0	1367.094667024066	0.0	0	0.0	2610.6123809492565	1	0	1	1.7764953612937635
79956.04673148983	1000.0	1654.5656494595287	0.0	0	0.0	2610.6123809492565	1	0	1	0.3902010001738731
81239.95255444375	2000.0	1370.6598265055986	0.0	0	0.0	2610.6123809492565	1	0	1	1.0833481807338181
81889.66121477711	1000.0	1720.9511661722224	0.0	0	0.0	2610.612380949242	1	0	1	0.39020100017387493
82741.25763081729	2000.0	1869.3547501320556	0.0	0	0.0	2610.612380949242	1	0	1	1.08334818073382
83632.07915027121	2000.0	1978.533230678141	0.0	0	0.0	2610.612380949242	1	0	1	1.7764953612937653
85407.37164492521	2000.0	1203.2407360241546	0.0	0	0.0	2610.612380949242	1	0	1	1.7764953612937653
86212.57095334078	1000.0	1398.0414276085828	0.0	0	0.0	2610.6123809492274	1	0	1	0.3902010001738768
87174.24301265978	2000.0	1436.3693682895778	0.0	0	0.0	2610.6123809492274	1	0	1	1.0833481807338219
88014.41089585987	2000.0	1596.2014850894807	0.0	0	0.0	2610.6123809492274	1	0	1	1.776495361293767
88565.43466724303	2000.0	2045.1777137063293	0.0	0	0.0	2610.6123809492274	1	0	1	1.776495361293767
89439.53064722886	2000.0	2083.6721357219035	0.0	0	0.0	2523.2027829506405	1	0	2	1.3837217503217976
90861.57278819042	2000.0	1661.6299947603666	0.0	0	0.0	2523.202782950655	1	0	1	1.5870917593913592
92137.21616781586	2000.0	1385.9866151349183	0.0	0	0.0	2523.2027829506696	1	0	1	1.7870917593913576
93011.19692632709	1000.0	1512.0058566236805	0.0	0	0.0	2523.2027829506696	1	0	1	0.4007973982714673
93879.21465590327	2000.0	1643.988127047486	0.0	0	0.0	2523.2027829506696	1	0	1	1.0939445788314126
95061.73131227407	2000.0	1461.4714706766786	0.0	0	0.0	2523.2027829506696	1	0	1	1.7870917593913576
95821.10129020852	2000.0	1702.1014927422252	0.0	0	0.0	2523.2027829506696	1	0	1	1.7870917593913576
96510.65243798605	2000.0	2012.5503449647097	0.0	0	0.0	2523.202782950684	1	0	1	1.787091759391356
97344.71151301387	2000.0	2178.491269936886	0.0	0	0.0	2523.202782950684	1	0	1	1.787091759391356
98400.74594051747	2000.0	2122.4568424332897	0.0	0	0.0	2523.202782950684	1	0	1	1.787091759391356
99272.214366961	2000.0	2250.9884159897574	0.0	0	0.0	2523.202782950684	1	0	1	1.787091759391356
100600.92405314076	2000.0	1922.2787298100034	0.0	0	0.0	2523.202782950684	1	0	1	1.787091759391356
102183.14009197433	2000.0	1340.0626909764314	0.0	0	0.0	2523.202782950684	1	0	1	1.787091759391356
103395.739977788	2000.0	1127.462805162736	0.0	0	0.0	2523.202782950684	1	0	1	1.787091759391356
104651.00565187514	2000.0	872.1971310756169	0.0	0	0.0	2523.202782950684	1	0	1	1.787091759391356
105823.96328290223	1000.0	699.2395000485302	0.0	0	0.0	2523.2027829506987	1	0	1	0.40079739827146377
106597.23989551551	1000.0	925.9628874352493	0.0	0	0.0	2523.2027829506987	1	0	1	1.093944578831409
107200.9190785428	1000.0	1322.2837044079527	0.0	0	0.0	2523.2027829506987	1	0	1	1.093944578831409
108908.17554451164	2000.0	615.0272384391303	0.0	0	0.0	2523.2027829506987	1	0	1	1.0939445788314088
110422.13910605446	1000.0	336.190176704957	235.1264998086566	0	0.0	2758.329282759354	1	0	1	-1.040552260571519
110981.09188307058	500.0	777.237399688833	0.0	0	0.0	2758.329282759354	1	0	1	-0.3229404422795251
112083.52239354074	1000.0	674.8068892186641	0.0	0	0.0	2758.329282759354	1	0	1	0.3702067382804203
112656.75026815316	1000.0	1101.5790146062322	0.0	0	0.0	2758.329282759354	1	0	1	1.0633539188403658
113252.04246277477	1000.0	1506.2868199846064	0.0	0	0.0	2758.329282759354	1	0	1	1.0633539188403658
114062.31923156054	1000.0	1696.0100511988308	0.0	0	0.0	2758.329282759354	1	0	1	1.0633539188403658
115080.58346300379	2000.0	1677.745819755572	0.0	0	0.0	2758.329282759354	1	0	1	1.0633539188403656
116791.56427581914	2000.0	966.765006940228	0.0	0	0.0	2758.329282759354	1	0	1	1.7565010994003107
117465.6622301739	1000.0	1292.667052585461	0.0	0	0.0	2758.329282759354	1	0	1	0.3702067382804205
118582.57269998344	1000.0	1175.7565827759086	0.0	0	0.0	2758.3292827593395	1	0	1	1.0633539188403678
119503.43974014203	1000.0	1254.8895426173092	0.0	0	0.0	2758.3292827593395	1	0	1	1.0633539188403678
120316.99354636994	1000.0	1441.3357363893908	0.0	0	0.0	2758.3292827593395	1	0	1	1.0633539188403678
120841.62398485695	1000.0	1916.7052979023729	0.0	0	0.0	2758.329282759325	1	0	1	1.0633539188403698
121824.22642669617	2000.0	1934.1028560631685	0.0	0	0.0	2758.329282759325	1	0	1	1.0633539188403698
122605.08221007031	2000.0	2153.247072689034	0.0	0	0.0	2758.329282759325	1	0	1	1.756501099400315
123464.62085581892	2000.0	2293.708426940412	0.0	0	0.0	2758.329282759325	1	0	1	1.756501099400315
124518.6618511342	2000.0	2239.6674316251456	0.0	0	0.0	2758.329282759325	1	0	1	1.756501099400315
125555.56288784482	2000.0	2202.7663949145017	0.0	0	0.0	2758.3292827593104	1	0	1	1.7565010994003172
126260.78192983445	2000.0	2497.5473529248734	0.0	0	0.0	2758.3292827593104	1	0	1	1.7565010994003172
127200.0	2000.0	2558.329282759338	0.0	0	52.17005118560337	2758.3292827593104	1	0	1	1.7565010994003172
128769.03050321151	2000.0	1989.2987795478373	0.0	0	0.0	2758.3292827593104	1	0	1	1.7565010994003172
129875.84396256944	2000.0	1882.4853201899264	0.0	0	0.0	2758.3292827593104	1	0	1	1.7565010994003172
131002.13155246338	2000.0	1756.197730295987	0.0	0	0.0	2758.329282759325	1	0	1	1.756501099400315
132409.7347863916	2000.0	1348.5944963677255	0.0	0	0.0	2758.329282759296	1	0	1	1.7565010994003185
133198.5758719215	1000.0	1559.7534108378475	0.0	0	0.0	2758.329282759296	1	0	1	0.37020673828043105
133961.19171340813	1000.0	1797.137569351196	0.0	0	0.0	2758.3292827592522	1	0	1	1.0633539188403758
134884.6101330252	2000.0	1873.7191497341003	0.0	0	0.0	2758.3292827592522	1	0	1	1.0633539188403804
136106.7205829513	2000.0	1651.6086998079913	0.0	0	0.0	2758.3292827592522	1	0	1	1.7565010994003254
136797.70645716036	1000.0	1960.6228255989317	0.0	0	0.0	2758.3292827592522	1	0	1	0.3702067382804352
138556.74526582196	2000.0	1201.5840169373357	0.0	0	0.0	2758.3292827592522	1	0	1	1.0633539188403804
139467.0115491738	1000.0	1291.3177335854814	0.0	0	0.0	2758.3292827592522	1	0	1	0.3702067382804352
140351.70393096874	1000.0	1406.6253517905607	0.0	0	0.0	2758.3292827592522	1	0	1	1.0633539188403804
141264.3532358231	1000.0	1493.9760469361815	0.0	0	0.0	2758.3292827592522	1	0	1	1.0633539188403804
142007.87561363593	1000.0	1750.453669123345	0.0	0	0.0	2758.329282759223	1	0	1	1.0633539188403847
142674.2318101744	1000.0	2084.0974725848587	0.0	0	0.0	2758.329282759223	1	0	1	1.0633539188403847
144433.25433155862	2000.0	1325.0749512006348	0.0	0	0.0	2758.329282759223	1	0	1	1.0633539188403844
145090.87064762073	1000.0	1667.4586351385349	0.0	0	0.0	2758.329282759223	1	0	1	0.3702067382804395
146507.79935910206	2000.0	1250.5299236571987	0.0	0	0.0	2758.3292827592522	1	0	1	1.0633539188403804
147147.78030735752	1000.0	1610.5489754017037	0.0	0	0.0	2758.329282759223	1	0	1	0.3702067382804395
148325.19817403468	2000.0	1433.1311087245651	0.0	0	0.0	2758.329282759223	1	0	1	1.0633539188403844
149189.29741512815	1000.0	1569.0318676310676	0.0	0	0.0	2758.329282759223	1	0	1	0.3702067382804395
150214.0145869644	1000.0	1544.3146957948306	0.0	0	0.0	2758.329282759223	1	0	1	1.0633539188403847
151228.0077603996	1000.0	1530.3215223595832	0.0	0	0.0	2758.329282759223	1	0	1	1.0633539188403847
151789.43756932102	1000.0	1968.8917134381984	0.0	0	0.0	2758.329282759194	1	0	1	1.0633539188403889
153425.94587211913	2000.0	1332.3834106400466	0.0	0	0.0	2758.329282759194	1	0	1	1.0633539188403887
154122.84810416197	1000.0	1635.4811785972183	0.0	0	0.0	2758.329282759194	1	0	1	0.3702067382804436
155134.44374495995	2000.0	1623.8855377991804	0.0	0	0.0	2758.329282759165	1	0	1	1.063353918840393
156411.97727308015	2000.0	1346.3520096789648	0.0	0	0.0	2758.329282759136	1	0	1	1.7565010994003418
158491.7646090669	2000.0	266.5646736922012	0.0	0	0.0	2758.3292827591067	1	0	1	1.7565010994003467
158944.64346545312	500.0	813.6858173059479	0.0	0	0.0	2758.3292827591067	1	0	1	-1.0160876228394344
159738.45134103598	1000.0	1019.8779417230595	0.0	0	0.0	2758.3292827591067	1	0	1	0.3702067382804561
160216.66194115783	1000.0	1541.6673416012245	0.0	0	0.0	2758.329282759136	1	0	1	1.0633539188403973
160973.5473654468	2000.0	1784.7819173122616	0.0	0	0.0	2758.329282759136	1	0	1	1.0633539188403973
162153.8383425427	2000.0	1604.4909402163662	0.0	0	0.0	2758.329282759194	1	0	1	1.7565010994003365
163115.1984379206	2000.0	1643.1308448384348	0.0	0	0.0	2758.329282759165	1	0	1	1.7565010994003356
164474.83572148654	2000.0	1283.4935612724908	0.0	0	0.0	2758.329282759165	1	0	1	1.7565010994003383
165163.74870659798	1000.0	1594.5805761610488	0.0	0	0.0	2758.329282759194	1	0	1	0.3702067382804445
166225.31556135157	2000.0	1533.013721407456	0.0	0	0.0	2758.329282759223	1	0	1	1.0633539188403862
167790.59064223495	2000.0	967.7386405240666	0.0	0	0.0	2758.329282759223	1	0	1	1.7565010994003296
168692.91697824313	1000.0	1065.412304515895	0.0	0	0.0	2758.329282759194	1	0	1	0.3702067382804436
169590.7358985822	1000.0	1167.5933841768128	0.0	0	0.0	2758.329282759165	1	0	1	1.063353918840393
170203.27726567248	1000.0	1555.0520170865632	0.0	0	0.0	2758.329282759165	1	0	1	1.063353918840393
171108.70410028455	2000.0	1649.625182474506	0.0	0	0.0	2758.329282759165	1	0	1	1.063353918840393
171917.57760367717	2000.0	1840.7516790818904	0.0	0	0.0	2758.329282759136	1	0	1	1.7565010994003392
172541.9425563478	2000.0	2216.386726411271	0.0	0	0.0	2758.329282759136	1	0	1	1.7565010994003425
173403.71141166447	3000.0	2268.4409855629624	0.0	0	0.0	2672.1523972274736	1	0	2	1.364867971700679
175107.99994152487	2000.0	1564.1524557025446	0.0	0	0.0	2672.1523972274736	1	0	1	1.1630329263826584
175991.67617302237	1000.0	1680.4762242050413	0.0	0	0.0	2672.1523972275027	1	0	1	0.382203673370929
177565.02978532785	2000.0	1107.1226118995646	0.0	0	0.0	2672.1523972275318	1	0	1	1.0753508539308703
177987.7822055825	1000.0	1684.3701916449115	0.0	0	0.0	2672.1523972275318	1	0	1	0.3822036733709251
178776.74279731192	2000.0	1895.4095999155015	0.0	0	0.0	2672.1523972275027	1	0	1	1.0753508539308743
179357.41652605066	2000.0	2314.735871176748	0.0	0	0.0	2672.1523972274736	1	0	1	1.7684980344908232
180257.6585702609	2000.0	2414.4938269665054	0.0	0	0.0	2672.1523972274736	1	0	1	1.7684980344908248
181200.0	2000.0	2472.1523972273967	0.0	0	216.86909047450172	2672.1523972274736	1	0	1	1.7684980344908232
182391.81665307566	2000.0	2280.3357441517624	0.0	0	0.0	2672.1523972274736	1	0	1	1.7684980344908232
184299.55920393887	2000.0	1372.593193288546	0.0	0	0.0	2672.1523972274736	1	0	1	1.7684980344908232
185013.09651105362	1000.0	1659.0558861737788	0.0	0	0.0	2672.1523972274445	1	0	1	0.3822036733709345
185760.17399769198	1000.0	1911.9783995354485	0.0	0	0.0	2672.1523972274445	1	0	1	1.075350853930882
186591.1325461085	1000.0	2081.0198511189014	0.0	0	0.0	2672.1523972274153	1	0	1	1.0753508539308858
187488.2392545972	2000.0	2183.913142630194	0.0	0	0.0	2672.1523972274153	1	0	1	1.0753508539308858
188361.05925990504	2000.0	2311.0931373223066	0.0	0	0.0	2672.1523972273862	1	0	1	1.768498034490835
189360.9127708139	2000.0	2311.239626413431	0.0	0	0.0	2672.1523972273862	1	0	1	1.768498034490835
190750.57311117015	2000.0	1921.5792860571744	0.0	0	0.0	2672.1523972273862	1	0	1	1.768498034490835
191843.94006374074	2000.0	1828.2123334865398	0.0	0	0.0	2672.1523972273862	1	0	1	1.768498034490835
193102.6908361928	2000.0	1569.4615610344804	0.0	0	0.0	2672.1523972274153	1	0	1	1.768498034490831
193971.78338234907	2000.0	1700.3690148782262	0.0	0	0.0	2672.1523972274153	1	0	1	1.768498034490831
194740.66885042214	2000.0	1931.4835468051622	0.0	0	0.0	2672.1523972274445	1	0	1	1.7684980344908272
195435.1880748827	2000.0	2236.964322344601	0.0	0	0.0	2672.1523972274445	1	0	1	1.7684980344908272
196241.94225015346	2000.0	2430.21014707382	0.0	0	0.0	2672.1523972274445	1	0	1	1.7684980344908272
197200.0	2000.0	2472.1523972272994	0.0	0	44.34180262681912	2672.1523972274445	1	0	1	1.768498034490825
198390.46719530332	2000.0	2281.6852019239664	0.0	0	0.0	2672.1523972274153	1	0	1	1.76849803449083
199752.97484382018	2000.0	1919.1775534070966	0.0	0	0.0	2672.1523972274153	1	0	1	1.768498034490831
200981.14708200074	2000.0	1691.0053152265334	0.0	0	0.0	2672.1523972273862	1	0	1	1.7684980344908319
202143.1248945245	2000.0	1529.0275027027658	0.0	0	0.0	2672.1523972273862	1	0	1	1.768498034490835
203062.14041718683	2000.0	1610.0119800404261	0.0	0	0.0	2672.1523972273862	1	0	1	1.768498034490835
204215.1331689088	2000.0	1457.0192283184872	0.0	0	0.0	2672.1523972273862	1	0	1	1.768498034490835
205578.89859377043	2000.0	1093.253803456907	0.0	0	0.0	2672.1523972274153	1	0	1	1.768498034490831
206492.85385506207	2000.0	1179.29854216528	0.0	0	0.0	2672.1523972274445	1	0	1	1.7684980344908272
207580.0695795843	2000.0	1092.0828176430655	0.0	0	0.0	2672.1523972274445	1	0	1	1.7684980344908272
208466.9036101021	2000.0	1205.2487871252608	0.0	0	0.0	2672.1523972274445	1	0	1	1.7684980344908272
209272.12180266943	2000.0	1400.0305945579437	0.0	0	0.0	2672.1523972274736	1	0	1	1.7684980344908239
210050.04084325666	2000.0	1622.1115539707146	0.0	0	0.0	2672.1523972274445	1	0	1	1.7684980344908272
210807.74664338207	2000.0	1864.4057538452885	0.0	0	0.0	2672.1523972274445	1	0	1	1.7684980344908272
211494.01973290695	2000.0	2178.1326643203843	0.0	0	0.0	2672.1523972274445	1	0	1	1.7684980344908272
213377.7069669959	2000.0	1294.4454302314286	0.0	0	0.0	2672.1523972274445	1	0	1	1.7684980344908272
214261.60945827814	1000.0	1410.5429389491655	0.0	0	0.0	2672.1523972274153	1	0	1	0.38220367337094063
215026.33309988966	1000.0	1645.8192973376213	0.0	0	0.0	2672.1523972274153	1	0	1	1.0753508539308858
216175.41488406522	2000.0	1496.7375131620531	0.0	0	0.0	2672.1523972274153	1	0	1	1.0753508539308858
216734.6556746217	1000.0	1937.4967226055876	0.0	0	0.0	2672.1523972274153	1	0	1	0.38220367337094063
217838.70359123792	2000.0	1833.44880598937	0.0	0	0.0	2672.1523972274153	1	0	1	1.0753508539308858
218825.52805426437	2000.0	1846.6243429628826	0.0	0	0.0	2672.1523972273862	1	0	1	1.768498034490835
220368.92485755452	2000.0	1303.2275396727584	0.0	0	0.0	2672.1523972273862	1	0	1	1.768498034490835
221174.0464166513	1000.0	1498.105980575936	0.0	0	0.0	2672.1523972273862	1	0	1	0.38220367337094463
222336.06801675554	2000.0	1336.0843804717074	0.0	0	0.0	2672.1523972273862	1	0	1	1.0753508539308898
222879.93944424554	1000.0	1792.212952981725	0.0	0	0.0	2672.1523972273862	1	0	1	0.38220367337094463
224344.58608277846	2000.0	1327.5663144488217	0.0	0	0.0	2672.1523972274153	1	0	1	1.0753508539308858
224947.98927606764	1000.0	1724.163121159655	0.0	0	0.0	2672.1523972274153	1	0	1	0.38220367337094063
225985.81652653828	2000.0	1686.3358706890108	0.0	0	0.0	2672.1523972273862	1	0	1	1.0753508539308898
227337.15186398677	2000.0	1335.0005332405324	0.0	0	0.0	2672.1523972273862	1	0	1	1.7684980344908334
227953.90046529347	1000.0	1718.2519319338699	0.0	0	0.0	2672.1523972273862	1	0	1	0.38220367337094463
229289.85984759455	2000.0	1382.292549632801	0.0	0	0.0	2672.1523972273862	1	0	1	1.0753508539308898
229924.94189997125	1000.0	1747.2104972561242	0.0	0	0.0	2672.1523972273862	1	0	1	0.38220367337094463
230901.0478267549	2000.0	1771.1045704724856	0.0	0	0.0	2672.1523972274153	1	0	1	1.0753508539308858
231913.42272950982	2000.0	1758.7296677175548	0.0	0	0.0	2672.1523972274445	1	0	1	1.7684980344908303
233005.4637414379	2000.0	1666.6886557894811	0.0	0	0.0	2672.1523972274445	1	0	1	1.7684980344908272
234155.89285943986	2000.0	1516.2595377875089	0.0	0	0.0	2672.1523972274445	1	0	1	1.7684980344908272
234831.16532809648	1000.0	1840.98706913087	0.0	0	0.0	2672.1523972274445	1	0	1	0.38220367337093686
235656.8863366846	2000.0	2015.2660605427488	0.0	0	0.0	2672.1523972274736	1	0	1	1.075350853930878
236268.7476155283	2000.0	2403.4047816990496	0.0	0	0.0	2672.1523972274736	1	0	1	1.7684980344908232
237200.0	2000.0	2472.1523972273517	0.0	0	361.66343191312626	2672.1523972274736	1	0	1	1.7684980344908232
238464.04979126956	3000.0	2081.6976268308363	0.0	0	0.0	2545.747418100509	1	0	2	1.379729481656411
239256.42756934903	2000.0	2289.3198487513637	0.0	0	0.0	2545.747418100509	1	0	1	1.178976205286828
240414.04360335373	2000.0	2131.7038147466874	0.0	0	0.0	2545.747418100509	1	0	1	1.7844413133949928
242000.96685221914	2000.0	1544.7805658812915	0.0	0	0.0	2545.747418100509	1	0	1	1.7844413133949928
242530.37232211095	1000.0	2015.3750959894583	0.0	0	0.0	2545.747418100509	1	0	1	0.3981469522751024
243829.4287065615	2000.0	1716.3187115389096	0.0	0	0.0	2545.747418100509	1	0	1	1.0912941328350474
244877.29679189355	2000.0	1668.4506262068542	0.0	0	0.0	2545.747418100538	1	0	1	1.784441313394989
245493.60299335976	2000.0	2052.144424740616	0.0	0	0.0	2545.747418100538	1	0	1	1.784441313394989
246425.76426742057	2000.0	2119.9831506797896	0.0	0	0.0	2545.747418100538	1	0	1	1.784441313394989
247833.01895847957	2000.0	1712.7284596207637	0.0	0	0.0	2545.747418100538	1	0	1	1.784441313394989
248900.78818914713	2000.0	1644.9592289532063	0.0	0	0.0	2545.747418100538	1	0	1	1.784441313394989
250517.76991644592	2000.0	1027.9775016544047	0.0	0	0.0	2545.747418100509	1	0	1	1.7844413133949928
251323.63253178078	1000.0	1222.114886319578	0.0	0	0.0	2545.747418100509	1	0	1	0.3981469522751024
252046.16930485057	1000.0	1499.5781132497857	0.0	0	0.0	2545.747418100451	1	0	1	1.0912941328350523
253174.56156239298	2000.0	1371.1858557073774	0.0	0	0.0	2545.747418100451	1	0	1	1.0912941328350545
253787.43958889807	1000.0	1758.3078292022926	0.0	0	0.0	2545.747418100451	1	0	1	0.3981469522751093
255683.2329062175	2000.0	862.5145118828294	0.0	0	0.0	2545.747418100422	1	0	1	1.0912941328350578
256223.8921916985	1000.0	1321.855226401817	0.0	0	0.0	2545.747418100422	1	0	1	0.39814695227511265
256722.8996307098	1000.0	1822.84778739054	0.0	0	0.0	2545.747418100422	1	0	1	1.0912941328350578
258617.4685026164	2000.0	928.2789154839371	0.0	0	0.0	2545.747418100451	1	0	1	1.0912941328350545
259381.27148925848	500.0	1164.4759288418368	0.0	0	0.0	2545.747418100451	1	0	1	-0.9881474088447817
260302.24907910425	1000.0	1243.4983389961171	0.0	0	0.0	2545.747418100451	1	0	1	0.3981469522751091
260996.56345426585	1000.0	1549.1839638345027	0.0	0	0.0	2545.747418100422	1	0	1	1.0912941328350558
261667.17958333026	1000.0	1878.567834770091	0.0	0	0.0	2545.747418100422	1	0	1	1.0912941328350578
262974.7404861635	2000.0	1571.0069319369104	0.0	0	0.0	2545.747418100451	1	0	1	1.091294132835053
264191.4981338861	2000.0	1354.2492842143274	0.0	0	0.0	2545.74741810048	1	0	1	1.7844413133949981
264775.4028485183	1000.0	1770.3445695820676	0.0	0	0.0	2545.747418100422	1	0	1	0.39814695227510855
265940.1504066655	2000.0	1605.5970114348488	0.0	0	0.0	2545.747418100422	1	0	1	1.0912941328350578
266714.96372706356	1000.0	1830.783691036787	0.0	0	0.0	2545.747418100422	1	0	1	0.39814695227511265
267576.6493908357	1000.0	1969.0980272646798	0.0	0	0.0	2545.74741810048	1	0	1	1.091294132835051
268506.70731514227	1000.0	2039.0401029581274	0.0	0	0.0	2545.74741810048	1	0	1	1.091294132835051
269200.0	1000.0	2345.747418100416	0.0	0	104.8600634628092	2545.74741810048	1	0	1	1.091294132835051
270200.0	2000.0	2345.747418100403	0.0	0	165.57904654130107	2545.74741810048	1	0	1	1.091294132835051
271200.0	2000.0	2345.7474181003504	0.0	0	89.72476638207445	2545.74741810048	1	0	1	1.784441313394996
272200.0	2000.0	2345.747418100362	0.0	0	64.7729154440458	2545.7474181003636	1	0	1	1.7844413133950057
273213.9208656705	2000.0	2331.8265524298977	0.0	0	0.0	2545.747418100422	1	0	1	1.784441313395003
274363.7137697103	2000.0	2182.033648390101	0.0	0	0.0	2545.747418100422	1	0	1	1.784441313395003
275200.0	2000.0	2345.747418100386	0.0	0	123.02619727194542	2545.747418100422	1	0	1	1.784441313395003
276200.0	2000.0	2345.747418100352	0.0	0	178.28610031609423	2545.7474181003636	1	0	1	1.7844413133950057
277734.91709070525	2000.0	1810.8303273951065	0.0	0	0.0	2545.7474181003636	1	0	1	1.7844413133950099
278623.08918073575	2000.0	1922.658237364537	0.0	0	0.0	2545.7474181003636	1	0	1	1.7844413133950099
279627.8962476821	2000.0	1917.851170418235	0.0	0	0.0	2545.7474181003636	1	0	1	1.7844413133950099
280760.06318956905	2000.0	1785.6842285312664	0.0	0	0.0	2545.7474181003054	1	0	1	1.7844413133950168
282444.60044990707	2000.0	1101.1469681932042	0.0	0	0.0	2545.7474181003054	1	0	1	1.7844413133950168
283114.1691455326	1000.0	1431.5782725676704	0.0	0	0.0	2545.7474181003054	1	0	1	0.39814695227512653
283665.6517202092	1000.0	1880.0956978910751	0.0	0	0.0	2545.747418100247	1	0	1	1.0912941328350787
284821.599793379	2000.0	1724.1476247212975	0.0	0	0.0	2545.747418100247	1	0	1	1.0912941328350785
286094.08741860715	2000.0	1451.6599994931519	0.0	0	0.0	2545.747418100247	1	0	1	1.7844413133950239
287046.9666857104	1000.0	1498.780732389837	0.0	0	0.0	2545.747418100247	1	0	1	0.39814695227513347
287961.83943046676	1000.0	1583.9079876335427	0.0	0	0.0	2545.747418100189	1	0	1	1.09129413283508
288797.15067134943	1000.0	1748.5967467508965	0.0	0	0.0	2545.747418100189	1	0	1	1.0912941328350856
290351.6647348661	2000.0	1194.0826832341218	0.0	0	0.0	2545.7474181001307	1	0	1	1.0912941328350896
291152.6745157393	1000.0	1393.072902360876	0.0	0	0.0	2545.7474181001307	1	0	1	0.39814695227514735
291887.5084938096	1000.0	1658.2389242905774	0.0	0	0.0	2545.7474181001307	1	0	1	1.0912941328350925
292811.61972705525	1000.0	1734.1276910448912	0.0	0	0.0	2545.7474181001307	1	0	1	1.0912941328350925
293525.62197707704	1000.0	2020.125441023076	0.0	0	0.0	2545.7474181001307	1	0	1	1.0912941328350925
294581.7994165271	2000.0	1963.9480015730123	0.0	0	0.0	2545.7474181001307	1	0	1	1.0912941328350925
295981.6484868538	2000.0	1564.0989312462755	0.0	0	0.0	2545.7474181001307	1	0	1	1.7844413133950376
296829.3778510043	2000.0	1716.369567095813	0.0	0	0.0	2545.7474181001307	1	0	1	1.7844413133950376
298120.6599934032	2000.0	1425.0874246970081	0.0	0	0.0	2545.747418100189	1	0	1	1.7844413133950308
298967.5822162953	1000.0	1578.1652018048871	0.0	0	0.0	2545.747418100189	1	0	1	0.3981469522751404
300062.99849625805	1000.0	1482.7489218420988	0.0	0	0.0	2545.747418100247	1	0	1	1.0912941328350787
300641.8250934599	1000.0	1903.92232464019	0.0	0	0.0	2545.747418100247	1	0	1	1.0912941328350787
1.49	1.8	1.85	1.84	2.36	0.81	1.22	1.8	2.54	2.1	1.83	1.66	1.69	2.09	2.02	1.44	0.98	1.38	2.14	2.94	3.22	2.33	1.2	1.04	1.49	1.87	2.04	3.01	2.39	1.11	2.25	0.94	1.27	1.41	1.69	1.8	2.29	2.15	1.69	1.47	1.38	2.13	2.65	2.97	1.86	1.38	1.59	1.89	2.0	2.09	2.53	2.76	1.42	2.27	2.18	2.43	2.92	2.88	3.42	2.62	0.95	0.71	1.39	2.02	1.8	2.1	2.17	1.76	1.58	1.67	1.78	1.29	1.73	2.12	1.84	1.55	1.92	1.95	1.77	2.13	1.76	1.31	1.58	2.06	2.79	3.63	2.4	1.41	1.71	0.82	1.97	2.06	2.72	2.78	1.7	1.89	2.4	1.58	1.46	1.88	2.36	1.45	1.09	1.74	1.78	1.12	0.72	1.01	1.1	1.71	1.68	1.87	1.93	1.24	1.19	1.22	1.23	1.81	2.27	2.97	2.72	2.29	2.09	2.9	1.9	1.58	1.95	1.55	1.74	1.52	1.67	1.71	2.03	1.47	1.24	1.46	1.56	1.29	1.73	1.25	1.38	1.63	2.06	1.44	2.06	1.77	1.02	1.12	1.77	1.19	1.49	1.8	1.85	1.84	2.36	0.81	1.22	1.8	2.54	2.1	1.83	1.66	1.69	2.09	2.02	1.44	0.98	1.38	2.14	2.94	3.22	2.33	1.2	1.04	1.49	1.87	2.04	3.01	2.39	1.11	2.25	0.94	1.27	1.41	1.69	1.8	2.29	2.15	1.69	1.47	1.38	2.13	2.65	2.97	1.86	1.38	1.59	1.89	2.0	2.09	2.53	2.76	1.42	2.27	2.18	2.43	2.92	2.88	3.42	2.62	0.95	0.71	1.39	2.02	1.8	2.1	2.17	1.76	1.58	1.67	1.78	1.29	1.73	2.12	1.84	1.55	1.92	1.95	1.77	2.13	1.76	1.31	1.58	2.06	2.79	3.63	2.4	1.41	1.71	0.82	1.97	2.06	2.72	2.78	1.7	1.89	2.4	1.58	1.46	1.88	2.36	1.45	1.09	1.74	1.78	1.12	0.72	1.01	1.1	1.71	1.68	1.87	1.93	1.24	1.19	1.22	1.23	1.81	2.27	2.97	2.72	2.29	2.09	2.9	1.9	1.58	1.95	1.55	1.74	1.52	1.67	1.71	2.03	1.47	1.24	1.46	1.56	1.29	1.73	1.25	1.38	1.63	2.06	1.44	2.06	1.77	1.02	1.12	1.77	1.19	1.49	1.8
1.0	2.0	3.0	4.0	5.0	6.0	7.0	8.0	9.0	10.0	11.0	12.0	13.0	14.0	15.0	16.0	17.0	18.0	19.0	20.0	21.0	22.0	23.0	24.0	25.0	26.0	27.0	28.0	29.0	30.0	31.0	32.0	33.0	34.0	35.0	36.0	37.0	38.0	39.0	40.0	41.0	42.0	43.0	44.0	45.0	46.0	47.0	48.0	49.0	50.0	51.0	52.0	53.0	54.0	55.0	56.0	57.0	58.0	59.0	60.0	61.0	62.0	63.0	64.0	65.0	66.0	67.0	68.0	69.0	70.0	71.0	72.0	73.0	74.0	75.0	76.0	77.0	78.0	79.0	80.0	81.0	82.0	83.0	84.0	85.0	86.0	87.0	88.0	89.0	90.0	91.0	92.0	93.0	94.0	95.0	96.0	97.0	98.0	99.0	100.0	101.0	102.0	103.0	104.0	105.0	106.0	107.0	108.0	109.0	110.0	111.0	112.0	113.0	114.0	115.0	116.0	117.0	118.0	119.0	120.0	121.0	122.0	123.0	124.0	125.0	126.0	127.0	128.0	129.0	130.0	131.0	132.0	133.0	134.0	135.0	136.0	137.0	138.0	139.0	140.0	141.0	142.0	143.0	144.0	145.0	146.0	147.0	148.0	149.0	149.0	150.0	151.0	152.0	153.0	154.0	155.0	156.0	157.0	158.0	159.0	160.0	161.0	162.0	163.0	164.0	165.0	166.0	167.0	168.0	169.0	170.0	171.0	172.0	173.0	174.0	175.0	176.0	177.0	178.0	179.0	180.0	181.0	182.0	183.0	184.0	185.0	186.0	187.0	188.0	189.0	190.0	191.0	192.0	193.0	194.0	195.0	196.0	197.0	198.0	199.0	200.0	201.0	202.0	203.0	204.0	205.0	206.0	207.0	208.0	209.0	210.0	211.0	212.0	213.0	214.0	215.0	216.0	217.0	218.0	219.0	220.0	221.0	222.0	223.0	224.0	225.0	226.0	227.0	228.0	229.0	230.0	231.0	232.0	233.0	234.0	235.0	236.0	237.0	238.0	239.0	240.0	241.0	242.0	243.0	244.0	245.0	246.0	247.0	248.0	249.0	250.0	251.0	252.0	253.0	254.0	255.0	256.0	257.0	258.0	259.0	260.0	261.0	262.0	263.0	264.0	265.0	266.0	267.0	268.0	269.0	270.0	271.0	272.0	273.0	274.0	275.0	276.0	277.0	278.0	279.0	280.0	281.0	282.0	283.0	284.0	285.0	286.0	287.0	288.0	289.0	290.0	291.0	292.0	293.0	294.0	295.0	296.0	297.0	298.0	298.0	299.0	300.0
2900.961573457199
