3378.2853169622185	300.0	2000.0	420.53848867045764	0	0.0	3378.2853169622185	1	0	1	-2.761678386206402
4585.995952449504	1000.0	1792.289364512714	0.0	0	0.0	3378.2853169622185	1	0	1	-0.2611251401947672
5367.230095105432	1000.0	2011.0552218567861	0.0	0	0.0	3378.2853169622185	1	0	1	0.942847664131169
6067.3923678186475	1000.0	2310.89294914357	0.0	0	0.0	3378.285316962218	1	0	1	0.9428476641311692
6991.661507749951	1000.0	2386.623809212266	0.0	0	0.0	3378.285316962217	1	0	1	0.9428476641311694
7869.220048498188	1000.0	2509.065268464028	0.0	0	0.0	3378.2853169622167	1	0	1	0.9428476641311695
9164.483421248478	1000.0	2213.8018957137374	0.0	0	0.0	3378.2853169622167	1	0	1	0.9428476641311697
10076.628306321596	1000.0	2301.6570106406193	0.0	0	0.0	3378.285316962216	1	0	1	0.9428476641311696
11055.3888350816	1000.0	2322.896481880615	0.0	0	0.0	3378.285316962215	1	0	1	0.94284766413117
13028.169258832118	1000.0	1350.1160581300935	0.0	0	0.0	3378.285316962214	1	0	1	0.9428476641311703
13658.909140109376	500.0	1719.3761768528339	0.0	0	0.0	3378.285316962212	1	0	1	-0.4434466969887202
14341.522625104519	1000.0	2036.7626918576902	0.0	0	0.0	3378.285316962212	1	0	1	0.24970048357122543
14838.758734066845	1000.0	2539.526582895364	0.0	0	0.0	3378.285316962212	1	0	1	0.9428476641311709
16105.297319463136	2000.0	2272.987997499072	0.0	0	0.0	3378.285316962212	1	0	1	0.9428476641311708
16899.048363474074	1000.0	2479.2369534881313	0.0	0	0.0	3378.2853169622085	1	0	1	0.2497004835712265
18062.834685522335	1000.0	2315.4506314398695	0.0	0	0.0	3378.285316962205	1	0	1	0.9428476641311723
19056.47375258387	1000.0	2321.811564378338	0.0	0	0.0	3378.2853169622085	1	0	1	0.9428476641311719
20184.274877779935	1000.0	2194.010439182273	0.0	0	0.0	3378.2853169622103	1	0	1	0.9428476641311713
20782.954471548015	1000.0	2595.3308454141907	0.0	0	0.0	3378.2853169622103	1	0	1	0.9428476641311713
22636.806402418544	2000.0	1741.4789145436575	0.0	0	0.0	3378.2853169622103	1	0	1	0.9428476641311712
23646.873941058508	1000.0	1731.4113759036957	0.0	0	0.0	3378.2853169622103	1	0	1	0.24970048357122607
24546.40563757173	1000.0	1831.879679390474	0.0	0	0.0	3378.2853169622103	1	0	1	0.9428476641311713
25500.729613433687	1000.0	1877.5557035285135	0.0	0	0.0	3378.2853169622103	1	0	1	0.9428476641311713
26725.88664015391	1000.0	1652.3986768082877	0.0	0	0.0	3378.2853169622067	1	0	1	0.9428476641311722
28038.50737002926	1000.0	1339.7779469329353	0.0	0	0.0	3378.2853169622067	1	0	1	0.9428476641311722
28788.82591332898	1000.0	1589.4594036332153	0.0	0	0.0	3378.2853169622067	1	0	1	0.9428476641311722
29389.22943116464	1000.0	1989.0558857975545	0.0	0	0.0	3378.2853169622067	1	0	1	0.9428476641311722
30316.000211128772	1000.0	2062.2851058334254	0.0	0	0.0	3378.2853169622067	1	0	1	0.9428476641311722
31559.940831415206	1000.0	1818.3444855469875	0.0	0	0.0	3378.285316962203	1	0	1	0.9428476641311732
32124.194997989016	1000.0	2254.090318973178	0.0	0	0.0	3378.2853169622067	1	0	1	0.9428476641311722
33033.2098072994	2000.0	2345.0755096628013	0.0	0	0.0	3378.2853169622103	1	0	1	0.9428476641311714
34349.771753829904	2000.0	2028.5135631323024	0.0	0	0.0	3378.285316962214	1	0	1	1.635994844691116
35788.90483046864	2000.0	1589.3804864935764	0.0	0	0.0	3378.2853169622213	1	0	1	1.6359948446911143
37106.780941963705	1000.0	1271.5043749985125	0.0	0	0.0	3378.285316962225	1	0	1	0.24970048357122243
38082.164531622475	1000.0	1296.1207853397461	0.0	0	0.0	3378.285316962225	1	0	1	0.9428476641311676
38695.26580465587	1000.0	1683.0195123063515	0.0	0	0.0	3378.2853169622176	1	0	1	0.9428476641311694
39625.80669028564	1000.0	1752.4786266765864	0.0	0	0.0	3378.2853169622176	1	0	1	0.9428476641311694
40969.516609589125	1000.0	1408.7687073731065	0.0	0	0.0	3378.2853169622176	1	0	1	0.9428476641311694
42142.933932077896	1000.0	1235.3513848843406	0.0	0	0.0	3378.2853169622176	1	0	1	0.9428476641311694
42713.097381222826	500.0	1665.1879357394064	0.0	0	0.0	3378.2853169622176	1	0	1	-0.4434466969887214
43890.05947306712	1000.0	1488.2258438951108	0.0	0	0.0	3378.2853169622176	1	0	1	0.249700483571224
44754.9740064267	1000.0	1623.3113105355292	0.0	0	0.0	3378.2853169622103	1	0	1	0.9428476641311713
45540.318400101314	1000.0	1837.9669168609182	0.0	0	0.0	3378.2853169622103	1	0	1	0.9428476641311713
46379.272342638506	1000.0	1999.0129743237233	0.0	0	0.0	3378.2853169622103	1	0	1	0.9428476641311713
47400.46805693958	1000.0	1977.8172600226578	0.0	0	0.0	3378.2853169622176	1	0	1	0.9428476641311694
48325.88780088355	1000.0	2052.3975160786895	0.0	0	0.0	3378.285316962225	1	0	1	0.9428476641311676
48941.61703125447	1000.0	2436.668285707774	0.0	0	0.0	3378.2853169622176	1	0	1	0.9428476641311694
49953.398165614235	2000.0	2424.887151348015	0.0	0	0.0	3378.2853169622176	1	0	1	0.9428476641311692
51638.951943984284	2000.0	1739.333372977962	0.0	0	0.0	3378.2853169622176	1	0	1	1.6359948446911143
52362.51798124677	1000.0	2015.7673357154815	0.0	0	0.0	3378.2853169622176	1	0	1	0.24970048357122424
53455.234581371114	1000.0	1923.0507355911368	0.0	0	0.0	3378.285316962225	1	0	1	0.9428476641311676
54011.44834707373	1000.0	2366.8369698885167	0.0	0	0.0	3378.285316962225	1	0	1	0.9428476641311676
56121.45509204464	2000.0	1256.8302249176097	0.0	0	0.0	3378.285316962225	1	0	1	0.9428476641311675
56797.48257800228	1000.0	1580.8027389599756	0.0	0	0.0	3378.285316962225	1	0	1	0.24970048357122243
57494.34163157469	1000.0	1883.9436853875725	0.0	0	0.0	3378.285316962225	1	0	1	0.9428476641311676
58384.69367349919	1000.0	1993.5916434630735	0.0	0	0.0	3378.285316962225	1	0	1	0.9428476641311676
58898.71426243987	1000.0	2479.571054522385	0.0	0	0.0	3378.285316962225	1	0	1	0.9428476641311676
59808.1736083407	2000.0	2570.111708621555	0.0	0	0.0	3378.285316962225	1	0	1	0.9428476641311675
61884.38415728183	2000.0	1493.9011596804303	0.0	0	0.0	3378.285316962225	1	0	1	1.6359948446911128
62544.348815277095	1000.0	1833.93650168516	0.0	0	0.0	3378.2853169622176	1	0	1	0.24970048357122424
63414.11853290608	1000.0	1964.1667840561672	0.0	0	0.0	3378.2853169622176	1	0	1	0.9428476641311694
64844.358222117065	1000.0	1533.9270948451824	0.0	0	0.0	3378.285316962225	1	0	1	0.9428476641311676
65676.1314557918	500.0	1702.1538611704411	0.0	0	0.0	3378.2853169622103	1	0	1	-0.443446696988721
66709.68329910803	1000.0	1668.6020178541996	0.0	0	0.0	3378.285316962203	1	0	1	0.24970048357122693
67384.38234744631	1000.0	1993.9029695159225	0.0	0	0.0	3378.2853169622103	1	0	1	0.942847664131172
68110.36095552833	1000.0	2267.9243614339	0.0	0	0.0	3378.285316962203	1	0	1	0.9428476641311725
69049.3271865036	1000.0	2328.958130458641	0.0	0	0.0	3378.285316962196	1	0	1	0.9428476641311749
70226.8727846574	1000.0	2151.4125323048174	0.0	0	0.0	3378.2853169621812	1	0	1	0.9428476641311785
71033.353123821	1000.0	2344.932193141231	0.0	0	0.0	3378.2853169621812	1	0	1	0.9428476641311785
72204.80434736682	2000.0	2056.3358472408345	0.0	0	0.0	3261.1401946076076	1	0	2	0.5637787894550523
73187.05110069443	1000.0	2074.0890939132323	0.0	0	0.0	3261.1401946076076	1	0	1	0.07784052253890034
74260.12493053525	1000.0	2001.0152640724211	0.0	0	0.0	3261.1401946076076	1	0	1	0.9709877030988457
75188.1014387644	1000.0	2073.0387558432926	0.0	0	0.0	3261.140194607622	1	0	1	0.9709877030988424
76469.20788209885	1000.0	1791.9323125088324	0.0	0	0.0	3261.140194607622	1	0	1	0.9709877030988424
77597.4074872868	1000.0	1663.732707320893	0.0	0	0.0	3261.140194607622	1	0	1	0.9709877030988424
78559.64325652795	1000.0	1701.4969380797372	0.0	0	0.0	3261.140194607622	1	0	1	0.9709877030988424
79546.18821646033	1000.0	1714.9519781473566	0.0	0	0.0	3261.1401946076367	1	0	1	0.9709877030988391
79975.95269678927	1000.0	2285.187497818415	0.0	0	0.0	3261.1401946076367	1	0	1	0.9709877030988391
81348.29864865319	2000.0	1912.8415459544894	0.0	0	0.0	3261.1401946076367	1	0	1	0.970987703098839
82387.55241220606	1000.0	1873.5877824016115	0.0	0	0.0	3261.1401946076367	1	0	1	0.2778405225388939
83419.08512038818	1000.0	1842.055074219495	0.0	0	0.0	3261.140194607622	1	0	1	0.9709877030988424
84631.41385362067	1000.0	1629.7263409869945	0.0	0	0.0	3261.140194607622	1	0	1	0.9709877030988424
85312.29001279832	1000.0	1948.8501818093582	0.0	0	0.0	3261.140194607622	1	0	1	0.9709877030988424
85753.22597039085	1000.0	2507.9142242168296	0.0	0	0.0	3261.140194607622	1	0	1	0.9709877030988424
86641.60257219033	2000.0	2619.537622417335	0.0	0	0.0	3261.140194607622	1	0	1	0.9709877030988425
88053.02335658977	2000.0	2208.1168380178815	0.0	0	0.0	3261.1401946076076	1	0	1	1.664134883658791
89353.82672335206	2000.0	1907.313471255583	0.0	0	0.0	3261.1401946076076	1	0	1	1.664134883658791
90032.60181192835	1000.0	2228.538382679284	0.0	0	0.0	3261.1401946076076	1	0	1	0.27784052253890057
91525.70165806066	2000.0	1735.438536547003	0.0	0	0.0	3261.1401946076076	1	0	1	0.9709877030988459
92332.5322007254	1000.0	1928.607993882259	0.0	0	0.0	3261.1401946076076	1	0	1	0.27784052253890057
93224.46625727836	1000.0	2036.673937329306	0.0	0	0.0	3261.1401946076076	1	0	1	0.9709877030988457
93996.01059475394	1000.0	2265.129599853744	0.0	0	0.0	3261.1401946076076	1	0	1	0.9709877030988457
95739.86752305206	2000.0	1521.2726715556305	0.0	0	0.0	3261.1401946076076	1	0	1	0.9709877030988459
96721.76104012906	1000.0	1539.3791544786432	0.0	0	0.0	3261.140194607622	1	0	1	0.27784052253889724
97640.26106469776	1000.0	1620.8791299099514	0.0	0	0.0	3261.140194607622	1	0	1	0.9709877030988424
98478.6828848397	1000.0	1782.4573097680097	0.0	0	0.0	3261.1401946076076	1	0	1	0.9709877030988457
99284.25590589584	1000.0	1976.8842887118637	0.0	0	0.0	3261.1401946076076	1	0	1	0.9709877030988457
100333.35450774303	1000.0	1927.7856868646793	0.0	0	0.0	3261.1401946076076	1	0	1	0.9709877030988457
101274.02108237178	1000.0	1987.1191122359346	0.0	0	0.0	3261.140194607622	1	0	1	0.9709877030988424
102878.90798881483	1000.0	1382.2322057928934	0.0	0	0.0	3261.1401946076367	1	0	1	0.9709877030988404
103940.93292359324	1000.0	1320.2072710144882	0.0	0	0.0	3261.1401946076367	1	0	1	0.9709877030988391
104596.15661049858	1000.0	1664.9835841091426	0.0	0	0.0	3261.1401946076367	1	0	1	0.9709877030988391
105870.18498403327	2000.0	1263.552373220982	0.0	0	0.0	3133.737357254169	1	0	2	0.5912765676291086
106654.75269468606	1000.0	1478.984662568194	0.0	0	0.0	3133.737357254169	1	0	1	0.10532914449046321
107464.34518288566	1000.0	1669.392174368594	0.0	0	0.0	3133.7373572541837	1	0	1	0.9984763250504056
108371.9084210691	1000.0	1761.8289361851657	0.0	0	0.0	3133.7373572541837	1	0	1	0.9984763250504056
109365.55731696328	1000.0	1768.1800402910062	0.0	0	0.0	3133.7373572541837	1	0	1	0.9984763250504056
110172.08757733663	1000.0	1961.6497799176564	0.0	0	0.0	3133.7373572541983	1	0	1	0.9984763250504026
111146.8284426262	1000.0	1986.9089146280864	0.0	0	0.0	3133.737357254213	1	0	1	0.9984763250503997
112128.748270922	1000.0	2004.9890863322698	0.0	0	0.0	3133.737357254213	1	0	1	0.9984763250503997
112881.90296008246	1000.0	2251.834397171817	0.0	0	0.0	3133.737357254213	1	0	1	0.9984763250503997
113668.02600727158	1000.0	2465.711349982712	0.0	0	0.0	3133.7373572542274	1	0	1	0.9984763250503967
115225.52079893432	1000.0	1908.2165583199885	0.0	0	0.0	3133.7373572542274	1	0	1	0.9984763250503967
116846.77688708107	1000.0	1286.960470173225	0.0	0	0.0	3133.7373572542274	1	0	1	0.9984763250503967
118015.32670800062	500.0	1118.410649253677	0.0	0	0.0	3133.737357254242	1	0	1	-0.38781803606949716
118582.72541449177	500.0	1551.0119427625389	0.0	0	0.0	3133.737357254242	1	0	1	0.3053291444904483
120173.58590418915	1000.0	960.1514530651509	0.0	0	0.0	3133.737357254242	1	0	1	0.30532914449044835
120965.91963481769	500.0	1167.817722436625	0.0	0	0.0	3133.737357254242	1	0	1	-0.38781803606949716
122067.46776192448	1000.0	1066.269595329852	0.0	0	0.0	3133.7373572542274	1	0	1	0.3053291444904513
123256.06133174713	1000.0	877.6760255071991	0.0	0	0.0	3133.7373572542274	1	0	1	0.9984763250503967
124184.37550458944	1000.0	949.3618526648879	0.0	0	0.0	3133.7373572542274	1	0	1	0.9984763250503967
124753.66201635427	1000.0	1380.0753409000606	0.0	0	0.0	3133.7373572542274	1	0	1	0.9984763250503967
125374.22927079686	1000.0	1759.5080864574652	0.0	0	0.0	3133.7373572542274	1	0	1	0.9984763250503967
126732.63153161312	2000.0	1401.1058256411998	0.0	0	0.0	3133.737357254213	1	0	1	0.9984763250503996
127509.16436176335	1000.0	1624.5729954909564	0.0	0	0.0	3133.737357254213	1	0	1	0.30532914449045456
128880.92090238348	1000.0	1252.8164548708305	0.0	0	0.0	3133.7373572542274	1	0	1	0.9984763250503967
129808.66485731392	1000.0	1325.0724999403792	0.0	0	0.0	3133.7373572542274	1	0	1	0.9984763250503967
131388.59977820746	1000.0	745.1375790468551	0.0	0	0.0	3133.737357254242	1	0	1	0.9984763250503932
131757.75765187613	500.0	1375.9797053781367	0.0	0	0.0	3133.7373572541983	1	0	1	-0.3878180360694905
132548.56938182822	1000.0	1585.167975426076	0.0	0	0.0	3133.737357254213	1	0	1	0.305329144490456
133274.1364485618	1000.0	1859.600908692503	0.0	0	0.0	3133.737357254213	1	0	1	0.9984763250504003
135609.66239639904	2000.0	524.0749608552542	0.0	0	0.0	3133.7373572541983	1	0	1	0.9984763250504027
136000.48332191637	500.0	1133.254035337934	0.0	0	0.0	3133.7373572541983	1	0	1	-1.0809652166294335
136922.74870079808	1000.0	1210.988656456237	0.0	0	0.0	3133.7373572542274	1	0	1	0.3053291444904513
138141.5501946538	1000.0	992.1871626005491	0.0	0	0.0	3133.7373572542274	1	0	1	0.9984763250503967
138683.239454404	500.0	1450.4979028503271	0.0	0	0.0	3133.7373572542274	1	0	1	-0.38781803606949417
139931.67904094246	1000.0	1202.0583163118595	0.0	0	0.0	3133.7373572542274	1	0	1	0.3053291444904513
140998.70478755358	1000.0	1135.0325697007283	0.0	0	0.0	3133.7373572542274	1	0	1	0.9984763250503967
141656.88739491423	1000.0	1476.849962340098	0.0	0	0.0	3133.7373572542274	1	0	1	0.9984763250503967
142306.9356454491	1000.0	1826.8017118052312	0.0	0	0.0	3133.7373572542274	1	0	1	0.9984763250503967
143215.39236307872	2000.0	1918.3449941756398	0.0	0	0.0	3133.7373572542274	1	0	1	0.9984763250503966
144449.98484598976	2000.0	1683.7525112646256	0.0	0	0.0	3133.7373572542274	1	0	1	1.691623505610342
146202.04378366822	2000.0	931.6935735861443	0.0	0	0.0	3133.7373572542274	1	0	1	1.691623505610342
147190.4064779425	1000.0	943.3308793118669	0.0	0	0.0	3133.7373572542565	1	0	1	0.30532914449044557
147971.81695212124	1000.0	1161.9204051331371	0.0	0	0.0	3133.7373572542565	1	0	1	0.9984763250503907
148938.7714749968	1000.0	1194.9658822575634	0.0	0	0.0	3133.7373572542565	1	0	1	0.9984763250503907
149878.04935143847	1000.0	1255.6880058159086	0.0	0	0.0	3133.7373572542565	1	0	1	0.9984763250503907
150354.5982629401	1000.0	1779.1390943142926	0.0	0	0.0	3133.7373572542565	1	0	1	0.9984763250503907
152616.31166952147	2000.0	517.4256877329178	0.0	0	0.0	3133.7373572542565	1	0	1	0.9984763250503907
153150.26496096424	500.0	983.4723962901464	0.0	0	0.0	3133.7373572542565	1	0	1	-1.0809652166294457
154314.23876975183	1000.0	819.4985875025482	0.0	0	0.0	3133.7373572542274	1	0	1	0.3053291444904513
155000.78923392054	1000.0	1132.9481233338133	0.0	0	0.0	3133.7373572541983	1	0	1	0.9984763250504026
155816.22171121062	1000.0	1317.515646043757	0.0	0	0.0	3133.7373572541983	1	0	1	0.9984763250504026
156503.03030671956	1000.0	1630.7070505348388	0.0	0	0.0	3133.7373572541983	1	0	1	0.9984763250504026
157237.34471605465	1000.0	1896.3926411997634	0.0	0	0.0	3133.7373572541983	1	0	1	0.9984763250504026
158263.85785527597	1000.0	1869.879501978456	0.0	0	0.0	3133.737357254169	1	0	1	0.9984763250504085
159355.70190597803	1000.0	1778.0354512763804	0.0	0	0.0	3133.73735725414	1	0	1	0.9984763250504145
160323.89382217854	1000.0	1809.8435350758828	0.0	0	0.0	3133.737357254169	1	0	1	0.9984763250504085
161663.0254611618	1000.0	1470.711896092644	0.0	0	0.0	3133.7373572541983	1	0	1	0.9984763250504026
162615.31388280154	1000.0	1518.423474452941	0.0	0	0.0	3133.7373572542565	1	0	1	0.9984763250503943
163606.44772941314	1000.0	1527.2896278413198	0.0	0	0.0	3133.7373572542274	1	0	1	0.9984763250503967
164244.74302802497	1000.0	1888.994329229477	0.0	0	0.0	3133.7373572542274	1	0	1	0.9984763250503967
165060.9734166443	1000.0	2072.763940610183	0.0	0	0.0	3133.7373572542565	1	0	1	0.9984763250503907
165883.86537634593	1000.0	2249.871980908566	0.0	0	0.0	3133.7373572542856	1	0	1	0.998476325050386
167453.395398694	1000.0	1680.3419585604684	0.0	0	0.0	3133.7373572542856	1	0	1	0.9984763250503847
167944.1131914822	500.0	2189.624165772237	0.0	0	0.0	3133.7373572542856	1	0	1	-0.38781803606950604
168791.20084478916	1000.0	2342.5365124652913	0.0	0	0.0	3133.7373572543147	1	0	1	0.3053291444904335
169538.56689856522	1000.0	2595.1704586892083	0.0	0	0.0	3133.7373572543147	1	0	1	0.9984763250503836
171420.92044346352	2000.0	1712.816913790896	0.0	0	0.0	3133.737357254344	1	0	1	0.998476325050374
172509.92159855622	1000.0	1623.8157586981856	0.0	0	0.0	3133.7373572543147	1	0	1	0.30532914449043375
173252.84499684483	1000.0	1880.8923604095532	0.0	0	0.0	3133.7373572543147	1	0	1	0.998476325050379
173801.51410572795	1000.0	2332.2232515264004	0.0	0	0.0	3133.7373572543147	1	0	1	0.998476325050379
175835.72504778684	2000.0	1298.0123094675314	0.0	0	0.0	3133.7373572543147	1	0	1	0.9984763250503789
176828.2067919162	1000.0	1305.5305653381924	0.0	0	0.0	3133.7373572543147	1	0	1	0.30532914449043375
177978.64938795115	1000.0	1155.0879693031984	0.0	0	0.0	3133.7373572542856	1	0	1	0.9984763250503847
178817.39321811975	1000.0	1316.3441391346148	0.0	0	0.0	3133.7373572542856	1	0	1	0.9984763250503847
179382.03884255487	1000.0	1751.6985146994566	0.0	0	0.0	3133.7373572542856	1	0	1	0.9984763250503847
180637.73663901168	1000.0	1496.0007182426525	0.0	0	0.0	3133.7373572543147	1	0	1	0.998476325050379
181299.2048153075	1000.0	1834.5325419468638	0.0	0	0.0	3133.7373572543147	1	0	1	0.998476325050379
182662.6317395651	2000.0	1471.1056176892337	0.0	0	0.0	3133.7373572542856	1	0	1	0.9984763250503801
183308.9031731314	1000.0	1824.834184122911	0.0	0	0.0	3133.7373572542856	1	0	1	0.3053291444904396
184196.52287803902	1000.0	1937.2144792152985	0.0	0	0.0	3133.7373572542856	1	0	1	0.9984763250503847
185287.8098474711	1000.0	1845.927509783215	0.0	0	0.0	3133.7373572542856	1	0	1	0.9984763250503847
186565.1282187468	1000.0	1568.6091385075085	0.0	0	0.0	3133.7373572542856	1	0	1	0.9984763250503847
187391.98988292605	1000.0	1741.7474743282778	0.0	0	0.0	3133.7373572542856	1	0	1	0.9984763250503847
188126.84259111312	1000.0	2006.8947661411958	0.0	0	0.0	3133.7373572542856	1	0	1	0.9984763250503847
188827.72222584178	1000.0	2306.0151314125533	0.0	0	0.0	3133.7373572543147	1	0	1	0.998476325050379
190450.99748225303	1000.0	1682.7398750012915	0.0	0	0.0	3133.7373572543147	1	0	1	0.9984763250503801
191466.1516270882	1000.0	1667.5857301661306	0.0	0	0.0	3133.737357254344	1	0	1	0.998476325050373
192443.08104130503	1000.0	1690.6563159493196	0.0	0	0.0	3133.737357254373	1	0	1	0.9984763250503671
193169.40600853343	1000.0	1964.3313487209377	0.0	0	0.0	3133.737357254373	1	0	1	0.9984763250503671
194262.1331496035	1000.0	1871.6042076508577	0.0	0	0.0	3133.737357254373	1	0	1	0.9984763250503671
195202.34302054837	1000.0	1931.3943367059803	0.0	0	0.0	3133.737357254373	1	0	1	0.9984763250503671
195894.47603424263	1000.0	2239.261323011705	0.0	0	0.0	3133.737357254373	1	0	1	0.9984763250503671
196738.74331243488	1000.0	2394.9940448194625	0.0	0	0.0	3133.737357254373	1	0	1	0.9984763250503671
197743.30019568716	2000.0	2390.4371615671926	0.0	0	0.0	3133.737357254373	1	0	1	0.998476325050367
198693.82813409352	2000.0	2439.9092231608333	0.0	0	0.0	3133.737357254373	1	0	1	1.6916235056103122
200410.9005669688	2000.0	1722.8367902855869	0.0	0	0.0	3133.737357254373	1	0	1	1.6916235056103122
201464.70076106547	1000.0	1669.0365961889374	0.0	0	0.0	3133.737357254373	1	0	1	0.3053291444904219
202475.9784046913	1000.0	1657.7589525631154	0.0	0	0.0	3133.737357254373	1	0	1	0.9984763250503671
203211.54892360826	1000.0	1922.1884336461246	0.0	0	0.0	3133.737357254373	1	0	1	0.9984763250503671
204089.68737783722	1000.0	2044.0499794171988	0.0	0	0.0	3133.737357254402	1	0	1	0.9984763250503612
204995.497192451	1000.0	2138.2401648033997	0.0	0	0.0	3133.737357254402	1	0	1	0.9984763250503612
205677.46930542958	1000.0	2456.2680518248294	0.0	0	0.0	3133.737357254373	1	0	1	0.9984763250503647
206442.11456269992	1000.0	2691.6227945544615	0.0	0	0.0	3133.737357254373	1	0	1	0.9984763250503671
207681.9246515308	2000.0	2451.8127057235897	0.0	0	0.0	3133.737357254402	1	0	1	0.9984763250503611
209130.65359821272	2000.0	2003.083759041657	0.0	0	0.0	3133.737357254402	1	0	1	1.6916235056103064
209987.5516045247	1000.0	2146.185752729695	0.0	0	0.0	3133.737357254431	1	0	1	0.30532914449041004
210924.57537886786	1000.0	2209.1619783865444	0.0	0	0.0	3133.737357254431	1	0	1	0.9984763250503552
212259.1883329273	2000.0	1874.54902432711	0.0	0	0.0	3133.7373572544893	1	0	1	0.9984763250503444
213735.54342432524	1000.0	1398.193932929177	0.0	0	0.0	3133.73735725446	1	0	1	0.30532914449040405
214753.76462480385	500.0	1379.9727324505716	0.0	0	0.0	3133.737357254431	1	0	1	-0.3878180360695356
215847.7645717189	1000.0	1285.972785535542	0.0	0	0.0	3133.737357254431	1	0	1	0.3053291444904098
216942.86643962085	1000.0	1190.870917633627	0.0	0	0.0	3133.737357254431	1	0	1	0.9984763250503552
217632.85068747582	1000.0	1500.88666977866	0.0	0	0.0	3133.737357254431	1	0	1	0.9984763250503552
218412.40786059614	1000.0	1721.329496658359	0.0	0	0.0	3133.737357254431	1	0	1	0.9984763250503552
219135.96196818983	1000.0	1997.7753890646654	0.0	0	0.0	3133.737357254431	1	0	1	0.9984763250503552
219932.7079274596	1000.0	2201.0294297949395	0.0	0	0.0	3133.737357254431	1	0	1	0.9984763250503552
220625.36237292778	1000.0	2508.3749843267324	0.0	0	0.0	3133.737357254431	1	0	1	0.9984763250503552
222164.50067755042	2000.0	1969.2366797040797	0.0	0	0.0	3133.73735725446	1	0	1	0.9984763250503514
223474.63689740075	1000.0	1659.100459853763	0.0	0	0.0	3133.7373572544893	1	0	1	0.30532914449039805
224477.80560693328	1000.0	1655.93175032125	0.0	0	0.0	3133.7373572545184	1	0	1	0.9984763250503372
225963.9867477855	1000.0	1169.750609468999	0.0	0	0.0	3133.7373572545184	1	0	1	0.9984763250503372
227086.25193396644	1000.0	1047.485423288052	0.0	0	0.0	3133.7373572544893	1	0	1	0.998476325050342
227496.6177559216	500.0	1637.11960133287	0.0	0	0.0	3133.73735725446	1	0	1	-0.38781803606954157
228269.55697756348	1000.0	1864.1803796909978	0.0	0	0.0	3133.73735725446	1	0	1	0.3053291444904038
228778.69210408698	1000.0	2355.04525316752	0.0	0	0.0	3133.73735725446	1	0	1	0.9984763250503492
230243.53338863605	2000.0	1890.203968618449	0.0	0	0.0	3133.7373572544893	1	0	1	0.9984763250503433
231207.98314773862	1000.0	1925.7542095158735	0.0	0	0.0	3133.7373572544893	1	0	1	0.30532914449039805
232288.4611842081	1000.0	1845.276173046373	0.0	0	0.0	3133.7373572544893	1	0	1	0.9984763250503432
233594.6719561662	1000.0	1539.0654010882956	0.0	0	0.0	3133.7373572545184	1	0	1	0.9984763250503421
234132.75328251973	1000.0	2000.9840747347591	0.0	0	0.0	3133.7373572545184	1	0	1	0.9984763250503372
234607.55884827586	1000.0	2526.1785089786104	0.0	0	0.0	3133.7373572545184	1	0	1	0.9984763250503372
235718.01045369662	2000.0	2415.7269035578365	0.0	0	0.0	3133.7373572544893	1	0	1	0.9984763250503397
236483.13882317764	2000.0	2650.5985340768084	0.0	0	0.0	3133.7373572545184	1	0	1	1.6916235056102824
237652.15615236975	2000.0	2481.581204884684	0.0	0	0.0	3133.7373572545184	1	0	1	1.6916235056102824
238861.26364678936	2000.0	2272.473710465064	0.0	0	0.0	3133.7373572545184	1	0	1	1.6916235056102824
239825.30767048386	1000.0	2308.4296867705707	0.0	0	0.0	3133.7373572545184	1	0	1	0.3053291444903921
241499.52026653785	2000.0	1634.217090716586	0.0	0	0.0	3133.7373572545184	1	0	1	0.9984763250503372
242323.6628399444	1000.0	1810.0745173100509	0.0	0	0.0	3133.7373572545184	1	0	1	0.3053291444903921
243009.4068439115	1000.0	2124.330513342938	0.0	0	0.0	3133.7373572545475	1	0	1	0.9984763250503315
245072.0519671683	2000.0	1061.6853900861174	0.0	0	0.0	3133.7373572545766	1	0	1	0.9984763250503256
245941.3197011289	1000.0	1192.4176561255197	0.0	0	0.0	3133.7373572545766	1	0	1	0.3053291444903804
246573.20607364946	1000.0	1560.531283604959	0.0	0	0.0	3133.7373572545766	1	0	1	0.9984763250503255
247174.1172440618	1000.0	1959.620113192582	0.0	0	0.0	3133.7373572545766	1	0	1	0.9984763250503255
248875.49308598228	2000.0	1258.2442712721459	0.0	0	0.0	3133.7373572545475	1	0	1	0.9984763250503315
249797.09024088067	1000.0	1336.6471163737488	0.0	0	0.0	3133.7373572545184	1	0	1	0.3053291444903921
250573.44110194832	1000.0	1560.296255306097	0.0	0	0.0	3133.7373572545475	1	0	1	0.9984763250503361
252155.7445631969	1000.0	977.9927940575175	0.0	0	0.0	3133.7373572545475	1	0	1	0.9984763250503315
252620.67614330628	500.0	1513.0612139481266	0.0	0	0.0	3133.7373572545184	1	0	1	-0.3878180360695559
253511.14812714493	1000.0	1622.5892301094711	0.0	0	0.0	3133.7373572545184	1	0	1	0.3053291444903966
253975.43097980117	1000.0	2158.3063774532234	0.0	0	0.0	3133.7373572545184	1	0	1	0.9984763250503372
255038.5038984451	2000.0	2095.2334588092826	0.0	0	0.0	3133.7373572545475	1	0	1	0.9984763250503315
256007.47014712327	2000.0	2126.267210131119	0.0	0	0.0	3133.7373572545475	1	0	1	1.6916235056102766
257325.46877846928	2000.0	1808.2685787851096	0.0	0	0.0	3133.7373572545475	1	0	1	1.6916235056102766
258411.6534013023	1000.0	1722.083955952104	0.0	0	0.0	3133.7373572545475	1	0	1	0.3053291444903863
259467.07077312583	1000.0	1666.6665841285585	0.0	0	0.0	3133.7373572545184	1	0	1	0.9984763250503372
260577.32587364552	1000.0	1556.4114836088697	0.0	0	0.0	3133.7373572545475	1	0	1	0.9984763250503361
261681.53701544655	1000.0	1452.2003418077975	0.0	0	0.0	3133.7373572545475	1	0	1	0.9984763250503315
262364.393554934	1000.0	1769.3438023203175	0.0	0	0.0	3133.7373572545475	1	0	1	0.9984763250503315
263624.2534451857	1000.0	1509.4839120686781	0.0	0	0.0	3133.737357254635	1	0	1	0.9984763250503208
264816.17223520885	1000.0	1317.5651220455507	0.0	0	0.0	3133.737357254635	1	0	1	0.9984763250503148
265722.62342021184	500.0	1411.1139370425162	0.0	0	0.0	3133.7373572546057	1	0	1	-0.38781803606957255
266486.4730775777	500.0	1647.2642796766022	0.0	0	0.0	3133.737357254664	1	0	1	0.30532914449036225
267906.8171098234	1000.0	1226.9202474308988	0.0	0	0.0	3133.737357254664	1	0	1	0.3053291444903623
268956.16332968924	1000.0	1177.5740275650287	0.0	0	0.0	3133.737357254664	1	0	1	0.9984763250503077
269531.5422649032	500.0	1602.1950923511224	0.0	0	0.0	3133.737357254664	1	0	1	-0.3878180360695832
270709.7747822932	1000.0	1423.9625749611648	0.0	0	0.0	3133.737357254664	1	0	1	0.3053291444903623
271529.7896496069	1000.0	1603.9477076474748	0.0	0	0.0	3133.737357254664	1	0	1	0.9984763250503077
272587.8569876352	1000.0	1545.8803696192526	0.0	0	0.0	3133.737357254664	1	0	1	0.9984763250503077
273256.5406613196	1000.0	1877.1966959348422	0.0	0	0.0	3133.737357254664	1	0	1	0.9984763250503077
273929.6606693015	1000.0	2204.076687952959	0.0	0	0.0	3133.737357254664	1	0	1	0.9984763250503077
275248.42684617214	2000.0	1885.3105110823637	0.0	0	0.0	3133.737357254664	1	0	1	0.9984763250503078
276275.6809311359	1000.0	1858.0564261186191	0.0	0	0.0	3133.7373572546057	1	0	1	0.30532914449037435
277567.55712504254	1000.0	1566.1802322120454	0.0	0	0.0	3133.7373572546057	1	0	1	0.9984763250503195
278411.86889988824	1000.0	1721.8684573662915	0.0	0	0.0	3133.7373572546057	1	0	1	0.9984763250503195
279589.25654821086	1000.0	1544.4808090436914	0.0	0	0.0	3133.7373572546057	1	0	1	0.9984763250503195
280615.85912311706	1000.0	1517.8782341375154	0.0	0	0.0	3133.7373572545475	1	0	1	0.9984763250503315
281241.1189477202	1000.0	1892.6184095343408	0.0	0	0.0	3133.7373572544893	1	0	1	0.9984763250503432
281790.9091805206	1000.0	2342.8281767339026	0.0	0	0.0	3133.7373572544893	1	0	1	0.9984763250503432
283244.8928398506	2000.0	1888.8445174039382	0.0	0	0.0	3133.7373572544893	1	0	1	0.9984763250503433
284522.2523760317	1000.0	1611.4849812229174	0.0	0	0.0	3133.737357254431	1	0	1	0.30532914449041004
285455.27742147114	1000.0	1678.4599357834602	0.0	0	0.0	3133.737357254431	1	0	1	0.9984763250503552
286408.5847947504	1000.0	1725.1525625042118	0.0	0	0.0	3133.737357254431	1	0	1	0.9984763250503552
287701.4617737833	1000.0	1432.2755834711666	0.0	0	0.0	3133.737357254431	1	0	1	0.9984763250503552
288660.1573217739	1000.0	1473.58003548062	0.0	0	0.0	3133.737357254373	1	0	1	0.9984763250503599
289601.31570161635	1000.0	1532.4216556381637	0.0	0	0.0	3133.737357254373	1	0	1	0.9984763250503671
290187.8910226478	1000.0	1945.8463346066708	0.0	0	0.0	3133.737357254373	1	0	1	0.9984763250503671
290948.76456796343	1000.0	2184.9727892910187	0.0	0	0.0	3133.737357254373	1	0	1	0.9984763250503671
291797.6153243967	2000.0	2336.122032857719	0.0	0	0.0	3133.737357254373	1	0	1	0.998476325050367
292852.4588899174	2000.0	2281.2784673370297	0.0	0	0.0	3133.737357254373	1	0	1	1.6916235056103122
294104.0462267822	2000.0	2029.6911304722557	0.0	0	0.0	3133.737357254431	1	0	1	1.6916235056103002
295814.8214435943	2000.0	1318.915913660137	0.0	0	0.0	3133.737357254431	1	0	1	1.6916235056103002
296497.9715655924	1000.0	1635.7657916620135	0.0	0	0.0	3133.737357254431	1	0	1	0.30532914449041004
297476.13378882775	1000.0	1657.6035684266553	0.0	0	0.0	3133.737357254431	1	0	1	0.9984763250503552
298297.503103514	1000.0	1836.2342537403745	0.0	0	0.0	3133.737357254431	1	0	1	0.9984763250503552
298953.0291710149	1000.0	2180.708186239555	0.0	0	0.0	3133.737357254431	1	0	1	0.9984763250503552
301074.51451854093	2000.0	1059.2228387134862	0.0	0	0.0	3133.737357254431	1	0	1	0.998476325050355
301850.2307130783	500.0	1283.5066441761828	0.0	0	0.0	3133.7373572544893	1	0	1	-1.0809652166294925
0.74	0.8	1.16	1.37	1.29	1.11	0.75	1.16	1.04	0.51	0.8	1.24	1.68	1.11	1.1	0.58	1.04	1.19	1.4	1.39	1.02	1.24	1.44	0.97	0.97	0.96	1.47	1.47	0.85	1.91	1.58	1.54	1.44	0.75	0.94	1.29	1.38	1.08	0.68	0.75	1.12	1.23	1.09	1.39	0.95	1.42	2.28	1.97	1.25	1.1	1.22	1.45	1.03	1.05	1.41	1.53	1.9	1.42	1.02	1.44	0.93	0.71	0.56	0.83	1.15	1.23	1.05	1.14	1.36	1.25	1.02	0.94	1.05	0.86	1.1	1.0	1.39	1.88	1.58	1.04	1.08	0.92	1.67	2.02	1.97	1.55	1.38	1.37	1.39	1.4	1.38	1.66	1.08	1.03	1.32	1.54	1.29	1.18	1.2	0.66	0.98	1.46	2.18	1.89	1.47	1.17	1.18	1.09	1.15	1.19	1.16	0.89	0.78	0.61	0.51	0.64	0.86	0.8	0.8	1.24	1.09	1.46	1.99	1.61	1.08	1.0	0.94	0.71	0.7	1.31	1.87	1.36	0.61	1.41	1.26	0.8	0.88	1.01	1.3	1.78	2.03	2.15	1.41	1.19	1.32	1.23	1.16	1.88	1.14	1.12	0.74	0.8	1.16	1.37	1.29	1.11	0.75	1.16	1.04	0.51	0.8	1.24	1.68	1.11	1.1	0.58	1.04	1.19	1.4	1.39	1.02	1.24	1.44	0.97	0.97	0.96	1.47	1.47	0.85	1.91	1.58	1.54	1.44	0.75	0.94	1.29	1.38	1.08	0.68	0.75	1.12	1.23	1.09	1.39	0.95	1.42	2.28	1.97	1.25	1.1	1.22	1.45	1.03	1.05	1.41	1.53	1.9	1.42	1.02	1.44	0.93	0.71	0.56	0.83	1.15	1.23	1.05	1.14	1.36	1.25	1.02	0.94	1.05	0.86	1.1	1.0	1.39	1.88	1.58	1.04	1.08	0.92	1.67	2.02	1.97	1.55	1.38	1.37	1.39	1.4	1.38	1.66	1.08	1.03	1.32	1.54	1.29	1.18	1.2	0.66	0.98	1.46	2.18	1.89	1.47	1.17	1.18	1.09	1.15	1.19	1.16	0.89	0.78	0.61	0.51	0.64	0.86	0.8	0.8	1.24	1.09	1.46	1.99	1.61	1.08	1.0	0.94	0.71	0.7	1.31	1.87	1.36	0.61	1.41	1.26	0.8	0.88	1.01	1.3	1.78	2.03	2.15	1.41	1.19	1.32	1.23	1.16	1.88	1.14	1.12	0.74	0.8	1.16
1.0	2.0	3.0	4.0	5.0	6.0	7.0	8.0	9.0	10.0	11.0	12.0	13.0	14.0	15.0	16.0	17.0	18.0	19.0	20.0	21.0	22.0	23.0	24.0	25.0	26.0	27.0	28.0	29.0	30.0	31.0	32.0	33.0	34.0	35.0	36.0	37.0	38.0	39.0	40.0	41.0	42.0	43.0	44.0	45.0	46.0	47.0	48.0	49.0	50.0	51.0	52.0	53.0	54.0	55.0	56.0	57.0	58.0	59.0	60.0	61.0	62.0	63.0	64.0	65.0	66.0	67.0	68.0	69.0	70.0	71.0	72.0	73.0	74.0	75.0	76.0	77.0	78.0	79.0	80.0	81.0	82.0	83.0	84.0	85.0	86.0	87.0	88.0	89.0	90.0	91.0	92.0	93.0	94.0	95.0	96.0	97.0	98.0	99.0	100.0	101.0	102.0	103.0	104.0	105.0	106.0	107.0	108.0	109.0	110.0	111.0	112.0	113.0	114.0	115.0	116.0	117.0	118.0	119.0	120.0	121.0	122.0	123.0	124.0	125.0	126.0	127.0	128.0	129.0	130.0	131.0	132.0	133.0	134.0	135.0	136.0	137.0	138.0	139.0	140.0	141.0	142.0	143.0	144.0	145.0	146.0	147.0	148.0	149.0	149.0	150.0	151.0	152.0	153.0	154.0	155.0	156.0	157.0	158.0	159.0	160.0	161.0	162.0	163.0	164.0	165.0	166.0	167.0	168.0	169.0	170.0	171.0	172.0	173.0	174.0	175.0	176.0	177.0	178.0	179.0	180.0	181.0	182.0	183.0	184.0	185.0	186.0	187.0	188.0	189.0	190.0	191.0	192.0	193.0	194.0	195.0	196.0	197.0	198.0	199.0	200.0	201.0	202.0	203.0	204.0	205.0	206.0	207.0	208.0	209.0	210.0	211.0	212.0	213.0	214.0	215.0	216.0	217.0	218.0	219.0	220.0	221.0	222.0	223.0	224.0	225.0	226.0	227.0	228.0	229.0	230.0	231.0	232.0	233.0	234.0	235.0	236.0	237.0	238.0	239.0	240.0	241.0	242.0	243.0	244.0	245.0	246.0	247.0	248.0	249.0	250.0	251.0	252.0	253.0	254.0	255.0	256.0	257.0	258.0	259.0	260.0	261.0	262.0	263.0	264.0	265.0	266.0	267.0	268.0	269.0	270.0	271.0	272.0	273.0	274.0	275.0	276.0	277.0	278.0	279.0	280.0	281.0	282.0	283.0	284.0	285.0	286.0	287.0	288.0	289.0	290.0	291.0	292.0	293.0	294.0	295.0	296.0	297.0	298.0	298.0	299.0	300.0	301.0
2501.4066326619904
