4708.693409752706	300.0	2000.0	386.43003933824303	0	0.0	4708.693409752706	1	0	1	-3.1132115545710444
6122.855842213446	1000.0	1585.8375675392615	0.0	0	0.0	4708.693409752707	1	0	1	-0.8526364632730498
6502.315181259609	500.0	2206.3782284930967	0.0	0	0.0	4708.6934097527055	1	0	1	-1.0349580200670037
9797.305349446475	2000.0	200.0	561.9190513749604	0	0.0	4997.305349446475	1	0	2	-4.074509966032453
10807.316168800617	500.0	466.0310714124363	276.0418907665769	0	0.0	5273.347240213052	1	0	1	-4.025548331692129
11369.16340624539	500.0	904.1838339676613	0.0	0	0.0	5273.347240213051	1	0	1	-0.783002625972774
12201.338441161974	500.0	1072.0087990510794	0.0	0	0.0	5273.347240213053	1	0	1	-0.7830026259727747
12783.064237537636	500.0	1490.2830026754177	0.0	0	0.0	5273.347240213054	1	0	1	-0.783002625972777
13178.909256760326	500.0	2094.43798345273	0.0	0	0.0	5273.347240213055	1	0	1	-0.7830026259727778
14398.020683202747	2000.0	1753.4154143660664	0.0	0	0.0	5151.436097568812	1	0	2	-1.1019283390920027
15988.428506633865	2000.0	1003.9668085918378	0.0	0	0.0	4992.395315225702	1	0	2	0.6013526685438464
16443.368822152144	500.0	1549.026493073559	0.0	0	0.0	4992.3953152257	1	0	1	-2.135373762225757
17118.821583793208	1000.0	1873.5737314324947	0.0	0	0.0	4992.395315225698	1	0	1	-0.5490794011058655
18594.471616896804	2000.0	1250.358695018534	0.0	0	0.0	4844.830311915335	1	0	2	-0.169472572951553
19061.88897259959	1000.0	1782.9413393157474	0.0	0	0.0	4844.830311915333	1	0	1	-0.6374682261109434
20790.058285460043	2000.0	881.9550951692456	0.0	0	0.0	4672.013380629285	1	0	2	-0.06965879852836876
21177.055808332523	500.0	1494.9575722967634	0.0	0	0.0	4672.013380629283	1	0	1	-1.9035486327084932
23145.912144788897	2000.0	329.2156021947505	0.0	0	0.0	4475.127746983646	1	0	2	-0.6197572496980506
23690.368942434547	1000.0	784.7588045491043	0.0	0	0.0	4475.127746983646	1	0	1	-0.394264585810962
24147.693495176143	1000.0	1327.43425180751	0.0	0	0.0	4475.12774698365	1	0	1	0.4988825947489812
25375.326900534626	2000.0	977.0375059131791	0.0	0	0.0	4352.364406447799	1	0	2	0.14870121260783542
25859.569744522887	1000.0	1492.7946619249162	0.0	0	0.0	4352.364406447799	1	0	1	-0.32499893148618597
26880.335616269575	2000.0	1369.9522030035644	0.0	0	0.0	4250.287819273133	1	0	2	0.20702336531911703
27501.91489592782	1000.0	1748.3729233453157	0.0	0	0.0	4250.287819273133	1	0	1	-0.27161790013193887
28630.708955268048	2000.0	1506.6994580710655	0.0	0	0.0	4137.408413339104	1	0	2	0.26265834181337644
29545.967416805408	1000.0	1591.4409965337097	0.0	0	0.0	4137.408413339108	1	0	1	-0.21688895280701354
30172.516257399147	1000.0	1964.8921559399712	0.0	0	0.0	4137.408413339108	1	0	1	0.6762582277529319
31489.597327918258	2000.0	1516.1029783689505	0.0	0	0.0	4005.700306287199	1	0	2	0.3192991834870352
32090.101316907534	1000.0	1915.5989893796718	0.0	0	0.0	4005.7003062871954	1	0	1	-0.15849475539144614
34499.643624641256	2000.0	265.1024508725751	0.0	0	0.0	3764.7460755138163	1	0	2	0.4042101601157208
35209.893191423005	500.0	570.5528986648969	15.700014574085117	0	0.0	3780.4460900878876	1	0	1	-1.551811263205953
35902.95730063001	500.0	877.4887894578909	0.0	0	0.0	3780.446090087891	1	0	1	0.1286831853584492
36615.5755049895	500.0	1164.8705850983958	0.0	0	0.0	3780.446090087884	1	0	1	0.12868318535844997
37394.159318607635	500.0	1386.2867714802665	0.0	0	0.0	3780.446090087891	1	0	1	0.1286831853584492
38483.93420903978	1000.0	1296.5118810481267	0.0	0	0.0	3780.4460900878985	1	0	1	0.12868318535844683
39206.875096928656	1000.0	1573.5709931592519	0.0	0	0.0	3780.4460900878985	1	0	1	0.8218303659183922
40026.909795607906	1000.0	1753.5362944799967	0.0	0	0.0	3780.4460900878985	1	0	1	0.8218303659183922
41196.00765253025	1000.0	1584.4384375576594	0.0	0	0.0	3780.4460900878985	1	0	1	0.8218303659183922
42223.27266521255	1000.0	1557.1734248753658	0.0	0	0.0	3780.4460900878985	1	0	1	0.8218303659183922
42994.69677184307	1000.0	1785.7493182448443	0.0	0	0.0	3780.4460900878985	1	0	1	0.8218303659183922
43926.571191810304	1000.0	1853.874898277615	0.0	0	0.0	3780.4460900878985	1	0	1	0.8218303659183922
44484.83919375581	1000.0	2295.60689633211	0.0	0	0.0	3780.4460900879058	1	0	1	0.8218303659183906
47390.35809869297	2000.0	200.0	91.33081736250108	0	0.0	3590.358098692952	1	0	2	-0.0699017293606804
48627.90396533556	500.0	445.4230914607617	482.9689581033547	0	0.0	4073.327056796319	1	0	1	-4.471869163379624
49883.76662155748	500.0	355.95889195750374	166.39845671866112	0	0.0	4239.725513514983	1	0	1	-1.0646984864832647
50736.67509924169	500.0	551.9037154157597	48.85330114246722	0	0.0	4288.578814657449	1	0	1	-0.38432157985502535
51607.42004504079	500.0	681.158769616656	0.0	0	0.0	4288.578814657441	1	0	1	-0.09120177300021834
52121.11253912247	500.0	1167.4662755349752	0.0	0	0.0	4288.578814657441	1	0	1	-0.09120177300021834
52630.426099471	500.0	1658.1527151864534	0.0	0	0.0	4288.578814657441	1	0	1	-0.09120177300021834
53838.53935079141	1000.0	1450.03946386604	0.0	0	0.0	4288.578814657441	1	0	1	-0.09120177300021827
54613.77057197215	1000.0	1674.8082426853034	0.0	0	0.0	4288.578814657441	1	0	1	0.6019454075597271
55590.04137899482	1000.0	1698.5374356626367	0.0	0	0.0	4288.578814657441	1	0	1	0.6019454075597271
57816.76476620483	2000.0	249.14170973162013	0.0	0	0.0	4065.9064759364264	1	0	2	0.28443015011628897
58131.82499821126	500.0	934.0814777251937	0.0	0	0.0	4065.9064759364264	1	0	1	-1.5707709679120494
58641.65434840917	1000.0	1424.2521275272873	0.0	0	0.0	4065.9064759364264	1	0	1	0.015523393207841352
59911.01231297852	2000.0	1027.9583665009893	0.0	0	0.0	3938.970679479491	1	0	2	0.3478269846386649
61016.351511123146	1000.0	922.6191683563634	0.0	0	0.0	3938.970679479491	1	0	1	-0.1310545429531138
61737.37070943465	1000.0	1201.5999700448654	0.0	0	0.0	3938.970679479484	1	0	1	0.7620926376068347
62641.88999534029	1000.0	1297.080684139226	0.0	0	0.0	3938.970679479491	1	0	1	0.7620926376068315
63850.03801762982	1000.0	1088.9326618496975	0.0	0	0.0	3938.970679479491	1	0	1	0.7620926376068315
64398.31883033337	1000.0	1540.6518491461436	0.0	0	0.0	3938.970679479491	1	0	1	0.7620926376068315
66033.42408810118	2000.0	742.0360656015575	0.0	0	0.0	3775.460153702712	1	0	2	0.40732589041434714
67238.54241599723	1000.0	536.9177377055107	0.0	0	0.0	3775.4601537027193	1	0	1	-0.06955726562038744
67941.48522697657	500.0	833.9749267261658	0.0	0	0.0	3775.460153702712	1	0	1	-0.5627044461803316
68701.6726924169	500.0	1073.78746128582	0.0	0	0.0	3775.4601537027047	1	0	1	0.130442734379616
69159.16513906034	500.0	1616.2950146423814	0.0	0	0.0	3775.4601537026974	1	0	1	0.13044273437962067
70195.01025527883	1000.0	1580.4498984238778	0.0	0	0.0	3775.46015370269	1	0	1	0.13044273437962273
70709.25765898346	1000.0	2066.2024947192385	0.0	0	0.0	3775.46015370269	1	0	1	0.8235899149395681
72671.22473845162	2000.0	908.0387073042541	0.0	0	0.0	3579.2634457558743	1	0	2	0.47274016641293676
73532.68860736284	1000.0	1046.5748383930363	0.0	0	0.0	3579.263445755889	1	0	1	-0.005704031236242135
74709.49897715531	1000.0	869.7644686005713	0.0	0	0.0	3579.263445755889	1	0	1	0.8874431493237032
75943.50259595146	1000.0	635.7608498043951	0.0	0	0.0	3579.2634457558743	1	0	1	0.8874431493237076
76303.33122865518	500.0	1275.9322171006677	0.0	0	0.0	3579.2634457558597	1	0	1	-0.4988512117961791
77461.95189443271	1000.0	1117.3115513231369	0.0	0	0.0	3579.2634457558597	1	0	1	0.1942959687637664
78298.8529854086	1000.0	1280.4104603472688	0.0	0	0.0	3579.2634457558597	1	0	1	0.8874431493237118
79575.39830383484	1000.0	1003.8651419210302	0.0	0	0.0	3579.2634457558597	1	0	1	0.8874431493237118
80639.44449304171	1000.0	939.8189527141703	0.0	0	0.0	3579.2634457558597	1	0	1	0.8874431493237118
81208.02621382818	500.0	1371.2372319277003	0.0	0	0.0	3579.2634457558597	1	0	1	-0.4988512117961791
82496.58733549176	1000.0	1082.6761102641208	0.0	0	0.0	3579.2634457558597	1	0	1	0.1942959687637664
83573.41928704678	1000.0	1005.8441587090925	0.0	0	0.0	3579.2634457558597	1	0	1	0.8874431493237118
84663.64266223396	1000.0	915.6207835219102	0.0	0	0.0	3579.2634457558597	1	0	1	0.8874431493237118
85016.4176830898	500.0	1562.845762666075	0.0	0	0.0	3579.2634457558597	1	0	1	-0.4988512117961791
85874.01109263407	1000.0	1705.2523531218003	0.0	0	0.0	3579.263445755845	1	0	1	0.19429596876377084
86445.86505094955	1000.0	2133.3983948063124	0.0	0	0.0	3579.263445755845	1	0	1	0.8874431493237163
87904.38923901191	2000.0	1529.0217879377178	0.0	0	0.0	3433.4110269496305	1	0	2	0.5187551790570895
88555.6941729476	1000.0	1877.7168540020352	0.0	0	0.0	3433.4110269496305	1	0	1	0.03543652517852086
89650.38639126696	1000.0	1783.024635682685	0.0	0	0.0	3433.4110269496305	1	0	1	0.9285837057384663
90357.81171851413	1000.0	2075.599308435505	0.0	0	0.0	3433.411026949616	1	0	1	0.9285837057384703
91109.69475988497	1000.0	2323.716267064675	0.0	0	0.0	3433.411026949616	1	0	1	0.9285837057384703
92043.31898914743	1000.0	2390.092037802218	0.0	0	0.0	3433.411026949616	1	0	1	0.9285837057384703
92916.62109414718	1000.0	2516.7899328024723	0.0	0	0.0	3433.4110269496305	1	0	1	0.9285837057384663
93872.45373673654	1000.0	2560.9572902131085	0.0	0	0.0	3433.4110269496305	1	0	1	0.9285837057384663
94841.31108239482	1000.0	2592.0999445548264	0.0	0	0.0	3433.4110269496305	1	0	1	0.9285837057384663
96089.41945921499	1000.0	2343.991567734652	0.0	0	0.0	3433.4110269496305	1	0	1	0.9285837057384663
97235.60207971062	1000.0	2197.8089472390284	0.0	0	0.0	3433.411026949645	1	0	1	0.9285837057384625
97867.65414359019	1000.0	2565.756883359461	0.0	0	0.0	3433.411026949645	1	0	1	0.9285837057384625
98925.52810813228	1000.0	2507.8829188173663	0.0	0	0.0	3433.411026949645	1	0	1	0.9285837057384625
101054.89682439272	2000.0	1165.5773309308665	0.0	0	0.0	3220.4741553235945	1	0	2	0.5675322260848166
101805.74926020144	1000.0	1414.7248951221602	0.0	0	0.0	3220.4741553235945	1	0	1	0.08695355385370607
102459.87654871152	1000.0	1760.597606612086	0.0	0	0.0	3220.47415532358	1	0	1	0.9801007344136546
103146.15968530197	1000.0	2074.31447002161	0.0	0	0.0	3220.47415532358	1	0	1	0.9801007344136546
104106.32449764268	1000.0	2114.1496576808954	0.0	0	0.0	3220.47415532358	1	0	1	0.9801007344136546
104947.48926446261	1000.0	2272.9848908609697	0.0	0	0.0	3220.47415532358	1	0	1	0.9801007344136546
105977.43755138431	2000.0	2243.0366039392625	0.0	0	0.0	3220.47415532358	1	0	1	0.9801007344136548
107536.12145641842	2000.0	1684.3526989051693	0.0	0	0.0	3220.47415532358	1	0	1	1.6732479149736
108204.41163144304	1000.0	2016.0625238805462	0.0	0	0.0	3220.47415532358	1	0	1	0.28695355385370946
110035.40928827415	2000.0	1185.064867049413	0.0	0	0.0	3220.47415532358	1	0	1	0.9801007344136548
110793.22720460877	1000.0	1427.2469507147894	0.0	0	0.0	3220.47415532358	1	0	1	0.28695355385370946
111769.69748768934	1000.0	1450.7766676342194	0.0	0	0.0	3220.47415532358	1	0	1	0.9801007344136546
112579.85626228047	1000.0	1640.6178930430733	0.0	0	0.0	3220.47415532358	1	0	1	0.9801007344136546
113297.86356406326	1000.0	1922.6105912602902	0.0	0	0.0	3220.47415532358	1	0	1	0.9801007344136546
115199.80128773765	2000.0	1020.6728675858903	0.0	0	0.0	3220.47415532358	1	0	1	0.9801007344136548
116033.26664231323	500.0	1187.207513010307	0.0	0	0.0	3220.4741553235654	1	0	1	-1.099340807266178
116633.18396425525	500.0	1587.290191068289	0.0	0	0.0	3220.47415532358	1	0	1	0.2869535538537092
117831.89380190318	1000.0	1388.5803534203478	0.0	0	0.0	3220.47415532358	1	0	1	0.28695355385370924
118581.89955940814	1000.0	1638.5745959153996	0.0	0	0.0	3220.47415532358	1	0	1	0.9801007344136546
119749.27288887619	1000.0	1471.2012664473582	0.0	0	0.0	3220.4741553235945	1	0	1	0.9801007344136514
120688.43744830477	1000.0	1532.0367070187745	0.0	0	0.0	3220.4741553235945	1	0	1	0.9801007344136514
121869.25220336021	1000.0	1351.2219519633384	0.0	0	0.0	3220.47415532358	1	0	1	0.9801007344136546
122897.61516996197	1000.0	1322.8589853615986	0.0	0	0.0	3220.4741553235945	1	0	1	0.9801007344136514
123658.91389061848	1000.0	1561.560264705085	0.0	0	0.0	3220.47415532358	1	0	1	0.9801007344136546
124326.43202490259	1000.0	1894.0421304209701	0.0	0	0.0	3220.47415532358	1	0	1	0.9801007344136546
125886.32898200644	2000.0	1334.1451733171084	0.0	0	0.0	3220.47415532358	1	0	1	0.9801007344136548
126368.22003713415	1000.0	1852.2541181893935	0.0	0	0.0	3220.47415532358	1	0	1	0.28695355385370946
127449.8354695526	2000.0	1770.638685770925	0.0	0	0.0	3220.47415532358	1	0	1	0.9801007344136548
128787.43055340786	1000.0	1433.043601915675	0.0	0	0.0	3220.47415532358	1	0	1	0.28695355385370946
130784.07069816472	1000.0	436.4034571588173	0.0	0	0.0	3220.47415532358	1	0	1	0.9801007344136546
131160.04363421293	500.0	1060.430521110613	0.0	0	0.0	3220.47415532358	1	0	1	-0.40619362670623615
132114.74473217645	1000.0	1105.729423147089	0.0	0	0.0	3220.47415532358	1	0	1	0.28695355385370924
132885.98141865982	1000.0	1334.492736663684	0.0	0	0.0	3220.4741553235363	1	0	1	0.9801007344136596
134108.83949092327	1000.0	1111.6346644002465	0.0	0	0.0	3220.474155323551	1	0	1	0.9801007344136654
134689.65738537983	500.0	1530.8167699436688	0.0	0	0.0	3220.474155323551	1	0	1	-0.40619362670622994
135590.9260723834	1000.0	1629.548082940121	0.0	0	0.0	3220.474155323551	1	0	1	0.2869535538537157
136682.11685387147	1000.0	1538.3573014520218	0.0	0	0.0	3220.474155323551	1	0	1	0.980100734413661
137610.6103773595	1000.0	1609.8637779639946	0.0	0	0.0	3220.474155323551	1	0	1	0.980100734413661
138328.49900633548	1000.0	1891.9751489880198	0.0	0	0.0	3220.47415532358	1	0	1	0.9801007344136546
139363.66734462118	1000.0	1856.8068107023048	0.0	0	0.0	3220.47415532358	1	0	1	0.9801007344136546
140319.61394877316	1000.0	1900.8602065503328	0.0	0	0.0	3220.474155323609	1	0	1	0.9801007344136483
141063.35790112737	1000.0	2157.116254196161	0.0	0	0.0	3220.474155323609	1	0	1	0.9801007344136483
141942.87778295958	2000.0	2277.596372363977	0.0	0	0.0	3220.474155323609	1	0	1	0.9801007344136483
142859.78262040496	2000.0	2360.6915349185892	0.0	0	0.0	3220.47415532358	1	0	1	1.6732479149736
144585.43501996298	2000.0	1635.0391353605871	0.0	0	0.0	3220.474155323609	1	0	1	1.6732479149735935
145770.62416663292	1000.0	1449.8499886906613	0.0	0	0.0	3220.474155323609	1	0	1	0.2869535538537032
146599.1042675544	1000.0	1621.369887769168	0.0	0	0.0	3220.474155323609	1	0	1	0.9801007344136483
147354.27232039333	1000.0	1866.201834930233	0.0	0	0.0	3220.474155323609	1	0	1	0.9801007344136483
148488.89162451614	1000.0	1731.5825308074225	0.0	0	0.0	3220.474155323609	1	0	1	0.9801007344136483
149248.96604179725	1000.0	1971.5081135262933	0.0	0	0.0	3220.474155323609	1	0	1	0.9801007344136483
149926.31422775425	1000.0	2294.1599275693106	0.0	0	0.0	3220.474155323609	1	0	1	0.9801007344136483
150688.0488087096	1000.0	2532.425346613964	0.0	0	0.0	3220.474155323609	1	0	1	0.9801007344136483
152214.44915320456	2000.0	2006.0250021190195	0.0	0	0.0	3220.474155323609	1	0	1	0.9801007344136483
153752.34831825766	1000.0	1468.1258370659411	0.0	0	0.0	3220.474155323638	1	0	1	0.2869535538536967
154388.49259268816	500.0	1831.9815626354848	0.0	0	0.0	3220.474155323638	1	0	1	-0.4061936267062489
155570.26777622412	1000.0	1650.2063790995246	0.0	0	0.0	3220.474155323638	1	0	1	0.2869535538536965
157232.03071298072	1000.0	988.4434423429464	0.0	0	0.0	3220.474155323638	1	0	1	0.9801007344136419
157960.29351609593	500.0	1260.1806392277438	0.0	0	0.0	3220.474155323638	1	0	1	-0.4061936267062489
159124.38890966162	500.0	1096.0852456620692	0.0	0	0.0	3220.474155323638	1	0	1	0.28695355385369636
159982.75926892052	500.0	1237.7148864031788	0.0	0	0.0	3220.474155323638	1	0	1	0.28695355385369636
161090.7438294227	1000.0	1129.7303259010173	0.0	0	0.0	3220.474155323638	1	0	1	0.2869535538536965
161644.05110268004	500.0	1576.4230526436581	0.0	0	0.0	3220.474155323638	1	0	1	-0.4061936267062489
162849.4048378729	1000.0	1371.0693174507926	0.0	0	0.0	3220.474155323667	1	0	1	0.28695355385369525
163585.8603911228	1000.0	1634.6137642008925	0.0	0	0.0	3220.4741553236963	1	0	1	0.980100734413629
164559.2986324899	1000.0	1661.17552283381	0.0	0	0.0	3220.474155323667	1	0	1	0.9801007344136354
165592.4581372781	1000.0	1628.0160180456207	0.0	0	0.0	3220.474155323667	1	0	1	0.9801007344136354
166719.12506150603	1000.0	1501.3490938177113	0.0	0	0.0	3220.4741553236963	1	0	1	0.980100734413629
167433.0468712263	1000.0	1787.4272840973858	0.0	0	0.0	3220.474155323667	1	0	1	0.9801007344136354
168461.9671932191	2000.0	1758.5069621045857	0.0	0	0.0	3220.474155323667	1	0	1	0.9801007344136355
170199.8751635773	2000.0	1020.5989917464126	0.0	0	0.0	3220.474155323667	1	0	1	1.6732479149735808
170908.11375458384	1000.0	1312.3604007398671	0.0	0	0.0	3220.474155323667	1	0	1	0.28695355385369026
171771.51652919617	1000.0	1448.9576261275538	0.0	0	0.0	3220.474155323667	1	0	1	0.9801007344136354
172361.99918539397	1000.0	1858.4749699297477	0.0	0	0.0	3220.474155323667	1	0	1	0.9801007344136354
173485.59836771927	2000.0	1734.8757876044597	0.0	0	0.0	3220.474155323667	1	0	1	0.9801007344136355
174921.1671869444	2000.0	1299.3069683793442	0.0	0	0.0	3220.4741553236963	1	0	1	1.6732479149735795
175476.29186291204	1000.0	1744.182292411694	0.0	0	0.0	3220.4741553236963	1	0	1	0.28695355385368376
177119.33426432885	2000.0	1101.1398909948969	0.0	0	0.0	3220.4741553236963	1	0	1	0.9801007344136289
177743.96756586153	1000.0	1476.5065894622096	0.0	0	0.0	3220.474155323667	1	0	1	0.28695355385369026
178742.8965643508	1000.0	1477.5775909729027	0.0	0	0.0	3220.474155323667	1	0	1	0.9801007344136354
179399.42157148794	1000.0	1821.052583835785	0.0	0	0.0	3220.474155323667	1	0	1	0.9801007344136354
180069.55785783732	1000.0	2150.9162974863725	0.0	0	0.0	3220.474155323638	1	0	1	0.9801007344136419
181606.8898807128	2000.0	1613.5842746108713	0.0	0	0.0	3220.474155323638	1	0	1	0.9801007344136416
182844.52909255397	1000.0	1375.9450627697104	0.0	0	0.0	3220.474155323667	1	0	1	0.2869535538536955
183589.16819778495	1000.0	1631.305957538744	0.0	0	0.0	3220.474155323667	1	0	1	0.9801007344136354
184988.24073037016	1000.0	1232.2334249535309	0.0	0	0.0	3220.474155323667	1	0	1	0.9801007344136354
185724.45157906396	500.0	1496.022576259702	0.0	0	0.0	3220.474155323667	1	0	1	-0.4061936267062555
187139.29140662678	1000.0	1081.1827486968834	0.0	0	0.0	3220.474155323667	1	0	1	0.28695355385369004
188037.22283319663	1000.0	1183.2513221270515	0.0	0	0.0	3220.474155323667	1	0	1	0.9801007344136354
188773.77760771386	1000.0	1446.6965476098412	0.0	0	0.0	3220.474155323667	1	0	1	0.9801007344136354
189442.3076762383	1000.0	1778.1664790853858	0.0	0	0.0	3220.474155323667	1	0	1	0.9801007344136354
190438.88758747058	1000.0	1781.5865678530945	0.0	0	0.0	3220.474155323667	1	0	1	0.9801007344136354
191380.83475523503	1000.0	1839.639400088612	0.0	0	0.0	3220.474155323667	1	0	1	0.9801007344136354
192287.9146004383	1000.0	1932.559554885309	0.0	0	0.0	3220.474155323638	1	0	1	0.9801007344136419
193200.0609303993	1000.0	2020.4132249242803	0.0	0	0.0	3220.474155323638	1	0	1	0.9801007344136419
194153.03320394523	1000.0	2067.4409513783485	0.0	0	0.0	3220.474155323638	1	0	1	0.9801007344136419
196185.69015866233	1000.0	1034.783996661281	0.0	0	0.0	3220.474155323638	1	0	1	0.9801007344136419
197532.57606580792	500.0	687.8980895156905	0.0	0	0.0	3220.474155323638	1	0	1	-0.4061936267062489
198740.5273876314	500.0	479.94676769222957	0.0	0	0.0	3220.474155323667	1	0	1	0.28695355385369
199705.18425181415	500.0	515.2899035094237	0.0	0	0.0	3220.474155323638	1	0	1	0.28695355385369636
200485.14564352483	500.0	735.3285117987334	0.0	0	0.0	3220.474155323609	1	0	1	0.2869535538537028
200993.15818242755	500.0	1227.3159728959818	0.0	0	0.0	3220.474155323609	1	0	1	0.2869535538537028
201845.79238199978	1000.0	1374.68177332375	0.0	0	0.0	3220.474155323638	1	0	1	0.2869535538537017
202975.68501950998	1000.0	1244.789135813583	0.0	0	0.0	3220.474155323638	1	0	1	0.9801007344136419
203562.4943604679	1000.0	1657.9797948556322	0.0	0	0.0	3220.474155323638	1	0	1	0.9801007344136419
204547.60223804237	1000.0	1672.8719172812155	0.0	0	0.0	3220.474155323667	1	0	1	0.9801007344136354
205228.282266279	1000.0	1992.1918890445806	0.0	0	0.0	3220.474155323667	1	0	1	0.9801007344136354
206323.22637214937	1000.0	1897.2477831742394	0.0	0	0.0	3220.4741553236963	1	0	1	0.980100734413629
206974.23047927718	1000.0	2246.2436760464384	0.0	0	0.0	3220.4741553236963	1	0	1	0.980100734413629
208058.7142318379	2000.0	2161.7599234857184	0.0	0	0.0	3220.4741553236963	1	0	1	0.9801007344136289
209974.49464042194	2000.0	1245.9795149016807	0.0	0	0.0	3220.474155323667	1	0	1	1.6732479149735755
210651.14310134537	1000.0	1569.3310539782474	0.0	0	0.0	3220.474155323667	1	0	1	0.28695355385369026
211828.5265938789	1000.0	1391.9475614447258	0.0	0	0.0	3220.474155323638	1	0	1	0.9801007344136368
212912.3839709788	1000.0	1308.090184344848	0.0	0	0.0	3220.474155323638	1	0	1	0.9801007344136419
213613.21185985848	1000.0	1607.2622954651374	0.0	0	0.0	3220.474155323638	1	0	1	0.9801007344136419
214114.80375761117	1000.0	2105.6703977124516	0.0	0	0.0	3220.474155323638	1	0	1	0.9801007344136419
216271.66157821816	2000.0	948.8125771054531	0.0	0	0.0	3220.474155323638	1	0	1	0.9801007344136416
216841.58221290086	500.0	1378.8919424227506	0.0	0	0.0	3220.474155323638	1	0	1	-1.0993408072661945
218256.95151626776	1000.0	963.522639055838	0.0	0	0.0	3220.474155323667	1	0	1	0.28695355385369004
218809.52458261757	500.0	1410.9495727060532	0.0	0	0.0	3220.474155323667	1	0	1	-0.4061936267062555
219621.2150014836	1000.0	1599.2591538400043	0.0	0	0.0	3220.474155323638	1	0	1	0.2869535538536965
220415.5967277016	1000.0	1804.8774276220126	0.0	0	0.0	3220.474155323638	1	0	1	0.9801007344136419
221070.1552533159	1000.0	2150.3189020077193	0.0	0	0.0	3220.474155323638	1	0	1	0.9801007344136432
221917.8299798542	1000.0	2302.64417546947	0.0	0	0.0	3220.474155323638	1	0	1	0.9801007344136419
223627.4137832302	2000.0	1422.1019917558558	0.0	0	0.0	3049.5157749860373	1	0	2	0.6050260228166946
224936.8572367086	1000.0	1112.6585382774701	0.0	0	0.0	3049.5157749860373	1	0	1	0.12186159350426434
225685.49680300735	1000.0	1364.0189719786927	0.0	0	0.0	3049.515774986008	1	0	1	1.0150087740642184
226679.634279381	1000.0	1369.8814956050778	0.0	0	0.0	3049.515774986008	1	0	1	1.0150087740642184
227628.4234288676	1000.0	1421.0923461184582	0.0	0	0.0	3049.515774986008	1	0	1	1.0150087740642184
228371.5873219075	1000.0	1677.9284530785858	0.0	0	0.0	3049.5157749860373	1	0	1	1.0150087740642129
229092.73250971868	1000.0	1956.7832652673806	0.0	0	0.0	3049.515774986008	1	0	1	1.0150087740642173
230373.76581134176	1000.0	1675.749963644318	0.0	0	0.0	3049.515774986008	1	0	1	1.0150087740642184
231614.8908616519	1000.0	1434.6249133342214	0.0	0	0.0	3049.515774986008	1	0	1	1.0150087740642184
232570.65301689325	1000.0	1478.8627580928514	0.0	0	0.0	3049.515774986008	1	0	1	1.0150087740642184
233202.0798111007	1000.0	1847.4359638853923	0.0	0	0.0	3049.515774986008	1	0	1	1.0150087740642184
233968.20332129856	1000.0	2081.3124536875366	0.0	0	0.0	3049.515774986008	1	0	1	1.0150087740642184
234793.48088180376	1000.0	2256.034893182348	0.0	0	0.0	3049.515774986008	1	0	1	1.0150087740642184
235442.37240937178	1000.0	2607.1433656143317	0.0	0	0.0	3049.515774986008	1	0	1	1.0150087740642184
236811.0598039949	2000.0	2238.4559709911805	0.0	0	0.0	3049.515774986008	1	0	1	1.0150087740642182
238663.61350629738	2000.0	1385.9022686887033	0.0	0	0.0	3049.515774985979	1	0	1	1.7081559546241678
239511.8904943376	1000.0	1537.6252806484838	0.0	0	0.0	3049.515774985979	1	0	1	0.3218615935042787
240463.59959772308	1000.0	1585.916177263022	0.0	0	0.0	3049.51577498595	1	0	1	1.0150087740642295
241509.52793721983	1000.0	1539.987837766266	0.0	0	0.0	3049.51577498595	1	0	1	1.0150087740642295
242510.2217851313	1000.0	1539.2939898548243	0.0	0	0.0	3049.515774985921	1	0	1	1.0150087740642348
243895.7655497208	1000.0	1153.7502252653132	0.0	0	0.0	3049.515774985921	1	0	1	1.0150087740642348
245063.79883728578	1000.0	985.7169377002901	0.0	0	0.0	3049.5157749858918	1	0	1	1.015008774064237
246025.15109186972	1000.0	1024.36468311634	0.0	0	0.0	3049.5157749858918	1	0	1	1.0150087740642404
247045.37099998572	1000.0	1004.1447750003027	0.0	0	0.0	3049.5157749858918	1	0	1	1.0150087740642404
247970.05090383114	1000.0	1079.4648711549185	0.0	0	0.0	3049.515774985921	1	0	1	1.0150087740642348
248770.16459309976	1000.0	1279.3511818863324	0.0	0	0.0	3049.515774985921	1	0	1	1.0150087740642348
249702.761102489	1000.0	1346.7546724971178	0.0	0	0.0	3049.515774985921	1	0	1	1.0150087740642348
250502.06807308795	1000.0	1547.447701898156	0.0	0	0.0	3049.515774985921	1	0	1	1.0150087740642348
251270.07260743118	1000.0	1779.4431675549467	0.0	0	0.0	3049.515774985921	1	0	1	1.0150087740642348
251914.9007339919	1000.0	2134.6150409941956	0.0	0	0.0	3049.5157749858627	1	0	1	1.0150087740642426
252759.94071530702	1000.0	2289.5750596790795	0.0	0	0.0	3049.5157749858627	1	0	1	1.015008774064246
253897.44405922992	2000.0	2152.0717157562017	0.0	0	0.0	3049.5157749858627	1	0	1	1.0150087740642457
254802.3317063569	2000.0	2247.1840686292057	0.0	0	0.0	3049.5157749858627	1	0	1	1.708155954624191
256114.86571001305	2000.0	1934.650064973086	0.0	0	0.0	3049.5157749858627	1	0	1	1.708155954624191
257558.7609704633	2000.0	1490.754804522845	0.0	0	0.0	3049.5157749858627	1	0	1	1.708155954624191
258718.8451180046	1000.0	1330.670656981562	0.0	0	0.0	3049.5157749858627	1	0	1	0.32186159350430077
259599.57112828668	1000.0	1449.9446466995014	0.0	0	0.0	3049.5157749858918	1	0	1	1.0150087740642404
260407.96789490333	1000.0	1641.5478800828544	0.0	0	0.0	3049.5157749858918	1	0	1	1.0150087740642404
261027.9187934437	1000.0	2021.5969815424728	0.0	0	0.0	3049.515774985921	1	0	1	1.0150087740642348
262258.3344621348	2000.0	1791.1813128513982	0.0	0	0.0	3049.515774985921	1	0	1	1.015008774064239
263120.1669824708	1000.0	1929.3487925154375	0.0	0	0.0	3049.515774985979	1	0	1	0.3218615935042809
264776.5524333075	1000.0	1272.9633416786687	0.0	0	0.0	3049.51577498595	1	0	1	1.0150087740642282
266045.61784107203	1000.0	1003.8979339141144	0.0	0	0.0	3049.5157749858918	1	0	1	1.0150087740642404
267056.62742173387	1000.0	992.8883532522304	0.0	0	0.0	3049.5157749858918	1	0	1	1.0150087740642404
267797.04360029736	1000.0	1252.4721746887037	0.0	0	0.0	3049.5157749858918	1	0	1	1.0150087740642404
269224.7827919277	1000.0	824.7329830583965	0.0	0	0.0	3049.51577498595	1	0	1	1.0150087740642295
270732.8584101101	1000.0	316.6573648759288	0.0	0	0.0	3049.51577498595	1	0	1	1.0150087740642295
271503.220749862	500.0	627.3766125948733	81.08158747084696	0	0.0	3130.597362456785	1	0	1	-0.8736685599414835
271999.8514623571	500.0	1130.745900099805	0.0	0	0.0	3130.597362456785	1	0	1	0.30596814544354345
272685.68524901115	1000.0	1444.9121134457166	0.0	0	0.0	3130.597362456785	1	0	1	0.30596814544354345
273384.10646824155	1000.0	1746.490894215312	0.0	0	0.0	3130.597362456727	1	0	1	0.9991153260035007
274822.76901858917	2000.0	1307.8283438677329	0.0	0	0.0	3130.597362456785	1	0	1	0.9991153260034983
275249.29591966	1000.0	1881.3014427968983	0.0	0	0.0	3130.597362456785	1	0	1	0.30596814544354367
276203.1480958547	2000.0	1927.449266602187	0.0	0	0.0	3130.597362456785	1	0	1	0.9991153260034887
276955.670387767	1000.0	2174.9269746898008	0.0	0	0.0	3130.597362456727	1	0	1	0.30596814544355555
278486.7549251312	1000.0	1643.8424373256414	0.0	0	0.0	3130.597362456727	1	0	1	0.9991153260035007
279763.55393170245	1000.0	1367.043430754448	0.0	0	0.0	3130.597362456727	1	0	1	0.9991153260035007
280139.9185599572	500.0	1990.6788024997397	0.0	0	0.0	3130.597362456727	1	0	1	-0.38717903511639007
280842.94182680774	1000.0	2287.655535649187	0.0	0	0.0	3130.597362456727	1	0	1	0.30596814544355533
282460.2251884946	2000.0	1670.3721739623415	0.0	0	0.0	3130.597362456727	1	0	1	0.9991153260035006
283746.2907472521	1000.0	1384.306615204817	0.0	0	0.0	3130.597362456785	1	0	1	0.30596814544354367
284931.5664310669	1000.0	1199.0309313900127	0.0	0	0.0	3130.5973624568433	1	0	1	0.9991153260034771
285575.9714309376	1000.0	1554.6259315193302	0.0	0	0.0	3130.597362456785	1	0	1	0.999115326003489
286429.6758879236	1000.0	1700.9214745333472	0.0	0	0.0	3130.597362456785	1	0	1	0.999115326003489
287195.89829256915	1000.0	1934.699069887793	0.0	0	0.0	3130.597362456785	1	0	1	0.999115326003489
288250.6901168489	1000.0	1879.9072456080132	0.0	0	0.0	3130.597362456785	1	0	1	0.999115326003489
289152.90021394356	1000.0	1977.6971485133356	0.0	0	0.0	3130.597362456785	1	0	1	0.999115326003489
290032.3958250786	1000.0	2098.2015373782565	0.0	0	0.0	3130.5973624568433	1	0	1	0.9991153260034793
290873.61784715246	2000.0	2256.9795153043797	0.0	0	0.0	3130.5973624568433	1	0	1	0.9991153260034771
291867.71424810216	2000.0	2262.883114354684	0.0	0	0.0	3130.597362456785	1	0	1	1.6922625065634338
293391.0694664426	2000.0	1739.5278960142036	0.0	0	0.0	3130.597362456785	1	0	1	1.6922625065634338
294636.0993310794	2000.0	1494.4980313774192	0.0	0	0.0	3130.597362456785	1	0	1	1.6922625065634338
295560.68668447866	1000.0	1569.9106779782303	0.0	0	0.0	3130.597362456785	1	0	1	0.30596814544354367
296662.6932559643	1000.0	1467.9041064925846	0.0	0	0.0	3130.5973624568433	1	0	1	0.9991153260034771
297852.8441674175	1000.0	1277.7531950394232	0.0	0	0.0	3130.5973624569015	1	0	1	0.9991153260034652
298381.38180600473	1000.0	1749.2155564522443	0.0	0	0.0	3130.5973624569015	1	0	1	0.9991153260034652
299014.307817237	1000.0	2116.2895452199923	0.0	0	0.0	3130.5973624569015	1	0	1	0.9991153260034652
299727.2499224627	1000.0	2403.347439994265	0.0	0	0.0	3130.5973624569015	1	0	1	0.9991153260034652
301748.6684986319	2000.0	1381.928863824966	0.0	0	0.0	3130.5973624569015	1	0	1	0.9991153260034651
0.75	0.94	1.07	0.81	0.63	0.43	0.53	0.87	0.82	1.14	1.54	1.24	1.12	1.26	1.9	2.42	0.86	1.63	0.96	2.0	2.21	1.7	1.54	1.55	1.31	1.07	1.49	1.53	1.25	0.85	1.25	0.72	0.75	0.82	1.3	1.39	1.26	0.94	0.92	1.45	1.56	0.73	0.67	0.41	0.59	0.46	0.53	0.63	1.04	0.94	1.39	1.33	0.98	1.38	1.93	1.66	1.08	1.37	1.07	1.11	1.81	1.48	1.2	0.89	0.8	0.94	1.58	1.23	1.45	1.52	1.0	0.68	1.2	1.08	0.95	1.11	1.17	0.74	0.93	1.22	1.27	1.36	1.54	1.66	1.49	1.22	1.49	0.89	1.15	0.88	1.03	0.95	1.08	1.3	1.03	1.24	1.39	1.05	1.54	1.36	1.42	2.1	1.54	1.75	1.58	1.03	1.1	1.3	1.52	1.6	0.97	0.74	0.71	1.11	1.12	0.88	1.12	0.67	0.92	1.18	1.9	1.41	2.19	1.17	0.66	0.74	0.61	1.1	1.47	1.23	0.76	1.09	1.23	1.01	1.34	1.11	1.08	1.95	2.35	1.49	1.62	1.07	1.02	1.07	0.92	1.54	1.32	1.15	0.95	0.86	0.75	0.94	1.07	0.81	0.63	0.43	0.53	0.87	0.82	1.14	1.54	1.24	1.12	1.26	1.9	2.42	0.86	1.63	0.96	2.0	2.21	1.7	1.54	1.55	1.31	1.07	1.49	1.53	1.25	0.85	1.25	0.72	0.75	0.82	1.3	1.39	1.26	0.94	0.92	1.45	1.56	0.73	0.67	0.41	0.59	0.46	0.53	0.63	1.04	0.94	1.39	1.33	0.98	1.38	1.93	1.66	1.08	1.37	1.07	1.11	1.81	1.48	1.2	0.89	0.8	0.94	1.58	1.23	1.45	1.52	1.0	0.68	1.2	1.08	0.95	1.11	1.17	0.74	0.93	1.22	1.27	1.36	1.54	1.66	1.49	1.22	1.49	0.89	1.15	0.88	1.03	0.95	1.08	1.3	1.03	1.24	1.39	1.05	1.54	1.36	1.42	2.1	1.54	1.75	1.58	1.03	1.1	1.3	1.52	1.6	0.97	0.74	0.71	1.11	1.12	0.88	1.12	0.67	0.92	1.18	1.9	1.41	2.19	1.17	0.66	0.74	0.61	1.1	1.47	1.23	0.76	1.09	1.23	1.01	1.34	1.11	1.08	1.95	2.35	1.49	1.62	1.07	1.02	1.07	0.92	1.54	1.32	1.15	0.95	0.86	0.75	0.94
1.0	2.0	3.0	4.0	5.0	6.0	7.0	8.0	9.0	10.0	11.0	12.0	13.0	14.0	15.0	16.0	17.0	18.0	19.0	20.0	21.0	22.0	23.0	24.0	25.0	26.0	27.0	28.0	29.0	30.0	31.0	32.0	33.0	34.0	35.0	36.0	37.0	38.0	39.0	40.0	41.0	42.0	43.0	44.0	45.0	46.0	47.0	48.0	49.0	50.0	51.0	52.0	53.0	54.0	55.0	56.0	57.0	58.0	59.0	60.0	61.0	62.0	63.0	64.0	65.0	66.0	67.0	68.0	69.0	70.0	71.0	72.0	73.0	74.0	75.0	76.0	77.0	78.0	79.0	80.0	81.0	82.0	83.0	84.0	85.0	86.0	87.0	88.0	89.0	90.0	91.0	92.0	93.0	94.0	95.0	96.0	97.0	98.0	99.0	100.0	101.0	102.0	103.0	104.0	105.0	106.0	107.0	108.0	109.0	110.0	111.0	112.0	113.0	114.0	115.0	116.0	117.0	118.0	119.0	120.0	121.0	122.0	123.0	124.0	125.0	126.0	127.0	128.0	129.0	130.0	131.0	132.0	133.0	134.0	135.0	136.0	137.0	138.0	139.0	140.0	141.0	142.0	143.0	144.0	145.0	146.0	147.0	148.0	149.0	149.0	150.0	151.0	152.0	153.0	154.0	155.0	156.0	157.0	158.0	159.0	160.0	161.0	162.0	163.0	164.0	165.0	166.0	167.0	168.0	169.0	170.0	171.0	172.0	173.0	174.0	175.0	176.0	177.0	178.0	179.0	180.0	181.0	182.0	183.0	184.0	185.0	186.0	187.0	188.0	189.0	190.0	191.0	192.0	193.0	194.0	195.0	196.0	197.0	198.0	199.0	200.0	201.0	202.0	203.0	204.0	205.0	206.0	207.0	208.0	209.0	210.0	211.0	212.0	213.0	214.0	215.0	216.0	217.0	218.0	219.0	220.0	221.0	222.0	223.0	224.0	225.0	226.0	227.0	228.0	229.0	230.0	231.0	232.0	233.0	234.0	235.0	236.0	237.0	238.0	239.0	240.0	241.0	242.0	243.0	244.0	245.0	246.0	247.0	248.0	249.0	250.0	251.0	252.0	253.0	254.0	255.0	256.0	257.0	258.0	259.0	260.0	261.0	262.0	263.0	264.0	265.0	266.0	267.0	268.0	269.0	270.0	271.0	272.0	273.0	274.0	275.0	276.0	277.0	278.0	279.0	280.0	281.0	282.0	283.0	284.0	285.0	286.0	287.0	288.0	289.0	290.0	291.0	292.0	293.0	294.0	295.0	296.0	297.0	298.0	298.0	299.0	300.0
3784.1749752107044
