5878.657417923825	300.0	2000.0	128.67740832626205	0	0.0	5878.657417923825	1	0	1	-2.616535349330092
6615.233418406918	2000.0	2189.766399468598	0.0	0	0.0	5804.999817875516	1	0	2	-2.213172839362176
7580.458049741753	2000.0	2128.0193050002804	0.0	0	0.0	5708.477354742034	1	0	2	-0.027447537401762367
8442.593987541231	2000.0	2179.6697734208533	0.0	0	0.0	5622.263760962085	1	0	2	0.05822293844256404
9150.72770028721	2000.0	2400.7226894002765	0.0	0	0.0	5551.450389687488	1	0	2	0.1308093841465942
9963.26874724823	3000.0	2506.9275377431545	0.0	0	0.0	5470.196284991386	1	0	2	0.20767721975013692
10680.207429270455	3000.0	2718.2949875187087	0.0	0	0.0	5398.502416789164	1	0	2	0.6807342640042734
11232.948891411277	3000.0	3110.279379163805	0.0	0	0.0	5343.228270575083	1	0	2	0.733164194517644
11894.735575260964	3000.0	3382.3140269291475	0.0	0	0.0	5277.049602190113	1	0	2	0.786461021612418
12962.028999465081	3000.0	3208.291260304619	0.0	0	0.0	5170.320259769701	1	0	2	0.8719618206092511
14038.50367922211	3000.0	3024.1691125718876	0.0	0	0.0	5062.672791793997	1	0	2	0.9638399887305261
15172.552439406265	3000.0	2776.715476369316	0.0	0	0.0	4949.267915775579	1	0	2	1.0517749048770368
16250.281992695196	3000.0	2591.212967751493	0.0	0	0.0	4841.494960446689	1	0	2	1.1378993789412628
17266.93587654888	3000.0	2472.8936955124404	0.0	0	0.0	4739.8295720613205	1	0	2	1.2115074612821135
17902.66620024012	3000.0	2773.5903394520765	0.0	0	0.0	4676.256539692196	1	0	2	1.261447769899632
19140.721846206812	3000.0	2411.7291288887195	0.0	0	0.0	4552.450975095528	1	0	2	1.3268344325979298
20394.293439583656	3000.0	2032.8003761741936	0.0	0	0.0	4427.093815757844	1	0	2	1.406327824720107
21327.987701824768	2000.0	2005.7366877089692	0.0	0	0.0	4333.724389533731	1	0	2	0.6537238835418898
22405.525108130332	3000.0	1820.4455407728483	0.0	0	0.0	4225.970648903174	1	0	2	1.1140546963421205
23191.183810553837	2000.0	1956.2209681069944	0.0	0	0.0	4147.404778660824	1	0	2	0.7492625180319405
24237.217556846404	2000.0	1805.5838471851666	0.0	0	0.0	4042.801404031561	1	0	2	1.1977070258115479
25962.840466740163	2000.0	907.3986463020312	0.0	0	0.0	3870.239113042182	1	0	2	1.269483152538184
26940.953384215678	2000.0	831.4744370789606	0.0	0	0.0	3772.427821294623	1	0	2	1.3106366401557255
27649.65094453559	2000.0	1122.7768767590492	0.0	0	0.0	3772.4278212946265	1	0	1	1.317803765493502
28121.977592769923	2000.0	1650.4502285247222	0.0	0	0.0	3772.4278212946265	1	0	1	1.5178037654935022
28617.588886815967	2000.0	2154.838934478679	0.0	0	0.0	3772.4278212946265	1	0	1	1.5178037654935022
29374.589790412396	3000.0	2322.1379405226076	0.0	0	0.0	3696.727730934981	1	0	2	1.1369910010475759
29933.008574546177	3000.0	2707.8772779754427	0.0	0	0.0	3640.8858525215946	1	0	2	1.763003726331057
30816.774860037924	3000.0	2735.7343639345145	0.0	0	0.0	3552.509223972418	1	0	2	1.785865526079479
32259.829116739787	3000.0	2148.3746815624645	0.0	0	0.0	3408.2037983022274	1	0	2	1.8175168020919066
33176.96615891169	2000.0	2231.237639390559	0.0	0	0.0	3408.20379830222	1	0	1	1.0228722784152309
34056.470587650685	2000.0	2263.7827677776686	0.0	0	0.0	3320.2533554283254	1	0	2	1.2451904056152387
35905.1574559463	3000.0	1230.2272126524979	0.0	0	0.0	3135.3846685987664	1	0	2	1.4805100699884015
36948.73569218259	2000.0	1186.6489764162025	0.0	0	0.0	3135.3846685987664	1	0	1	1.0858224465983248
37612.18575713019	2000.0	1523.1989114686119	0.0	0	0.0	3135.3846685987664	1	0	1	1.6912875547064896
38116.623390942535	2000.0	2018.7612776562605	0.0	0	0.0	3135.3846685987664	1	0	1	1.6912875547064896
38623.45900544951	2000.0	2511.9256631492817	0.0	0	0.0	3135.3846685987737	1	0	1	1.6912875547064878
39200.0	3000.0	2877.7305691437473	0.0	0	4.318618698060163	3077.7305691437214	1	0	2	1.2997317508541315
40200.0	3000.0	2777.7305691437473	0.0	0	300.0057163275342	2977.730569143714	1	0	2	1.919862387562647
41632.08340303528	3000.0	2202.4388258049485	0.0	0	0.0	2834.522228840193	1	0	2	1.9438591598834796
42806.25700206358	2000.0	1910.8478668738076	0.0	0	0.0	2717.1048689373492	1	0	2	1.1524368034896422
44072.62199100609	2000.0	1644.482877931307	0.0	0	0.0	2717.1048689373492	1	0	1	1.5623597928834085
44971.2172204231	1000.0	1745.887648514288	0.0	0	0.0	2717.1048689373565	1	0	1	0.37606543176351725
45605.83740361158	1000.0	2111.267465325806	0.0	0	0.0	2717.1048689373565	1	0	1	1.0692126123234624
46905.427350930455	2000.0	1811.6775180069349	0.0	0	0.0	2717.1048689373565	1	0	1	1.0692126123234624
47881.86975810678	2000.0	1835.2351108306145	0.0	0	0.0	2717.1048689373565	1	0	1	1.7623597928834076
48761.001108228855	2000.0	1956.1037607085398	0.0	0	0.0	2717.104868937364	1	0	1	1.7623597928834067
49371.462045191925	2000.0	2345.642823745471	0.0	0	0.0	2717.104868937364	1	0	1	1.7623597928834067
50227.26726044438	2000.0	2489.8376084930173	0.0	0	0.0	2717.104868937364	1	0	1	1.7623597928834067
51355.30762305638	2000.0	2361.7972458810273	0.0	0	0.0	2717.104868937364	1	0	1	1.7623597928834067
52200.0	2000.0	2517.1048689374084	0.0	0	46.81185091139196	2717.104868937364	1	0	1	1.7623597928834067
53200.0	2000.0	2517.1048689374124	0.0	0	119.59266867016413	2717.104868937364	1	0	1	1.7623597928834067
54200.0	3000.0	2417.104868937419	0.0	0	62.629949709400535	2617.104868937371	1	0	2	1.372298358331726
55200.0	3000.0	2317.104868937417	0.0	0	338.4922260258609	2517.1048689373565	1	0	2	1.9890024703535938
56200.0	3000.0	2217.1048689374124	0.0	0	239.6094729256656	2417.1048689373492	1	0	2	2.000402821946026
57982.728056401356	6000.0	1434.37681253605	0.0	0	0.0	2417.1048689373492	1	0	1	2.004301842178029
58629.93440881205	3000.0	1722.4498248842851	0.0	0	0.0	2352.3842336962844	1	0	2	1.1161024416198138
59500.58210986417	3000.0	1764.7373537269496	0.0	0	0.0	2265.3194635910622	1	0	2	2.017058806897902
60793.90148338287	3000.0	1342.0860428563903	0.0	0	0.0	2135.9875262391943	1	0	2	2.0273872152384182
61315.849648429794	2000.0	1820.137877809474	0.0	0	0.0	2135.9875262391943	1	0	1	1.2193358867164423
62200.0	2000.0	1935.987526239264	0.0	0	116.34129704227234	2135.987526239187	1	0	1	1.8248009948246078
63200.0	2000.0	1935.9875262392586	0.0	0	19.047964311073883	2135.987526239187	1	0	1	1.8248009948246078
64200.0	2000.0	1935.9875262392577	0.0	0	234.0261198611115	2135.9875262391797	1	0	1	1.8248009948246082
65200.0	3000.0	1835.987526239252	0.0	0	354.79882612456277	2035.9875262391724	1	0	2	1.4297064574298628
66200.0	3000.0	1735.9875262392477	0.0	0	267.1016028180602	1935.9875262391652	1	0	2	2.0425237438905675
67453.5512658578	6000.0	1482.4362603814545	0.0	0	0.0	1935.9875262391652	1	0	1	2.0449164615711353
69376.95149953596	6000.0	559.0360267032902	0.0	0	0.0	1935.987526239158	1	0	1	2.9380636421310813
70409.78184919411	2000.0	526.2056770451343	0.0	0	0.0	1935.9875262391724	1	0	1	0.7408390647948612
71397.93961789465	2000.0	538.04790834461	0.0	0	0.0	1935.987526239187	1	0	1	1.8394513534629697
72184.4962711486	2000.0	751.4912550906575	0.0	0	0.0	1935.987526239187	1	0	1	1.8394513534629697
73292.4448598823	2000.0	643.5426663569565	0.0	0	0.0	1935.987526239187	1	0	1	1.8394513534629697
73833.70215080066	1000.0	1102.285375438602	0.0	0	0.0	1935.9875262392015	1	0	1	0.4531569923430785
74856.64577729847	2000.0	1079.3417489407984	0.0	0	0.0	1935.9875262392015	1	0	1	1.1463041729030237
75387.65076073578	1000.0	1548.33676550349	0.0	0	0.0	1935.9875262392015	1	0	1	0.4531569923430785
76445.06433010848	2000.0	1490.9231961307837	0.0	0	0.0	1935.9875262392015	1	0	1	1.1463041729030237
77331.5161647394	2000.0	1604.4713614998475	0.0	0	0.0	1935.9875262392015	1	0	1	1.8394513534629688
78200.0	2000.0	1735.9875262392354	0.0	0	293.9726247167855	1935.9875262392015	1	0	1	1.8394513534629688
79200.0	2000.0	1735.987526239226	0.0	0	378.9081332994683	1935.9875262392015	1	0	1	1.8394513534629688
80200.0	3000.0	1735.9875262392104	0.0	0	219.1203683364729	1935.9875262392015	1	0	1	1.839451353462969
81468.96259657678	6000.0	1467.0249296624374	0.0	0	0.0	1935.987526239187	1	0	1	2.244916461571134
82752.51037335643	6000.0	1183.4771528827848	0.0	0	0.0	1935.9875262392015	1	0	1	2.9380636421310786
83485.67268397378	6000.0	1450.3148422654274	0.0	0	0.0	1935.9875262392015	1	0	1	2.9380636421310786
84570.98572566484	6000.0	1365.0018005743639	0.0	0	0.0	1935.9875262392015	1	0	1	2.9380636421310786
85420.98360728018	3000.0	1515.003918959028	0.0	0	0.0	1935.9875262392015	1	0	1	1.5517692810111887
86200.0	2000.0	1735.9875262392147	0.0	0	88.03115162097674	1935.9875262392015	1	0	1	1.4339862453548042
87200.0	3000.0	1635.9875262392393	0.0	0	337.0074584402464	1835.9875262392452	1	0	2	1.4434376333233216
88200.0	2000.0	1635.9875262392457	0.0	0	451.29659727007675	1835.9875262392598	1	0	1	1.2403169350924115
89200.0	2000.0	1635.9875262392488	0.0	0	437.701718767843	1835.9875262392598	1	0	1	1.8457820432005763
90200.0	3000.0	1635.987526239266	0.0	0	223.73571463450207	1835.9875262392598	1	0	1	1.8457820432005763
91200.0	3000.0	1535.987526239274	0.0	0	380.863601541816	1735.9875262392452	1	0	2	1.8548597480420472
92534.83332256608	3000.0	1201.154203673193	0.0	0	0.0	1735.9875262392452	1	0	1	2.056992987705868
93200.0	2000.0	1535.987526239298	0.0	0	66.27886878572463	1735.9875262392598	1	0	1	1.446062771489538
94200.0	2000.0	1535.987526239318	0.0	0	293.4292221637588	1735.9875262392598	1	0	1	1.8515278795977026
95200.0	2000.0	1535.9875262393252	0.0	0	386.6178322482301	1735.9875262392598	1	0	1	1.8515278795977026
96200.0	2000.0	1535.987526239297	0.0	0	339.06823843339225	1735.9875262392598	1	0	1	1.8515278795977026
97292.5240248133	2000.0	1443.463501425995	0.0	0	0.0	1735.9875262392598	1	0	1	1.8515278795977026
98376.03003747706	2000.0	1359.9574887622389	0.0	0	0.0	1735.9875262392598	1	0	1	1.8515278795977026
99200.0	2000.0	1535.9875262393036	0.0	0	210.01047897220997	1735.9875262392598	1	0	1	1.8515278795977026
100200.0	2000.0	1535.9875262392954	0.0	0	343.48128089284	1735.9875262392598	1	0	1	1.8515278795977026
101200.0	2000.0	1535.9875262393157	0.0	0	249.33062523111585	1735.9875262392743	1	0	1	1.851527879597702
102200.0	2000.0	1535.9875262392945	0.0	0	411.10574420577905	1735.9875262392743	1	0	1	1.851527879597702
103200.0	2000.0	1535.9875262393034	0.0	0	249.9851961490349	1735.9875262392743	1	0	1	1.851527879597702
104200.0	2000.0	1535.9875262392816	0.0	0	83.48919615196064	1735.9875262392598	1	0	1	1.8515278795977026
105200.0	2000.0	1535.9875262392795	0.0	0	193.60643803988933	1735.9875262392743	1	0	1	1.851527879597702
106200.0	2000.0	1535.9875262393002	0.0	0	25.987008847179823	1735.9875262392743	1	0	1	1.851527879597702
107410.27121827101	2000.0	1325.7163079682919	0.0	0	0.0	1735.9875262392743	1	0	1	1.851527879597702
108200.0	2000.0	1535.9875262393057	0.0	0	72.72233790477912	1735.9875262392889	1	0	1	1.851527879597701
109200.0	2000.0	1535.9875262392954	0.0	0	158.37158603646094	1735.9875262392743	1	0	1	1.851527879597702
110200.0	2000.0	1535.987526239296	0.0	0	84.35552378899592	1735.9875262392889	1	0	1	1.851527879597701
111200.0	2000.0	1535.987526239304	0.0	0	157.87461512374284	1735.9875262392889	1	0	1	1.851527879597701
112200.0	2000.0	1535.9875262393011	0.0	0	185.87893381237518	1735.9875262392889	1	0	1	1.851527879597701
113200.0	2000.0	1535.9875262392989	0.0	0	133.1900463583588	1735.9875262392889	1	0	1	1.851527879597701
114200.0	2000.0	1535.9875262392993	0.0	0	510.1957643288042	1735.9875262392889	1	0	1	1.851527879597701
115200.0	2000.0	1535.9875262392982	0.0	0	515.0997911555751	1735.9875262392889	1	0	1	1.851527879597701
117134.49645772317	6000.0	601.4910685161428	0.0	0	0.0	1735.9875262393034	1	0	1	1.8515278795977
118029.53066602867	2000.0	706.4568602106477	0.0	0	0.0	1735.9875262393034	1	0	1	0.7529155909295906
118737.34042959784	2000.0	998.6470966414859	0.0	0	0.0	1735.9875262393034	1	0	1	1.8515278795977004
119644.74260527594	2000.0	1091.2449209633808	0.0	0	0.0	1735.987526239318	1	0	1	1.8515278795976995
120200.0	2000.0	1535.9875262393264	0.0	0	41.196355463718646	1735.987526239318	1	0	1	1.8515278795976995
121200.0	2000.0	1535.9875262393075	0.0	0	246.245720743711	1735.987526239318	1	0	1	1.8515278795976995
122200.0	2000.0	1535.9875262392982	0.0	0	330.2061938602128	1735.987526239318	1	0	1	1.8515278795976995
123200.0	2000.0	1535.987526239303	0.0	0	563.8197311288532	1735.9875262393034	1	0	1	1.8515278795977004
124200.0	2000.0	1535.9875262393055	0.0	0	217.04130501997133	1735.9875262393034	1	0	1	1.8515278795977004
125200.0	2000.0	1535.9875262393023	0.0	0	429.5000469587685	1735.9875262393034	1	0	1	1.8515278795977004
126200.0	2000.0	1535.9875262392973	0.0	0	500.93882875422423	1735.9875262393034	1	0	1	1.8515278795977004
127200.0	2000.0	1535.9875262393111	0.0	0	374.10548135027057	1735.987526239318	1	0	1	1.8515278795976995
128200.0	2000.0	1535.9875262393202	0.0	0	210.55503460863838	1735.987526239318	1	0	1	1.8515278795976995
129200.0	3000.0	1535.987526239318	0.0	0	410.4895714067243	1735.987526239318	1	0	1	1.8515278795976995
130336.742369196	3000.0	1399.2451570432977	0.0	0	0.0	1735.987526239318	1	0	1	2.256992987705864
131285.492733025	2000.0	1450.4947932143168	0.0	0	0.0	1735.987526239318	1	0	1	1.4460627714895349
132218.93488504988	2000.0	1517.0526411894364	0.0	0	0.0	1735.9875262393325	1	0	1	1.8515278795976988
133200.0	2000.0	1535.987526239288	0.0	0	457.53245442922343	1735.9875262392743	1	0	1	1.8515278795977008
134200.0	2000.0	1535.987526239325	0.0	0	321.5469591682486	1735.9875262393034	1	0	1	1.8515278795977008
135200.0	2000.0	1535.987526239342	0.0	0	329.2722237832204	1735.9875262393034	1	0	1	1.8515278795977004
136200.0	2000.0	1535.9875262393602	0.0	0	423.97291817938094	1735.9875262393034	1	0	1	1.8515278795977004
137200.0	2000.0	1535.9875262393514	0.0	0	307.96924512292026	1735.9875262393034	1	0	1	1.8515278795977004
138508.67790014137	3000.0	1227.3096260979596	0.0	0	0.0	1735.9875262392743	1	0	1	1.8515278795977022
139603.6600338512	2000.0	1132.3274923881575	0.0	0	0.0	1735.9875262392743	1	0	1	1.4460627714895373
140541.65185215833	2000.0	1194.3356740810202	0.0	0	0.0	1735.9875262392743	1	0	1	1.851527879597702
142389.59013828856	2000.0	346.3973879508031	0.0	0	0.0	1735.9875262392743	1	0	1	1.851527879597702
142816.9575016887	1000.0	919.0300245506548	0.0	0	0.0	1735.9875262392743	1	0	1	0.4652335184778115
143748.05136138457	2000.0	987.9361648547425	0.0	0	0.0	1735.9875262392743	1	0	1	1.1583806990377568
144563.09138223965	2000.0	1172.8961439996365	0.0	0	0.0	1735.9875262392743	1	0	1	1.851527879597702
145200.0	2000.0	1535.9875262392795	0.0	0	24.80928189883707	1735.9875262392743	1	0	1	1.851527879597702
146200.0	2000.0	1535.9875262393075	0.0	0	366.4826846270589	1735.9875262393034	1	0	1	1.8515278795977004
147200.0	2000.0	1535.9875262393296	0.0	0	101.35243666972383	1735.9875262393325	1	0	1	1.8515278795976986
148542.19037059371	2000.0	1193.7971556456232	0.0	0	0.0	1735.9875262393325	1	0	1	1.8515278795976986
149209.55970150273	2000.0	1526.4278247366447	0.0	0	0.0	1735.9875262393325	1	0	1	1.8515278795976986
150200.0	2000.0	1535.987526239383	0.0	0	349.75058721360983	1735.9875262393325	1	0	1	1.8515278795976986
151200.0	2000.0	1535.9875262393864	0.0	0	110.42160923677147	1735.9875262393325	1	0	1	1.8515278795976986
152434.89694546745	2000.0	1301.0905807719341	0.0	0	0.0	1735.9875262393325	1	0	1	1.8515278795976986
153522.0134567827	2000.0	1213.974069456691	0.0	0	0.0	1735.9875262393616	1	0	1	1.8515278795976968
154208.28986161982	2000.0	1527.6976646195792	0.0	0	0.0	1735.9875262393616	1	0	1	1.8515278795976968
155200.0	2000.0	1535.9875262393925	0.0	0	218.51869939800235	1735.9875262393616	1	0	1	1.8515278795976968
156200.0	2000.0	1535.9875262393487	0.0	0	89.12073029193562	1735.9875262393616	1	0	1	1.8515278795976968
157200.0	2000.0	1535.9875262393487	0.0	0	212.3053850106662	1735.9875262393616	1	0	1	1.8515278795976968
158200.0	2000.0	1535.9875262393398	0.0	0	410.28720239864197	1735.9875262393616	1	0	1	1.8515278795976968
159200.0	2000.0	1535.9875262393252	0.0	0	422.4858684077044	1735.9875262393325	1	0	1	1.8515278795976986
160200.0	3000.0	1535.9875262392884	0.0	0	326.84111538965954	1735.9875262393325	1	0	1	1.8515278795976988
161525.30941746203	6000.0	1210.6781087772426	0.0	0	0.0	1735.9875262393325	1	0	1	2.2569929877058637
162649.25145760566	2000.0	1086.7360686336374	0.0	0	0.0	1735.9875262393034	1	0	1	0.7529155909295906
163492.17040880444	2000.0	1243.8171174348408	0.0	0	0.0	1735.9875262393325	1	0	1	1.8515278795976986
164200.0	2000.0	1535.9875262392686	0.0	0	57.0211601270712	1735.9875262393325	1	0	1	1.8515278795976986
165200.0	2000.0	1535.9875262392593	0.0	0	420.64531866510515	1735.9875262393325	1	0	1	1.8515278795976986
166200.0	2000.0	1535.9875262392723	0.0	0	482.90894341788953	1735.9875262393616	1	0	1	1.8515278795976968
167200.0	2000.0	1535.987526239281	0.0	0	348.2240078924224	1735.9875262393616	1	0	1	1.8515278795976968
168610.24739533037	3000.0	1125.7401309089385	0.0	0	0.0	1735.9875262393616	1	0	1	1.8515278795976984
169483.94445885002	2000.0	1252.043067389299	0.0	0	0.0	1735.9875262393616	1	0	1	1.4460627714895322
170224.4544012543	2000.0	1511.5331249849883	0.0	0	0.0	1735.9875262393616	1	0	1	1.8515278795976968
171200.0	2000.0	1535.9875262392954	0.0	0	292.15044687935733	1735.9875262393616	1	0	1	1.8515278795976968
172292.5840275146	2000.0	1443.4034987247264	0.0	0	0.0	1735.9875262393616	1	0	1	1.8515278795976968
174122.99134403083	2000.0	612.9961822084811	0.0	0	0.0	1735.9875262393034	1	0	1	1.8515278795977
174778.24973176324	1000.0	957.737794476041	0.0	0	0.0	1735.9875262393325	1	0	1	0.46523351847780864
175838.67298421482	2000.0	897.3145420244773	0.0	0	0.0	1735.9875262393325	1	0	1	1.1583806990377534
176660.3042853048	2000.0	1075.6832409345427	0.0	0	0.0	1735.9875262393325	1	0	1	1.8515278795976986
177350.96567159586	2000.0	1385.0218546434855	0.0	0	0.0	1735.9875262393325	1	0	1	1.8515278795976986
178200.0	2000.0	1535.9875262393493	0.0	0	230.48013869641	1735.9875262393325	1	0	1	1.8515278795976986
179200.0	2000.0	1535.9875262393361	0.0	0	491.1403250894218	1735.9875262393325	1	0	1	1.8515278795976986
180290.76239307196	3000.0	1445.2251331673942	0.0	0	0.0	1735.9875262393325	1	0	1	1.8515278795976988
181873.40463341822	2000.0	862.5828928211337	0.0	0	0.0	1735.9875262393325	1	0	1	1.446062771489534
182466.79379336108	2000.0	1269.1937328783026	0.0	0	0.0	1735.9875262393325	1	0	1	1.8515278795976986
183200.0	2000.0	1535.9875262393878	0.0	0	133.68421991867945	1735.9875262393616	1	0	1	1.8515278795976968
184501.17726786816	2000.0	1234.8102583712307	0.0	0	0.0	1735.9875262393616	1	0	1	1.8515278795976968
185552.78163457196	2000.0	1183.2058916674282	0.0	0	0.0	1735.9875262393616	1	0	1	1.8515278795976968
186329.25012885872	2000.0	1406.7373973806352	0.0	0	0.0	1735.9875262393325	1	0	1	1.8515278795976986
187200.0	2000.0	1535.9875262393352	0.0	0	325.1356039410166	1735.9875262393034	1	0	1	1.8515278795977004
188200.0	2000.0	1535.9875262393396	0.0	0	590.1845170464076	1735.9875262393034	1	0	1	1.8515278795977004
189200.0	3000.0	1535.98752623933	0.0	0	159.22580759078846	1735.9875262392743	1	0	1	1.8515278795977022
190348.21463198325	3000.0	1387.772894256055	0.0	0	0.0	1735.9875262392452	1	0	1	2.256992987705868
191393.51088758087	2000.0	1342.4766386584515	0.0	0	0.0	1735.9875262392743	1	0	1	1.4460627714895373
192990.57803982092	2000.0	745.409486418411	0.0	0	0.0	1735.9875262393034	1	0	1	1.8515278795977004
193846.42590638046	1000.0	889.5616198588674	0.0	0	0.0	1735.9875262393034	1	0	1	0.46523351847780997
194551.74198413748	1000.0	1184.2455421018653	0.0	0	0.0	1735.9875262393034	1	0	1	1.1583806990377552
195419.37564153664	1000.0	1316.6118847027226	0.0	0	0.0	1735.9875262393034	1	0	1	1.1583806990377552
196200.0	1000.0	1535.987526239356	0.0	0	81.6608316374477	1735.9875262393034	1	0	1	1.1583806990377552
197200.0	2000.0	1535.9875262393477	0.0	0	140.1673994018347	1735.9875262393034	1	0	1	1.158380699037755
198200.0	2000.0	1535.9875262393653	0.0	0	84.6958334147348	1735.9875262393034	1	0	1	1.8515278795977004
199200.0	2000.0	1535.987526239389	0.0	0	45.286223010596586	1735.9875262393034	1	0	1	1.8515278795977004
200468.10448731118	2000.0	1267.8830389281704	0.0	0	0.0	1735.9875262393034	1	0	1	1.8515278795977004
201400.63449649545	2000.0	1335.3530297439268	0.0	0	0.0	1735.9875262393325	1	0	1	1.8515278795976986
202200.0	2000.0	1535.9875262393443	0.0	0	12.097221914707916	1735.9875262393325	1	0	1	1.8515278795976986
203200.0	2000.0	1535.987526239342	0.0	0	491.51879723824095	1735.9875262393034	1	0	1	1.8515278795977004
204200.0	3000.0	1535.987526239332	0.0	0	275.73058180115186	1735.9875262393034	1	0	1	1.8515278795977004
205200.0	3000.0	1535.9875262393373	0.0	0	98.79015703583718	1735.9875262392743	1	0	1	2.2569929877058668
206366.64048061206	6000.0	1369.347045627308	0.0	0	0.0	1735.9875262392743	1	0	1	2.2569929877058663
207200.0	3000.0	1535.987526239383	0.0	0	279.5741198612959	1735.9875262392452	1	0	1	1.5638458071459231
208200.0	3000.0	1535.9875262393666	0.0	0	299.8023951127543	1735.9875262392452	1	0	1	2.256992987705868
209450.8153817795	3000.0	1285.1721444598504	0.0	0	0.0	1735.9875262392743	1	0	1	2.2569929877058668
210200.0	2000.0	1535.987526239342	0.0	0	72.0476237933035	1735.9875262392743	1	0	1	1.4460627714895373
211200.0	2000.0	1535.987526239332	0.0	0	437.5612576616986	1735.9875262392743	1	0	1	1.851527879597702
212200.0	2000.0	1535.9875262393575	0.0	0	444.40261409641244	1735.9875262392743	1	0	1	1.851527879597702
213200.0	2000.0	1535.9875262393623	0.0	0	451.8460395572474	1735.9875262392743	1	0	1	1.851527879597702
214200.0	2000.0	1535.9875262393557	0.0	0	486.79628292869893	1735.9875262392743	1	0	1	1.851527879597702
215200.0	3000.0	1535.9875262393555	0.0	0	146.70995797184878	1735.9875262392743	1	0	1	1.8515278795977022
216340.69034639365	6000.0	1395.2971798457388	0.0	0	0.0	1735.9875262392452	1	0	1	2.256992987705868
218079.17984018402	6000.0	656.8076860553505	0.0	0	0.0	1735.987526239216	1	0	1	2.950140168265814
219291.38119383738	2000.0	444.6063324020025	0.0	0	0.0	1735.987526239216	1	0	1	0.7529155909295954
220285.9803750912	2000.0	492.5163037964474	42.50915264824104	0	0.0	1778.496678887459	1	0	1	1.5940984479799072
221006.194854928	2000.0	772.3018239596597	0.0	0	0.0	1778.496678887488	1	0	1	1.8491533638693516
222150.71837635463	2000.0	627.7783025330449	0.0	0	0.0	1778.496678887488	1	0	1	1.8491533638693516
222976.4932905154	1000.0	802.0033883722624	0.0	0	0.0	1778.496678887488	1	0	1	0.46285900274946135
224183.9861055313	2000.0	594.5105733563614	0.0	0	0.0	1778.4966788875172	1	0	1	1.1560061833094049
224856.54643373337	1000.0	921.9502451543065	0.0	0	0.0	1778.4966788875463	1	0	1	0.46285900274945835
225958.66547617124	2000.0	819.8312027164294	0.0	0	0.0	1778.4966788875463	1	0	1	1.156006183309403
226870.4676383148	2000.0	908.0290405728554	0.0	0	0.0	1778.4966788875463	1	0	1	1.8491533638693483
227363.97408181563	2000.0	1414.522597072031	0.0	0	0.0	1778.4966788875172	1	0	1	1.84915336386935
228200.0	2000.0	1578.4966788876177	0.0	0	429.72337894089287	1778.4966788875172	1	0	1	1.84915336386935
229200.0	2000.0	1578.496678887625	0.0	0	414.59643347770907	1778.496678887488	1	0	1	1.8491533638693511
230200.0	3000.0	1578.4966788876466	0.0	0	450.68698917728034	1778.496678887488	1	0	1	1.8491533638693518
231536.30414894925	6000.0	1242.1925299383784	0.0	0	0.0	1778.496678887488	1	0	1	2.2546184719775164
232934.0107028205	6000.0	844.4859760671018	0.0	0	0.0	1778.496678887459	1	0	1	2.9477656525374627
233390.8962122442	2000.0	1387.600466643371	0.0	0	0.0	1778.4966788874299	1	0	1	0.7505410752012454
234474.8783516882	3000.0	1303.6183271993611	0.0	0	0.0	1778.4966788874008	1	0	1	1.8491533638693567
235200.0	2000.0	1578.4966788875718	0.0	0	140.6299405513564	1778.4966788874008	1	0	1	1.443688255761192
236200.0	3000.0	1578.4966788875874	0.0	0	181.04347775076167	1778.4966788874008	1	0	1	1.8491533638693567
237312.51853159818	3000.0	1465.9781472893922	0.0	0	0.0	1778.4966788873717	1	0	1	2.254618471977523
238200.0	2000.0	1578.4966788875636	0.0	0	353.2360179667012	1778.4966788873717	1	0	1	1.4436882557611936
239200.0	3000.0	1578.4966788875677	0.0	0	124.64711496143718	1778.4966788874008	1	0	1	1.8491533638693567
240200.0	3000.0	1578.4966788875731	0.0	0	311.17570412645	1778.4966788874008	1	0	1	2.2546184719775213
241200.0	3000.0	1578.4966788875674	0.0	0	75.64359213542775	1778.4966788874008	1	0	1	2.2546184719775213
242200.0	2000.0	1578.4966788875527	0.0	0	282.6256793887005	1778.4966788874299	1	0	1	1.4436882557611903
243200.0	2000.0	1578.496678887521	0.0	0	315.9166575053532	1778.4966788874299	1	0	1	1.849153363869355
244200.0	2000.0	1578.496678887506	0.0	0	71.75791035289876	1778.4966788874299	1	0	1	1.849153363869355
245200.0	2000.0	1578.4966788875176	0.0	0	266.35846226193826	1778.496678887459	1	0	1	1.8491533638693538
246200.0	2000.0	1578.4966788875065	0.0	0	49.57747202174505	1778.496678887459	1	0	1	1.8491533638693534
247200.0	2000.0	1578.4966788874983	0.0	0	58.18422747927252	1778.4966788874299	1	0	1	1.849153363869355
248200.0	2000.0	1578.4966788875038	0.0	0	358.26190850595594	1778.4966788874299	1	0	1	1.849153363869355
249200.0	2000.0	1578.4966788874901	0.0	0	490.3227775043051	1778.4966788874299	1	0	1	1.849153363869355
250200.0	2000.0	1578.4966788874995	0.0	0	155.29259274384822	1778.4966788874299	1	0	1	1.849153363869355
251200.0	2000.0	1578.4966788874851	0.0	0	44.304187762201764	1778.4966788874008	1	0	1	1.8491533638693567
252200.0	2000.0	1578.4966788875042	0.0	0	248.00254098392907	1778.4966788874008	1	0	1	1.8491533638693567
253200.0	2000.0	1578.4966788874913	0.0	0	105.39438565357705	1778.4966788874299	1	0	1	1.849153363869355
254200.0	2000.0	1578.4966788874738	0.0	0	349.878001054225	1778.4966788874299	1	0	1	1.849153363869355
255350.9562475856	2000.0	1427.5404313018605	0.0	0	0.0	1778.4966788874299	1	0	1	1.849153363869355
256540.96157998592	2000.0	1237.5350989015476	0.0	0	0.0	1778.4966788874008	1	0	1	1.8491533638693567
257490.49011010394	2000.0	1288.0065687835156	0.0	0	0.0	1778.4966788874008	1	0	1	1.8491533638693567
258524.02574510005	2000.0	1254.4709337874497	0.0	0	0.0	1778.4966788873717	1	0	1	1.8491533638693582
259363.16772396254	2000.0	1415.3289549249462	0.0	0	0.0	1778.4966788873717	1	0	1	1.8491533638693582
260200.0	2000.0	1578.4966788874976	0.0	0	204.1692332609673	1778.4966788873717	1	0	1	1.8491533638693582
261200.0	2000.0	1578.4966788875236	0.0	0	187.52192331952392	1778.4966788873717	1	0	1	1.8491533638693582
262200.0	2000.0	1578.4966788875372	0.0	0	329.9707832718268	1778.4966788874008	1	0	1	1.8491533638693567
263200.0	2000.0	1578.4966788875786	0.0	0	552.2264131891425	1778.496678887459	1	0	1	1.8491533638693554
264200.0	2000.0	1578.4966788875502	0.0	0	625.5148957881611	1778.4966788874008	1	0	1	1.849153363869356
265200.0	3000.0	1578.4966788875845	0.0	0	28.358961767167784	1778.4966788874008	1	0	1	1.8491533638693567
266399.4776069258	3000.0	1379.0190719618176	0.0	0	0.0	1778.4966788874008	1	0	1	2.2546184719775213
267200.0	2000.0	1578.4966788876911	0.0	0	168.96132144378498	1778.4966788873426	1	0	1	1.4436882557611954
268200.0	2000.0	1578.4966788876407	0.0	0	389.47059547371464	1778.4966788872844	1	0	1	1.8491533638693634
269200.0	2000.0	1578.4966788876186	0.0	0	185.7798747482011	1778.4966788872844	1	0	1	1.8491533638693634
270200.0	2000.0	1578.4966788876056	0.0	0	175.88459287054138	1778.4966788872844	1	0	1	1.8491533638693634
271200.0	2000.0	1578.496678887699	0.0	0	547.5337906657369	1778.4966788872844	1	0	1	1.8491533638693634
272200.0	2000.0	1578.4966788876732	0.0	0	361.1298998933635	1778.4966788872844	1	0	1	1.8491533638693634
273200.0	2000.0	1578.4966788877175	0.0	0	360.42580073169665	1778.4966788873426	1	0	1	1.8491533638693607
274200.0	2000.0	1578.49667888769	0.0	0	400.70602359448094	1778.4966788873426	1	0	1	1.84915336386936
275200.0	2000.0	1578.4966788876663	0.0	0	477.1214282711735	1778.4966788872844	1	0	1	1.8491533638693634
276200.0	2000.0	1578.4966788876839	0.0	0	471.72279144841013	1778.4966788872844	1	0	1	1.8491533638693634
277200.0	2000.0	1578.4966788877286	0.0	0	483.8488690009108	1778.4966788872844	1	0	1	1.8491533638693634
278200.0	3000.0	1578.4966788877318	0.0	0	125.45712321001338	1778.4966788872844	1	0	1	1.8491533638693634
279200.0	3000.0	1578.4966788877718	0.0	0	316.95090134447673	1778.4966788873426	1	0	1	2.254618471977525
280200.0	2000.0	1578.4966788877753	0.0	0	11.432185364421457	1778.4966788873426	1	0	1	1.4436882557611954
281200.0	2000.0	1578.4966788878057	0.0	0	213.81329002248822	1778.4966788873426	1	0	1	1.84915336386936
282200.0	2000.0	1578.496678887806	0.0	0	362.3459608265548	1778.4966788874008	1	0	1	1.8491533638693574
283200.0	2000.0	1578.4966788878064	0.0	0	391.22757899877615	1778.4966788874008	1	0	1	1.8491533638693567
284200.0	3000.0	1578.4966788877402	0.0	0	325.65667637833394	1778.4966788873426	1	0	1	1.8491533638693594
285321.4685601856	3000.0	1344.8812626835272	0.0	0	0.0	1666.3498228687095	1	0	2	1.859149407691132
286200.0	2000.0	1466.3498228690946	0.0	0	381.82679496734636	1666.3498228687095	1	0	1	1.2497466613496246
287200.0	2000.0	1466.3498228690676	0.0	0	322.9812469703029	1666.3498228687095	1	0	1	1.8552117694577894
288200.0	2000.0	1466.3498228691042	0.0	0	63.48949132283451	1666.3498228687095	1	0	1	1.8552117694577894
289400.30608185293	2000.0	1266.0437410161594	0.0	0	0.0	1666.3498228687095	1	0	1	1.8552117694577894
290858.0866488927	2000.0	808.2631739763269	0.0	0	0.0	1666.3498228687095	1	0	1	1.8552117694577894
291685.62150964286	2000.0	980.7283132261886	0.0	0	0.0	1666.3498228687095	1	0	1	1.8552117694577894
292538.4787589002	2000.0	1127.8710639688536	0.0	0	0.0	1666.3498228687095	1	0	1	1.8552117694577894
293200.0	2000.0	1466.3498228690275	0.0	0	76.25391367945122	1666.3498228687095	1	0	1	1.8552117694577894
294200.0	2000.0	1466.3498228689928	0.0	0	429.8915138192242	1666.3498228687095	1	0	1	1.8552117694577894
295200.0	2000.0	1466.3498228690592	0.0	0	479.8905038033263	1666.3498228687095	1	0	1	1.8552117694577894
296304.8010611847	2000.0	1361.548761684321	0.0	0	0.0	1666.3498228687095	1	0	1	1.8552117694577894
297354.2587331657	2000.0	1312.0910897033643	0.0	0	0.0	1666.3498228687095	1	0	1	1.8552117694577894
298200.0	2000.0	1466.3498228690353	0.0	0	184.16796607436845	1666.3498228687095	1	0	1	1.8552117694577894
299200.0	2000.0	1466.3498228690644	0.0	0	449.89986267482163	1666.3498228687095	1	0	1	1.85521176945779
300200.0	2000.0	1466.3498228690887	0.0	0	35.1627781552379	1666.3498228687677	1	0	1	1.855211769457787
2.53	2.37	2.92	3.67	4.42	5.26	3.28	2.42	2.73	2.7	2.88	3.61	3.83	2.28	2.22	2.72	3.22	2.11	1.16	1.29	2.11	2.9	3.86	4.58	4.22	3.16	0.79	2.8	2.83	1.7	2.11	2.93	3.85	4.54	3.57	2.59	1.87	1.74	1.3	1.51	1.61	2.11	2.56	2.78	2.36	2.05	2.54	3.13	4.18	4.78	4.62	4.07	4.19	3.43	2.92	3.07	2.72	2.7	3.58	4.29	5.28	4.65	3.24	1.31	1.8	2.55	2.61	1.37	2.04	1.68	1.99	2.77	3.6	4.47	4.74	4.82	5.24	6.08	5.44	3.54	4.11	3.71	3.34	4.04	3.64	3.65	1.99	2.76	2.2	3.05	2.8	1.54	1.98	2.92	3.42	2.58	2.95	2.12	3.48	1.88	1.75	1.89	2.27	2.27	3.05	2.47	2.55	3.1	3.98	4.92	3.6	2.92	2.54	2.9	3.07	3.31	4.15	3.26	3.2	3.01	3.24	3.22	3.79	4.1	3.22	2.66	3.05	3.61	4.15	3.48	3.06	3.66	3.07	2.36	2.26	1.3	1.81	2.46	3.31	4.25	2.48	1.49	2.21	3.04	3.7	1.59	2.22	2.4	2.2	3.2	2.53	2.37	2.92	3.67	4.42	5.26	3.28	2.42	2.73	2.7	2.88	3.61	3.83	2.28	2.22	2.72	3.22	2.11	1.16	1.29	2.11	2.9	3.86	4.58	4.22	3.16	0.79	2.8	2.83	1.7	2.11	2.93	3.85	4.54	3.57	2.59	1.87	1.74	1.3	1.51	1.61	2.11	2.56	2.78	2.36	2.05	2.54	3.13	4.18	4.78	4.62	4.07	4.19	3.43	2.92	3.07	2.72	2.7	3.58	4.29	5.28	4.65	3.24	1.31	1.8	2.55	2.61	1.37	2.04	1.68	1.99	2.77	3.6	4.47	4.74	4.82	5.24	6.08	5.44	3.54	4.11	3.71	3.34	4.04	3.64	3.65	1.99	2.76	2.2	3.05	2.8	1.54	1.98	2.92	3.42	2.58	2.95	2.12	3.48	1.88	1.75	1.89	2.27	2.27	3.05	2.47	2.55	3.1	3.98	4.92	3.6	2.92	2.54	2.9	3.07	3.31	4.15	3.26	3.2	3.01	3.24	3.22	3.79	4.1	3.22	2.66	3.05	3.61	4.15	3.48	3.06	3.66	3.07	2.36	2.26	1.3	1.81	2.46	3.31	4.25	2.48	1.49	2.21	3.04	3.7	1.59	2.22	2.4
1.0	2.0	3.0	4.0	5.0	6.0	7.0	8.0	9.0	10.0	11.0	12.0	13.0	14.0	15.0	16.0	17.0	18.0	19.0	20.0	21.0	22.0	23.0	24.0	25.0	26.0	27.0	28.0	29.0	30.0	31.0	32.0	33.0	34.0	35.0	36.0	37.0	38.0	39.0	40.0	41.0	42.0	43.0	44.0	45.0	46.0	47.0	48.0	49.0	50.0	51.0	52.0	53.0	54.0	55.0	56.0	57.0	58.0	59.0	60.0	61.0	62.0	63.0	64.0	65.0	66.0	67.0	68.0	69.0	70.0	71.0	72.0	73.0	74.0	75.0	76.0	77.0	78.0	79.0	80.0	81.0	82.0	83.0	84.0	85.0	86.0	87.0	88.0	89.0	90.0	91.0	92.0	93.0	94.0	95.0	96.0	97.0	98.0	99.0	100.0	101.0	102.0	103.0	104.0	105.0	106.0	107.0	108.0	109.0	110.0	111.0	112.0	113.0	114.0	115.0	116.0	117.0	118.0	119.0	120.0	121.0	122.0	123.0	124.0	125.0	126.0	127.0	128.0	129.0	130.0	131.0	132.0	133.0	134.0	135.0	136.0	137.0	138.0	139.0	140.0	141.0	142.0	143.0	144.0	145.0	146.0	147.0	148.0	149.0	149.0	150.0	151.0	152.0	153.0	154.0	155.0	156.0	157.0	158.0	159.0	160.0	161.0	162.0	163.0	164.0	165.0	166.0	167.0	168.0	169.0	170.0	171.0	172.0	173.0	174.0	175.0	176.0	177.0	178.0	179.0	180.0	181.0	182.0	183.0	184.0	185.0	186.0	187.0	188.0	189.0	190.0	191.0	192.0	193.0	194.0	195.0	196.0	197.0	198.0	199.0	200.0	201.0	202.0	203.0	204.0	205.0	206.0	207.0	208.0	209.0	210.0	211.0	212.0	213.0	214.0	215.0	216.0	217.0	218.0	219.0	220.0	221.0	222.0	223.0	224.0	225.0	226.0	227.0	228.0	229.0	230.0	231.0	232.0	233.0	234.0	235.0	236.0	237.0	238.0	239.0	240.0	241.0	242.0	243.0	244.0	245.0	246.0	247.0	248.0	249.0	250.0	251.0	252.0	253.0	254.0	255.0	256.0	257.0	258.0	259.0	260.0	261.0	262.0	263.0	264.0	265.0	266.0	267.0	268.0	269.0	270.0	271.0	272.0	273.0	274.0	275.0	276.0	277.0	278.0	279.0	280.0	281.0	282.0	283.0	284.0	285.0	286.0	287.0	288.0	289.0	290.0	291.0	292.0	293.0	294.0	295.0	296.0	297.0
5563.327239162652
