4525.179190743721	300.0	2000.0	191.93646073861865	0	0.0	4525.179190743721	1	0	1	-1.860943811316605
5525.926908292073	2000.0	1999.2522824516482	0.0	0	0.0	4525.179190743721	1	0	1	-0.7349534285898007
6321.211766143378	2000.0	2124.4389388152135	0.0	0	0.0	4445.650704958592	1	0	2	0.7969923023981236
7229.858449286768	2000.0	2124.927587357485	0.0	0	0.0	4354.786036644253	1	0	2	1.046952928998751
7981.92202572672	3000.0	2297.657653273538	0.0	0	0.0	4279.579679000257	1	0	2	1.0894170516392938
8811.390869747305	3000.0	2385.2419248508945	0.0	0	0.0	4196.632794598198	1	0	2	1.53579094750208
9778.600320587924	3000.0	2321.3115289262155	0.0	0	0.0	4099.911849514138	1	0	2	1.5812763190837469
10782.281679336422	3000.0	2217.262034302871	0.0	0	0.0	3999.543713639291	1	0	2	1.6250714677853673
11734.816321886912	3000.0	2169.4739274973335	0.0	0	0.0	3904.290249384244	1	0	2	1.6648077813953388
12765.19659776076	3000.0	2036.0556240361004	0.0	0	0.0	3801.252221796858	1	0	2	1.70190676534286
13814.887121450964	3000.0	1881.3960479768741	0.0	0	0.0	3696.283169427834	1	0	2	1.741214154179098
14809.887952107703	3000.0	1786.895134254459	0.0	0	0.0	3596.7830863621602	1	0	2	1.7727244007547927
15359.436115838977	3000.0	2182.392154150058	0.0	0	0.0	3541.8282699890333	1	0	2	1.793036337818645
15959.531670461765	3000.0	2522.287044064991	0.0	0	0.0	3481.818714526755	1	0	2	1.8101855059049006
16828.139470558897	3000.0	2566.818463958147	0.0	0	0.0	3394.9579345170405	1	0	2	1.8312682823630118
17729.03243883945	3000.0	2575.8361988495367	0.0	0	0.0	3304.8686376889855	1	0	2	1.853904422296797
19294.653266245008	3000.0	1853.6532887034266	0.0	0	0.0	3148.306554948429	1	0	2	1.8849163029714535
20203.563646961313	2000.0	1853.8518699154865	0.0	0	0.0	3057.415516876794	1	0	2	1.0964598780735664
21138.12311885257	2000.0	1919.292398024225	0.0	0	0.0	3057.41551687679	1	0	1	1.5066578290719623
22465.775219158426	2000.0	1591.6402977183666	0.0	0	0.0	3057.41551687679	1	0	1	1.7066578290719625
23159.62177929792	2000.0	1897.7937375788688	0.0	0	0.0	3057.4155168767866	1	0	1	1.706657829071963
24192.05060325952	2000.0	1865.3649136172667	0.0	0	0.0	3057.4155168767866	1	0	1	1.706657829071963
25246.554116755447	2000.0	1810.8614001213384	0.0	0	0.0	3057.41551687679	1	0	1	1.7066578290719625
25763.45082396187	2000.0	2293.964692914912	0.0	0	0.0	3057.41551687679	1	0	1	1.7066578290719625
26312.062936435508	2000.0	2745.352580441274	0.0	0	0.0	3057.415516876794	1	0	1	1.7066578290719616
27200.0	2000.0	2857.415516876779	0.0	0	152.1770478535691	3057.41551687679	1	0	1	1.7066578290719625
28200.0	3000.0	2757.4155168767734	0.0	0	249.309633273926	2957.4155168767866	1	0	2	1.3186871134898743
29200.0	3000.0	2657.415516876773	0.0	0	252.90908032969674	2857.4155168767866	1	0	2	1.9410828659251878
30374.328532829284	3000.0	2365.65413076456	0.0	0	0.0	2739.9826635938552	1	0	2	1.960403226482304
31326.74070632266	3000.0	2318.000739921841	0.0	0	0.0	2644.741446244512	1	0	2	1.9743359108571115
32200.0	2000.0	2357.4155168767697	0.0	0	19.526856617143494	2557.4155168767757	1	0	2	1.1747175313091325
33200.0	2000.0	2257.4155168767766	0.0	0	305.4770831370224	2457.4155168767866	1	0	2	1.5904705678899922
34200.0	2000.0	2257.4155168767707	0.0	0	36.28262508514308	2457.4155168767793	1	0	1	1.594512243086322
35200.0	2000.0	2257.415516876768	0.0	0	376.2997255116061	2457.4155168767793	1	0	1	1.7945122430863223
36200.0	2000.0	2257.4155168767734	0.0	0	571.108068640111	2457.4155168767757	1	0	1	1.7945122430863225
37200.0	3000.0	2157.415516876768	0.0	0	167.16286272936122	2357.4155168767684	1	0	2	1.4014239736255476
39399.68923190185	3000.0	737.7573617847222	0.0	0	0.0	2137.446593686589	1	0	2	2.025112781998322
41195.11847972784	2000.0	216.9455954930636	274.6174815343177	0	0.0	2412.0640752209	1	0	1	-0.45134841450421
41818.15802900994	1000.0	689.1265055862125	95.22045937524089	0	0.0	2507.2845345961396	1	0	1	-0.16868747976069656
42621.64339281049	2000.0	885.6411417856652	0.0	0	0.0	2507.2845345961396	1	0	1	1.095782457050694
43545.943986824765	2000.0	961.3405477713911	0.0	0	0.0	2507.2845345961396	1	0	1	1.7889296376106392
44244.90952678404	2000.0	1262.375007812122	0.0	0	0.0	2507.2845345961396	1	0	1	1.7889296376106392
44885.416118864305	2000.0	1621.868415731855	0.0	0	0.0	2507.2845345961396	1	0	1	1.7889296376106392
45657.227317999714	2000.0	1850.0572165964459	0.0	0	0.0	2507.2845345961396	1	0	1	1.7889296376106392
46338.81730170814	2000.0	2168.4672328880106	0.0	0	0.0	2507.2845345961396	1	0	1	1.7889296376106392
47347.83695493134	2000.0	2159.4475796648103	0.0	0	0.0	2507.284534596147	1	0	1	1.7889296376106385
48200.0	2000.0	2307.284534596145	0.0	0	24.38547502612346	2507.284534596147	1	0	1	1.7889296376106385
49200.0	2000.0	2307.284534596147	0.0	0	349.34528608935943	2507.284534596147	1	0	1	1.7889296376106385
50200.0	2000.0	2307.2845345961478	0.0	0	259.19876061096875	2507.284534596154	1	0	1	1.7889296376106376
51221.11159382457	2000.0	2184.0617813891186	0.0	0	0.0	2405.1733752137006	1	0	2	1.3974532608832355
52200.0	3000.0	2107.2845345961414	0.0	0	92.42507791910612	2307.2845345961614	1	0	2	1.6068366861715577
53648.93492753274	3000.0	1513.4561143101266	0.0	0	0.0	2162.391041842893	1	0	2	2.0249640586596267
54232.028076429626	2000.0	1930.3629654132394	0.0	0	0.0	2162.391041842893	1	0	1	1.217182747000023
55294.028975472516	3000.0	1762.1619764660607	0.0	0	0.0	2056.19095193861	1	0	2	1.428976022351106
56200.0	2000.0	1856.1909519385765	0.0	0	224.74181629125087	2056.19095193861	1	0	1	1.2255211772518781
57200.0	2000.0	1856.19095193857	0.0	0	102.9450381858478	2056.19095193861	1	0	1	1.830986285360043
58204.70039068033	2000.0	1851.4905612582397	0.0	0	0.0	2056.19095193861	1	0	1	1.830986285360043
59200.0	2000.0	1756.6609910066024	0.0	0	263.71511453409767	1956.66099100664	1	0	2	1.4355199634119713
60200.0	2000.0	1756.660991006606	0.0	0	349.08200451655284	1956.6609910066472	1	0	1	1.63806445963842
61200.0	2000.0	1756.660991006604	0.0	0	468.13522783169174	1956.66099100664	1	0	1	1.8380644596384208
62200.0	2000.0	1756.6609910065968	0.0	0	15.103217520736507	1956.66099100664	1	0	1	1.8380644596384208
63200.0	2000.0	1756.6609910065997	0.0	0	73.20632085160469	1956.66099100664	1	0	1	1.8380644596384208
64200.0	2000.0	1756.6609910065963	0.0	0	28.157826960152306	1956.6609910066327	1	0	1	1.838064459638421
65200.0	2000.0	1756.660991006596	0.0	0	68.99976151996088	1956.6609910066327	1	0	1	1.838064459638421
66669.3009727873	2000.0	1287.3600182192902	0.0	0	0.0	1956.6609910066327	1	0	1	1.8380644596384208
67549.13428312364	2000.0	1407.5267078829534	0.0	0	0.0	1956.6609910066327	1	0	1	1.838064459638421
68209.46572305293	2000.0	1747.195267953669	0.0	0	0.0	1956.6609910066327	1	0	1	1.838064459638421
69200.0	2000.0	1756.6609910066	0.0	0	154.11672882601852	1956.6609910066327	1	0	1	1.838064459638421
70200.0	2000.0	1756.6609910065902	0.0	0	201.9874293328321	1956.6609910066327	1	0	1	1.838064459638421
71200.0	2000.0	1756.660991006596	0.0	0	413.7699618250481	1956.6609910066327	1	0	1	1.838064459638421
72200.0	2000.0	1656.6609910065943	0.0	0	389.10368031507824	1856.6609910066327	1	0	2	1.4421091913581099
73200.0	2000.0	1656.6609910065906	0.0	0	320.5274580966943	1856.6609910066327	1	0	1	1.6445230444367733
74200.0	2000.0	1656.6609910065874	0.0	0	211.6309105269611	1856.6609910066472	1	0	1	1.8445230444367726
75200.0	2000.0	1656.6609910065836	0.0	0	211.3408501792146	1856.6609910066472	1	0	1	1.8445230444367726
76200.0	2000.0	1656.6609910065938	0.0	0	502.14761156348686	1856.6609910066472	1	0	1	1.8445230444367726
77200.0	2000.0	1656.6609910066093	0.0	0	531.6415930354269	1856.6609910066472	1	0	1	1.8445230444367726
78200.0	2000.0	1656.6609910066202	0.0	0	407.13329438093933	1856.6609910066472	1	0	1	1.8445230444367726
79200.0	3000.0	1556.6609910066227	0.0	0	304.59817026910605	1756.6609910066618	1	0	2	1.4482764642333166
80510.81155527572	3000.0	1245.8494357308991	0.0	0	0.0	1756.6609910066618	1	0	1	2.0558504381456464
81200.85281532623	2000.0	1555.8081756803986	0.0	0	0.0	1756.6609910066618	1	0	1	1.4449202219293173
82200.0	2000.0	1556.6609910066277	0.0	0	604.0415400238271	1756.6609910066618	1	0	1	1.850385330037482
83200.0	2000.0	1556.6609910066352	0.0	0	565.2335708837927	1756.6609910066618	1	0	1	1.850385330037482
84200.0	2000.0	1556.6609910066354	0.0	0	367.7094468980504	1756.6609910066618	1	0	1	1.850385330037482
85200.0	2000.0	1556.6609910066302	0.0	0	245.55976661927707	1756.6609910066618	1	0	1	1.850385330037482
86200.0	2000.0	1556.660991006615	0.0	0	262.044783918318	1756.6609910066618	1	0	1	1.850385330037482
87200.0	2000.0	1556.6609910065972	0.0	0	340.9715027194179	1756.6609910066472	1	0	1	1.8503853300374828
88200.0	2000.0	1556.6609910066031	0.0	0	409.32534366080654	1756.6609910066327	1	0	1	1.8503853300374837
89200.0	2000.0	1556.6609910066084	0.0	0	343.7094168224721	1756.6609910066327	1	0	1	1.8503853300374837
90200.0	2000.0	1556.6609910066077	0.0	0	13.101146408356726	1756.6609910066472	1	0	1	1.8503853300374828
91200.0	2000.0	1556.6609910066159	0.0	0	428.6785515051015	1756.6609910066618	1	0	1	1.850385330037482
92200.0	2000.0	1556.6609910066113	0.0	0	353.64219005207997	1756.6609910066618	1	0	1	1.850385330037482
93200.0	3000.0	1556.6609910066127	0.0	0	447.50925004313467	1756.6609910066618	1	0	1	1.8503853300374822
95372.00146247202	6000.0	384.6595285345977	0.0	0	0.0	1756.6609910066763	1	0	1	2.255850438145646
96081.51643456431	2000.0	675.144556442294	0.0	0	0.0	1756.6609910066618	1	0	1	0.7517730413693724
96735.21529627487	2000.0	1021.4456947317284	0.0	0	0.0	1756.6609910066618	1	0	1	1.850385330037482
97254.09061184891	2000.0	1502.5703791576875	0.0	0	0.0	1756.6609910066618	1	0	1	1.850385330037482
98200.0	2000.0	1556.6609910065906	0.0	0	67.58539323868172	1756.6609910066618	1	0	1	1.850385330037482
99200.0	2000.0	1556.6609910065865	0.0	0	46.157244709087536	1756.6609910066618	1	0	1	1.850385330037482
100200.0	2000.0	1556.66099100658	0.0	0	76.19726361152425	1756.6609910066618	1	0	1	1.850385330037482
101590.75405813965	2000.0	1165.9069328669352	0.0	0	0.0	1756.6609910066472	1	0	1	1.8503853300374828
102621.4637732951	2000.0	1135.1972177115028	0.0	0	0.0	1756.6609910066472	1	0	1	1.8503853300374828
103840.95577358129	2000.0	915.7052174253176	0.0	0	0.0	1756.6609910066472	1	0	1	1.8503853300374828
104559.03902141933	2000.0	1197.6219695872674	0.0	0	0.0	1756.6609910066472	1	0	1	1.8503853300374828
105511.49856926851	2000.0	1245.1624217380709	0.0	0	0.0	1756.6609910066472	1	0	1	1.8503853300374828
106399.58667933168	2000.0	1357.0743116748997	0.0	0	0.0	1756.6609910066472	1	0	1	1.8503853300374828
107338.31352115616	2000.0	1418.3474698504056	0.0	0	0.0	1756.6609910066472	1	0	1	1.8503853300374828
108517.30571558684	2000.0	1239.3552754197196	0.0	0	0.0	1756.6609910066472	1	0	1	1.8503853300374828
109246.50490926902	2000.0	1510.1560817375657	0.0	0	0.0	1756.6609910066618	1	0	1	1.850385330037482
110200.0	2000.0	1556.66099100659	0.0	0	335.6069185108936	1756.6609910066618	1	0	1	1.850385330037482
111200.0	2000.0	1556.6609910066006	0.0	0	22.725372778382734	1756.6609910066618	1	0	1	1.850385330037482
112200.0	2000.0	1556.6609910065986	0.0	0	78.63307371696283	1756.6609910066618	1	0	1	1.850385330037482
113200.0	2000.0	1556.660991006593	0.0	0	361.74452632808243	1756.6609910066618	1	0	1	1.850385330037482
114200.0	2000.0	1556.660991006588	0.0	0	462.0461567376915	1756.6609910066618	1	0	1	1.850385330037482
115200.0	3000.0	1456.660991006583	0.0	0	268.11822133847454	1656.6609910066472	1	0	2	1.4538493000963908
116200.0	2000.0	1456.6609910065702	0.0	0	345.92774843180086	1656.6609910066327	1	0	1	1.2502397007967456
117200.0	3000.0	1456.6609910065704	0.0	0	158.5071754296805	1656.6609910066327	1	0	1	1.8557048089049106
118200.0	2000.0	1456.660991006588	0.0	0	61.00917430577101	1656.6609910066327	1	0	1	1.4502397007967458
119631.17842347763	2000.0	1025.4825675289571	0.0	0	0.0	1656.6609910066327	1	0	1	1.8557048089049104
120510.28688168923	2000.0	1146.374109317373	0.0	0	0.0	1656.6609910066327	1	0	1	1.8557048089049104
121513.33553198281	2000.0	1143.3254590238043	0.0	0	0.0	1656.6609910066472	1	0	1	1.8557048089049097
122210.28660976845	2000.0	1446.374381238163	0.0	0	0.0	1656.6609910066327	1	0	1	1.8557048089049104
123200.0	2000.0	1456.6609910066188	0.0	0	453.89252228177793	1656.6609910066327	1	0	1	1.8557048089049104
124200.0	2000.0	1456.6609910066034	0.0	0	364.12416896090144	1656.6609910066181	1	0	1	1.8557048089049113
125200.0	2000.0	1456.6609910066036	0.0	0	276.0903753626335	1656.6609910066181	1	0	1	1.8557048089049113
126200.0	3000.0	1456.6609910065922	0.0	0	247.5875147767074	1656.6609910066181	1	0	1	1.8557048089049115
127200.0	3000.0	1456.6609910065972	0.0	0	336.4331506105955	1656.6609910066181	1	0	1	2.261169917013076
128200.0	3000.0	1456.6609910065906	0.0	0	330.6102621262544	1656.6609910066181	1	0	1	2.261169917013076
129267.25925043822	3000.0	1389.4017405683771	0.0	0	0.0	1656.6609910066036	1	0	1	2.261169917013077
130587.56338995317	2000.0	1069.0976010534391	0.0	0	0.0	1656.6609910066181	1	0	1	1.4502397007967467
131314.51570546176	2000.0	1342.1452855448613	0.0	0	0.0	1656.6609910066327	1	0	1	1.8557048089049109
132200.0	2000.0	1456.6609910066202	0.0	0	14.434585270326352	1656.6609910066327	1	0	1	1.8557048089049109
133200.0	2000.0	1456.6609910066607	0.0	0	271.8132528378919	1656.6609910066472	1	0	1	1.8557048089049097
134200.0	2000.0	1456.6609910066657	0.0	0	621.6185020789562	1656.6609910066472	1	0	1	1.8557048089049097
135200.0	2000.0	1456.6609910066593	0.0	0	555.4732607940387	1656.6609910066181	1	0	1	1.8557048089049113
136743.4437676062	6000.0	913.2172234004217	0.0	0	0.0	1656.6609910066181	1	0	1	1.8557048089049113
137566.79978497702	2000.0	1089.8612060296114	0.0	0	0.0	1656.6609910066181	1	0	1	0.7570925202368017
138546.49768179576	2000.0	1110.1633092108525	0.0	0	0.0	1656.6609910066181	1	0	1	1.8557048089049113
139353.52892210628	2000.0	1303.132068900327	0.0	0	0.0	1656.6609910066181	1	0	1	1.8557048089049113
140288.2259637311	2000.0	1368.4350272755225	0.0	0	0.0	1656.6609910066181	1	0	1	1.8557048089049113
141200.0	2000.0	1456.660991006636	0.0	0	67.67964975035284	1656.6609910066181	1	0	1	1.8557048089049113
142200.0	2000.0	1456.6609910066347	0.0	0	264.8853418319195	1656.6609910066181	1	0	1	1.8557048089049113
143200.0	2000.0	1456.6609910066204	0.0	0	332.25747247817344	1656.660991006589	1	0	1	1.8557048089049126
144200.0	2000.0	1456.6609910066225	0.0	0	469.9834852234926	1656.660991006589	1	0	1	1.8557048089049126
145200.0	2000.0	1456.6609910066481	0.0	0	386.21876910570427	1656.6609910066181	1	0	1	1.8557048089049113
146200.0	2000.0	1456.660991006619	0.0	0	413.6734768632741	1656.6609910066181	1	0	1	1.8557048089049113
147200.0	3000.0	1456.6609910066325	0.0	0	427.8956245528243	1656.6609910066472	1	0	1	1.85570480890491
148200.0	3000.0	1456.6609910066486	0.0	0	172.43809663361753	1656.6609910066472	1	0	1	2.2611699170130746
149702.1997899504	6000.0	954.4612010562801	0.0	0	0.0	1656.6609910066472	1	0	1	2.261169917013074
150473.01206844577	2000.0	1183.6489225609378	0.0	0	0.0	1656.6609910066763	1	0	1	0.7570925202367987
151459.2365582293	2000.0	1197.4244327773988	0.0	0	0.0	1656.6609910066763	1	0	1	1.8557048089049082
152268.20900439142	2000.0	1388.4519866152589	0.0	0	0.0	1656.6609910066763	1	0	1	1.8557048089049082
153200.0	2000.0	1456.6609910066693	0.0	0	156.20280282132444	1656.6609910066763	1	0	1	1.8557048089049082
154280.12848785505	2000.0	1376.5325031516206	0.0	0	0.0	1656.6609910066763	1	0	1	1.8557048089049082
155233.8989304047	2000.0	1422.7620606019907	0.0	0	0.0	1656.6609910066763	1	0	1	1.8557048089049082
156200.0	2000.0	1456.6609910066945	0.0	0	214.444644632953	1656.6609910066763	1	0	1	1.8557048089049082
157200.0	2000.0	1456.660991006673	0.0	0	203.44489398345468	1656.6609910066472	1	0	1	1.8557048089049097
158200.0	2000.0	1456.6609910066932	0.0	0	400.9449464951758	1656.6609910066472	1	0	1	1.8557048089049097
159200.0	2000.0	1456.6609910067023	0.0	0	436.0504775989393	1656.6609910066472	1	0	1	1.8557048089049097
160200.0	2000.0	1456.6609910067127	0.0	0	517.913639692706	1656.6609910066763	1	0	1	1.8557048089049082
161200.0	3000.0	1456.6609910067416	0.0	0	343.7540347969625	1656.6609910066763	1	0	1	1.8557048089049084
162200.0	3000.0	1456.6609910067355	0.0	0	21.64120162811014	1656.6609910066472	1	0	1	2.2611699170130732
163200.0	2000.0	1456.6609910066957	0.0	0	379.47743106036796	1656.6609910066472	1	0	1	1.4502397007967451
164200.0	2000.0	1456.6609910066852	0.0	0	520.8830955805897	1656.6609910066472	1	0	1	1.8557048089049097
165200.0	3000.0	1456.660991006674	0.0	0	444.2338237152144	1656.6609910066181	1	0	1	1.8557048089049115
166870.7941242573	6000.0	785.8668667493529	0.0	0	0.0	1656.6609910066181	1	0	1	2.261169917013076
168157.31544993955	2000.0	499.34554106714234	0.0	0	0.0	1656.6609910066472	1	0	1	0.7570925202368014
168793.22154319097	2000.0	863.4394478157353	0.0	0	0.0	1656.6609910066763	1	0	1	1.8557048089049082
169518.62409611457	2000.0	1138.0368948921227	0.0	0	0.0	1656.6609910066763	1	0	1	1.8557048089049082
170348.00593663915	2000.0	1308.6550543675203	0.0	0	0.0	1656.6609910066763	1	0	1	1.8557048089049082
171428.34114789614	2000.0	1228.319843110531	0.0	0	0.0	1656.6609910066472	1	0	1	1.8557048089049097
172292.22410350823	2000.0	1364.436887498456	0.0	0	0.0	1656.6609910066181	1	0	1	1.85570480890491
173419.13066311527	2000.0	1237.5303278914494	0.0	0	0.0	1656.6609910066763	1	0	1	1.855704808904909
174272.4371932711	2000.0	1384.223797735598	0.0	0	0.0	1656.6609910066763	1	0	1	1.8557048089049082
175200.0	2000.0	1456.6609910067011	0.0	0	183.36423512533656	1656.6609910066763	1	0	1	1.8557048089049082
176200.0	2000.0	1456.6609910066923	0.0	0	230.27674426618614	1656.6609910066763	1	0	1	1.8557048089049082
177200.0	2000.0	1456.6609910066818	0.0	0	289.1766534372	1656.6609910066763	1	0	1	1.8557048089049082
178200.0	2000.0	1456.6609910066654	0.0	0	178.7347301551781	1656.6609910066763	1	0	1	1.8557048089049082
179200.0	2000.0	1456.6609910066613	0.0	0	183.56852839962812	1656.6609910066472	1	0	1	1.8557048089049097
180200.0	2000.0	1456.660991006658	0.0	0	302.79897590796463	1656.6609910066472	1	0	1	1.8557048089049097
181200.0	2000.0	1456.660991006695	0.0	0	330.55772709983285	1656.6609910066763	1	0	1	1.8557048089049082
182319.58979055096	2000.0	1337.0712004556992	0.0	0	0.0	1656.6609910066472	1	0	1	1.855704808904909
183393.90512925506	2000.0	1262.7558617516142	0.0	0	0.0	1656.6609910067054	1	0	1	1.8557048089049073
184200.0	2000.0	1456.6609910067014	0.0	0	146.69137253725785	1656.6609910067054	1	0	1	1.8557048089049069
185200.0	2000.0	1456.6609910067152	0.0	0	290.9423942187277	1656.6609910067054	1	0	1	1.8557048089049069
186200.0	2000.0	1456.6609910067407	0.0	0	504.45728536113165	1656.6609910067345	1	0	1	1.8557048089049053
187550.79012543487	3000.0	1105.8708655718647	0.0	0	0.0	1656.6609910067637	1	0	1	1.8557048089049044
189104.85030049004	2000.0	551.8106905166696	0.0	0	0.0	1656.6609910067637	1	0	1	1.4502397007967391
189765.30627708993	1000.0	891.3547139167698	0.0	0	0.0	1656.6609910067637	1	0	1	0.46941044778501356
190957.76600679377	2000.0	698.8949842129425	0.0	0	0.0	1656.6609910067637	1	0	1	1.1625576283449588
192118.39255008448	2000.0	538.2684409222138	0.0	0	0.0	1656.6609910067928	1	0	1	1.8557048089049024
192872.93587794664	2000.0	783.7251130600764	0.0	0	0.0	1656.6609910067928	1	0	1	1.8557048089049024
193652.38657387992	2000.0	1004.2744171268017	0.0	0	0.0	1656.6609910068219	1	0	1	1.855704808904901
194382.27840761517	2000.0	1274.3825833915564	0.0	0	0.0	1656.6609910068219	1	0	1	1.855704808904901
195200.0	2000.0	1456.6609910067366	0.0	0	281.2681922970223	1656.6609910068219	1	0	1	1.855704808904901
196200.0	2000.0	1456.66099100673	0.0	0	397.6611580668832	1656.6609910068219	1	0	1	1.855704808904901
197200.0	2000.0	1456.6609910067248	0.0	0	382.4415852962411	1656.6609910068219	1	0	1	1.855704808904901
198200.0	2000.0	1456.6609910067095	0.0	0	276.3808677350462	1656.6609910068219	1	0	1	1.855704808904901
199200.0	2000.0	1456.6609910067396	0.0	0	46.11849340828485	1656.660991006851	1	0	1	1.8557048089049006
200236.1044027442	2000.0	1420.5565882625442	0.0	0	0.0	1656.6609910068219	1	0	1	1.855704808904901
201200.0	2000.0	1456.660991006779	0.0	0	251.41643860863405	1656.6609910068219	1	0	1	1.855704808904901
202200.0	2000.0	1456.6609910067891	0.0	0	370.7345475179027	1656.6609910068219	1	0	1	1.855704808904901
203200.0	2000.0	1456.6609910067955	0.0	0	296.02568602527026	1656.6609910068219	1	0	1	1.855704808904901
204200.0	2000.0	1456.660991006841	0.0	0	488.4843646090594	1656.660991006851	1	0	1	1.8557048089048993
205200.0	2000.0	1456.6609910068285	0.0	0	301.6466269745433	1656.660991006851	1	0	1	1.8557048089048993
206200.0	2000.0	1456.660991006818	0.0	0	100.68237011335441	1656.66099100688	1	0	1	1.855704808904898
207200.0	2000.0	1456.6609910068382	0.0	0	240.04985318036051	1656.66099100688	1	0	1	1.855704808904898
208200.0	2000.0	1456.6609910068507	0.0	0	393.9447643052845	1656.66099100688	1	0	1	1.855704808904898
209200.0	2000.0	1456.6609910068626	0.0	0	355.2399155134044	1656.66099100688	1	0	1	1.855704808904898
210229.14326340132	3000.0	1427.517727605556	0.0	0	0.0	1656.660991006851	1	0	1	1.8557048089048984
211252.84992874504	2000.0	1403.8110622618065	0.0	0	0.0	1656.660991006851	1	0	1	1.4502397007967347
212200.0	2000.0	1456.6609910068723	0.0	0	76.90200688663754	1656.660991006851	1	0	1	1.8557048089048993
213200.0	2000.0	1456.6609910068612	0.0	0	125.01509933103807	1656.660991006851	1	0	1	1.8557048089048993
214200.0	2000.0	1456.6609910068435	0.0	0	96.14008964493405	1656.660991006851	1	0	1	1.8557048089048993
215289.00075882307	2000.0	1367.66023218378	0.0	0	0.0	1656.660991006851	1	0	1	1.8557048089048993
216200.0	2000.0	1456.6609910068585	0.0	0	220.47396691766335	1656.660991006851	1	0	1	1.8557048089048993
217200.0	2000.0	1456.6609910068464	0.0	0	344.0459937174455	1656.660991006851	1	0	1	1.8557048089048993
218200.0	2000.0	1456.6609910068435	0.0	0	249.93021254974883	1656.660991006851	1	0	1	1.8557048089048993
219200.0	2000.0	1456.6609910068282	0.0	0	192.51128701490234	1656.6609910068219	1	0	1	1.855704808904901
220200.0	2000.0	1456.66099100681	0.0	0	326.89437754423125	1656.6609910067928	1	0	1	1.8557048089049024
221200.0	2000.0	1456.6609910068103	0.0	0	136.17512247749255	1656.6609910067928	1	0	1	1.8557048089049024
222200.0	2000.0	1456.66099100684	0.0	0	408.3707709837181	1656.6609910068219	1	0	1	1.855704808904901
223200.0	2000.0	1456.6609910068044	0.0	0	262.4706657206116	1656.6609910068219	1	0	1	1.855704808904901
224200.0	2000.0	1456.6609910068278	0.0	0	150.05392001831206	1656.660991006851	1	0	1	1.8557048089048993
225200.0	2000.0	1456.660991006813	0.0	0	329.59797524806345	1656.660991006851	1	0	1	1.8557048089048993
226200.0	2000.0	1456.6609910068328	0.0	0	338.3771625950176	1656.660991006851	1	0	1	1.8557048089048993
227200.0	2000.0	1456.6609910068173	0.0	0	495.59065766999265	1656.66099100688	1	0	1	1.855704808904898
228200.0	3000.0	1456.6609910067862	0.0	0	192.70466970218695	1656.66099100688	1	0	1	1.8557048089048982
229338.5419885023	3000.0	1318.119002504498	0.0	0	0.0	1656.66099100688	1	0	1	2.2611699170130626
230200.0	2000.0	1456.660991006806	0.0	0	146.1116269461927	1656.66099100688	1	0	1	1.4502397007967334
231200.0	2000.0	1456.660991006805	0.0	0	322.28586620738497	1656.66099100688	1	0	1	1.855704808904898
232200.0	2000.0	1456.6609910068155	0.0	0	483.0896196680551	1656.6609910069092	1	0	1	1.8557048089048966
233405.11717954482	3000.0	1251.5438114620088	0.0	0	0.0	1656.6609910069383	1	0	1	1.855704808904896
234200.0	2000.0	1456.6609910068262	0.0	0	111.29783820660668	1656.6609910069383	1	0	1	1.4502397007967303
235200.0	2000.0	1456.6609910068355	0.0	0	143.0447459333227	1656.6609910069383	1	0	1	1.8557048089048949
236200.0	2000.0	1456.660991006844	0.0	0	488.0058294686896	1656.6609910069383	1	0	1	1.8557048089048949
237200.0	2000.0	1456.6609910068698	0.0	0	432.8605992848752	1656.6609910069383	1	0	1	1.8557048089048949
238200.0	2000.0	1456.6609910069042	0.0	0	353.62828343609	1656.6609910069674	1	0	1	1.8557048089048935
239200.0	2000.0	1456.6609910068935	0.0	0	202.2445145904785	1656.6609910069674	1	0	1	1.8557048089048935
240200.0	2000.0	1456.6609910068998	0.0	0	502.31922824314097	1656.6609910069674	1	0	1	1.8557048089048935
241200.0	2000.0	1456.6609910069164	0.0	0	513.5943772605096	1656.6609910069674	1	0	1	1.8557048089048935
242200.0	2000.0	1456.6609910069565	0.0	0	663.4493638449931	1656.6609910069965	1	0	1	1.8557048089048922
243200.0	3000.0	1456.6609910069799	0.0	0	69.44864267326193	1656.6609910069965	1	0	1	1.8557048089048924
244200.0	2000.0	1456.6609910069753	0.0	0	349.69053501304006	1656.6609910069965	1	0	1	1.4502397007967276
245200.0	2000.0	1456.6609910069644	0.0	0	186.7885673819692	1656.6609910069965	1	0	1	1.8557048089048922
246200.0	2000.0	1456.6609910069924	0.0	0	416.7034697609488	1656.6609910069965	1	0	1	1.8557048089048922
247200.0	2000.0	1456.6609910069826	0.0	0	317.04231634092866	1656.6609910069674	1	0	1	1.8557048089048935
248200.0	2000.0	1456.6609910070042	0.0	0	288.7904183397477	1656.6609910069674	1	0	1	1.8557048089048935
249200.0	2000.0	1456.6609910069892	0.0	0	337.46072569163516	1656.6609910069674	1	0	1	1.8557048089048935
250488.31635381194	2000.0	1168.3446371950665	0.0	0	0.0	1656.6609910069674	1	0	1	1.8557048089048935
251200.0	2000.0	1456.6609910069953	0.0	0	79.5193137069873	1656.6609910069383	1	0	1	1.8557048089048949
252200.0	2000.0	1456.6609910069794	0.0	0	79.9983513863117	1656.6609910069383	1	0	1	1.8557048089048949
253335.47828168876	2000.0	1321.1827093181873	0.0	0	0.0	1656.6609910069092	1	0	1	1.8557048089048966
254200.0	2000.0	1456.660991006906	0.0	0	165.1250442393066	1656.6609910069092	1	0	1	1.8557048089048966
255437.51306625828	2000.0	1219.1479247486286	0.0	0	0.0	1656.6609910069092	1	0	1	1.8557048089048966
256701.64287176824	2000.0	955.0181192386659	0.0	0	0.0	1656.66099100688	1	0	1	1.8557048089048975
257530.97168134912	2000.0	1125.689309657796	0.0	0	0.0	1656.66099100688	1	0	1	1.855704808904898
258438.5282912468	2000.0	1218.1326997601363	0.0	0	0.0	1656.66099100688	1	0	1	1.855704808904898
259200.0	2000.0	1456.6609910069621	0.0	0	134.3935531763418	1656.66099100688	1	0	1	1.855704808904898
260200.0	2000.0	1456.6609910069485	0.0	0	48.74117289597052	1656.660991006851	1	0	1	1.8557048089048993
261200.0	2000.0	1456.6609910069385	0.0	0	448.69841410801746	1656.660991006851	1	0	1	1.8557048089048993
262200.0	2000.0	1456.6609910069662	0.0	0	380.69228598845075	1656.660991006851	1	0	1	1.8557048089048993
263200.0	2000.0	1456.6609910070026	0.0	0	427.0582968182862	1656.66099100688	1	0	1	1.8557048089048984
264200.0	2000.0	1456.6609910070197	0.0	0	321.8308318135678	1656.66099100688	1	0	1	1.8557048089048975
265200.0	2000.0	1456.6609910070179	0.0	0	334.6820270504104	1656.66099100688	1	0	1	1.855704808904898
266200.0	2000.0	1456.660991007078	0.0	0	417.26368061383255	1656.66099100688	1	0	1	1.855704808904898
267629.43914204894	3000.0	1027.2218489581564	0.0	0	0.0	1656.66099100688	1	0	1	1.8557048089048982
268897.16600740975	2000.0	759.4949835972888	0.0	0	0.0	1656.66099100688	1	0	1	1.4502397007967334
269912.8937976127	2000.0	743.7671933943311	0.0	0	0.0	1656.66099100688	1	0	1	1.855704808904898
270744.4805047912	2000.0	912.1804862157428	0.0	0	0.0	1656.66099100688	1	0	1	1.855704808904898
271443.7367545688	2000.0	1212.9242364381244	0.0	0	0.0	1656.66099100688	1	0	1	1.855704808904898
272276.91189868085	2000.0	1379.7490923260711	0.0	0	0.0	1656.66099100688	1	0	1	1.855704808904898
273200.0	2000.0	1456.6609910068387	0.0	0	312.2256707380293	1656.66099100688	1	0	1	1.855704808904898
274200.0	2000.0	1456.660991006835	0.0	0	516.8453267377918	1656.66099100688	1	0	1	1.855704808904898
275200.0	2000.0	1456.6609910068923	0.0	0	500.5306783404085	1656.66099100688	1	0	1	1.855704808904898
276200.0	3000.0	1456.6609910068587	0.0	0	164.71826201531803	1656.66099100688	1	0	1	1.8557048089048982
277297.2090945396	3000.0	1359.4518964672893	0.0	0	0.0	1656.66099100688	1	0	1	2.2611699170130626
278331.9054798955	2000.0	1324.7555111114063	0.0	0	0.0	1656.66099100688	1	0	1	1.4502397007967334
279200.0	2000.0	1456.6609910068994	0.0	0	20.241310174227692	1656.66099100688	1	0	1	1.855704808904898
280371.4945965629	2000.0	1285.1663944440277	0.0	0	0.0	1656.6609910068219	1	0	1	1.8557048089048993
281256.83484580147	2000.0	1399.826145205353	0.0	0	0.0	1656.6609910068219	1	0	1	1.855704808904901
282200.0	2000.0	1456.6609910068491	0.0	0	279.1334252159577	1656.66099100688	1	0	1	1.855704808904898
283200.0	2000.0	1456.6609910068614	0.0	0	478.387566360645	1656.66099100688	1	0	1	1.855704808904898
284200.0	3000.0	1456.6609910068844	0.0	0	496.629769271065	1656.6609910068219	1	0	1	1.8557048089049013
285518.2026028643	6000.0	1138.458388142591	0.0	0	0.0	1656.6609910067637	1	0	1	2.261169917013067
286508.0109034653	2000.0	1148.6500875415315	0.0	0	0.0	1656.6609910067637	1	0	1	0.7570925202367943
287632.2620977829	2000.0	1024.398893223955	0.0	0	0.0	1656.6609910067637	1	0	1	1.8557048089049037
288312.40992602543	2000.0	1344.2510649814694	0.0	0	0.0	1656.6609910067054	1	0	1	1.855704808904905
289412.52223036264	2000.0	1244.1387606442042	0.0	0	0.0	1656.6609910066472	1	0	1	1.8557048089049086
290200.0	2000.0	1456.6609910068598	0.0	0	134.8480568085797	1656.6609910066472	1	0	1	1.8557048089049097
291200.0	2000.0	1456.6609910068728	0.0	0	14.399247819324955	1656.6609910066472	1	0	1	1.8557048089049097
292200.0	2000.0	1456.6609910068457	0.0	0	320.7906479801168	1656.6609910066472	1	0	1	1.8557048089049097
293200.0	2000.0	1456.660991006802	0.0	0	273.10914412292186	1656.6609910066472	1	0	1	1.8557048089049097
294200.0	2000.0	1456.6609910068112	0.0	0	481.76692315837136	1656.6609910066472	1	0	1	1.8557048089049097
295200.0	2000.0	1456.6609910067734	0.0	0	393.5951029920834	1656.6609910066472	1	0	1	1.8557048089049097
296200.0	3000.0	1456.6609910067732	0.0	0	146.06339998630574	1656.6609910066472	1	0	1	1.85570480890491
297200.0	3000.0	1456.6609910068044	0.0	0	404.9988024105551	1656.6609910066472	1	0	1	2.2611699170130746
298200.0	3000.0	1456.6609910067577	0.0	0	192.0260993950651	1656.6609910066472	1	0	1	2.2611699170130746
299200.0	2000.0	1456.6609910067757	0.0	0	200.49624086241238	1656.6609910066472	1	0	1	1.4502397007967451
300219.96019245044	2000.0	1436.7007985563948	0.0	0	0.0	1656.6609910066472	1	0	1	1.8557048089049097
2.33	2.43	2.57	3.26	2.75	3.53	4.19	4.22	2.86	3.46	4.39	4.69	2.97	2.53	1.76	2.8	1.88	1.67	3.02	1.97	2.28	3.1	3.05	3.56	3.27	2.59	2.7	2.44	2.41	2.11	2.94	3.86	3.98	1.69	2.05	1.03	1.36	2.28	2.28	2.36	3.22	3.1	2.75	2.57	2.36	2.55	2.54	3.45	2.58	2.85	3.42	3.05	1.89	2.61	3.59	3.78	3.1	2.51	2.72	2.53	2.31	1.33	2.44	2.81	2.81	3.39	2.81	2.54	2.77	3.01	3.2	3.45	3.61	4.38	4.0	2.12	3.0	4.05	4.45	2.57	3.13	2.91	3.42	3.29	2.9	2.48	3.26	4.12	5.11	3.41	3.26	3.13	3.63	2.75	2.56	2.59	0.93	2.71	2.34	1.88	2.15	2.34	2.04	2.14	2.21	2.8	2.1	2.98	3.17	3.41	3.34	3.86	3.5	2.21	1.09	1.81	2.53	2.9	3.36	3.29	3.85	4.59	3.8	3.6	2.82	1.9	2.22	2.87	3.79	4.48	5.51	5.76	2.88	1.51	3.2	2.28	2.69	2.77	3.06	3.01	3.6	3.76	4.01	4.38	3.44	2.7	2.56	2.42	2.55	1.71	2.33	2.43	2.57	3.26	2.75	3.53	4.19	4.22	2.86	3.46	4.39	4.69	2.97	2.53	1.76	2.8	1.88	1.67	3.02	1.97	2.28	3.1	3.05	3.56	3.27	2.59	2.7	2.44	2.41	2.11	2.94	3.86	3.98	1.69	2.05	1.03	1.36	2.28	2.28	2.36	3.22	3.1	2.75	2.57	2.36	2.55	2.54	3.45	2.58	2.85	3.42	3.05	1.89	2.61	3.59	3.78	3.1	2.51	2.72	2.53	2.31	1.33	2.44	2.81	2.81	3.39	2.81	2.54	2.77	3.01	3.2	3.45	3.61	4.38	4.0	2.12	3.0	4.05	4.45	2.57	3.13	2.91	3.42	3.29	2.9	2.48	3.26	4.12	5.11	3.41	3.26	3.13	3.63	2.75	2.56	2.59	0.93	2.71	2.34	1.88	2.15	2.34	2.04	2.14	2.21	2.8	2.1	2.98	3.17	3.41	3.34	3.86	3.5	2.21	1.09	1.81	2.53	2.9	3.36	3.29	3.85	4.59	3.8	3.6	2.82	1.9	2.22	2.87	3.79	4.48	5.51	5.76	2.88	1.51	3.2	2.28	2.69	2.77	3.06	3.01	3.6	3.76	4.01	4.38	3.44	2.7	2.56	2.42	2.55	1.71
1.0	2.0	3.0	4.0	5.0	6.0	7.0	8.0	9.0	10.0	11.0	12.0	13.0	14.0	15.0	16.0	17.0	18.0	19.0	20.0	21.0	22.0	23.0	24.0	25.0	26.0	27.0	28.0	29.0	30.0	31.0	32.0	33.0	34.0	35.0	36.0	37.0	38.0	39.0	40.0	41.0	42.0	43.0	44.0	45.0	46.0	47.0	48.0	49.0	50.0	51.0	52.0	53.0	54.0	55.0	56.0	57.0	58.0	59.0	60.0	61.0	62.0	63.0	64.0	65.0	66.0	67.0	68.0	69.0	70.0	71.0	72.0	73.0	74.0	75.0	76.0	77.0	78.0	79.0	80.0	81.0	82.0	83.0	84.0	85.0	86.0	87.0	88.0	89.0	90.0	91.0	92.0	93.0	94.0	95.0	96.0	97.0	98.0	99.0	100.0	101.0	102.0	103.0	104.0	105.0	106.0	107.0	108.0	109.0	110.0	111.0	112.0	113.0	114.0	115.0	116.0	117.0	118.0	119.0	120.0	121.0	122.0	123.0	124.0	125.0	126.0	127.0	128.0	129.0	130.0	131.0	132.0	133.0	134.0	135.0	136.0	137.0	138.0	139.0	140.0	141.0	142.0	143.0	144.0	145.0	146.0	147.0	148.0	149.0	149.0	150.0	151.0	152.0	153.0	154.0	155.0	156.0	157.0	158.0	159.0	160.0	161.0	162.0	163.0	164.0	165.0	166.0	167.0	168.0	169.0	170.0	171.0	172.0	173.0	174.0	175.0	176.0	177.0	178.0	179.0	180.0	181.0	182.0	183.0	184.0	185.0	186.0	187.0	188.0	189.0	190.0	191.0	192.0	193.0	194.0	195.0	196.0	197.0	198.0	199.0	200.0	201.0	202.0	203.0	204.0	205.0	206.0	207.0	208.0	209.0	210.0	211.0	212.0	213.0	214.0	215.0	216.0	217.0	218.0	219.0	220.0	221.0	222.0	223.0	224.0	225.0	226.0	227.0	228.0	229.0	230.0	231.0	232.0	233.0	234.0	235.0	236.0	237.0	238.0	239.0	240.0	241.0	242.0	243.0	244.0	245.0	246.0	247.0	248.0	249.0	250.0	251.0	252.0	253.0	254.0	255.0	256.0	257.0	258.0	259.0	260.0	261.0	262.0	263.0	264.0	265.0	266.0	267.0	268.0	269.0	270.0	271.0	272.0	273.0	274.0	275.0	276.0	277.0	278.0	279.0	280.0	281.0	282.0	283.0	284.0	285.0	286.0	287.0	288.0	289.0	290.0	291.0	292.0	293.0	294.0	295.0	296.0	297.0	298.0	298.0
4148.194530053729
