5881.094444846288	300.0	2000.0	115.85258031636668	0	0.0	5881.094444846288	1	0	1	-2.5441725368908368
6649.640611974218	2000.0	2154.5992161592767	0.0	0	0.0	5804.2398281334945	1	0	2	-2.214178918370542
7747.550935817936	3000.0	1946.8978599311863	0.0	0	0.0	5694.448795749122	1	0	2	-0.01961040004859349
8626.582838297752	2000.0	1979.9627672033855	0.0	0	0.0	5606.545605501137	1	0	2	-0.33068054937819136
9899.664039564836	2000.0	1579.5734458095951	0.0	0	0.0	5479.2374853744295	1	0	2	0.18927503967850773
10811.471602070644	2000.0	1576.5851270532048	0.0	0	0.0	5388.056729123848	1	0	2	0.2783660486080869
11400.18312606651	2000.0	1929.002450657751	0.0	0	0.0	5329.1855767242605	1	0	2	0.3415444660085969
12043.753796300838	2000.0	2221.0747133999903	0.0	0	0.0	5264.828509700828	1	0	2	0.39612632598581876
13414.803533576256	3000.0	1712.9200023970302	0.0	0	0.0	5127.723535973286	1	0	2	0.49702506885468783
14663.477197539096	2000.0	1339.3789720379061	0.0	0	0.0	5002.856169577002	1	0	2	0.19526657143276366
15640.519638720378	2000.0	1264.6322867384943	0.0	0	0.0	4905.151925458871	1	0	2	0.685284508846705
16334.526449068973	2000.0	1501.2247953550389	0.0	0	0.0	4835.751244424011	1	0	2	0.7425559309741141
17510.778076449405	2000.0	1207.3480052365644	0.0	0	0.0	4718.12608168597	1	0	2	0.8157232304663938
17954.452029591634	1000.0	1763.67405209433	0.0	0	0.0	4718.126081685963	1	0	1	-0.5482095238436728
18712.00337623734	2000.0	1930.3675707840532	0.0	0	0.0	4642.370947021393	1	0	2	-0.017417372713811857
19402.20179273564	2000.0	2171.14931263592	0.0	0	0.0	4573.351105371559	1	0	2	0.9218259387408911
20349.86887162192	2000.0	2128.7155258610173	0.0	0	0.0	4478.584397482933	1	0	2	0.9757161711432953
21337.690219013322	2000.0	2042.112043730472	0.0	0	0.0	4379.802262743793	1	0	2	1.0313150928322972
23029.409348622496	2000.0	1181.2210011603806	0.0	0	0.0	4210.630349782874	1	0	2	1.1103563859931538
24196.11428820331	1000.0	1014.5160615795654	0.0	0	0.0	4210.63034978287	1	0	1	-0.25188397797844464
25049.89863821388	1000.0	1160.7317115689962	0.0	0	0.0	4210.630349782867	1	0	1	0.6412632025815024
25586.544250135998	1000.0	1624.0860996468823	0.0	0	0.0	4210.630349782867	1	0	1	0.6412632025815024
26566.01358566189	2000.0	1546.6698305683985	0.0	0	0.0	4112.683416230277	1	0	2	0.27558040569977776
27341.25216147303	2000.0	1693.9073971761475	0.0	0	0.0	4035.159558649164	1	0	2	1.2066542847982653
28592.174450240193	2000.0	1317.8928795322686	0.0	0	0.0	3910.067329772446	1	0	2	1.2516394549034462
30084.5127141212	2000.0	676.3207892631597	0.0	0	0.0	3760.833503384343	1	0	2	1.3110172520189347
30537.570194486547	1000.0	1223.2633088978112	0.0	0	0.0	3760.8335033843396	1	0	1	-0.06443606756043696
31463.925131730888	2000.0	1296.908371653473	0.0	0	0.0	3760.8335033843396	1	0	1	0.8287111129995084
32144.437874244046	2000.0	1616.395629140318	0.0	0	0.0	3760.8335033843396	1	0	1	1.5218582935594536
33328.652989176764	2000.0	1432.1805142075978	0.0	0	0.0	3760.8335033843396	1	0	1	1.5218582935594536
34473.66889997537	2000.0	1172.6630123291347	0.0	0	0.0	3646.331912304475	1	0	2	1.1503937215913171
35294.91585456617	2000.0	1351.4160577383373	0.0	0	0.0	3646.331912304482	1	0	1	1.3599118591967834
36066.72224135927	2000.0	1579.609670945241	0.0	0	0.0	3646.331912304482	1	0	1	1.559911859196783
37020.237797811824	2000.0	1626.094114492683	0.0	0	0.0	3646.3319123044785	1	0	1	1.5599118591967835
37700.65506465313	2000.0	1945.6768476513778	0.0	0	0.0	3646.3319123044785	1	0	1	1.5599118591967835
38449.14448719489	2000.0	2197.187425109615	0.0	0	0.0	3646.3319123044785	1	0	1	1.5599118591967835
39589.719681566974	2000.0	1942.5547113003292	0.0	0	0.0	3532.274392867279	1	0	2	1.185684274951332
40609.09658891243	2000.0	1923.1778039548824	0.0	0	0.0	3532.274392867279	1	0	1	1.3944027381741417
41536.53751779957	2000.0	1995.73687506775	0.0	0	0.0	3532.274392867279	1	0	1	1.594402738174142
42418.83766172528	2000.0	2113.4367311420297	0.0	0	0.0	3532.274392867279	1	0	1	1.594402738174142
42926.3997693037	2000.0	2555.1184128057703	0.0	0	0.0	3481.5181821094448	1	0	2	1.2056483895975854
44163.758209105654	3000.0	2194.0241290236254	0.0	0	0.0	3357.782338129262	1	0	2	1.4308515867166396
45504.228693597724	2000.0	1853.5536445315536	0.0	0	0.0	3357.782338129262	1	0	1	1.0356641979495307
47111.36061107923	2000.0	1246.4217270500474	0.0	0	0.0	3357.782338129262	1	0	1	1.6411293060576955
47753.1159721333	1000.0	1604.6663659959745	0.0	0	0.0	3357.7823381292546	1	0	1	0.2548349449378067
48447.3504983048	1000.0	1910.4318398244804	0.0	0	0.0	3357.7823381292546	1	0	1	0.9479821254977518
49012.11656898013	1000.0	2345.665769149141	0.0	0	0.0	3357.7823381292546	1	0	1	0.9479821254977518
50112.86608169921	2000.0	2244.916256430055	0.0	0	0.0	3357.782338129262	1	0	1	0.9479821254977502
51220.94722508399	2000.0	2136.835113045272	0.0	0	0.0	3357.782338129262	1	0	1	1.6411293060576955
52276.54967008972	2000.0	2081.2326680395345	0.0	0	0.0	3357.782338129262	1	0	1	1.6411293060576955
52927.54273844386	2000.0	2430.2395996854	0.0	0	0.0	3357.7823381292546	1	0	1	1.641129306057697
53566.29588905174	2000.0	2727.6111340167226	0.0	0	0.0	3293.907023068452	1	0	2	1.2526348490089334
55464.368881177266	3000.0	1639.730842678652	0.0	0	0.0	3104.0997238559066	1	0	2	1.4875938372177222
56594.4907585862	2000.0	1509.6089652697237	0.0	0	0.0	3104.0997238559066	1	0	1	1.0921189711628358
57954.3640718501	2000.0	1149.735652005832	0.0	0	0.0	3104.099723855914	1	0	1	1.697584079270999
58729.65945811073	1000.0	1374.4402657452051	0.0	0	0.0	3104.099723855921	1	0	1	0.3112897181511074
59328.26256962397	1000.0	1775.8371542319608	0.0	0	0.0	3104.099723855921	1	0	1	1.0044368987110526
60249.99163965748	1000.0	1854.1080841984524	0.0	0	0.0	3104.099723855921	1	0	1	1.0044368987110526
60826.6918215639	1000.0	2277.4079022920223	0.0	0	0.0	3104.099723855914	1	0	1	1.004436898711054
61570.792113960284	2000.0	2533.3076098956403	0.0	0	0.0	3104.099723855921	1	0	1	1.0044368987110524
62315.474366388786	2000.0	2788.6253574671396	0.0	0	0.0	3104.099723855921	1	0	1	1.6975840792709975
63332.52246318743	3000.0	2669.8724509886333	0.0	0	0.0	3002.394914176053	1	0	2	1.3123733872874208
64237.446229654095	3000.0	2674.456307875298	0.0	0	0.0	2911.9025375293786	1	0	2	1.9337372176921959
66015.29363305835	3000.0	1718.824164130635	0.0	0	0.0	2734.11779718897	1	0	2	1.9604125708236861
66675.49551111645	2000.0	1992.6020982667126	0.0	0	0.0	2668.0976093831414	1	0	2	1.1611603786006865
67404.66755582295	2000.0	2263.430053560219	0.0	0	0.0	2668.0976093831487	1	0	1	1.569039202661171
68212.06725110652	3000.0	2375.290388748282	0.0	0	0.0	2587.3576398547884	1	0	2	1.3770240204412763
69446.69390711347	3000.0	2017.2010671406445	0.0	0	0.0	2463.8949742540863	1	0	2	1.9955829960387903
70545.74441005387	3000.0	1808.2455139061892	0.0	0	0.0	2353.9899239600345	1	0	2	2.0077141767983124
71609.11852637751	2000.0	1744.8713975825412	0.0	0	0.0	2353.98992396002	1	0	1	1.1998197491305291
72722.65545092174	2000.0	1631.3344730383205	0.0	0	0.0	2353.98992396002	1	0	1	1.805284857238694
73578.05319169755	2000.0	1775.9367322625285	0.0	0	0.0	2353.98992396002	1	0	1	1.805284857238694
74612.56338709206	2000.0	1741.4265368680083	0.0	0	0.0	2353.98992396002	1	0	1	1.805284857238694
75685.8710261385	2000.0	1668.11889782157	0.0	0	0.0	2353.98992396002	1	0	1	1.805284857238694
76460.8878006276	2000.0	1893.1021233324677	0.0	0	0.0	2353.98992396002	1	0	1	1.805284857238694
77266.38097410352	2000.0	2087.6089498565525	0.0	0	0.0	2353.98992396002	1	0	1	1.805284857238694
79112.13560325463	2000.0	1241.854320705446	0.0	0	0.0	2353.98992396002	1	0	1	1.805284857238694
80127.65021991794	1000.0	1226.3397040421555	0.0	0	0.0	2353.9899239600345	1	0	1	0.4189904961188023
81171.28766541406	1000.0	1182.7022585460156	0.0	0	0.0	2353.9899239600345	1	0	1	1.1121376766787474
82124.22419566827	1000.0	1229.7657282918128	0.0	0	0.0	2353.9899239600345	1	0	1	1.1121376766787474
82798.86943224336	1000.0	1555.1204917167222	0.0	0	0.0	2353.9899239600345	1	0	1	1.1121376766787474
83416.07408110327	1000.0	1937.9158428567982	0.0	0	0.0	2353.9899239600345	1	0	1	1.1121376766787474
84326.81580174017	2000.0	2027.1741222199116	0.0	0	0.0	2353.9899239600345	1	0	1	1.1121376766787474
85201.49191364183	2000.0	2152.4980103182506	0.0	0	0.0	2353.9899239600345	1	0	1	1.8052848572386926
86200.0	2000.0	2153.989923960075	0.0	0	482.40542157813616	2353.9899239600345	1	0	1	1.8052848572386926
88009.82838560968	3000.0	1163.178699789446	0.0	0	0.0	2173.007085399091	1	0	2	1.416186433288751
89827.88685178445	2000.0	345.1202336146581	0.0	0	0.0	2173.007085399091	1	0	1	1.2163015667069716
90707.88373366179	1000.0	594.3221748250265	129.19882308769547	0	0.0	2302.205908486794	1	0	1	-0.3511928776844394
91319.01402972346	1000.0	983.1918787633462	0.0	0	0.0	2302.205908486794	1	0	1	1.1171472414016788
92291.1949691387	2000.0	1011.0109393480886	0.0	0	0.0	2302.2059084867797	1	0	1	1.11714724140168
93380.53188095026	2000.0	921.6740275365129	0.0	0	0.0	2302.205908486765	1	0	1	1.8102944219616266
93897.57349765283	1000.0	1404.6324108339531	0.0	0	0.0	2302.205908486765	1	0	1	0.42400006084173625
94912.97501776637	2000.0	1389.2308907204183	0.0	0	0.0	2302.205908486765	1	0	1	1.1171472414016814
96056.8835684663	2000.0	1245.3223400204868	0.0	0	0.0	2302.205908486765	1	0	1	1.8102944219616266
96890.13540189467	2000.0	1412.0705065921347	0.0	0	0.0	2302.2059084867506	1	0	1	1.810294421961628
97935.64128825239	2000.0	1366.5646202344199	0.0	0	0.0	2302.2059084867506	1	0	1	1.810294421961628
99659.30916179788	2000.0	642.8967466889173	0.0	0	0.0	2302.2059084867506	1	0	1	1.810294421961628
100552.4528458259	1000.0	749.7530626608967	0.0	0	0.0	2302.2059084867506	1	0	1	0.42400006084173764
101195.9499246695	1000.0	1106.2559838172954	0.0	0	0.0	2302.2059084867506	1	0	1	1.1171472414016828
102190.50750382862	2000.0	1111.6984046581788	0.0	0	0.0	2302.2059084867506	1	0	1	1.1171472414016828
102642.2124522747	1000.0	1659.9934562121016	0.0	0	0.0	2302.2059084867506	1	0	1	0.42400006084173764
103705.29647017638	2000.0	1596.9094383104136	0.0	0	0.0	2302.205908486765	1	0	1	1.1171472414016814
104612.95303328722	1000.0	1689.2528751995926	0.0	0	0.0	2302.205908486765	1	0	1	0.42400006084173625
105231.00872708099	1000.0	2071.197181405835	0.0	0	0.0	2302.205908486765	1	0	1	1.1171472414016814
106200.0	2000.0	2102.205908486803	0.0	0	289.69411596728605	2302.205908486765	1	0	1	1.1171472414016814
107200.0	2000.0	2102.20590848682	0.0	0	307.8144782330055	2302.205908486765	1	0	1	1.8102944219616266
108200.0	2000.0	2102.2059084868165	0.0	0	423.8207184463972	2302.205908486765	1	0	1	1.8102944219616266
109200.0	3000.0	2002.20590848682	0.0	0	17.064257227015332	2202.2059084867506	1	0	2	1.4170154228236134
110461.54997781347	3000.0	1614.50093289199	0.0	0	0.0	2076.050910705395	1	0	2	2.0321695332928615
111994.17057666177	2000.0	1081.8803340436946	0.0	0	0.0	2076.0509107054095	1	0	1	1.2240258005047135
113047.11894494975	2000.0	1028.931965755699	0.0	0	0.0	2076.0509107054095	1	0	1	1.8294909086128783
113788.02206615497	1000.0	1288.0288445504846	0.0	0	0.0	2076.0509107054095	1	0	1	0.4431965474929881
115035.24490248227	2000.0	1040.8060082231914	0.0	0	0.0	2076.050910705395	1	0	1	1.1363437280529343
115923.0083464263	2000.0	1153.0425642791695	0.0	0	0.0	2076.0509107054095	1	0	1	1.8294909086128783
116791.61914147841	2000.0	1284.4317692270602	0.0	0	0.0	2076.0509107054095	1	0	1	1.8294909086128783
117759.1936686189	2000.0	1316.857242086572	0.0	0	0.0	2076.0509107054095	1	0	1	1.8294909086128783
118708.40500146501	2000.0	1367.6459092404593	0.0	0	0.0	2076.050910705395	1	0	1	1.8294909086128794
119704.65730771798	2000.0	1371.3936029874972	0.0	0	0.0	2076.050910705395	1	0	1	1.8294909086128794
120673.69064986006	2000.0	1402.3602608454319	0.0	0	0.0	2076.050910705395	1	0	1	1.8294909086128794
121760.7040620934	2000.0	1315.3468486120905	0.0	0	0.0	2076.050910705395	1	0	1	1.8294909086128794
122497.70707322894	2000.0	1578.3438374765433	0.0	0	0.0	2076.050910705395	1	0	1	1.8294909086128794
123522.80839266696	2000.0	1553.242518038511	0.0	0	0.0	2076.050910705395	1	0	1	1.8294909086128794
125075.88791212784	2000.0	1000.1629985776453	0.0	0	0.0	2076.050910705395	1	0	1	1.8294909086128794
125608.91680295234	1000.0	1467.1341077531436	0.0	0	0.0	2076.050910705395	1	0	1	0.4431965474929892
126992.75972677258	2000.0	1083.2911839328985	0.0	0	0.0	2076.050910705395	1	0	1	1.1363437280529343
127432.05696003081	1000.0	1643.9939506746725	0.0	0	0.0	2076.050910705395	1	0	1	0.4431965474929892
129113.16684366319	2000.0	962.8840670423051	0.0	0	0.0	2076.0509107054095	1	0	1	1.1363437280529332
129810.58390402465	1000.0	1265.4670066808465	0.0	0	0.0	2076.0509107054095	1	0	1	0.4431965474929881
130446.31826486244	1000.0	1629.7326458430618	0.0	0	0.0	2076.0509107054095	1	0	1	1.1363437280529334
131427.3492904754	2000.0	1648.7016202301238	0.0	0	0.0	2076.050910705424	1	0	1	1.1363437280529327
132379.4959426946	2000.0	1696.5549680109218	0.0	0	0.0	2076.050910705424	1	0	1	1.829490908612876
133252.28941155775	2000.0	1823.7614991477499	0.0	0	0.0	2076.0509107054095	1	0	1	1.8294909086128779
134200.0	2000.0	1876.05091070549	0.0	0	88.3194359180925	2076.0509107054095	1	0	1	1.8294909086128783
135653.51211252392	2000.0	1422.538798181593	0.0	0	0.0	2076.0509107054095	1	0	1	1.8294909086128783
136454.9462968593	2000.0	1621.1046138462098	0.0	0	0.0	2076.0509107054095	1	0	1	1.8294909086128783
137992.95939541474	2000.0	1083.0915152907362	0.0	0	0.0	2076.0509107054095	1	0	1	1.8294909086128783
138638.19844779858	1000.0	1437.8524629069075	0.0	0	0.0	2076.0509107053804	1	0	1	0.4431965474929903
139476.2774020775	2000.0	1599.7735086279617	0.0	0	0.0	2076.0509107053804	1	0	1	1.1363437280529354
141316.81790664038	2000.0	759.2330040651007	0.0	0	0.0	2076.0509107053804	1	0	1	1.8294909086128806
142057.41901585704	1000.0	1018.6318948484595	0.0	0	0.0	2076.0509107053804	1	0	1	0.4431965474929903
142775.953822872	1000.0	1300.097087833542	0.0	0	0.0	2076.0509107054095	1	0	1	1.1363437280529334
143716.61583436374	1000.0	1359.435076341791	0.0	0	0.0	2076.0509107054386	1	0	1	1.1363437280529312
144555.05949888728	1000.0	1520.9914118182603	0.0	0	0.0	2076.0509107054386	1	0	1	1.1363437280529312
145200.0	1000.0	1876.0509107055263	0.0	0	256.19329400503193	2076.0509107054386	1	0	1	1.1363437280529312
146200.0	2000.0	1876.0509107055336	0.0	0	317.31039897119626	2076.0509107054386	1	0	1	1.136343728052931
147200.0	2000.0	1876.0509107055213	0.0	0	353.7801790771482	2076.0509107054677	1	0	1	1.829490908612874
148410.31910182812	3000.0	1544.6998986945916	0.0	0	0.0	1955.019000522705	1	0	2	1.435962318226412
149659.7164661517	2000.0	1295.302534370973	0.0	0	0.0	1955.019000522705	1	0	1	1.2327105207650972
150273.0520451863	2000.0	1681.966955336345	0.0	0	0.0	1955.019000522705	1	0	1	1.838175628873262
151200.0	2000.0	1755.0190005226289	0.0	0	263.66112846217584	1955.0190005227341	1	0	1	1.83817562887326
152200.0	2000.0	1755.0190005225832	0.0	0	344.18855617489317	1955.0190005227341	1	0	1	1.83817562887326
153200.0	2000.0	1755.0190005226152	0.0	0	1.3662454029545188	1955.0190005227341	1	0	1	1.83817562887326
154648.52110909545	2000.0	1306.4978914271628	0.0	0	0.0	1955.019000522705	1	0	1	1.838175628873262
155230.49592738363	2000.0	1724.5230731390243	0.0	0	0.0	1955.019000522705	1	0	1	1.838175628873262
156200.0	2000.0	1755.0190005226464	0.0	0	342.730936316977	1955.019000522705	1	0	1	1.838175628873262
157200.0	2000.0	1755.019000522641	0.0	0	205.11374627638725	1955.019000522676	1	0	1	1.8381756288732642
158200.0	2000.0	1755.019000522625	0.0	0	162.7415374177508	1955.019000522705	1	0	1	1.838175628873262
159296.21382090217	2000.0	1658.8051796204554	0.0	0	0.0	1955.0190005227341	1	0	1	1.83817562887326
160225.25672110796	2000.0	1729.7622794146857	0.0	0	0.0	1955.019000522705	1	0	1	1.838175628873262
161200.0	2000.0	1755.0190005226452	0.0	0	238.4290883386857	1955.019000522705	1	0	1	1.838175628873262
162200.0	2000.0	1755.0190005226414	0.0	0	160.42349994613323	1955.019000522676	1	0	1	1.8381756288732638
163450.7794027314	2000.0	1504.2395977912347	0.0	0	0.0	1955.019000522676	1	0	1	1.8381756288732642
164300.50366554872	2000.0	1654.515334973914	0.0	0	0.0	1955.019000522705	1	0	1	1.838175628873262
165468.24721969248	2000.0	1486.7717808301693	0.0	0	0.0	1955.019000522705	1	0	1	1.838175628873262
166891.94537424398	2000.0	1063.0736262787009	0.0	0	0.0	1955.0190005227341	1	0	1	1.83817562887326
167887.84771487632	2000.0	1067.1712856463805	0.0	0	0.0	1955.0190005227341	1	0	1	1.83817562887326
168925.16673368597	2000.0	1029.852266836726	0.0	0	0.0	1955.0190005227341	1	0	1	1.83817562887326
170006.6482938084	2000.0	948.3707067143225	0.0	0	0.0	1955.0190005227632	1	0	1	1.838175628873258
171539.90983612748	2000.0	415.10916439523766	0.0	0	0.0	1955.0190005227632	1	0	1	1.838175628873258
172496.61697766164	1000.0	491.1291390577151	32.727116196631584	0	0.0	1987.7461167193833	1	0	1	0.25326923207607543
173622.26393319108	1000.0	449.7276641879599	84.24548065966525	0	0.0	2071.991597379063	1	0	1	0.631178820641487
174146.38362216242	1000.0	925.6079752166195	0.0	0	0.0	2071.991597379063	1	0	1	1.1366517045994786
174700.3860797811	1000.0	1371.6055175979495	0.0	0	0.0	2071.991597379034	1	0	1	1.1366517045994808
175436.74456642644	2000.0	1635.2470309526218	0.0	0	0.0	2071.991597379034	1	0	1	1.1366517045994806
176258.73796808327	2000.0	1813.2536292957743	0.0	0	0.0	2071.991597379034	1	0	1	1.8297988851594258
177362.03207080896	2000.0	1709.9595265701184	0.0	0	0.0	2071.991597379063	1	0	1	1.8297988851594236
179046.00990244947	2000.0	1025.9816949295916	0.0	0	0.0	2071.991597379092	1	0	1	1.8297988851594216
180058.5354008146	2000.0	1013.4561965644681	0.0	0	0.0	2071.991597379092	1	0	1	1.8297988851594216
181134.89931992153	2000.0	937.0922774575318	0.0	0	0.0	2071.991597379092	1	0	1	1.8297988851594216
181885.29001812072	2000.0	1186.701579258342	0.0	0	0.0	2071.991597379063	1	0	1	1.8297988851594236
182587.2075280642	2000.0	1484.7840693148594	0.0	0	0.0	2071.991597379063	1	0	1	1.8297988851594236
183242.7572019065	2000.0	1829.2343954725811	0.0	0	0.0	2071.991597379063	1	0	1	1.8297988851594236
184200.0	2000.0	1871.9915973790805	0.0	0	339.7425215005351	2071.991597379063	1	0	1	1.8297988851594236
185200.0	2000.0	1871.9915973790621	0.0	0	384.33033817081014	2071.991597379063	1	0	1	1.8297988851594236
186200.0	2000.0	1871.9915973790519	0.0	0	200.05304958825582	2071.991597379092	1	0	1	1.8297988851594216
187200.0	2000.0	1871.9915973790714	0.0	0	263.86727004803834	2071.991597379092	1	0	1	1.8297988851594216
188200.0	2000.0	1871.9915973790737	0.0	0	319.6306774605473	2071.9915973791212	1	0	1	1.8297988851594194
189200.0	2000.0	1871.991597379082	0.0	0	95.58449405038846	2071.9915973791212	1	0	1	1.8297988851594194
190200.0	2000.0	1871.9915973791155	0.0	0	249.46599878300913	2071.9915973791212	1	0	1	1.8297988851594194
191200.0	2000.0	1871.9915973790937	0.0	0	252.84928873222088	2071.9915973791212	1	0	1	1.8297988851594194
192200.0	2000.0	1871.9915973790899	0.0	0	151.12239810012397	2071.9915973791503	1	0	1	1.8297988851594171
193200.0	2000.0	1871.9915973790858	0.0	0	264.04863764031325	2071.9915973791503	1	0	1	1.8297988851594171
194391.28726236406	2000.0	1680.7043350150543	0.0	0	0.0	2071.9915973791503	1	0	1	1.8297988851594171
195882.0750821878	2000.0	1189.9165151913262	0.0	0	0.0	2071.9915973791503	1	0	1	1.8297988851594171
197307.32809393384	2000.0	764.6635034452759	0.0	0	0.0	2071.9915973791503	1	0	1	1.8297988851594162
198045.04740088922	1000.0	1026.9441964898733	0.0	0	0.0	2071.9915973791503	1	0	1	0.4435045240395267
198730.9242637163	1000.0	1341.067333662795	0.0	0	0.0	2071.9915973791794	1	0	1	1.136651704599471
199753.08500700857	2000.0	1318.9065903705089	0.0	0	0.0	2071.9915973791794	1	0	1	1.1366517045994697
200560.38809105285	2000.0	1511.6035063262245	0.0	0	0.0	2071.9915973791794	1	0	1	1.829798885159415
201316.87201868198	2000.0	1755.119578697092	0.0	0	0.0	2071.9915973791794	1	0	1	1.829798885159415
202200.0	2000.0	1871.9915973790655	0.0	0	201.74372934081475	2071.9915973791794	1	0	1	1.829798885159415
203406.9613453837	2000.0	1665.0302519953532	0.0	0	0.0	2071.9915973792085	1	0	1	1.8297988851594127
204235.0820652806	2000.0	1836.909532098442	0.0	0	0.0	2071.9915973792085	1	0	1	1.8297988851594127
205200.0	2000.0	1871.9915973790685	0.0	0	66.57156004587887	2071.9915973792085	1	0	1	1.8297988851594127
206470.1229956214	2000.0	1601.8686017576456	0.0	0	0.0	2071.9915973791794	1	0	1	1.829798885159415
207200.0	1000.0	1871.9915973790678	0.0	0	163.76642676146002	2071.9915973791794	1	0	1	0.4435045240395245
208475.02965266712	2000.0	1596.9619447119524	0.0	0	0.0	2071.9915973791503	1	0	1	1.136651704599472
209826.85925222607	2000.0	1245.132345152992	0.0	0	0.0	2071.9915973791212	1	0	1	1.829798885159418
210793.76432629066	2000.0	1278.227271088393	0.0	0	0.0	2071.9915973791212	1	0	1	1.8297988851594194
211519.63518343036	2000.0	1552.3564139487119	0.0	0	0.0	2071.9915973791212	1	0	1	1.8297988851594194
212200.0	2000.0	1871.991597379064	0.0	0	224.5040391710645	2071.9915973791503	1	0	1	1.8297988851594171
213200.0	2000.0	1871.9915973790944	0.0	0	296.4737632978067	2071.9915973791503	1	0	1	1.8297988851594162
214705.3727973096	2000.0	1366.6188000695133	0.0	0	0.0	2071.9915973791503	1	0	1	1.8297988851594171
215265.28210473616	2000.0	1806.7094926429618	0.0	0	0.0	2071.9915973791503	1	0	1	1.8297988851594171
216200.0	2000.0	1871.991597379133	0.0	0	377.0288048068469	2071.9915973791212	1	0	1	1.8297988851594185
217200.0	2000.0	1871.9915973791221	0.0	0	522.4702913787914	2071.9915973791212	1	0	1	1.8297988851594194
218200.0	2000.0	1871.9915973791128	0.0	0	302.0818396671966	2071.9915973791212	1	0	1	1.8297988851594194
219200.0	3000.0	1771.9915973791217	0.0	0	78.03728287524427	1971.991597379063	1	0	2	1.4346511626638534
220293.00415509133	2000.0	1569.6870267786528	0.0	0	0.0	1862.6911818699155	1	0	2	1.2367611636327691
221200.0	2000.0	1662.6911818699723	0.0	0	63.97934275618172	1862.6911818699155	1	0	1	1.64415103430475
222200.0	2000.0	1662.6911818699873	0.0	0	90.26742289285176	1862.6911818699155	1	0	1	1.8441510343047502
223200.0	2000.0	1662.6911818700144	0.0	0	39.97109398059547	1862.6911818698863	1	0	1	1.8441510343047518
224200.0	2000.0	1662.6911818699975	0.0	0	374.657610176655	1862.6911818698863	1	0	1	1.8441510343047518
225200.0	2000.0	1662.6911818700078	0.0	0	23.5501248150249	1862.6911818699155	1	0	1	1.8441510343047502
226200.0	2000.0	1662.6911818699693	0.0	0	189.20292465187958	1862.6911818698863	1	0	1	1.8441510343047516
228138.96494471485	2000.0	723.726237155112	0.0	0	0.0	1862.6911818698863	1	0	1	1.8441510343047518
229179.28331172158	1000.0	683.4078701484243	0.0	0	0.0	1862.6911818698572	1	0	1	0.4578566731848633
230252.45893373853	1000.0	610.2322481314806	0.0	0	0.0	1862.6911818698281	1	0	1	1.1510038537448102
231154.96589844167	1000.0	707.725283428346	0.0	0	0.0	1862.6911818698281	1	0	1	1.1510038537448102
231831.95621337992	1000.0	1030.7349684901237	0.0	0	0.0	1862.6911818698572	1	0	1	1.1510038537448084
232410.34652965335	1000.0	1452.3446522166878	0.0	0	0.0	1862.6911818698572	1	0	1	1.1510038537448084
233438.78604574414	2000.0	1423.905136125903	0.0	0	0.0	1862.6911818698572	1	0	1	1.1510038537448084
234200.0	2000.0	1662.6911818700623	0.0	0	172.74788479763083	1862.6911818698863	1	0	1	1.8441510343047518
235200.0	2000.0	1662.691181870056	0.0	0	402.16764821793186	1862.6911818698863	1	0	1	1.8441510343047518
236237.38900305564	2000.0	1625.3021788143778	0.0	0	0.0	1862.6911818698863	1	0	1	1.8441510343047518
237650.03544244065	2000.0	1212.6557394293613	0.0	0	0.0	1862.6911818698863	1	0	1	1.8441510343047518
239209.16512365208	2000.0	653.5260582179682	0.0	0	0.0	1862.6911818698863	1	0	1	1.8441510343047518
239956.3466677689	1000.0	906.344514101168	0.0	0	0.0	1862.6911818698572	1	0	1	0.4578566731848633
240732.25004964962	2000.0	1130.4411322204526	0.0	0	0.0	1862.6911818698572	1	0	1	1.1510038537448084
241658.84244511058	2000.0	1203.848736759467	0.0	0	0.0	1862.6911818698281	1	0	1	1.8441510343047538
242919.5366507738	2000.0	943.1545310962621	0.0	0	0.0	1862.6911818698572	1	0	1	1.8441510343047542
243543.90510752724	2000.0	1318.786074342836	0.0	0	0.0	1862.6911818698572	1	0	1	1.8441510343047534
244204.91881869116	2000.0	1657.7723631789443	0.0	0	0.0	1862.6911818698863	1	0	1	1.8441510343047518
245261.89735285705	2000.0	1600.7938290130548	0.0	0	0.0	1862.6911818699155	1	0	1	1.8441510343047502
246200.0	2000.0	1662.6911818700958	0.0	0	77.76637851106352	1862.6911818699155	1	0	1	1.8441510343047502
247307.6093091835	2000.0	1555.0818726865923	0.0	0	0.0	1862.6911818699155	1	0	1	1.8441510343047502
248872.3579557316	2000.0	990.3332261384809	0.0	0	0.0	1862.6911818699446	1	0	1	1.8441510343047482
249521.26461414242	1000.0	1341.4265677276644	0.0	0	0.0	1862.6911818699446	1	0	1	0.4578566731848579
250279.3044119571	1000.0	1583.3867699129855	0.0	0	0.0	1862.6911818699446	1	0	1	1.151003853744803
251551.8306707904	2000.0	1310.8605110796814	0.0	0	0.0	1862.6911818699155	1	0	1	1.1510038537448049
253206.2813984459	2000.0	656.4097834242019	0.0	0	0.0	1862.6911818699446	1	0	1	1.8441510343047491
253756.2663254849	1000.0	1106.4248563852107	0.0	0	0.0	1862.6911818699737	1	0	1	0.4578566731848568
254809.2458850434	2000.0	1053.445296826722	0.0	0	0.0	1862.6911818699737	1	0	1	1.1510038537448013
255705.22567633662	2000.0	1157.4655055334918	0.0	0	0.0	1862.6911818699737	1	0	1	1.8441510343047478
256405.38613503976	2000.0	1457.3050468303545	0.0	0	0.0	1862.6911818699446	1	0	1	1.8441510343047482
257200.0	2000.0	1662.6911818701185	0.0	0	134.1832645337854	1862.6911818699737	1	0	1	1.8441510343047465
258200.0	2000.0	1662.6911818701417	0.0	0	538.3489272667794	1862.6911818700028	1	0	1	1.8441510343047445
259200.0	2000.0	1662.6911818701296	0.0	0	71.47192048493889	1862.6911818699737	1	0	1	1.8441510343047465
260624.86475502257	2000.0	1237.8264268475443	0.0	0	0.0	1862.6911818699737	1	0	1	1.8441510343047465
261660.000694811	2000.0	1202.6904870590972	0.0	0	0.0	1862.6911818699737	1	0	1	1.8441510343047465
262274.5478464358	1000.0	1588.143335434281	0.0	0	0.0	1862.6911818699737	1	0	1	0.4578566731848561
263307.5587636361	2000.0	1555.1324182339622	0.0	0	0.0	1862.6911818699737	1	0	1	1.1510038537448009
264406.16314413206	2000.0	1456.5280377379988	0.0	0	0.0	1862.6911818699446	1	0	1	1.844151034304748
265200.0	2000.0	1662.6911818700223	0.0	0	93.58964934217511	1862.6911818699446	1	0	1	1.8441510343047482
266200.0	2000.0	1662.6911818700626	0.0	0	310.18613958137576	1862.6911818698863	1	0	1	1.8441510343047511
267515.73359488166	2000.0	1346.957586988419	0.0	0	0.0	1862.6911818699446	1	0	1	1.8441510343047482
268319.4235613631	2000.0	1543.2676205070381	0.0	0	0.0	1862.6911818699446	1	0	1	1.8441510343047482
269200.0	2000.0	1662.691181870035	0.0	0	177.2999714127509	1862.6911818699446	1	0	1	1.8441510343047482
270200.0	2000.0	1662.6911818700758	0.0	0	225.51724684191868	1862.6911818699446	1	0	1	1.8441510343047482
271200.0	2000.0	1662.6911818700569	0.0	0	88.32074235053733	1862.6911818698863	1	0	1	1.8441510343047518
272309.8053707412	2000.0	1552.8858111289635	0.0	0	0.0	1862.6911818698863	1	0	1	1.8441510343047518
273940.80100102647	2000.0	921.8901808436341	0.0	0	0.0	1862.6911818698281	1	0	1	1.8441510343047554
274998.6010436234	2000.0	864.0901382466983	0.0	0	0.0	1862.6911818698863	1	0	1	1.8441510343047518
275662.0500932771	1000.0	1200.641088592966	0.0	0	0.0	1862.6911818698863	1	0	1	0.4578566731848615
276969.75420438655	2000.0	892.9369774834959	0.0	0	0.0	1862.6911818698281	1	0	1	1.151003853744808
277868.266374513	1000.0	994.4248073570988	0.0	0	0.0	1862.6911818698281	1	0	1	0.4578566731848651
278660.64148116484	1000.0	1202.049700705195	0.0	0	0.0	1862.69118186977	1	0	1	1.151003853744811
279329.0834718244	1000.0	1533.607710045631	0.0	0	0.0	1862.69118186977	1	0	1	1.151003853744814
280291.6632200059	2000.0	1571.0279618640723	0.0	0	0.0	1862.6911818698281	1	0	1	1.1510038537448102
281382.3820863466	2000.0	1480.309095523368	0.0	0	0.0	1862.6911818698281	1	0	1	1.8441510343047554
282485.3837766543	2000.0	1377.3074052156996	0.0	0	0.0	1862.6911818698281	1	0	1	1.8441510343047554
283585.41214612726	2000.0	1277.2790357426932	0.0	0	0.0	1862.6911818698281	1	0	1	1.8441510343047554
284662.2521917449	2000.0	1200.4389901250763	0.0	0	0.0	1862.6911818698863	1	0	1	1.8441510343047518
285601.1325640068	2000.0	1261.5586178632052	0.0	0	0.0	1862.6911818698863	1	0	1	1.8441510343047518
286977.84341575374	2000.0	884.8477661162779	0.0	0	0.0	1862.6911818698281	1	0	1	1.8441510343047538
287734.71530942735	1000.0	1127.975872442661	0.0	0	0.0	1862.6911818698863	1	0	1	0.45785667318486367
288987.1288330077	2000.0	875.5623488623332	0.0	0	0.0	1862.6911818699446	1	0	1	1.1510038537448053
290008.60249472084	1000.0	854.0886871491521	0.0	0	0.0	1862.6911818698863	1	0	1	0.45785667318486006
290771.610501046	1000.0	1091.080680824006	0.0	0	0.0	1862.6911818698863	1	0	1	1.1510038537448066
291835.3706939371	1000.0	1027.3204879329471	0.0	0	0.0	1862.6911818698863	1	0	1	1.1510038537448066
292674.93500135577	1000.0	1187.7561805142818	0.0	0	0.0	1862.6911818698863	1	0	1	1.1510038537448066
293384.300665095	1000.0	1478.3905167750331	0.0	0	0.0	1862.6911818698281	1	0	1	1.1510038537448102
294200.0	1000.0	1662.6911818699878	0.0	0	229.75775603583315	1862.6911818698281	1	0	1	1.1510038537448102
295200.0	2000.0	1662.691181869941	0.0	0	377.352766581811	1862.6911818698281	1	0	1	1.1510038537448102
296200.0	2000.0	1662.6911818699123	0.0	0	250.18611392658204	1862.6911818698281	1	0	1	1.8441510343047554
297200.0	2000.0	1662.6911818699	0.0	0	412.0947716567316	1862.69118186977	1	0	1	1.8441510343047578
298358.61494109227	2000.0	1504.0762407775958	0.0	0	0.0	1862.69118186977	1	0	1	1.8441510343047591
299259.51165940677	2000.0	1603.1795224631246	0.0	0	0.0	1862.69118186977	1	0	1	1.8441510343047591
300353.9480150042	2000.0	1508.7431668656884	0.0	0	0.0	1862.6911818697117	1	0	1	1.8441510343047627
3.76	2.21	1.89	1.84	2.6	2.78	3.06	2.78	1.71	2.03	2.24	1.73	2.2	2.42	2.48	2.09	1.42	1.25	1.04	1.78	2.47	3.2	1.75	1.3	2.11	2.53	2.41	2.21	2.27	3.06	2.29	2.75	2.37	2.33	2.65	2.28	2.61	3.5	2.17	1.88	1.46	1.91	1.18	1.62	2.12	2.51	2.48	2.76	1.85	2.07	1.85	1.01	1.71	1.54	1.42	2.31	3.2	3.44	2.51	0.98	3.1	3.27	3.58	3.2	2.51	2.11	2.39	2.44	2.39	2.37	2.56	1.83	0.93	1.24	1.32	1.23	1.27	1.71	2.53	3.34	3.72	1.74	1.19	1.26	1.42	2.17	2.77	1.67	2.57	2.49	2.19	2.41	2.24	1.14	1.3	1.87	1.67	1.81	1.19	1.99	2.58	2.75	3.53	3.51	2.42	1.38	1.46	1.63	1.97	2.09	2.44	2.56	1.74	2.73	2.12	2.07	2.34	1.58	1.42	1.71	1.96	1.78	1.1	1.52	1.74	2.1	2.29	1.81	2.21	1.69	1.85	1.62	1.67	1.99	1.37	1.36	1.11	1.25	1.42	2.17	3.13	3.73	3.28	1.9	2.51	2.55	2.58	1.1	1.2	3.46	3.76	2.21	1.89	1.84	2.6	2.78	3.06	2.78	1.71	2.03	2.24	1.73	2.2	2.42	2.48	2.09	1.42	1.25	1.04	1.78	2.47	3.2	1.75	1.3	2.11	2.53	2.41	2.21	2.27	3.06	2.29	2.75	2.37	2.33	2.65	2.28	2.61	3.5	2.17	1.88	1.46	1.91	1.18	1.62	2.12	2.51	2.48	2.76	1.85	2.07	1.85	1.01	1.71	1.54	1.42	2.31	3.2	3.44	2.51	0.98	3.1	3.27	3.58	3.2	2.51	2.11	2.39	2.44	2.39	2.37	2.56	1.83	0.93	1.24	1.32	1.23	1.27	1.71	2.53	3.34	3.72	1.74	1.19	1.26	1.42	2.17	2.77	1.67	2.57	2.49	2.19	2.41	2.24	1.14	1.3	1.87	1.67	1.81	1.19	1.99	2.58	2.75	3.53	3.51	2.42	1.38	1.46	1.63	1.97	2.09	2.44	2.56	1.74	2.73	2.12	2.07	2.34	1.58	1.42	1.71	1.96	1.78	1.1	1.52	1.74	2.1	2.29	1.81	2.21	1.69	1.85	1.62	1.67	1.99	1.37	1.36	1.11	1.25	1.42	2.17	3.13	3.73	3.28	1.9	2.51	2.55	2.58	1.1
1.0	2.0	3.0	4.0	5.0	6.0	7.0	8.0	9.0	10.0	11.0	12.0	13.0	14.0	15.0	16.0	17.0	18.0	19.0	20.0	21.0	22.0	23.0	24.0	25.0	26.0	27.0	28.0	29.0	30.0	31.0	32.0	33.0	34.0	35.0	36.0	37.0	38.0	39.0	40.0	41.0	42.0	43.0	44.0	45.0	46.0	47.0	48.0	49.0	50.0	51.0	52.0	53.0	54.0	55.0	56.0	57.0	58.0	59.0	60.0	61.0	62.0	63.0	64.0	65.0	66.0	67.0	68.0	69.0	70.0	71.0	72.0	73.0	74.0	75.0	76.0	77.0	78.0	79.0	80.0	81.0	82.0	83.0	84.0	85.0	86.0	87.0	88.0	89.0	90.0	91.0	92.0	93.0	94.0	95.0	96.0	97.0	98.0	99.0	100.0	101.0	102.0	103.0	104.0	105.0	106.0	107.0	108.0	109.0	110.0	111.0	112.0	113.0	114.0	115.0	116.0	117.0	118.0	119.0	120.0	121.0	122.0	123.0	124.0	125.0	126.0	127.0	128.0	129.0	130.0	131.0	132.0	133.0	134.0	135.0	136.0	137.0	138.0	139.0	140.0	141.0	142.0	143.0	144.0	145.0	146.0	147.0	148.0	149.0	149.0	150.0	151.0	152.0	153.0	154.0	155.0	156.0	157.0	158.0	159.0	160.0	161.0	162.0	163.0	164.0	165.0	166.0	167.0	168.0	169.0	170.0	171.0	172.0	173.0	174.0	175.0	176.0	177.0	178.0	179.0	180.0	181.0	182.0	183.0	184.0	185.0	186.0	187.0	188.0	189.0	190.0	191.0	192.0	193.0	194.0	195.0	196.0	197.0	198.0	199.0	200.0	201.0	202.0	203.0	204.0	205.0	206.0	207.0	208.0	209.0	210.0	211.0	212.0	213.0	214.0	215.0	216.0	217.0	218.0	219.0	220.0	221.0	222.0	223.0	224.0	225.0	226.0	227.0	228.0	229.0	230.0	231.0	232.0	233.0	234.0	235.0	236.0	237.0	238.0	239.0	240.0	241.0	242.0	243.0	244.0	245.0	246.0	247.0	248.0	249.0	250.0	251.0	252.0	253.0	254.0	255.0	256.0	257.0	258.0	259.0	260.0	261.0	262.0	263.0	264.0	265.0	266.0	267.0	268.0	269.0	270.0	271.0	272.0	273.0	274.0	275.0	276.0	277.0	278.0	279.0	280.0	281.0	282.0	283.0	284.0	285.0	286.0	287.0	288.0	289.0	290.0	291.0	292.0	293.0	294.0	295.0	296.0	297.0
5622.108426773059
