4325.442485008152	300.0	2000.0	360.38638615730065	0	0.0	4325.442485008152	1	0	1	-2.7403744485015875
5798.767346595253	1000.0	1526.6751384128984	0.0	0	0.0	4325.442485008151	1	0	1	-0.621379464560992
6316.935020128639	500.0	2008.5074648795126	0.0	0	0.0	4325.442485008151	1	0	1	-0.8037010213549466
7790.836011498944	1000.0	1534.6064735092077	0.0	0	0.0	4325.4424850081505	1	0	1	-0.1105538407950009
8286.567440055673	500.0	2038.875044952478	0.0	0	0.0	4325.4424850081505	1	0	1	-0.8037010213549463
9614.496073151427	1000.0	1710.9464118567237	0.0	0	0.0	4325.442485008151	1	0	1	-0.11055384079500082
10530.281975817557	1000.0	1795.1605091905926	0.0	0	0.0	4325.442485008149	1	0	1	0.5825933397649454
11436.196409697179	1000.0	1889.2460753109697	0.0	0	0.0	4325.442485008146	1	0	1	0.5825933397649468
13320.903195977775	2000.0	816.068610402313	0.0	0	0.0	4136.971806380085	1	0	2	0.262976629594384
13993.806733236745	1000.0	1143.1650731433429	0.0	0	0.0	4136.971806380083	1	0	1	-0.216685810071705
14426.921644931119	1000.0	1710.050161448969	0.0	0	0.0	4136.971806380083	1	0	1	0.6764613704882403
15236.129879533259	2000.0	1819.9211033866125	0.0	0	0.0	4056.0509829198654	1	0	2	0.30390663683688146
16696.67238828336	2000.0	1213.3243437614988	0.0	0	0.0	3909.996732044854	1	0	2	1.2508024410247471
17712.668316887895	2000.0	1095.7288222965128	0.0	0	0.0	3808.3971391844043	1	0	2	1.2952187121150665
18169.919058245097	1000.0	1638.478080939314	0.0	0	0.0	3808.3971391844098	1	0	1	-0.08131225738985046
19158.67195539563	2000.0	1649.7251837887814	0.0	0	0.0	3808.3971391844116	1	0	1	0.8118349231700935
19945.6218568107	1000.0	1862.7752823737162	0.0	0	0.0	3808.3971391844134	1	0	1	0.11868774261014736
21160.992022422066	2000.0	1525.8681002012147	0.0	0	0.0	3686.8601226232786	1	0	2	0.44025288546095803
22635.019457095226	1000.0	1051.8406655280583	0.0	0	0.0	3686.8601226232786	1	0	1	-0.03944609549946665
23177.77764023101	500.0	1509.0824823922749	0.0	0	0.0	3686.8601226232786	1	0	1	-0.5325932760594121
24020.58614345546	1000.0	1666.2739791678168	0.0	0	0.0	3686.8601226232786	1	0	1	0.1605539045005333
25143.622754720014	1000.0	1543.2373679032664	0.0	0	0.0	3686.8601226232786	1	0	1	0.8537010850604787
25846.13240077797	1000.0	1840.7277218453082	0.0	0	0.0	3686.8601226232786	1	0	1	0.8537010850604787
26464.950668434056	1000.0	2221.9094541892227	0.0	0	0.0	3686.8601226232786	1	0	1	0.8537010850604787
27585.66007109774	1000.0	2101.2000515255377	0.0	0	0.0	3686.8601226232786	1	0	1	0.8537010850604787
28723.22220404961	1000.0	1963.6379185736673	0.0	0	0.0	3686.860122623282	1	0	1	0.8537010850604774
29776.98606621483	1000.0	1909.8740564084428	0.0	0	0.0	3686.860122623282	1	0	1	0.8537010850604774
30771.98206809697	2000.0	1815.3784543380837	0.0	0	0.0	3587.3605224350576	1	0	2	0.4774319864672924
31329.776049881988	1000.0	2257.58447255307	0.0	0	0.0	3587.3605224350613	1	0	1	-0.008139632056104518
32439.397193729783	2000.0	2147.9633287052707	0.0	0	0.0	3587.3605224350613	1	0	1	0.8850075485038408
33345.391192494484	1000.0	2241.96932994057	0.0	0	0.0	3587.3605224350613	1	0	1	0.19186036794389566
35625.884699601294	2000.0	733.4264721230912	0.0	0	0.0	3359.3111717243883	1	0	2	0.5342503584648959
36324.2497498435	1000.0	1035.0614218808892	0.0	0	0.0	3359.3111717243883	1	0	1	0.05445522464878261
36870.52997376282	1000.0	1488.7811979615662	0.0	0	0.0	3359.3111717243883	1	0	1	0.9476024052087284
37704.16372173362	2000.0	1655.1474499907697	0.0	0	0.0	3359.311171724381	1	0	1	0.9476024052087303
38452.93646112462	2000.0	1906.374710599768	0.0	0	0.0	3359.311171724381	1	0	1	1.6407495857686754
40369.92784294143	2000.0	989.3833287829527	0.0	0	0.0	3359.311171724381	1	0	1	1.6407495857686754
41342.75623702457	1000.0	1016.5549346998099	0.0	0	0.0	3359.311171724381	1	0	1	0.254455224648785
42550.80219060311	1000.0	808.5089811212684	0.0	0	0.0	3359.311171724381	1	0	1	0.9476024052087302
42926.59004291095	500.0	1432.7211288134288	0.0	0	0.0	3359.3111717243883	1	0	1	-0.4386919559111624
43978.04894682646	1000.0	1381.2622248979317	0.0	0	0.0	3359.3111717243883	1	0	1	0.254455224648783
44973.49714701928	1000.0	1385.8140247051065	0.0	0	0.0	3359.3111717243883	1	0	1	0.9476024052087284
45879.80172531213	1000.0	1479.5094464122599	0.0	0	0.0	3359.3111717243883	1	0	1	0.9476024052087284
46882.824093539886	1000.0	1476.487078184504	0.0	0	0.0	3359.3111717243883	1	0	1	0.9476024052087284
47762.03204837828	1000.0	1597.279123346121	0.0	0	0.0	3359.3111717243883	1	0	1	0.9476024052087284
48340.680991384324	1000.0	2018.6301803400756	0.0	0	0.0	3359.3111717243883	1	0	1	0.9476024052087284
49341.204670095845	2000.0	2018.1065016285495	0.0	0	0.0	3359.3111717243883	1	0	1	0.9476024052087284
50719.41280384625	2000.0	1639.8983678781474	0.0	0	0.0	3359.3111717243883	1	0	1	1.6407495857686736
51532.70062597519	2000.0	1745.281763536315	0.0	0	0.0	3277.9823895114896	1	0	2	1.2552389730650169
52295.520121908565	2000.0	1982.46226760293	0.0	0	0.0	3277.9823895114896	1	0	1	1.460264153816101
53469.300594869186	2000.0	1808.6817946423078	0.0	0	0.0	3277.9823895114896	1	0	1	1.6602641538161012
54698.86907871541	2000.0	1579.1133107960814	0.0	0	0.0	3277.9823895114896	1	0	1	1.6602641538161012
55293.32761770468	1000.0	1984.6547718068164	0.0	0	0.0	3277.9823895114896	1	0	1	0.2739697926962107
57068.844202787994	2000.0	1209.1381867234973	0.0	0	0.0	3277.982389511497	1	0	1	0.967116973256154
58707.25993913968	1000.0	570.7224503718087	0.0	0	0.0	3277.982389511497	1	0	1	0.2739697926962089
59370.3631506065	500.0	907.6192389049891	0.0	0	0.0	3277.9823895114896	1	0	1	-0.41917738786373504
60164.030489507255	1000.0	1113.9519000042324	0.0	0	0.0	3277.982389511497	1	0	1	0.2739697926962087
61609.00417026924	1000.0	668.9782192422422	0.0	0	0.0	3277.982389511497	1	0	1	0.9671169732561541
62223.67924243504	500.0	1054.303147076439	0.0	0	0.0	3277.982389511497	1	0	1	-0.4191773878637367
62980.28873850606	500.0	1297.6936510054256	0.0	0	0.0	3277.982389511497	1	0	1	0.2739697926962087
63816.058284730585	1000.0	1461.924104780904	0.0	0	0.0	3277.982389511497	1	0	1	0.2739697926962087
64810.30390726212	1000.0	1467.6784822493732	0.0	0	0.0	3277.9823895114896	1	0	1	0.9671169732561559
65716.96920506711	1000.0	1561.0131844443713	0.0	0	0.0	3277.9823895114823	1	0	1	0.9671169732561565
66966.33659274461	1000.0	1311.6457967668684	0.0	0	0.0	3277.982389511475	1	0	1	0.9671169732561575
68128.04076027419	1000.0	1149.9416292372962	0.0	0	0.0	3277.9823895114823	1	0	1	0.9671169732561592
69114.40025304926	1000.0	1163.5821364622116	0.0	0	0.0	3277.9823895114678	1	0	1	0.9671169732561609
70756.2927039666	1000.0	521.6896855448624	0.0	0	0.0	3277.9823895114678	1	0	1	0.9671169732561611
71307.5514881387	500.0	970.4309013727432	0.0	0	0.0	3277.9823895114678	1	0	1	-0.41917738786372993
72920.75308227923	1000.0	357.22930723221884	0.0	0	0.0	3277.982389511453	1	0	1	0.27396979269621896
73668.8725853316	500.0	631.7424376363823	22.63263345653911	0	0.0	3300.6150229679915	1	0	1	-0.5602654925519053
74296.32784913805	500.0	1004.2871738299293	0.0	0	0.0	3300.6150229679915	1	0	1	0.26867748874727465
75996.01487583802	1000.0	304.6001471299428	0.0	0	0.0	3300.6150229679915	1	0	1	0.2686774887472747
76389.63780354893	500.0	910.9772194190388	0.0	0	0.0	3300.6150229679915	1	0	1	-0.4244696918126707
77383.96532580946	1000.0	916.6496971585034	0.0	0	0.0	3300.6150229679915	1	0	1	0.2686774887472747
77910.4686778215	500.0	1390.1463451464656	0.0	0	0.0	3300.6150229679915	1	0	1	-0.4244696918126707
78899.9079134661	1000.0	1400.7071095018655	0.0	0	0.0	3300.6150229679915	1	0	1	0.2686774887472747
79670.11942881935	1000.0	1630.495594148612	0.0	0	0.0	3300.6150229679915	1	0	1	0.9618246693072201
80448.68325854158	1000.0	1851.9317644263906	0.0	0	0.0	3300.6150229679915	1	0	1	0.9618246693072201
81514.8035661642	1000.0	1785.811456803777	0.0	0	0.0	3300.6150229679915	1	0	1	0.9618246693072201
82547.07521835434	1000.0	1753.539804613633	0.0	0	0.0	3300.6150229679915	1	0	1	0.9618246693072201
83305.98491018404	1000.0	1994.6301127839463	0.0	0	0.0	3300.615022968006	1	0	1	0.9618246693072166
84379.61768253137	1000.0	1920.9973404365946	0.0	0	0.0	3300.615022968006	1	0	1	0.9618246693072166
86145.80661365973	1000.0	1154.808409308227	0.0	0	0.0	3300.6150229680206	1	0	1	0.9618246693072132
86661.86513440973	500.0	1638.7498885582395	0.0	0	0.0	3300.6150229680206	1	0	1	-0.4244696918126777
87262.54411792808	1000.0	2038.0709050399078	0.0	0	0.0	3300.6150229680206	1	0	1	0.2686774887472678
88089.3440964247	1000.0	2211.270926543288	0.0	0	0.0	3300.615022968035	1	0	1	0.9618246693072098
90264.05086560122	2000.0	1036.564157366779	0.0	0	0.0	3300.615022968035	1	0	1	0.9618246693072099
91083.11424494271	1000.0	1217.5007780252768	0.0	0	0.0	3300.615022968035	1	0	1	0.2686774887472646
92093.82061634415	1000.0	1206.7944066238238	0.0	0	0.0	3300.615022968035	1	0	1	0.9618246693072098
92936.1776939042	1000.0	1364.4373290637654	0.0	0	0.0	3300.615022968035	1	0	1	0.9618246693072098
93763.03392144883	1000.0	1537.5811015191432	0.0	0	0.0	3300.615022968035	1	0	1	0.9618246693072098
94379.1822242702	1000.0	1921.4327986977746	0.0	0	0.0	3300.615022968035	1	0	1	0.9618246693072098
96371.70009268733	2000.0	928.9149302806593	0.0	0	0.0	3300.615022968035	1	0	1	0.9618246693072099
96846.31923534065	500.0	1454.2957876273324	0.0	0	0.0	3300.615022968035	1	0	1	-1.1176168723726263
97731.67183016763	1000.0	1568.943192800341	0.0	0	0.0	3300.615022968035	1	0	1	0.2686774887472644
98295.79493858754	1000.0	2004.8200843804234	0.0	0	0.0	3300.615022968035	1	0	1	0.9618246693072098
99037.3935415576	1000.0	2263.2214814103545	0.0	0	0.0	3300.615022968035	1	0	1	0.9618246693072098
99795.4476061115	1000.0	2505.1674168564587	0.0	0	0.0	3300.615022968035	1	0	1	0.9618246693072098
101408.10608281854	2000.0	1892.5089401494326	0.0	0	0.0	3300.615022968035	1	0	1	0.9618246693072099
102306.49342772533	1000.0	1994.1215952426385	0.0	0	0.0	3300.615022968035	1	0	1	0.2686774887472646
103606.64056793382	2000.0	1693.9744550341613	0.0	0	0.0	3300.615022968035	1	0	1	0.9618246693072099
104413.32970558884	1000.0	1887.2853173791411	0.0	0	0.0	3300.615022968035	1	0	1	0.2686774887472646
105088.55973335929	1000.0	2212.0552896086992	0.0	0	0.0	3300.615022968035	1	0	1	0.9618246693072098
105914.55255567156	1000.0	2386.062467296422	0.0	0	0.0	3300.615022968035	1	0	1	0.9618246693072098
107962.40662696635	2000.0	1338.2083960016348	0.0	0	0.0	3300.615022968035	1	0	1	0.9618246693072099
108872.02017260966	1000.0	1428.5948503583136	0.0	0	0.0	3300.615022968035	1	0	1	0.2686774887472646
109787.13431345749	1000.0	1513.4807095104886	0.0	0	0.0	3300.615022968035	1	0	1	0.9618246693072098
111359.8260605182	1000.0	940.7889624497709	0.0	0	0.0	3300.615022968035	1	0	1	0.9618246693072098
112117.65349172021	500.0	1182.961531247765	0.0	0	0.0	3300.615022968035	1	0	1	-0.4244696918126811
113101.18020416501	1000.0	1199.4348188029603	0.0	0	0.0	3300.615022968035	1	0	1	0.2686774887472644
113684.41594795039	500.0	1616.1990750175642	0.0	0	0.0	3300.6150229680206	1	0	1	-0.4244696918126777
115388.86587715376	1000.0	911.7491458141839	0.0	0	0.0	3300.6150229680206	1	0	1	0.2686774887472678
115968.50950435745	500.0	1332.1055186104888	0.0	0	0.0	3300.6150229680206	1	0	1	-0.4244696918126777
116818.23239682216	1000.0	1482.3826261457718	0.0	0	0.0	3300.615022968006	1	0	1	0.26867748874727115
118433.33738632857	1000.0	867.2776366393546	0.0	0	0.0	3300.615022968006	1	0	1	0.9618246693072166
119707.79100144884	500.0	592.8240215190751	0.0	0	0.0	3300.6150229679915	1	0	1	-0.4244696918126707
120272.26855616312	500.0	1028.3464668047986	0.0	0	0.0	3300.615022968006	1	0	1	0.26867748874727115
120816.97711434208	500.0	1483.637908625849	0.0	0	0.0	3300.615022968006	1	0	1	0.26867748874727115
121666.66936504764	1000.0	1633.9456579203134	0.0	0	0.0	3300.615022968006	1	0	1	0.26867748874727115
122578.92408274834	1000.0	1721.6909402196052	0.0	0	0.0	3300.615022968006	1	0	1	0.9618246693072166
123532.83144287705	1000.0	1767.7835800908929	0.0	0	0.0	3300.615022968006	1	0	1	0.9618246693072166
124253.78787946579	1000.0	2046.8271435021657	0.0	0	0.0	3300.615022968006	1	0	1	0.9618246693072166
125970.20405352973	2000.0	1330.410969438229	0.0	0	0.0	3300.6150229680206	1	0	1	0.9618246693072132
126888.0896816949	1000.0	1412.525341273043	0.0	0	0.0	3300.6150229680206	1	0	1	0.26867748874726805
127679.24098815257	1000.0	1621.3740348153535	0.0	0	0.0	3300.615022968006	1	0	1	0.9618246693072166
128723.9231489305	1000.0	1576.69187403742	0.0	0	0.0	3300.615022968006	1	0	1	0.9618246693072166
129629.45810180798	1000.0	1671.156921159939	0.0	0	0.0	3300.615022968006	1	0	1	0.9618246693072166
130423.07111760469	1000.0	1877.5439053632329	0.0	0	0.0	3300.615022968006	1	0	1	0.9618246693072166
131476.14056812724	1000.0	1824.474454840666	0.0	0	0.0	3300.6150229679915	1	0	1	0.961824669307218
132514.47705662224	1000.0	1786.1379663456783	0.0	0	0.0	3300.615022968006	1	0	1	0.9618246693072208
133373.28094723355	1000.0	1927.3340757343617	0.0	0	0.0	3300.6150229679915	1	0	1	0.9618246693072194
134217.26209973593	1000.0	2083.3529232319543	0.0	0	0.0	3300.615022967948	1	0	1	0.9618246693072241
135335.83819600954	1000.0	1964.776826958336	0.0	0	0.0	3300.615022967948	1	0	1	0.9618246693072303
136156.52971919026	1000.0	2144.0853037776046	0.0	0	0.0	3300.615022967948	1	0	1	0.9618246693072303
137050.8010952276	1000.0	2249.8139277402893	0.0	0	0.0	3300.615022967948	1	0	1	0.9618246693072303
137902.39825408158	1000.0	2398.216768886347	0.0	0	0.0	3300.615022967948	1	0	1	0.9618246693072303
138848.7396306483	1000.0	2451.8753923195745	0.0	0	0.0	3300.615022967919	1	0	1	0.9618246693072373
140252.45819408743	1000.0	2048.1568288804556	0.0	0	0.0	3300.615022967919	1	0	1	0.9618246693072373
141653.82066697502	1000.0	1646.794355992823	0.0	0	0.0	3300.6150229678897	1	0	1	0.9618246693072441
142561.64484958025	1000.0	1738.970173387585	0.0	0	0.0	3300.6150229678897	1	0	1	0.9618246693072441
143685.70533809028	1000.0	1614.909684877581	0.0	0	0.0	3300.6150229678897	1	0	1	0.9618246693072441
144828.7943487221	1000.0	1471.8206742457528	0.0	0	0.0	3300.6150229678897	1	0	1	0.9618246693072441
145914.87854524647	1000.0	1385.736477721387	0.0	0	0.0	3300.6150229678897	1	0	1	0.9618246693072441
146700.27308228376	1000.0	1600.3419406840612	0.0	0	0.0	3300.6150229678897	1	0	1	0.9618246693072441
147521.2139396343	1000.0	1779.4010833335105	0.0	0	0.0	3300.6150229678897	1	0	1	0.9618246693072441
148140.72926809735	1000.0	2159.8857548704723	0.0	0	0.0	3300.6150229678897	1	0	1	0.9618246693072441
149217.41851535806	2000.0	2083.196507609726	0.0	0	0.0	3300.6150229678897	1	0	1	0.9618246693072441
150338.90999086038	1000.0	1961.705032107425	0.0	0	0.0	3300.6150229678897	1	0	1	0.2686774887472989
151343.7203093749	1000.0	1956.8947135928945	0.0	0	0.0	3300.615022967919	1	0	1	0.9618246693072373
152721.90107104447	1000.0	1578.7139519233247	0.0	0	0.0	3300.6150229678897	1	0	1	0.9618246693072441
154171.53748553366	1000.0	1129.0775374341106	0.0	0	0.0	3300.615022967919	1	0	1	0.9618246693072373
154610.9831280158	500.0	1689.6318949519648	0.0	0	0.0	3300.6150229678897	1	0	1	-0.4244696918126467
155789.6340333157	1000.0	1510.980989652037	0.0	0	0.0	3300.6150229678606	1	0	1	0.26867748874730557
157294.2061182629	1000.0	1006.4089047048606	0.0	0	0.0	3300.6150229678606	1	0	1	0.961824669307251
158012.6890849493	500.0	1287.925938018487	0.0	0	0.0	3300.6150229678897	1	0	1	-0.4244696918126467
159061.1158650039	1000.0	1239.499157963883	0.0	0	0.0	3300.615022967919	1	0	1	0.26867748874729325
160257.191008698	1000.0	1043.4240142698204	0.0	0	0.0	3300.615022967919	1	0	1	0.9618246693072373
161529.59374863483	1000.0	771.0212743330007	0.0	0	0.0	3300.615022967919	1	0	1	0.9618246693072373
161820.5280849618	500.0	1480.0869380059917	0.0	0	0.0	3300.6150229678897	1	0	1	-0.4244696918126467
162963.73651069085	2000.0	1336.87851227694	0.0	0	0.0	3300.6150229678897	1	0	1	0.26867748874729874
163451.5832750434	1000.0	1849.0317479243874	0.0	0	0.0	3300.6150229678897	1	0	1	0.2686774887472989
164723.3918106077	2000.0	1577.2232123601113	0.0	0	0.0	3300.6150229678897	1	0	1	0.9618246693072441
165600.85877325453	1000.0	1699.7562497132492	0.0	0	0.0	3300.6150229678606	1	0	1	0.2686774887473058
166259.7292129275	1000.0	2040.8858100403024	0.0	0	0.0	3300.6150229678606	1	0	1	0.961824669307251
167253.86046107893	2000.0	2046.7545618888698	0.0	0	0.0	3300.6150229678606	1	0	1	0.961824669307251
168612.0155101929	2000.0	1688.5995127748872	0.0	0	0.0	3300.6150229678606	1	0	1	1.6549718498671961
169319.1489174932	1000.0	1981.466105474595	0.0	0	0.0	3300.6150229678606	1	0	1	0.2686774887473058
171465.57945658718	2000.0	835.0355663806538	0.0	0	0.0	3300.6150229678606	1	0	1	0.961824669307251
171894.2363690676	500.0	1406.3786539002213	0.0	0	0.0	3300.6150229678315	1	0	1	-1.1176168723725786
172739.36263433867	1000.0	1561.2523886291647	0.0	0	0.0	3300.6150229678024	1	0	1	0.2686774887473153
173709.854657255	1000.0	1590.7603657128684	0.0	0	0.0	3300.6150229678315	1	0	1	0.961824669307258
174527.26481790695	1000.0	1773.350205060888	0.0	0	0.0	3300.6150229678315	1	0	1	0.961824669307258
175185.4006842935	1000.0	2115.2143386743574	0.0	0	0.0	3300.6150229678606	1	0	1	0.961824669307251
176326.48825009036	1000.0	1974.1267728775263	0.0	0	0.0	3300.6150229678897	1	0	1	0.9618246693072441
177047.7372751133	1000.0	2252.8777478545985	0.0	0	0.0	3300.6150229678897	1	0	1	0.9618246693072441
178274.22734333458	1000.0	2026.3876796333068	0.0	0	0.0	3300.615022967919	1	0	1	0.9618246693072373
178983.1203186824	1000.0	2317.4947042854824	0.0	0	0.0	3300.615022967919	1	0	1	0.9618246693072373
180262.35040665726	2000.0	2038.2646163106538	0.0	0	0.0	3300.615022967948	1	0	1	0.9618246693072304
181130.6921763863	1000.0	2169.9228465816454	0.0	0	0.0	3300.615022967977	1	0	1	0.26867748874727837
181833.957287131	1000.0	2466.657735836963	0.0	0	0.0	3300.615022967977	1	0	1	0.9618246693072235
183981.32366659335	2000.0	1319.291356374589	0.0	0	0.0	3300.615022967977	1	0	1	0.9618246693072277
184780.17726446714	1000.0	1520.4377585007599	0.0	0	0.0	3300.615022967977	1	0	1	0.26867748874727837
185361.58224931668	1000.0	1939.032773651222	0.0	0	0.0	3300.615022968006	1	0	1	0.9618246693072166
186225.21281296914	2000.0	2075.402209998784	0.0	0	0.0	3300.615022968006	1	0	1	0.9618246693072166
187278.26985116448	2000.0	2022.345171803442	0.0	0	0.0	3300.615022968006	1	0	1	1.6549718498671617
189198.86183002376	2000.0	1101.7531929441702	0.0	0	0.0	3300.615022968035	1	0	1	1.654971849867155
189945.768302458	1000.0	1354.8467205099323	0.0	0	0.0	3300.615022968035	1	0	1	0.2686774887472646
191017.8268023965	1000.0	1282.7882205714131	0.0	0	0.0	3300.615022968006	1	0	1	0.9618246693072166
191799.58392393743	1000.0	1501.0310990304968	0.0	0	0.0	3300.615022968006	1	0	1	0.9618246693072166
192460.45081094216	1000.0	1840.1642120257738	0.0	0	0.0	3300.615022968035	1	0	1	0.9618246693072098
193109.7160787372	1000.0	2190.8989442307475	0.0	0	0.0	3300.615022968035	1	0	1	0.9618246693072098
193792.42784706	1000.0	2508.1871759079136	0.0	0	0.0	3300.615022968035	1	0	1	0.9618246693072098
194786.2941114759	1000.0	2514.3209114920105	0.0	0	0.0	3300.615022968035	1	0	1	0.9618246693072098
195787.86584263598	1000.0	2512.749180331963	0.0	0	0.0	3300.6150229680643	1	0	1	0.9618246693072029
196839.26095708198	2000.0	2356.214554441356	0.0	0	0.0	3195.4755115234875	1	0	2	0.5804783729555583
197748.59679872092	2000.0	2446.8787128024223	0.0	0	0.0	3195.4755115234584	1	0	1	1.4786897967038253
199312.4615066338	2000.0	1883.0140048895598	0.0	0	0.0	3195.4755115234875	1	0	1	1.6786897967038206
199963.2862797665	1000.0	2232.189231756809	0.0	0	0.0	3195.4755115234875	1	0	1	0.2923954355839289
201003.55029009486	2000.0	2191.9252214284725	0.0	0	0.0	3195.4755115235166	1	0	1	0.9855426161438692
202009.90741488282	2000.0	2185.568096640508	0.0	0	0.0	3195.4755115235166	1	0	1	1.678689796703813
203156.19628879527	2000.0	2039.2792227281016	0.0	0	0.0	3195.4755115235166	1	0	1	1.678689796703813
204068.43801329244	2000.0	2127.037498230958	0.0	0	0.0	3195.4755115235457	1	0	1	1.6786897967038068
204766.53571171654	1000.0	2428.939799806849	0.0	0	0.0	3195.4755115235166	1	0	1	0.2923954355839228
205890.75604834998	2000.0	2304.719463173424	0.0	0	0.0	3195.4755115235457	1	0	1	0.9855426161438653
207513.90381684568	1000.0	1681.57169467775	0.0	0	0.0	3195.4755115235457	1	0	1	0.2923954355839164
208504.2072172484	1000.0	1691.2682942750366	0.0	0	0.0	3195.4755115235457	1	0	1	0.9855426161438616
209363.17209690338	1000.0	1832.3034146200503	0.0	0	0.0	3195.4755115235457	1	0	1	0.9855426161438616
210909.50740560595	1000.0	1285.9681059174525	0.0	0	0.0	3195.4755115235457	1	0	1	0.9855426161438654
211652.18173735865	500.0	1543.2937741647527	0.0	0	0.0	3195.4755115235457	1	0	1	-0.4007517449760293
212716.63870137857	1000.0	1478.8368101448602	0.0	0	0.0	3195.4755115235457	1	0	1	0.2923954355839162
213807.2918136845	1000.0	1388.1836978389229	0.0	0	0.0	3195.4755115235457	1	0	1	0.9855426161438616
214865.27370469278	1000.0	1330.201806830649	0.0	0	0.0	3195.4755115235166	1	0	1	0.9855426161438641
216130.12898035103	1000.0	1065.346531172383	0.0	0	0.0	3195.4755115235166	1	0	1	0.985542616143868
216737.8548907554	500.0	1457.6206207679659	0.0	0	0.0	3195.4755115235457	1	0	1	-0.4007517449760254
217831.510882288	1000.0	1363.964629235347	0.0	0	0.0	3195.475511523575	1	0	1	0.2923954355839137
219025.83047235475	1000.0	1169.645039168599	0.0	0	0.0	3195.475511523575	1	0	1	0.9855426161438553
219857.46978494074	500.0	1338.005726582581	0.0	0	0.0	3195.475511523575	1	0	1	-0.4007517449760356
220941.57894980104	1000.0	1253.8965617222614	0.0	0	0.0	3195.475511523604	1	0	1	0.29239543558390735
221747.20745485622	500.0	1448.2680566670774	0.0	0	0.0	3195.475511523633	1	0	1	-0.40075174497604793
223186.8846875974	1000.0	1008.5908239258936	0.0	0	0.0	3195.475511523633	1	0	1	0.29239543558389747
223782.19664297203	500.0	1413.2788685512605	0.0	0	0.0	3195.475511523662	1	0	1	-0.4007517449760504
225124.01433479236	1000.0	1071.4611767308982	0.0	0	0.0	3195.475511523633	1	0	1	0.29239543558389747
226292.4793830914	1000.0	902.9961284318364	0.0	0	0.0	3195.475511523604	1	0	1	0.9855426161438491
226770.98718638357	500.0	1424.4883251396484	0.0	0	0.0	3195.475511523604	1	0	1	-0.4007517449760417
227877.8953599672	1000.0	1317.5801515560245	0.0	0	0.0	3195.475511523604	1	0	1	0.2923954355839037
228654.54490790053	1000.0	1540.9306036226749	0.0	0	0.0	3195.475511523604	1	0	1	0.9855426161438491
229520.543755801	1000.0	1674.9317557222057	0.0	0	0.0	3195.475511523575	1	0	1	0.9855426161438553
230563.2575872629	1000.0	1632.2179242603083	0.0	0	0.0	3195.475511523575	1	0	1	0.9855426161438553
231427.6743865778	1000.0	1767.8011249454187	0.0	0	0.0	3195.475511523575	1	0	1	0.9855426161438553
232435.50624135628	1000.0	1759.969270166901	0.0	0	0.0	3195.475511523575	1	0	1	0.9855426161438553
233600.04802734806	1000.0	1595.4274841751196	0.0	0	0.0	3195.475511523604	1	0	1	0.9855426161438491
235545.1496287555	1000.0	650.3258827676716	0.0	0	0.0	3195.475511523575	1	0	1	0.9855426161438553
235845.21023354505	500.0	1350.2652779781045	0.0	0	0.0	3195.475511523604	1	0	1	-0.4007517449760417
236471.1163116116	1000.0	1724.3591999115451	0.0	0	0.0	3195.475511523575	1	0	1	0.2923954355839099
237082.347950564	1000.0	2113.1275609591657	0.0	0	0.0	3195.475511523604	1	0	1	0.9855426161438491
238781.93372343734	2000.0	1413.5417880858308	0.0	0	0.0	3195.475511523575	1	0	1	0.9855426161438554
240057.59679519577	1000.0	1137.8787163274105	0.0	0	0.0	3195.475511523575	1	0	1	0.2923954355839101
240762.03556095288	1000.0	1433.4399505702988	0.0	0	0.0	3195.4755115235457	1	0	1	0.9855426161438616
241383.97391000667	1000.0	1811.5016015165238	0.0	0	0.0	3195.4755115235457	1	0	1	0.9855426161438616
241934.7070852049	1000.0	2260.7684263183105	0.0	0	0.0	3195.475511523575	1	0	1	0.9855426161438553
243373.14296974125	2000.0	1822.3325417819428	0.0	0	0.0	3195.475511523575	1	0	1	0.9855426161438554
244681.31184170928	1000.0	1514.1636698139073	0.0	0	0.0	3195.475511523575	1	0	1	0.29239543558390513
245756.8841360298	1000.0	1438.5913754933651	0.0	0	0.0	3195.475511523575	1	0	1	0.9855426161438553
246761.91145475727	1000.0	1433.564056765914	0.0	0	0.0	3195.475511523575	1	0	1	0.9855426161438553
247305.03020389867	1000.0	1890.4453076245186	0.0	0	0.0	3195.475511523604	1	0	1	0.9855426161438491
248158.40585844818	1000.0	2037.0696530749876	0.0	0	0.0	3195.475511523633	1	0	1	0.9855426161438429
248896.1294862347	1000.0	2299.3460252884506	0.0	0	0.0	3195.475511523633	1	0	1	0.9855426161438429
250444.4114499452	2000.0	1751.064061577992	0.0	0	0.0	3195.475511523633	1	0	1	0.9855426161438426
250959.6192615415	1000.0	2235.8562499817176	0.0	0	0.0	3195.475511523633	1	0	1	0.2923954355838977
252688.26823762097	2000.0	1507.2072739022567	0.0	0	0.0	3195.475511523633	1	0	1	0.9855426161438426
253386.25882742036	1000.0	1809.2166841029064	0.0	0	0.0	3195.475511523633	1	0	1	0.2923954355838977
254278.98432836775	1000.0	1916.4911831555164	0.0	0	0.0	3195.475511523604	1	0	1	0.9855426161438491
254985.6460173861	1000.0	2209.8294941371496	0.0	0	0.0	3195.475511523604	1	0	1	0.9855426161438491
256126.9959558887	2000.0	2068.4795556345543	0.0	0	0.0	3195.475511523604	1	0	1	0.985542616143849
257209.37488155125	1000.0	1986.1006299719927	0.0	0	0.0	3195.475511523604	1	0	1	0.2923954355839039
258296.0946392074	1000.0	1899.3808723158304	0.0	0	0.0	3195.475511523604	1	0	1	0.9855426161438491
259381.2437945903	1000.0	1814.2317169329508	0.0	0	0.0	3195.475511523604	1	0	1	0.9855426161438491
260531.49784273762	1000.0	1663.9776687856124	0.0	0	0.0	3195.475511523633	1	0	1	0.9855426161438429
262195.8371288239	1000.0	999.6383826993249	0.0	0	0.0	3195.475511523633	1	0	1	0.9855426161438429
262795.3692872292	500.0	1400.1062242940602	0.0	0	0.0	3195.475511523633	1	0	1	-0.400751744976048
264221.0831820523	1000.0	974.3923294709202	0.0	0	0.0	3195.475511523575	1	0	1	0.29239543558390624
264689.61052088556	500.0	1505.8649906376188	0.0	0	0.0	3195.4755115235166	1	0	1	-0.4007517449760267
265824.78681371873	1000.0	1370.6886978044465	0.0	0	0.0	3195.4755115234875	1	0	1	0.29239543558392744
266886.114494946	1000.0	1309.3610165771297	0.0	0	0.0	3195.4755115234875	1	0	1	0.9855426161438741
267840.1807786029	500.0	1355.2947329202925	0.0	0	0.0	3195.4755115234875	1	0	1	-0.40075174497601673
268781.32799697353	500.0	1414.147514549616	0.0	0	0.0	3195.4755115234293	1	0	1	0.2923954355839412
269763.84722456563	1000.0	1431.6282869575798	0.0	0	0.0	3195.4755115234293	1	0	1	0.2923954355839412
270395.48182849004	1000.0	1799.993683033168	0.0	0	0.0	3195.4755115234293	1	0	1	0.9855426161438867
271327.21648439474	1000.0	1868.2590271284728	0.0	0	0.0	3195.4755115234293	1	0	1	0.9855426161438867
271989.76050992485	1000.0	2205.715001598396	0.0	0	0.0	3195.4755115234875	1	0	1	0.9855426161438741
272816.0290713978	1000.0	2379.446440125434	0.0	0	0.0	3195.4755115234875	1	0	1	0.9855426161438741
273887.7385343801	2000.0	2307.736977143134	0.0	0	0.0	3195.4755115234875	1	0	1	0.9855426161438741
274810.4822543892	1000.0	2384.9932571340046	0.0	0	0.0	3195.4755115235457	1	0	1	0.2923954355839164
276043.94999755366	1000.0	2151.5255139695882	0.0	0	0.0	3195.475511523604	1	0	1	0.9855426161438541
277046.0282046348	1000.0	2149.4473068884718	0.0	0	0.0	3195.4755115235457	1	0	1	0.9855426161438616
278100.54642193875	1000.0	2094.929089584506	0.0	0	0.0	3195.4755115235457	1	0	1	0.9855426161438616
278757.50462607655	1000.0	2437.97088544672	0.0	0	0.0	3195.4755115235457	1	0	1	0.9855426161438616
280136.6681465313	2000.0	2058.807364991988	0.0	0	0.0	3195.4755115235457	1	0	1	0.9855426161438615
280977.63777553913	1000.0	2217.8377359841297	0.0	0	0.0	3195.4755115235457	1	0	1	0.2923954355839164
281703.09641657287	1000.0	2492.3790949503823	0.0	0	0.0	3195.4755115235457	1	0	1	0.9855426161438616
282451.1233856618	1000.0	2744.3521258614055	0.0	0	0.0	3195.4755115235457	1	0	1	0.9855426161438616
284476.1348265676	2000.0	1719.3406849556395	0.0	0	0.0	3195.4755115234875	1	0	1	0.9855426161438741
285103.53174242965	1000.0	2091.9437690935974	0.0	0	0.0	3195.4755115234875	1	0	1	0.2923954355839289
285820.0121339939	1000.0	2375.4633775293028	0.0	0	0.0	3195.4755115234293	1	0	1	0.9855426161438867
287133.2037172388	2000.0	2062.2717942844174	0.0	0	0.0	3195.475511523371	1	0	1	0.9855426161438989
287992.4282701192	1000.0	2203.0472414041133	0.0	0	0.0	3195.475511523371	1	0	1	0.292395435583954
289544.83953929786	1000.0	1650.6359722254201	0.0	0	0.0	3195.475511523371	1	0	1	0.9855426161438992
290634.4513260837	1000.0	1561.0241854396077	0.0	0	0.0	3195.4755115234293	1	0	1	0.9855426161438867
291359.569278116	1000.0	1835.9062334072814	0.0	0	0.0	3195.475511523371	1	0	1	0.9855426161438992
291950.6852181392	1000.0	2244.790293384083	0.0	0	0.0	3195.475511523371	1	0	1	0.9855426161438992
292933.9332789409	1000.0	2261.5422325823483	0.0	0	0.0	3195.475511523371	1	0	1	0.9855426161438992
294021.2761747831	1000.0	2174.199336740139	0.0	0	0.0	3195.475511523313	1	0	1	0.9855426161439117
295523.9118089755	1000.0	1671.5637025477856	0.0	0	0.0	3195.475511523313	1	0	1	0.9855426161439117
296385.3403770018	1000.0	1810.1351345214998	0.0	0	0.0	3195.475511523313	1	0	1	0.9855426161439117
297106.15799410193	1000.0	2089.317517421415	0.0	0	0.0	3195.475511523371	1	0	1	0.9855426161438992
297683.76185218146	1000.0	2511.713659341815	0.0	0	0.0	3195.475511523313	1	0	1	0.9855426161439017
298791.4588860497	2000.0	2404.016625473543	0.0	0	0.0	3195.4755115232547	1	0	1	0.9855426161439143
299752.6288123377	1000.0	2442.846699185548	0.0	0	0.0	3195.4755115232547	1	0	1	0.2923954355839791
300610.90643034986	1000.0	2584.5690811734075	0.0	0	0.0	3195.4755115232547	1	0	1	0.9855426161439242
0.73	0.93	0.96	0.87	0.79	0.9	1.05	1.19	0.73	1.92	1.93	1.85	1.51	2.12	1.98	1.45	1.52	0.93	0.92	1.15	1.1	1.2	1.39	1.07	1.16	0.86	1.54	1.68	1.38	1.39	1.03	1.32	1.84	2.22	2.04	1.1	1.12	1.32	0.92	1.25	1.42	1.08	1.02	1.51	2.03	1.65	1.44	1.93	2.0	1.78	2.0	1.32	1.68	0.87	0.65	1.04	0.92	0.8	0.76	1.07	1.14	1.03	1.0	0.95	0.98	1.07	0.57	0.96	0.76	0.92	0.88	0.64	1.09	0.96	1.18	1.31	1.24	1.05	1.18	1.07	0.88	0.49	0.86	1.62	1.55	1.07	0.98	1.05	1.6	1.74	1.55	0.96	0.78	0.97	1.62	1.14	1.63	1.29	1.67	1.33	1.46	1.41	1.38	1.26	1.15	1.16	0.64	0.86	0.81	0.73	0.63	0.95	1.29	0.9	0.37	0.52	0.82	1.29	1.24	1.11	1.81	1.08	1.02	0.95	1.12	1.22	1.58	0.98	1.32	1.27	1.03	0.96	1.44	1.33	1.36	0.7	0.8	0.97	1.41	1.11	0.79	0.73	0.96	1.36	1.52	1.4	1.08	1.07	0.92	0.83	0.73	0.93	0.96	0.87	0.79	0.9	1.05	1.19	0.73	1.92	1.93	1.85	1.51	2.12	1.98	1.45	1.52	0.93	0.92	1.15	1.1	1.2	1.39	1.07	1.16	0.86	1.54	1.68	1.38	1.39	1.03	1.32	1.84	2.22	2.04	1.1	1.12	1.32	0.92	1.25	1.42	1.08	1.02	1.51	2.03	1.65	1.44	1.93	2.0	1.78	2.0	1.32	1.68	0.87	0.65	1.04	0.92	0.8	0.76	1.07	1.14	1.03	1.0	0.95	0.98	1.07	0.57	0.96	0.76	0.92	0.88	0.64	1.09	0.96	1.18	1.31	1.24	1.05	1.18	1.07	0.88	0.49	0.86	1.62	1.55	1.07	0.98	1.05	1.6	1.74	1.55	0.96	0.78	0.97	1.62	1.14	1.63	1.29	1.67	1.33	1.46	1.41	1.38	1.26	1.15	1.16	0.64	0.86	0.81	0.73	0.63	0.95	1.29	0.9	0.37	0.52	0.82	1.29	1.24	1.11	1.81	1.08	1.02	0.95	1.12	1.22	1.58	0.98	1.32	1.27	1.03	0.96	1.44	1.33	1.36	0.7	0.8	0.97	1.41	1.11	0.79	0.73	0.96	1.36	1.52	1.4	1.08	1.07	0.92	0.83	0.73	0.93
1.0	2.0	3.0	4.0	5.0	6.0	7.0	8.0	9.0	10.0	11.0	12.0	13.0	14.0	15.0	16.0	17.0	18.0	19.0	20.0	21.0	22.0	23.0	24.0	25.0	26.0	27.0	28.0	29.0	30.0	31.0	32.0	33.0	34.0	35.0	36.0	37.0	38.0	39.0	40.0	41.0	42.0	43.0	44.0	45.0	46.0	47.0	48.0	49.0	50.0	51.0	52.0	53.0	54.0	55.0	56.0	57.0	58.0	59.0	60.0	61.0	62.0	63.0	64.0	65.0	66.0	67.0	68.0	69.0	70.0	71.0	72.0	73.0	74.0	75.0	76.0	77.0	78.0	79.0	80.0	81.0	82.0	83.0	84.0	85.0	86.0	87.0	88.0	89.0	90.0	91.0	92.0	93.0	94.0	95.0	96.0	97.0	98.0	99.0	100.0	101.0	102.0	103.0	104.0	105.0	106.0	107.0	108.0	109.0	110.0	111.0	112.0	113.0	114.0	115.0	116.0	117.0	118.0	119.0	120.0	121.0	122.0	123.0	124.0	125.0	126.0	127.0	128.0	129.0	130.0	131.0	132.0	133.0	134.0	135.0	136.0	137.0	138.0	139.0	140.0	141.0	142.0	143.0	144.0	145.0	146.0	147.0	148.0	149.0	149.0	150.0	151.0	152.0	153.0	154.0	155.0	156.0	157.0	158.0	159.0	160.0	161.0	162.0	163.0	164.0	165.0	166.0	167.0	168.0	169.0	170.0	171.0	172.0	173.0	174.0	175.0	176.0	177.0	178.0	179.0	180.0	181.0	182.0	183.0	184.0	185.0	186.0	187.0	188.0	189.0	190.0	191.0	192.0	193.0	194.0	195.0	196.0	197.0	198.0	199.0	200.0	201.0	202.0	203.0	204.0	205.0	206.0	207.0	208.0	209.0	210.0	211.0	212.0	213.0	214.0	215.0	216.0	217.0	218.0	219.0	220.0	221.0	222.0	223.0	224.0	225.0	226.0	227.0	228.0	229.0	230.0	231.0	232.0	233.0	234.0	235.0	236.0	237.0	238.0	239.0	240.0	241.0	242.0	243.0	244.0	245.0	246.0	247.0	248.0	249.0	250.0	251.0	252.0	253.0	254.0	255.0	256.0	257.0	258.0	259.0	260.0	261.0	262.0	263.0	264.0	265.0	266.0	267.0	268.0	269.0	270.0	271.0	272.0	273.0	274.0	275.0	276.0	277.0	278.0	279.0	280.0	281.0	282.0	283.0	284.0	285.0	286.0	287.0	288.0	289.0	290.0	291.0	292.0	293.0	294.0	295.0	296.0	297.0	298.0	298.0	299.0	300.0
3619.077094763953
