5982.619346742353	300.0	2000.0	265.01994635253345	0	0.0	5982.619346742353	1	0	1	-3.5040408199186968
7433.282465156169	2000.0	1404.270569744802	0.0	0	0.0	5837.5530349009705	1	0	2	-2.274041754630642
7869.023405522088	500.0	1968.5296293788822	0.0	0	0.0	5837.5530349009705	1	0	1	-2.903487574068333
8785.707108557759	1000.0	2051.8459263432123	0.0	0	0.0	5837.553034900971	1	0	1	-1.3171932129484427
9888.477665427796	2000.0	1838.7983137861715	0.0	0	0.0	5727.275979213968	1	0	2	-0.9390910014501644
10654.772277645121	2000.0	1995.8742403471151	0.0	0	0.0	5650.646517992236	1	0	2	0.031870045895444676
11832.656067795999	2000.0	1700.2020711811504	0.0	0	0.0	5532.85813897715	1	0	2	0.1356428357164618
12485.091030691934	1000.0	2047.767108285215	0.0	0	0.0	5532.85813897715	1	0	1	-1.2204556815227647
14001.488440623063	2000.0	1379.729957360974	0.0	0	0.0	5381.218397984034	1	0	2	-0.6247432110100416
15095.672252020968	1000.0	1285.5461459630694	0.0	0	0.0	5381.218397984034	1	0	1	-1.0795183144799412
15675.59906892001	500.0	1705.6193290640263	0.0	0	0.0	5381.218397984032	1	0	1	-1.5726654950398855
16697.228526605846	1000.0	1683.989871378188	0.0	0	0.0	5381.21839798403	1	0	1	-0.8795183144799397
17298.041789426272	1000.0	2023.095282275714	0.0	0	0.0	5321.137071701982	1	0	2	-0.5454691464892977
18339.273692276267	2000.0	1877.7401891407233	0.0	0	0.0	5217.013881416988	1	0	2	-0.2636776605413835
19773.592659280668	2000.0	1299.9893254358792	0.0	0	0.0	5073.581984716546	1	0	2	0.5446798929125631
20483.943952224316	2000.0	1518.60290319787	0.0	0	0.0	5002.546855422186	1	0	2	0.6136790337848317
21310.995073497455	2000.0	1608.8466697974202	0.0	0	0.0	4919.841743294874	1	0	2	0.677961161151384
23280.102243792127	2000.0	442.8287824732828	0.0	0	0.0	4722.931026265407	1	0	2	0.805905728741366
23543.014706842827	500.0	1179.916319422582	0.0	0	0.0	4722.931026265407	1	0	1	-1.93777649321325
23938.415567976535	1000.0	1784.5154582888727	0.0	0	0.0	4722.931026265407	1	0	1	-0.3514821320933592
24959.965448095925	2000.0	1660.8105901575432	0.0	0	0.0	4620.7760382534725	1	0	2	-0.007444323443401096
25991.993444311807	2000.0	1525.5797943200691	0.0	0	0.0	4517.573238631881	1	0	2	0.9461526076757338
27140.738002214996	1000.0	1376.8352364168845	0.0	0	0.0	4517.573238631881	1	0	1	-0.41952848805983467
28463.197453346143	1000.0	1054.3757852857361	0.0	0	0.0	4517.573238631881	1	0	1	0.4736186925001107
28903.839762762273	500.0	1613.7334758696047	0.0	0	0.0	4517.573238631881	1	0	1	-0.9126756686197801
30373.425776388453	2000.0	997.1888608808083	0.0	0	0.0	4370.614637269264	1	0	2	-0.5554258937599625
31048.1993444458	1000.0	1322.415292823463	0.0	0	0.0	4370.614637269267	1	0	1	-0.334942194668452
31678.884444509305	1000.0	1691.730192759958	0.0	0	0.0	4370.614637269271	1	0	1	0.5582049858914917
32980.8077049475	2000.0	1259.6146062779444	0.0	0	0.0	4240.422311225451	1	0	2	0.20741250656770532
33842.31844390743	1000.0	1398.1038673180153	0.0	0	0.0	4240.422311225451	1	0	1	-0.26665684036370485
35055.44166000762	2000.0	1063.6683296078086	0.0	0	0.0	4119.109989615434	1	0	2	0.2731659159934616
36103.585427875914	2000.0	910.7101849526912	0.0	0	0.0	4014.2956128286096	1	0	2	1.2119335099476172
36584.93195609307	1000.0	1429.3636567355443	0.0	0	0.0	4014.2956128286205	1	0	1	-0.16213212080619877
38104.81082464667	2000.0	909.4847881819322	0.0	0	0.0	4014.295612828624	1	0	1	0.7310150597537446
39299.7084530278	1000.0	714.5871598008082	0.0	0	0.0	4014.295612828624	1	0	1	0.037867879193799414
39932.04954408911	500.0	1082.2460687395032	0.0	0	0.0	4014.295612828624	1	0	1	-0.6552793013661462
40928.74075551494	1000.0	1085.5548573136712	0.0	0	0.0	4014.295612828624	1	0	1	0.03786787919379919
41667.89715635536	1000.0	1346.3984564732507	0.0	0	0.0	4014.295612828624	1	0	1	0.7310150597537446
42260.48028859422	1000.0	1753.815324234395	0.0	0	0.0	4014.295612828624	1	0	1	0.7310150597537446
43268.79627940819	2000.0	1644.6677343390243	0.0	0	0.0	3913.4640137472306	1	0	2	0.3616229490858566
45242.80706035591	2000.0	473.25587529653046	0.0	0	0.0	3716.062935652444	1	0	2	1.3136713931832995
45877.57023113483	500.0	838.492704517611	0.0	0	0.0	3716.062935652437	1	0	1	-1.4354264544728852
46841.64134659229	1000.0	874.4215890601474	0.0	0	0.0	3716.062935652437	1	0	1	0.1508679066470059
47350.47947589288	1000.0	1365.583459759565	0.0	0	0.0	3716.0629356524296	1	0	1	0.8440150872069538
47856.27181028686	1000.0	1859.7911253655795	0.0	0	0.0	3716.0629356524296	1	0	1	0.8440150872069538
49059.93202919985	2000.0	1535.7648845612973	0.0	0	0.0	3595.696913761123	1	0	2	0.47274546888400987
49928.04709906603	1000.0	1667.649814695115	0.0	0	0.0	3595.696913761123	1	0	1	-0.01066449424447441
50737.79533019451	1000.0	1857.901583566648	0.0	0	0.0	3595.696913761123	1	0	1	0.8824826863154709
51701.282653784925	2000.0	1798.0655276171874	0.0	0	0.0	3499.3481814020706	1	0	2	0.5032362317391662
53027.048118512415	2000.0	1472.300062889693	0.0	0	0.0	3499.3481814020706	1	0	1	1.4037604865279572
54054.94166741457	1000.0	1444.4065139875338	0.0	0	0.0	3499.3481814020706	1	0	1	0.21746612540806706
54721.358503255244	1000.0	1777.9896781468658	0.0	0	0.0	3499.3481814020706	1	0	1	0.9106133059680123
55530.98811679278	1000.0	1968.3600646093241	0.0	0	0.0	3499.3481814020706	1	0	1	0.9106133059680123
56636.77010546964	2000.0	1751.9998770647862	0.0	0	0.0	3388.769982534388	1	0	2	0.5329037050696523
57148.28561110506	1000.0	2240.484371429362	0.0	0	0.0	3388.7699825343807	1	0	1	0.04703946333795245
58580.28287243763	2000.0	1808.4871100967905	0.0	0	0.0	3388.7699825343807	1	0	1	0.9401866438978975
59286.305151876324	1000.0	2102.464830658095	0.0	0	0.0	3388.7699825343807	1	0	1	0.2470394633379526
60271.265869626106	2000.0	2117.504112908311	0.0	0	0.0	3388.7699825343807	1	0	1	0.9401866438978975
61153.920249617775	2000.0	2234.849732916645	0.0	0	0.0	3388.7699825343807	1	0	1	1.6333338244578428
61900.02988479527	2000.0	2488.740097739147	0.0	0	0.0	3388.7699825343807	1	0	1	1.6333338244578428
62893.624494814736	2000.0	2495.145487719684	0.0	0	0.0	3388.7699825343807	1	0	1	1.6333338244578428
63990.9264535826	2000.0	2397.8435289518216	0.0	0	0.0	3388.7699825343734	1	0	1	1.6333338244578446
64848.58371034296	2000.0	2540.1862721914713	0.0	0	0.0	3388.7699825343734	1	0	1	1.6333338244578446
65840.85594645228	2000.0	2547.9140360821407	0.0	0	0.0	3388.769982534366	1	0	1	1.6333338244578466
67334.33363329325	2000.0	2054.4363492411685	0.0	0	0.0	3388.769982534359	1	0	1	1.6333338244578466
68902.73024875124	2000.0	1486.039733783193	0.0	0	0.0	3388.769982534366	1	0	1	1.6333338244578475
69829.8662711761	1000.0	1558.9037113583386	0.0	0	0.0	3388.7699825343734	1	0	1	0.24703946333795443
70492.61483178908	1000.0	1896.1551507453569	0.0	0	0.0	3388.769982534388	1	0	1	0.9401866438978959
71156.91406297813	1000.0	2231.8559195563084	0.0	0	0.0	3388.769982534388	1	0	1	0.9401866438978959
72724.23940324377	2000.0	1664.5305792906568	0.0	0	0.0	3388.7699825343734	1	0	1	0.9401866438978994
73685.03555510276	1000.0	1703.7344274316742	0.0	0	0.0	3388.7699825343734	1	0	1	0.24703946333795443
74956.50178112497	2000.0	1432.2682014094555	0.0	0	0.0	3388.769982534359	1	0	1	0.9401866438979034
75632.11415332487	1000.0	1756.6558292095328	0.0	0	0.0	3388.769982534359	1	0	1	0.24703946333795823
76661.02799898591	2000.0	1727.741983548483	0.0	0	0.0	3388.769982534359	1	0	1	0.9401866438979034
77792.74232257692	2000.0	1596.0276599574736	0.0	0	0.0	3388.769982534359	1	0	1	1.6333338244578486
78542.5855417947	1000.0	1846.1844407396961	0.0	0	0.0	3388.769982534359	1	0	1	0.24703946333795823
79593.2966758069	1000.0	1795.4733067275024	0.0	0	0.0	3388.769982534359	1	0	1	0.9401866438979034
80744.66133485148	2000.0	1528.9721817784587	0.0	0	0.0	3273.633516629896	1	0	2	0.5600610318037447
81568.36370967104	1000.0	1705.269806958893	0.0	0	0.0	3273.633516629896	1	0	1	0.07497474996892095
82352.04606697906	1000.0	1921.587449650889	0.0	0	0.0	3273.633516629896	1	0	1	0.9681219305288663
82918.6633715482	1000.0	2354.970145081731	0.0	0	0.0	3273.633516629896	1	0	1	0.9681219305288663
84127.35170307216	2000.0	2146.281813557784	0.0	0	0.0	3273.6335166299104	1	0	1	0.9681219305288629
85628.86423935898	2000.0	1644.7692772709652	0.0	0	0.0	3273.6335166299104	1	0	1	1.661269111088808
86263.16718409948	1000.0	2010.4663325304641	0.0	0	0.0	3273.633516629896	1	0	1	0.27497474996892113
86830.16458829661	1000.0	2443.46892833335	0.0	0	0.0	3273.633516629896	1	0	1	0.9681219305288663
87599.14528310989	2000.0	2674.488233520058	0.0	0	0.0	3273.633516629896	1	0	1	0.9681219305288662
88270.19483971571	2000.0	3003.4386769142347	0.0	0	0.0	3273.633516629896	1	0	1	1.6612691110888114
89642.85292002419	2000.0	2630.7805966057467	0.0	0	0.0	3273.633516629896	1	0	1	1.6612691110888114
90759.01041299739	2000.0	2514.623103632564	0.0	0	0.0	3273.633516629896	1	0	1	1.6612691110888114
91960.5574828922	2000.0	2313.0760337377687	0.0	0	0.0	3273.633516629896	1	0	1	1.6612691110888114
92898.57621817746	2000.0	2375.0572984525074	0.0	0	0.0	3273.633516629896	1	0	1	1.6612691110888114
94430.09441547826	2000.0	1690.3872814216213	0.0	0	0.0	3120.4816968998057	1	0	2	1.2857804355000497
95129.06655031143	1000.0	1991.4151465884415	0.0	0	0.0	3120.4816968998057	1	0	1	0.10801458223367943
96106.30621875521	2000.0	2014.1754781446705	0.0	0	0.0	3120.4816968998202	1	0	1	1.0011617627936218
96860.94096126933	2000.0	2259.540735630545	0.0	0	0.0	3120.4816968998057	1	0	1	1.6943089433535699
97447.72790207772	2000.0	2672.7537948221493	0.0	0	0.0	3120.4816968998057	1	0	1	1.6943089433535699
98200.0	2000.0	2920.481696899872	0.0	0	266.9475624675397	3120.4816968998057	1	0	1	1.6943089433535699
99456.77971297671	3000.0	2538.024012625489	0.0	0	0.0	2994.803725602149	1	0	2	1.3110490089526496
100755.71835673641	2000.0	2239.0853688657753	0.0	0	0.0	2994.803725602149	1	0	1	1.112778672804657
101962.27461284847	2000.0	2032.5291127537087	0.0	0	0.0	2994.803725602149	1	0	1	1.7182437809128217
103191.84113562286	2000.0	1802.9625899793218	0.0	0	0.0	2994.803725602149	1	0	1	1.7182437809128217
103650.83171815862	1000.0	2343.9720074435854	0.0	0	0.0	2994.803725602149	1	0	1	0.33194941979293147
104405.51596440625	2000.0	2589.2877611959448	0.0	0	0.0	2994.803725602149	1	0	1	1.0250966003528765
105956.70943841945	2000.0	2038.0942871827474	0.0	0	0.0	2994.803725602149	1	0	1	1.7182437809128217
106844.30466064243	1000.0	2150.4990649597794	0.0	0	0.0	2994.8037256021344	1	0	1	0.33194941979293396
107878.79869887358	2000.0	2116.005026728616	0.0	0	0.0	2994.8037256021344	1	0	1	1.025096600352879
108868.07050026882	2000.0	2126.7332253333702	0.0	0	0.0	2994.8037256021344	1	0	1	1.7182437809128244
109738.33510649863	2000.0	2256.4686191035335	0.0	0	0.0	2994.80372560212	1	0	1	1.718243780912827
110535.76917410264	3000.0	2379.29114473915	0.0	0	0.0	2915.060318841701	1	0	2	1.3287496995554577
111757.92046672213	3000.0	2034.9247228576933	0.0	0	0.0	2792.845189579748	1	0	2	1.9516808624042172
112378.82649990804	2000.0	2414.0186896717714	0.0	0	0.0	2792.845189579748	1	0	1	1.1459559269727309
113200.0	2000.0	2592.8451895798194	0.0	0	241.73623963832506	2792.845189579748	1	0	1	1.7514210350808956
114200.0	3000.0	2492.8451895798107	0.0	0	97.81554520285863	2692.8451895797334	1	0	2	1.3613448928595175
115283.4196086096	3000.0	2301.0836201092507	0.0	0	0.0	2584.5032287187787	1	0	2	1.9816736564387747
116200.0	3000.0	2292.8451895798157	0.0	0	17.915660262631718	2492.845189579748	1	0	2	1.993251493721204
117200.0	3000.0	2192.845189579822	0.0	0	105.35549736690882	2392.845189579748	1	0	2	2.0032514108051758
118671.99426223825	3000.0	1573.651501117741	0.0	0	0.0	2245.645763355904	1	0	2	2.016837037625026
119715.20295281369	2000.0	1530.442810542319	0.0	0	0.0	2245.645763355904	1	0	1	1.210026078879093
120736.55713651565	2000.0	1509.0886268403601	0.0	0	0.0	2245.6457633558894	1	0	1	1.8154911869872592
121915.05367849066	2000.0	1330.5920848653363	0.0	0	0.0	2245.6457633558894	1	0	1	1.8154911869872592
122743.64167812088	2000.0	1502.0040852351099	0.0	0	0.0	2245.6457633558894	1	0	1	1.8154911869872592
123745.16699348505	2000.0	1500.4787698709442	0.0	0	0.0	2245.6457633558894	1	0	1	1.8154911869872592
124345.81335273472	2000.0	1899.8324106212863	0.0	0	0.0	2245.645763355904	1	0	1	1.8154911869872579
125200.0	2000.0	2045.645763355998	0.0	0	75.03990719608555	2245.645763355904	1	0	1	1.8154911869872579
126200.0	2000.0	2045.645763356003	0.0	0	210.51612369269424	2245.645763355904	1	0	1	1.8154911869872579
127200.0	2000.0	2045.645763355993	0.0	0	198.08121065182786	2245.645763355904	1	0	1	1.8154911869872579
128200.0	2000.0	2045.6457633559612	0.0	0	236.3698365392047	2245.6457633558894	1	0	1	1.8154911869872592
129419.01598824139	2000.0	1826.6297751145685	0.0	0	0.0	2245.6457633558894	1	0	1	1.8154911869872592
130200.0	2000.0	2045.6457633559435	0.0	0	25.173095737030962	2245.6457633558894	1	0	1	1.8154911869872592
131200.0	2000.0	2045.6457633559444	0.0	0	490.8835812806501	2245.6457633558894	1	0	1	1.8154911869872592
132200.0	3000.0	1945.645763355925	0.0	0	103.53755536783137	2145.645763355875	1	0	2	1.4215688051373898
133200.0	3000.0	1945.6457633559023	0.0	0	268.08436520030955	2145.6457633558457	1	0	1	2.0294848110190995
134200.0	3000.0	1845.645763355861	0.0	0	311.83031841678894	2045.645763355802	1	0	2	1.83434955760786
136274.67907792507	3000.0	563.4987776382773	0.0	0	0.0	1838.177855563321	1	0	2	2.0469797841799253
137552.39470537406	2000.0	305.6020023532429	19.818852163929535	0	0.0	1857.9967077272595	1	0	1	1.1200626085421035
138057.80513947073	1000.0	800.191568256541	0.0	0	0.0	1857.9967077272595	1	0	1	0.4581464685139552
139211.786553166	1000.0	646.2101545612894	0.0	0	0.0	1857.9967077272595	1	0	1	1.1512936490739003
140464.7083368762	1000.0	393.28837085108796	0.0	0	0.0	1857.9967077272304	1	0	1	1.151293649073902
140837.00122683524	500.0	1020.9954808920531	0.0	0	0.0	1857.9967077272013	1	0	1	-0.23500071204598685
141560.7165976912	1000.0	1297.2801100360923	0.0	0	0.0	1857.9967077272013	1	0	1	0.45814646851395857
142798.3886931173	2000.0	1059.6080146099953	0.0	0	0.0	1857.9967077272013	1	0	1	1.1512936490739039
143555.64660532586	1000.0	1302.350102401451	0.0	0	0.0	1857.9967077272013	1	0	1	0.4581464685139588
144882.97108707638	2000.0	975.0256206509398	0.0	0	0.0	1857.9967077272013	1	0	1	1.1512936490739039
146123.7750576064	2000.0	734.2216501209268	0.0	0	0.0	1857.9967077272013	1	0	1	1.844440829633849
146599.60299211592	1000.0	1258.3937156113986	0.0	0	0.0	1857.9967077271722	1	0	1	0.45814646851396057
147375.14323767216	2000.0	1482.8534700551506	0.0	0	0.0	1857.996707727143	1	0	1	1.1512936490739074
148200.0	2000.0	1657.9967077273564	0.0	0	10.27527541256859	1857.996707727143	1	0	1	1.8444408296338528
149200.0	2000.0	1657.9967077273645	0.0	0	425.54635461239377	1857.996707727143	1	0	1	1.8444408296338528
150294.2430258454	2000.0	1563.7536818819556	0.0	0	0.0	1857.996707727143	1	0	1	1.8444408296338528
151513.90325939472	2000.0	1344.0934483326575	0.0	0	0.0	1857.996707727143	1	0	1	1.8444408296338528
152486.28986097837	2000.0	1371.7068467489987	0.0	0	0.0	1857.996707727143	1	0	1	1.8444408296338528
153785.6203689446	2000.0	1072.3763387827803	0.0	0	0.0	1857.996707727114	1	0	1	1.8444408296338544
154468.79068882455	1000.0	1389.2060189028202	0.0	0	0.0	1857.996707727114	1	0	1	0.45814646851396407
155200.0	1000.0	1657.9967077273895	0.0	0	93.66070807725191	1857.9967077270849	1	0	1	1.1512936490739112
156418.61903457745	2000.0	1439.3776731499856	0.0	0	0.0	1857.9967077270849	1	0	1	1.1512936490739112
157626.126483766	1000.0	1231.8702239614317	0.0	0	0.0	1857.9967077270558	1	0	1	0.4581464685139677
158200.0	1000.0	1657.9967077274543	0.0	0	94.57041105392273	1857.9967077270558	1	0	1	1.1512936490739127
159409.50467592737	2000.0	1448.4920318000766	0.0	0	0.0	1857.9967077270558	1	0	1	1.1512936490739127
160808.33522677523	2000.0	1049.6614809521952	0.0	0	0.0	1857.9967077270267	1	0	1	1.84444082963386
161648.77788276886	1000.0	1209.2188249585422	0.0	0	0.0	1857.9967077270267	1	0	1	0.4581464685139695
162911.11748257405	2000.0	946.879225153377	0.0	0	0.0	1857.9967077270558	1	0	1	1.1512936490739127
164197.46622185817	1000.0	660.5304858692623	0.0	0	0.0	1857.9967077270558	1	0	1	0.4581464685139677
164684.2032204438	500.0	1173.7934872836363	0.0	0	0.0	1857.9967077270558	1	0	1	-0.23500071204597794
165734.7653854633	1000.0	1123.2313222641192	0.0	0	0.0	1857.9967077270558	1	0	1	0.45814646851396745
166708.8565717731	1000.0	1149.140135954332	0.0	0	0.0	1857.9967077270558	1	0	1	1.1512936490739127
167506.27886924232	1000.0	1351.717838485098	0.0	0	0.0	1857.9967077270849	1	0	1	1.1512936490739125
168256.92716612126	1000.0	1601.0695416062085	0.0	0	0.0	1857.9967077270849	1	0	1	1.1512936490739112
169200.0	2000.0	1657.9967077274816	0.0	0	39.42318791639991	1857.9967077270849	1	0	1	1.1512936490739112
170451.4043952285	2000.0	1406.5923124989954	0.0	0	0.0	1857.996707727114	1	0	1	1.8444408296338544
172315.13017453355	2000.0	542.8665331939324	0.0	0	0.0	1857.996707727114	1	0	1	1.8444408296338544
172807.41084040297	1000.0	1050.585867324524	0.0	0	0.0	1857.996707727114	1	0	1	0.45814646851396407
173618.7025132871	2000.0	1239.2941944404215	0.0	0	0.0	1857.996707727143	1	0	1	1.1512936490739085
174391.88402438554	2000.0	1466.1126833419723	0.0	0	0.0	1857.996707727114	1	0	1	1.8444408296338544
175877.69627538588	2000.0	980.3004323416641	0.0	0	0.0	1857.996707727114	1	0	1	1.8444408296338544
177100.58656090804	1000.0	757.4101468195253	0.0	0	0.0	1857.9967077271722	1	0	1	0.45814646851396096
177779.77571898125	1000.0	1078.220988746321	0.0	0	0.0	1857.9967077271722	1	0	1	1.1512936490739059
178385.18452210358	1000.0	1472.8121856239782	0.0	0	0.0	1857.9967077271722	1	0	1	1.1512936490739059
179200.0	1000.0	1657.9967077275614	0.0	0	250.79930998734199	1857.996707727143	1	0	1	1.1512936490739076
180478.15956924573	2000.0	1379.8371384818004	0.0	0	0.0	1857.996707727143	1	0	1	1.1512936490739074
182221.32754873307	2000.0	636.6691589944281	0.0	0	0.0	1857.996707727114	1	0	1	1.8444408296338537
182916.8891182517	1000.0	941.1075894757761	0.0	0	0.0	1857.996707727114	1	0	1	0.45814646851396407
183684.44512058079	1000.0	1173.551587146701	0.0	0	0.0	1857.996707727114	1	0	1	1.1512936490739092
184625.09097375677	2000.0	1232.9057339706785	0.0	0	0.0	1857.9967077270849	1	0	1	1.15129364907391
185390.16363106365	2000.0	1467.833076663805	0.0	0	0.0	1857.9967077270849	1	0	1	1.8444408296338564
186422.1315503473	2000.0	1435.8651573801774	0.0	0	0.0	1857.9967077270849	1	0	1	1.8444408296338564
188199.20910023362	2000.0	658.787607493841	0.0	0	0.0	1857.9967077270849	1	0	1	1.8444408296338564
189333.38217657382	1000.0	524.6145311536416	0.0	0	0.0	1857.9967077270558	1	0	1	0.4581464685139677
189718.58198869968	500.0	1139.4147190277913	0.0	0	0.0	1857.9967077270849	1	0	1	-0.23500071204597964
190310.61493235288	1000.0	1547.3817753745952	0.0	0	0.0	1857.9967077270849	1	0	1	0.4581464685139658
191610.6300707048	2000.0	1247.366637022685	0.0	0	0.0	1857.9967077270849	1	0	1	1.1512936490739112
192919.64021049693	2000.0	938.3564972305255	0.0	0	0.0	1857.9967077270849	1	0	1	1.8444408296338564
193560.72166191827	1000.0	1297.2750458091934	0.0	0	0.0	1857.9967077270558	1	0	1	0.45814646851396634
194617.5945515924	1000.0	1240.40215613507	0.0	0	0.0	1857.9967077270558	1	0	1	1.1512936490739127
195539.53105977533	1000.0	1318.4656479520995	0.0	0	0.0	1857.9967077270267	1	0	1	1.1512936490739132
196200.0	1000.0	1657.9967077274473	0.0	0	68.05107541679172	1857.9967077270267	1	0	1	1.1512936490739147
197358.2053873727	2000.0	1499.7913203547218	0.0	0	0.0	1857.9967077270558	1	0	1	1.1512936490739127
199108.80046042727	2000.0	749.1962473001468	0.0	0	0.0	1857.9967077270849	1	0	1	1.8444408296338564
199840.90670602722	1000.0	1017.090001700185	0.0	0	0.0	1857.9967077270849	1	0	1	0.458146468513966
200634.6370479989	2000.0	1223.3596597285537	0.0	0	0.0	1857.9967077270849	1	0	1	1.1512936490739112
201687.90254809032	2000.0	1170.0941596371285	0.0	0	0.0	1857.9967077270849	1	0	1	1.8444408296338564
202608.91855280352	1000.0	1249.0781549239157	0.0	0	0.0	1857.9967077270267	1	0	1	0.458146468513968
203346.91417559364	1000.0	1511.0825321338384	0.0	0	0.0	1857.9967077270558	1	0	1	1.1512936490739127
204383.50640591627	1000.0	1474.490301811204	0.0	0	0.0	1857.9967077270267	1	0	1	1.1512936490739147
205200.0	1000.0	1657.9967077274978	0.0	0	235.38495032821083	1857.9967077270267	1	0	1	1.1512936490739147
206261.17618624808	2000.0	1596.8205214794004	0.0	0	0.0	1857.9967077270267	1	0	1	1.1512936490739147
207547.16795300235	2000.0	1310.8287547251396	0.0	0	0.0	1857.9967077269976	1	0	1	1.8444408296338617
208225.08985519278	1000.0	1632.90685253471	0.0	0	0.0	1857.9967077269976	1	0	1	0.4581464685139713
209271.48005807423	2000.0	1586.5166496532659	0.0	0	0.0	1857.9967077270267	1	0	1	1.1512936490739147
210200.0	2000.0	1657.9967077274912	0.0	0	152.2525468582171	1857.9967077270267	1	0	1	1.84444082963386
211200.0	2000.0	1657.9967077274787	0.0	0	372.7066703008022	1857.9967077270267	1	0	1	1.84444082963386
212546.53420100067	2000.0	1311.462506726818	0.0	0	0.0	1857.9967077270558	1	0	1	1.844440829633858
213626.74446769067	2000.0	1231.2522400368416	0.0	0	0.0	1857.9967077270849	1	0	1	1.8444408296338564
214829.2895630536	2000.0	1028.7071446739333	0.0	0	0.0	1857.9967077270849	1	0	1	1.8444408296338564
215870.4353511953	2000.0	987.5613565322353	0.0	0	0.0	1857.9967077270849	1	0	1	1.8444408296338564
216610.9922116593	1000.0	1247.0044960682549	0.0	0	0.0	1857.996707727114	1	0	1	0.45814646851396523
218588.92447673687	2000.0	269.07223099067687	0.0	0	0.0	1857.996707727114	1	0	1	1.1512936490739092
219308.67816861556	1000.0	636.6893104501305	87.37077133815868	0	0.0	1945.3674790652585	1	0	1	-0.07169346539534649
220143.09375337686	1000.0	802.2737256888473	0.0	0	0.0	1945.3674790652585	1	0	1	1.1456783431935507
220620.3275137515	1000.0	1325.0399653142515	0.0	0	0.0	1945.3674790652585	1	0	1	1.1456783431935507
221590.69180003385	2000.0	1354.6756790318823	0.0	0	0.0	1945.3674790652585	1	0	1	1.1456783431935507
222237.18723402917	1000.0	1708.1802450365744	0.0	0	0.0	1945.3674790652585	1	0	1	0.4525311626336056
223331.47076842078	2000.0	1613.8967106449613	0.0	0	0.0	1945.3674790652585	1	0	1	1.1456783431935507
224644.93178718575	2000.0	1300.4356918800129	0.0	0	0.0	1945.3674790652585	1	0	1	1.8388255237534958
225856.25976044554	2000.0	1089.1077186202392	0.0	0	0.0	1945.3674790652585	1	0	1	1.8388255237534958
226441.77920518583	1000.0	1503.5882738799326	0.0	0	0.0	1945.3674790652585	1	0	1	0.4525311626336056
228107.69627469062	2000.0	837.6712043751172	0.0	0	0.0	1945.3674790652585	1	0	1	1.1456783431935507
228782.25896734706	1000.0	1163.1085117187263	0.0	0	0.0	1945.3674790652585	1	0	1	0.4525311626336056
230073.81783043145	2000.0	871.5496486343623	0.0	0	0.0	1945.3674790653167	1	0	1	1.1456783431935473
230992.16694146814	1000.0	953.2005375976596	0.0	0	0.0	1945.3674790653167	1	0	1	0.4525311626336017
231551.82963727933	1000.0	1393.5378417864645	0.0	0	0.0	1945.3674790653167	1	0	1	1.1456783431935469
232757.41479389032	2000.0	1187.9526851754715	0.0	0	0.0	1945.3674790652876	1	0	1	1.1456783431935476
233449.20247810238	1000.0	1496.1650009634307	0.0	0	0.0	1945.3674790652876	1	0	1	0.45253116263360355
234988.92729325016	2000.0	956.4401858156439	0.0	0	0.0	1945.3674790652876	1	0	1	1.1456783431935489
235774.11729787532	1000.0	1171.2501811905217	0.0	0	0.0	1945.3674790652876	1	0	1	0.45253116263360355
236466.92799495845	1000.0	1478.4394841074209	0.0	0	0.0	1945.3674790652876	1	0	1	1.1456783431935487
237200.0	2000.0	1745.3674790658547	0.0	0	12.00380603710073	1945.3674790652876	1	0	1	1.1456783431935489
238200.0	2000.0	1745.367479065858	0.0	0	95.47638512265985	1945.3674790652876	1	0	1	1.8388255237534938
239305.40348086765	2000.0	1639.9639981982164	0.0	0	0.0	1945.3674790652876	1	0	1	1.8388255237534938
240942.63762281346	2000.0	1002.7298562523972	0.0	0	0.0	1945.3674790652876	1	0	1	1.838825523753493
241450.0940804379	1000.0	1495.2733986279788	0.0	0	0.0	1945.3674790652876	1	0	1	0.45253116263360355
243106.05725569403	2000.0	839.3102233718648	0.0	0	0.0	1945.3674790653167	1	0	1	1.1456783431935469
243718.7064250711	1000.0	1226.6610539947608	0.0	0	0.0	1945.3674790653167	1	0	1	0.4525311626336017
244842.9330366899	2000.0	1102.4344423759885	0.0	0	0.0	1945.367479065375	1	0	1	1.1456783431935438
245563.1141874983	2000.0	1382.2532915676081	0.0	0	0.0	1945.367479065375	1	0	1	1.838825523753488
246200.0	2000.0	1745.3674790659181	0.0	0	26.81558160408167	1945.367479065375	1	0	1	1.838825523753488
247200.0	2000.0	1745.3674790659009	0.0	0	451.9687276449986	1945.367479065375	1	0	1	1.838825523753488
248200.0	2000.0	1745.3674790659004	0.0	0	2.893918171583209	1945.367479065375	1	0	1	1.838825523753488
249675.82015707908	2000.0	1269.5473219868334	0.0	0	0.0	1945.3674790654331	1	0	1	1.8388255237534858
250558.6663240194	2000.0	1386.7011550464936	0.0	0	0.0	1945.367479065404	1	0	1	1.8388255237534863
251373.85231699527	1000.0	1571.5151620706426	0.0	0	0.0	1945.367479065404	1	0	1	0.4525311626335958
252921.64215000588	2000.0	1023.7253290600303	0.0	0	0.0	1945.3674790654331	1	0	1	1.1456783431935396
254080.7503291115	2000.0	864.617149954397	0.0	0	0.0	1945.367479065404	1	0	1	1.8388255237534863
254914.9340952123	1000.0	1030.4333838536018	0.0	0	0.0	1945.367479065404	1	0	1	0.4525311626335958
255674.48646113026	1000.0	1270.8810179356067	0.0	0	0.0	1945.367479065404	1	0	1	1.145678343193541
256735.1814703802	2000.0	1210.1860086856827	0.0	0	0.0	1945.367479065404	1	0	1	1.145678343193541
257621.5171171907	2000.0	1323.8503618751968	0.0	0	0.0	1945.3674790654331	1	0	1	1.838825523753484
258503.29536851528	2000.0	1442.0721105506448	0.0	0	0.0	1945.3674790654331	1	0	1	1.838825523753484
259200.0	2000.0	1745.3674790659184	0.0	0	268.71147444998496	1945.3674790654331	1	0	1	1.838825523753484
260200.0	2000.0	1745.367479065916	0.0	0	453.74903315573465	1945.3674790654622	1	0	1	1.8388255237534827
261200.0	2000.0	1745.3674790659231	0.0	0	325.92430599345244	1945.3674790654622	1	0	1	1.8388255237534823
262200.0	2000.0	1745.3674790659256	0.0	0	398.4038541743939	1945.3674790654622	1	0	1	1.8388255237534823
263200.0	2000.0	1745.3674790659068	0.0	0	310.3150069443509	1945.3674790654331	1	0	1	1.838825523753484
264200.0	2000.0	1745.3674790659204	0.0	0	425.32375286199385	1945.3674790654331	1	0	1	1.8388255237534836
265200.0	3000.0	1645.367479065905	0.0	0	277.46217114734463	1845.3674790654331	1	0	2	1.4429794897275334
266200.0	3000.0	1545.367479065878	0.0	0	269.1687236428261	1745.3674790654331	1	0	2	2.0543374289601273
267289.9684588719	2000.0	1455.3990201940355	0.0	0	0.0	1745.3674790654331	1	0	1	1.2455472188863677
268431.0873858866	2000.0	1314.2800931793263	0.0	0	0.0	1745.3674790654914	1	0	1	1.8510123269945296
269200.0	2000.0	1545.367479065922	0.0	0	47.49972992064431	1745.3674790654331	1	0	1	1.8510123269945324
270300.26773173705	2000.0	1445.0997473289342	0.0	0	0.0	1745.3674790654331	1	0	1	1.8510123269945324
271200.0	2000.0	1545.3674790659827	0.0	0	29.89820778358262	1745.3674790654331	1	0	1	1.8510123269945324
272200.0	2000.0	1545.3674790659868	0.0	0	145.40922972455155	1745.3674790654331	1	0	1	1.8510123269945324
273200.0	2000.0	1545.3674790660023	0.0	0	66.93342958413996	1745.367479065375	1	0	1	1.8510123269945358
274200.0	2000.0	1545.3674790660257	0.0	0	110.67993833561195	1745.367479065375	1	0	1	1.8510123269945358
275200.0	2000.0	1545.367479066003	0.0	0	102.06339984788792	1745.367479065375	1	0	1	1.8510123269945358
276200.0	2000.0	1545.3674790660461	0.0	0	136.23956379661104	1745.367479065375	1	0	1	1.8510123269945358
277200.0	2000.0	1545.3674790660561	0.0	0	204.53995142673375	1745.367479065375	1	0	1	1.8510123269945358
278289.0977791539	2000.0	1456.2696999121945	0.0	0	0.0	1745.367479065375	1	0	1	1.8510123269945358
279200.0	2000.0	1545.3674790661046	0.0	0	243.45562496886123	1745.3674790654331	1	0	1	1.8510123269945324
280200.0	2000.0	1545.3674790660425	0.0	0	217.5339442063705	1745.3674790654331	1	0	1	1.8510123269945324
281200.0	2000.0	1545.367479066058	0.0	0	462.82205736177275	1745.3674790654331	1	0	1	1.8510123269945324
282200.0	2000.0	1545.3674790660011	0.0	0	499.01704614574555	1745.3674790654914	1	0	1	1.8510123269945304
283270.22066564957	3000.0	1475.1468134164627	0.0	0	0.0	1745.3674790654914	1	0	1	1.8510123269945296
284200.0	2000.0	1545.3674790660605	0.0	0	113.31531965959584	1745.3674790655496	1	0	1	1.4455472188863614
285359.2926085672	2000.0	1386.074870498775	0.0	0	0.0	1745.3674790655496	1	0	1	1.851012326994526
286331.729231971	2000.0	1413.6382470950339	0.0	0	0.0	1745.3674790655496	1	0	1	1.851012326994526
288153.7140733335	2000.0	591.6534057325681	0.0	0	0.0	1745.3674790654914	1	0	1	1.8510123269945296
289438.3405766852	1000.0	368.8011774482027	61.77427506739406	0	0.0	1807.1417541328701	1	0	1	0.09055708040726734
290112.16565960634	1000.0	694.9760945270557	0.0	0	0.0	1807.1417541328701	1	0	1	1.154349911371577
290780.1722285967	1000.0	1026.9695255366707	0.0	0	0.0	1807.1417541328701	1	0	1	1.154349911371577
292164.9424266907	2000.0	642.1993274426266	0.0	0	0.0	1807.1417541328701	1	0	1	1.1543499113715767
292981.4605977593	1000.0	825.6811563740409	0.0	0	0.0	1807.1417541328701	1	0	1	0.4612027308116317
293613.81582607713	1000.0	1193.3259280562534	0.0	0	0.0	1807.1417541328701	1	0	1	1.1543499113715756
294450.0058664937	2000.0	1357.135887639703	0.0	0	0.0	1807.1417541329283	1	0	1	1.1543499113715736
295658.08866026415	2000.0	1149.0530938691713	0.0	0	0.0	1807.1417541328701	1	0	1	1.8474970919315221
296314.59666309756	2000.0	1492.5450910357583	0.0	0	0.0	1807.1417541328701	1	0	1	1.8474970919315221
297200.0	2000.0	1607.141754133299	0.0	0	286.34343272447586	1807.1417541328701	1	0	1	1.8474970919315221
298200.0	2000.0	1607.1417541333124	0.0	0	294.1973288221052	1807.141754132812	1	0	1	1.8474970919315252
299494.13113567565	2000.0	1313.0106184576232	0.0	0	0.0	1807.141754132812	1	0	1	1.8474970919315252
300990.42304223933	2000.0	816.7187118939466	0.0	0	0.0	1807.141754132812	1	0	1	1.8474970919315252
1.64	1.12	1.0	1.84	2.32	2.03	1.55	1.39	1.32	0.61	1.08	1.36	1.45	1.7	2.49	1.96	0.74	1.54	2.2	2.41	1.4	0.87	0.95	1.42	1.63	1.55	1.75	1.25	1.61	2.33	2.32	1.78	1.51	0.96	0.87	1.58	1.78	2.18	1.32	0.97	1.2	1.62	1.59	1.53	1.47	2.27	1.86	1.26	1.25	1.25	1.83	1.84	1.38	1.56	2.13	2.68	2.35	1.61	1.97	1.83	1.95	1.74	1.38	1.22	1.29	1.67	1.8	1.26	1.81	1.77	2.25	1.66	1.16	1.07	1.92	1.41	1.47	2.02	1.53	0.87	1.31	1.91	2.68	1.95	1.56	1.22	1.66	1.65	1.53	1.9	2.61	2.61	3.37	1.46	1.63	1.69	1.39	1.49	2.19	1.45	1.33	1.85	2.61	2.75	3.79	3.38	2.47	2.92	3.13	3.83	4.45	3.13	1.68	1.98	2.34	1.81	2.13	2.36	3.03	2.51	2.72	2.83	1.96	2.03	2.79	3.65	3.88	3.98	3.14	1.9	1.64	1.99	1.61	0.93	0.93	1.53	2.27	1.53	1.45	1.98	2.22	2.83	2.83	3.28	1.64	1.18	1.71	1.17	1.67	1.82	1.64	1.12	1.0	1.84	2.32	2.03	1.55	1.39	1.32	0.61	1.08	1.36	1.45	1.7	2.49	1.96	0.74	1.54	2.2	2.41	1.4	0.87	0.95	1.42	1.63	1.55	1.75	1.25	1.61	2.33	2.32	1.78	1.51	0.96	0.87	1.58	1.78	2.18	1.32	0.97	1.2	1.62	1.59	1.53	1.47	2.27	1.86	1.26	1.25	1.25	1.83	1.84	1.38	1.56	2.13	2.68	2.35	1.61	1.97	1.83	1.95	1.74	1.38	1.22	1.29	1.67	1.8	1.26	1.81	1.77	2.25	1.66	1.16	1.07	1.92	1.41	1.47	2.02	1.53	0.87	1.31	1.91	2.68	1.95	1.56	1.22	1.66	1.65	1.53	1.9	2.61	2.61	3.37	1.46	1.63	1.69	1.39	1.49	2.19	1.45	1.33	1.85	2.61	2.75	3.79	3.38	2.47	2.92	3.13	3.83	4.45	3.13	1.68	1.98	2.34	1.81	2.13	2.36	3.03	2.51	2.72	2.83	1.96	2.03	2.79	3.65	3.88	3.98	3.14	1.9	1.64	1.99	1.61	0.93	0.93	1.53	2.27	1.53	1.45	1.98	2.22	2.83	2.83	3.28	1.64	1.18	1.71	1.17
1.0	2.0	3.0	4.0	5.0	6.0	7.0	8.0	9.0	10.0	11.0	12.0	13.0	14.0	15.0	16.0	17.0	18.0	19.0	20.0	21.0	22.0	23.0	24.0	25.0	26.0	27.0	28.0	29.0	30.0	31.0	32.0	33.0	34.0	35.0	36.0	37.0	38.0	39.0	40.0	41.0	42.0	43.0	44.0	45.0	46.0	47.0	48.0	49.0	50.0	51.0	52.0	53.0	54.0	55.0	56.0	57.0	58.0	59.0	60.0	61.0	62.0	63.0	64.0	65.0	66.0	67.0	68.0	69.0	70.0	71.0	72.0	73.0	74.0	75.0	76.0	77.0	78.0	79.0	80.0	81.0	82.0	83.0	84.0	85.0	86.0	87.0	88.0	89.0	90.0	91.0	92.0	93.0	94.0	95.0	96.0	97.0	98.0	99.0	100.0	101.0	102.0	103.0	104.0	105.0	106.0	107.0	108.0	109.0	110.0	111.0	112.0	113.0	114.0	115.0	116.0	117.0	118.0	119.0	120.0	121.0	122.0	123.0	124.0	125.0	126.0	127.0	128.0	129.0	130.0	131.0	132.0	133.0	134.0	135.0	136.0	137.0	138.0	139.0	140.0	141.0	142.0	143.0	144.0	145.0	146.0	147.0	148.0	149.0	149.0	150.0	151.0	152.0	153.0	154.0	155.0	156.0	157.0	158.0	159.0	160.0	161.0	162.0	163.0	164.0	165.0	166.0	167.0	168.0	169.0	170.0	171.0	172.0	173.0	174.0	175.0	176.0	177.0	178.0	179.0	180.0	181.0	182.0	183.0	184.0	185.0	186.0	187.0	188.0	189.0	190.0	191.0	192.0	193.0	194.0	195.0	196.0	197.0	198.0	199.0	200.0	201.0	202.0	203.0	204.0	205.0	206.0	207.0	208.0	209.0	210.0	211.0	212.0	213.0	214.0	215.0	216.0	217.0	218.0	219.0	220.0	221.0	222.0	223.0	224.0	225.0	226.0	227.0	228.0	229.0	230.0	231.0	232.0	233.0	234.0	235.0	236.0	237.0	238.0	239.0	240.0	241.0	242.0	243.0	244.0	245.0	246.0	247.0	248.0	249.0	250.0	251.0	252.0	253.0	254.0	255.0	256.0	257.0	258.0	259.0	260.0	261.0	262.0	263.0	264.0	265.0	266.0	267.0	268.0	269.0	270.0	271.0	272.0	273.0	274.0	275.0	276.0	277.0	278.0	279.0	280.0	281.0	282.0	283.0	284.0	285.0	286.0	287.0	288.0	289.0	290.0	291.0	292.0	293.0	294.0	295.0	296.0	297.0
5489.747595988247
