4164.24647576032	300.0	2000.0	242.71134672198218	0	0.0	4164.24647576032	1	0	1	-1.9710576157551094
5036.31578279398	2000.0	2127.93069296634	0.0	0	0.0	4164.24647576032	1	0	1	-0.5403266684242116
6683.17697154182	2000.0	1316.3833853437154	0.0	0	0.0	3999.5603568855354	1	0	2	1.00885794008671
7899.255839395388	1000.0	1100.3045174901476	0.0	0	0.0	3999.560356885535	1	0	1	-0.15591096377747166
8545.80211104087	500.0	1453.7582458446652	0.0	0	0.0	3999.560356885535	1	0	1	-0.649058144337417
9499.006951406524	1000.0	1500.5534054790103	0.0	0	0.0	3999.560356885534	1	0	1	0.04408903622252841
10605.275379536915	1000.0	1394.2849773486178	0.0	0	0.0	3999.560356885533	1	0	1	0.7372362167824746
11212.834352807211	500.0	1786.726004078321	0.0	0	0.0	3999.5603568855313	1	0	1	-0.6490581443374157
12525.536371624343	1000.0	1474.023985261187	0.0	0	0.0	3999.5603568855277	1	0	1	0.04408903622253113
13032.693060819534	500.0	1966.8672960659974	0.0	0	0.0	3999.5603568855277	1	0	1	-0.6490581443374138
13971.269015656822	1000.0	2028.2913412287107	0.0	0	0.0	3999.5603568855295	1	0	1	0.0440890362225308
14729.51163079707	1000.0	2270.048726088465	0.0	0	0.0	3999.5603568855295	1	0	1	0.7372362167824762
16590.357129062402	2000.0	1223.1186779966022	0.0	0	0.0	3813.4758070589996	1	0	2	0.3906669614728747
17306.439040006644	1000.0	1507.0367670523626	0.0	0	0.0	3813.4758070590033	1	0	1	-0.08315254353626161
18310.205698268386	1000.0	1503.270108790624	0.0	0	0.0	3813.475807059007	1	0	1	0.8099946370236824
19191.395283394493	1000.0	1622.0805236645183	0.0	0	0.0	3813.475807059007	1	0	1	0.8099946370236817
21352.794894801675	1000.0	460.6809122573355	0.0	0	0.0	3813.475807059007	1	0	1	0.8099946370236819
22232.4035406983	500.0	615.5719546473257	34.49968828661527	0	0.0	3847.9754953456213	1	0	1	-0.7959979630800708
22867.814192875114	500.0	980.1613024705119	0.0	0	0.0	3847.9754953456213	1	0	1	0.10414734719956624
23359.863226396443	500.0	1488.1122689491804	0.0	0	0.0	3847.9754953456213	1	0	1	0.10414734719956624
24680.101306574114	1000.0	1167.8741887715055	0.0	0	0.0	3847.9754953456213	1	0	1	0.10414734719956631
25354.12209305006	500.0	1493.8534022955605	0.0	0	0.0	3847.9754953456213	1	0	1	-0.5889998333603791
26298.88307619455	1000.0	1549.0924191510721	0.0	0	0.0	3847.9754953456213	1	0	1	0.10414734719956631
27050.879686092623	1000.0	1797.0958092529963	0.0	0	0.0	3847.9754953456213	1	0	1	0.7972945277595117
28533.310901446668	1000.0	1314.66459389895	0.0	0	0.0	3847.9754953456213	1	0	1	0.7972945277595117
29072.41392350555	500.0	1775.5615718400713	0.0	0	0.0	3847.975495345625	1	0	1	-0.5889998333603808
29895.731221241414	1000.0	1952.2442741042098	0.0	0	0.0	3847.975495345625	1	0	1	0.10414734719956487
31063.54910498925	1000.0	1784.4263903563713	0.0	0	0.0	3847.975495345625	1	0	1	0.7972945277595103
32371.094585154373	1000.0	1476.8809101912493	0.0	0	0.0	3847.975495345625	1	0	1	0.7972945277595103
32842.23494554381	500.0	2005.7405498018168	0.0	0	0.0	3847.9754953456286	1	0	1	-0.588999833360381
34209.020530456444	2000.0	1502.2764063979253	0.0	0	0.0	3711.296936854371	1	0	2	-0.26162335068673837
35562.22252525419	1000.0	1149.0744116001752	0.0	0	0.0	3711.2969368543672	1	0	1	-0.04753548388852383
36638.89245974682	1000.0	1072.4044771075473	0.0	0	0.0	3711.296936854371	1	0	1	0.845611696671422
37248.444818278214	1000.0	1462.8521185761492	0.0	0	0.0	3711.296936854371	1	0	1	0.845611696671421
37763.60785959719	1000.0	1947.6890772571626	0.0	0	0.0	3711.296936854371	1	0	1	0.845611696671421
39567.186617034065	2000.0	963.7524440766078	0.0	0	0.0	3530.9390611106865	1	0	2	0.4882317255479446
40301.6206205678	1000.0	1229.3184405428674	0.0	0	0.0	3530.9390611106865	1	0	1	0.008492972037530633
41879.62758458092	1000.0	651.3114765297573	0.0	0	0.0	3530.9390611106865	1	0	1	0.901640152597476
42655.47752139695	500.0	875.4615397137302	0.0	0	0.0	3530.9390611106865	1	0	1	-0.4846542085224148
43320.9351107459	500.0	1210.0039503647754	0.0	0	0.0	3530.9390611106937	1	0	1	0.2084929720375283
44234.7214438211	1000.0	1296.2176172895747	0.0	0	0.0	3530.9390611106937	1	0	1	0.20849297203752837
45116.759656775415	1000.0	1414.179404335258	0.0	0	0.0	3530.9390611106937	1	0	1	0.9016401525974738
46234.14285183108	1000.0	1296.7962092795938	0.0	0	0.0	3530.9390611106937	1	0	1	0.9016401525974738
46940.52988931107	1000.0	1590.4091717996062	0.0	0	0.0	3530.9390611106937	1	0	1	0.9016401525974738
47765.24493734766	1000.0	1765.6941237630056	0.0	0	0.0	3530.9390611106937	1	0	1	0.9016401525974738
48895.3006143552	1000.0	1635.6384467554699	0.0	0	0.0	3530.9390611106937	1	0	1	0.9016401525974738
50238.05693712084	2000.0	1158.6064917132655	0.0	0	0.0	3396.6634288341374	1	0	2	0.528617835555246
51285.29054823567	1000.0	1111.3728805984363	0.0	0	0.0	3396.6634288341447	1	0	1	0.0450201453600132
52106.2763550748	1000.0	1290.3870737593168	0.0	0	0.0	3396.6634288341447	1	0	1	0.9381673259199586
53113.20112375619	1000.0	1283.4623050779312	0.0	0	0.0	3396.663428834152	1	0	1	0.9381673259199568
53826.70047474215	1000.0	1569.9629540919618	0.0	0	0.0	3396.663428834152	1	0	1	0.9381673259199568
54548.02111650657	1000.0	1848.642312327542	0.0	0	0.0	3396.663428834152	1	0	1	0.9381673259199568
55363.78480401881	1000.0	2032.878624815294	0.0	0	0.0	3396.6634288341447	1	0	1	0.9381673259199586
56386.513634292474	1000.0	2010.1497945416259	0.0	0	0.0	3396.6634288341447	1	0	1	0.9381673259199586
58075.421812523266	1000.0	1321.2416163108337	0.0	0	0.0	3396.6634288341447	1	0	1	0.9381673259199586
59159.60516153658	1000.0	1237.0582672975222	0.0	0	0.0	3396.6634288341447	1	0	1	0.9381673259199586
59822.55877369327	1000.0	1574.1046551408301	0.0	0	0.0	3396.6634288341447	1	0	1	0.9381673259199586
60904.418630856075	1000.0	1492.2447979780286	0.0	0	0.0	3396.6634288341374	1	0	1	0.9381673259199605
61743.87938515971	1000.0	1652.7840436743954	0.0	0	0.0	3396.6634288341374	1	0	1	0.9381673259199605
62382.60784417556	1000.0	2014.0555846585537	0.0	0	0.0	3396.6634288341374	1	0	1	0.9381673259199605
64009.609231527356	2000.0	1387.0541973067564	0.0	0	0.0	3396.6634288341447	1	0	1	0.9381673259199586
64813.41458509769	1000.0	1583.2488437364198	0.0	0	0.0	3396.6634288341447	1	0	1	0.24502014536001337
65844.44994516714	1000.0	1552.2134836669597	0.0	0	0.0	3396.6634288341374	1	0	1	0.9381673259199586
66360.94108175338	1000.0	2035.722347080729	0.0	0	0.0	3396.6634288341447	1	0	1	0.9381673259199597
68175.93540091345	2000.0	1220.7280279206634	0.0	0	0.0	3396.6634288341593	1	0	1	0.938167325919957
69196.50895644247	1000.0	1200.1544723916384	0.0	0	0.0	3396.6634288341593	1	0	1	0.245020145360009
69903.0169142054	1000.0	1493.646514628722	0.0	0	0.0	3396.6634288341593	1	0	1	0.938167325919955
70440.08106429799	1000.0	1956.5823645361156	0.0	0	0.0	3396.6634288341593	1	0	1	0.938167325919955
72578.8800240869	2000.0	603.9035087683052	0.0	0	0.0	3182.7835328552464	1	0	2	0.5746154707287212
72939.53382764375	500.0	1243.2497052114568	0.0	0	0.0	3182.7835328552464	1	0	1	-1.2911818044443801
73667.10472971619	1000.0	1515.6788031390004	0.0	0	0.0	3182.7835328552464	1	0	1	0.2951125566755104
74595.51019573801	1000.0	1587.273337117176	0.0	0	0.0	3182.7835328552464	1	0	1	0.9882597372354558
75832.63344574625	1000.0	1350.1500871089345	0.0	0	0.0	3182.7835328552464	1	0	1	0.9882597372354558
76480.01256412073	1000.0	1702.7709687344552	0.0	0	0.0	3182.7835328552464	1	0	1	0.9882597372354558
77618.26440696265	1000.0	1564.5191258925342	0.0	0	0.0	3182.7835328552464	1	0	1	0.9882597372354558
79198.62624762993	1000.0	984.1572852252833	0.0	0	0.0	3182.7835328552464	1	0	1	0.9882597372354558
79936.4643233799	500.0	1246.319209475315	0.0	0	0.0	3182.7835328552464	1	0	1	-0.3980346238844351
81056.40200401645	1000.0	1126.3815288387696	0.0	0	0.0	3182.7835328552464	1	0	1	0.2951125566755104
82394.26417187067	1000.0	788.5193609845331	0.0	0	0.0	3182.7835328552464	1	0	1	0.9882597372354558
83025.0150505986	500.0	1157.7684822565977	0.0	0	0.0	3182.7835328552464	1	0	1	-0.3980346238844351
83907.7689209092	1000.0	1275.0146119459905	0.0	0	0.0	3182.7835328552464	1	0	1	0.2951125566755104
85341.00157999647	1000.0	841.7819528587194	0.0	0	0.0	3182.783532855232	1	0	1	0.9882597372354589
85842.86587278718	500.0	1339.917660068023	0.0	0	0.0	3182.7835328552464	1	0	1	-0.3980346238844351
86750.10280527898	1000.0	1432.680727576215	0.0	0	0.0	3182.7835328552464	1	0	1	0.2951125566755104
88156.70454679086	1000.0	1026.0789860643245	0.0	0	0.0	3182.7835328552464	1	0	1	0.9882597372354558
89018.43843448487	500.0	1164.3450983703294	0.0	0	0.0	3182.7835328552464	1	0	1	-0.3980346238844351
90101.78910783962	1000.0	1080.9944250155672	0.0	0	0.0	3182.7835328552464	1	0	1	0.2951125566755104
91189.74364730225	1000.0	993.0398855529395	0.0	0	0.0	3182.7835328552464	1	0	1	0.9882597372354558
91748.03539742717	500.0	1434.7481354280353	0.0	0	0.0	3182.7835328552464	1	0	1	-0.3980346238844351
93180.26764211853	1000.0	1002.5158907366811	0.0	0	0.0	3182.7835328552464	1	0	1	0.2951125566755104
93935.44519880573	500.0	1247.3383340494956	0.0	0	0.0	3182.7835328552464	1	0	1	-0.3980346238844351
95230.47294244063	1000.0	952.3105904145917	0.0	0	0.0	3182.7835328552464	1	0	1	0.2951125566755104
95943.8515655468	500.0	1238.9319673084071	0.0	0	0.0	3182.7835328552464	1	0	1	-0.3980346238844351
96633.05579146833	1000.0	1549.7277413868674	0.0	0	0.0	3182.7835328552464	1	0	1	0.2951125566755104
97439.19154868631	1000.0	1743.5919841688758	0.0	0	0.0	3182.7835328552464	1	0	1	0.9882597372354558
98090.97406543196	1000.0	2091.809467423224	0.0	0	0.0	3182.7835328552464	1	0	1	0.9882597372354558
99413.85426060816	2000.0	1768.9292722470145	0.0	0	0.0	3182.7835328552464	1	0	1	0.9882597372354559
100273.24814032548	1000.0	1909.5353925296945	0.0	0	0.0	3182.783532855232	1	0	1	0.2951125566755137
101697.70419051047	1000.0	1485.0793423447053	0.0	0	0.0	3182.783532855232	1	0	1	0.9882597372354589
102712.04473548885	1000.0	1470.7387973663338	0.0	0	0.0	3182.7835328552173	1	0	1	0.9882597372354619
104013.78507203578	1000.0	1168.9984608193863	0.0	0	0.0	3182.7835328552173	1	0	1	0.9882597372354619
105145.66873628618	1000.0	1037.114796568989	0.0	0	0.0	3182.7835328552173	1	0	1	0.9882597372354619
105885.68688577748	1000.0	1297.0966470776898	0.0	0	0.0	3182.7835328552173	1	0	1	0.9882597372354619
106404.22511115721	1000.0	1778.5584216979735	0.0	0	0.0	3182.7835328552173	1	0	1	0.9882597372354619
107421.65608742277	2000.0	1761.1274454324155	0.0	0	0.0	3182.783532855232	1	0	1	0.9882597372354587
109333.38126734662	2000.0	849.402265508583	0.0	0	0.0	3182.783532855232	1	0	1	1.6814069177954039
110226.31280670958	1000.0	956.4707261456279	0.0	0	0.0	3182.783532855232	1	0	1	0.2951125566755137
110977.1314504181	1000.0	1205.6520824371046	0.0	0	0.0	3182.783532855232	1	0	1	0.9882597372354589
111796.5575943187	1000.0	1386.2259385365173	0.0	0	0.0	3182.783532855232	1	0	1	0.9882597372354589
112874.71108588883	1000.0	1308.072446966384	0.0	0	0.0	3182.783532855232	1	0	1	0.9882597372354589
113711.87273246403	1000.0	1470.910800391178	0.0	0	0.0	3182.783532855232	1	0	1	0.9882597372354589
114255.26868574391	1000.0	1927.514847111309	0.0	0	0.0	3182.783532855232	1	0	1	0.9882597372354589
115809.45773397699	2000.0	1373.3257988782275	0.0	0	0.0	3182.783532855232	1	0	1	0.9882597372354587
116275.0988957131	1000.0	1907.6846371420954	0.0	0	0.0	3182.7835328552173	1	0	1	0.29511255667551684
117796.89431169869	2000.0	1385.8892211564955	0.0	0	0.0	3182.7835328552173	1	0	1	0.988259737235462
118873.36256234598	1000.0	1309.4209705092048	0.0	0	0.0	3182.783532855203	1	0	1	0.29511255667551994
120123.9290941138	1000.0	1058.854438741373	0.0	0	0.0	3182.7835328552173	1	0	1	0.9882597372354619
120861.9930632816	1000.0	1320.790469573566	0.0	0	0.0	3182.783532855232	1	0	1	0.9882597372354589
121299.99052976511	1000.0	1882.7930030900636	0.0	0	0.0	3182.783532855232	1	0	1	0.9882597372354589
122842.69036698955	2000.0	1340.0931658656284	0.0	0	0.0	3182.7835328552173	1	0	1	0.988259737235462
123673.63782905678	1000.0	1509.145703798411	0.0	0	0.0	3182.7835328552173	1	0	1	0.29511255667551684
124614.84477343442	1000.0	1567.938759420755	0.0	0	0.0	3182.7835328552173	1	0	1	0.9882597372354619
125510.18567407508	1000.0	1672.5978587801017	0.0	0	0.0	3182.7835328552173	1	0	1	0.9882597372354619
126818.86560612351	1000.0	1363.9179267316806	0.0	0	0.0	3182.7835328552173	1	0	1	0.9882597372354619
127929.70540973921	1000.0	1253.078123115985	0.0	0	0.0	3182.783532855232	1	0	1	0.9882597372354589
129034.80890071536	1000.0	1147.9746321398145	0.0	0	0.0	3182.7835328552173	1	0	1	0.9882597372354619
129805.29699088336	1000.0	1377.4865419718233	0.0	0	0.0	3182.7835328552173	1	0	1	0.9882597372354619
130755.66005230517	1000.0	1427.1234805500071	0.0	0	0.0	3182.7835328552173	1	0	1	0.9882597372354619
131430.8195726379	1000.0	1751.963960217256	0.0	0	0.0	3182.7835328551737	1	0	1	0.9882597372354663
132025.08020407855	1000.0	2157.7033287766008	0.0	0	0.0	3182.7835328551446	1	0	1	0.9882597372354768
133449.83587226502	2000.0	1732.9476605901368	0.0	0	0.0	3182.78353285513	1	0	1	0.9882597372354813
135652.20771943478	1000.0	530.5758134203829	0.0	0	0.0	3182.78353285513	1	0	1	0.2951125566755355
136096.03455999447	500.0	1086.748972860716	0.0	0	0.0	3182.78353285513	1	0	1	-0.39803462388441013
137525.33685053766	1000.0	657.4466823175683	0.0	0	0.0	3182.78353285513	1	0	1	0.29511255667553526
138298.69346530276	500.0	884.090067552463	0.0	0	0.0	3182.78353285513	1	0	1	-0.39803462388441013
139005.7738912052	500.0	1177.0096416500312	0.0	0	0.0	3182.783532855159	1	0	1	0.2951125566755289
139707.33504104876	1000.0	1475.4484918064375	0.0	0	0.0	3182.783532855159	1	0	1	0.2951125566755289
140143.35960818574	1000.0	2039.4239246694412	0.0	0	0.0	3182.78353285513	1	0	1	0.9882597372354807
142174.8775476327	2000.0	1007.9059852225059	0.0	0	0.0	3182.783532855159	1	0	1	0.9882597372354742
143059.51646339486	1000.0	1123.2670694603266	0.0	0	0.0	3182.783532855159	1	0	1	0.2951125566755291
144261.06550563918	1000.0	921.7180272159775	0.0	0	0.0	3182.783532855159	1	0	1	0.9882597372354742
144971.26540836375	1000.0	1211.5181244914647	0.0	0	0.0	3182.7835328551882	1	0	1	0.9882597372354682
145680.16279243503	1000.0	1502.6207404201634	0.0	0	0.0	3182.7835328551882	1	0	1	0.9882597372354682
146184.633174157	1000.0	1998.1503586981796	0.0	0	0.0	3182.7835328551882	1	0	1	0.9882597372354682
147039.1121989323	2000.0	2143.671333922872	0.0	0	0.0	3182.783532855159	1	0	1	0.9882597372354742
148560.78431070052	2000.0	1621.9992221546722	0.0	0	0.0	3182.783532855159	1	0	1	1.6814069177954194
149599.58947556213	1000.0	1583.1940572930623	0.0	0	0.0	3182.783532855159	1	0	1	0.2951125566755291
150266.76725476902	1000.0	1916.0162780861642	0.0	0	0.0	3182.783532855159	1	0	1	0.9882597372354742
151142.81780808236	1000.0	2039.9657247728271	0.0	0	0.0	3182.78353285513	1	0	1	0.9882597372354807
152237.20487904627	1000.0	1945.578653808901	0.0	0	0.0	3182.783532855101	1	0	1	0.9882597372354868
153140.4295288338	1000.0	2042.354004021385	0.0	0	0.0	3182.783532855101	1	0	1	0.9882597372354868
153707.42097900435	1000.0	2475.3625538508736	0.0	0	0.0	3182.783532855101	1	0	1	0.9882597372354868
154838.35717529175	2000.0	2344.426357563514	0.0	0	0.0	3182.78353285513	1	0	1	0.9882597372354807
157390.19548437314	2000.0	792.5880484821505	0.0	0	0.0	3182.783532855159	1	0	1	1.6814069177954232
158015.82483357028	500.0	1166.9586992850457	0.0	0	0.0	3182.783532855159	1	0	1	-1.091181804444362
159240.86643501255	1000.0	941.9170978427998	0.0	0	0.0	3182.783532855159	1	0	1	0.2951125566755289
159778.98539203682	500.0	1403.7981408185099	0.0	0	0.0	3182.78353285513	1	0	1	-0.39803462388441524
161147.8121465731	1000.0	1034.9713862822364	0.0	0	0.0	3182.783532855101	1	0	1	0.29511255667553893
161792.37311369216	500.0	1390.4104191631332	0.0	0	0.0	3182.783532855101	1	0	1	-0.398034623884404
162802.196162873	1000.0	1380.5873699822862	0.0	0	0.0	3182.783532855101	1	0	1	0.29511255667554137
163852.34564728473	1000.0	1330.4378855705295	0.0	0	0.0	3182.783532855101	1	0	1	0.9882597372354868
164637.23501413412	1000.0	1545.5485187211282	0.0	0	0.0	3182.783532855101	1	0	1	0.9882597372354868
165481.15069502086	1000.0	1701.6328378344163	0.0	0	0.0	3182.78353285513	1	0	1	0.9882597372354807
166083.15166832838	1000.0	2099.631864526854	0.0	0	0.0	3182.783532855159	1	0	1	0.9882597372354742
168560.8154637814	2000.0	621.9680690738473	0.0	0	0.0	3182.783532855159	1	0	1	0.9882597372354742
169578.1829033128	500.0	604.600629542446	0.0	0	0.0	3182.783532855159	1	0	1	-1.091181804444362
170695.1772934182	500.0	487.60623943704024	0.0	0	0.0	3182.783532855159	1	0	1	0.2951125566755289
171356.6297301613	500.0	826.1538026939261	0.0	0	0.0	3182.7835328551882	1	0	1	0.2951125566755227
172016.46599206148	500.0	1166.3175407937529	0.0	0	0.0	3182.7835328551882	1	0	1	0.2951125566755227
173239.51356039246	1000.0	943.2699724627689	0.0	0	0.0	3182.783532855159	1	0	1	0.2951125566755289
173883.1992270955	500.0	1299.5843057596908	0.0	0	0.0	3182.783532855159	1	0	1	-0.39803462388441646
175030.25223991607	1000.0	1152.5312929391139	0.0	0	0.0	3182.783532855159	1	0	1	0.2951125566755289
176098.53984411448	1000.0	1084.243688740721	0.0	0	0.0	3182.7835328551882	1	0	1	0.9882597372354707
177062.21238899996	1000.0	1120.5711438552444	0.0	0	0.0	3182.7835328552173	1	0	1	0.9882597372354619
178296.81311638793	1000.0	885.9704164672573	0.0	0	0.0	3182.7835328552173	1	0	1	0.9882597372354619
178913.3923771158	500.0	1269.3911557394088	0.0	0	0.0	3182.7835328552173	1	0	1	-0.398034623884429
179938.95725538293	1000.0	1243.8262774722361	0.0	0	0.0	3182.7835328552173	1	0	1	0.2951125566755166
180930.4750305779	1000.0	1252.3085022772862	0.0	0	0.0	3182.7835328551882	1	0	1	0.9882597372354682
181894.59991572116	1000.0	1288.1836171339764	0.0	0	0.0	3182.7835328551882	1	0	1	0.9882597372354682
182552.58366616335	1000.0	1630.1998666918093	0.0	0	0.0	3182.7835328551882	1	0	1	0.9882597372354682
183585.44446208066	1000.0	1597.3390707744725	0.0	0	0.0	3182.783532855159	1	0	1	0.9882597372354742
184568.36526295845	1000.0	1614.418269896693	0.0	0	0.0	3182.783532855159	1	0	1	0.9882597372354742
185314.12622481273	1000.0	1868.6573080424027	0.0	0	0.0	3182.783532855159	1	0	1	0.9882597372354742
186265.82867629806	1000.0	1916.9548565571104	0.0	0	0.0	3182.7835328551882	1	0	1	0.9882597372354682
186956.72483504142	1000.0	2226.0586978137553	0.0	0	0.0	3182.7835328551882	1	0	1	0.9882597372354682
187728.3173293524	1000.0	2454.4662035027704	0.0	0	0.0	3182.7835328551882	1	0	1	0.9882597372354682
188645.7663354517	1000.0	2537.017197403483	0.0	0	0.0	3182.7835328551882	1	0	1	0.9882597372354682
189773.27348934356	1000.0	2409.5100435116306	0.0	0	0.0	3182.783532855159	1	0	1	0.9882597372354742
190915.08596398367	1000.0	2267.6975688715106	0.0	0	0.0	3182.783532855159	1	0	1	0.9882597372354742
192236.2982218446	1000.0	1946.4853110105514	0.0	0	0.0	3182.783532855159	1	0	1	0.9882597372354742
193279.05149798995	1000.0	1903.7320348651974	0.0	0	0.0	3182.7835328551882	1	0	1	0.9882597372354682
194199.91287335142	1000.0	1982.8706595037156	0.0	0	0.0	3182.7835328551882	1	0	1	0.9882597372354682
195017.11920487156	1000.0	2165.664327983576	0.0	0	0.0	3182.7835328551882	1	0	1	0.9882597372354682
195731.8629432607	1000.0	2450.92058959442	0.0	0	0.0	3182.7835328551882	1	0	1	0.9882597372354682
196780.67561683618	1000.0	2402.1079160189656	0.0	0	0.0	3182.7835328552464	1	0	1	0.9882597372354607
197864.20605395184	1000.0	2318.577478903316	0.0	0	0.0	3182.7835328552464	1	0	1	0.9882597372354558
198831.60681189643	2000.0	2254.4366451642463	0.0	0	0.0	3086.0434570607613	1	0	2	0.6033159338459322
200408.37742874454	2000.0	1677.6660283161166	0.0	0	0.0	3086.0434570607904	1	0	1	1.501138725898846
201524.27623627405	1000.0	1561.767220786591	0.0	0	0.0	3086.0434570607904	1	0	1	0.3148443647789536
202519.7287540227	1000.0	1566.3147030379318	0.0	0	0.0	3086.0434570607904	1	0	1	1.0079915453388988
203396.43493761797	1000.0	1689.6085194426928	0.0	0	0.0	3086.0434570607904	1	0	1	1.0079915453388988
204241.29775212877	1000.0	1844.7457049318912	0.0	0	0.0	3086.0434570608195	1	0	1	1.007991545338893
204941.1673340062	1000.0	2144.8761230544796	0.0	0	0.0	3086.0434570608486	1	0	1	1.0079915453388906
206419.61477998956	1000.0	1666.4286770711578	0.0	0	0.0	3086.0434570608486	1	0	1	1.0079915453388872
207801.59803191363	1000.0	1284.445425147086	0.0	0	0.0	3086.0434570608777	1	0	1	1.0079915453388817
208710.72622104496	1000.0	1375.3172360157841	0.0	0	0.0	3086.0434570608486	1	0	1	1.0079915453388872
209997.7645415628	1000.0	1088.2789154979419	0.0	0	0.0	3086.0434570608195	1	0	1	1.0079915453388908
210582.0844473659	1000.0	1503.9590096948168	0.0	0	0.0	3086.0434570608195	1	0	1	1.007991545338893
211070.7595825286	1000.0	2015.2838745320942	0.0	0	0.0	3086.0434570608195	1	0	1	1.007991545338893
212762.226951983	2000.0	1323.8165050777015	0.0	0	0.0	3086.0434570608195	1	0	1	1.0079915453388928
213352.54419896335	1000.0	1733.4992580973442	0.0	0	0.0	3086.0434570608195	1	0	1	0.3148443647789478
214045.17519055068	1000.0	2040.8682665100046	0.0	0	0.0	3086.0434570608195	1	0	1	1.007991545338893
214968.14822068939	1000.0	2117.895236371308	0.0	0	0.0	3086.0434570608486	1	0	1	1.0079915453388895
216243.50115351749	2000.0	1842.5423035431832	0.0	0	0.0	3086.0434570608486	1	0	1	1.0079915453388875
217094.9123614836	1000.0	1991.1310955770575	0.0	0	0.0	3086.0434570608486	1	0	1	0.31484436477894207
218035.41406639462	1000.0	2050.6293906660703	0.0	0	0.0	3086.0434570608486	1	0	1	1.0079915453388872
218735.4066702904	1000.0	2350.6367867702606	0.0	0	0.0	3086.0434570608486	1	0	1	1.0079915453388872
219242.24066096483	1000.0	2843.8027960957975	0.0	0	0.0	3086.0434570608195	1	0	1	1.007991545338893
220569.20201125447	2000.0	2516.8414458061347	0.0	0	0.0	3086.0434570608195	1	0	1	1.0079915453388928
221837.97657597566	2000.0	2248.0668810849456	0.0	0	0.0	3086.0434570608486	1	0	1	1.7011387258988324
223504.06820455435	2000.0	1415.3660896483498	0.0	0	0.0	2919.434294202947	1	0	2	1.3226750341584164
224663.3220401405	1000.0	1256.1122540622264	0.0	0	0.0	2919.434294202947	1	0	1	0.14505188947061953
225319.98587470024	1000.0	1599.4484195024584	0.0	0	0.0	2919.434294202947	1	0	1	1.038199070030565
226055.18508617362	1000.0	1864.2492080290872	0.0	0	0.0	2919.434294202976	1	0	1	1.0381990700305619
227390.89392251297	1000.0	1528.5403716897347	0.0	0	0.0	2919.434294202947	1	0	1	1.038199070030563
228204.31814779935	500.0	1715.1161464033578	0.0	0	0.0	2919.434294202918	1	0	1	-0.3480952910893209
229643.19365059238	1000.0	1276.240643610301	0.0	0	0.0	2919.434294202918	1	0	1	0.3450518894706244
230537.74702584813	1000.0	1381.6872683545944	0.0	0	0.0	2919.434294202918	1	0	1	1.0381990700305697
231524.06349344942	1000.0	1395.3708007532823	0.0	0	0.0	2919.434294202918	1	0	1	1.0381990700305697
232448.84454184392	1000.0	1470.5897523587657	0.0	0	0.0	2919.434294202889	1	0	1	1.0381990700305745
233890.70208018663	1000.0	1028.7322140160304	0.0	0	0.0	2919.4342942028597	1	0	1	1.0381990700305797
235123.0804460157	1000.0	796.3538481869991	0.0	0	0.0	2919.4342942028597	1	0	1	1.0381990700305797
236283.70957908017	1000.0	635.7247151225081	0.0	0	0.0	2919.4342942028015	1	0	1	1.0381990700305883
237085.80213423446	500.0	833.6321599682105	0.0	0	0.0	2919.4342942028015	1	0	1	-0.3480952910893015
237911.92943196394	500.0	1007.504862238724	0.0	0	0.0	2919.4342942027724	1	0	1	0.3450518894706468
239221.56774202138	1000.0	697.8665521812957	0.0	0	0.0	2919.4342942027433	1	0	1	0.3450518894706536
239857.93296773513	500.0	1061.501326467499	0.0	0	0.0	2919.434294202714	1	0	1	-0.3480952910892868
240973.7517016749	1000.0	945.6825925277268	0.0	0	0.0	2919.434294202714	1	0	1	0.3450518894706586
242356.68034252303	1000.0	562.7539516795982	0.0	0	0.0	2919.434294202714	1	0	1	1.038199070030604
243072.65723406544	500.0	846.7770601372127	0.0	0	0.0	2919.4342942027433	1	0	1	-0.34809529108929166
244012.3276217187	1000.0	907.1066724839967	0.0	0	0.0	2919.4342942027433	1	0	1	0.3450518894706536
244812.83626922907	500.0	1106.5980249736037	0.0	0	0.0	2919.4342942027433	1	0	1	-0.34809529108929166
245694.82535182327	1000.0	1224.6089423793878	0.0	0	0.0	2919.4342942027433	1	0	1	0.3450518894706536
246323.81568668943	1000.0	1595.6186075132393	0.0	0	0.0	2919.4342942027724	1	0	1	1.0381990700305943
247125.9198372583	1000.0	1793.514456944342	0.0	0	0.0	2919.4342942027433	1	0	1	1.038199070030599
248379.013178972	2000.0	1540.421115230651	0.0	0	0.0	2919.4342942028015	1	0	1	1.0381990700305903
249313.83314572318	1000.0	1605.6011484794733	0.0	0	0.0	2919.4342942028015	1	0	1	0.34505188947064414
250408.98240041547	1000.0	1510.4518937871467	0.0	0	0.0	2919.4342942028015	1	0	1	1.0381990700305894
251559.73214517505	1000.0	1359.7021490275663	0.0	0	0.0	2919.4342942028306	1	0	1	1.0381990700305843
252834.31983830992	1000.0	1085.1144558927047	0.0	0	0.0	2919.4342942028015	1	0	1	1.0381990700305894
253924.44547181902	1000.0	994.9888223836078	0.0	0	0.0	2919.4342942028015	1	0	1	1.0381990700305894
254462.61475561434	1000.0	1456.8195385882996	0.0	0	0.0	2919.4342942028015	1	0	1	1.0381990700305894
254956.0424852052	1000.0	1963.3918089974466	0.0	0	0.0	2919.4342942028306	1	0	1	1.0381990700305843
256379.84584527867	2000.0	1539.5884489239368	0.0	0	0.0	2919.4342942027724	1	0	1	1.0381990700305932
257486.60704971867	2000.0	1432.8272444839	0.0	0	0.0	2919.4342942027724	1	0	1	1.7313462505905395
258179.60545005382	1000.0	1739.828844148766	0.0	0	0.0	2919.4342942027724	1	0	1	0.34505188947064913
259126.90614521023	1000.0	1792.5281489923075	0.0	0	0.0	2919.4342942027433	1	0	1	1.038199070030599
259739.2164851811	1000.0	2180.2178090214347	0.0	0	0.0	2919.434294202714	1	0	1	1.038199070030604
260735.450691095	2000.0	2183.983603107511	0.0	0	0.0	2919.434294202685	1	0	1	1.038199070030609
262755.2357345177	2000.0	1164.1985596848244	0.0	0	0.0	2919.434294202685	1	0	1	1.7313462505905532
263400.15258101205	1000.0	1519.2817131904335	0.0	0	0.0	2919.434294202627	1	0	1	0.34505188947067145
264482.91621011915	2000.0	1436.518084083301	0.0	0	0.0	2919.434294202598	1	0	1	1.0381990700306205
265099.257715064	1000.0	1820.176579138401	0.0	0	0.0	2919.4342942025396	1	0	1	0.3450518894706794
266818.2157334443	2000.0	1101.2185607580464	0.0	0	0.0	2919.4342942024814	1	0	1	1.0381990700306432
268194.03024157014	1000.0	725.4040526321979	0.0	0	0.0	2919.4342942024814	1	0	1	0.345051889470698
268803.3631787962	500.0	1116.071115406146	0.0	0	0.0	2919.4342942024814	1	0	1	-0.34809529108925363
269503.6328074115	1000.0	1415.8014867909094	0.0	0	0.0	2919.4342942024814	1	0	1	0.34505188947069776
270054.38599222596	1000.0	1865.0483019763897	0.0	0	0.0	2919.4342942024814	1	0	1	1.0381990700306432
271290.0524542212	2000.0	1629.3818399811082	0.0	0	0.0	2919.434294202365	1	0	1	1.0381990700306587
272424.2039499802	1000.0	1495.2303442220893	0.0	0	0.0	2919.434294202423	1	0	1	0.3450518894707077
273053.88975190616	1000.0	1865.544542296096	0.0	0	0.0	2919.434294202365	1	0	1	1.0381990700306627
273640.1077271174	1000.0	2279.326567084725	0.0	0	0.0	2919.434294202307	1	0	1	1.0381990700306725
275526.756972435	2000.0	1392.6773217672012	0.0	0	0.0	2919.4342942022486	1	0	1	1.0381990700306822
276503.2431167528	1000.0	1416.1911774493694	0.0	0	0.0	2919.4342942022486	1	0	1	0.34505188947073706
277761.96949431824	1000.0	1157.464799883976	0.0	0	0.0	2919.4342942022486	1	0	1	1.03819907003069
278630.8763548149	1000.0	1288.557939387325	0.0	0	0.0	2919.4342942022486	1	0	1	1.0381990700306822
279675.4317521629	1000.0	1244.002542039299	0.0	0	0.0	2919.434294202307	1	0	1	1.0381990700306725
280386.22420436534	1000.0	1533.2100898368446	0.0	0	0.0	2919.434294202307	1	0	1	1.0381990700306725
281007.7724531776	1000.0	1911.6618410246683	0.0	0	0.0	2919.434294202365	1	0	1	1.0381990700306645
283006.87092885125	2000.0	912.563365351036	0.0	0	0.0	2919.434294202365	1	0	1	1.0381990700306625
283875.28106322815	500.0	1044.153230974157	0.0	0	0.0	2919.434294202365	1	0	1	-1.041242471649173
284980.141588464	500.0	939.2927057383927	0.0	0	0.0	2919.434294202365	1	0	1	0.3450518894707172
286099.9399018758	1000.0	819.4943923265746	0.0	0	0.0	2919.434294202365	1	0	1	0.3450518894707172
286622.6435649543	500.0	1296.790729248133	0.0	0	0.0	2919.434294202365	1	0	1	-0.3480952910892282
288069.2927429061	1000.0	850.141551296293	0.0	0	0.0	2919.434294202307	1	0	1	0.34505188947072696
288875.70860297885	1000.0	1043.725691223579	0.0	0	0.0	2919.4342942021904	1	0	1	1.0381990700306862
289458.70962139516	1000.0	1460.724672807207	0.0	0	0.0	2919.4342942021904	1	0	1	1.038199070030692
291442.046613976	2000.0	477.38768022630256	0.0	0	0.0	2919.4342942021904	1	0	1	1.038199070030692
291864.3554896831	500.0	1055.078804519177	0.0	0	0.0	2919.4342942021904	1	0	1	-1.0412424716491442
293275.0222341238	1000.0	644.4120600784718	0.0	0	0.0	2919.434294202132	1	0	1	0.3450518894707563
293816.7992469522	500.0	1102.6350472500508	0.0	0	0.0	2919.4342942021904	1	0	1	-0.3480952910891988
294347.1168787944	1000.0	1572.3174154079004	0.0	0	0.0	2919.4342942021904	1	0	1	0.3450518894707466
295014.2032445387	1000.0	1905.2310496635869	0.0	0	0.0	2919.434294202132	1	0	1	1.0381990700307018
296111.31872657506	2000.0	1808.1155676272697	0.0	0	0.0	2919.4342942021904	1	0	1	1.038199070030692
297957.9375633001	2000.0	961.4967309022609	0.0	0	0.0	2919.4342942021904	1	0	1	1.7313462505906372
299064.41964809416	1000.0	855.0146461081725	0.0	0	0.0	2919.4342942021904	1	0	1	0.34505188947074683
300071.899473684	1000.0	847.5348205182918	0.0	0	0.0	2919.4342942022486	1	0	1	1.0381990700306822
300819.63925512484	500.0	1099.7950390774606	0.0	0	0.0	2919.4342942022486	1	0	1	-0.3480952910892088
302058.09301048453	1000.0	861.3412837177527	0.0	0	0.0	2919.434294202307	1	0	1	0.34505188947072896
1.75	1.88	1.36	0.88	0.76	1.1	0.76	0.74	0.72	1.04	1.17	1.37	1.14	1.4	0.94	0.74	0.47	0.63	0.79	1.04	0.95	0.97	1.33	0.92	0.82	0.9	1.1	1.14	0.85	1.42	1.01	1.0	1.17	1.56	1.02	1.25	1.09	0.79	0.59	0.96	1.48	0.95	1.08	1.18	0.94	1.61	1.48	1.07	1.16	1.29	1.18	1.54	1.08	0.64	0.98	1.29	0.92	1.31	1.99	1.0	1.4	1.18	1.63	1.37	1.12	1.12	1.81	1.1	1.19	1.67	1.24	0.98	1.29	0.93	0.57	0.71	0.98	1.05	1.02	0.89	0.79	0.9	1.23	0.96	0.71	0.96	0.98	0.98	1.07	0.71	1.1	0.8	1.22	1.27	1.73	1.52	1.16	0.8	1.09	1.0	1.0	1.47	1.75	1.99	1.19	1.32	1.64	1.48	1.0	1.63	1.83	1.7	1.76	1.44	1.11	0.76	1.45	1.77	1.04	1.2	1.4	0.94	0.9	1.04	0.94	1.6	1.03	1.58	1.45	0.83	0.64	0.53	0.96	0.89	0.68	1.39	1.85	1.19	1.0	1.02	0.96	1.58	2.06	1.76	1.32	0.96	1.27	0.82	0.67	2.05	1.75	1.88	1.36	0.88	0.76	1.1	0.76	0.74	0.72	1.04	1.17	1.37	1.14	1.4	0.94	0.74	0.47	0.63	0.79	1.04	0.95	0.97	1.33	0.92	0.82	0.9	1.1	1.14	0.85	1.42	1.01	1.0	1.17	1.56	1.02	1.25	1.09	0.79	0.59	0.96	1.48	0.95	1.08	1.18	0.94	1.61	1.48	1.07	1.16	1.29	1.18	1.54	1.08	0.64	0.98	1.29	0.92	1.31	1.99	1.0	1.4	1.18	1.63	1.37	1.12	1.12	1.81	1.1	1.19	1.67	1.24	0.98	1.29	0.93	0.57	0.71	0.98	1.05	1.02	0.89	0.79	0.9	1.23	0.96	0.71	0.96	0.98	0.98	1.07	0.71	1.1	0.8	1.22	1.27	1.73	1.52	1.16	0.8	1.09	1.0	1.0	1.47	1.75	1.99	1.19	1.32	1.64	1.48	1.0	1.63	1.83	1.7	1.76	1.44	1.11	0.76	1.45	1.77	1.04	1.2	1.4	0.94	0.9	1.04	0.94	1.6	1.03	1.58	1.45	0.83	0.64	0.53	0.96	0.89	0.68	1.39	1.85	1.19	1.0	1.02	0.96	1.58	2.06	1.76	1.32	0.96	1.27	0.82	0.67	2.05	1.75	1.88
1.0	2.0	3.0	4.0	5.0	6.0	7.0	8.0	9.0	10.0	11.0	12.0	13.0	14.0	15.0	16.0	17.0	18.0	19.0	20.0	21.0	22.0	23.0	24.0	25.0	26.0	27.0	28.0	29.0	30.0	31.0	32.0	33.0	34.0	35.0	36.0	37.0	38.0	39.0	40.0	41.0	42.0	43.0	44.0	45.0	46.0	47.0	48.0	49.0	50.0	51.0	52.0	53.0	54.0	55.0	56.0	57.0	58.0	59.0	60.0	61.0	62.0	63.0	64.0	65.0	66.0	67.0	68.0	69.0	70.0	71.0	72.0	73.0	74.0	75.0	76.0	77.0	78.0	79.0	80.0	81.0	82.0	83.0	84.0	85.0	86.0	87.0	88.0	89.0	90.0	91.0	92.0	93.0	94.0	95.0	96.0	97.0	98.0	99.0	100.0	101.0	102.0	103.0	104.0	105.0	106.0	107.0	108.0	109.0	110.0	111.0	112.0	113.0	114.0	115.0	116.0	117.0	118.0	119.0	120.0	121.0	122.0	123.0	124.0	125.0	126.0	127.0	128.0	129.0	130.0	131.0	132.0	133.0	134.0	135.0	136.0	137.0	138.0	139.0	140.0	141.0	142.0	143.0	144.0	145.0	146.0	147.0	148.0	149.0	149.0	150.0	151.0	152.0	153.0	154.0	155.0	156.0	157.0	158.0	159.0	160.0	161.0	162.0	163.0	164.0	165.0	166.0	167.0	168.0	169.0	170.0	171.0	172.0	173.0	174.0	175.0	176.0	177.0	178.0	179.0	180.0	181.0	182.0	183.0	184.0	185.0	186.0	187.0	188.0	189.0	190.0	191.0	192.0	193.0	194.0	195.0	196.0	197.0	198.0	199.0	200.0	201.0	202.0	203.0	204.0	205.0	206.0	207.0	208.0	209.0	210.0	211.0	212.0	213.0	214.0	215.0	216.0	217.0	218.0	219.0	220.0	221.0	222.0	223.0	224.0	225.0	226.0	227.0	228.0	229.0	230.0	231.0	232.0	233.0	234.0	235.0	236.0	237.0	238.0	239.0	240.0	241.0	242.0	243.0	244.0	245.0	246.0	247.0	248.0	249.0	250.0	251.0	252.0	253.0	254.0	255.0	256.0	257.0	258.0	259.0	260.0	261.0	262.0	263.0	264.0	265.0	266.0	267.0	268.0	269.0	270.0	271.0	272.0	273.0	274.0	275.0	276.0	277.0	278.0	279.0	280.0	281.0	282.0	283.0	284.0	285.0	286.0	287.0	288.0	289.0	290.0	291.0	292.0	293.0	294.0	295.0	296.0	297.0	298.0	298.0	299.0	300.0
3734.007599093173
