5651.821447161673	300.0	1000.0	177.25076847312582	0	0.0	5651.821447161673	0	0	1	-2.674070288561934
5840.097677178112	300.0	2000.0	188.27623001643968	0	0.0	5840.097677178112	1	0	1	-2.917960183016426
6704.551663884898	2000.0	2049.100614622534	0.0	0	0.0	5753.652278507432	1	0	2	-2.1645148436131008
7368.161659583883	2000.0	2319.1296193536496	0.0	0	0.0	5687.291278937532	1	0	2	0.0020240071286182215
8225.949843573624	3000.0	2375.5626169649354	0.0	0	0.0	5601.512460538559	1	0	2	0.08047530364428929
9129.740535778814	2000.0	2381.3928555392254	0.0	0	0.0	5511.133391318039	1	0	2	-0.24298615746305668
9957.166027411295	2000.0	2471.2248147434975	0.0	0	0.0	5428.390842154791	1	0	2	0.24268307462834798
10828.812302203247	2000.0	2512.413912472351	0.0	0	0.0	5341.226214675596	1	0	2	0.323407730318165
11979.082629333776	2000.0	2247.1165526287696	0.0	0	0.0	5226.199181962543	1	0	2	0.41802274024369585
13299.045834963003	2000.0	1795.1570264366205	0.0	0	0.0	5094.202861399621	1	0	2	0.5228537217177279
14673.34197994916	2000.0	1283.4312669518465	0.0	0	0.0	4956.773246901006	1	0	2	0.6417170536152068
15385.959136146419	2000.0	1499.5523951348616	0.0	0	0.0	4885.5115312812795	1	0	2	0.7054755129366863
16319.753894920814	2000.0	1472.3781604830285	0.0	0	0.0	4792.132055403843	1	0	2	0.7708668580274503
17215.27357148256	2000.0	1487.3065162651064	0.0	0	0.0	4702.580087747672	1	0	2	0.8324499674674779
17862.557623191267	2000.0	1775.294059385532	0.0	0	0.0	4637.851682576802	1	0	2	0.8812094389062008
19676.24798795945	2000.0	780.2346581405327	0.0	0	0.0	4456.482646099987	1	0	2	0.9639045431381936
20348.043978651698	1000.0	1108.4386674482832	0.0	0	0.0	4456.482646099985	1	0	1	-0.38338203019183437
20918.076696327484	1000.0	1538.405949772497	0.0	0	0.0	4456.482646099983	1	0	1	0.5097651503681111
21910.388254220594	2000.0	1446.8632360900767	0.0	0	0.0	4357.251490310671	1	0	2	0.15298915505552463
22740.085408535968	2000.0	1534.1963663431604	0.0	0	0.0	4274.281774879124	1	0	2	1.0929575249076438
23598.4059657608	2000.0	1590.0437533958475	0.0	0	0.0	4188.449719156644	1	0	2	1.135529806079793
24278.024589637083	2000.0	1842.4632671319328	0.0	0	0.0	4120.48785676901	1	0	2	1.1697396085194331
25635.877527626646	2000.0	1348.8250353434162	0.0	0	0.0	3984.7025629700547	1	0	2	1.2175995587629407
26248.896803334792	1000.0	1735.8057596352676	0.0	0	0.0	3984.7025629700547	1	0	1	-0.1497083720457903
27724.28030276343	2000.0	1112.883910263768	0.0	0	0.0	3837.164213027194	1	0	2	0.38775151680490355
28449.649854643638	1000.0	1387.5143583835593	0.0	0	0.0	3837.164213027194	1	0	1	-0.09183526192301816
29275.1357064005	1000.0	1562.0285066267002	0.0	0	0.0	3837.164213027194	1	0	1	0.8013119186369272
29929.580122033996	1000.0	1907.5840909932058	0.0	0	0.0	3837.1642130271975	1	0	1	0.8013119186369257
31189.731004198497	2000.0	1521.4181206122557	0.0	0	0.0	3711.149124810745	1	0	2	0.43373119376152053
32591.5017298603	1000.0	1119.6473949504502	0.0	0	0.0	3711.149124810745	1	0	1	-0.047486066016573625
33575.10761637858	1000.0	1136.0415084321844	0.0	0	0.0	3711.1491248107523	1	0	1	0.8456611145433699
34284.443902142004	1000.0	1426.7052226687579	0.0	0	0.0	3711.1491248107486	1	0	1	0.8456611145433703
35029.75407963016	1000.0	1681.395045180603	0.0	0	0.0	3711.1491248107523	1	0	1	0.845661114543369
36065.23924082307	2000.0	1542.3613678684042	0.0	0	0.0	3607.6006086914676	1	0	2	0.4685007725844022
36981.62119646521	1000.0	1625.979412226261	0.0	0	0.0	3607.600608691464	1	0	1	-0.014300364150114708
37875.54379464426	1000.0	1732.056814047216	0.0	0	0.0	3607.6006086914786	1	0	1	0.8788468164098266
38598.17699082296	1000.0	2009.4236178685155	0.0	0	0.0	3607.6006086914786	1	0	1	0.8788468164098262
39356.847394320605	2000.0	2174.886174021104	0.0	0	0.0	3531.7335683417114	1	0	2	0.49592370601582353
40315.4600120673	2000.0	2216.27355627441	0.0	0	0.0	3531.7335683417186	1	0	1	1.3945585557238167
41131.59961546211	2000.0	2400.133952879597	0.0	0	0.0	3531.7335683417114	1	0	1	1.5945585557238187
42024.73714833032	2000.0	2417.682666724569	0.0	0	0.0	3442.419815054898	1	0	2	1.2134715739057536
43005.298614886415	2000.0	2339.065053512867	0.0	0	0.0	3344.3636683992954	1	0	2	1.4375434524463913
44032.868987142465	2000.0	2208.737644031208	0.0	0	0.0	3241.606631173694	1	0	2	1.460861821348757
45204.98123709843	2000.0	2036.6253940752372	0.0	0	0.0	3241.6066311736868	1	0	1	1.468552994238688
46114.745087265466	2000.0	2126.8615439081977	0.0	0	0.0	3241.606631173694	1	0	1	1.6685529942386865
46715.02621415171	2000.0	2526.58041702195	0.0	0	0.0	3241.606631173694	1	0	1	1.6685529942386865
47603.52971556001	2000.0	2638.0769156136494	0.0	0	0.0	3241.606631173694	1	0	1	1.6685529942386865
48312.698048646074	2000.0	2928.908582527589	0.0	0	0.0	3241.606631173694	1	0	1	1.6685529942386865
49864.80141369745	3000.0	2221.594880971065	0.0	0	0.0	3086.396294668535	1	0	2	1.2924497843383278
50926.396659925704	2000.0	2159.9996347428178	0.0	0	0.0	3086.396294668535	1	0	1	1.0956047061839653
52129.129513346204	2000.0	1957.2667813223218	0.0	0	0.0	3086.396294668535	1	0	1	1.7010698142921301
52996.07672502623	2000.0	2090.319569642295	0.0	0	0.0	3086.396294668535	1	0	1	1.7010698142921301
54204.32280133191	2000.0	1882.073493336608	0.0	0	0.0	3086.396294668535	1	0	1	1.7010698142921301
55244.344107597164	2000.0	1842.0521870713508	0.0	0	0.0	3086.3962946685424	1	0	1	1.7010698142921286
55823.20621386069	2000.0	2263.190080807816	0.0	0	0.0	3086.3962946685424	1	0	1	1.7010698142921286
56544.65363583677	2000.0	2541.7426588317394	0.0	0	0.0	3086.3962946685424	1	0	1	1.7010698142921286
57602.375926997185	3000.0	2378.248138555272	0.0	0	0.0	2980.624065552489	1	0	2	1.315286030227644
58276.34836148266	2000.0	2704.2757040697966	0.0	0	0.0	2980.624065552496	1	0	1	1.115312692353926
59200.0	2000.0	2780.624065552459	0.0	0	24.673963586865284	2980.624065552496	1	0	1	1.7207778004620908
60442.10368768931	2000.0	2538.520377863142	0.0	0	0.0	2980.624065552496	1	0	1	1.7207778004620908
61806.199791085084	2000.0	2174.4242744673693	0.0	0	0.0	2980.624065552496	1	0	1	1.7207778004620908
62513.05333085854	1000.0	2467.5707346939093	0.0	0	0.0	2980.624065552496	1	0	1	0.3344834393422004
63939.48423225027	2000.0	2041.1398333021782	0.0	0	0.0	2980.624065552496	1	0	1	1.0276306199021457
64825.215780181854	2000.0	2155.408285370594	0.0	0	0.0	2980.624065552496	1	0	1	1.7207778004620908
65940.70226954202	2000.0	2039.921796010435	0.0	0	0.0	2980.6240655525035	1	0	1	1.7207778004620904
66769.29727165443	2000.0	2211.3267938980225	0.0	0	0.0	2980.6240655525035	1	0	1	1.7207778004620886
67544.64568708297	2000.0	2435.978378469493	0.0	0	0.0	2980.624065552518	1	0	1	1.7207778004620875
68200.0	3000.0	2715.0886342607664	0.0	0	15.006409407680621	2915.088634260821	1	0	2	1.3291317902264512
69200.0	3000.0	2615.0886342607655	0.0	0	279.5105431976699	2815.0886342608137	1	0	2	1.9481338842268332
70200.0	3000.0	2515.088634260755	0.0	0	358.60712928234716	2715.088634260799	1	0	2	1.9627344375101436
72369.14361188977	6000.0	1345.945022370977	0.0	0	0.0	2715.088634260799	1	0	1	1.9681057411465317
73361.16689422911	2000.0	1353.9217400316286	0.0	0	0.0	2715.088634260799	1	0	1	0.6640283443702579
74058.59162252539	2000.0	1656.4970117353619	0.0	0	0.0	2715.088634260799	1	0	1	1.7626406330383677
74717.31975624959	2000.0	1997.7688780111748	0.0	0	0.0	2715.088634260799	1	0	1	1.7626406330383677
75842.2226148387	3000.0	1760.3757335631653	0.0	0	0.0	2602.5983484018943	1	0	2	1.3736885452973089
76683.0111822995	2000.0	1835.508309356286	0.0	0	0.0	2518.519491655825	1	0	2	1.1793889942363451
77441.2103046474	2000.0	2077.309187008387	0.0	0	0.0	2518.519491655825	1	0	1	1.5876353391195228
78411.50825855765	2000.0	2107.01123309813	0.0	0	0.0	2518.519491655825	1	0	1	1.787635339119523
80068.06819030248	2000.0	1450.4513013532871	0.0	0	0.0	2518.519491655825	1	0	1	1.787635339119523
81058.14897005649	1000.0	1460.3705215992843	0.0	0	0.0	2518.519491655825	1	0	1	0.40134097799963253
81779.24045763887	1000.0	1739.279034016881	0.0	0	0.0	2518.5194916558103	1	0	1	1.0944881585595794
82873.67379837537	2000.0	1644.8456932803726	0.0	0	0.0	2518.5194916558103	1	0	1	1.0944881585595794
83889.98606256075	2000.0	1628.5334290949904	0.0	0	0.0	2518.5194916557957	1	0	1	1.7876353391195263
84588.21041006876	2000.0	1930.309081586988	0.0	0	0.0	2518.5194916558103	1	0	1	1.7876353391195245
85317.43259513355	2000.0	2201.086896522196	0.0	0	0.0	2518.5194916558103	1	0	1	1.7876353391195245
86200.0	2000.0	2318.51949165574	0.0	0	284.363319062395	2518.5194916558103	1	0	1	1.7876353391195245
87324.97859607107	3000.0	2081.0430359775382	0.0	0	0.0	2406.0216320486797	1	0	2	1.39713384195281
88200.0	3000.0	2118.519491655721	0.0	0	142.91781327665376	2318.5194916557666	1	0	2	2.01129593634037
89287.19014364164	3000.0	1922.6103336499514	0.0	0	0.0	2209.8004772916465	1	0	2	2.0214618821257417
90489.84594023069	3000.0	1599.6889574019885	0.0	0	0.0	2089.534897632737	1	0	2	2.0312027766841854
91510.69682937008	2000.0	1578.8380682626175	0.0	0	0.0	2089.534897632737	1	0	1	1.222994114536121
92400.27602080764	2000.0	1689.258876825077	0.0	0	0.0	2089.534897632737	1	0	1	1.8284592226442857
93200.0	2000.0	1889.5348976327048	0.0	0	19.69669596165477	2089.534897632737	1	0	1	1.8284592226442857
94200.0	2000.0	1889.5348976327048	0.0	0	132.28371380787576	2089.534897632737	1	0	1	1.8284592226442857
95200.0	2000.0	1889.5348976327045	0.0	0	427.41606341495935	2089.534897632737	1	0	1	1.8284592226442857
96200.0	2000.0	1889.5348976327	0.0	0	246.47951071696298	2089.534897632737	1	0	1	1.8284592226442857
97200.0	2000.0	1789.5348976326727	0.0	0	212.5440166650078	1989.5348976326932	1	0	2	1.4331358066180675
98200.0	2000.0	1789.5348976326707	0.0	0	318.09333123237593	1989.5348976326932	1	0	1	1.6358012882051258
99260.39781983024	2000.0	1729.1370778024416	0.0	0	0.0	1989.5348976326932	1	0	1	1.835801288205126
100783.24767887192	2000.0	1206.287218760755	0.0	0	0.0	1989.5348976326932	1	0	1	1.835801288205126
101952.77498087294	2000.0	1036.7599167597332	0.0	0	0.0	1989.5348976326932	1	0	1	1.835801288205126
102801.6619163589	1000.0	1187.8729812737818	0.0	0	0.0	1989.5348976326932	1	0	1	0.4495069270852357
103461.82339361808	1000.0	1527.7115040146052	0.0	0	0.0	1989.5348976326932	1	0	1	1.1426541076451808
104200.93936814395	1000.0	1788.595529488739	0.0	0	0.0	1989.5348976326932	1	0	1	1.1426541076451808
105212.11209172424	2000.0	1777.422805908433	0.0	0	0.0	1989.5348976326932	1	0	1	1.142654107645181
106214.44281375661	2000.0	1775.0920838760544	0.0	0	0.0	1989.5348976326932	1	0	1	1.835801288205126
107200.0	2000.0	1789.5348976326538	0.0	0	168.50090537639335	1989.5348976326786	1	0	1	1.835801288205127
108200.0	2000.0	1789.5348976326454	0.0	0	181.68520789479953	1989.5348976326786	1	0	1	1.835801288205127
109200.0	2000.0	1789.5348976326418	0.0	0	212.12412692319776	1989.5348976326786	1	0	1	1.835801288205127
110200.0	2000.0	1789.5348976326256	0.0	0	213.36011865609908	1989.534897632664	1	0	1	1.835801288205128
111200.0	2000.0	1789.5348976326366	0.0	0	83.86172168258054	1989.534897632664	1	0	1	1.835801288205128
112200.0	3000.0	1689.5348976326393	0.0	0	216.3012807838095	1889.5348976326786	1	0	2	1.4402627941244297
113200.0	2000.0	1689.5348976326543	0.0	0	143.1935158958222	1889.5348976326932	1	0	1	1.237003288860517
114200.0	2000.0	1689.534897632657	0.0	0	111.95648169939523	1889.5348976327077	1	0	1	1.8424683969686808
115230.36786453145	2000.0	1659.1670331012085	0.0	0	0.0	1889.5348976326932	1	0	1	1.8424683969686817
116200.0	2000.0	1689.5348976326538	0.0	0	94.02605837579176	1889.5348976326932	1	0	1	1.8424683969686817
117200.0	2000.0	1689.5348976326577	0.0	0	209.35996058447927	1889.5348976326932	1	0	1	1.8424683969686817
118200.0	2000.0	1689.534897632649	0.0	0	330.4342924500961	1889.5348976326932	1	0	1	1.8424683969686817
119200.0	2000.0	1689.5348976326563	0.0	0	295.24532549487776	1889.5348976326932	1	0	1	1.8424683969686817
120616.62100974921	2000.0	1272.913887883449	0.0	0	0.0	1889.5348976326932	1	0	1	1.8424683969686817
121472.08636906369	2000.0	1417.4485285689539	0.0	0	0.0	1889.5348976326932	1	0	1	1.8424683969686817
122642.98705214044	2000.0	1246.5478454922054	0.0	0	0.0	1889.5348976326932	1	0	1	1.8424683969686817
123615.79922447614	2000.0	1273.735673156499	0.0	0	0.0	1889.5348976326932	1	0	1	1.8424683969686817
124318.56594272185	2000.0	1570.9689549107966	0.0	0	0.0	1889.5348976326932	1	0	1	1.8424683969686817
125200.0	2000.0	1689.534897632645	0.0	0	197.31488637020811	1889.5348976327077	1	0	1	1.8424683969686808
126200.0	2000.0	1689.5348976326475	0.0	0	332.0016401462344	1889.5348976327077	1	0	1	1.8424683969686808
127200.0	2000.0	1689.5348976326407	0.0	0	257.2625718594063	1889.5348976327077	1	0	1	1.8424683969686808
128200.0	2000.0	1689.5348976326181	0.0	0	86.60376846889267	1889.5348976327077	1	0	1	1.8424683969686808
129215.0983231304	2000.0	1674.436574502223	0.0	0	0.0	1889.5348976327077	1	0	1	1.8424683969686808
130200.0	2000.0	1689.5348976326331	0.0	0	26.092748164301156	1889.5348976327223	1	0	1	1.84246839696868
131606.99288330556	2000.0	1282.5420143270399	0.0	0	0.0	1889.5348976326786	1	0	1	1.8424683969686815
132655.47693924172	2000.0	1234.0579583908616	0.0	0	0.0	1889.534897632664	1	0	1	1.8424683969686837
133547.28548092404	2000.0	1342.2494167085415	0.0	0	0.0	1889.534897632664	1	0	1	1.8424683969686837
134610.59141338873	2000.0	1278.9434842438855	0.0	0	0.0	1889.5348976326932	1	0	1	1.8424683969686817
135487.5183231479	2000.0	1402.0165744847504	0.0	0	0.0	1889.5348976326932	1	0	1	1.8424683969686817
136473.68734131224	2000.0	1415.8475563204258	0.0	0	0.0	1889.5348976326932	1	0	1	1.8424683969686817
137312.09864092455	2000.0	1577.4362567081303	0.0	0	0.0	1889.5348976327223	1	0	1	1.84246839696868
138680.39082865717	2000.0	1209.1440689754982	0.0	0	0.0	1889.5348976327223	1	0	1	1.84246839696868
139576.95847787958	2000.0	1312.5764197530507	0.0	0	0.0	1889.5348976326932	1	0	1	1.8424683969686817
140537.49219478926	2000.0	1352.0427028434062	0.0	0	0.0	1889.5348976326932	1	0	1	1.8424683969686817
141548.12824472244	2000.0	1341.4066529102101	0.0	0	0.0	1889.534897632664	1	0	1	1.8424683969686837
142232.0309206828	2000.0	1657.503976949853	0.0	0	0.0	1889.534897632635	1	0	1	1.8424683969686857
143218.8524003949	2000.0	1670.6824972377183	0.0	0	0.0	1889.5348976326059	1	0	1	1.8424683969686872
144270.66857369497	2000.0	1618.8663239376585	0.0	0	0.0	1889.5348976326059	1	0	1	1.8424683969686872
145447.39737436513	2000.0	1442.1375232674884	0.0	0	0.0	1889.5348976325768	1	0	1	1.8424683969686892
146200.0	2000.0	1689.534897632641	0.0	0	19.977228963689413	1889.5348976325768	1	0	1	1.8424683969686892
147200.0	2000.0	1689.534897632627	0.0	0	337.63867803887115	1889.5348976325768	1	0	1	1.8424683969686892
148779.16822212952	2000.0	1110.3666755031113	0.0	0	0.0	1889.5348976325768	1	0	1	1.8424683969686892
149826.62354251868	2000.0	1062.9113551139408	0.0	0	0.0	1889.5348976325768	1	0	1	1.8424683969686892
151330.53154313116	2000.0	559.0033545014514	0.0	0	0.0	1889.5348976325768	1	0	1	1.8424683969686892
152149.048585758	1000.0	740.4863118746248	0.0	0	0.0	1889.5348976325768	1	0	1	0.4561740358487989
153323.67467535505	1000.0	565.8602222775885	0.0	0	0.0	1889.5348976325768	1	0	1	1.149321216408744
154237.8033920331	1000.0	651.7315055995455	0.0	0	0.0	1889.5348976325768	1	0	1	1.149321216408744
154801.90216265403	1000.0	1087.6327349785988	0.0	0	0.0	1889.5348976325768	1	0	1	1.149321216408744
155488.36813344658	2000.0	1401.166764186055	0.0	0	0.0	1889.5348976325477	1	0	1	1.149321216408746
156200.0	2000.0	1689.5348976326352	0.0	0	156.07455497124465	1889.5348976325477	1	0	1	1.842468396968691
157200.0	2000.0	1689.5348976326695	0.0	0	319.2976365805662	1889.5348976325768	1	0	1	1.8424683969686892
158200.0	2000.0	1689.534897632656	0.0	0	250.4006880389352	1889.5348976325768	1	0	1	1.8424683969686892
159316.04785209874	2000.0	1573.4870455338973	0.0	0	0.0	1889.5348976325768	1	0	1	1.8424683969686892
160310.64749465557	2000.0	1578.8874029770386	0.0	0	0.0	1889.5348976325477	1	0	1	1.842468396968691
161220.43505799866	2000.0	1669.099839633951	0.0	0	0.0	1889.5348976325186	1	0	1	1.8424683969686928
162344.02978999796	2000.0	1545.5051076346206	0.0	0	0.0	1889.5348976324894	1	0	1	1.8424683969686948
163628.00379448317	2000.0	1261.5311031494155	0.0	0	0.0	1889.5348976325186	1	0	1	1.8424683969686928
164810.82746061205	2000.0	1078.7074370205441	0.0	0	0.0	1889.5348976325186	1	0	1	1.8424683969686928
165816.9409349627	2000.0	1072.5939626698878	0.0	0	0.0	1889.5348976324894	1	0	1	1.8424683969686948
166665.32412973113	2000.0	1224.2107679014628	0.0	0	0.0	1889.5348976324894	1	0	1	1.8424683969686948
167669.81016476688	2000.0	1219.724732865727	0.0	0	0.0	1889.5348976324894	1	0	1	1.8424683969686948
169738.66706708036	2000.0	236.4119991238308	85.54416857158542	0	0.0	1975.0790662040818	1	0	1	1.3255738738457923
170541.45575184785	2000.0	595.8226834518146	162.1993690954509	0	0.0	2137.2784352995513	1	0	1	0.851500772046836
171111.5037378256	1000.0	1025.7746974740653	0.0	0	0.0	2137.2784352995805	1	0	1	0.43840262549964876
171932.78043905649	2000.0	1204.4979962432083	0.0	0	0.0	2137.2784352996096	1	0	1	1.1315498060595917
172741.78245252534	2000.0	1395.4959827743564	0.0	0	0.0	2137.2784352996096	1	0	1	1.8246969866195366
173234.34275641415	2000.0	1902.9356788855184	0.0	0	0.0	2137.2784352995805	1	0	1	1.8246969866195388
174445.0941186309	2000.0	1692.184316668802	0.0	0	0.0	2137.2784352995805	1	0	1	1.8246969866195388
176014.38913122012	2000.0	1122.8893040795847	0.0	0	0.0	2137.2784352996096	1	0	1	1.8246969866195366
176871.984942806	1000.0	1265.2934924936949	0.0	0	0.0	2137.2784352996096	1	0	1	0.4384026254996464
177465.96818631946	1000.0	1671.3102489802727	0.0	0	0.0	2137.2784352996096	1	0	1	1.1315498060595917
178683.79275889907	2000.0	1453.485676400649	0.0	0	0.0	2137.2784352996096	1	0	1	1.1315498060595917
179590.4365839061	2000.0	1546.8418513936206	0.0	0	0.0	2137.2784352996678	1	0	1	1.824696986619534
182022.26431530493	2000.0	200.0	84.98588000518185	0	0.0	2222.264315304841	1	0	1	1.3132825820226566
182627.59800844232	1000.0	704.6712803845185	110.00497352190993	0	0.0	2332.269288826763	1	0	1	-0.23890804485504183
183283.94850344266	1000.0	1048.3207853841918	0.0	0	0.0	2332.269288826734	1	0	1	1.1142689768363656
183850.7743334944	1000.0	1481.4949553324402	0.0	0	0.0	2332.2692888267047	1	0	1	1.1142689768363683
185598.35038604462	2000.0	733.9189027822331	0.0	0	0.0	2332.269288826734	1	0	1	1.1142689768363656
186533.18187439034	1000.0	799.0874144365373	0.0	0	0.0	2332.269288826734	1	0	1	0.42112179627642043
187051.24096676175	1000.0	1281.0283220651536	0.0	0	0.0	2332.269288826734	1	0	1	1.1142689768363656
187832.36013127654	1000.0	1499.9091575503558	0.0	0	0.0	2332.2692888267047	1	0	1	1.1142689768363683
188702.96622104727	2000.0	1629.3030677796257	0.0	0	0.0	2332.269288826734	1	0	1	1.1142689768363667
189712.21123567814	2000.0	1620.0580531487462	0.0	0	0.0	2332.269288826734	1	0	1	1.8074161573963108
190465.36855194755	2000.0	1866.900736879341	0.0	0	0.0	2332.269288826734	1	0	1	1.8074161573963108
191307.23432548676	2000.0	2025.0349633401447	0.0	0	0.0	2332.269288826734	1	0	1	1.8074161573963108
192200.0	2000.0	2132.269288826903	0.0	0	253.98884768548305	2332.2692888267047	1	0	1	1.8074161573963134
193200.0	2000.0	2132.2692888269003	0.0	0	152.5432218798087	2332.2692888266756	1	0	1	1.8074161573963163
194316.1341599717	2000.0	2016.1351288551866	0.0	0	0.0	2332.2692888266756	1	0	1	1.8074161573963163
195200.0	2000.0	2132.269288826871	0.0	0	117.37268628345919	2332.2692888266465	1	0	1	1.8074161573963194
196200.0	2000.0	2132.269288826872	0.0	0	38.03544735623291	2332.2692888266465	1	0	1	1.8074161573963194
197200.0	2000.0	2132.269288826896	0.0	0	311.08175250396016	2332.2692888266465	1	0	1	1.8074161573963194
198200.0	2000.0	2132.269288826891	0.0	0	203.32716873826575	2332.2692888266756	1	0	1	1.8074161573963163
199367.844320057	2000.0	1847.640536764198	0.0	0	0.0	2215.4848568209854	1	0	2	1.4152764332852723
200434.70026895602	2000.0	1780.784587865187	0.0	0	0.0	2215.4848568209854	1	0	1	1.618149875399347
201220.7067318583	2000.0	1994.7781249628902	0.0	0	0.0	2215.4848568209854	1	0	1	1.8181498753993472
202200.0	2000.0	2015.4848568211905	0.0	0	55.160986271017464	2215.4848568209563	1	0	1	1.8181498753993497
203247.01617243068	2000.0	1968.4686843905165	0.0	0	0.0	2215.4848568209563	1	0	1	1.8181498753993497
204200.0	2000.0	2015.4848568211883	0.0	0	159.88963694946142	2215.4848568209563	1	0	1	1.8181498753993497
205200.0	2000.0	2015.4848568212046	0.0	0	455.70177944604075	2215.4848568209563	1	0	1	1.8181498753993497
206200.0	2000.0	2015.4848568212078	0.0	0	455.96567219815915	2215.4848568209563	1	0	1	1.8181498753993497
207228.92212263617	3000.0	1883.6705219214368	0.0	0	0.0	2112.592644557386	1	0	2	1.424163420876316
208200.0	2000.0	1912.5926445576624	0.0	0	125.39844623982208	2112.592644557386	1	0	1	1.2211986608593683
209278.63688656318	2000.0	1833.9557579944753	0.0	0	0.0	2112.592644557386	1	0	1	1.8266637689675331
211202.88893929883	2000.0	909.7037052588471	0.0	0	0.0	2112.592644557386	1	0	1	1.8266637689675331
212313.5087213342	1000.0	799.0839232235372	0.0	0	0.0	2112.592644557415	1	0	1	0.4403694078476405
213044.0846623962	1000.0	1068.5079821614954	0.0	0	0.0	2112.592644557386	1	0	1	1.133516588407588
213681.54210417304	1000.0	1431.0505403846398	0.0	0	0.0	2112.592644557415	1	0	1	1.1335165884075857
214720.69521718388	2000.0	1391.897427373795	0.0	0	0.0	2112.592644557386	1	0	1	1.1335165884075864
215639.7975746666	2000.0	1472.7950698910884	0.0	0	0.0	2112.592644557357	1	0	1	1.8266637689675356
216200.0	2000.0	1912.5926445576981	0.0	0	87.08426990389125	2112.592644557357	1	0	1	1.8266637689675356
217200.0	2000.0	1912.5926445576745	0.0	0	400.1446146098024	2112.5926445573277	1	0	1	1.8266637689675378
218200.0	3000.0	1812.5926445576915	0.0	0	372.22236889772466	2012.592644557386	1	0	2	1.4314624437096333
219200.0	3000.0	1712.5926445576822	0.0	0	209.31266415229766	1912.592644557386	1	0	2	2.0442285813936287
221595.94218815336	6000.0	316.6504564043167	0.0	0	0.0	1912.592644557386	1	0	1	2.046452869322768
222555.40213196597	2000.0	529.6869674601563	172.4964548684443	0	0.0	2085.0890994258225	1	0	1	-0.3047901603391301
223071.0026870324	2000.0	1014.0864123937353	0.0	0	0.0	2085.0890994258225	1	0	1	1.8288008575396453
223607.03771005926	2000.0	1478.0513893668815	0.0	0	0.0	2085.0890994258225	1	0	1	1.8288008575396453
224368.73761255865	2000.0	1716.351486867499	0.0	0	0.0	2085.0890994258225	1	0	1	1.8288008575396453
225200.0	2000.0	1885.0890994261595	0.0	0	328.1714103712584	2085.0890994258516	1	0	1	1.828800857539643
226200.0	2000.0	1885.0890994261545	0.0	0	61.25456138770096	2085.0890994258516	1	0	1	1.828800857539643
227200.0	2000.0	1885.0890994261808	0.0	0	81.20901189744473	2085.0890994258516	1	0	1	1.828800857539643
228739.79018091096	2000.0	1345.298918515175	0.0	0	0.0	2085.0890994258516	1	0	1	1.828800857539643
229704.6184112428	1000.0	1380.4706881833424	0.0	0	0.0	2085.0890994258516	1	0	1	0.44250649641975276
230911.5733095734	2000.0	1173.5157898527216	0.0	0	0.0	2085.0890994258807	1	0	1	1.135653676979696
231688.60359229997	1000.0	1396.4855071261327	0.0	0	0.0	2085.0890994258807	1	0	1	0.44250649641975054
232724.33973026747	2000.0	1360.7493691586455	0.0	0	0.0	2085.08909942591	1	0	1	1.1356536769796943
233629.9889178941	2000.0	1455.1001815320164	0.0	0	0.0	2085.089099425939	1	0	1	1.8288008575396377
234515.58366937973	2000.0	1569.5054300463928	0.0	0	0.0	2085.08909942591	1	0	1	1.8288008575396368
235200.0	2000.0	1885.0890994261422	0.0	0	123.90550015910412	2085.08909942591	1	0	1	1.8288008575396386
236200.0	2000.0	1885.0890994261702	0.0	0	505.75145004611113	2085.089099425939	1	0	1	1.8288008575396364
237200.0	3000.0	1785.0890994261529	0.0	0	214.8619062944781	1985.089099425968	1	0	2	1.4336606870762927
238200.0	3000.0	1685.0890994261415	0.0	0	344.994921714213	1885.089099425968	1	0	2	2.04574701075582
239681.75135935438	3000.0	1055.1626041363256	0.0	0	0.0	1736.913963490515	1	0	2	2.0545753467310055
240806.71475219118	2000.0	930.1992112995061	0.0	0	0.0	1736.913963490486	1	0	1	1.246012060476299
241623.4229403839	2000.0	1113.4910231067724	0.0	0	0.0	1736.913963490486	1	0	1	1.8514771685844638
242373.61825145228	2000.0	1363.2957120384272	0.0	0	0.0	1736.913963490486	1	0	1	1.8514771685844638
243200.0	2000.0	1536.9139634907272	0.0	0	31.89176863519242	1736.913963490515	1	0	1	1.8514771685844622
244200.0	2000.0	1536.9139634907117	0.0	0	127.06826020267908	1736.913963490515	1	0	1	1.8514771685844622
245200.0	2000.0	1536.9139634907158	0.0	0	239.95003113005077	1736.913963490486	1	0	1	1.8514771685844638
246200.0	2000.0	1536.9139634907067	0.0	0	333.0774371662701	1736.913963490486	1	0	1	1.8514771685844638
247200.0	2000.0	1536.9139634907012	0.0	0	166.207440445869	1736.913963490486	1	0	1	1.8514771685844638
248418.32520692307	2000.0	1318.5887565676146	0.0	0	0.0	1736.913963490486	1	0	1	1.8514771685844638
249532.21693347703	2000.0	1204.6970300136584	0.0	0	0.0	1736.913963490486	1	0	1	1.851477168584465
250920.04222579076	2000.0	816.8717376999448	0.0	0	0.0	1736.913963490486	1	0	1	1.8514771685844638
251868.60411956342	1000.0	868.3098439272541	0.0	0	0.0	1736.913963490486	1	0	1	0.4651828074645736
252784.71874356817	1000.0	952.1952199225201	0.0	0	0.0	1736.913963490486	1	0	1	1.1583299880245188
253438.05749544103	1000.0	1298.85646804967	0.0	0	0.0	1736.913963490486	1	0	1	1.1583299880245188
254396.41207438632	2000.0	1340.501889104376	0.0	0	0.0	1736.913963490486	1	0	1	1.1583299880245188
255254.10255002734	2000.0	1482.8114134633274	0.0	0	0.0	1736.9139634904568	1	0	1	1.8514771685844655
256200.0	2000.0	1536.913963490637	0.0	0	195.59161015538848	1736.9139634904277	1	0	1	1.8514771685844673
257200.0	2000.0	1536.9139634906358	0.0	0	439.2964953977789	1736.9139634904568	1	0	1	1.8514771685844655
258200.0	2000.0	1536.9139634906333	0.0	0	322.4959272891865	1736.9139634904277	1	0	1	1.8514771685844673
259200.0	2000.0	1536.9139634906571	0.0	0	396.9970255837252	1736.9139634904568	1	0	1	1.8514771685844655
260200.0	2000.0	1536.9139634906344	0.0	0	52.95114134566393	1736.913963490486	1	0	1	1.8514771685844638
261200.0	2000.0	1536.9139634906292	0.0	0	371.6948897073453	1736.913963490486	1	0	1	1.8514771685844638
262200.0	2000.0	1536.9139634906235	0.0	0	196.52554130685166	1736.913963490486	1	0	1	1.8514771685844638
263256.46739808243	2000.0	1480.4465654081487	0.0	0	0.0	1736.9139634903986	1	0	1	1.8514771685844662
264443.6061684453	2000.0	1293.3077950452364	0.0	0	0.0	1736.9139634903986	1	0	1	1.851477168584469
265242.35275777814	2000.0	1494.5612057123835	0.0	0	0.0	1736.9139634903986	1	0	1	1.8514771685844689
266200.0	2000.0	1536.9139634905537	0.0	0	158.00800673582125	1736.9139634903986	1	0	1	1.8514771685844689
267200.0	2000.0	1536.9139634905737	0.0	0	441.9711393319303	1736.9139634903986	1	0	1	1.8514771685844689
268200.0	2000.0	1536.9139634906273	0.0	0	385.157187271514	1736.9139634903986	1	0	1	1.8514771685844689
269200.0	2000.0	1536.9139634906205	0.0	0	179.97088274161797	1736.9139634903986	1	0	1	1.8514771685844689
270200.0	2000.0	1536.913963490555	0.0	0	227.69596648187144	1736.9139634903404	1	0	1	1.851477168584472
271200.0	2000.0	1536.9139634905382	0.0	0	78.88292930298485	1736.9139634902822	1	0	1	1.8514771685844749
272341.70730585814	2000.0	1395.2066576324676	0.0	0	0.0	1736.9139634903404	1	0	1	1.851477168584472
273200.0	2000.0	1536.913963490634	0.0	0	158.47134974447545	1736.9139634903986	1	0	1	1.8514771685844689
274200.0	2000.0	1536.9139634906076	0.0	0	252.4059270537109	1736.9139634903986	1	0	1	1.8514771685844689
275200.0	2000.0	1536.9139634906392	0.0	0	63.41740790521726	1736.9139634903986	1	0	1	1.8514771685844689
276200.0	2000.0	1536.9139634906103	0.0	0	337.3480177995516	1736.9139634903986	1	0	1	1.8514771685844689
277200.0	2000.0	1536.9139634906091	0.0	0	254.9712488934165	1736.9139634903404	1	0	1	1.851477168584472
278230.51910797064	2000.0	1506.3948555199784	0.0	0	0.0	1736.9139634903404	1	0	1	1.851477168584472
279789.98227862496	2000.0	946.9316848656453	0.0	0	0.0	1736.9139634903986	1	0	1	1.8514771685844689
280528.4542374465	1000.0	1208.4597260441285	0.0	0	0.0	1736.9139634903986	1	0	1	0.4651828074645784
281352.7329373966	2000.0	1384.1810260939799	0.0	0	0.0	1736.9139634903986	1	0	1	1.1583299880245237
282200.0	2000.0	1536.913963490582	0.0	0	92.29739079391584	1736.9139634904568	1	0	1	1.8514771685844655
283200.0	2000.0	1536.913963490628	0.0	0	30.096509593713563	1736.913963490515	1	0	1	1.8514771685844622
284234.77821468265	2000.0	1502.1357488080293	0.0	0	0.0	1736.9139634905732	1	0	1	1.851477168584459
285264.01913554035	2000.0	1472.8948279503227	0.0	0	0.0	1736.9139634905732	1	0	1	1.851477168584459
286547.2780475415	2000.0	1189.6359159491776	0.0	0	0.0	1736.9139634905732	1	0	1	1.851477168584459
287582.438096101	2000.0	1154.4758673896424	0.0	0	0.0	1736.9139634906314	1	0	1	1.8514771685844584
288467.96648300905	2000.0	1268.9474804816005	0.0	0	0.0	1736.9139634906314	1	0	1	1.8514771685844558
289369.5784920257	2000.0	1367.3354714649713	0.0	0	0.0	1736.9139634905732	1	0	1	1.851477168584459
290413.92974084115	2000.0	1322.9842226495662	0.0	0	0.0	1736.9139634905732	1	0	1	1.851477168584459
291279.3487764792	2000.0	1457.5651870115792	0.0	0	0.0	1736.913963490515	1	0	1	1.8514771685844622
292355.61945483263	2000.0	1381.2945086581974	0.0	0	0.0	1736.9139634905732	1	0	1	1.851477168584459
293479.5164304664	2000.0	1257.3975330244962	0.0	0	0.0	1736.9139634906314	1	0	1	1.8514771685844558
294200.0	2000.0	1536.913963490926	0.0	0	10.256159828684758	1736.9139634906314	1	0	1	1.8514771685844558
295200.0	2000.0	1536.913963490973	0.0	0	64.41744771966478	1736.9139634906314	1	0	1	1.8514771685844558
296403.861791936	2000.0	1333.052171554951	0.0	0	0.0	1736.9139634906896	1	0	1	1.8514771685844527
297582.6845082461	2000.0	1154.229455244867	0.0	0	0.0	1736.9139634907478	1	0	1	1.8514771685844496
298625.6497308239	2000.0	1111.264232667049	0.0	0	0.0	1736.9139634907478	1	0	1	1.8514771685844496
300130.3357640372	2000.0	606.5781994536995	0.0	0	0.0	1736.9139634906896	1	0	1	1.8514771685844513
301033.77086673805	1000.0	703.1430967528311	0.0	0	0.0	1736.9139634906896	1	0	1	0.4651828074645625
2.21	2.92	2.81	2.2	2.06	1.99	2.2	1.38	1.37	2.06	2.71	2.5	2.33	0.92	1.25	1.8	2.32	2.99	3.52	1.73	1.36	1.61	1.51	1.61	1.96	1.55	0.61	1.23	1.49	1.93	1.4	1.18	1.54	2.07	2.32	2.48	2.87	2.73	1.82	2.06	2.61	2.81	2.57	2.62	2.29	1.52	2.04	1.78	2.15	2.51	3.17	3.26	2.31	1.9	2.21	1.46	1.07	1.1	1.62	2.26	2.58	3.36	3.9	5.0	5.31	2.06	2.07	2.76	3.35	3.54	3.36	2.46	2.65	1.58	1.12	1.48	1.71	2.11	2.64	2.5	3.13	3.67	4.34	3.48	2.33	2.56	2.25	2.73	2.71	2.88	3.06	1.9	2.48	2.11	1.55	1.87	1.42	1.42	1.78	2.35	2.95	3.63	3.32	2.57	2.77	2.95	2.98	3.44	1.66	1.9	2.46	3.2	3.7	2.56	1.7	2.17	1.68	1.68	2.42	2.93	2.8	2.81	2.27	2.03	1.58	1.59	2.04	2.33	2.43	2.61	2.19	1.83	2.04	1.73	1.93	2.2	2.37	1.56	1.95	2.27	2.69	2.07	1.24	1.53	2.02	1.54	1.04	1.14	1.4	1.31	2.21	2.92	2.81	2.2	2.06	1.99	2.2	1.38	1.37	2.06	2.71	2.5	2.33	0.92	1.25	1.8	2.32	2.99	3.52	1.73	1.36	1.61	1.51	1.61	1.96	1.55	0.61	1.23	1.49	1.93	1.4	1.18	1.54	2.07	2.32	2.48	2.87	2.73	1.82	2.06	2.61	2.81	2.57	2.62	2.29	1.52	2.04	1.78	2.15	2.51	3.17	3.26	2.31	1.9	2.21	1.46	1.07	1.1	1.62	2.26	2.58	3.36	3.9	5.0	5.31	2.06	2.07	2.76	3.35	3.54	3.36	2.46	2.65	1.58	1.12	1.48	1.71	2.11	2.64	2.5	3.13	3.67	4.34	3.48	2.33	2.56	2.25	2.73	2.71	2.88	3.06	1.9	2.48	2.11	1.55	1.87	1.42	1.42	1.78	2.35	2.95	3.63	3.32	2.57	2.77	2.95	2.98	3.44	1.66	1.9	2.46	3.2	3.7	2.56	1.7	2.17	1.68	1.68	2.42	2.93	2.8	2.81	2.27	2.03	1.58	1.59	2.04	2.33	2.43	2.61	2.19	1.83	2.04	1.73	1.93	2.2	2.37	1.56	1.95	2.27	2.69	2.07	1.24	1.53	2.02	1.54	1.04	1.14
1.0	2.0	3.0	4.0	5.0	6.0	7.0	8.0	9.0	10.0	11.0	12.0	13.0	14.0	15.0	16.0	17.0	18.0	19.0	20.0	21.0	22.0	23.0	24.0	25.0	26.0	27.0	28.0	29.0	30.0	31.0	32.0	33.0	34.0	35.0	36.0	37.0	38.0	39.0	40.0	41.0	42.0	43.0	44.0	45.0	46.0	47.0	48.0	49.0	50.0	51.0	52.0	53.0	54.0	55.0	56.0	57.0	58.0	59.0	60.0	61.0	62.0	63.0	64.0	65.0	66.0	67.0	68.0	69.0	70.0	71.0	72.0	73.0	74.0	75.0	76.0	77.0	78.0	79.0	80.0	81.0	82.0	83.0	84.0	85.0	86.0	87.0	88.0	89.0	90.0	91.0	92.0	93.0	94.0	95.0	96.0	97.0	98.0	99.0	100.0	101.0	102.0	103.0	104.0	105.0	106.0	107.0	108.0	109.0	110.0	111.0	112.0	113.0	114.0	115.0	116.0	117.0	118.0	119.0	120.0	121.0	122.0	123.0	124.0	125.0	126.0	127.0	128.0	129.0	130.0	131.0	132.0	133.0	134.0	135.0	136.0	137.0	138.0	139.0	140.0	141.0	142.0	143.0	144.0	145.0	146.0	147.0	148.0	149.0	149.0	150.0	151.0	152.0	153.0	154.0	155.0	156.0	157.0	158.0	159.0	160.0	161.0	162.0	163.0	164.0	165.0	166.0	167.0	168.0	169.0	170.0	171.0	172.0	173.0	174.0	175.0	176.0	177.0	178.0	179.0	180.0	181.0	182.0	183.0	184.0	185.0	186.0	187.0	188.0	189.0	190.0	191.0	192.0	193.0	194.0	195.0	196.0	197.0	198.0	199.0	200.0	201.0	202.0	203.0	204.0	205.0	206.0	207.0	208.0	209.0	210.0	211.0	212.0	213.0	214.0	215.0	216.0	217.0	218.0	219.0	220.0	221.0	222.0	223.0	224.0	225.0	226.0	227.0	228.0	229.0	230.0	231.0	232.0	233.0	234.0	235.0	236.0	237.0	238.0	239.0	240.0	241.0	242.0	243.0	244.0	245.0	246.0	247.0	248.0	249.0	250.0	251.0	252.0	253.0	254.0	255.0	256.0	257.0	258.0	259.0	260.0	261.0	262.0	263.0	264.0	265.0	266.0	267.0	268.0	269.0	270.0	271.0	272.0	273.0	274.0	275.0	276.0	277.0	278.0	279.0	280.0	281.0	282.0	283.0	284.0	285.0	286.0	287.0	288.0	289.0	290.0	291.0	292.0	293.0	294.0	295.0	296.0	297.0
5474.570678688548
