5721.634224320085	300.0	1000.0	247.063545631538	0	0.0	5721.634224320085	0	0	1	-3.1430271619472854
5987.191925264565	300.0	2000.0	265.5577009444802	0	0.0	5987.191925264565	1	0	1	-3.506620623376664
7242.486416802572	2000.0	1619.1760593081917	0.0	0	0.0	5861.662476110764	1	0	2	-2.283199516943017
8126.448220081003	2000.0	1646.8180757019177	0.0	0	0.0	5773.26629578292	1	0	2	-0.08678868143557594
8873.67157334652	2000.0	1824.8723871098452	0.0	0	0.0	5698.543960456365	1	0	2	-0.012380662100142992
9876.742212751811	2000.0	1721.494683764027	0.0	0	0.0	5598.2368965158375	1	0	2	0.07908090189759098
10631.64885744214	2000.0	1891.0973746046648	0.0	0	0.0	5522.746232046805	1	0	2	0.15808451545279745
11284.514346178114	2000.0	2172.9453369950925	0.0	0	0.0	5457.459683173206	1	0	2	0.22198703463431335
12052.180334321121	2000.0	2328.512750037785	0.0	0	0.0	5380.693084358908	1	0	2	0.28888997533121835
13031.7976028931	3000.0	2250.933754608608	0.0	0	0.0	5282.73135750171	1	0	2	0.3743854081198758
13895.829910241766	3000.0	2300.498216525076	0.0	0	0.0	5196.328126766843	1	0	2	0.856787623666468
14539.133771007413	3000.0	2592.863969682864	0.0	0	0.0	5131.997740690274	1	0	2	0.9169434306044304
15464.943911352964	3000.0	2574.472815302757	0.0	0	0.0	5039.416726655718	1	0	2	0.9875036471340944
16232.641415982303	3000.0	2730.005560210483	0.0	0	0.0	4962.646976192784	1	0	2	1.0500835758360414
16980.395508242436	3000.0	2907.4760587243377	0.0	0	0.0	4887.871566966771	1	0	2	1.106116234932995
19131.742651680866	3000.0	1540.9942009420652	0.0	0	0.0	4672.736852622931	1	0	2	1.2373929422370713
19982.36973255095	2000.0	1605.3044119849699	0.0	0	0.0	4587.6741445359185	1	0	2	0.5027804062649934
20914.446843450587	2000.0	1580.019589995371	0.0	0	0.0	4494.466433445956	1	0	2	0.9665608503922505
21918.003320391843	2000.0	1476.1074653599926	0.0	0	0.0	4394.110785751833	1	0	2	1.0224516599746394
22871.00535034545	2000.0	1427.8052324110201	0.0	0	0.0	4298.810582756469	1	0	2	1.079274920190461
23793.416721374942	2000.0	1413.1527242785792	0.0	0	0.0	4206.56944565352	1	0	2	1.1261652033719904
24538.9228318348	2000.0	1593.0960027727322	0.0	0	0.0	4132.0188346075265	1	0	2	1.1638272390072828
25267.627241098522	2000.0	1791.5211525826376	0.0	0	0.0	4059.148393681153	1	0	2	1.19593505356268
26123.832621386362	2000.0	1849.6952342660113	0.0	0	0.0	3973.5278556523663	1	0	2	1.229003187609111
27867.432941808936	2000.0	931.7348818011795	0.0	0	0.0	3799.1678236101143	1	0	2	1.2948964222128163
28516.234910681153	1000.0	1282.932912928961	0.0	0	0.0	3799.167823610118	1	0	1	-0.07798702077912739
29367.206353247235	1000.0	1431.9614703628772	0.0	0	0.0	3799.167823610118	1	0	1	0.815160159780818
30184.69601924914	1000.0	1614.4718043609748	0.0	0	0.0	3799.1678236101216	1	0	1	0.8151601597808168
30846.24278391843	1000.0	1952.9250396916825	0.0	0	0.0	3799.1678236101216	1	0	1	0.8151601597808168
32166.067447587822	2000.0	1501.1179096553526	0.0	0	0.0	3667.185357243179	1	0	2	0.4493722792149716
33971.51421063378	2000.0	515.1264703047981	0.0	0	0.0	3486.6406809385808	1	0	2	1.3919227934495713
34441.39757611575	500.0	1045.2431048228268	0.0	0	0.0	3486.6406809385735	1	0	1	-1.365285975252465
35556.371491750055	1000.0	930.269189188524	0.0	0	0.0	3486.6406809385735	1	0	1	0.22100838586742566
36025.27640493093	1000.0	1461.3642760076466	0.0	0	0.0	3486.640680938577	1	0	1	0.9141555664273695
36684.95602539943	1000.0	1801.6846555391555	0.0	0	0.0	3486.6406809385735	1	0	1	0.9141555664273706
38506.52001839793	2000.0	980.1206625406529	0.0	0	0.0	3486.6406809385735	1	0	1	0.9141555664273712
39219.12900877291	1000.0	1267.5116721656802	0.0	0	0.0	3486.6406809385735	1	0	1	0.2210083858674261
39645.05382065675	1000.0	1841.586860281841	0.0	0	0.0	3486.6406809385808	1	0	1	0.9141555664273693
40602.854140176554	2000.0	1883.7865407620413	0.0	0	0.0	3486.640680938588	1	0	1	0.9141555664273673
41308.04094770509	2000.0	2108.081052480642	0.0	0	0.0	3416.122000185722	1	0	2	1.2212465755176654
42059.65647918723	2000.0	2356.465520998493	0.0	0	0.0	3416.1220001857146	1	0	1	1.4262775178849116
42820.315206538486	2000.0	2519.740920912116	0.0	0	0.0	3340.056127450589	1	0	2	1.240723023982865
43616.19930358311	3000.0	2644.2684141630316	0.0	0	0.0	3260.467717746127	1	0	2	1.460017708012582
44200.0	3000.0	3002.08764810445	0.0	0	6.867608090877184	3202.0876481044324	1	0	2	1.879583446351694
45514.339390227186	6000.0	2687.7482578772688	0.0	0	0.0	3202.0876481044397	1	0	1	1.882727214508653
46541.214038606355	6000.0	2660.873609498101	0.0	0	0.0	3202.0876481044397	1	0	1	2.7758743950685982
48265.060234127195	6000.0	1937.0274139772548	0.0	0	0.0	3202.0876481044397	1	0	1	2.7758743950685982
48867.00398245201	3000.0	2274.889290819949	0.0	0	0.0	3141.893273271955	1	0	2	0.999084798647819
49869.6633314421	3000.0	2171.964006930856	0.0	0	0.0	3041.627338372942	1	0	2	1.9091579105423924
51132.99106867645	3000.0	1782.303495973068	0.0	0	0.0	2915.2945646495064	1	0	2	1.930594514772569
52558.75632426108	2000.0	1356.5382403884391	0.0	0	0.0	2915.2945646495136	1	0	1	1.1265750977893245
53406.943208590776	2000.0	1508.3513560587385	0.0	0	0.0	2915.2945646495136	1	0	1	1.7320402058974893
54505.483350051596	2000.0	1409.8112145979158	0.0	0	0.0	2915.2945646495136	1	0	1	1.7320402058974893
55528.41380231952	2000.0	1386.8807623299876	0.0	0	0.0	2915.2945646495136	1	0	1	1.7320402058974893
56104.18447169423	2000.0	1811.1100929552777	0.0	0	0.0	2915.294564649521	1	0	1	1.732040205897488
56906.59576455443	2000.0	2008.6988000950712	0.0	0	0.0	2915.294564649521	1	0	1	1.732040205897488
57799.66985904043	2000.0	2115.6247056090815	0.0	0	0.0	2915.294564649521	1	0	1	1.732040205897488
58662.52286254408	2000.0	2252.7717021054195	0.0	0	0.0	2915.294564649521	1	0	1	1.732040205897488
59673.80731318257	2000.0	2241.487251466931	0.0	0	0.0	2915.294564649521	1	0	1	1.732040205897488
60863.89928514266	2000.0	2051.395279506848	0.0	0	0.0	2915.294564649521	1	0	1	1.732040205897488
61737.52594331731	2000.0	2177.7686213321917	0.0	0	0.0	2915.294564649528	1	0	1	1.7320402058974869
62485.10527710529	2000.0	2430.1892875442095	0.0	0	0.0	2915.294564649528	1	0	1	1.7320402058974869
63204.80935511968	2000.0	2710.485209529817	0.0	0	0.0	2915.2945646495355	1	0	1	1.7320402058974853
64200.0	2000.0	2715.294564649494	0.0	0	270.1743871775034	2915.2945646495355	1	0	1	1.7320402058974853
65918.95996974231	2000.0	1996.3345949071834	0.0	0	0.0	2915.2945646495355	1	0	1	1.7320402058974858
67385.89595446942	2000.0	1529.3986101800833	0.0	0	0.0	2915.29456464955	1	0	1	1.7320402058974835
68551.1374061573	1000.0	1364.1571584922106	0.0	0	0.0	2915.29456464955	1	0	1	0.3457458447775933
69095.9229749589	1000.0	1819.3715896906199	0.0	0	0.0	2915.29456464955	1	0	1	1.038893025337538
70545.99462993034	2000.0	1369.2999347191758	0.0	0	0.0	2915.2945646495355	1	0	1	1.0388930253375404
71183.13397548166	1000.0	1732.1605891678337	0.0	0	0.0	2915.2945646495355	1	0	1	0.3457458447775953
72110.80531751769	2000.0	1804.4892471317958	0.0	0	0.0	2915.29456464955	1	0	1	1.0388930253375381
73219.56574704604	2000.0	1695.7288176034265	0.0	0	0.0	2915.29456464955	1	0	1	1.732040205897483
74054.18569273318	2000.0	1861.1088719162935	0.0	0	0.0	2915.2945646495646	1	0	1	1.7320402058974806
75051.09801807904	2000.0	1864.1965465704498	0.0	0	0.0	2915.2945646495646	1	0	1	1.7320402058974806
76873.39954197072	2000.0	1041.895022678765	0.0	0	0.0	2915.2945646495646	1	0	1	1.7320402058974806
77645.9016106063	1000.0	1269.392954043189	0.0	0	0.0	2915.2945646495646	1	0	1	0.3457458447775904
78167.87736212637	1000.0	1747.4172025231123	0.0	0	0.0	2915.2945646495646	1	0	1	1.0388930253375355
79466.68094046312	2000.0	1448.6136241863637	0.0	0	0.0	2915.2945646495646	1	0	1	1.0388930253375355
82107.14595972405	2000.0	200.0	391.85139507456427	0	0.0	3307.1459597241337	1	0	1	-0.6416797440340365
82819.40373939121	500.0	700.4191136067684	212.67689327393947	0	0.0	3519.8228529979824	1	0	1	-2.4506778935193156
83344.67204594778	500.0	1175.1508070502064	0.0	0	0.0	3519.8228529979824	1	0	1	0.21167782724421208
84108.48900797535	1000.0	1411.3338450226204	0.0	0	0.0	3519.8228529979824	1	0	1	0.21167782724421214
84795.83377040658	1000.0	1723.9890825914074	0.0	0	0.0	3519.8228529979824	1	0	1	0.9048250078041575
85645.44834567228	2000.0	1789.4130497991298	0.0	0	0.0	3434.8613954713946	1	0	2	0.5233050655819024
86358.32515796873	2000.0	2076.536237502677	0.0	0	0.0	3434.861395471409	1	0	1	1.4213463961316628
86921.04514623788	2000.0	2513.816249233521	0.0	0	0.0	3434.861395471409	1	0	1	1.621346396131663
88041.55550473936	3000.0	2281.2548548819095	0.0	0	0.0	3322.810359621275	1	0	2	1.2433000681058035
88913.71084051537	3000.0	2321.8839855282854	0.0	0	0.0	3235.594826043656	1	0	2	1.8696344938063487
90270.38043128999	3000.0	1829.5474356761843	0.0	0	0.0	3099.9278669661726	1	0	2	1.896038746997612
91001.84152403481	2000.0	2024.9402336568512	0.0	0	0.0	3026.781757691657	1	0	2	1.1032965379163606
91872.3488528464	2000.0	2154.4329048452623	0.0	0	0.0	3026.7817576916423	1	0	1	1.5124082600648756
92737.79842387415	3000.0	2202.4383767147174	0.0	0	0.0	2940.236800588842	1	0	2	1.3239262457648122
93549.5991433281	3000.0	2309.457585315335	0.0	0	0.0	2859.056728643409	1	0	2	1.943147359594466
94358.37432504629	3000.0	2419.8048854253307	0.0	0	0.0	2778.1792104716005	1	0	2	1.9558379462289606
95200.0	3000.0	2494.0166429762503	0.0	0	307.8059262493625	2694.016642976232	1	0	2	1.9664170936894796
96200.0	3000.0	2394.0166429762626	0.0	0	39.52839389097062	2594.016642976261	1	0	2	1.9801518787423502
97200.0	3000.0	2294.016642976251	0.0	0	117.40509785096219	2494.0166429762758	1	0	2	1.992233672305299
98208.69392356361	3000.0	2184.4533270562774	0.0	0	0.0	2393.1472506199207	1	0	2	2.003563927462706
99327.48960493637	2000.0	2065.6576456835214	0.0	0	0.0	2393.1472506199207	1	0	1	1.195864757150294
100602.12666395376	2000.0	1791.0205866661308	0.0	0	0.0	2393.1472506199207	1	0	1	1.8013298652584588
101294.88705953174	2000.0	2098.2601910881585	0.0	0	0.0	2393.147250619935	1	0	1	1.8013298652584575
102200.0	2000.0	2193.1472506199034	0.0	0	98.06457511994813	2393.147250619935	1	0	1	1.8013298652584575
103200.0	2000.0	2193.1472506199066	0.0	0	405.8168028528162	2393.147250619935	1	0	1	1.8013298652584575
104350.54661445826	3000.0	1927.5459747158263	0.0	0	0.0	2278.0925891741063	1	0	2	1.4096249735219555
105449.31983568674	3000.0	1718.8954313644929	0.0	0	0.0	2168.215267051244	1	0	2	2.025149396199148
106585.19236967979	2000.0	1469.4356439721262	0.0	0	0.0	2054.6280136519345	1	0	2	1.223597869623873
107603.4393840109	2000.0	1451.1886296410119	0.0	0	0.0	2054.62801365192	1	0	1	1.631102760575178
108609.80892312118	2000.0	1444.819090530726	0.0	0	0.0	2054.62801365192	1	0	1	1.8311027605751782
109561.54700460433	2000.0	1493.0810090475745	0.0	0	0.0	2054.62801365192	1	0	1	1.8311027605751782
110803.46434052089	2000.0	1251.1636731310084	0.0	0	0.0	2054.6280136519053	1	0	1	1.8311027605751788
111996.61688105411	2000.0	1058.0111325977828	0.0	0	0.0	2054.6280136519053	1	0	1	1.8311027605751788
112686.76220093513	2000.0	1367.8658127167541	0.0	0	0.0	2054.6280136519053	1	0	1	1.8311027605751788
114082.29014449881	2000.0	972.3378691530746	0.0	0	0.0	2054.6280136519053	1	0	1	1.8311027605751788
115283.71968723978	2000.0	770.9083264121012	0.0	0	0.0	2054.6280136519053	1	0	1	1.8311027605751788
115753.26567107206	1000.0	1301.3623425798223	0.0	0	0.0	2054.6280136519053	1	0	1	0.44480839945528877
116566.43685168026	2000.0	1488.191161971629	0.0	0	0.0	2054.6280136519053	1	0	1	1.137955580015234
117560.14880336213	2000.0	1494.4792102897763	0.0	0	0.0	2054.6280136519053	1	0	1	1.8311027605751788
118448.05754676447	2000.0	1606.5704668874237	0.0	0	0.0	2054.6280136519053	1	0	1	1.8311027605751788
119200.0	2000.0	1854.628013651865	0.0	0	6.3282595543860225	2054.6280136519053	1	0	1	1.8311027605751788
120200.0	2000.0	1854.6280136518687	0.0	0	87.68054351948376	2054.6280136519053	1	0	1	1.8311027605751788
121200.0	2000.0	1854.6280136518653	0.0	0	375.27571703465946	2054.6280136519053	1	0	1	1.8311027605751788
122200.0	2000.0	1854.6280136518653	0.0	0	295.21728584372613	2054.6280136519053	1	0	1	1.8311027605751788
123200.0	2000.0	1754.6280136518462	0.0	0	448.0682513134234	1954.6280136518908	1	0	2	1.4355574444753092
124200.0	3000.0	1654.628013651851	0.0	0	246.11379697684606	1854.6280136518908	1	0	2	1.6424111138732183
125200.0	2000.0	1654.62801365185	0.0	0	99.35061649547424	1854.6280136518908	1	0	1	1.2391828642705693
126200.0	2000.0	1654.6280136518317	0.0	0	88.02664368147089	1854.6280136518908	1	0	1	1.8446479723787341
127200.0	2000.0	1654.6280136518308	0.0	0	112.96570768790843	1854.6280136518908	1	0	1	1.8446479723787341
128200.0	2000.0	1654.6280136518208	0.0	0	168.05810015750467	1854.6280136518908	1	0	1	1.8446479723787341
129200.0	2000.0	1654.6280136518192	0.0	0	361.06340424416703	1854.6280136518908	1	0	1	1.8446479723787341
130200.0	2000.0	1654.6280136518255	0.0	0	511.0282874269906	1854.6280136518908	1	0	1	1.8446479723787341
131200.0	2000.0	1654.6280136518112	0.0	0	14.84898264054209	1854.6280136518762	1	0	1	1.8446479723787341
132852.81020478194	2000.0	1001.817808869876	0.0	0	0.0	1854.6280136518908	1	0	1	1.8446479723787337
133593.72020745435	1000.0	1260.9078061974585	0.0	0	0.0	1854.6280136518762	1	0	1	0.45835361125884455
134376.45130117983	1000.0	1478.1767124719736	0.0	0	0.0	1854.6280136518762	1	0	1	1.1515007918187896
135522.97570526018	2000.0	1331.6523083916559	0.0	0	0.0	1854.6280136519345	1	0	1	1.1515007918187874
136640.560709511	2000.0	1214.0673041408577	0.0	0	0.0	1854.6280136519636	1	0	1	1.8446479723787297
137453.59902409068	2000.0	1401.0289895611477	0.0	0	0.0	1854.6280136519636	1	0	1	1.8446479723787297
138518.33575124218	2000.0	1336.292262409631	0.0	0	0.0	1854.6280136519636	1	0	1	1.8446479723787297
139200.0	2000.0	1654.6280136518128	0.0	0	36.368530136038316	1854.6280136519636	1	0	1	1.8446479723787297
140200.0	2000.0	1654.6280136518053	0.0	0	14.23502425829065	1854.6280136519636	1	0	1	1.8446479723787297
141200.0	2000.0	1654.628013651765	0.0	0	7.35283140320098	1854.6280136519345	1	0	1	1.8446479723787312
142200.0	2000.0	1654.6280136517562	0.0	0	389.8323939013935	1854.6280136519345	1	0	1	1.8446479723787312
143200.0	2000.0	1654.6280136517419	0.0	0	355.7293419325433	1854.6280136519053	1	0	1	1.8446479723787328
144234.77966448324	2000.0	1619.8483491684676	0.0	0	0.0	1854.6280136519053	1	0	1	1.8446479723787328
145994.91762429837	2000.0	859.7103893533604	0.0	0	0.0	1854.6280136519053	1	0	1	1.8446479723787328
146642.78570433214	1000.0	1211.8423093195918	0.0	0	0.0	1854.6280136519053	1	0	1	0.4583536112588428
147544.83016666232	2000.0	1309.7978469894085	0.0	0	0.0	1854.6280136519053	1	0	1	1.1515007918187878
148856.3239532615	2000.0	998.3040603901776	0.0	0	0.0	1854.6280136518762	1	0	1	1.8446479723787348
149516.38045196995	1000.0	1338.2475616817578	0.0	0	0.0	1854.6280136518762	1	0	1	0.45835361125884455
150868.6043030384	2000.0	986.0237106132977	0.0	0	0.0	1854.6280136518762	1	0	1	1.1515007918187896
151773.81881036065	2000.0	1080.8092032910097	0.0	0	0.0	1854.6280136518762	1	0	1	1.8446479723787348
153341.2786646027	2000.0	513.3493490489648	0.0	0	0.0	1854.6280136518762	1	0	1	1.8446479723787348
154062.21365186744	1000.0	792.4143617842102	0.0	0	0.0	1854.6280136518762	1	0	1	0.45835361125884455
155364.24993628942	2000.0	490.37807736222464	0.0	0	0.0	1854.6280136519053	1	0	1	1.1515007918187878
155830.177839227	1000.0	1024.450174424624	0.0	0	0.0	1854.6280136518762	1	0	1	0.45835361125884455
156675.37733754548	2000.0	1179.2506761061356	0.0	0	0.0	1854.6280136518471	1	0	1	1.1515007918187907
157518.21332298228	2000.0	1336.4146906693131	0.0	0	0.0	1854.6280136518471	1	0	1	1.8446479723787366
158394.08992460926	2000.0	1460.5380890423282	0.0	0	0.0	1854.6280136518471	1	0	1	1.8446479723787366
159455.38824119716	2000.0	1399.2397724544373	0.0	0	0.0	1854.6280136518762	1	0	1	1.8446479723787348
160200.0	2000.0	1654.628013651577	0.0	0	11.070331503578927	1854.6280136518471	1	0	1	1.8446479723787366
161200.0	2000.0	1654.6280136516152	0.0	0	349.2581901153899	1854.6280136518471	1	0	1	1.8446479723787366
162200.0	2000.0	1654.6280136516216	0.0	0	473.09405719005736	1854.6280136518471	1	0	1	1.8446479723787366
163200.0	2000.0	1654.6280136516602	0.0	0	443.53038533157087	1854.6280136518762	1	0	1	1.8446479723787348
164200.0	2000.0	1654.6280136516725	0.0	0	298.74912370860693	1854.6280136518762	1	0	1	1.8446479723787348
165200.0	3000.0	1654.6280136516923	0.0	0	77.96615636759088	1854.6280136518471	1	0	1	1.8446479723787368
168079.2931106166	6000.0	200.0	424.6650969649279	0	0.0	2279.2931106165925	1	0	1	-0.3077459977986347
169139.2639729845	2000.0	456.2544953738293	316.2253577417167	0	0.0	2595.518468358321	1	0	1	-1.217576753458907
169762.90679442414	1000.0	832.6116739341779	0.0	0	0.0	2595.518468358321	1	0	1	0.3920933205396126
170454.56422142085	2000.0	1140.9542469374644	0.0	0	0.0	2595.51846835835	1	0	1	1.085240501099554
171706.80662708203	2000.0	888.7118412763016	0.0	0	0.0	2595.5184683583793	1	0	1	1.7783876816594957
172528.13644940185	2000.0	1067.382018956485	0.0	0	0.0	2595.5184683584084	1	0	1	1.778387681659495
173343.0235414074	2000.0	1252.4949269509284	0.0	0	0.0	2595.5184683584084	1	0	1	1.7783876816594921
173834.0362138984	2000.0	1761.4822544599367	0.0	0	0.0	2595.5184683584084	1	0	1	1.7783876816594921
174612.91659877842	2000.0	1982.6018695799116	0.0	0	0.0	2595.5184683584375	1	0	1	1.7783876816594915
176380.8258569651	2000.0	1214.6926113932589	0.0	0	0.0	2595.5184683584375	1	0	1	1.7783876816594884
177188.28444876848	1000.0	1407.2340195898537	0.0	0	0.0	2595.5184683584375	1	0	1	0.39209332053959817
178294.3828762994	2000.0	1301.1355920589322	0.0	0	0.0	2595.5184683584375	1	0	1	1.0852405010995434
178989.86403294688	1000.0	1605.654435411454	0.0	0	0.0	2595.5184683584375	1	0	1	0.39209332053959817
179567.27993161193	1000.0	2028.2385367464071	0.0	0	0.0	2595.5184683584666	1	0	1	1.0852405010995418
181061.93448590895	2000.0	1533.5839824493985	0.0	0	0.0	2595.5184683584666	1	0	1	1.0852405010995396
181535.5010316721	1000.0	2060.017436686263	0.0	0	0.0	2595.5184683584666	1	0	1	0.39209332053959456
182999.3774340033	2000.0	1596.1410343550683	0.0	0	0.0	2595.5184683584666	1	0	1	1.0852405010995396
183862.74935439747	1000.0	1732.7691139608887	0.0	0	0.0	2595.5184683584375	1	0	1	0.39209332053959817
184831.0058992147	1000.0	1764.5125691436494	0.0	0	0.0	2595.5184683584666	1	0	1	1.0852405010995398
186068.3791279383	2000.0	1527.1393404200485	0.0	0	0.0	2595.5184683584666	1	0	1	1.0852405010995396
186611.11345601233	1000.0	1984.405012346028	0.0	0	0.0	2595.5184683584375	1	0	1	0.392093320539596
188557.58843317127	2000.0	1037.930035187081	0.0	0	0.0	2595.5184683584375	1	0	1	1.0852405010995434
188989.78890979665	1000.0	1605.7295585616978	0.0	0	0.0	2595.5184683584375	1	0	1	0.39209332053959817
189930.78449103463	2000.0	1664.7339773237024	0.0	0	0.0	2595.5184683584375	1	0	1	1.0852405010995434
190571.66122969633	2000.0	2023.857238661967	0.0	0	0.0	2595.5184683584084	1	0	1	1.7783876816594901
191296.45653919032	2000.0	2299.0619291679805	0.0	0	0.0	2595.5184683583793	1	0	1	1.7783876816594957
192200.0	3000.0	2305.164122277324	0.0	0	203.10000154408044	2505.1641222774633	1	0	2	1.3855566281660252
193200.0	3000.0	2205.16412227731	0.0	0	449.459497913369	2405.1641222774633	1	0	2	2.0015614261631085
194507.63806458906	6000.0	1897.5260576882736	0.0	0	0.0	2405.1641222774633	1	0	1	2.0055515137946207
195793.42311469515	6000.0	1611.741007582218	0.0	0	0.0	2405.1641222774633	1	0	1	2.8986986943545654
196754.13700032834	3000.0	1554.955733385728	0.0	0	0.0	2309.0927337142057	1	0	2	1.1196704089197869
197360.30895030402	3000.0	1888.1665884124616	0.0	0	0.0	2248.4755387166224	1	0	2	2.019274173485637
198200.0	3000.0	1964.506433746892	0.0	0	158.47114776272792	2164.5064337470394	1	0	2	2.0254571990907366
201869.28414872248	6000.0	200.0	904.7777149756062	0	0.0	3069.2841487224796	1	0	1	-3.433429857482544
202333.9607083156	1000.0	760.430028621652	25.106588214771904	0	0.0	3094.390736937261	1	0	1	-0.9360435924872617
203072.1458174133	2000.0	1022.2449195239725	0.0	0	0.0	3094.390736937232	1	0	1	1.0063554060294302
203812.29946733778	2000.0	1282.0912695995075	0.0	0	0.0	3094.390736937232	1	0	1	1.6995025865893754
204663.06454825625	2000.0	1431.3261886810365	0.0	0	0.0	3094.390736937232	1	0	1	1.6995025865893754
205320.867912445	2000.0	1773.5228244922446	0.0	0	0.0	3094.390736937232	1	0	1	1.6995025865893754
205874.75490616733	2000.0	2219.6358307699106	0.0	0	0.0	3094.390736937232	1	0	1	1.6995025865893754
206516.73937922978	2000.0	2577.6513577074556	0.0	0	0.0	3094.390736937232	1	0	1	1.6995025865893754
207490.73339720166	2000.0	2603.6573397356137	0.0	0	0.0	3094.390736937261	1	0	1	1.6995025865893743
208513.09134827982	2000.0	2581.299388657473	0.0	0	0.0	3094.390736937261	1	0	1	1.6995025865893696
209536.4691852119	2000.0	2557.9215517254265	0.0	0	0.0	3094.390736937261	1	0	1	1.6995025865893696
210763.8377688119	2000.0	2330.5529681253997	0.0	0	0.0	3094.390736937261	1	0	1	1.6995025865893696
211864.78808603706	2000.0	2229.6026509002313	0.0	0	0.0	3094.390736937261	1	0	1	1.6995025865893696
212790.46504901705	2000.0	2303.9256879202376	0.0	0	0.0	3094.390736937261	1	0	1	1.6995025865893696
214099.96446771076	2000.0	1994.4262692265297	0.0	0	0.0	3094.39073693729	1	0	1	1.6995025865893636
215634.7961448064	2000.0	1459.5945921308858	0.0	0	0.0	3094.39073693729	1	0	1	1.6995025865893636
216456.16198944245	1000.0	1638.2287474948168	0.0	0	0.0	3094.39073693729	1	0	1	0.31320822546947347
217176.49169213936	1000.0	1917.8990447979038	0.0	0	0.0	3094.390736937261	1	0	1	1.0063554060294244
217979.69952555324	1000.0	2114.691211384059	0.0	0	0.0	3094.390736937232	1	0	1	1.0063554060294302
218607.04013802315	1000.0	2487.3505989141604	0.0	0	0.0	3094.390736937232	1	0	1	1.0063554060294302
220280.84410183696	2000.0	1813.5466351003383	0.0	0	0.0	3094.390736937232	1	0	1	1.0063554060294302
220804.70605450482	1000.0	2289.6846824324725	0.0	0	0.0	3094.3907369372027	1	0	1	0.3132082254694908
221979.57887506243	2000.0	2114.8118618748713	0.0	0	0.0	3094.390736937232	1	0	1	1.0063554060294302
222626.598688513	2000.0	2467.79204842431	0.0	0	0.0	3094.390736937261	1	0	1	1.6995025865893696
223276.6445893943	2000.0	2817.7461475430046	0.0	0	0.0	3094.390736937261	1	0	1	1.6995025865893696
224715.95456318243	2000.0	2234.505176376101	0.0	0	0.0	2950.459739558457	1	0	2	1.3182580332548406
225942.2949548932	2000.0	2008.164784665347	0.0	0	0.0	2950.459739558486	1	0	1	1.5260611739030094
227343.71305130245	2000.0	1606.7466882561018	0.0	0	0.0	2950.459739558486	1	0	1	1.7260611739030087
228621.84395706092	2000.0	1328.6157824976256	0.0	0	0.0	2950.459739558515	1	0	1	1.7260611739030078
230063.71953139696	1000.0	886.740208161553	0.0	0	0.0	2950.459739558515	1	0	1	0.3397668127831134
231428.0561883681	1000.0	522.4035511904166	0.0	0	0.0	2950.4597395585442	1	0	1	1.0329139933430538
231883.10090396338	500.0	1067.3588355951342	0.0	0	0.0	2950.4597395585442	1	0	1	-0.3533803677768371
233007.1388023724	1000.0	943.3209371860803	0.0	0	0.0	2950.4597395585442	1	0	1	0.3397668127831083
233743.06694263298	1000.0	1207.3927969254905	0.0	0	0.0	2950.459739558515	1	0	1	1.0329139933430584
234360.38645028335	1000.0	1590.0732892751264	0.0	0	0.0	2950.459739558515	1	0	1	1.0329139933430584
235251.94174113477	2000.0	1698.5179984237302	0.0	0	0.0	2950.4597395585442	1	0	1	1.0329139933430536
235825.83202252578	2000.0	2124.62771703271	0.0	0	0.0	2950.459739558515	1	0	1	1.7260611739030038
236330.6836449488	2000.0	2619.7760946096864	0.0	0	0.0	2950.459739558515	1	0	1	1.7260611739030038
237200.0	3000.0	2663.528104053333	0.0	0	5.457958163053263	2863.5281040533737	1	0	2	1.336793723501437
238200.0	3000.0	2563.528104053354	0.0	0	280.781343573879	2763.5281040533737	1	0	2	1.9557788579183053
239550.86732249855	3000.0	2077.5740493049557	0.0	0	0.0	2628.441371803521	1	0	2	1.9747561921745582
240548.44506256166	2000.0	1980.2385352355386	0.0	0	0.0	2528.6835977971787	1	0	2	1.1781795917609925
241393.29669243918	3000.0	2050.9017423702935	0.0	0	0.0	2444.1984348094556	1	0	2	1.5936510040732903
242200.0	3000.0	2163.5281040534	0.0	0	14.048521847696975	2363.528104053403	1	0	2	2.0076301485909114
243200.0	3000.0	2063.5281040534132	0.0	0	237.04290517233312	2263.528104053432	1	0	2	2.0160817650257394
244200.0	3000.0	1963.528104053385	0.0	0	166.15051162417512	2163.528104053432	1	0	2	2.025221145160381
246193.2585276851	6000.0	970.269576368258	0.0	0	0.0	2163.528104053403	1	0	1	2.0280190096469064
246841.96315462908	2000.0	1321.564949424277	0.0	0	0.0	2163.528104053403	1	0	1	0.7239416128706322
247782.41747294608	2000.0	1381.110631107272	0.0	0	0.0	2163.5281040533737	1	0	1	1.8225539015387433
249108.93352494412	2000.0	1054.5945791092206	0.0	0	0.0	2163.5281040533737	1	0	1	1.8225539015387442
249845.29697787628	2000.0	1318.2311261770699	0.0	0	0.0	2163.5281040533446	1	0	1	1.8225539015387469
250682.8626857568	2000.0	1480.6654182965597	0.0	0	0.0	2163.5281040533446	1	0	1	1.8225539015387469
251581.3837165101	2000.0	1582.144387543231	0.0	0	0.0	2163.5281040533737	1	0	1	1.8225539015387442
252431.39397462754	2000.0	1732.134129425808	0.0	0	0.0	2163.5281040533737	1	0	1	1.8225539015387442
253200.0	2000.0	1963.5281040533139	0.0	0	65.80810682813171	2163.5281040533446	1	0	1	1.8225539015387469
254277.36063859257	3000.0	1778.4314016014775	0.0	0	0.0	2055.792040194123	1	0	2	1.4287083480246106
255258.0580076386	2000.0	1699.664295650858	0.0	0	0.0	1957.7223032895417	1	0	2	1.2306814462599949
256220.2724462438	2000.0	1737.4498570456626	0.0	0	0.0	1957.7223032895417	1	0	1	1.6379925107767725
257200.0	2000.0	1757.7223032894603	0.0	0	289.3566521272587	1957.7223032895708	1	0	1	1.837992510776771
258200.0	2000.0	1757.722303289482	0.0	0	241.96831960437703	1957.7223032895708	1	0	1	1.837992510776771
259200.0	2000.0	1757.722303289475	0.0	0	102.36243548439234	1957.7223032895417	1	0	1	1.8379925107767727
260558.09763047576	2000.0	1399.6246728136862	0.0	0	0.0	1957.7223032895417	1	0	1	1.8379925107767727
261342.4134354939	2000.0	1615.3088677955516	0.0	0	0.0	1957.7223032895417	1	0	1	1.8379925107767727
262626.4714012623	2000.0	1331.2509020271252	0.0	0	0.0	1957.7223032895126	1	0	1	1.8379925107767738
263842.2804444299	2000.0	1115.4418588594594	0.0	0	0.0	1957.7223032894835	1	0	1	1.8379925107767767
264561.9677830403	1000.0	1395.7545202490592	0.0	0	0.0	1957.7223032895126	1	0	1	0.45169814965688443
265339.6091071013	2000.0	1618.1131961881244	0.0	0	0.0	1957.7223032894544	1	0	1	1.1448453302168335
266361.0921744229	2000.0	1596.6301288665175	0.0	0	0.0	1957.7223032894544	1	0	1	1.8379925107767785
267200.0	2000.0	1757.7223032894142	0.0	0	97.69354684452992	1957.7223032894544	1	0	1	1.8379925107767785
268200.0	2000.0	1757.722303289412	0.0	0	322.07987612485886	1957.7223032895126	1	0	1	1.8379925107767747
269200.0	2000.0	1757.7223032894096	0.0	0	441.32668848719914	1957.7223032895126	1	0	1	1.8379925107767747
270200.0	2000.0	1757.7223032894121	0.0	0	471.74491046904586	1957.7223032895126	1	0	1	1.8379925107767747
271200.0	3000.0	1657.7223032894333	0.0	0	86.90099979500519	1857.722303289629	1	0	2	1.4425874140583772
272200.0	2000.0	1657.7223032894321	0.0	0	398.15733030298725	1857.7223032896873	1	0	1	1.2389926200979664
273200.0	2000.0	1657.7223032894124	0.0	0	517.8799140849151	1857.7223032897455	1	0	1	1.8444577282061285
274200.0	2000.0	1657.7223032894458	0.0	0	22.704143146169372	1857.7223032897455	1	0	1	1.8444577282061276
275455.3735442375	2000.0	1402.348759051922	0.0	0	0.0	1857.7223032898037	1	0	1	1.8444577282061239
276227.2583894486	2000.0	1630.4639138408513	0.0	0	0.0	1857.7223032897455	1	0	1	1.8444577282061276
277200.0	2000.0	1657.7223032894037	0.0	0	281.72790211997926	1857.7223032896873	1	0	1	1.8444577282061312
278200.0	2000.0	1657.722303289474	0.0	0	353.18721140903654	1857.7223032896873	1	0	1	1.8444577282061312
279200.0	2000.0	1657.722303289458	0.0	0	208.04701112449402	1857.7223032896873	1	0	1	1.8444577282061312
281064.6950831392	3000.0	606.5577118363424	0.0	0	0.0	1671.2527949758805	1	0	2	1.4514736261522172
282357.08773528266	2000.0	371.35139619013216	57.18633649726945	0	0.0	1728.4391314731329	1	0	1	0.9033562360752824
282890.4024782083	1000.0	838.036653264475	0.0	0	0.0	1728.439131473191	1	0	1	0.4656450020471704
283571.51783129474	1000.0	1156.9213001780731	0.0	0	0.0	1728.4391314732493	1	0	1	1.1587921826071126
284909.7021843512	2000.0	818.736947121554	0.0	0	0.0	1728.4391314732493	1	0	1	1.1587921826071124
286131.093387833	2000.0	597.3457436398236	0.0	0	0.0	1728.4391314732493	1	0	1	1.8519393631670575
286726.75798285374	1000.0	1001.6811486190547	0.0	0	0.0	1728.4391314732493	1	0	1	0.4656450020471673
287549.01573502953	2000.0	1179.423396443349	0.0	0	0.0	1728.4391314732493	1	0	1	1.1587921826071124
288200.0	2000.0	1528.43913147286	0.0	0	21.254173280205578	1728.4391314732493	1	0	1	1.8519393631670575
289200.0	2000.0	1528.4391314728978	0.0	0	89.26168275345117	1728.4391314732493	1	0	1	1.8519393631670575
290209.6332490588	2000.0	1518.8058824140949	0.0	0	0.0	1728.4391314732493	1	0	1	1.8519393631670575
291200.0	2000.0	1528.4391314728803	0.0	0	231.43024093162967	1728.439131473191	1	0	1	1.8519393631670609
292200.0	2000.0	1528.4391314728182	0.0	0	317.29425387532683	1728.4391314731329	1	0	1	1.8519393631670638
293347.3887830831	2000.0	1381.0503483896834	0.0	0	0.0	1728.4391314731329	1	0	1	1.8519393631670638
294446.75389678386	2000.0	1281.6852346890157	0.0	0	0.0	1728.4391314731329	1	0	1	1.8519393631670638
295243.78064206336	1000.0	1484.6584894095552	0.0	0	0.0	1728.4391314731329	1	0	1	0.4656450020471736
296805.38071718754	2000.0	923.0584142853847	0.0	0	0.0	1728.4391314731329	1	0	1	1.1587921826071188
297223.96509819897	1000.0	1504.4740332740098	0.0	0	0.0	1728.4391314731329	1	0	1	0.4656450020471736
298375.3013754936	2000.0	1353.137755979417	0.0	0	0.0	1728.439131473191	1	0	1	1.1587921826071157
299200.0	1000.0	1528.4391314730003	0.0	0	66.04737986903638	1728.4391314731329	1	0	1	0.4656450020471736
300286.8179107229	2000.0	1441.6212207500985	0.0	0	0.0	1728.4391314731329	1	0	1	1.1587921826071188
1.47	1.73	2.29	2.04	2.21	2.75	3.29	3.54	3.46	4.1	4.44	2.5	1.31	2.09	1.85	2.16	1.84	2.68	3.15	3.63	1.47	1.11	1.71	1.56	1.47	1.81	1.74	1.36	1.16	1.15	1.89	1.61	1.07	1.66	2.21	2.86	3.36	3.94	6.05	4.95	4.6	3.93	4.53	4.6	3.06	1.87	1.38	1.92	2.22	2.44	2.95	2.76	1.83	1.62	2.26	2.22	2.04	2.58	2.18	1.34	1.64	1.56	1.08	1.53	1.48	1.69	2.04	2.58	2.77	1.85	1.11	1.66	1.86	1.99	0.88	0.96	0.8	1.08	1.42	2.02	2.56	3.31	3.8	3.27	2.7	2.75	3.29	3.85	4.46	4.4	3.24	3.02	2.0	2.1	1.9	2.9	2.92	3.35	3.35	3.01	2.44	2.72	2.81	2.39	1.53	2.09	2.35	2.0	1.99	1.39	2.53	2.31	2.61	2.8	3.06	2.99	2.78	3.65	3.23	1.7	2.19	2.39	2.78	3.79	3.08	2.11	1.1	1.36	1.68	1.99	1.93	1.89	2.56	2.47	1.7	2.44	2.84	2.63	1.67	1.42	1.49	1.65	1.89	1.34	1.89	2.06	1.92	1.56	1.78	2.86	1.47	1.73	2.29	2.04	2.21	2.75	3.29	3.54	3.46	4.1	4.44	2.5	1.31	2.09	1.85	2.16	1.84	2.68	3.15	3.63	1.47	1.11	1.71	1.56	1.47	1.81	1.74	1.36	1.16	1.15	1.89	1.61	1.07	1.66	2.21	2.86	3.36	3.94	6.05	4.95	4.6	3.93	4.53	4.6	3.06	1.87	1.38	1.92	2.22	2.44	2.95	2.76	1.83	1.62	2.26	2.22	2.04	2.58	2.18	1.34	1.64	1.56	1.08	1.53	1.48	1.69	2.04	2.58	2.77	1.85	1.11	1.66	1.86	1.99	0.88	0.96	0.8	1.08	1.42	2.02	2.56	3.31	3.8	3.27	2.7	2.75	3.29	3.85	4.46	4.4	3.24	3.02	2.0	2.1	1.9	2.9	2.92	3.35	3.35	3.01	2.44	2.72	2.81	2.39	1.53	2.09	2.35	2.0	1.99	1.39	2.53	2.31	2.61	2.8	3.06	2.99	2.78	3.65	3.23	1.7	2.19	2.39	2.78	3.79	3.08	2.11	1.1	1.36	1.68	1.99	1.93	1.89	2.56	2.47	1.7	2.44	2.84	2.63	1.67	1.42	1.49	1.65	1.89	1.34	1.89	2.06	1.92	1.56
1.0	2.0	3.0	4.0	5.0	6.0	7.0	8.0	9.0	10.0	11.0	12.0	13.0	14.0	15.0	16.0	17.0	18.0	19.0	20.0	21.0	22.0	23.0	24.0	25.0	26.0	27.0	28.0	29.0	30.0	31.0	32.0	33.0	34.0	35.0	36.0	37.0	38.0	39.0	40.0	41.0	42.0	43.0	44.0	45.0	46.0	47.0	48.0	49.0	50.0	51.0	52.0	53.0	54.0	55.0	56.0	57.0	58.0	59.0	60.0	61.0	62.0	63.0	64.0	65.0	66.0	67.0	68.0	69.0	70.0	71.0	72.0	73.0	74.0	75.0	76.0	77.0	78.0	79.0	80.0	81.0	82.0	83.0	84.0	85.0	86.0	87.0	88.0	89.0	90.0	91.0	92.0	93.0	94.0	95.0	96.0	97.0	98.0	99.0	100.0	101.0	102.0	103.0	104.0	105.0	106.0	107.0	108.0	109.0	110.0	111.0	112.0	113.0	114.0	115.0	116.0	117.0	118.0	119.0	120.0	121.0	122.0	123.0	124.0	125.0	126.0	127.0	128.0	129.0	130.0	131.0	132.0	133.0	134.0	135.0	136.0	137.0	138.0	139.0	140.0	141.0	142.0	143.0	144.0	145.0	146.0	147.0	148.0	149.0	149.0	150.0	151.0	152.0	153.0	154.0	155.0	156.0	157.0	158.0	159.0	160.0	161.0	162.0	163.0	164.0	165.0	166.0	167.0	168.0	169.0	170.0	171.0	172.0	173.0	174.0	175.0	176.0	177.0	178.0	179.0	180.0	181.0	182.0	183.0	184.0	185.0	186.0	187.0	188.0	189.0	190.0	191.0	192.0	193.0	194.0	195.0	196.0	197.0	198.0	199.0	200.0	201.0	202.0	203.0	204.0	205.0	206.0	207.0	208.0	209.0	210.0	211.0	212.0	213.0	214.0	215.0	216.0	217.0	218.0	219.0	220.0	221.0	222.0	223.0	224.0	225.0	226.0	227.0	228.0	229.0	230.0	231.0	232.0	233.0	234.0	235.0	236.0	237.0	238.0	239.0	240.0	241.0	242.0	243.0	244.0	245.0	246.0	247.0	248.0	249.0	250.0	251.0	252.0	253.0	254.0	255.0	256.0	257.0	258.0	259.0	260.0	261.0	262.0	263.0	264.0	265.0	266.0	267.0	268.0	269.0	270.0	271.0	272.0	273.0	274.0	275.0	276.0	277.0	278.0	279.0	280.0	281.0	282.0	283.0	284.0	285.0	286.0	287.0	288.0	289.0	290.0	291.0	292.0	293.0	294.0	295.0	296.0	297.0
5474.570678688548
