5565.800395674131	300.0	1000.0	91.22971698558376	0	0.0	5565.800395674131	0	0	1	-2.0969364832987236
5658.852890719401	300.0	2000.0	93.0524950452701	0	0.0	5658.852890719401	1	0	1	-2.194851753349205
6213.393875693606	3000.0	2445.459015025796	0.0	0	0.0	5658.852890719402	1	0	1	-1.652232937149927
6827.297194773061	3000.0	2770.165364038394	0.0	0	0.0	5597.462558811455	1	0	2	0.29351590789789
7451.35960431093	3000.0	3083.6967135467385	0.0	0	0.0	5535.056317857669	1	0	2	0.5552816874329995
8719.305860762393	3000.0	2688.955831450129	0.0	0	0.0	5408.261692212523	1	0	2	0.6639027593737399
9401.238086453206	3000.0	2938.8303831902363	0.0	0	0.0	5340.068469643442	1	0	2	0.7333217054690777
9904.383589477236	3000.0	3385.3703298638	0.0	0	0.0	5289.753919341036	1	0	2	0.7838697410363467
10604.2084874363	3000.0	3615.5629421088306	0.0	0	0.0	5219.771429545131	1	0	2	0.8375206327344059
11429.096524940185	3000.0	3708.1861008545593	0.0	0	0.0	5137.282625794743	1	0	2	0.9085480130400355
11980.822666241329	3000.0	4101.2873454232995	0.0	0	0.0	5082.1100116646285	1	0	2	0.9599732124226954
12396.192777230279	3000.0	4644.3802233354545	0.0	0	0.0	5040.573000565733	1	0	2	0.996461750811129
13208.295592656588	3000.0	4751.067126366514	0.0	0	0.0	4959.362719023102	1	0	2	1.0531417751241892
14200.0	3000.0	4660.19227828876	0.0	0	1.6708921471617941	4860.19227828876	1	0	2	1.1207799030209586
15200.0	3000.0	4560.192278288756	0.0	0	435.5628259636287	4760.192278288758	1	0	2	1.1883791263528583
16200.0	3000.0	4460.192278288754	0.0	0	376.10704645618534	4660.192278288754	1	0	2	1.2577974477886507
17200.0	3000.0	4360.192278288752	0.0	0	578.1932260390713	4560.192278288754	1	0	2	1.3209356530524867
19222.617653022782	6000.0	3337.57462526597	0.0	0	0.0	4560.192278288756	1	0	1	1.3461750827333123
20054.04194688589	3000.0	3423.0079020165504	0.0	0	0.0	4477.049848902443	1	0	2	0.4915334992253152
20861.72229378087	3000.0	3534.5595204320753	0.0	0	0.0	4396.281814212947	1	0	2	1.4305811181855228
21990.209506398714	3000.0	3293.2235865524462	0.0	0	0.0	4283.433092951163	1	0	2	1.4880115338336433
23183.03006166158	3000.0	2981.1209757632932	0.0	0	0.0	4164.1510374248755	1	0	2	1.546861761620026
24157.528313488587	3000.0	2909.1728987535903	0.0	0	0.0	4066.7012122421766	1	0	2	1.5962086932465205
24682.863719937654	3000.0	3331.30395165962	0.0	0	0.0	4014.167671597268	1	0	2	1.6242880085727158
25374.10558147376	3000.0	3570.937903969905	0.0	0	0.0	3945.0434854436608	1	0	2	1.65161007634374
26200.0	3000.0	3662.454043591039	0.0	0	187.5569641451184	3862.4540435910385	1	0	2	1.6793520023858286
27200.0	3000.0	3562.454043591042	0.0	0	315.4526631571971	3762.454043591042	1	0	2	1.7141602340355258
28665.94879449957	6000.0	3096.505249091468	0.0	0	0.0	3762.454043591046	1	0	1	1.7267589765534894
29507.939595261352	3000.0	3254.5144483296895	0.0	0	0.0	3762.454043591046	1	0	1	1.233611795993545
30221.54272054075	3000.0	3469.551010522351	0.0	0	0.0	3691.093731063105	1	0	2	1.545268779152836
31200.0	3000.0	3393.2480031171754	0.0	0	120.12901974113629	3593.24800311718	1	0	2	1.7717713964572177
32417.465834897957	3000.0	3054.0355847294195	0.0	0	0.0	3471.501419627377	1	0	2	1.806265168249432
33705.01730658764	3000.0	2766.4841130397394	0.0	0	0.0	3471.501419627377	1	0	1	1.8169383209325884
34482.71203791258	3000.0	2911.0199085822983	0.0	0	0.0	3393.731946494874	1	0	2	1.6319537873753602
35400.629321140295	3000.0	2901.310897031804	0.0	0	0.0	3301.9402181720943	1	0	2	1.8547442847458555
36376.38148880992	3000.0	2827.98351259522	0.0	0	0.0	3204.365001405138	1	0	2	1.8766419263338951
37200.0	3000.0	2922.0031502861375	0.0	0	77.66849610990903	3122.003150286131	1	0	2	1.894599178219777
38200.0	3000.0	2822.003150286137	0.0	0	501.62404606198834	3022.003150286131	1	0	2	1.9114219277200664
39200.0	3000.0	2722.003150286148	0.0	0	97.30944030397222	2922.003150286153	1	0	2	1.930467369335007
40200.0	3000.0	2622.0031502861543	0.0	0	126.78413058058504	2822.0031502861675	1	0	2	1.9473697345136518
41200.0	3000.0	2522.003150286165	0.0	0	116.40238831767056	2722.0031502861675	1	0	2	1.9628406047675737
42200.0	3000.0	2522.003150286169	0.0	0	40.51004094239761	2722.003150286175	1	0	1	1.9671404301778992
43200.0	3000.0	2422.003150286166	0.0	0	175.77138051976362	2622.0031502861675	1	0	2	1.7759858029446598
44200.0	3000.0	2422.0031502861684	0.0	0	161.9314781173016	2622.0031502861675	1	0	1	1.9805146283495925
45200.0	3000.0	2422.0031502861725	0.0	0	172.04878988692508	2622.0031502861675	1	0	1	2.180514628349593
46200.0	3000.0	2322.0031502861775	0.0	0	304.237163047379	2522.0031502861602	1	0	2	1.7880674356517785
47627.854382542624	3000.0	1894.1487677435587	0.0	0	0.0	2522.003150286153	1	0	1	1.9926963344264037
48235.86222165408	3000.0	2225.340144720958	0.0	0	0.0	2461.202366375015	1	0	2	1.7978305640443677
49200.0	3000.0	2164.7885885404503	0.0	0	161.7451247666977	2364.7885885404175	1	0	2	2.006436275469057
50200.0	3000.0	2164.7885885404544	0.0	0	385.0576158467811	2364.7885885404175	1	0	1	2.009673896835302
51502.11319589927	6000.0	1862.6753926411845	0.0	0	0.0	2364.7885885404175	1	0	1	2.2096738968353025
52370.27290608913	6000.0	1994.515682451322	0.0	0	0.0	2364.7885885404175	1	0	1	2.9028210773952474
53587.88300424531	6000.0	1776.9055842951375	0.0	0	0.0	2364.7885885404175	1	0	1	2.9028210773952474
55169.000175813286	6000.0	1195.7884127271673	0.0	0	0.0	2364.7885885404175	1	0	1	2.9028210773952474
55640.88853037803	2000.0	1723.9000581624248	0.0	0	0.0	2364.788588540425	1	0	1	0.7055965000590272
56399.54499677534	3000.0	1965.243591765114	0.0	0	0.0	2364.788588540425	1	0	1	1.8042087887271367
57269.19942449309	3000.0	2095.589164047361	0.0	0	0.0	2364.788588540425	1	0	1	2.2096738968353016
58200.0	3000.0	2071.7085309897484	0.0	0	133.7760759786397	2271.708530989723	1	0	2	1.8155455750160845
59200.0	3000.0	2071.7085309897475	0.0	0	249.12889126491064	2271.708530989723	1	0	1	2.0185964113542054
60200.0	3000.0	2071.7085309897448	0.0	0	59.479327866007225	2271.708530989723	1	0	1	2.2185964113542056
61200.0	3000.0	2071.7085309897366	0.0	0	246.96355755302648	2271.708530989723	1	0	1	2.2185964113542056
62200.0	3000.0	2071.708530989742	0.0	0	170.35117641917896	2271.708530989723	1	0	1	2.2185964113542056
63240.920443323615	3000.0	2030.7880876661266	0.0	0	0.0	2271.70853098973	1	0	1	2.2185964113542047
64200.0	3000.0	2071.7085309897457	0.0	0	249.55684039816697	2271.70853098973	1	0	1	2.2185964113542047
65290.58271833058	3000.0	1981.1258126591717	0.0	0	0.0	2271.70853098973	1	0	1	2.2185964113542047
66200.0	3000.0	2071.708530989773	0.0	0	113.31202191697957	2271.7085309897448	1	0	1	2.2185964113542043
67465.71369352996	6000.0	1805.994837459816	0.0	0	0.0	2271.708530989752	1	0	1	2.218596411354203
68276.31420163203	6000.0	1995.3943293577538	0.0	0	0.0	2271.708530989752	1	0	1	2.9117435919141474
69853.83380580788	6000.0	1417.8747251819084	0.0	0	0.0	2271.708530989752	1	0	1	2.9117435919141474
70722.5468561833	3000.0	1549.1616748064869	0.0	0	0.0	2271.708530989752	1	0	1	1.525449230794258
71372.26427870347	3000.0	1899.4442522863187	0.0	0	0.0	2271.708530989752	1	0	1	2.218596411354203
72575.78283549825	3000.0	1575.5738398120438	0.0	0	0.0	2151.356675310264	1	0	2	1.8266336183504837
73295.30821281463	3000.0	1784.095924764016	0.0	0	0.0	2079.4041375786037	1	0	2	2.0332052346908
74200.0	3000.0	1788.9349588601267	0.0	0	204.49953234600252	1988.9349588600744	1	0	2	2.039007717670522
75200.0	3000.0	1788.9349588601308	0.0	0	266.5977547712828	1988.9349588600744	1	0	1	2.041308344795747
76361.88671321311	6000.0	1627.0482456470081	0.0	0	0.0	1988.9349588600599	1	0	1	2.241308344795748
77361.36515394707	6000.0	1627.5698049130524	0.0	0	0.0	1988.9349588600599	1	0	1	2.934455525355693
78386.81603662983	6000.0	1602.1189222302833	0.0	0	0.0	1988.9349588600599	1	0	1	2.934455525355693
79200.0	6000.0	1788.9349588601037	0.0	0	69.39910276148294	1988.9349588600599	1	0	1	2.934455525355693
80200.0	6000.0	1788.934958860108	0.0	0	192.44128689529316	1988.9349588600599	1	0	1	2.934455525355693
81215.12328941673	6000.0	1773.8116694433816	0.0	0	0.0	1988.9349588600599	1	0	1	2.934455525355693
83071.98291262344	6000.0	916.952046236672	0.0	0	0.0	1988.9349588600744	1	0	1	2.934455525355692
83921.89029810358	3000.0	1067.0446607565266	0.0	0	0.0	1988.9349588600744	1	0	1	1.5481611642358022
84528.50179967326	3000.0	1460.4331591868406	0.0	0	0.0	1988.9349588600744	1	0	1	2.241308344795747
85200.0	3000.0	1788.9349588601056	0.0	0	175.62039183500747	1988.9349588600744	1	0	1	2.241308344795747
86200.0	3000.0	1788.9349588601053	0.0	0	522.2384815066325	1988.9349588600744	1	0	1	2.241308344795747
87606.56799971643	6000.0	1382.366959143681	0.0	0	0.0	1988.9349588600744	1	0	1	2.241308344795747
88249.15045163118	3000.0	1739.7845072289215	0.0	0	0.0	1988.9349588600744	1	0	1	1.5481611642358022
89691.03784451252	6000.0	1297.8971143475808	0.0	0	0.0	1988.9349588600744	1	0	1	2.241308344795747
90695.8576252862	6000.0	1293.0773335739173	0.0	0	0.0	1988.9349588600744	1	0	1	2.934455525355692
91376.37149960909	3000.0	1612.5634592510241	0.0	0	0.0	1988.9349588600599	1	0	1	1.548161164235803
92490.29270500952	6000.0	1498.6422538505865	0.0	0	0.0	1988.9349588600599	1	0	1	2.241308344795748
93434.27684036533	6000.0	1554.6581184947804	0.0	0	0.0	1988.9349588600599	1	0	1	2.934455525355693
95132.3710031913	6000.0	856.5639556688029	0.0	0	0.0	1988.9349588600453	1	0	1	2.934455525355694
95518.97702679494	2000.0	1469.9579320651744	0.0	0	0.0	1988.9349588600453	1	0	1	0.7372309480194748
96227.0546002342	3000.0	1761.880358625898	0.0	0	0.0	1988.9349588600453	1	0	1	1.8358432366875845
97200.0	3000.0	1788.9349588600992	0.0	0	276.81207342116977	1988.9349588600453	1	0	1	2.241308344795749
98200.0	3000.0	1788.9349588601187	0.0	0	426.84291648118233	1988.9349588600599	1	0	1	2.241308344795748
99200.0	3000.0	1788.9349588601274	0.0	0	346.5826210310188	1988.9349588600744	1	0	1	2.241308344795747
100773.12166687896	6000.0	1215.8132919811744	0.0	0	0.0	1988.9349588600744	1	0	1	2.241308344795747
101564.1041036359	3000.0	1424.8308552242404	0.0	0	0.0	1988.934958860089	1	0	1	1.548161164235801
102649.81207242626	3000.0	1339.1228864338723	0.0	0	0.0	1988.934958860089	1	0	1	2.241308344795746
103536.57045585997	3000.0	1452.3645030001605	0.0	0	0.0	1988.934958860089	1	0	1	2.241308344795746
104408.24741022855	3000.0	1580.687548631573	0.0	0	0.0	1988.9349588600744	1	0	1	2.241308344795747
105200.0	3000.0	1788.9349588601149	0.0	0	175.50468081275176	1988.934958860089	1	0	1	2.241308344795746
106200.0	3000.0	1788.934958860115	0.0	0	282.9575185976282	1988.934958860089	1	0	1	2.241308344795746
107702.35678048954	6000.0	1286.5781783705775	0.0	0	0.0	1988.934958860089	1	0	1	2.241308344795746
109041.01247416735	6000.0	947.9224846927775	0.0	0	0.0	1988.934958860089	1	0	1	2.9344555253556908
109638.20737456054	3000.0	1350.7275842995762	0.0	0	0.0	1988.9349588600744	1	0	1	1.5481611642358022
110534.49234890506	6000.0	1454.4426099550558	0.0	0	0.0	1988.9349588600599	1	0	1	2.241308344795748
111343.75112900832	6000.0	1645.1838298517905	0.0	0	0.0	1988.9349588600599	1	0	1	2.934455525355693
112200.0	6000.0	1788.9349588601035	0.0	0	221.09884669570602	1988.9349588600599	1	0	1	2.934455525355693
114499.8250681323	6000.0	489.10989072779853	0.0	0	0.0	1988.9349588600599	1	0	1	2.934455525355693
115198.85177936987	2000.0	790.083179490205	0.0	0	0.0	1988.9349588600599	1	0	1	0.7372309480194736
115788.7844905425	2000.0	1200.1504683175754	0.0	0	0.0	1988.9349588600599	1	0	1	1.8358432366875832
116552.03361854434	3000.0	1436.901340315741	0.0	0	0.0	1988.9349588600744	1	0	1	1.8358432366875825
117200.0	3000.0	1788.9349588600817	0.0	0	14.856616961420514	1988.9349588600599	1	0	1	2.241308344795748
118200.0	3000.0	1788.934958860072	0.0	0	400.6581137559406	1988.9349588600599	1	0	1	2.241308344795748
119200.0	3000.0	1788.9349588600612	0.0	0	527.7982152017066	1988.9349588600599	1	0	1	2.241308344795748
120446.46528211144	6000.0	1542.469676748612	0.0	0	0.0	1988.9349588600599	1	0	1	2.241308344795748
122031.71792473854	6000.0	957.217034121518	0.0	0	0.0	1988.9349588600453	1	0	1	2.934455525355693
122784.40896768942	3000.0	1204.525991170639	0.0	0	0.0	1988.9349588600599	1	0	1	1.548161164235803
123534.7791636907	3000.0	1454.1557951693462	0.0	0	0.0	1988.9349588600453	1	0	1	2.241308344795749
124200.0	3000.0	1788.9349588600528	0.0	0	166.65040554148436	1988.9349588600453	1	0	1	2.241308344795749
125487.33141136127	6000.0	1501.6035474987737	0.0	0	0.0	1988.9349588600453	1	0	1	2.2413083447957485
126876.30245851663	3000.0	1112.6325003434238	0.0	0	0.0	1988.9349588600453	1	0	1	1.5481611642358042
127654.41096763875	2000.0	1334.523991221298	0.0	0	0.0	1988.9349588600453	1	0	1	1.4303781285794197
128484.80219303645	3000.0	1504.132765823591	0.0	0	0.0	1988.9349588600453	1	0	1	1.8358432366875845
129200.0	3000.0	1788.934958860032	0.0	0	21.632393930267426	1988.9349588600453	1	0	1	2.241308344795749
130200.0	3000.0	1788.9349588600503	0.0	0	413.5767484214157	1988.9349588600453	1	0	1	2.241308344795749
131200.0	3000.0	1788.9349588600603	0.0	0	175.58662566816201	1988.9349588600599	1	0	1	2.241308344795749
132200.0	3000.0	1788.9349588600555	0.0	0	399.40097652960685	1988.9349588600453	1	0	1	2.241308344795748
133200.0	6000.0	1788.934958860056	0.0	0	232.60651994872023	1988.9349588600453	1	0	1	2.2413083447957485
134373.03007690553	6000.0	1615.9048819545158	0.0	0	0.0	1988.9349588600744	1	0	1	2.934455525355692
135537.14339658158	6000.0	1451.7915622784697	0.0	0	0.0	1988.9349588600453	1	0	1	2.934455525355694
136379.42392610523	6000.0	1609.5110327548227	0.0	0	0.0	1988.9349588600453	1	0	1	2.934455525355694
137200.0	6000.0	1788.934958860051	0.0	0	325.50495729537215	1988.9349588600453	1	0	1	2.934455525355694
138243.09672013545	6000.0	1745.8382387246138	0.0	0	0.0	1988.9349588600453	1	0	1	2.934455525355694
139200.0	6000.0	1788.934958860053	0.0	0	100.59212255955208	1988.9349588600453	1	0	1	2.934455525355694
140200.0	6000.0	1788.9349588600658	0.0	0	63.06760008362471	1988.9349588600453	1	0	1	2.934455525355694
142036.8327117474	6000.0	952.1022471126496	0.0	0	0.0	1988.9349588600453	1	0	1	2.934455525355694
142633.2374214548	3000.0	1355.6975374052522	0.0	0	0.0	1988.9349588600453	1	0	1	1.5481611642358042
143424.6271571919	6000.0	1564.3078016681502	0.0	0	0.0	1988.9349588600453	1	0	1	2.2413083447957485
144346.12481581597	6000.0	1642.810143044054	0.0	0	0.0	1988.9349588600162	1	0	1	2.9344555253556956
146260.23289968746	6000.0	728.7020591725496	0.0	0	0.0	1988.934958859987	1	0	1	2.9344555253556983
146784.7960748981	3000.0	1204.138883961894	0.0	0	0.0	1988.934958859958	1	0	1	1.5481611642358102
147519.57240942804	6000.0	1469.3625494319535	0.0	0	0.0	1988.934958859958	1	0	1	2.2413083447957547
148667.64003705993	6000.0	1321.2949218000938	0.0	0	0.0	1988.934958859958	1	0	1	2.9344555253556996
149292.24947489245	3000.0	1696.6854839675682	0.0	0	0.0	1988.934958859958	1	0	1	1.5481611642358102
150551.1163963338	3000.0	1437.8185625262195	0.0	0	0.0	1988.934958859958	1	0	1	2.241308344795755
151253.53199745968	3000.0	1735.402961400324	0.0	0	0.0	1988.934958859958	1	0	1	2.241308344795755
152200.0	3000.0	1788.934958859999	0.0	0	190.5529507168103	1988.934958859958	1	0	1	2.241308344795755
153200.0	3000.0	1788.9349588600069	0.0	0	280.032809669181	1988.934958859958	1	0	1	2.241308344795755
154200.0	3000.0	1788.9349588599985	0.0	0	196.27089191321284	1988.934958859958	1	0	1	2.241308344795755
155200.0	6000.0	1788.934958860035	0.0	0	106.84560340776807	1988.934958859958	1	0	1	2.2413083447957547
156284.99770074518	6000.0	1703.9372581148614	0.0	0	0.0	1988.934958859987	1	0	1	2.9344555253556983
157478.59285739093	3000.0	1510.3421014691164	0.0	0	0.0	1988.934958859987	1	0	1	1.5481611642358084
158200.0	2000.0	1788.9349588600405	0.0	0	258.91304042210686	1988.934958859987	1	0	1	1.4303781285794237
159200.0	3000.0	1788.9349588600724	0.0	0	263.9185678855574	1988.934958859987	1	0	1	1.8358432366875888
160200.0	3000.0	1788.934958860037	0.0	0	328.8385477962438	1988.934958859987	1	0	1	2.2413083447957534
161200.0	3000.0	1788.9349588600617	0.0	0	381.85638197435765	1988.934958859987	1	0	1	2.2413083447957534
162244.5994168299	6000.0	1744.3355420301423	0.0	0	0.0	1988.934958859958	1	0	1	2.2413083447957547
163790.18457228897	6000.0	1198.7503865710921	0.0	0	0.0	1988.934958859958	1	0	1	2.9344555253556996
164550.02210198913	3000.0	1438.9128568709086	0.0	0	0.0	1988.9349588599289	1	0	1	1.5481611642358122
165684.44569753925	6000.0	1304.4892613207737	0.0	0	0.0	1988.9349588598998	1	0	1	2.241308344795759
166322.153537892	3000.0	1666.781420968005	0.0	0	0.0	1988.9349588598998	1	0	1	1.5481611642358144
168554.01487490674	6000.0	434.9200839532875	0.0	0	0.0	1988.9349588599289	1	0	1	2.2413083447957587
169195.60474853808	2000.0	793.3302103219393	0.0	0	0.0	1988.9349588599289	1	0	1	0.7372309480194827
169596.69519889093	2000.0	1392.2397599691194	0.0	0	0.0	1988.934958859958	1	0	1	1.8358432366875905
170669.91272588485	3000.0	1319.0222329752341	0.0	0	0.0	1988.934958859987	1	0	1	1.8358432366875888
171704.82676151162	3000.0	1284.1081973484297	0.0	0	0.0	1988.934958859958	1	0	1	2.241308344795754
172577.7964002002	2000.0	1411.1385586598653	0.0	0	0.0	1988.934958859958	1	0	1	1.430378128579426
173200.0	3000.0	1788.934958860075	0.0	0	47.37779600234353	1988.934958859958	1	0	1	1.8358432366875905
174200.0	3000.0	1788.9349588600865	0.0	0	240.41235412855167	1988.934958859987	1	0	1	2.2413083447957534
175200.0	3000.0	1788.9349588600583	0.0	0	320.2381584175164	1988.934958859987	1	0	1	2.2413083447957534
176511.88752250376	6000.0	1477.047436356269	0.0	0	0.0	1988.9349588600162	1	0	1	2.241308344795751
177688.66675564088	6000.0	1300.2682032191194	0.0	0	0.0	1988.9349588600162	1	0	1	2.9344555253556956
178502.6908042019	3000.0	1486.2441546580635	0.0	0	0.0	1988.9349588600162	1	0	1	1.5481611642358062
179510.6490610111	6000.0	1478.2858978488418	0.0	0	0.0	1988.9349588600162	1	0	1	2.241308344795751
180470.892807685	3000.0	1518.0421511748873	0.0	0	0.0	1988.934958859987	1	0	1	1.5481611642358084
181526.9941856203	3000.0	1461.940773239583	0.0	0	0.0	1988.934958859987	1	0	1	2.2413083447957534
182200.0	2000.0	1788.934958859912	0.0	0	38.575326063961256	1988.934958859987	1	0	1	1.4303781285794237
183200.0	3000.0	1788.9349588598982	0.0	0	68.27618762472412	1988.934958859987	1	0	1	1.8358432366875888
184302.35073194394	3000.0	1686.5842269159778	0.0	0	0.0	1988.934958859987	1	0	1	2.2413083447957534
185200.0	3000.0	1788.934958859894	0.0	0	9.419406115426682	1988.934958859987	1	0	1	2.2413083447957534
186200.0	3000.0	1788.9349588599173	0.0	0	456.7707856737252	1988.934958859987	1	0	1	2.2413083447957534
187200.0	3000.0	1788.9349588599332	0.0	0	142.02388648345368	1988.934958859987	1	0	1	2.2413083447957534
188728.30910175663	6000.0	1260.6258571033268	0.0	0	0.0	1988.9349588600162	1	0	1	2.241308344795752
189672.01630918623	3000.0	1316.9186496737293	0.0	0	0.0	1988.9349588600162	1	0	1	1.5481611642358062
190292.79918917085	3000.0	1696.1357696890939	0.0	0	0.0	1988.9349588600162	1	0	1	2.241308344795751
191200.0	3000.0	1788.9349588599634	0.0	0	54.44620536698494	1988.9349588600162	1	0	1	2.241308344795751
192200.0	3000.0	1788.9349588599373	0.0	0	356.5302470125607	1988.9349588600162	1	0	1	2.241308344795751
193200.0	3000.0	1788.9349588599264	0.0	0	328.20585487032076	1988.9349588600162	1	0	1	2.241308344795751
194200.0	3000.0	1788.9349588599139	0.0	0	163.58620320106274	1988.9349588600453	1	0	1	2.241308344795749
196188.47280596977	6000.0	800.4621528901441	0.0	0	0.0	1988.9349588600162	1	0	1	2.241308344795751
196912.53882764207	2000.0	1076.3961312178783	0.0	0	0.0	1988.9349588600162	1	0	1	0.7372309480194766
197513.17196211504	3000.0	1475.7629967449063	0.0	0	0.0	1988.9349588600162	1	0	1	1.8358432366875865
198200.0	3000.0	1788.934958859924	0.0	0	78.88128627487458	1988.9349588600162	1	0	1	2.241308344795751
199853.4967424869	6000.0	1135.4382163730222	0.0	0	0.0	1988.934958859987	1	0	1	2.241308344795753
200388.36158250627	3000.0	1600.5733763536464	0.0	0	0.0	1988.934958859987	1	0	1	1.5481611642358084
201200.0	3000.0	1788.9349588598773	0.0	0	373.91925700975116	1988.934958859958	1	0	1	2.241308344795755
202200.0	6000.0	1788.9349588598484	0.0	0	138.95704200514592	1988.9349588599289	1	0	1	2.241308344795757
203271.86010453635	6000.0	1717.0748543235006	0.0	0	0.0	1988.9349588598998	1	0	1	2.934455525355704
204770.4364731316	6000.0	1218.498485728263	0.0	0	0.0	1988.9349588598998	1	0	1	2.934455525355704
205273.08131477263	3000.0	1715.8536440872197	0.0	0	0.0	1988.9349588598998	1	0	1	1.5481611642358144
206625.59631872972	6000.0	1363.3386401301207	0.0	0	0.0	1988.9349588599289	1	0	1	2.241308344795757
207313.3964460629	2000.0	1675.5385127969255	0.0	0	0.0	1988.9349588598998	1	0	1	0.737230948019485
208200.0	3000.0	1788.9349588598657	0.0	0	228.9322107086482	1988.9349588598998	1	0	1	1.8358432366875947
209200.0	3000.0	1788.9349588598786	0.0	0	185.44980906895944	1988.9349588598998	1	0	1	2.241308344795759
210269.04054990655	3000.0	1719.8944089533115	0.0	0	0.0	1988.9349588598998	1	0	1	2.241308344795759
211691.6145368938	3000.0	1297.3204219660595	0.0	0	0.0	1988.9349588598707	1	0	1	2.24130834479576
212509.21072280797	2000.0	1479.7242360518735	0.0	0	0.0	1988.9349588598416	1	0	1	1.4303781285794324
213389.59022788645	3000.0	1599.3447309733767	0.0	0	0.0	1988.9349588598707	1	0	1	1.8358432366875967
214398.9006355241	3000.0	1590.034323335731	0.0	0	0.0	1988.9349588598707	1	0	1	2.2413083447957614
215200.0	3000.0	1788.9349588597956	0.0	0	2.4447697233990766	1988.9349588598416	1	0	1	2.241308344795763
216200.0	6000.0	1788.9349588597536	0.0	0	244.96015184759744	1988.9349588598125	1	0	1	2.2413083447957654
217262.1498542912	6000.0	1726.7851045685609	0.0	0	0.0	1988.9349588598125	1	0	1	2.9344555253557103
218594.3218924564	6000.0	1394.6130664033221	0.0	0	0.0	1988.9349588598125	1	0	1	2.9344555253557103
219689.7874126874	3000.0	1299.1475461723091	0.0	0	0.0	1988.9349588597834	1	0	1	1.5481611642358213
220410.65813473443	3000.0	1578.2768241252872	0.0	0	0.0	1988.9349588597834	1	0	1	2.2413083447957676
221604.02750389095	3000.0	1384.9074549688094	0.0	0	0.0	1988.9349588598125	1	0	1	2.2413083447957667
222200.0	3000.0	1788.9349588597768	0.0	0	66.67384430154925	1988.9349588598125	1	0	1	2.2413083447957654
223200.0	3000.0	1788.9349588597363	0.0	0	440.74556565631065	1988.9349588598125	1	0	1	2.2413083447957654
224200.0	3000.0	1788.9349588597534	0.0	0	258.65290366040426	1988.9349588598125	1	0	1	2.2413083447957654
225200.0	6000.0	1788.9349588597715	0.0	0	262.0618328100536	1988.9349588598416	1	0	1	2.241308344795763
226507.26038910422	6000.0	1481.6745697555828	0.0	0	0.0	1988.9349588598125	1	0	1	2.9344555253557085
227437.44752122625	6000.0	1551.4874376335829	0.0	0	0.0	1988.9349588598125	1	0	1	2.9344555253557103
228215.59332367015	6000.0	1773.3416351896794	0.0	0	0.0	1988.9349588598125	1	0	1	2.9344555253557103
229200.0	6000.0	1788.9349588598343	0.0	0	252.7070637223369	1988.9349588597834	1	0	1	2.934455525355712
230200.0	6000.0	1788.9349588598254	0.0	0	188.8006964334345	1988.9349588598125	1	0	1	2.9344555253557103
232584.5740730976	6000.0	404.3608857622228	0.0	0	0.0	1988.9349588598125	1	0	1	2.9344555253557116
233124.29847313793	2000.0	864.6364857218879	0.0	0	0.0	1988.9349588598125	1	0	1	0.7372309480194911
233845.00691780125	3000.0	1143.9280410585675	0.0	0	0.0	1988.9349588597834	1	0	1	1.8358432366876027
234442.13801335037	3000.0	1546.7969455094742	0.0	0	0.0	1988.9349588598125	1	0	1	2.2413083447957654
235200.0	3000.0	1788.9349588598006	0.0	0	298.721813252283	1988.9349588597834	1	0	1	2.2413083447957676
236200.0	6000.0	1788.934958859784	0.0	0	167.87775561207673	1988.9349588597543	1	0	1	2.2413083447957693
237467.9542821129	6000.0	1520.9806767468635	0.0	0	0.0	1988.9349588597543	1	0	1	2.9344555253557143
238341.7331042341	6000.0	1647.2018546256713	0.0	0	0.0	1988.9349588597543	1	0	1	2.9344555253557143
239649.64228800015	6000.0	1339.2926708596144	0.0	0	0.0	1988.9349588597834	1	0	1	2.934455525355712
240387.6630407118	3000.0	1601.2719181479329	0.0	0	0.0	1988.9349588597834	1	0	1	1.5481611642358224
241425.5021209903	6000.0	1563.4328378694254	0.0	0	0.0	1988.9349588597543	1	0	1	2.2413083447957693
242319.63877478417	6000.0	1669.2961840755809	0.0	0	0.0	1988.9349588597543	1	0	1	2.9344555253557143
243768.86071611603	6000.0	1220.0742427436915	0.0	0	0.0	1988.9349588597252	1	0	1	2.934455525355715
244622.08373308333	3000.0	1366.8512257763846	0.0	0	0.0	1988.9349588597252	1	0	1	1.5481611642358266
246184.31389774478	6000.0	804.6210611149379	0.0	0	0.0	1988.934958859696	1	0	1	2.2413083447957733
246603.518894942	2000.0	1385.416063917704	0.0	0	0.0	1988.934958859696	1	0	1	0.7372309480194991
247255.12245399263	3000.0	1733.8125048670904	0.0	0	0.0	1988.934958859696	1	0	1	1.835843236687609
248200.0	3000.0	1788.9349588597229	0.0	0	216.93147496678284	1988.934958859667	1	0	1	2.2413083447957756
249212.78080298429	6000.0	1776.1541558754625	0.0	0	0.0	1988.9349588596378	1	0	1	2.241308344795778
251048.76839697702	6000.0	940.1665618827394	0.0	0	0.0	1988.934958859667	1	0	1	2.9344555253557205
252295.94154336985	3000.0	692.9934154899178	0.0	0	0.0	1988.934958859696	1	0	1	1.5481611642358286
252988.05359540318	2000.0	1000.8813634565639	0.0	0	0.0	1988.934958859696	1	0	1	1.4303781285794441
253708.9617914026	3000.0	1279.9731674571647	0.0	0	0.0	1988.9349588597252	1	0	1	1.8358432366876078
254316.96842745022	3000.0	1671.9665314095714	0.0	0	0.0	1988.9349588597252	1	0	1	2.2413083447957716
255575.3696734292	6000.0	1413.565285430586	0.0	0	0.0	1988.934958859696	1	0	1	2.2413083447957733
256330.78740762075	3000.0	1658.1475512390186	0.0	0	0.0	1988.934958859696	1	0	1	1.5481611642358286
257214.95752802384	6000.0	1773.977430835909	0.0	0	0.0	1988.9349588597252	1	0	1	2.2413083447957716
258238.30191713708	6000.0	1750.6330417226472	0.0	0	0.0	1988.9349588597252	1	0	1	2.9344555253557165
259200.0	6000.0	1788.9349588597047	0.0	0	240.37610559733002	1988.9349588597252	1	0	1	2.9344555253557165
260200.0	6000.0	1788.9349588597083	0.0	0	72.57634508243063	1988.9349588597252	1	0	1	2.9344555253557165
261200.0	6000.0	1788.9349588597217	0.0	0	271.5756784917612	1988.9349588597252	1	0	1	2.9344555253557165
263338.34453507396	6000.0	650.590423785747	0.0	0	0.0	1988.9349588597252	1	0	1	2.9344555253557147
264125.6791672133	2000.0	863.2557916463869	0.0	0	0.0	1988.934958859696	1	0	1	0.7372309480194983
264818.95344206673	2000.0	1169.9815167929064	0.0	0	0.0	1988.934958859696	1	0	1	1.8358432366876087
265555.7399757236	3000.0	1433.1949831360582	0.0	0	0.0	1988.934958859696	1	0	1	1.835843236687609
266200.0	3000.0	1788.934958859667	0.0	0	3.1754116559168324	1988.934958859696	1	0	1	2.2413083447957733
267200.0	3000.0	1788.934958859674	0.0	0	499.46255645144265	1988.934958859696	1	0	1	2.2413083447957733
268200.0	6000.0	1788.934958859633	0.0	0	236.98129517154302	1988.934958859696	1	0	1	2.2413083447957733
269200.0	6000.0	1788.934958859654	0.0	0	255.13575732847676	1988.9349588596378	1	0	1	2.9344555253557223
270502.2940578781	6000.0	1486.6409009816127	0.0	0	0.0	1988.9349588596378	1	0	1	2.9344555253557223
271200.0	3000.0	1788.9349588596717	0.0	0	97.67616732913302	1988.9349588596378	1	0	1	1.5481611642358328
272658.81053365814	6000.0	1330.1244252015542	0.0	0	0.0	1988.9349588595796	1	0	1	2.241308344795779
273200.0	3000.0	1734.8160122255408	0.0	0	54.053603527718224	1934.8160122254048	1	0	2	1.1507703105294955
274200.0	3000.0	1734.816012225501	0.0	0	331.3206547597656	1934.8160122254048	1	0	1	2.044994227243368
275879.434898699	3000.0	1055.3811135265023	0.0	0	0.0	1934.8160122252884	1	0	1	2.2449942272433736
276599.91601919103	2000.0	1334.899993034474	0.0	0	0.0	1934.8160122252884	1	0	1	1.4340640110270462
277289.9389791246	3000.0	1644.8770331009023	0.0	0	0.0	1934.8160122252884	1	0	1	1.839529119135211
278200.0	3000.0	1734.8160122255206	0.0	0	187.29680878511863	1934.8160122252884	1	0	1	2.244994227243376
279200.0	3000.0	1734.816012225489	0.0	0	83.32395762624219	1934.8160122252884	1	0	1	2.244994227243376
280200.0	3000.0	1734.8160122254749	0.0	0	144.65198635676643	1934.8160122253466	1	0	1	2.244994227243372
281200.0	6000.0	1734.816012225468	0.0	0	148.87598940270254	1934.8160122253466	1	0	1	2.244994227243372
282200.0	6000.0	1734.816012225448	0.0	0	356.5560631668777	1934.8160122254048	1	0	1	2.938141407803313
283200.0	6000.0	1734.8160122253857	0.0	0	6.238003513717558	1934.8160122254048	1	0	1	2.938141407803313
284572.1014922051	6000.0	1362.7145200202715	0.0	0	0.0	1934.8160122254048	1	0	1	2.938141407803313
285498.9616783496	6000.0	1435.8543338757886	0.0	0	0.0	1934.8160122254048	1	0	1	2.938141407803313
286244.1295141457	6000.0	1690.686498079641	0.0	0	0.0	1934.8160122254048	1	0	1	2.938141407803313
287200.0	6000.0	1734.8160122253555	0.0	0	145.60133372951532	1934.8160122254048	1	0	1	2.938141407803313
288200.0	6000.0	1734.8160122253769	0.0	0	177.77607688843273	1934.8160122254048	1	0	1	2.938141407803313
289200.0	6000.0	1734.8160122253457	0.0	0	119.25652310572332	1934.8160122253466	1	0	1	2.938141407803317
290990.2289450399	6000.0	944.5870671854252	0.0	0	0.0	1934.8160122253466	1	0	1	2.938141407803317
291548.42192615045	2000.0	1386.3940860748085	0.0	0	0.0	1934.8160122252884	1	0	1	0.7409168304671013
292352.2801248597	6000.0	1582.5358873655164	0.0	0	0.0	1934.8160122252884	1	0	1	1.8395291191352112
293375.38551048865	6000.0	1559.4305017366034	0.0	0	0.0	1934.8160122252884	1	0	1	2.938141407803321
294725.2737142138	6000.0	1209.5422980114672	0.0	0	0.0	1934.8160122252884	1	0	1	2.938141407803321
295448.3689850281	3000.0	1486.4470271971259	0.0	0	0.0	1934.8160122252884	1	0	1	1.5518470466834307
296711.45918498497	6000.0	1223.3568272402404	0.0	0	0.0	1934.8160122252884	1	0	1	2.244994227243376
297200.0	3000.0	1734.8160122252775	0.0	0	100.99374500405975	1934.8160122252884	1	0	1	1.5518470466834307
298231.7060207484	6000.0	1703.1099914768483	0.0	0	0.0	1934.8160122252884	1	0	1	2.244994227243376
300534.6831959597	6000.0	400.1328162655569	0.0	0	0.0	1934.816012225172	1	0	1	2.938141407803328
300934.2141713987	2000.0	1000.6018408264994	0.0	0	0.0	1934.816012225172	1	0	1	0.7409168304671091
5.82	3.94	2.17	4.03	5.46	4.11	5.64	4.65	3.01	5.02	7.49	5.03	2.32	2.72	4.01	3.67	3.34	2.7	4.56	5.13	5.31	6.19	4.78	3.8	5.17	4.18	2.13	3.08	3.26	3.83	3.75	4.89	5.05	3.22	3.6	4.55	4.15	4.19	4.05	4.23	2.9	2.28	4.53	5.18	5.07	4.91	5.69	6.01	5.98	3.05	4.63	3.81	2.63	4.24	4.24	3.63	2.36	2.72	3.96	3.61	4.77	6.75	5.95	3.87	3.6	4.16	3.13	4.85	4.78	5.76	7.15	5.35	7.65	10.2	9.81	5.6	2.46	3.7	4.46	5.63	5.84	5.8	4.85	5.62	5.92	5.76	5.33	6.8	4.03	4.19	4.87	3.5	4.53	5.99	5.13	3.86	3.32	3.02	4.47	5.62	6.08	5.04	6.63	5.17	6.99	9.63	6.97	3.14	3.16	2.77	3.72	5.69	6.09	7.85	6.12	2.79	4.41	3.44	5.21	4.25	1.87	2.24	4.04	4.65	4.19	4.29	6.68	9.09	6.21	5.69	7.63	9.97	7.18	5.0	6.36	3.17	3.28	6.65	6.43	3.06	4.92	6.37	6.2	4.38	2.86	3.87	5.83	4.97	3.39	5.17	5.82	3.94	2.17	4.03	5.46	4.11	5.64	4.65	3.01	5.02	7.49	5.03	2.32	2.72	4.01	3.67	3.34	2.7	4.56	5.13	5.31	6.19	4.78	3.8	5.17	4.18	2.13	3.08	3.26	3.83	3.75	4.89	5.05	3.22	3.6	4.55	4.15	4.19	4.05	4.23	2.9	2.28	4.53	5.18	5.07	4.91	5.69	6.01	5.98	3.05	4.63	3.81	2.63	4.24	4.24	3.63	2.36	2.72	3.96	3.61	4.77	6.75	5.95	3.87	3.6	4.16	3.13	4.85	4.78	5.76	7.15	5.35	7.65	10.2	9.81	5.6	2.46	3.7	4.46	5.63	5.84	5.8	4.85	5.62	5.92	5.76	5.33	6.8	4.03	4.19	4.87	3.5	4.53	5.99	5.13	3.86	3.32	3.02	4.47	5.62	6.08	5.04	6.63	5.17	6.99	9.63	6.97	3.14	3.16	2.77	3.72	5.69	6.09	7.85	6.12	2.79	4.41	3.44	5.21	4.25	1.87	2.24	4.04	4.65	4.19	4.29	6.68	9.09	6.21	5.69	7.63	9.97	7.18	5.0	6.36	3.17	3.28	6.65	6.43	3.06	4.92	6.37	6.2	4.38	2.86	3.87	5.83	4.97
1.0	2.0	3.0	4.0	5.0	6.0	7.0	8.0	9.0	10.0	11.0	12.0	13.0	14.0	15.0	16.0	17.0	18.0	19.0	20.0	21.0	22.0	23.0	24.0	25.0	26.0	27.0	28.0	29.0	30.0	31.0	32.0	33.0	34.0	35.0	36.0	37.0	38.0	39.0	40.0	41.0	42.0	43.0	44.0	45.0	46.0	47.0	48.0	49.0	50.0	51.0	52.0	53.0	54.0	55.0	56.0	57.0	58.0	59.0	60.0	61.0	62.0	63.0	64.0	65.0	66.0	67.0	68.0	69.0	70.0	71.0	72.0	73.0	74.0	75.0	76.0	77.0	78.0	79.0	80.0	81.0	82.0	83.0	84.0	85.0	86.0	87.0	88.0	89.0	90.0	91.0	92.0	93.0	94.0	95.0	96.0	97.0	98.0	99.0	100.0	101.0	102.0	103.0	104.0	105.0	106.0	107.0	108.0	109.0	110.0	111.0	112.0	113.0	114.0	115.0	116.0	117.0	118.0	119.0	120.0	121.0	122.0	123.0	124.0	125.0	126.0	127.0	128.0	129.0	130.0	131.0	132.0	133.0	134.0	135.0	136.0	137.0	138.0	139.0	140.0	141.0	142.0	143.0	144.0	145.0	146.0	147.0	148.0	149.0	149.0	150.0	151.0	152.0	153.0	154.0	155.0	156.0	157.0	158.0	159.0	160.0	161.0	162.0	163.0	164.0	165.0	166.0	167.0	168.0	169.0	170.0	171.0	172.0	173.0	174.0	175.0	176.0	177.0	178.0	179.0	180.0	181.0	182.0	183.0	184.0	185.0	186.0	187.0	188.0	189.0	190.0	191.0	192.0	193.0	194.0	195.0	196.0	197.0	198.0	199.0	200.0	201.0	202.0	203.0	204.0	205.0	206.0	207.0	208.0	209.0	210.0	211.0	212.0	213.0	214.0	215.0	216.0	217.0	218.0	219.0	220.0	221.0	222.0	223.0	224.0	225.0	226.0	227.0	228.0	229.0	230.0	231.0	232.0	233.0	234.0	235.0	236.0	237.0	238.0	239.0	240.0	241.0	242.0	243.0	244.0	245.0	246.0	247.0	248.0	249.0	250.0	251.0	252.0	253.0	254.0	255.0	256.0	257.0	258.0	259.0	260.0	261.0	262.0	263.0	264.0	265.0	266.0	267.0	268.0	269.0	270.0	271.0	272.0	273.0	274.0	275.0	276.0	277.0	278.0	279.0	280.0	281.0	282.0	283.0	284.0	285.0	286.0	287.0	288.0	289.0	290.0	291.0	292.0	293.0	294.0	295.0	296.0	297.0
5474.570678688548
