5657.030165975168	300.0	1000.0	182.45948728661986	0	0.0	5657.030165975168	0	0	1	-2.7090425816782675
5851.0723527110185	300.0	2000.0	194.0421867358519	0	0.0	5851.0723527110185	1	0	1	-2.96183923371423
6359.2085626881435	1000.0	2491.8637900228755	0.0	0	0.0	5851.072352711019	1	0	1	-1.8414565119739383
6902.421224657521	1000.0	2948.6511280534987	0.0	0	0.0	5851.072352711019	1	0	1	-0.6374837076480028
7388.802659715581	1000.0	3462.269692995438	0.0	0	0.0	5851.072352711019	1	0	1	-0.6374837076480028
7848.925854793922	1000.0	4002.1464979170973	0.0	0	0.0	5851.072352711019	1	0	1	-0.6374837076480028
8988.127446417722	3000.0	3749.0247471309162	0.0	0	0.0	5737.152193548638	1	0	2	-0.9577584450402312
9416.128041068809	1000.0	4321.0241524798275	0.0	0	0.0	5737.152193548636	1	0	1	-1.8234041261245963
12082.806072897534	3000.0	2387.678317468229	0.0	0	0.0	5470.484390365765	1	0	2	-0.7529103410275291
12805.609980516898	1000.0	2664.874409848866	0.0	0	0.0	5470.484390365767	1	0	1	-1.5672684776326546
14328.049988200302	3000.0	1990.1904013971211	0.0	0	0.0	5318.240389597428	1	0	2	-0.5671439655460012
14949.836427051736	1000.0	2368.4039625456894	0.0	0	0.0	5318.240389597428	1	0	1	-1.4282237477350272
15974.002004845252	1000.0	2344.2383847521733	0.0	0	0.0	5318.240389597429	1	0	1	-0.12961145906691895
16747.401659954496	1000.0	2570.83872964293	0.0	0	0.0	5318.240389597431	1	0	1	-0.12961145906691962
17238.455246638678	1000.0	3079.7851429587467	0.0	0	0.0	5318.240389597431	1	0	1	-0.12961145906692062
17891.46835223595	1000.0	3426.772037361474	0.0	0	0.0	5318.240389597428	1	0	1	-0.12961145906691895
19059.925055284795	3000.0	3141.4696640077395	0.0	0	0.0	5201.394719292539	1	0	2	-0.45727224661235655
19580.871488228073	1000.0	3620.5232310644665	0.0	0	0.0	5201.394719292544	1	0	1	-1.326044759215996
21095.714783177806	3000.0	2954.195606619758	0.0	0	0.0	5049.910389797567	1	0	2	-0.3302682297400005
22164.85739988246	3000.0	2778.138728244636	0.0	0	0.0	4942.996128127099	1	0	2	1.0617701698958664
23254.969699705725	3000.0	2579.0151984390454	0.0	0	0.0	4833.984898144776	1	0	2	1.143486425844883
24195.44069686642	3000.0	2544.497101562278	0.0	0	0.0	4739.937798428702	1	0	2	1.2126577720676421
25140.525972903106	3000.0	2504.903297921921	0.0	0	0.0	4645.429270825036	1	0	2	1.2753797063944943
25861.749186151406	3000.0	2711.557763348794	0.0	0	0.0	4573.306949500213	1	0	2	1.3235586972076707
27180.004194017438	3000.0	2261.477254696164	0.0	0	0.0	4441.481448713617	1	0	2	1.3978078725478555
28477.53750376931	3000.0	1834.1906139691066	0.0	0	0.0	4311.728117738432	1	0	2	1.471204322199435
29783.673356423453	3000.0	1397.4411760495445	0.0	0	0.0	4181.114532473017	1	0	2	1.5399189720997781
30515.766845109483	2000.0	1665.3476873635154	0.0	0	0.0	4181.1145324730205	1	0	1	0.743274722328841
31373.3673381896	2000.0	1807.7471942833988	0.0	0	0.0	4181.1145324730205	1	0	1	1.3487398304370057
32404.23016442256	2000.0	1776.8843680504363	0.0	0	0.0	4181.1145324730205	1	0	1	1.3487398304370057
33533.87216103594	2000.0	1647.2423714370457	0.0	0	0.0	4181.114532473013	1	0	1	1.3487398304370082
34103.14579204708	1000.0	2077.9687404259003	0.0	0	0.0	4181.114532472999	1	0	1	-0.037554530682877285
35340.38997295739	2000.0	1840.7245595155846	0.0	0	0.0	4181.114532472988	1	0	1	0.6555926498770731
36143.961733316944	2000.0	2037.152799156035	0.0	0	0.0	4181.114532472995	1	0	1	1.3487398304370206
37202.36046697282	2000.0	1978.7540655001576	0.0	0	0.0	4181.114532472995	1	0	1	1.3487398304370164
38430.39739298399	2000.0	1750.7171394889924	0.0	0	0.0	4181.114532473002	1	0	1	1.3487398304370144
38877.50494510738	1000.0	2303.6095873656027	0.0	0	0.0	4181.114532473002	1	0	1	-0.03755453068287595
39743.91512782134	3000.0	2437.1994046516343	0.0	0	0.0	4181.114532473002	1	0	1	0.6555926498770693
40973.77734915111	3000.0	2084.350961188893	0.0	0	0.0	4058.1283103400274	1	0	2	1.395254675449612
41844.869735135086	2000.0	2213.25857520492	0.0	0	0.0	4058.1283103400274	1	0	1	0.799775866048424
43026.39507777504	2000.0	2031.733232564961	0.0	0	0.0	4058.1283103400274	1	0	1	1.4052409741565888
44769.09744219178	2000.0	1289.030868148227	0.0	0	0.0	4058.1283103400347	1	0	1	1.4052409741565857
45483.05416659514	1000.0	1575.0741437448667	0.0	0	0.0	4058.1283103400274	1	0	1	0.018946613036698534
45948.49513139875	1000.0	2109.6331789412566	0.0	0	0.0	4058.1283103400274	1	0	1	0.7120937935966437
47290.30090623573	3000.0	1767.827404104272	0.0	0	0.0	4058.1283103400347	1	0	1	0.7120937935966407
48070.737163070866	2000.0	1987.3911472691314	0.0	0	0.0	4058.1283103400347	1	0	1	0.9997758660484212
49100.43675120327	2000.0	1957.6915591367365	0.0	0	0.0	4058.1283103400347	1	0	1	1.4052409741565857
49733.52039482169	2000.0	2324.6079155183097	0.0	0	0.0	4058.1283103400347	1	0	1	1.4052409741565857
51084.37671289027	3000.0	1838.6659656428742	0.0	0	0.0	3923.04267853318	1	0	2	1.0456514306664455
52086.38287936991	2000.0	1836.6597991632384	0.0	0	0.0	3923.04267853318	1	0	1	0.8561185560814901
52687.459621915565	1000.0	2235.5830566175873	0.0	0	0.0	3923.0426785331874	1	0	1	0.07528930306976145
53527.32242061244	2000.0	2395.720257920707	0.0	0	0.0	3923.0426785331874	1	0	1	0.7684364836297066
55527.23399326684	2000.0	1395.8086852663066	0.0	0	0.0	3923.0426785331947	1	0	1	1.4615836641896491
56262.8343304609	1000.0	1660.2083480722429	0.0	0	0.0	3923.0426785331947	1	0	1	0.07528930306975878
56735.51876461692	1000.0	2187.5239139162204	0.0	0	0.0	3923.0426785331947	1	0	1	0.768436483629704
57866.67642707996	2000.0	2056.366251453185	0.0	0	0.0	3923.0426785331947	1	0	1	0.7684364836297038
58808.0504431507	2000.0	2114.9922353824445	0.0	0	0.0	3923.0426785331947	1	0	1	1.4615836641896491
59417.490463968585	2000.0	2505.5522145645623	0.0	0	0.0	3923.0426785331947	1	0	1	1.4615836641896491
60160.520918477916	3000.0	2762.5217600552255	0.0	0	0.0	3923.0426785331874	1	0	1	1.461583664189652
61175.49756273817	3000.0	2646.047451368943	0.0	0	0.0	3821.5450141071633	1	0	2	1.4954577055357055
62281.71612892028	3000.0	2429.2070285686223	0.0	0	0.0	3710.923157488949	1	0	2	1.7326613873585544
62902.81119186719	2000.0	2808.111965621708	0.0	0	0.0	3710.923157488949	1	0	1	0.9334187229344273
64044.67388975042	3000.0	2552.062997950175	0.0	0	0.0	3596.7368877006375	1	0	2	1.1651176273054515
64706.79501534966	2000.0	2889.9418723509384	0.0	0	0.0	3596.7368877006375	1	0	1	0.9698485451065241
66082.26878673973	3000.0	2376.920723821853	0.0	0	0.0	3459.189510561635	1	0	2	1.2033913634062419
68683.20529577197	3000.0	775.9842147896087	0.0	0	0.0	3459.1895105616277	1	0	1	1.8202904825432769
69319.65943165036	1000.0	1139.530078911212	0.0	0	0.0	3459.1895105616277	1	0	1	-0.17693409479294034
69642.32813301925	1000.0	1816.8613775423178	0.0	0	0.0	3459.189510561613	1	0	1	0.921678193875173
70357.24426856362	2000.0	2101.9452419979707	0.0	0	0.0	3459.1895105615986	1	0	1	0.9216781938751769
72101.34200501005	3000.0	1357.847505551534	0.0	0	0.0	3459.189510561613	1	0	1	1.6148253744351184
72601.17871538778	1000.0	1858.010795173818	0.0	0	0.0	3459.1895105616277	1	0	1	-0.17693409479294034
73847.97881429283	2000.0	1611.210696268759	0.0	0	0.0	3459.189510561613	1	0	1	0.921678193875173
74687.8061348033	2000.0	1771.3833757583031	0.0	0	0.0	3459.189510561613	1	0	1	1.6148253744351182
75446.38701070964	2000.0	2012.8024998519359	0.0	0	0.0	3459.1895105615986	1	0	1	1.6148253744351222
77248.3497679662	3000.0	1210.8397425953954	0.0	0	0.0	3459.1895105615986	1	0	1	1.6148253744351226
77891.32458240695	1000.0	1567.8649281546332	0.0	0	0.0	3459.1895105615986	1	0	1	-0.17693409479293257
78780.98077168304	2000.0	1678.2087388785296	0.0	0	0.0	3459.1895105615986	1	0	1	0.9216781938751769
79919.78229236326	2000.0	1539.4072181983067	0.0	0	0.0	3459.189510561613	1	0	1	1.6148253744351182
80972.62218060532	2000.0	1486.5673299562322	0.0	0	0.0	3459.189510561613	1	0	1	1.6148253744351182
82000.49079872626	2000.0	1458.6987118353036	0.0	0	0.0	3459.189510561613	1	0	1	1.6148253744351182
82858.92193710266	2000.0	1600.267573458908	0.0	0	0.0	3459.189510561613	1	0	1	1.6148253744351182
83795.65046338076	2000.0	1663.5390471807966	0.0	0	0.0	3459.189510561613	1	0	1	1.6148253744351182
84782.94089242612	2000.0	1676.2486181354332	0.0	0	0.0	3459.1895105615986	1	0	1	1.6148253744351222
85462.83959128588	2000.0	1996.3499192756792	0.0	0	0.0	3459.1895105615986	1	0	1	1.6148253744351222
86155.07830665263	2000.0	2304.111203908947	0.0	0	0.0	3459.189510561613	1	0	1	1.6148253744351182
87172.8073449212	3000.0	2286.3821656403784	0.0	0	0.0	3459.189510561613	1	0	1	1.6148253744351184
89326.2836241661	3000.0	1132.905886395471	0.0	0	0.0	3459.189510561613	1	0	1	2.020290482543283
89809.18815458904	1000.0	1650.0013559725535	0.0	0	0.0	3459.1895105616277	1	0	1	-0.17693409479294034
91012.0616166782	2000.0	1447.1278938833957	0.0	0	0.0	3459.1895105616277	1	0	1	0.9216781938751691
92037.59124751431	2000.0	1421.5982630472975	0.0	0	0.0	3459.1895105616277	1	0	1	1.6148253744351142
92720.65823413561	1000.0	1738.5312764260045	0.0	0	0.0	3459.1895105616277	1	0	1	0.2285310133152242
93625.50282583396	2000.0	1833.686684727647	0.0	0	0.0	3459.1895105616277	1	0	1	0.9216781938751691
94360.77356251737	2000.0	2098.4159480442413	0.0	0	0.0	3459.189510561613	1	0	1	1.6148253744351182
95559.25035087753	2000.0	1899.9391596840637	0.0	0	0.0	3459.189510561613	1	0	1	1.6148253744351182
96190.30254575246	2000.0	2268.886964809113	0.0	0	0.0	3459.189510561613	1	0	1	1.6148253744351182
97351.64093293333	3000.0	2107.548577628253	0.0	0	0.0	3459.189510561613	1	0	1	1.6148253744351184
97817.35562429858	2000.0	2641.833886262994	0.0	0	0.0	3459.189510561613	1	0	1	1.2093602663269536
98372.57491977046	3000.0	3031.0926612439266	0.0	0	0.0	3403.667581014408	1	0	2	1.2257060463404374
99612.7830644302	3000.0	2666.863702118205	0.0	0	0.0	3279.6467665484233	1	0	2	1.8580740843790096
100935.83376758687	3000.0	2211.507928645862	0.0	0	0.0	3147.341696232761	1	0	2	1.885956049459408
101946.13387538554	3000.0	2201.207820847203	0.0	0	0.0	3147.341696232761	1	0	1	1.8942993109376436
103375.28269621354	3000.0	1772.0590000191849	0.0	0	0.0	3147.341696232761	1	0	1	2.0942993109376435
104407.93744869294	2000.0	1739.4042475397796	0.0	0	0.0	3147.341696232761	1	0	1	1.2833690947213143
105550.44683860111	2000.0	1596.894857631613	0.0	0	0.0	3147.341696232761	1	0	1	1.688834202829479
106732.75598649422	2000.0	1414.585709738504	0.0	0	0.0	3147.341696232761	1	0	1	1.688834202829479
107524.3799317633	1000.0	1622.961764469416	0.0	0	0.0	3147.341696232761	1	0	1	0.30253984170958864
108298.0336115737	1000.0	1849.3080846590217	0.0	0	0.0	3147.3416962327465	1	0	1	0.9956870222695368
109010.51426160806	1000.0	2136.8274346246576	0.0	0	0.0	3147.3416962327465	1	0	1	0.9956870222695368
109871.66132263296	2000.0	2275.6803735997564	0.0	0	0.0	3147.3416962327465	1	0	1	0.9956870222695369
110911.26915777668	3000.0	2236.0725384560496	0.0	0	0.0	3147.3416962327465	1	0	1	1.688834202829482
111827.69951225448	2000.0	2319.6421839782515	0.0	0	0.0	3147.3416962327465	1	0	1	1.2833690947213174
112581.1574629128	3000.0	2566.1842333199193	0.0	0	0.0	3147.3416962327465	1	0	1	1.688834202829482
113698.68042842536	3000.0	2336.908971256119	0.0	0	0.0	3035.589399681514	1	0	2	1.7104048603764128
114584.77501028118	3000.0	2450.814389400287	0.0	0	0.0	3035.5893996815284	1	0	1	1.9162362705014624
115718.28574669658	3000.0	2317.303652984882	0.0	0	0.0	3035.589399681514	1	0	1	2.1162362705014655
116609.05214545003	2000.0	2426.5372542314417	0.0	0	0.0	3035.5893996815284	1	0	1	1.3053060542851331
118010.95812141399	3000.0	2024.6312782674822	0.0	0	0.0	3035.5893996815284	1	0	1	1.710771162393298
119270.7864853152	2000.0	1764.8029143662666	0.0	0	0.0	3035.5893996815284	1	0	1	1.3053060542851331
119790.16625377105	1000.0	2245.4231459104194	0.0	0	0.0	3035.589399681514	1	0	1	0.32447680127341016
121118.7991047612	2000.0	1916.7902949202655	0.0	0	0.0	3035.589399681514	1	0	1	1.017623981833355
121968.68643817757	2000.0	2066.902961503907	0.0	0	0.0	3035.589399681514	1	0	1	1.7107711623933004
122778.94634585675	2000.0	2256.6430538247105	0.0	0	0.0	3035.589399681514	1	0	1	1.7107711623933004
123457.09991334852	2000.0	2578.489486332947	0.0	0	0.0	3035.589399681514	1	0	1	1.7107711623933004
124337.51183288542	3000.0	2698.07756679607	0.0	0	0.0	3035.5893996815284	1	0	1	1.710771162393298
125200.0	3000.0	2835.5893996814957	0.0	0	100.38661129509273	3035.589399681543	1	0	1	2.1162362705014597
126200.0	3000.0	2835.589399681493	0.0	0	221.58254032200784	3035.589399681543	1	0	1	2.1162362705014597
127232.27520950249	3000.0	2803.314190178989	0.0	0	0.0	3035.589399681543	1	0	1	2.1162362705014597
128745.64821512914	3000.0	2138.603883989682	0.0	0	0.0	2884.2520991188794	1	0	2	1.736527915367365
129882.31156674009	3000.0	2001.9405323787475	0.0	0	0.0	2884.252099118894	1	0	1	1.9426262930265301
130705.05274635451	3000.0	2179.19935276432	0.0	0	0.0	2884.252099118894	1	0	1	2.14262629302653
132123.9676703859	3000.0	1760.2844287329715	0.0	0	0.0	2884.252099118952	1	0	1	2.142626293026525
133516.71511181767	2000.0	1367.5369873012228	0.0	0	0.0	2884.2520991189813	1	0	1	1.331696076810187
134051.6751838298	1000.0	1832.5769152890896	0.0	0	0.0	2884.252099118952	1	0	1	0.35086682379846423
135087.10881007984	2000.0	1797.14328903906	0.0	0	0.0	2884.252099118952	1	0	1	1.0440140043584107
136120.29216523434	2000.0	1763.9599338845524	0.0	0	0.0	2884.252099118923	1	0	1	1.7371611849183608
137200.38108873935	2000.0	1683.8710103795104	0.0	0	0.0	2884.252099118923	1	0	1	1.7371611849183608
137872.32248573937	2000.0	2011.9296133795197	0.0	0	0.0	2884.252099118923	1	0	1	1.7371611849183608
138906.86681715652	2000.0	1977.3852819623498	0.0	0	0.0	2884.252099118923	1	0	1	1.7371611849183608
139468.28452599133	2000.0	2415.967573127551	0.0	0	0.0	2884.252099118894	1	0	1	1.7371611849183655
140514.58802890583	3000.0	2369.6640702130735	0.0	0	0.0	2884.252099118894	1	0	1	1.7371611849183657
141989.2454239614	3000.0	1895.0066751575168	0.0	0	0.0	2884.252099118894	1	0	1	2.14262629302653
142679.05339789888	2000.0	2205.1987012200143	0.0	0	0.0	2884.252099118865	1	0	1	1.3316960768102055
143629.80085880175	2000.0	2254.4512403171434	0.0	0	0.0	2884.2520991188358	1	0	1	1.7371611849183748
144449.53187850915	2000.0	2434.720220609769	0.0	0	0.0	2884.2520991188358	1	0	1	1.7371611849183748
145594.11622162088	2000.0	2290.1358774980727	0.0	0	0.0	2884.2520991188358	1	0	1	1.7371611849183748
146638.6553844313	2000.0	2245.5967146875946	0.0	0	0.0	2884.2520991188067	1	0	1	1.7371611849183797
147292.14999590628	2000.0	2592.102103212613	0.0	0	0.0	2884.2520991188067	1	0	1	1.7371611849183797
148549.8182955192	3000.0	2334.433803599697	0.0	0	0.0	2884.2520991188067	1	0	1	1.7371611849183797
149330.77208306972	2000.0	2553.480016049154	0.0	0	0.0	2884.2520991187776	1	0	1	1.3316960768102197
151252.40254316878	3000.0	1631.8495559501077	0.0	0	0.0	2884.2520991187776	1	0	1	1.7371611849183846
152240.91219122746	2000.0	1643.3399078914335	0.0	0	0.0	2884.2520991187776	1	0	1	1.3316960768102197
152956.86118623067	1000.0	1927.3909128882171	0.0	0	0.0	2884.2520991187776	1	0	1	0.35086682379849404
154236.8865526366	2000.0	1647.365546482287	0.0	0	0.0	2884.2520991187776	1	0	1	1.0440140043584392
154755.91781125747	1000.0	2128.334287861394	0.0	0	0.0	2884.2520991187776	1	0	1	0.35086682379849404
155471.5510770826	2000.0	2412.701022036267	0.0	0	0.0	2884.2520991187776	1	0	1	1.0440140043584392
156391.9295501649	2000.0	2492.322548953965	0.0	0	0.0	2884.2520991187776	1	0	1	1.7371611849183843
157200.0	2000.0	2684.2520991188903	0.0	0	39.50625385841704	2884.2520991187776	1	0	1	1.7371611849183843
158418.39918183882	3000.0	2465.852917280063	0.0	0	0.0	2884.2520991187776	1	0	1	1.7371611849183846
160002.60685995585	2000.0	1881.6452391630048	0.0	0	0.0	2884.2520991187776	1	0	1	1.3316960768102197
160929.13635155527	1000.0	1955.1157475636207	0.0	0	0.0	2884.2520991187776	1	0	1	0.35086682379849404
161653.4563060544	1000.0	2230.795793064509	0.0	0	0.0	2884.2520991187776	1	0	1	1.0440140043584392
162470.77014953998	2000.0	2413.4819495789347	0.0	0	0.0	2884.2520991187776	1	0	1	1.0440140043584392
163534.10789713138	2000.0	2350.1442019875585	0.0	0	0.0	2884.2520991187776	1	0	1	1.7371611849183843
165607.70518638665	2000.0	1276.5469127322608	0.0	0	0.0	2884.2520991187484	1	0	1	1.737161184918389
166464.03299918177	1000.0	1420.2190999371273	0.0	0	0.0	2884.2520991187484	1	0	1	0.35086682379849876
166935.9105776775	1000.0	1948.341521441384	0.0	0	0.0	2884.2520991187484	1	0	1	1.044014004358444
167899.09342980545	2000.0	1985.1586693134661	0.0	0	0.0	2884.2520991187484	1	0	1	1.0440140043584438
169271.98317991587	2000.0	1612.268919203042	0.0	0	0.0	2884.2520991187484	1	0	1	1.737161184918389
169658.32951254878	1000.0	2225.9225865701274	0.0	0	0.0	2884.2520991187484	1	0	1	0.35086682379849876
170682.9333830443	2000.0	2201.3187160745842	0.0	0	0.0	2884.2520991187484	1	0	1	1.0440140043584438
171682.74872163727	3000.0	2201.503377481618	0.0	0	0.0	2884.2520991188067	1	0	1	1.7371611849183815
172705.7943859062	3000.0	2178.4577132126815	0.0	0	0.0	2884.2520991188067	1	0	1	2.1426262930265443
173394.54005914793	3000.0	2489.7120399709083	0.0	0	0.0	2884.2520991187776	1	0	1	2.142626293026549
174260.4911751233	3000.0	2537.165812397998	0.0	0	0.0	2797.6569875212444	1	0	2	1.752739568004736
175429.42080955362	3000.0	2251.3432145246	0.0	0	0.0	2680.7640240781475	1	0	2	1.9684112905804496
176997.5843705693	3000.0	1683.179653508942	0.0	0	0.0	2680.7640240781766	1	0	1	1.9728070039342447
177683.4433305129	2000.0	1997.3206935653243	0.0	0	0.0	2680.7640240781766	1	0	1	1.3618767877179154
178716.68795718122	3000.0	1964.0760668970456	0.0	0	0.0	2680.7640240781766	1	0	1	1.7673418958260803
179465.9414453329	3000.0	2214.822578745345	0.0	0	0.0	2680.7640240781766	1	0	1	2.1728070039342446
181077.46005536307	3000.0	1603.3039687151497	0.0	0	0.0	2680.7640240781766	1	0	1	2.1728070039342446
181783.82186602417	2000.0	1896.9421580540538	0.0	0	0.0	2680.7640240781766	1	0	1	1.3618767877179154
182680.164224404	2000.0	2000.5997996742246	0.0	0	0.0	2680.7640240781475	1	0	1	1.767341895826084
183703.57696012768	2000.0	1977.1870639505682	0.0	0	0.0	2680.7640240781766	1	0	1	1.7673418958260816
184975.93953023522	2000.0	1704.8244938430262	0.0	0	0.0	2680.7640240781766	1	0	1	1.76734189582608
185998.66226980864	2000.0	1682.1017542696068	0.0	0	0.0	2680.7640240782057	1	0	1	1.767341895826076
186740.06620766997	2000.0	1940.6978164082605	0.0	0	0.0	2680.7640240782057	1	0	1	1.767341895826076
187980.1288413203	2000.0	1700.63518275793	0.0	0	0.0	2680.7640240782057	1	0	1	1.767341895826076
188659.66066641975	2000.0	2021.103357658495	0.0	0	0.0	2680.7640240782057	1	0	1	1.767341895826076
189974.73083306762	3000.0	1706.0331910106288	0.0	0	0.0	2680.7640240782057	1	0	1	1.7673418958260763
190778.68335223064	2000.0	1902.0806718476147	0.0	0	0.0	2680.7640240781766	1	0	1	1.3618767877179139
191946.66247818986	2000.0	1734.101545888398	0.0	0	0.0	2680.7640240781766	1	0	1	1.76734189582608
192963.54035205845	2000.0	1717.2236720197925	0.0	0	0.0	2680.7640240781766	1	0	1	1.76734189582608
193628.69610260802	1000.0	2052.0679214702145	0.0	0	0.0	2680.7640240781766	1	0	1	0.38104753470618974
194818.7279666349	2000.0	1862.036057443341	0.0	0	0.0	2680.7640240781475	1	0	1	1.0741947152661373
195569.7650335938	2000.0	2110.9989904844256	0.0	0	0.0	2680.7640240781184	1	0	1	1.7673418958260847
196672.61369090455	2000.0	2008.150333173674	0.0	0	0.0	2680.7640240780893	1	0	1	1.7673418958260916
197573.42640360838	2000.0	2107.337620469806	0.0	0	0.0	2680.76402407806	1	0	1	1.7673418958260956
198356.99352129552	2000.0	2323.77050278266	0.0	0	0.0	2680.76402407806	1	0	1	1.7673418958260956
199710.57753519213	3000.0	1970.1864888860332	0.0	0	0.0	2680.764024078031	1	0	1	1.7673418958261
200377.07369476417	2000.0	2303.6903293139935	0.0	0	0.0	2680.764024078031	1	0	1	1.3618767877179352
201631.9886117536	3000.0	2048.775412324577	0.0	0	0.0	2680.764024078031	1	0	1	1.7673418958261
202504.12333992805	2000.0	2176.640684150141	0.0	0	0.0	2680.76402407806	1	0	1	1.3618767877179343
204264.76710500952	2000.0	1415.9969190686747	0.0	0	0.0	2680.76402407806	1	0	1	1.7673418958260956
204902.88058808979	1000.0	1777.8834359884042	0.0	0	0.0	2680.7640240780893	1	0	1	0.38104753470620145
205365.95127667813	1000.0	2314.812747400029	0.0	0	0.0	2680.7640240780893	1	0	1	1.0741947152661466
206259.03697695158	2000.0	2421.727047126589	0.0	0	0.0	2680.76402407806	1	0	1	1.0741947152661504
207200.0	2000.0	2480.7640240781684	0.0	0	76.82559471650166	2680.764024078031	1	0	1	1.7673418958260998
208200.0	2000.0	2480.7640240781648	0.0	0	289.45936922120745	2680.764024078002	1	0	1	1.7673418958261036
209200.0	3000.0	2480.7640240781448	0.0	0	12.775937652710127	2680.764024078002	1	0	1	1.7673418958261038
210228.4583332012	3000.0	2452.305690876924	0.0	0	0.0	2680.764024078031	1	0	1	2.1728070039342646
211710.8462510559	3000.0	1821.6789812367178	0.0	0	0.0	2532.525232292479	1	0	2	1.7867558906419105
213071.5095824108	3000.0	1461.0156498818	0.0	0	0.0	2532.525232292479	1	0	1	1.9914676820530772
213929.07850060682	2000.0	1603.446731685762	0.0	0	0.0	2532.525232292479	1	0	1	1.380537465836748
214756.04543232426	2000.0	1776.4797999683049	0.0	0	0.0	2532.525232292479	1	0	1	1.7860025739449126
216169.26575287973	2000.0	1363.259479412859	0.0	0	0.0	2532.525232292508	1	0	1	1.7860025739449106
216896.21737918796	1000.0	1636.3078531046003	0.0	0	0.0	2532.525232292479	1	0	1	0.3997082128250223
217679.9870418404	1000.0	1852.5381904521814	0.0	0	0.0	2532.52523229245	1	0	1	1.092855393384971
218522.32415225892	2000.0	2010.2010800336468	0.0	0	0.0	2532.525232292479	1	0	1	1.09285539338497
219386.4056077406	2000.0	2146.1196245519563	0.0	0	0.0	2532.525232292479	1	0	1	1.7860025739449126
220992.82835748274	3000.0	1539.6968748098357	0.0	0	0.0	2532.525232292479	1	0	1	1.7860025739449128
221707.15447032242	1000.0	1825.3707619701306	0.0	0	0.0	2532.525232292479	1	0	1	-0.005756895283142216
222548.34363470084	2000.0	1984.1815975917089	0.0	0	0.0	2532.525232292479	1	0	1	1.0928553933849674
223236.09784102297	2000.0	2296.4273912695767	0.0	0	0.0	2532.525232292479	1	0	1	1.7860025739449126
224640.50438054593	3000.0	1892.020851746641	0.0	0	0.0	2532.525232292479	1	0	1	1.7860025739449128
225439.73956551845	2000.0	2092.7856667741066	0.0	0	0.0	2532.525232292479	1	0	1	1.380537465836748
226570.87572934185	2000.0	1961.6495029507103	0.0	0	0.0	2532.525232292508	1	0	1	1.7860025739449092
227727.41349047635	2000.0	1805.1117418162385	0.0	0	0.0	2532.525232292508	1	0	1	1.7860025739449092
228881.38558127347	2000.0	1651.1396510191178	0.0	0	0.0	2532.525232292508	1	0	1	1.7860025739449092
229901.92735193777	2000.0	1630.597880354825	0.0	0	0.0	2532.525232292508	1	0	1	1.7860025739449092
230675.73537104603	2000.0	1856.7898612465692	0.0	0	0.0	2532.525232292537	1	0	1	1.786002573944906
232308.74474941273	3000.0	1223.7804828798292	0.0	0	0.0	2532.525232292508	1	0	1	1.7860025739449088
233339.79292909568	2000.0	1192.732303196873	0.0	0	0.0	2532.525232292479	1	0	1	1.380537465836748
234236.60405341408	2000.0	1295.9211788784899	0.0	0	0.0	2532.525232292479	1	0	1	1.7860025739449126
235083.37993840995	2000.0	1449.145293882622	0.0	0	0.0	2532.525232292508	1	0	1	1.7860025739449092
235749.1489399367	2000.0	1783.376292355867	0.0	0	0.0	2532.525232292479	1	0	1	1.7860025739449126
236393.0605129695	2000.0	2139.464719323038	0.0	0	0.0	2532.525232292479	1	0	1	1.7860025739449126
238203.85509490798	3000.0	1328.670137384579	0.0	0	0.0	2532.525232292537	1	0	1	1.786002573944907
238640.11033135088	1000.0	1892.4149009416972	0.0	0	0.0	2532.525232292537	1	0	1	-0.0057568952831498765
239730.89521268004	2000.0	1801.6300196125121	0.0	0	0.0	2532.525232292537	1	0	1	1.0928553933849607
241144.73394216847	2000.0	1387.7912901240916	0.0	0	0.0	2532.525232292566	1	0	1	1.7860025739449032
241658.93927907184	1000.0	1873.5859532207323	0.0	0	0.0	2532.525232292566	1	0	1	0.399708212825012
242592.00358628764	2000.0	1940.521646004948	0.0	0	0.0	2532.525232292566	1	0	1	1.0928553933849572
243341.96683603615	2000.0	2190.5583962564115	0.0	0	0.0	2532.525232292566	1	0	1	1.7860025739449024
245037.58134796016	3000.0	1494.9438843324065	0.0	0	0.0	2532.5252322925953	1	0	1	1.786002573944899
245859.27671677756	2000.0	1673.2485155150305	0.0	0	0.0	2532.5252322925953	1	0	1	1.3805374658367344
246385.52948944314	2000.0	2146.99574284941	0.0	0	0.0	2532.5252322925953	1	0	1	1.786002573944899
247200.0	3000.0	2332.5252322925535	0.0	0	99.2913259685156	2532.5252322925953	1	0	1	1.786002573944899
248547.36051080652	3000.0	1985.1647214860209	0.0	0	0.0	2532.5252322925953	1	0	1	2.1914676820530636
249417.20428557805	3000.0	2115.320946714488	0.0	0	0.0	2532.5252322925953	1	0	1	2.1914676820530636
250712.0325984951	3000.0	1820.4926337974237	0.0	0	0.0	2532.5252322925953	1	0	1	2.1914676820530636
252174.8381313643	3000.0	1357.687100928231	0.0	0	0.0	2532.525232292566	1	0	1	2.191467682053066
253655.95943180774	2000.0	876.5658004847576	0.0	0	0.0	2532.5252322925953	1	0	1	1.3805374658367344
254162.8043820031	1000.0	1369.7208502894102	0.0	0	0.0	2532.525232292566	1	0	1	0.399708212825012
255272.7274311619	2000.0	1259.7978011305606	0.0	0	0.0	2532.525232292537	1	0	1	1.0928553933849607
255953.10599148326	1000.0	1579.4192408092317	0.0	0	0.0	2532.525232292537	1	0	1	0.39970821282501545
256669.85339057303	1000.0	1862.6718417194372	0.0	0	0.0	2532.525232292566	1	0	1	1.0928553933849585
257701.61354692694	2000.0	1830.9116853655069	0.0	0	0.0	2532.525232292566	1	0	1	1.0928553933849572
258584.72230837515	2000.0	1947.8029239172884	0.0	0	0.0	2532.525232292537	1	0	1	1.786002573944906
259335.8252885515	3000.0	2196.699943740932	0.0	0	0.0	2532.525232292537	1	0	1	1.7860025739449057
260742.020100197	3000.0	1790.5051320954622	0.0	0	0.0	2532.525232292508	1	0	1	2.191467682053074
261365.93652363494	2000.0	2166.5887086575403	0.0	0	0.0	2532.525232292508	1	0	1	1.3805374658367446
262413.51890479826	3000.0	2119.006327494241	0.0	0	0.0	2532.525232292537	1	0	1	1.786002573944907
263415.70474133914	3000.0	2116.820490953391	0.0	0	0.0	2532.525232292566	1	0	1	2.19146768205307
264729.2674272176	3000.0	1803.2578050748998	0.0	0	0.0	2532.525232292537	1	0	1	2.1914676820530694
265592.46766246087	2000.0	1940.057569831639	0.0	0	0.0	2532.525232292479	1	0	1	1.380537465836748
267017.4337875359	3000.0	1515.0914447565967	0.0	0	0.0	2532.5252322924207	1	0	1	1.7860025739449197
268050.6020096316	2000.0	1481.9232226608126	0.0	0	0.0	2532.5252322924207	1	0	1	1.3805374658367549
268553.97443879175	1000.0	1978.550793500631	0.0	0	0.0	2532.5252322924207	1	0	1	0.3997082128250291
269305.8637443766	2000.0	2226.6614879157933	0.0	0	0.0	2532.5252322923625	1	0	1	1.092855393384981
270200.0	2000.0	2332.5252322924125	0.0	0	93.17234796477715	2532.5252322924207	1	0	1	1.7860025739449195
271200.0	2000.0	2332.5252322924184	0.0	0	239.85367349121952	2532.5252322924207	1	0	1	1.7860025739449195
272200.0	2000.0	2332.5252322923793	0.0	0	230.29932543926407	2532.5252322923625	1	0	1	1.7860025739449261
273200.0	3000.0	2332.5252322924366	0.0	0	126.36895527533488	2532.5252322923625	1	0	1	1.7860025739449263
274200.0	3000.0	2332.525232292471	0.0	0	171.27990740176756	2532.5252322923625	1	0	1	2.1914676820530907
275305.04933546454	3000.0	2227.4758968279693	0.0	0	0.0	2532.5252322923043	1	0	1	2.191467682053098
276230.0431031218	3000.0	2302.4821291707112	0.0	0	0.0	2532.5252322923043	1	0	1	2.191467682053098
277524.78701857297	3000.0	2007.7382137195668	0.0	0	0.0	2532.525232292246	1	0	1	2.191467682053099
278355.7013121406	2000.0	2176.823920151986	0.0	0	0.0	2532.5252322923043	1	0	1	1.3805374658367686
279645.25587721105	3000.0	1887.2693550816186	0.0	0	0.0	2532.5252322923043	1	0	1	1.7860025739449332
281095.6110017997	3000.0	1436.9142304929912	0.0	0	0.0	2532.5252322923043	1	0	1	2.191467682053098
281628.53042585606	1000.0	1903.994806436655	0.0	0	0.0	2532.5252322923043	1	0	1	-0.005756895283121899
282696.5280916834	2000.0	1835.997140609342	0.0	0	0.0	2532.5252322924207	1	0	1	1.0928553933849783
283741.4986618176	2000.0	1791.0265704751835	0.0	0	0.0	2532.5252322924207	1	0	1	1.7860025739449195
284787.5624797229	2000.0	1744.9627525698643	0.0	0	0.0	2532.525232292479	1	0	1	1.7860025739449126
285990.972997982	2000.0	1541.5522343107848	0.0	0	0.0	2532.525232292479	1	0	1	1.7860025739449126
287059.1472896459	2000.0	1473.3779426468197	0.0	0	0.0	2532.5252322924207	1	0	1	1.7860025739449195
287849.5684414055	2000.0	1682.9567908872336	0.0	0	0.0	2532.5252322924207	1	0	1	1.7860025739449195
288397.7510421756	2000.0	2134.774190117108	0.0	0	0.0	2532.5252322924207	1	0	1	1.7860025739449195
289350.594660812	3000.0	2181.930571480726	0.0	0	0.0	2532.5252322924207	1	0	1	1.7860025739449197
290835.9370443242	3000.0	1696.5881879684941	0.0	0	0.0	2532.5252322924207	1	0	1	2.1914676820530814
291691.60182563134	2000.0	1840.923406661367	0.0	0	0.0	2532.5252322924207	1	0	1	1.3805374658367588
292680.41409670864	2000.0	1852.1111355840394	0.0	0	0.0	2532.5252322923625	1	0	1	1.7860025739449235
293581.5511241123	2000.0	1950.9741081804063	0.0	0	0.0	2532.5252322923625	1	0	1	1.7860025739449261
294268.6968792838	2000.0	2263.8283530088033	0.0	0	0.0	2532.5252322923625	1	0	1	1.7860025739449261
295538.7621611466	2000.0	1993.763071146	0.0	0	0.0	2532.5252322923043	1	0	1	1.7860025739449332
296639.3947820009	2000.0	1893.1304502916594	0.0	0	0.0	2532.5252322923043	1	0	1	1.7860025739449332
297205.3154203158	2000.0	2327.2098119768157	0.0	0	0.0	2532.5252322923043	1	0	1	1.7860025739449332
298220.67649123585	3000.0	2311.848741056705	0.0	0	0.0	2532.5252322923043	1	0	1	1.7860025739449332
299611.29900504835	2000.0	1921.2262272442033	0.0	0	0.0	2532.5252322923043	1	0	1	1.3805374658367686
300652.8802941582	2000.0	1879.6449381343323	0.0	0	0.0	2532.525232292246	1	0	1	1.7860025739449399
2.13	1.71	2.56	2.12	1.64	1.09	1.1	2.15	1.81	1.1	1.38	1.58	2.32	1.92	1.75	2.27	3.17	3.81	3.76	4.34	2.73	2.55	2.51	2.87	3.43	2.56	2.27	2.22	1.88	2.22	2.09	2.17	1.91	2.75	2.83	2.51	2.02	2.07	1.32	1.58	2.58	2.5	1.93	2.65	3.22	2.57	1.78	1.98	1.37	1.02	1.7	1.92	2.11	2.57	3.78	3.97	2.11	2.63	2.17	3.2	2.55	0.96	1.14	2.13	3.13	1.74	1.82	1.93	2.61	2.95	2.07	2.25	1.99	2.25	2.24	2.32	2.93	2.14	2.27	2.69	2.64	2.56	1.74	1.7	2.39	2.11	1.78	2.07	2.88	1.82	2.53	3.01	4.21	2.65	3.06	2.68	3.22	2.05	1.76	2.33	1.91	1.78	1.78	2.0	3.17	2.84	2.99	3.7	3.37	2.59	2.17	2.86	1.9	1.77	2.15	1.9	2.37	2.61	2.87	4.02	3.41	2.79	1.93	2.61	3.07	3.05	1.73	1.49	2.0	2.85	1.84	2.06	2.46	2.86	2.78	2.07	2.65	1.68	2.42	2.35	1.77	2.34	2.79	2.31	1.85	2.19	1.75	1.91	2.0	2.84	2.13	1.71	2.56	2.12	1.64	1.09	1.1	2.15	1.81	1.1	1.38	1.58	2.32	1.92	1.75	2.27	3.17	3.81	3.76	4.34	2.73	2.55	2.51	2.87	3.43	2.56	2.27	2.22	1.88	2.22	2.09	2.17	1.91	2.75	2.83	2.51	2.02	2.07	1.32	1.58	2.58	2.5	1.93	2.65	3.22	2.57	1.78	1.98	1.37	1.02	1.7	1.92	2.11	2.57	3.78	3.97	2.11	2.63	2.17	3.2	2.55	0.96	1.14	2.13	3.13	1.74	1.82	1.93	2.61	2.95	2.07	2.25	1.99	2.25	2.24	2.32	2.93	2.14	2.27	2.69	2.64	2.56	1.74	1.7	2.39	2.11	1.78	2.07	2.88	1.82	2.53	3.01	4.21	2.65	3.06	2.68	3.22	2.05	1.76	2.33	1.91	1.78	1.78	2.0	3.17	2.84	2.99	3.7	3.37	2.59	2.17	2.86	1.9	1.77	2.15	1.9	2.37	2.61	2.87	4.02	3.41	2.79	1.93	2.61	3.07	3.05	1.73	1.49	2.0	2.85	1.84	2.06	2.46	2.86	2.78	2.07	2.65	1.68	2.42	2.35	1.77	2.34	2.79	2.31	1.85	2.19	1.75	1.91	2.0	2.84
1.0	2.0	3.0	4.0	5.0	6.0	7.0	8.0	9.0	10.0	11.0	12.0	13.0	14.0	15.0	16.0	17.0	18.0	19.0	20.0	21.0	22.0	23.0	24.0	25.0	26.0	27.0	28.0	29.0	30.0	31.0	32.0	33.0	34.0	35.0	36.0	37.0	38.0	39.0	40.0	41.0	42.0	43.0	44.0	45.0	46.0	47.0	48.0	49.0	50.0	51.0	52.0	53.0	54.0	55.0	56.0	57.0	58.0	59.0	60.0	61.0	62.0	63.0	64.0	65.0	66.0	67.0	68.0	69.0	70.0	71.0	72.0	73.0	74.0	75.0	76.0	77.0	78.0	79.0	80.0	81.0	82.0	83.0	84.0	85.0	86.0	87.0	88.0	89.0	90.0	91.0	92.0	93.0	94.0	95.0	96.0	97.0	98.0	99.0	100.0	101.0	102.0	103.0	104.0	105.0	106.0	107.0	108.0	109.0	110.0	111.0	112.0	113.0	114.0	115.0	116.0	117.0	118.0	119.0	120.0	121.0	122.0	123.0	124.0	125.0	126.0	127.0	128.0	129.0	130.0	131.0	132.0	133.0	134.0	135.0	136.0	137.0	138.0	139.0	140.0	141.0	142.0	143.0	144.0	145.0	146.0	147.0	148.0	149.0	149.0	150.0	151.0	152.0	153.0	154.0	155.0	156.0	157.0	158.0	159.0	160.0	161.0	162.0	163.0	164.0	165.0	166.0	167.0	168.0	169.0	170.0	171.0	172.0	173.0	174.0	175.0	176.0	177.0	178.0	179.0	180.0	181.0	182.0	183.0	184.0	185.0	186.0	187.0	188.0	189.0	190.0	191.0	192.0	193.0	194.0	195.0	196.0	197.0	198.0	199.0	200.0	201.0	202.0	203.0	204.0	205.0	206.0	207.0	208.0	209.0	210.0	211.0	212.0	213.0	214.0	215.0	216.0	217.0	218.0	219.0	220.0	221.0	222.0	223.0	224.0	225.0	226.0	227.0	228.0	229.0	230.0	231.0	232.0	233.0	234.0	235.0	236.0	237.0	238.0	239.0	240.0	241.0	242.0	243.0	244.0	245.0	246.0	247.0	248.0	249.0	250.0	251.0	252.0	253.0	254.0	255.0	256.0	257.0	258.0	259.0	260.0	261.0	262.0	263.0	264.0	265.0	266.0	267.0	268.0	269.0	270.0	271.0	272.0	273.0	274.0	275.0	276.0	277.0	278.0	279.0	280.0	281.0	282.0	283.0	284.0	285.0	286.0	287.0	288.0	289.0	290.0	291.0	292.0	293.0	294.0	295.0	296.0	297.0	298.0	298.0
5474.570678688548
