5622.991468567629	300.0	1000.0	148.4207898790823	0	0.0	5622.991468567629	0	0	1	-2.480552036419066
5779.353438139796	300.0	2000.0	156.36196957216595	0	0.0	5779.353438139796	1	0	1	-2.6752585696359104
6557.888719025816	2000.0	2143.611191025377	0.0	0	0.0	5701.499910051193	1	0	2	-2.1149696603144283
7553.328877414618	2000.0	2048.6270167976954	0.0	0	0.0	5601.955894212313	1	0	2	0.07779448717255327
8271.885326642774	2000.0	2258.214922646723	0.0	0	0.0	5530.100249289497	1	0	2	0.1520448343190931
9076.450238160138	2000.0	2373.1935199776226	0.0	0	0.0	5449.64375813776	1	0	2	0.2252127139621734
9793.238791616315	2000.0	2584.726111175826	0.0	0	0.0	5377.964902792141	1	0	2	0.2902186820201491
10719.071190975636	2000.0	2566.310471880573	0.0	0	0.0	5285.381662856208	1	0	2	0.3689879957238234
12472.410080266069	2000.0	1637.6376936610957	0.0	0	0.0	5110.047773927163	1	0	2	0.5011898670273883
13295.935037054638	1000.0	1814.112736872526	0.0	0	0.0	5110.047773927163	1	0	1	-0.8437626291825377
14262.217921600934	2000.0	1751.2015638716016	0.0	0	0.0	5013.419485472534	1	0	2	-0.29045939750868205
14907.953732613227	2000.0	2040.892171758077	0.0	0	0.0	4948.845904371301	1	0	2	0.6586301908112484
16076.006479936834	2000.0	1756.0341497021107	0.0	0	0.0	4832.040629638943	1	0	2	0.7357020569546813
17334.066197438467	2000.0	1372.168460450313	0.0	0	0.0	4706.234657888779	1	0	2	0.8222152644939607
18194.474074653663	2000.0	1425.7197955136016	0.0	0	0.0	4620.1938701672625	1	0	2	0.8895620575969541
19731.48515578068	2000.0	735.0076062738844	0.0	0	0.0	4466.492762054564	1	0	2	0.9685286286981922
20270.331850362072	500.0	1196.1609116924951	0.0	0	0.0	4466.492762054568	1	0	1	-1.77550270240791
20923.987834738014	1000.0	1542.5049273165516	0.0	0	0.0	4466.492762054568	1	0	1	-0.18920834128802064
22078.99942844486	2000.0	1271.9921742390247	0.0	0	0.0	4350.991602683884	1	0	2	0.15239152133526562
22622.311670333096	1000.0	1728.679932350791	0.0	0	0.0	4350.991602683884	1	0	1	-0.3242559338135379
23694.2146931478	2000.0	1549.586607254615	0.0	0	0.0	4243.801300402411	1	0	2	0.21075494400734718
24759.688961173615	2000.0	1377.5649124262156	0.0	0	0.0	4137.253873599828	1	0	2	1.1572109133935864
25791.84820580493	2000.0	1242.189743331768	0.0	0	0.0	4034.0379491366984	1	0	2	1.2054204431178481
26311.172578791637	2000.0	1670.932933046393	0.0	0	0.0	3982.105511838028	1	0	2	1.2321752917134112
26926.196447303355	2000.0	1994.4066776835052	0.0	0	0.0	3920.6031249868574	1	0	2	1.2570242022811393
27858.805941677754	3000.0	1968.5362338716664	0.0	0	0.0	3827.3421755494164	1	0	2	1.2881396586903988
28808.450926814985	2000.0	1923.9267502207126	0.0	0	0.0	3732.3776770356926	1	0	2	0.9175442957294676
29954.798548241284	2000.0	1777.579128794416	0.0	0	0.0	3732.3776770356963	1	0	1	1.3316496735714891
31128.4596140275	2000.0	1486.5519564295791	0.0	0	0.0	3615.0115704570744	1	0	2	1.161121430332381
32213.119728413618	2000.0	1293.4258306048464	0.0	0	0.0	3506.5455590184574	1	0	2	1.3945147381027203
33771.36214230891	2000.0	735.1834167095503	0.0	0	0.0	3506.545559018454	1	0	1	1.4017371820539677
34481.64846673649	1000.0	1024.89709228197	0.0	0	0.0	3506.54555901845	1	0	1	0.21544282093407935
35504.8153410373	1000.0	1001.7302179811634	0.0	0	0.0	3506.5455590184465	1	0	1	0.9085900014940249
35911.55468599999	1000.0	1594.9908730184645	0.0	0	0.0	3506.5455590184356	1	0	1	0.9085900014940274
36770.56284368355	2000.0	1735.9827153349079	0.0	0	0.0	3506.5455590184356	1	0	1	0.9085900014940287
37482.47548694425	2000.0	2024.070072074207	0.0	0	0.0	3506.545559018443	1	0	1	1.6017371820539716
38532.479700247626	2000.0	1869.065437440496	0.0	0	0.0	3401.545137688103	1	0	2	1.2234544880315241
39193.86856693177	2000.0	2207.6765707563454	0.0	0	0.0	3401.545137688103	1	0	1	1.4300587614960605
39995.38747768522	2000.0	2406.157660002905	0.0	0	0.0	3401.545137688103	1	0	1	1.6300587614960607
40699.956596854776	2000.0	2631.1316289163965	0.0	0	0.0	3331.0882257711564	1	0	2	1.2428174983222857
41604.27908000873	2000.0	2636.3768974470445	0.0	0	0.0	3240.655977455761	1	0	2	1.463535002004736
42584.00074638684	2000.0	2558.683064431129	0.0	0	0.0	3142.683810817951	1	0	2	1.4844244301413045
43695.85664297534	3000.0	2335.641578183784	0.0	0	0.0	3031.4982211591123	1	0	2	1.5047433005461228
44790.720251784966	2000.0	2240.777969374149	0.0	0	0.0	3031.4982211591123	1	0	1	1.1060681097081189
45618.174100028955	2000.0	2413.3241211301556	0.0	0	0.0	3031.4982211591196	1	0	1	1.7115332178162823
46368.142217300585	3000.0	2588.3591921313578	0.0	0	0.0	2956.5014094319486	1	0	2	1.3214238678625618
47920.22041715839	3000.0	1881.073172287777	0.0	0	0.0	2801.2935894461625	1	0	2	1.9501247550274001
48530.91674129209	2000.0	2209.307215740705	0.0	0	0.0	2740.2239570327874	1	0	2	1.1513083230748233
49517.346740928944	2000.0	2222.877216103849	0.0	0	0.0	2740.2239570327874	1	0	1	1.559101743308888
50200.0	2000.0	2540.2239570327974	0.0	0	41.911849610929494	2740.2239570327874	1	0	1	1.7591017433088882
51200.0	3000.0	2440.2239570327897	0.0	0	46.13159890410316	2640.223957032773	1	0	2	1.3689818945136785
52200.0	3000.0	2340.2239570327856	0.0	0	29.30512564835226	2540.2239570327656	1	0	2	1.9870226585789057
53251.84168201968	2000.0	2183.19810681114	0.0	0	0.0	2435.0397888307925	1	0	2	1.1886284740918391
54322.26783978258	2000.0	2005.7293332719512	0.0	0	0.0	2327.9971730545076	1	0	2	1.6049070362895745
55200.0	2000.0	2127.997173054531	0.0	0	283.03626041805546	2327.997173054515	1	0	1	1.6078302010432126
56200.0	2000.0	2127.9971730545267	0.0	0	308.4022540149672	2327.997173054515	1	0	1	1.8078302010432128
57200.0	3000.0	2027.9971730545315	0.0	0	170.53286854727776	2227.997173054515	1	0	2	1.4140922978115877
58200.0	3000.0	1927.9971730545308	0.0	0	333.80709791458503	2127.9971730545076	1	0	2	2.0277392994698826
59200.0	3000.0	1827.9971730545305	0.0	0	104.22464890814445	2027.9971730545076	1	0	2	2.0363165133565873
60599.3136068255	3000.0	1288.7522055464826	0.0	0	0.0	1888.065812371955	1	0	2	2.0453291810585754
61523.00330230074	2000.0	1365.0625100712434	0.0	0	0.0	1888.065812371955	1	0	1	1.2370965104626703
62200.0	2000.0	1688.0658123719836	0.0	0	33.94442448204791	1888.065812371955	1	0	1	1.8425616185708351
63200.0	2000.0	1688.0658123719804	0.0	0	323.9911435774775	1888.065812371955	1	0	1	1.8425616185708351
64200.0	2000.0	1688.0658123719759	0.0	0	463.65299218364817	1888.0658123719477	1	0	1	1.8425616185708353
65200.0	2000.0	1688.0658123719797	0.0	0	298.2591785609984	1888.0658123719477	1	0	1	1.8425616185708353
66200.0	3000.0	1688.0658123719752	0.0	0	249.65292223716096	1888.0658123719331	1	0	1	1.842561618570836
68446.92958461115	6000.0	441.13622776083565	0.0	0	0.0	1888.0658123719477	1	0	1	2.2480267266790004
69086.96769531064	2000.0	801.0981170613467	0.0	0	0.0	1888.0658123719477	1	0	1	0.7439493299027259
70244.5191000903	2000.0	643.5467122816748	0.0	0	0.0	1888.0658123719477	1	0	1	1.8425616185708353
71294.55078849025	1000.0	593.5150238817207	0.0	0	0.0	1888.0658123719622	1	0	1	0.4562672574509443
71773.26870081457	1000.0	1114.7971115573912	0.0	0	0.0	1888.0658123719622	1	0	1	1.1494144380108895
73276.21717262489	2000.0	611.8486397470679	0.0	0	0.0	1888.0658123719477	1	0	1	1.1494144380108904
74209.29978769449	1000.0	678.7660246774687	0.0	0	0.0	1888.0658123719622	1	0	1	0.4562672574509443
74845.8341589806	1000.0	1042.2316533913704	0.0	0	0.0	1888.0658123719477	1	0	1	1.1494144380108904
76026.84512372939	2000.0	861.2206886425699	0.0	0	0.0	1888.0658123719477	1	0	1	1.1494144380108904
77304.42540539386	2000.0	583.6404069780891	0.0	0	0.0	1888.0658123719477	1	0	1	1.8425616185708353
77766.93358555867	1000.0	1121.1322268132908	0.0	0	0.0	1888.0658123719477	1	0	1	0.45626725745094526
78900.59192432367	2000.0	987.4738880482741	0.0	0	0.0	1888.0658123719477	1	0	1	1.1494144380108904
79830.3654275817	2000.0	1057.7003847902442	0.0	0	0.0	1888.0658123719477	1	0	1	1.8425616185708353
80698.305956955	2000.0	1189.7598554169424	0.0	0	0.0	1888.0658123719477	1	0	1	1.8425616185708353
81320.07006555518	2000.0	1567.9957468167627	0.0	0	0.0	1888.0658123719331	1	0	1	1.8425616185708367
82200.0	2000.0	1688.06581237193	0.0	0	117.95062507230614	1888.0658123719331	1	0	1	1.8425616185708367
83200.0	2000.0	1688.0658123719456	0.0	0	52.02610572484264	1888.0658123719331	1	0	1	1.8425616185708367
84200.0	2000.0	1688.065812371943	0.0	0	110.99331019089732	1888.0658123719477	1	0	1	1.8425616185708353
85200.0	2000.0	1688.065812371937	0.0	0	223.7173219944234	1888.0658123719622	1	0	1	1.8425616185708347
86210.91946800986	2000.0	1677.146344362078	0.0	0	0.0	1888.0658123719622	1	0	1	1.8425616185708347
87722.50195954584	2000.0	1165.56385282609	0.0	0	0.0	1888.0658123719622	1	0	1	1.8425616185708347
88536.4424881674	2000.0	1351.6233242045234	0.0	0	0.0	1888.0658123719622	1	0	1	1.8425616185708347
90175.8921063331	2000.0	712.1737060388169	0.0	0	0.0	1888.0658123719477	1	0	1	1.8425616185708353
90684.25808142325	1000.0	1203.8077309486698	0.0	0	0.0	1888.0658123719477	1	0	1	0.45626725745094526
91793.42757096661	2000.0	1094.638241405309	0.0	0	0.0	1888.0658123719477	1	0	1	1.1494144380108904
92746.42881433433	2000.0	1141.6369980375875	0.0	0	0.0	1888.0658123719477	1	0	1	1.8425616185708353
93994.30737464468	2000.0	893.7584377272356	0.0	0	0.0	1888.0658123719477	1	0	1	1.8425616185708353
94722.71329886091	1000.0	1165.3525135109824	0.0	0	0.0	1888.0658123719477	1	0	1	0.45626725745094526
95259.96059102789	1000.0	1628.1052213439912	0.0	0	0.0	1888.0658123719477	1	0	1	1.1494144380108904
96533.78188062007	2000.0	1354.2839317518274	0.0	0	0.0	1888.0658123719477	1	0	1	1.1494144380108904
97546.66490470032	2000.0	1341.4009076715743	0.0	0	0.0	1888.0658123719477	1	0	1	1.8425616185708353
98405.00287235706	2000.0	1483.0629400148305	0.0	0	0.0	1888.0658123719477	1	0	1	1.8425616185708353
99740.1123638713	2000.0	1147.9534485005822	0.0	0	0.0	1888.0658123719477	1	0	1	1.8425616185708353
100696.62164023334	2000.0	1191.4441721385501	0.0	0	0.0	1888.0658123719477	1	0	1	1.8425616185708353
101403.25518320009	2000.0	1484.810629171788	0.0	0	0.0	1888.0658123719477	1	0	1	1.8425616185708353
102534.52226161417	2000.0	1353.543550757717	0.0	0	0.0	1888.0658123719477	1	0	1	1.8425616185708353
103287.11565334557	2000.0	1600.950159026323	0.0	0	0.0	1888.0658123719477	1	0	1	1.8425616185708353
104207.8530370869	2000.0	1680.2127752850006	0.0	0	0.0	1888.0658123719477	1	0	1	1.8425616185708353
105200.0	2000.0	1688.0658123719131	0.0	0	12.847805037337821	1888.0658123719622	1	0	1	1.8425616185708347
106457.4851504428	2000.0	1430.5806619291272	0.0	0	0.0	1888.0658123719622	1	0	1	1.8425616185708347
107635.14582941963	2000.0	1252.9199829523175	0.0	0	0.0	1888.0658123719622	1	0	1	1.8425616185708347
108881.34604532298	2000.0	1006.7197670489849	0.0	0	0.0	1888.0658123719622	1	0	1	1.8425616185708347
109644.55796407345	2000.0	1243.5078482985218	0.0	0	0.0	1888.0658123719622	1	0	1	1.8425616185708347
110214.50276436024	2000.0	1673.5630480117252	0.0	0	0.0	1888.0658123719622	1	0	1	1.8425616185708347
111200.0	2000.0	1688.065812371963	0.0	0	401.8727570548508	1888.0658123719622	1	0	1	1.8425616185708347
112200.0	3000.0	1588.0658123719584	0.0	0	551.7449321919412	1788.0658123719477	1	0	2	1.4462858818012134
115032.66566165877	6000.0	200.0	444.5998492868091	0	0.0	2232.6656616587716	1	0	1	-0.6246929630298057
115766.3680894107	2000.0	569.4227716727137	103.12519942462765	0	0.0	2335.7908610833983	1	0	1	0.08971010343066621
116677.5319714437	2000.0	658.2588896397151	0.0	0	0.0	2335.7908610833983	1	0	1	1.8070735886465417
117638.75952187837	2000.0	697.03133920505	0.0	0	0.0	2335.7908610833983	1	0	1	1.8070735886465417
118588.36372262625	2000.0	747.427138457172	0.0	0	0.0	2335.7908610833983	1	0	1	1.8070735886465417
119438.9321642743	2000.0	896.8586968091221	0.0	0	0.0	2335.7908610833983	1	0	1	1.8070735886465417
120666.61978668516	2000.0	669.1710743982733	0.0	0	0.0	2335.7908610833983	1	0	1	1.8070735886465417
121630.224622707	2000.0	705.5662383764302	0.0	0	0.0	2335.7908610833983	1	0	1	1.8070735886465417
122223.21595333412	2000.0	1112.574907749311	0.0	0	0.0	2335.7908610833983	1	0	1	1.8070735886465417
122874.16014842858	2000.0	1461.630712654834	0.0	0	0.0	2335.7908610833983	1	0	1	1.8070735886465417
123457.51049327319	2000.0	1878.280367810231	0.0	0	0.0	2335.7908610833983	1	0	1	1.8070735886465417
124200.0	2000.0	2135.7908610834356	0.0	0	198.83712010220916	2335.7908610833983	1	0	1	1.8070735886465417
125200.0	2000.0	2135.7908610834374	0.0	0	51.14144212938845	2335.7908610833983	1	0	1	1.8070735886465417
126848.55618983472	2000.0	1487.234671248718	0.0	0	0.0	2335.790861083413	1	0	1	1.8070735886465403
128224.37424336132	2000.0	1111.41661772212	0.0	0	0.0	2335.790861083413	1	0	1	1.8070735886465403
128953.29449701516	1000.0	1382.4963640682945	0.0	0	0.0	2335.790861083413	1	0	1	0.42077922752665
129592.47795674614	1000.0	1743.312904337322	0.0	0	0.0	2335.790861083413	1	0	1	1.1139264080865952
130407.72768767472	2000.0	1928.0631734087438	0.0	0	0.0	2335.790861083413	1	0	1	1.1139264080865952
131259.61326842778	2000.0	2076.177592655663	0.0	0	0.0	2335.7908610833983	1	0	1	1.8070735886465408
132200.0	2000.0	2135.7908610834247	0.0	0	14.572273331490578	2335.7908610833692	1	0	1	1.807073588646543
133200.0	2000.0	2135.7908610834083	0.0	0	99.9884845369379	2335.79086108334	1	0	1	1.8070735886465474
134227.3148311654	2000.0	2108.476029917998	0.0	0	0.0	2335.79086108334	1	0	1	1.8070735886465474
135523.5347707064	2000.0	1812.2560903769884	0.0	0	0.0	2335.79086108334	1	0	1	1.8070735886465474
136422.98416643048	2000.0	1912.8066946529448	0.0	0	0.0	2335.79086108334	1	0	1	1.8070735886465474
137200.0	2000.0	2135.7908610834224	0.0	0	266.23595561328693	2335.7908610833692	1	0	1	1.8070735886465443
138200.0	2000.0	2135.79086108341	0.0	0	281.45080094065634	2335.7908610833692	1	0	1	1.8070735886465443
139200.0	3000.0	2035.7908610834224	0.0	0	394.7477563727007	2235.7908610833983	1	0	2	1.412865084223124
140340.27625729743	3000.0	1781.4869780562387	0.0	0	0.0	2121.763235353661	1	0	2	2.0286510398419373
141200.0	2000.0	1835.7908610834165	0.0	0	65.41014817598625	2035.7908610833983	1	0	2	1.2250846910415825
142200.0	3000.0	1735.7908610834404	0.0	0	152.48456380184507	1935.7908610833983	1	0	2	1.6372053412892693
143200.0	2000.0	1735.7908610834165	0.0	0	174.50357556782546	1935.7908610833983	1	0	1	1.233999306232984
144200.0	2000.0	1735.790861083392	0.0	0	48.389946648007026	1935.7908610833983	1	0	1	1.8394644143411487
145346.13889084806	2000.0	1589.6519702353335	0.0	0	0.0	1935.7908610833692	1	0	1	1.8394644143411507
146200.0	2000.0	1735.7908610833988	0.0	0	120.93675061734393	1935.7908610833692	1	0	1	1.8394644143411507
147200.0	2000.0	1735.790861083376	0.0	0	344.59150380664505	1935.7908610833401	1	0	1	1.8394644143411525
148200.0	2000.0	1735.7908610833929	0.0	0	2.5334562840580475	1935.7908610833401	1	0	1	1.8394644143411525
149200.0	2000.0	1735.79086108338	0.0	0	269.5756142818136	1935.790861083311	1	0	1	1.8394644143411543
150259.65133555117	2000.0	1676.1395255321931	0.0	0	0.0	1935.790861083282	1	0	1	1.8394644143411565
151200.0	2000.0	1735.7908610833772	0.0	0	291.75798471234157	1935.790861083282	1	0	1	1.8394644143411565
152621.91960934328	2000.0	1313.871251740126	0.0	0	0.0	1935.790861083282	1	0	1	1.8394644143411565
153604.2374980906	2000.0	1331.553362992811	0.0	0	0.0	1935.790861083282	1	0	1	1.8394644143411565
154368.98043350986	2000.0	1566.8104275735864	0.0	0	0.0	1935.790861083311	1	0	1	1.8394644143411543
155200.0	2000.0	1735.790861083408	0.0	0	274.9253787812195	1935.790861083282	1	0	1	1.8394644143411565
156200.0	2000.0	1735.7908610834193	0.0	0	272.7818278230843	1935.790861083311	1	0	1	1.8394644143411543
157200.0	2000.0	1735.7908610834106	0.0	0	106.00666466687107	1935.790861083311	1	0	1	1.8394644143411543
158200.0	2000.0	1735.7908610834368	0.0	0	299.6188633280981	1935.790861083282	1	0	1	1.8394644143411565
159231.57676345707	2000.0	1704.214097626384	0.0	0	0.0	1935.790861083282	1	0	1	1.8394644143411565
160556.34769843752	2000.0	1379.443162645965	0.0	0	0.0	1935.790861083311	1	0	1	1.839464414341156
161985.16093375615	2000.0	950.6299273273102	0.0	0	0.0	1935.790861083282	1	0	1	1.8394644143411565
162562.25768075124	1000.0	1373.5331803322076	0.0	0	0.0	1935.790861083282	1	0	1	0.453170053221266
163406.2117970622	2000.0	1529.579064021263	0.0	0	0.0	1935.790861083282	1	0	1	1.1463172337812113
164580.37548559645	2000.0	1355.4153754870247	0.0	0	0.0	1935.790861083282	1	0	1	1.8394644143411565
165990.46795311413	2000.0	945.322907969366	0.0	0	0.0	1935.790861083282	1	0	1	1.8394644143411565
166614.29385219494	1000.0	1321.4970088885666	0.0	0	0.0	1935.790861083282	1	0	1	0.453170053221266
167747.14525188296	2000.0	1188.6456092005665	0.0	0	0.0	1935.790861083282	1	0	1	1.1463172337812113
169671.93656983614	2000.0	263.85429124741927	0.0	0	0.0	1935.790861083311	1	0	1	1.8394644143411547
170117.5278348066	1000.0	818.263026276967	0.0	0	0.0	1935.7908610833401	1	0	1	0.45317005322126214
170866.21670007004	1000.0	1069.5741610135117	0.0	0	0.0	1935.7908610833401	1	0	1	1.1463172337812073
171924.81556666794	2000.0	1010.9752944156086	0.0	0	0.0	1935.7908610833401	1	0	1	1.1463172337812075
173002.4824375819	2000.0	933.3084235016779	0.0	0	0.0	1935.7908610833692	1	0	1	1.8394644143411512
173767.63494017345	2000.0	1168.15592091013	0.0	0	0.0	1935.7908610833983	1	0	1	1.8394644143411492
174761.67786570033	2000.0	1174.1129953832433	0.0	0	0.0	1935.7908610833983	1	0	1	1.8394644143411487
175475.44619703174	2000.0	1460.344664051827	0.0	0	0.0	1935.7908610834274	1	0	1	1.8394644143411467
176200.0	2000.0	1735.7908610835407	0.0	0	46.187773320649285	1935.7908610834274	1	0	1	1.8394644143411467
177200.0	3000.0	1735.7908610835352	0.0	0	170.20267682001577	1935.7908610833983	1	0	1	1.839464414341149
178200.0	2000.0	1735.7908610835098	0.0	0	205.91557251947233	1935.7908610833983	1	0	1	1.433999306232984
179200.0	2000.0	1735.7908610835186	0.0	0	88.4730873220542	1935.7908610834274	1	0	1	1.8394644143411467
180571.39797120623	2000.0	1364.3928898773231	0.0	0	0.0	1935.7908610834565	1	0	1	1.8394644143411463
181276.87864116818	2000.0	1658.9122199153999	0.0	0	0.0	1935.7908610834857	1	0	1	1.839464414341143
182485.55024437315	2000.0	1450.2406167104314	0.0	0	0.0	1935.7908610834565	1	0	1	1.839464414341145
183872.63255656234	2000.0	1063.1583045212533	0.0	0	0.0	1935.7908610834274	1	0	1	1.8394644143411467
184748.4772134032	1000.0	1187.3136476804038	0.0	0	0.0	1935.7908610834565	1	0	1	0.4531700532212549
185640.94440990052	2000.0	1294.8464511830955	0.0	0	0.0	1935.7908610834565	1	0	1	1.1463172337811995
186200.0	2000.0	1735.790861083624	0.0	0	104.43556856518262	1935.7908610834565	1	0	1	1.839464414341145
187309.05801241324	2000.0	1626.7328486703896	0.0	0	0.0	1935.7908610834565	1	0	1	1.839464414341145
188200.0	2000.0	1735.7908610836544	0.0	0	101.17194271835615	1935.7908610834565	1	0	1	1.839464414341145
189200.0	2000.0	1735.7908610836903	0.0	0	140.55909066527965	1935.7908610834565	1	0	1	1.839464414341145
190200.0	2000.0	1735.790861083713	0.0	0	325.91420900978846	1935.7908610834565	1	0	1	1.839464414341145
191200.0	2000.0	1735.7908610836835	0.0	0	111.26674539822852	1935.7908610834274	1	0	1	1.8394644143411467
192200.0	2000.0	1735.7908610837007	0.0	0	423.3449529695208	1935.7908610834274	1	0	1	1.8394644143411467
193200.0	2000.0	1735.7908610836703	0.0	0	257.3874939765956	1935.7908610833983	1	0	1	1.8394644143411487
194200.0	2000.0	1735.790861083681	0.0	0	73.47784792838502	1935.7908610834274	1	0	1	1.8394644143411467
195200.0	2000.0	1735.7908610836855	0.0	0	338.9946717583225	1935.7908610833983	1	0	1	1.8394644143411487
196339.43345239406	2000.0	1596.357408689651	0.0	0	0.0	1935.7908610833983	1	0	1	1.8394644143411487
197200.0	2000.0	1735.790861083687	0.0	0	221.43019444131642	1935.7908610833692	1	0	1	1.8394644143411507
198200.0	2000.0	1735.7908610837083	0.0	0	263.7055838414526	1935.7908610833983	1	0	1	1.8394644143411487
199200.0	2000.0	1735.7908610837374	0.0	0	112.72620660709799	1935.7908610833983	1	0	1	1.8394644143411487
200200.0	2000.0	1735.7908610837137	0.0	0	478.9832348259515	1935.7908610833983	1	0	1	1.8394644143411487
201200.0	2000.0	1635.790861083713	0.0	0	408.9582617627748	1835.7908610833983	1	0	2	1.4433542460229063
202200.0	2000.0	1635.7908610837217	0.0	0	256.08136491585174	1835.7908610833983	1	0	1	1.6457938992494285
203200.0	2000.0	1635.790861083746	0.0	0	77.7606146625476	1835.7908610833983	1	0	1	1.8457938992494287
204200.0	2000.0	1635.790861083742	0.0	0	299.5566902247083	1835.7908610833983	1	0	1	1.8457938992494287
205200.0	2000.0	1635.79086108376	0.0	0	515.0183385834389	1835.7908610833692	1	0	1	1.8457938992494305
206200.0	2000.0	1635.7908610837744	0.0	0	538.9740041788027	1835.7908610833692	1	0	1	1.8457938992494305
207200.0	3000.0	1535.7908610837555	0.0	0	227.75266259905766	1735.7908610833401	1	0	2	1.449419707793882
208200.0	2000.0	1535.7908610837762	0.0	0	433.2650996563025	1735.7908610833692	1	0	1	1.2460735306051438
209200.0	2000.0	1535.7908610837924	0.0	0	202.02813142020022	1735.7908610833692	1	0	1	1.8515386387133086
210423.19392963452	2000.0	1312.5969314492709	0.0	0	0.0	1735.7908610833692	1	0	1	1.8515386387133086
211454.64024077676	2000.0	1281.150620307017	0.0	0	0.0	1735.7908610833983	1	0	1	1.851538638713307
212220.8397483881	2000.0	1514.951112695661	0.0	0	0.0	1735.7908610833983	1	0	1	1.851538638713307
213200.0	2000.0	1535.790861083765	0.0	0	251.96363520424347	1735.7908610834274	1	0	1	1.8515386387133055
214200.0	2000.0	1535.7908610837726	0.0	0	355.59778845030814	1735.7908610834274	1	0	1	1.8515386387133055
215200.0	2000.0	1535.79086108379	0.0	0	452.90221260878025	1735.7908610834274	1	0	1	1.8515386387133055
216273.3758379852	6000.0	1462.4150230985601	0.0	0	0.0	1735.7908610834274	1	0	1	1.8515386387133057
217363.86698648563	3000.0	1371.9238745981022	0.0	0	0.0	1735.7908610833983	1	0	1	1.563856566261527
218200.0	2000.0	1535.7908610837603	0.0	0	111.26695917386678	1735.7908610834274	1	0	1	1.4460735306051409
219923.8917759002	2000.0	811.8990851835663	0.0	0	0.0	1735.7908610834274	1	0	1	1.8515386387133055
220675.9325029126	1000.0	1059.8583581711591	0.0	0	0.0	1735.7908610833983	1	0	1	0.46524427759341674
222079.7545699689	2000.0	656.0362911148823	0.0	0	0.0	1735.7908610834274	1	0	1	1.15839145815336
222766.27735432365	1000.0	969.5135067601495	0.0	0	0.0	1735.7908610834274	1	0	1	0.4652442775934152
223488.6862819355	1000.0	1247.1045791483093	0.0	0	0.0	1735.7908610834274	1	0	1	1.1583914581533603
224200.0	1000.0	1535.7908610838094	0.0	0	60.29535331236548	1735.7908610834274	1	0	1	1.1583914581533603
225200.0	2000.0	1535.7908610838101	0.0	0	244.8177984909562	1735.7908610834274	1	0	1	1.15839145815336
226466.41110698233	2000.0	1269.379754101441	0.0	0	0.0	1735.7908610834274	1	0	1	1.8515386387133055
227537.4097468047	2000.0	1198.381114279098	0.0	0	0.0	1735.7908610834274	1	0	1	1.8515386387133055
228612.1097760557	2000.0	1123.6810850281176	0.0	0	0.0	1735.7908610834857	1	0	1	1.8515386387133033
229397.84724560907	2000.0	1337.9436154747568	0.0	0	0.0	1735.7908610834857	1	0	1	1.8515386387133024
230200.0	2000.0	1535.7908610837658	0.0	0	248.16446737051592	1735.7908610834857	1	0	1	1.8515386387133024
231200.0	2000.0	1535.7908610837821	0.0	0	6.184977506811265	1735.7908610834857	1	0	1	1.8515386387133024
232200.0	2000.0	1535.7908610838108	0.0	0	70.73820602192427	1735.7908610834857	1	0	1	1.8515386387133024
233381.42528698628	2000.0	1354.3655740975441	0.0	0	0.0	1735.7908610834857	1	0	1	1.8515386387133024
234265.9030198469	2000.0	1469.8878412368879	0.0	0	0.0	1735.7908610834857	1	0	1	1.8515386387133024
235298.7136181025	2000.0	1437.0772429812844	0.0	0	0.0	1735.7908610834857	1	0	1	1.8515386387133024
236279.24874324194	2000.0	1456.5421178418735	0.0	0	0.0	1735.7908610835148	1	0	1	1.8515386387133006
237200.0	2000.0	1535.790861083818	0.0	0	27.09847461435129	1735.7908610835148	1	0	1	1.8515386387133006
238200.0	2000.0	1535.7908610838074	0.0	0	109.01117144007003	1735.7908610835148	1	0	1	1.8515386387133006
239604.53423236846	2000.0	1131.2566287153222	0.0	0	0.0	1735.7908610835148	1	0	1	1.8515386387133006
240787.6865138963	2000.0	948.1043471874615	0.0	0	0.0	1735.7908610834857	1	0	1	1.8515386387133024
241681.5908346296	2000.0	1054.2000264541723	0.0	0	0.0	1735.7908610835148	1	0	1	1.8515386387133015
242897.91989821388	2000.0	837.8709628698924	0.0	0	0.0	1735.7908610834857	1	0	1	1.8515386387133017
243544.74185441755	1000.0	1191.049006666191	0.0	0	0.0	1735.7908610834565	1	0	1	0.46524427759341236
245056.75630392495	2000.0	679.0345571588158	0.0	0	0.0	1735.7908610834857	1	0	1	1.1583914581533572
245709.6221985418	1000.0	1026.1686625419693	0.0	0	0.0	1735.7908610834565	1	0	1	0.4652442775934135
246589.28075160325	2000.0	1146.510109480542	0.0	0	0.0	1735.7908610834565	1	0	1	1.1583914581533585
247696.84903641616	2000.0	1038.941824667676	0.0	0	0.0	1735.7908610834565	1	0	1	1.8515386387133037
248558.39219177148	1000.0	1177.3986693123697	0.0	0	0.0	1735.7908610834274	1	0	1	0.4652442775934152
249228.00131508987	2000.0	1507.7895459939734	0.0	0	0.0	1735.7908610834274	1	0	1	1.15839145815336
250200.0	2000.0	1535.7908610838565	0.0	0	104.26299109714455	1735.7908610834565	1	0	1	1.8515386387133037
251418.1727468175	2000.0	1317.618114266378	0.0	0	0.0	1735.7908610834565	1	0	1	1.8515386387133037
252546.79904251834	2000.0	1188.991818565538	0.0	0	0.0	1735.7908610834565	1	0	1	1.8515386387133037
253343.04072780788	2000.0	1392.7501332760032	0.0	0	0.0	1735.7908610834565	1	0	1	1.8515386387133037
254385.63652127472	2000.0	1350.1543398091744	0.0	0	0.0	1735.7908610834565	1	0	1	1.8515386387133037
255486.9592272462	2000.0	1248.831633837723	0.0	0	0.0	1735.7908610834857	1	0	1	1.8515386387133035
256562.73686300352	2000.0	1173.0539980803812	0.0	0	0.0	1735.7908610834565	1	0	1	1.8515386387133026
257504.51871227936	2000.0	1231.2721488045163	0.0	0	0.0	1735.7908610834857	1	0	1	1.8515386387133035
258234.52706325625	2000.0	1501.2637978276277	0.0	0	0.0	1735.7908610834857	1	0	1	1.8515386387133024
259200.0	2000.0	1535.7908610838629	0.0	0	466.6230194356758	1735.7908610834565	1	0	1	1.8515386387133037
260200.0	2000.0	1535.790861083857	0.0	0	395.8827209608571	1735.7908610834565	1	0	1	1.8515386387133037
261200.0	3000.0	1535.7908610838829	0.0	0	475.35853587155	1735.7908610834857	1	0	1	1.8515386387133024
263865.226722006	6000.0	200.0	329.4358609221339	0	0.0	2065.2267220059875	1	0	1	0.27275412031630736
264661.9666918921	2000.0	585.0058517179909	181.7458216041615	0	0.0	2246.9725436100853	1	0	1	-0.3737147542264953
265722.899011077	2000.0	524.0735325331323	0.0	0	0.0	2246.9725436100853	1	0	1	1.815372464066585
266647.3552293687	2000.0	599.6173142413801	0.0	0	0.0	2246.972543610027	1	0	1	1.8153724640665871
267618.0735420397	2000.0	628.8990015703348	0.0	0	0.0	2246.972543609969	1	0	1	1.8153724640665954
268318.886026533	2000.0	928.0865170770539	0.0	0	0.0	2246.972543609969	1	0	1	1.8153724640665954
269450.94232746185	2000.0	796.0302161482059	0.0	0	0.0	2246.972543609969	1	0	1	1.8153724640665954
269764.3020815034	1000.0	1482.6704621067124	0.0	0	0.0	2246.9725436099106	1	0	1	0.4290781029467102
270341.35068415815	2000.0	1905.621859451966	0.0	0	0.0	2246.9725436099106	1	0	1	1.1222252835066553
271200.0	2000.0	2046.9725436101544	0.0	0	306.5870534815476	2246.9725436099106	1	0	1	1.8153724640666005
272200.0	2000.0	2046.9725436101985	0.0	0	366.99917584232753	2246.9725436099106	1	0	1	1.8153724640666005
273200.0	3000.0	1946.9725436101148	0.0	0	216.46777522948105	2146.9725436098524	1	0	2	1.4210667321743058
275093.25874300144	3000.0	864.3879263085208	0.0	0	0.0	1957.6466693097027	1	0	2	2.038432215644478
276148.8113436926	1000.0	808.8353256173152	0.0	0	0.0	1957.6466693097027	1	0	1	-0.15376182860531362
276768.4331081864	1000.0	1189.2135611235658	0.0	0	0.0	1957.6466693097027	1	0	1	1.1448504600627964
277372.0752069545	1000.0	1585.571462355526	0.0	0	0.0	1957.6466693097027	1	0	1	1.1448504600627964
278667.2359934697	2000.0	1290.4106758403095	0.0	0	0.0	1957.6466693097027	1	0	1	1.1448504600627964
279821.60469647223	2000.0	1136.0419728378251	0.0	0	0.0	1957.6466693097027	1	0	1	1.8379976406227416
280729.18161232676	2000.0	1228.4650569833652	0.0	0	0.0	1957.6466693097027	1	0	1	1.8379976406227416
281470.10311383044	2000.0	1487.543555479709	0.0	0	0.0	1957.6466693097027	1	0	1	1.8379976406227416
282214.26048808	2000.0	1743.3861812301382	0.0	0	0.0	1957.646669309761	1	0	1	1.8379976406227376
283200.0	2000.0	1757.646669310146	0.0	0	65.31986931891879	1957.646669309761	1	0	1	1.8379976406227376
284649.1093780926	2000.0	1308.5372912175496	0.0	0	0.0	1957.646669309761	1	0	1	1.8379976406227376
285589.4458013335	2000.0	1368.20086797661	0.0	0	0.0	1957.646669309761	1	0	1	1.8379976406227376
286383.1488571173	2000.0	1574.4978121928198	0.0	0	0.0	1957.646669309761	1	0	1	1.8379976406227376
287200.0	2000.0	1757.6466693101063	0.0	0	293.76490746060153	1957.646669309761	1	0	1	1.8379976406227376
288200.0	3000.0	1757.646669310088	0.0	0	399.30619232112076	1957.6466693098191	1	0	1	1.837997640622734
289238.88356981607	3000.0	1614.8747425124116	0.0	0	0.0	1853.7583123283111	1	0	2	1.8482924432298682
290200.0	2000.0	1653.7583123285199	0.0	0	126.39414158643922	1853.7583123283111	1	0	1	1.2392362329517406
291200.0	2000.0	1653.7583123285378	0.0	0	293.8435024342034	1853.7583123283111	1	0	1	1.8447013410599054
292200.0	2000.0	1653.7583123285472	0.0	0	116.08604766259668	1853.7583123283111	1	0	1	1.8447013410599054
293240.331578332	2000.0	1613.4267339965545	0.0	0	0.0	1853.7583123283694	1	0	1	1.8447013410599018
294200.0	2000.0	1653.758312328447	0.0	0	250.68634052103152	1853.7583123283694	1	0	1	1.8447013410599018
295200.0	2000.0	1653.7583123284687	0.0	0	82.35798629384954	1853.7583123283694	1	0	1	1.8447013410599018
296396.94475783786	2000.0	1456.8135544905538	0.0	0	0.0	1853.7583123283694	1	0	1	1.8447013410599018
297200.0	2000.0	1653.7583123284267	0.0	0	135.98190663335845	1853.7583123283694	1	0	1	1.8447013410599018
298200.0	2000.0	1653.7583123284817	0.0	0	313.2982963502873	1853.7583123284276	1	0	1	1.8447013410598982
299300.1469975099	2000.0	1553.611314818692	0.0	0	0.0	1853.7583123284276	1	0	1	1.8447013410598982
300200.0	2000.0	1653.758312328544	0.0	0	134.02499874279601	1853.7583123284276	1	0	1	1.8447013410598982
2.79	1.88	2.24	2.77	2.11	1.37	1.34	1.4	2.25	2.3	1.96	1.7	1.78	1.88	0.79	1.73	1.75	2.5	2.21	2.18	3.26	4.03	2.91	2.46	1.68	1.98	2.25	1.46	1.49	1.29	2.21	3.48	2.26	2.39	2.95	2.69	2.72	3.36	1.9	2.63	3.13	2.09	3.04	2.72	3.3	3.37	2.28	2.33	2.36	2.98	3.52	4.27	3.02	3.1	2.84	2.02	2.4	2.97	3.38	4.17	5.17	3.94	2.73	2.54	1.6	0.86	2.46	1.19	1.22	2.11	2.24	1.92	2.21	2.33	2.99	3.59	2.54	2.5	1.85	2.58	1.45	1.69	2.61	1.55	1.77	2.36	2.29	1.63	1.7	1.49	1.78	1.75	1.78	1.48	2.68	2.84	2.0	2.47	2.94	2.07	2.26	2.41	1.99	2.63	3.81	5.25	5.54	2.4	2.63	3.01	2.11	2.04	2.41	2.73	1.46	2.75	3.19	3.06	3.17	1.6	0.9	1.39	1.56	1.59	2.0	2.77	2.28	2.33	2.61	1.52	2.41	3.12	4.25	3.65	2.2	2.94	2.92	1.73	2.19	2.31	2.75	2.07	2.36	2.54	2.48	3.01	1.53	2.56	2.71	1.82	2.79	1.88	2.24	2.77	2.11	1.37	1.34	1.4	2.25	2.3	1.96	1.7	1.78	1.88	0.79	1.73	1.75	2.5	2.21	2.18	3.26	4.03	2.91	2.46	1.68	1.98	2.25	1.46	1.49	1.29	2.21	3.48	2.26	2.39	2.95	2.69	2.72	3.36	1.9	2.63	3.13	2.09	3.04	2.72	3.3	3.37	2.28	2.33	2.36	2.98	3.52	4.27	3.02	3.1	2.84	2.02	2.4	2.97	3.38	4.17	5.17	3.94	2.73	2.54	1.6	0.86	2.46	1.19	1.22	2.11	2.24	1.92	2.21	2.33	2.99	3.59	2.54	2.5	1.85	2.58	1.45	1.69	2.61	1.55	1.77	2.36	2.29	1.63	1.7	1.49	1.78	1.75	1.78	1.48	2.68	2.84	2.0	2.47	2.94	2.07	2.26	2.41	1.99	2.63	3.81	5.25	5.54	2.4	2.63	3.01	2.11	2.04	2.41	2.73	1.46	2.75	3.19	3.06	3.17	1.6	0.9	1.39	1.56	1.59	2.0	2.77	2.28	2.33	2.61	1.52	2.41	3.12	4.25	3.65	2.2	2.94	2.92	1.73	2.19	2.31	2.75	2.07	2.36	2.54	2.48	3.01	1.53	2.56
1.0	2.0	3.0	4.0	5.0	6.0	7.0	8.0	9.0	10.0	11.0	12.0	13.0	14.0	15.0	16.0	17.0	18.0	19.0	20.0	21.0	22.0	23.0	24.0	25.0	26.0	27.0	28.0	29.0	30.0	31.0	32.0	33.0	34.0	35.0	36.0	37.0	38.0	39.0	40.0	41.0	42.0	43.0	44.0	45.0	46.0	47.0	48.0	49.0	50.0	51.0	52.0	53.0	54.0	55.0	56.0	57.0	58.0	59.0	60.0	61.0	62.0	63.0	64.0	65.0	66.0	67.0	68.0	69.0	70.0	71.0	72.0	73.0	74.0	75.0	76.0	77.0	78.0	79.0	80.0	81.0	82.0	83.0	84.0	85.0	86.0	87.0	88.0	89.0	90.0	91.0	92.0	93.0	94.0	95.0	96.0	97.0	98.0	99.0	100.0	101.0	102.0	103.0	104.0	105.0	106.0	107.0	108.0	109.0	110.0	111.0	112.0	113.0	114.0	115.0	116.0	117.0	118.0	119.0	120.0	121.0	122.0	123.0	124.0	125.0	126.0	127.0	128.0	129.0	130.0	131.0	132.0	133.0	134.0	135.0	136.0	137.0	138.0	139.0	140.0	141.0	142.0	143.0	144.0	145.0	146.0	147.0	148.0	149.0	149.0	150.0	151.0	152.0	153.0	154.0	155.0	156.0	157.0	158.0	159.0	160.0	161.0	162.0	163.0	164.0	165.0	166.0	167.0	168.0	169.0	170.0	171.0	172.0	173.0	174.0	175.0	176.0	177.0	178.0	179.0	180.0	181.0	182.0	183.0	184.0	185.0	186.0	187.0	188.0	189.0	190.0	191.0	192.0	193.0	194.0	195.0	196.0	197.0	198.0	199.0	200.0	201.0	202.0	203.0	204.0	205.0	206.0	207.0	208.0	209.0	210.0	211.0	212.0	213.0	214.0	215.0	216.0	217.0	218.0	219.0	220.0	221.0	222.0	223.0	224.0	225.0	226.0	227.0	228.0	229.0	230.0	231.0	232.0	233.0	234.0	235.0	236.0	237.0	238.0	239.0	240.0	241.0	242.0	243.0	244.0	245.0	246.0	247.0	248.0	249.0	250.0	251.0	252.0	253.0	254.0	255.0	256.0	257.0	258.0	259.0	260.0	261.0	262.0	263.0	264.0	265.0	266.0	267.0	268.0	269.0	270.0	271.0	272.0	273.0	274.0	275.0	276.0	277.0	278.0	279.0	280.0	281.0	282.0	283.0	284.0	285.0	286.0	287.0	288.0	289.0	290.0	291.0	292.0	293.0	294.0	295.0	296.0	297.0
5474.570678688548
